656,149,196,184
664.3,141.4,180.2,181
664.5,140.5,185.6,177.7
665.3,134.1,172.7,176.1
667.7,130.2,171.8,170.8
665.1,125.6,174.7,172.2
661.8,122.5,180.6,180.9
662,119.1,180.7,182.9
659.8,123.8,179.7,182.6
660.6,121.6,179.5,181.9
664.7,126.2,175.6,175.2
669.4,132.6,173.9,172.8
667.1,133,179.4,170.7
666.2,135.4,184.3,171.5
666.1,140.6,189.1,169.2
670.6,140.9,186.5,175.1
673.2,138.8,186.3,185.7
673.2,139.9,190.1,185.2
676.8,143,184.3,186.1
672.3,146.8,182.5,187.3
667.4,149.5,188.5,191.7
664.1,158.5,186.6,184.1
664.3,163.6,185.4,179.6
656.1,167.5,194.4,179.1
657.6,173.5,192.5,173.4
653.2,176.9,189.6,175
650.2,185.1,191.8,180.3
645.2,192.9,193.7,178.8
642.7,197.4,193.9,178.8
640.7,206,202.5,173
636.4,211,202.5,173.7
632.5,215.9,200.4,174.1
632.2,222.8,206.3,172.5
629.4,225.7,209.3,169.3
628.1,221.5,204.7,172.6
629.9,226.2,202.6,175.7
628.6,230.2,202.5,176
642.4,233,193,176.2
644.8,230.5,193.7,168.1
646.5,229.7,194.6,176.4
644.5,225.4,197.4,177.7
646.6,220,193.3,174.2
647.8,213.8,188.6,170.9
634.6,213,188.7,170.9
632.7,205.4,187.6,188
631.1,214.5,190.6,185.6
621.4,217.6,192,188
616.6,224.9,186.2,190.9
608.6,224.9,187.7,182.9
616.1,217.6,180.2,179.8
613.4,212,178,186.1
615.8,182.8,182.6,194
605.4,181.4,186.6,195.6
611.2,182.7,182.6,187.4
613.3,185.6,178.5,189
619.1,185.6,166.3,186.8
617.7,187.7,165.6,193.9
621.2,221.5,165.6,193.9
624.9,190.8,156,202.8
620.2,203.6,157.7,201
624,209.7,157.7,201
622.7,213.5,157.7,201
623.2,223.7,159.7,187.9
626.8,224.3,159.7,187.9
627.4,225,157.6,184.8
630.5,199,157.6,184.8
631.5,209.3,157.4,195.8
632.3,222.3,157.4,195.8
631.8,231.1,158.3,197.2
631.5,204.6,158.3,197.2
570,556.2,196.5,162.8
571.9,566.1,201.6,152.9
572.8,570.8,197.9,148.2
580.5,578.8,193.7,140.2
585.2,585.4,192.1,133.6
593.1,593,184.7,126
601.6,596.4,178.6,122.6
608.3,605.2,172.9,113.8
611.7,610.1,169.2,108.9
617.5,612.8,157.9,106.2
615.5,613.5,156.9,105.5
619.1,614.2,154.8,104.8
621.3,614,151.7,105
616.9,615.6,153.5,103.4
617.5,614,153.7,104.6
614.5,614.5,162.7,101.2
611.3,616.9,177.2,99.4
612.5,615.3,178.8,103.1
607.1,614.8,181.6,104.2
606.1,614,187.5,105
606.2,615,187.5,105
607.7,615.3,192.5,103.7
612.7,617.5,197.9,101.5
608.3,616.2,202.2,102.8
614.6,613.6,194.6,105.4
616.9,611,190.5,106.4
608.6,609.6,194.2,108.1
614.2,611.6,197.5,107.4
610.1,612.2,201.7,106.8
614,612.3,201.3,106.6
614.9,615.2,201.5,103.5
617,613.2,195.5,104.5
616.2,615.6,195.3,102.5
615.6,613.7,195.4,105.3
613.9,616.4,196.6,102.2
610.8,614.9,195.7,104.1
604.1,615.4,198.5,102.6
601.9,615.9,197,101.6
602.9,617.2,204.5,101.8
603.5,606.3,202,105.9
602.1,614.3,202.6,102.5
600.6,615.6,212.6,103.4
568.6,616.3,213.6,102.7
573.1,616.5,216.8,102.5
573.9,616.4,224.7,102.6
576.3,617.3,234.8,101.1
573.1,618.2,246.8,100.8
575.2,618.7,250.1,100.3
577.9,616.6,240.5,102.4
581.1,617,234.1,102
573.8,618.1,235.6,100.7
575.4,616.9,237.4,100.6
575.5,617.2,248.2,99.8
576.3,615.1,254.5,101.9
570.4,613.7,253,102.9
573.3,613,260.6,102.4
582.3,616.3,251.3,100.6
591.2,618.3,239,98.9
596.3,616.6,236.4,101.3
597.7,616.7,230.2,101.7
595.8,612.1,227.1,106.3
594.2,611.2,227.1,106.3
594.7,613.5,234.6,104.2
597.6,616.5,230.7,100.3
596.8,617.7,224.2,98.9
591.9,619.9,223.1,97.1
596.7,618.5,210.9,98.3
595.5,618.2,209.8,96.6
595.3,617.6,206.4,95.6
601.6,616.5,205.1,95.2
608.2,617,198.8,94.9
605.9,618.2,197.6,95.5
609.2,617.3,196.6,95.6
607.8,617.1,196.6,95.6
613.5,601.1,186.6,96.2
611.5,607.7,186.4,93.7
564.1,272.5,177.5,98
573.3,287.9,163.3,114.1
584.9,311.2,149.8,120.7
581.1,308.3,152.2,132
578.3,312.8,166.5,129.1
579.2,315.2,168.2,129.5
589.9,311,161.5,129.8
599.7,309.9,154.3,131.2
606.7,309.2,158.2,129.4
609.9,282.2,153.7,137
618,283.9,156,132.8
607.3,262.7,169.1,132
599.5,263,173.6,127.3
591.3,240,178.3,130.7
577.6,239.3,184.2,129.9
567.4,213.6,186.9,134.8
560,216.2,187.1,131.8
557.3,192.3,180.8,136
553.2,185.9,172.9,136
554.2,177.2,163.5,141.2
553.6,156.6,160.8,145.4
548.9,154.1,161.5,148
545.2,153.3,157.3,151
542.8,149.5,159.9,153.9
538.7,149.2,161.5,154.5
535.5,147.6,163.1,151.9
534.7,146.1,161.5,152.5
527.1,148.7,172.5,148.6
530.1,141.5,168.5,154.7
533.3,136.4,165.7,153.7
534.3,139.7,174.9,148.9
542.1,142.3,171.9,147.2
543.3,142,169.7,157.4
544.4,148.9,162.8,167.2
542.8,150.7,167.7,170.4
536.2,159,170.7,171.3
533.6,166,166.6,167
514.5,170.8,165.6,162.1
522.6,179.1,156.8,156.7
527.7,182.3,150.1,153
533.7,188.2,149.5,146.5
537.4,193.7,156.7,138
564.3,200.3,161.3,130
562.3,206.2,171,125.5
594.8,210.2,172.8,124.5
601.2,240,174.2,117.3
643,244.6,172.8,110
568.4,595.7,216.2,123.3
573,604.6,213.9,114.4
575.4,609.9,223.6,107.4
569.5,614.1,236.6,104.8
567.3,616.2,242.1,102.8
566.7,617.7,253.2,101.3
565.8,621.8,261.1,97.2
547.8,619.9,269.6,99.1
549.2,620.1,270.1,98.9
544.9,622.9,282.1,96.1
536.3,622.9,291.1,96.1
536.6,621.7,295.2,97.3
538.7,621.4,291.8,97.6
543.8,622.1,288.5,96.9
543.3,622.4,282.9,96.6
540.7,621.4,286.4,97.6
539.1,620.9,292.5,98.1
539,621.6,288.8,97.4
543,623.2,284.6,95.8
544.8,622.9,286.6,96.1
545.9,622.8,283.4,96.2
547.2,623.3,278.1,95.7
551.3,619.6,278.8,99.4
549.9,621.7,277.6,97.3
557.1,622.3,274.4,96.7
544.2,620.7,277.9,98.3
557.4,619.7,268.8,99.3
560,619.9,270,98.4
557.4,621.3,274.6,97.5
555.1,622.4,280.5,96.6
549.9,621.4,288.9,97.6
553.1,621,286.8,98
553.5,621.4,287.3,97.6
553.3,621,280.4,98
553.9,622.6,277.6,96.4
551.8,621.1,277.1,97.9
558.4,621.5,269.8,97.5
560.1,621.6,265.7,97.4
555.7,621.8,268.1,97.2
554.4,621.5,272.9,97.5
549.1,619.5,279.9,98.9
543.8,617.1,275.3,101.3
547.7,617.7,274.2,100.3
548.9,619,274.2,98.5
549.1,619.8,271.2,98.7
553.5,622.5,268.8,96.5
557.7,624.3,268.4,94.7
557.3,622.5,270.2,96.5
555.6,622.4,273.5,96.6
553.6,621.7,277.9,97.3
552.9,621.7,275.4,97.3
548.4,624.2,281.5,94.8
543.3,623.7,282.7,95.3
547.3,625.2,281.6,93.8
552.6,623.6,276.6,95.4
559.9,624.9,271.6,94.1
565.6,625.6,267.7,93.4
571.1,623.3,256.9,95.7
568.1,624.2,259.3,94.8
571,624.5,255.7,94.5
571,622,246.8,95.4
574.9,623,244.7,95.1
575,623,249.1,95
575,619.2,242.2,99.5
583,618.6,239.5,100.4
583,619.4,236.8,99.6
580.8,619.8,238.2,99.2
587.4,619.1,233.5,99.9
588.8,618.9,229.2,100.1
583.3,618.3,231,100.7
584.4,617.9,226.9,101.1
580.2,618.8,233.7,100.2
573.5,620.9,239.2,98.1
569.4,622.8,244.1,96.2
568.8,623.1,248.1,95.9
564.8,623.8,252.8,95.2
563,622.5,260.4,96.5
561.2,622.6,268,96.4
553.8,621.4,271.9,97.6
557.3,622.4,266.5,96.6
551.6,620.9,270.6,98.1
554,620.9,264,98.1
551.3,620.1,262.9,98.9
556.9,620.9,260.5,98.1
559,620.6,255.8,97.9
559.5,619.4,251.6,98.2
555.2,616,257.8,99.8
558.2,615.8,264.1,99.6
560.8,614.2,266.7,102.7
566.3,615.2,269.3,102.3
566.5,616.4,262.9,99.9
567.6,618.3,264,99.3
568.1,617.8,263.3,100.6
568.5,620.3,264.2,97.1
560.6,622.8,272.1,94.7
550.6,624.1,280.8,93.1
551.6,622.7,284.4,96
548.5,621.8,287,97.2
544.4,623.8,288.6,95.2
547.1,623.4,284.8,95.6
547.9,621.8,280.5,97.2
547.1,621.1,279,97.9
551.3,622.5,279.9,96.5
553.8,621.1,274.6,97.9
552.9,622.5,275.6,96.5
550.9,622.5,273.6,96.5
544.6,620.1,280,98.1
537.3,620.6,284.6,97.5
537.7,621,287.1,98
539.2,620.5,287.5,98.5
543.1,618.5,283.1,100.1
539.7,618.8,280.4,99.5
538.3,620.1,287.6,97.1
536.9,620,280.7,95.9
539.7,623.7,283.7,93.3
546.6,622.1,278.1,95.1
547.7,619.7,271.9,96.4
546.2,618.5,279.3,97.7
541.3,617.8,278.4,97.4
546.2,618.5,267.5,97.7
543,617.4,267.1,97.3
544.8,617.2,261.5,98.7
546.9,617.6,259.1,97.7
549.7,617.6,256,98
547.7,616.3,262.4,97.7
551,616.8,256,100
552.2,617.6,257.7,97.5
554,616.1,250.9,99
554.6,617.1,254.1,98.8
559,616.2,254.1,97.5
561.6,616.3,254.4,96.9
560.8,616.2,250,94.5
563.7,606.7,241.2,89
568.9,619.8,232.6,94.2
567,618.2,230.9,97.3
572.1,615.3,231.8,102.6
570.8,616.2,237.4,102.2
574.8,616.5,232.5,101.6
578.3,613.4,231.5,105.6
575.4,612.8,232.3,106.2
576.3,612.3,221.7,106.4
584.1,612.7,212.3,106.3
582.8,611.9,214,107
584.4,612.3,215.9,106.4
588.7,609.9,215.6,108.4
593.7,610.4,220.5,108.6
596.6,609.3,223.4,108.9
595.7,613.9,225.4,105.1
594.5,614.7,231.2,104.3
593.5,617.7,231.7,101.3
596.8,619.5,221.6,98.9
593.8,620.6,223.8,97.2
591.9,620.1,226.6,95.3
602.3,620.8,222.9,94.3
596,621.1,225.1,93.6
597.7,622.1,227.5,93.1
597.6,621.6,224.8,92.8
598.7,621.8,224.6,94
602.1,619.4,227.8,95.8
594.1,618.1,230,99.1
591.1,614.1,233.4,101.2
592,613.5,246,101.6
596.9,612.1,242.7,105.7
590.8,613.2,241.2,105.8
597.8,611.6,241.2,105.8
599.2,610.1,241.9,107.7
603.1,607.3,238.6,109.3
606.4,611.4,231.7,106.8
609.8,610.7,233.5,105.2
612,613.6,231.7,103.8
616.4,612.2,229.3,103.7
621.5,616.3,220.9,100.1
620.9,611.7,222.2,103.1
624.2,615.9,223.3,100
630.4,615.6,224.7,99.8
634.7,616.9,224.5,97.7
633.8,616.8,232.5,96.5
633.7,618.7,234.7,94.5
634.2,620.4,235.7,93.2
622.4,620.5,252.6,93.4
580,622.2,258.9,92.6
593.5,621.3,255.2,96
588.2,620.7,278,94
580.1,622.7,280.5,95.4
590.5,621.7,273.8,97.3
579.1,619.1,285,98.7
580.7,623.4,275.4,95.6
594,623.2,262.1,95.2
593.8,621.3,275.6,96.2
592.1,622,269.5,94.7
596.7,621.3,266.8,95.2
564.9,623,256.1,93.4
580.5,623.1,250.1,92.7
592,619.8,244.5,96.2
589.6,618.6,242.9,95.3
577.6,618.5,241.5,97.7
589,615.5,242.3,98.5
582.9,618.8,242.6,99
584.3,618.4,241.4,98.8
587.8,618.7,246.5,96.9
581.4,618.7,255.7,97
582.1,618.8,248.6,98
590,617.1,242,98.5
580.3,620.2,242.2,98.8
586.2,620.8,241.2,96.7
581.3,622.2,240,96.1
585.6,622.3,236.5,94.9
588.2,620.3,237.4,94
580.9,619.8,237,93.9
547.9,243.4,187.2,175.3
543.9,240.8,181.8,174.1
542.2,248.6,172.5,162.6
537.9,249.9,172.7,158.1
531.2,247.9,168.9,154.7
526.9,249.5,163.2,148.2
492.4,254.7,181.1,136.5
465.4,251.8,190.9,138
435.1,250.1,194.6,140.4
433.8,242.6,186.6,142.8
430.4,237.1,171.9,144.2
426.2,233.3,167.2,145.2
426.4,230.9,157,142
429.5,226.2,153.1,147.6
430.2,219.3,152,149.2
435,216.2,156.1,145.5
441.1,209.4,153.3,148.8
445.4,201.9,150.1,153.3
449,207.2,149.3,151
442.6,204.5,148.7,154
443.2,210.9,146.4,145.9
426.4,216,163.4,142.4
413.4,211.4,169.4,146
387.2,186.1,176.7,147.3
383.9,149.9,177.1,161.1
372.2,153.6,181.2,161.6
371.9,152.6,170.5,161.7
370.9,147.3,155.3,164.9
367.1,145.9,155.3,169.1
361.1,148.9,158.2,166.3
359.2,146.4,155.4,163.2
342.3,145,151.8,156.4
337.5,147.1,152.4,151.5
333.2,119.7,150.3,154.7
324.3,119.1,157.2,155.2
317.8,122.2,156.6,147.3
293.6,128.1,157.2,143
291.8,130.1,151.4,138.9
272.9,125.7,144,136.7
268.1,122.5,141.5,137.5
260.3,119.8,141.7,137.5
255.5,116.7,143.1,134.1
249.3,115.9,145.3,129.7
245.6,90.1,152,127.9
235,116.4,155.6,128.8
230.5,111.9,148.9,131.2
226.1,113.9,148.4,126.3
225.8,113.7,147.6,123.3
227.2,115,144.4,121.7
228.1,119.6,147.1,119
245.3,122.2,154.5,114.5
263.7,124.4,167.7,111.3
293.8,101.5,171.3,113.8
320.8,105.7,175.6,109.2
343,108.9,185,107.7
370.1,128.9,191.5,107.2
394.9,128.8,198.9,104.9
399.9,142.9,188.2,110.2
417.9,138.7,174,115.1
432.5,138.4,160.6,117
439.6,136.1,156.1,120.4
459.1,109.7,158.3,123.9
467.7,112.6,141.7,126.4
463.5,120.3,140.3,128.8
473.8,123.7,141.6,127.1
478.4,124.9,136.5,127.1
479.9,142.3,132.7,132.1
481.6,141.6,124.4,132.9
480.2,143.1,129.9,127.8
483.3,144,129.2,129
484.2,143.9,133.9,133.3
480.4,146.2,136.5,136.2
480.9,144.1,132.8,138.4
482.1,143.9,136.6,136.9
481.5,143.4,132.6,142.6
480.4,141.2,132.4,139.3
486,137,130,136.2
490.3,139.8,127.3,134.3
489.2,148.4,129.6,128.3
489.8,148,130.2,129.8
489.6,144.7,129.5,137
492.7,144.2,126.4,136.4
498.5,143.7,127.8,139.4
503.1,143,126.9,135.2
506,142.4,127.1,138.8
508.1,146.6,129.2,139.4
514,150.2,131.1,131.2
523.9,149.6,132.1,128.8
531.6,151.1,128,130.5
538.7,150.4,129.9,128.3
541.8,148.8,129.2,130.7
544.2,151.7,133.6,128.4
548.5,158,137,126.5
575.1,182.1,146.5,126
592.1,164.1,156.1,117.5
615.7,169.5,160.1,109.9
638.4,186.1,167.1,112.5
647.5,178.6,156.1,117.1
659.4,197.4,149,114.8
673.5,192.7,137.4,115.8
681.4,187.4,129.4,118.3
689.6,185.8,125.5,120.1
695.3,181,118.2,122
700.5,178.9,116.5,121.9
702.1,182.1,114.5,128.6
704.3,185,110.3,138
708.8,184.7,107.7,148.1
703.5,192.6,108.6,151.5
702.8,193.6,107.6,150.4
702.1,202.5,104.3,145.9
696.7,213.3,110.8,137
673.9,222.7,119.7,129
647.4,229.7,127.4,123.5
617.6,236.6,134,115.3
586.4,233.3,142.5,116.1
554,230.8,150.2,117.2
526.5,232.4,152.1,112.6
522.1,231.9,152.3,108.9
500,231.3,148.8,104.8
503.8,214.1,141,104.8
501.3,213.4,135.6,107.8
499.3,211.2,120.4,108.1
497.2,191.6,113.7,113
499.2,195,110.2,116.6
498.4,195.1,107.2,114.6
499.7,191.9,108.7,113.4
508.1,184.6,104.3,119
517.3,186.6,99.4,114.1
526.7,188.5,99,112.4
529.8,194.3,105.1,109.8
538.8,198.6,105.3,107.3
554.2,202.5,111.8,100.8
559.3,206.5,114,98.5
576.8,209.6,114.7,103.3
579.4,207.6,115.9,115.2
585.1,225.8,116.7,116.6
595.1,227.2,114.8,112.6
598.2,225.7,106.9,114.3
597.4,223.1,107.7,115.8
599.2,224.5,106.5,111.6
598.9,224.3,110,110.8
601.5,217.8,104.3,113.4
599.5,218,104.9,107.4
599.7,222.5,105.8,104.3
595.7,227.6,116.1,106.9
591.4,224.1,116.4,111.1
586.5,232.2,118.5,113.5
582,233.8,117.7,109
566.5,235.8,118.5,106.9
552.1,238.2,116.9,104.7
546.8,240.1,120.2,101.4
537.6,238,122.7,102.4
530.4,236.7,123.3,101.7
523.4,236.7,123.1,102.7
523.4,234.5,119.1,106.8
518,230.9,117.1,107.4
515,228.7,116.7,105.9
513.7,227.6,116.7,105.9
469.2,139,106.4,103.8
448.7,139.2,101.4,105.3
422.3,162.7,104.8,96.3
398.9,166.1,106.3,89.6
378.2,169.4,103.9,83.3
368.6,172.8,106.2,82.2
354.7,176.2,93.9,82.8
347.5,176.4,96.7,85
344.8,175.9,92.4,89.2
341.3,177.7,89.9,88.7
340.5,180.1,83.7,89.8
337.4,180,83,91.1
332.8,180.8,81.6,94
328.8,182.2,81,93.9
324.5,184.7,80.6,95.2
319.7,205.9,82.6,86.6
316.8,202.9,83.1,88.9
311.4,199.7,83.4,92.9
310.2,199.4,80,97.7
311.9,198.6,79.8,99.8
310.9,198.1,77.9,99.7
299,219.8,79.6,93.2
299.4,216.2,81.5,95.1
299.1,215.7,81.6,94.5
298.5,212,79.1,95.1
295.2,195.7,80.1,94.8
295.6,221.2,85.7,90.2
308.9,225.9,94.9,86.7
330.1,215,98.5,81.2
349.9,233.1,106.7,79.3
375.9,232.5,106.7,79.3
385.3,231.2,190.5,173
396.7,235.6,200.2,162.3
435.3,232.3,190.3,156.1
446.4,231.2,199.8,148.6
490.3,231.4,202.4,139.8
530.5,231.9,201.3,135.2
570.9,232.3,200.8,129.8
607.6,230.2,194.8,127.9
615.7,227,204.4,130.1
633.9,211.1,201.3,126.4
652.3,220.4,200.7,121.9
677,218.7,179.4,125.5
685.5,216.4,179.1,128
694,212.9,172,134.6
696.4,210.7,168.1,142.9
697.6,202.9,170.7,151.2
694.3,199.4,173.4,154.2
699.6,201,177.1,156
699.6,202.6,175.3,154.3
702.3,199.3,176.2,155
708.3,194,177.6,159.8
712,196.7,182.2,157.1
716,190,180.9,160.3
712.5,188.8,188.9,160.9
720.8,178,182.5,171.4
713.8,182.6,193.6,174.1
712.1,185,196.7,174.4
713.4,180.9,194.7,169.8
709.5,181.4,199.4,173.9
707.5,174.5,201.3,174
700.2,176.6,206.2,167.7
702,175.6,203.1,167.6
704.5,168.9,199.2,170.3
707.5,175,201.7,165.1
711.9,175.4,197.9,167.7
720.4,176.5,198.4,158.6
720.9,177.9,200.2,163.7
724,175.6,203.4,163.7
730.3,175.6,200.5,161.8
728.3,179.9,206.8,164.9
727.9,179.9,207.5,166.9
733.9,183.8,201.8,167.2
735.5,180.5,204.2,175.5
729.7,176,212,179.3
721.6,178.9,222.8,174.9
719.4,174.4,224.1,179.4
717.6,174.2,224.6,183.9
718.6,171.3,211,184.4
710.3,176.8,226.9,182
708.6,181.2,223.1,178.8
702.8,179.2,227.8,181.7
703.2,177.1,219.6,179.1
695,173.3,223.9,178.7
684.8,173.2,223,174.1
677.3,172.6,229.2,174.5
669.3,174.1,225.8,177.2
663,169.5,222,178.3
662.3,169,224.3,173.2
661.5,160,224.1,175
654.5,154.5,221.9,176
650.3,151.4,219.7,180.4
641,147.4,225.8,171.3
598,145.9,249.7,164.9
585.6,145.1,249,160.6
542,143.4,258.3,158.4
501.4,149.4,270,153
493,143.2,255.3,158.9
447.9,138,259.1,159.4
436.9,131.8,257,159.7
402.7,128,256.4,163.5
390.3,123.1,250.3,167.8
378.5,126.2,250.9,165.8
372.1,122.6,250.7,172.3
363.3,121.4,240.7,173.4
356.3,121.5,234.1,171.2
347,123.8,237.9,166.9
346.6,121.9,227.2,161.8
347.1,116,219.5,160.6
351,107.6,209,164.3
364.5,95.2,192.7,170.8
368.2,81.5,197.5,178.3
374.4,80.5,198.5,174.6
374.5,81.4,213.1,172.7
384.3,86.5,218.1,176.6
401,89.6,222.8,179.2
412.9,97.4,226.5,182.5
424.1,101,224.6,188.3
446.3,99.8,215.8,188.5
466.1,107,217.3,190.1
482.1,116.9,214,194.8
519.2,157.6,200.8,183.3
526.7,164.1,187.1,179.4
533.1,170.4,182.1,178.8
543.3,174.8,167,184.2
550.3,182,155.7,186.1
548.4,181.2,153.1,189.8
545.7,185.4,154.3,198.8
537.7,198.1,155.8,182.4
532.2,204.2,152.9,173.8
528.4,204.1,148.4,172.1
519.4,206.9,150.6,166.2
509.3,210.3,161.1,162
482.7,215,169.7,155.4
480.4,214.3,168.5,149.3
478.5,207,158.9,151
469.8,200.1,164.1,150
466,194.4,159.8,153.1
459.3,192.8,153.7,154.4
455.4,195.2,153.9,151.8
447.4,192.8,155.9,149.3
441.6,190.9,156.1,144.9
442.5,184.8,146.2,148.7
444.4,183.4,143,143.9
449.5,180.6,145.2,148.7
453.9,181.1,148.3,149.3
457,186.9,149.6,150.4
465.3,194.7,148.5,150.3
470.8,203.7,151.3,148
475.9,207,145.2,147.8
482.5,211.7,142.6,146
491.1,208.5,138.7,149.3
493.3,198.4,131.5,158.4
489.7,195.4,133.1,161.6
487.7,200.1,132.1,160.9
480.7,197.9,133.8,163.5
473.3,204.5,139,158.7
467.1,206.2,138.1,156.9
463.1,213.8,138.8,153.6
458.8,220.8,136.4,146.5
450.6,222.1,141.1,142.6
446.1,227.5,140.5,137.6
446.7,230.9,133.2,137.9
445.7,231.5,130.7,139.6
440.8,235.5,134.7,138.2
433.5,233.8,138.5,138.7
433.7,232.7,134.2,141.9
433.2,234.1,132.6,140.5
441.1,236.5,123.9,133.2
442.5,236.2,126.9,134.4
443.7,241.5,131.9,132.9
441.4,247,137.5,134.6
439.2,248.3,135.1,139.4
444,252.7,135.9,146.1
441.7,257,134.3,143.6
445.1,249.1,132.7,150
443.4,247.1,132.1,152
445.1,248.8,136.5,151.5
448,251.8,131.5,148.3
452.1,259.4,145.1,142.2
456.9,271.1,143.7,142.7
461.9,271.6,143.4,141.2
467.1,272.1,142.7,137.2
472.5,273.5,137.4,138.3
469.4,271.8,140.3,136.5
477.4,267.9,132,140
475.6,268.9,138.2,139.7
479.7,275,137.6,141.8
484.4,279.9,133.9,141
487.8,286,135.6,139.2
490.8,291.7,133.2,137.1
491.2,295,136.7,139.3
491.6,291.5,135.8,140.2
493.5,286.5,133.2,142.9
491.6,291.8,135.4,139
488.4,296.5,134.2,136.1
490.2,292.9,133.4,137.2
488.1,294.5,135.2,136.6
487.6,293.6,133.4,136.6
489.7,294.3,130.2,136
494.2,287,128.6,136.8
491.3,281.9,132.6,134.8
490.7,280.4,130.8,131.5
487.6,275.6,136,133.8
490.9,273.9,132.3,131
494,253,128.1,136.9
497.3,249.7,130,142.2
496.9,253.3,133.4,135.7
500.9,251.2,130.4,136.5
502.1,247.4,131.8,134.1
509.1,242.3,134.7,130.8
516.5,238.6,141.1,127
522.6,237.9,146.8,122.4
545.2,239.3,148,121.1
553.7,241.2,151.3,115.9
578.9,239.9,151.7,113.6
586,219.8,157.8,113.3
609.9,220.1,160,111.8
616.6,216.6,163.6,111.2
632.9,199.1,154.6,109.2
649.9,191.1,133.2,115.1
660.8,185.4,122.3,116.5
659.3,186.7,129.6,113
655.5,182.6,127.9,111.8
650.1,162.9,129.9,112.5
638.9,162.3,135.5,110.4
631.6,159.3,135.5,105.8
632.2,145.2,125.3,103.9
626.6,150.3,119.6,103.9
624.1,149.8,113.8,105.9
620.9,154.7,115.7,108
617.2,156.4,117.5,105
605.7,156.6,114.8,102.8
604.5,156.8,120.4,102.8
597.2,155.6,122,106
586.9,156,125.5,107.8
580.1,152,124.6,110.7
566.5,151.8,121.8,113.9
559.7,152.1,127.7,112.4
544.7,147.2,126.5,115.9
547.7,144,122.1,117.3
543.2,142.4,118.5,115.9
540,144.5,118.2,114.5
532.4,146.5,116.6,117.4
520.8,146,115.2,118.6
517.1,147,115.8,115.5
515.9,144.2,113.2,113.6
510.2,143.3,115.4,110.1
504.3,142.1,118.9,112.7
507.6,129.2,110.8,109.8
502.8,132.4,112,110.6
501.4,132.8,111.7,112.9
500.5,136,109.6,112.3
499.6,139.9,103.3,108.8
496.5,135.7,102.8,110.9
494.6,134.6,101.9,108.5
494.3,132.2,101.1,112.9
497.9,129.5,98.7,116.9
497.3,129.2,97.7,118.7
495.2,130.9,95.9,120.1
493.8,132.8,98.6,123.2
493.8,131.7,98.3,124.7
494.9,136.4,102.8,121.1
500,144,102.6,118.2
505.1,154.4,103.6,111.6
512.7,159.9,105.5,104.3
518.3,164.1,110.7,96.3
527.7,169.4,109.3,92.1
538.2,172.4,105.4,90.3
544.7,172.1,106.4,91.6
551.9,171.4,102.5,91.8
557.3,171.6,101.7,96.3
563.3,174.5,99.2,99.8
567.2,181,95.7,99.7
571.3,178,92.3,102.7
573.8,176.1,92.2,101.7
573.4,176.2,90.4,100.7
573.7,175.5,89.3,106.5
572.4,172.2,87.2,109.4
569.3,173.7,89.1,104
565.8,175.3,91.1,103.8
567,179.6,86.5,104.4
567.7,180.6,84.7,103.5
565.3,187.3,86.1,98.1
567.6,192,86.2,96.1
569.3,197.8,93.1,91.6
571.2,202.8,95.7,89.6
574.5,217.5,93.7,89.8
576.7,220.9,89.3,89.6
579.1,223.9,85.6,91.2
576.4,221.8,86.4,91.1
580.3,221.4,85.5,89.9
577.3,217.4,86,90
573.4,213.3,84.9,92.2
570.1,209.8,84.8,90.3
567.4,204.8,83.2,90.7
564.7,202.8,85.6,89.1
564.2,199.2,84,93
563,193.9,85.4,94.1
561.8,191,84.2,94.7
561.6,186.5,85.2,96.8
558.7,184.6,87.1,101.3
557.8,185.8,88.3,101.7
558.6,187.3,89.7,106.1
560.2,190.4,90.1,110.6
560.4,195.7,94.3,108.8
559.8,199.9,96.8,108.9
559.9,203.2,94.2,110.7
563.9,199.1,89.8,111.6
565.9,197.2,88.6,111.6
564.2,196.4,89.8,108.8
564.8,180.3,88.8,109.1
556.6,187.3,94.4,102.7
544.3,188.7,99.5,98.9
541.5,196,101.1,92.4
538.3,200.4,100,91.1
535.4,203.2,99.3,92.3
534,204.9,96.4,94.6
535.4,209.3,92.6,93.3
537.3,216.9,95.3,91
541.2,217,93.2,90.2
542,211.9,90.2,92.8
544.4,207,90.6,96.5
541,188.5,93.9,101
531.3,187.2,99.3,98.2
524.5,175.1,99.3,93
512,175.3,101.2,89.5
499.2,172.2,103,86.7
496.1,155.9,101,90.8
484.9,152.8,99,88.3
488.3,134.8,89,93.4
491.2,137.2,84.8,94.6
493.2,141.9,88.1,92
494.2,146.4,90.8,90.7
496.1,164.6,95.5,88.8
500.6,166.5,93.3,89.7
507.5,171,88.2,86.4
510.5,174.6,88.9,85.2
515.8,175.8,85.4,89.7
521.2,178.4,84.9,88.3
525.7,181.6,82.2,84.7
530.8,182.4,80.3,83.7
534.4,186.3,81.4,82.1
538.1,185.7,81,85.1
545.2,185.5,78.9,92.4
554.7,206.2,86.8,89.3
559.2,204.2,85.9,90.5
564.3,201.5,91,92.8
573.8,198.1,86.9,93.4
583.6,193,89.8,98.2
585.3,176,82.5,103
585.2,175.1,79.8,105.2
584.1,178,78.5,103.1
582.4,178.9,77.9,103.7
580.3,181,78.1,103.7
579.5,186.1,77.8,104.8
579.3,189.7,75.9,108
577,194,73.8,107.8
573.4,199.6,75.4,104.4
571.5,205.6,77.1,99.1
572.8,210.2,78.3,97.6
574.6,228.1,79.9,93.6
577.5,227.8,76.4,90.7
580,229.7,77.7,90.1
583.4,230,71.9,91.3
581.7,232.1,75.8,88.5
584.9,229.8,73.3,89.8
582.8,225.9,74.6,90.2
579.7,223.8,77.2,88.6
576.5,219.6,77.3,91.8
573.9,218.9,73.9,88
577,219.4,72.5,86.4
580.8,218.4,75.7,81.3
594.7,219.4,84.2,81.7
612.6,219.9,93,80.6
645.7,219.8,99.7,81.6
681,219.2,106.5,82.6
706.1,220,110.5,81.2
744.2,223.3,117.7,78.9
764.9,241.8,123.6,77.4
788.4,245.1,124.3,76
812.7,257.2,124.2,77.7
838.5,244.5,116.1,76.1
847.1,247.8,110.9,75.7
867.6,249.1,109.7,75.6
886.8,262.6,108.4,77.3
894.3,264.9,108,76.9
907.4,265,96.9,77.8
919.1,267.2,86.3,77.3
924.7,268.7,83.8,84.5
928.6,268.1,82.5,84.4
931.5,266.5,81.2,90.4
932.5,268.1,79.1,88.9
930.1,269.3,81.8,86.7
928.1,270.1,79.5,87.9
925.9,269.1,79.1,90
922.6,270.8,78,89.5
908.7,272.6,84.6,86.3
894.9,273.6,86.5,82.2
882.4,272.9,87.2,81.2
870.3,272.6,87.4,80.5
856,270.9,91.6,80.9
843.6,258.8,91,79.8
833.8,258.1,87.1,79.7
828.7,256.6,88.4,80.7
815.4,254.4,90.8,80.3
812.6,241.8,85.7,82.8
812.9,242.3,80.1,86.8
814.6,240.1,77.5,89.7
815.2,238,75.8,88.2
811,240.9,80.8,86.6
806.9,240.9,77.6,89.4
796.8,243.8,77.3,91.4
794.2,248.1,75.3,91.5
791.8,248.7,71.4,92.6
791.6,267.1,75.1,87.9
792.8,272,77.7,83.7
802.8,276.2,81.1,78.6
814.8,277.5,83.2,76.6
830.5,282.2,84.6,73.9
835.5,284.2,87.4,72.7
852.2,287.6,87.7,72.5
855.8,300.1,82.7,73
855.3,299.9,83.7,72.7
842,301.3,87.8,71.2
822.4,299.1,92.9,69.8
800.4,283,95.8,72.6
777.1,268.5,95.7,71.8
759.3,253.6,93.6,71.9
756.8,251.2,88.1,73.9
759.5,245.5,78.1,77.3
758.9,249.6,76,75.6
753.2,252.4,79.6,75.5
744.1,254.4,77.5,72.2
742.5,254.8,77.2,71.8
733.6,257,78,68.3
732.6,258.3,75.7,67.9
732.7,261.3,77.1,66.8
734.8,263.8,78.2,66.5
748.6,266.1,82.2,65.7
764.1,269.2,87.3,65
794.3,271,94.8,64.4
826.4,271,102.6,65
852.4,271.1,108.1,65.2
893.5,271.9,113.3,64.8
919.1,272.1,116.8,65.6
947.6,271.5,119.1,68.6
971.4,273.1,118,69.5
981.8,273.5,112.1,72.3
1004.5,273,109.1,72.5
1009.6,262,104.3,72.4
1017.2,266.6,99.7,72.5
1025.8,271.4,92.1,74.9
1031.6,269.6,91.7,76.2
1036.7,266,93.5,77.8
1040.6,261.3,92.2,80.6
1046.5,258.9,91,80.8
1053.2,258.2,86.3,89.2
1057.2,259.3,86.4,92
1061.5,263.1,84.8,92.2
1064.2,259.5,81.7,95.7
1062.5,257.3,80.2,93.2
1061.9,255,76.7,95.1
1058.9,255,79.2,92.9
1057.3,253,76.5,94.5
1052.7,250.6,76.4,94.7
1048.6,251.8,78,90
1048.6,252.1,78.6,88.7
1048.6,248.5,80,90.9
1052.4,248.1,77.9,89.8
1057.7,247,77.9,91.7
1058.1,252,81.8,90.2
1058.9,255,83.9,88.9
1057,258.3,80.9,86.8
1049.2,259.6,87.8,87.4
1034,261.6,94,83.8
1015.2,246.9,96.4,82.6
994.4,248.8,102.1,82.1
974,235.1,104.5,82.2
954.7,234.2,105.5,85.2
951.9,233.2,104.4,83.3
938.8,231.8,98.4,81.5
940.4,229.9,96,81.1
928.7,229.3,96.4,79.9
916.3,230.3,98,78.5
902.6,234,97.8,74.8
885.5,220.9,100.9,74
868.9,220.4,104.3,75.9
851.7,215.6,104.4,78.8
831.9,213.3,107.6,80.6
810.4,214.6,108.3,80.6
784.5,213,111.8,82.6
752.4,211,112.6,84.1
732.1,208.4,112.5,84.9
718.1,197.5,103.7,79.7
715.7,203.6,101.8,76.8
707.4,202.4,92.4,78.4
712.5,205.9,82.5,77.4
715.1,203.7,78.6,80.4
715.2,202.6,77.2,81.4
716.7,201.1,77,82.5
720.3,203.3,75.2,82.4
724.6,205.9,78.8,82.4
728.3,219.2,79.6,82.2
733.3,221.5,84.7,81.6
742.7,221,78.3,83.1
746.2,224.1,80,81.2
751.7,223.3,81.7,80.3
766.1,222.4,86.8,81.7
784.5,224.4,93.3,81.2
807.1,226,104.5,80
848.9,228.5,109.9,80.6
889.8,230.5,116.3,80.7
920.2,231.6,123.7,79.4
953.2,235.7,124.9,76.9
985.3,249.9,128.4,77.7
1010,252.9,131.3,78.9
1033.5,257.2,129.1,77.7
1044.1,254.9,119.2,80.3
1053.8,254,114.2,81
1063.1,251.1,108,81.1
1072.8,250.6,103.4,80
1085.2,248.8,111.4,80.7
1089.5,232.5,104.5,88.5
1093.5,230,100.5,88.1
1099.1,226,97.4,90.7
1105.9,224.1,92.2,92.8
1116.5,224.5,99,94.4
1120.7,226.1,98.7,99.3
1125.9,228.1,96.3,99.7
1128,227.4,94.3,102.4
1130.4,228,90.4,106.3
1130.3,234.5,86.5,101.8
1128.9,237.3,89.9,101.5
1131.7,239.8,91.7,103.4
1137.2,245.3,91.5,102.2
1138.8,261.6,92.1,98.7
1140.3,263.6,94.5,93.9
1143.2,263.7,90.3,95.1
1142.8,260.9,89.4,97.2
1145.1,256.7,85.6,101.3
1145.5,259.4,85.6,98.6
1145.9,256.6,83.5,99.7
1140,257,87.2,101.6
1136.6,260.7,87.7,99.8
1132.5,261.4,87.8,100.3
1127.7,265.1,91,95.4
1122.8,268.4,93.9,91.6
1110.6,272,94.7,89.8
1108.3,273.7,92.7,86.7
1095,275.8,93.4,84.5
1079.4,278,95.8,82
1062.9,276.9,100,81.6
1038.9,275.1,107.9,81
998.7,262.7,114.6,80.3
954.8,263.7,120.7,79.9
923.1,251.2,124.3,75.5
871.7,253.3,121.9,71.6
828.8,253.9,120.1,69.5
803.5,252,119.1,72.4
782.5,247.9,116.6,73.5
767.5,246.9,108.6,72.6
763.9,246.2,107.9,71.6
748.6,245.5,103.7,70.9
744.9,245.2,100.8,71.5
730.8,246.1,98,71.2
729.2,248.3,96,70.5
715.5,249.5,94.6,70.6
712,253.3,95.9,71.8
701.8,265.2,89.9,72.6
702.4,263.3,85.6,72.7
702.6,262.3,81.2,76.4
704.1,264.5,77.7,74.3
707.2,267.3,78.2,73.2
713.7,270.2,78.2,71.2
719.4,274.6,76.1,67.5
723,275.2,76.7,69.3
727.5,274.2,75.4,75.2
728.7,274.8,75.2,78
731,275.4,73.7,82.2
732.4,275.3,70.6,83.5
731.6,281.2,71.4,77.4
720.7,282.7,77.4,74.2
709,282.4,79.9,73.5
698.5,279.6,79.1,74.4
696.9,281.3,77.2,72.5
695.2,281.5,73.7,70.1
694.3,282.2,73.2,68.3
697.2,285.7,72.8,68.4
701,287.4,71.2,67.8
703,289.2,70.9,68.4
706.7,286.7,69.4,70.4
709.5,286.8,67.3,70.4
712.2,286,68.2,70.9
713.6,285.2,69.3,71.5
716.6,282.7,67.2,72
718.5,283.7,64.8,72.6
719.5,282.7,64.8,70.5
720.6,283.8,66.6,69.6
720.6,287,66.4,69.2
720.5,287.5,66.5,68.2
721.9,286.7,68.3,67.3
724,287.7,68,65.6
726.1,285.8,66.1,67.1
726.6,286.1,65.5,65.9
726,287.6,66.4,62.4
725.9,289.9,67,62.6
727.4,291.6,66.3,61.3
728.5,290.7,64.8,63.6
727.7,290.2,65.4,65.6
724.3,292.8,67.1,65.2
725.7,292.8,65.5,67.9
723.6,296.1,65.2,67.8
720.8,300,66.7,69
714.2,305.3,71.5,65.4
708.3,305.3,74,63.2
703.7,304.3,73.8,61.8
699.3,303.4,73.1,60.3
693.8,302.7,74.9,59.1
690.7,302.1,73.8,59.2
691,304.3,73,59.3
690.2,309.2,73,59.6
691.2,310.5,70.3,58.5
692.7,309.8,70.8,60.1
693.4,299.3,70.6,61.1
693.8,286.6,70.1,63
696.2,274.1,67,64.3
695.1,278.4,66.7,64.5
686.2,280.2,68.9,66.8
683.6,293.7,70.5,66.8
686.3,296.6,70.4,67.9
693.3,298.1,71.4,66.7
700.5,301.2,72.7,65.8
704.8,304.1,69.4,67.7
705.1,306.3,67.1,65
705,308.3,66.3,66.7
704.8,310.8,66.4,67
706.1,310.4,67.4,68
705.7,299.7,66.6,70.2
705.9,300.9,67.9,69.6
706.7,300.8,66.5,69.3
703.9,304.2,68.8,68.3
698.4,306.9,73.2,68.3
694.5,306.3,75.5,67.1
691.3,306.4,75.7,67.6
687,307.7,75.1,67.4
687.6,305.9,72.3,67.3
688.2,310.1,70.5,65
690,312.1,71.1,66.7
689.3,309.2,69.5,66.6
690.9,306.1,66.5,66.1
689.3,304.4,67.5,64.1
687.7,302.2,67.8,62.6
685.1,301,68.8,61.7
683,298.3,69.5,61.3
681.5,296.7,69.7,60.8
681.8,294.6,68.3,61.7
680.8,293.2,68.6,61.8
682.9,291.8,67.4,66.1
682.5,292.5,70.1,66.6
682.9,293.3,71.6,67.1
682.5,293.1,71.7,68.3
682,293.3,71.6,68.6
683.5,292.4,70.3,68.9
682.2,292.9,72.1,71.4
682.9,295.3,70.8,73.7
683.3,297.8,72.6,75.7
685.9,295.9,72.2,78.3
686.3,296.2,73.9,80.3
686.8,295.9,72.4,79
686.5,294.8,71.6,79.5
684.5,295.2,71.3,79.2
683.9,295.2,71.7,79.6
682.8,301.2,72.9,77.6
683.7,305.3,72.8,76.5
681.7,307.6,75.2,74.7
682.2,304.3,74,73.3
684.3,295.2,72.2,72.1
685.9,294.2,70.8,73.2
684,299.9,70.4,70.5
682.3,298.8,72.6,72.5
681.1,296.1,71.1,72.9
682.6,284,72.4,76
684.6,284.2,72.1,76.4
685.4,285,72.8,76.3
687.3,283.5,73.3,76.7
686.8,281.8,74.7,78.4
689,282.2,72.9,84.3
687.9,282.7,73.1,84
688.7,283.8,70.8,85.4
688.9,281.5,71,86.8
686.9,278.3,72,89.3
685.3,278.3,71.9,92.7
680.7,278.9,74.6,93.7
676.1,281.2,76.6,93.5
672.9,282.4,77.4,94.3
667.9,285.7,79.5,90.8
664,289.4,79.5,89.8
659.3,289.2,80.4,91.4
648.7,292,81.8,90.2
647,292.8,81.9,90.2
645.4,292.3,80.1,91.7
633.9,295.6,84.3,90.4
632.1,299.2,85.8,88
630.9,297.9,82.7,88
629.8,297.7,81.5,88
629.8,299.3,81.3,87.5
630.3,300.1,79.6,87.4
633.9,300.7,78.9,86.4
635.5,304.3,80.3,84.7
639.4,302.6,78.4,81.5
642.6,302.6,80.2,78.6
646.6,300.1,79.4,78.5
647.4,289,78,80.3
647,289.6,79.4,80.5
648.8,286.7,78.8,80.1
649,284.5,80.7,79.5
648.5,280.2,82.7,79.5
644.8,280.3,85.2,78.5
645.2,278.2,81.5,79
644.3,277.9,79.2,76.2
644.3,273.1,79.3,79.1
646.1,268.3,77.7,79.6
647.8,266.9,78.6,77.9
646,268.1,83,75.7
646.6,269.1,79.8,76.6
648.8,267.3,80.8,76.3
650,268.5,80.8,75.9
649.1,272,84.6,77.8
653.8,275.8,85.5,76.6
659.8,274.1,84.5,79.9
661.9,271.9,85.7,82.1
666.5,267.8,85.4,81.9
669.1,265.7,85,82.3
670.8,265.1,85.9,82.6
670.8,265.4,89.6,82.5
672.5,262.6,83.9,82.3
670.1,263.5,83.9,79.9
669,261.9,84,79.6
667.8,252.8,86,75.9
667.7,249.4,84.2,80.2
660.3,249.8,89.9,80.5
652.3,251.3,93.4,78.5
644.2,254.4,96.3,77.7
639.7,258.9,96.6,76.8
637.1,262.5,90.3,78.6
637,261.2,84.3,83.4
635.4,263.3,86.4,85.8
638.1,268,83.7,84.7
638.3,268.8,83.9,84.8
637.2,270.8,87.4,86.1
641.2,272.1,86,88.8
645,274.5,84.3,89
648.7,276.4,81.6,89.3
648.7,279.2,82.7,85.9
651.5,278.6,83.3,84.1
653.1,278.2,81.4,86.2
656.9,281.2,82.9,89.5
659.6,285.1,81.1,92.2
662.1,291.1,80.7,87.4
664.1,292,80.7,86
665,292.7,82.9,85.7
665,293.7,83.4,87.1
665.5,291,82.3,87.6
666.9,291.3,83.3,88.6
666.9,290.6,82.9,89.4
666,293,84.3,87.7
665.7,294.5,85.2,88.5
664.6,298.1,87.4,90
665.3,298.4,88.3,92.1
665,303.4,88.8,87.7
665.8,302.6,88.3,89
660.5,300.4,93.2,88.9
654.9,296.3,97.2,88.2
647.4,294.6,100.8,87.4
634.6,282.3,96.3,87.3
631.4,281.9,98.6,88.1
625.8,278.6,101.1,89
619.7,274.9,102.4,89.6
617.3,255.6,97.5,96.8
616.2,253.7,93.9,101.3
611.8,253.1,96.3,101.4
607.3,247.4,95.8,103.1
594,249.2,95.9,101.5
585.5,249.9,104.1,104.8
575.6,252.8,108.8,101.4
572,250.8,106.5,100.7
571.3,235.3,103.4,103
570.7,238.1,98.8,103.7
571.4,236.2,97.3,101.2
574.5,235.5,93.3,100.6
575.6,237.7,92.2,98.2
577.3,235.7,89.4,100.9
582.1,235.1,90,97.9
582.1,237,90.9,93.4
583.8,236.8,93.5,91.1
578.9,233.4,94.7,91.5
578.6,230.9,94,90.6
577.4,232.5,92,90.6
570,237.9,97.2,86.9
562.5,239.5,98.7,85
554.8,240.7,99.9,83
549.9,241.6,103.4,85.1
542.8,244,108.3,90.1
532.4,259.8,113.8,87.7
534.4,261.2,106.9,87.5
526.5,264.5,107,84.7
524.1,265.2,104.7,87.6
522.6,264.8,98.6,89.3
524.3,263.7,94.2,93.5
522.9,267.7,94.4,94.6
518.8,273.2,94.2,90.5
514.6,275.4,96.5,93.2
513.9,276.2,94.8,91
517,273.5,89.8,90.1
517.6,273.9,90.9,89.5
518.3,275.2,92.2,88.2
517.8,277.2,90.5,89.9
515.8,277.3,93.9,90.7
514.7,278.4,94.8,86.7
514.4,278.5,95.4,86.4
513.2,277.3,96.1,88.5
513.1,278.6,95.9,90.9
514.9,277.3,97.1,93.6
512.5,272.9,94.6,97.2
509.7,268.2,97.2,101.2
504,267,99.1,103
499.3,267.9,103,101.9
498,264.4,101.8,103.8
494.9,261.9,103.6,104.8
498.2,258,97.7,110
496,255.4,98.8,108.8
498.1,252.3,100.6,110.3
497.6,255.4,103.5,107.6
504.4,262.5,101.3,98.1
512.4,261.6,100.8,100.7
515,258.4,99.2,102
517,254.5,99,103
515.6,259.4,97.9,105.6
513.6,264.3,101.1,107.6
512.1,269.3,100.5,104.3
508.8,272.1,102.3,105.6
508.4,267.8,101,105
507.8,250.6,100.5,111.8
506.8,247.5,102.7,110.5
502.3,247.1,104.5,109.7
497.6,247.4,105.5,113.5
498.4,240.5,105.8,118.9
493.5,233.7,106.5,119
491.5,227,101.3,125
492.3,221.3,98.4,129.6
494,213,98.3,136.5
496.3,207.6,99,132.8
496,208.9,103.1,133.7
495.5,212.7,106.9,130.9
501.1,216.5,110.2,128.4
503.7,222.9,113.2,126.8
503.6,228.2,113.9,124.3
507,237.3,109.9,120.2
509.7,241.9,109.9,120.6
515.2,238.5,104.4,117.4
520.2,239.1,102,114.2
520.9,242.3,104.2,112.8
522,241.6,104,111.1
521.5,240.5,105.9,113.8
526.2,236.7,105,123.1
526.3,235.8,104.3,126.1
526.6,233.8,105.1,126.3
521.6,232.3,116,123.8
515.8,210.2,119.6,129.1
515.9,200,122.8,135.2
514.1,177.7,119.5,134.9
511.4,179,118.7,134
508.9,186.1,123.2,127.4
503.6,184.1,123.9,126.6
500.4,186.2,123.1,117.8
493.3,189.2,125.5,116.3
488.7,191.1,128,115.2
481.5,193.1,130.4,113.9
478.9,196.1,130.3,110.9
471.9,201.7,133.2,109.9
463.1,204.7,135.5,114.3
459.4,208.6,134.9,114
454.1,210.7,134.9,114
445,213.5,137,114.3
440.6,216.8,133.5,113.3
440.9,216.3,131.3,112.2
441.7,216.5,129.5,113.4
439,213.2,132.1,114.3
447,209.4,129.2,115.4
442.7,208.8,128.5,112.2
443.3,207.9,128.3,112.9
441.6,206.5,124,117.4
439.8,200.2,121.7,125.5
434.8,190.5,131.3,133.1
441,165.6,126.4,137.3
435.6,161.4,127.1,138.7
429.4,162.1,134.2,145.5
425.5,168.5,136.1,145.5
418.3,177.4,148.1,141.9
411.5,204.9,159.7,138.5
402.1,177.9,170.5,142.7
404.4,180.3,167.4,138.8
402.4,175.1,175.3,140.7
400.8,175.5,185.6,140.6
400.4,174.6,184.1,147
399.4,172.3,188.3,154.3
401,167.4,195.6,159.2
400.4,161.3,195.6,166
396.3,151.1,203.4,170.4
393.5,144.7,208.6,166.3
390.6,138.6,207.6,163.9
384.3,133.2,204.8,166.2
386.3,137.4,199.9,174.2
384.9,142.2,198.2,177.6
380.4,145.4,200.1,178.9
378.2,146.8,192.8,179
373.8,146.6,199.6,178.5
376.4,149.1,199.4,174.1
386.2,152,193.7,173.5
380.5,167.6,200.2,169.1
385,195.8,203.9,168.5
392.2,196.4,197.2,167.7
394.3,198.1,187,170.8
392.4,203,191.8,172.3
389.9,206.5,187.2,170.1
390.3,206.7,185.1,175.5
396.2,204.1,179.2,178.5
399.8,205.2,179.3,175.7
404.5,202.6,178.4,183.6
404.5,197,175.5,178.5
408.1,197.8,171.4,179
405.5,196.1,165.5,184.5
408.4,184.9,157,183.5
407.8,184.9,158.2,185.2
410.1,186,152.3,186
414.2,191.4,150.5,180.9
417,192.5,151.5,181.2
422.7,200.6,149.4,177.2
433.9,209,151.8,166.3
444.9,209.6,145.9,169.2
452.8,215.5,143.5,162.6
462.6,224.8,141.6,156.2
470.9,228.4,141.8,154.8
479.6,229.4,143,150.8
485.5,222.5,143.6,154.7
493.7,222.4,140.7,153.5
500.8,222.4,144.5,149
508.3,224.5,151.2,147.3
518.2,231.2,151.7,147.7
527.3,238.6,149.4,151.4
535.6,262.8,145.3,150
543.8,270.2,140.4,151.5
549.4,277.9,134.6,152.3
552.3,284.9,135,156
557.6,290.2,132,151.3
561.3,295,130.1,151.6
562.2,291.9,131.4,152.6
567.6,287.4,127.6,149.2
569.5,279.1,127.4,149.4
574,256.4,126,156.4
576.1,251.7,129.6,151
580,227,129.1,154.3
583.4,206.1,133.1,152.6
588.6,201.2,139.5,150.5
597,176.6,139.7,153.6
606.8,173.6,146.4,150.8
619.5,164.9,144.8,151.3
650.4,137.5,134,149.6
656.9,138.1,133.2,149
667.9,144.9,134.6,141.8
690,144.3,130.2,138.4
695.6,146.5,128.2,135.8
704.5,143.3,125.4,138.4
713.7,142.9,123.6,141.9
717.4,135.8,122.4,146.5
719.6,136.5,117.6,145.6
715.7,135,118.2,141.5
702.8,136.2,118.9,141
689.9,137.4,123.8,140.7
675.9,136.5,122.2,148.8
670.6,139,120.5,152
654.7,145.7,117.3,155.1
647.6,173,120.9,152.7
633.3,176.2,117.4,154.3
630.9,180.4,113.1,153.6
626.1,186.6,109.2,148.8
623.5,191.2,103.8,146.2
614.9,196.1,107,143.2
608.1,196.3,104.2,144.5
609.9,193.4,100.4,148
607.8,189.4,97.8,152.4
604.8,192.3,98.6,150.5
604.9,198.6,98.9,149.1
603.2,196.4,97.4,148.7
600.1,198.6,99.1,147.9
597.8,202.5,96.5,145.3
596.7,209.1,97.2,143.2
595.1,214.8,98,140.7
594.6,221.9,98.9,136.4
597.1,226.8,97.1,139.4
597.8,231.9,95.4,141.6
597.9,236.3,96,134.7
598,239.5,98.7,127.3
599.6,239.8,97.4,122.3
598.6,238.6,98.3,119
599.3,216.9,96.6,123.5
596.6,218.6,95.6,125.7
596,218.5,95.8,125.6
596.9,219,93.5,131.3
598.8,214.8,90.8,129.3
598.6,210.4,93.8,126.3
602.3,207.4,93.1,126.6
605.2,182.7,95.3,127.9
607.2,206.2,97,124.2
611.8,206.3,95.9,119.9
613.1,202.3,93.3,119
615.1,200.9,96.3,112.1
617.6,198.8,98.6,107.6
621.5,201.9,99.6,105.9
627.5,206.8,101,109.4
635.8,211.2,99.9,115.1
635.3,216,103.8,116.3
637.7,217.5,100.2,122.7
639.5,224.6,94.6,124.2
635.7,225,96,128.1
634.6,232.4,97.9,124.8
633.5,234,100.5,118.9
636.7,234.6,98.4,114.8
632.9,239.1,100.8,114.2
626,245.7,104.4,111.4
626.2,248.4,100,112.5
624.9,255,101.1,110.7
627.5,263.2,98.6,110.5
631.2,269.1,96.8,111.6
634.7,277.5,98.4,108.5
649.6,280.1,103.5,105.9
665.1,282,107.8,104.7
671.9,284.5,107.6,100.6
690.6,285.4,112.5,98.7
697.7,287.8,111.9,96
715.6,291.5,114.1,96.6
720.1,306.6,114.1,96.6
725.7,305.3,112.8,91.4
733.7,301.2,113.3,92.9
741.7,296.8,107.8,94.9
748.2,282.1,100.8,96.3
747.8,286.6,102.5,95.9
748.8,283.1,102,97.2
747.5,278.8,105.8,98.8
742.5,262,107.9,100.1
723.7,245.7,111.4,99.7
716,252.9,114.6,94.2
700.8,240.3,116,90.7
696.2,242.5,119.5,89.1
684.2,244.4,113.3,88
685.9,241.6,110.1,92.4
685.2,239.5,104.3,94.1
681.2,238.3,102.4,94.2
668.5,239.6,102.6,95.3
667.4,240.9,100.3,96.6
663.7,239.9,98.2,97.9
659.6,242.3,98,98.4
655.1,241.4,96.6,99.6
649.1,241.9,105,95.8
639.1,256.1,112.6,97.9
627.2,259.1,114.3,95.1
623.8,259.5,112,99.3
619.3,257.6,109.4,100.7
616.6,252,105.5,108.5
620.2,232.4,98.7,116.2
618.9,233.4,98.3,121.9
616,235.2,100.1,126.2
612.7,237.9,100.4,122.7
612.2,237.2,102.9,118.6
612.8,236.1,101.9,114
611.8,241.5,102.4,109.1
613.3,242.1,102.1,105.7
614.6,239.1,99.5,105.6
611.8,243.7,98.6,104.3
613.7,245.1,102.4,103.6
618.2,225.8,101.5,110
593.2,236.2,113.9,130.9
605.8,206.3,110.6,129.7
610.7,202.5,106.7,128.9
616.6,198.8,101.5,134.1
618,200.2,102.5,131.2
621.4,196.1,102.7,128
618.6,199.6,105.4,126.7
614.5,204.1,109,126
611.7,205.9,107.4,126.2
610,201,105.3,129.8
603.6,200.7,110.2,128.3
598.9,196.3,110.5,129.6
595.4,192.8,108.1,127.6
596.5,189.7,104.8,126
593.7,193.8,104.1,123.9
591.7,189.1,100.5,127.4
593.9,189,98.5,133.7
596.1,184.4,95.1,139.9
597.4,184,91.9,139.8
601.5,186,91.3,135.2
605.9,188.6,92.7,133.6
606,186.8,98.8,131.2
617.2,189.5,108.1,126.7
617.3,183.7,111.5,125.8
621.6,179.4,112.5,128.4
625.5,179.8,112.7,124.9
632.5,184.1,114.2,123.3
639.7,189.7,113.7,117
647.4,197.8,108.1,111.6
648.4,194.5,111.2,109.3
653.1,174.4,105.6,113.3
654.7,180.4,111.4,106.8
661.8,180.7,109.7,115.2
665.8,182.6,109.8,124.7
667.5,202.4,107.2,127.6
666.8,210.1,107.1,124.1
662.1,220.8,112.4,117.6
656.5,228.7,110.4,111.5
649.9,226,115.3,112.8
647.1,202.7,119.2,119.4
644.5,197.5,118.7,125.5
639.1,182.9,121,120.3
632.2,192.4,122.7,117.3
624,200.7,123.9,115.6
616.3,222.5,125.9,109.8
611.6,223.3,122,105.8
608.2,219.9,118.9,106.5
603.2,218.9,115.2,104.1
603.4,221.1,110.8,107.7
601.1,223.5,111.3,108.3
602,224.4,110.2,111.1
600.3,229.8,115.3,111.1
600.4,227.3,117.1,116.6
611.2,226.3,112.8,118.6
610.6,220,112.4,122.7
612.7,197.1,111.7,128.7
612.8,203.5,114.7,126
611.7,201.7,117.1,123
615.7,208.4,117,118.9
615,209.5,116,122.3
614.3,205.4,116.2,124.9
616.2,208,116.8,126.8
617.3,203.2,115.6,132.5
616.9,201.1,113.7,136.4
613,196,117.5,135.7
614.1,188.5,116.4,138.2
614.2,186.7,116.9,142.3
616.7,190,118.5,139.2
614,181.5,126.7,145.3
615.7,153,122.5,152.8
617.3,153.8,121.2,155.7
614.4,155.4,121.4,154.5
614.7,154.3,125.5,151.7
620.3,123.3,119.8,161
619.7,126.7,122.9,158.9
623.5,132.1,120.9,154.7
620.5,132.5,121.5,156.5
622.5,130.3,123.2,160.5
625.4,158.8,128.6,155.6
623.5,158.6,134.3,155.8
625.5,158.2,134.9,165.4
627.3,164.5,139.7,167.3
630.9,172.1,136.7,177.1
629.5,182.2,137.9,173.3
633.1,184.5,132.9,169.6
638.2,193.9,132.2,160.7
638.4,202.6,131.3,151.3
641.4,208.5,129,150.7
642.6,213.4,127.4,144.3
646.2,210.2,124.6,144.8
646.9,213.8,126.9,147.7
649,223.2,128.2,145.1
650,224.3,132,145.2
646.5,230.2,136.6,147.5
649.3,234.1,137.5,146.4
652.7,243.3,135.7,136.3
658.8,245.4,135.7,130.1
659.4,248.4,139.5,125.4
659.1,248.8,136.8,122.7
658,249.6,151.5,122.8
659.5,245.8,163.1,120.3
663.2,240.9,162.2,118.2
674.5,218,162.2,124.7
670.5,222,165.3,123.1
678.8,212.5,157.8,127.6
680,188.3,152,135.1
687,186.3,151.6,139.4
691.4,176,147.5,146.2
692.1,164.9,154.7,151.3
700,152.7,155.4,158.7
705.2,150.1,153.5,157
706.9,145.7,152.7,162.5
702.5,142.5,160.4,159.7
707.8,139.1,153.4,173.8
709,139.2,161.7,175.5
716,150.1,160.4,176.9
719.7,165.5,161.2,180.9
724.2,172.3,159.9,183.2
727.4,172.4,155.6,185.8
728.3,177.5,157.8,188
731.8,176.3,157.3,189.4
734.3,178.6,156.7,192.9
730.9,181,159.7,189.3
735.5,175.4,155.4,199.9
734.3,187.4,160.8,186.7
739.7,191.9,166.1,180.3
741.9,189,170,176.2
747.7,184.3,174.3,173.3
756.5,184.2,177.1,169
767.4,181.2,179.7,162.4
782.1,175.8,184.2,164.1
789.8,180.6,183.1,160.5
803.2,174.9,178.2,165.4
810,176.5,178.4,165.1
814.9,169.1,176,177.6
811.1,161.7,175.7,179.7
813.7,166.3,173.8,179.2
812.1,173.3,169.2,176.9
800,180,175.3,171.5
790.6,184.7,180.6,171.4
775.6,188.4,186.3,168.6
766.6,191,184.3,166.1
762.5,186.8,176.9,166.9
758.6,178.6,169.3,167.9
753,173.2,172.7,168.1
752.3,173,173.8,172
745.4,173.1,175.5,182.6
747.8,173.5,174.1,195.2
744.7,171.8,179.7,205.3
745.4,172.5,179.6,216.4
743.5,170.3,183.7,212
746.9,175.7,196.2,215.6
743.4,180.2,207.5,213.9
749.5,185.7,215.5,216.9
749.9,189.9,222.8,220.2
756,191.6,226.4,222
747,189.8,240.9,221.3
741.9,187,234.4,223.5
744.4,184.1,235.1,219.5
740.7,186.1,237.3,214.4
741.6,178.6,236.4,219.9
734.3,180.6,240.7,210
732.4,184,245.9,209
728.7,183.3,249.3,201.1
721.8,183.8,248.5,202.6
718.3,184.7,247,208.2
723,183.4,245.2,204
729.7,184.6,242.5,207.8
723.8,178.8,239.4,214
724.4,175.6,239.4,212
730.2,170.5,232.2,213.5
731.8,175.9,231.2,220.5
736.2,172.8,232.3,220.4
732.8,172.2,238.9,216.4
730.5,167.8,239.6,212.4
736.1,170.1,233.7,213
738,164.8,232.7,223.2
739.7,164.6,237.1,224.7
740.1,166.3,244.6,219.2
747.6,169.9,242.1,212
749.8,175.8,250.7,217.8
745.6,178.2,259.2,211.9
757.3,180.8,253.3,209.3
759.5,180.7,247.7,216.8
765.9,186.1,248.9,206.5
762.7,180.2,245.8,212.8
769.5,179.6,235.3,210.6
777.4,176.5,239.9,207.2
773.8,176.3,244.3,195
783.9,165.2,229.4,199.3
774.5,161.1,239.4,191.1
787.8,152.6,236.7,188.8
798.1,151.4,224.2,190
802.2,145,225.6,187.5
804.8,142.1,221.1,186.5
810.8,140.7,221.1,186.3
812.7,135.7,216.9,192.6
805.8,136.5,209.5,181.2
795.4,135.3,212.3,177.4
787.2,129.4,218.3,183.2
772,122.9,225.1,193
742,124.8,232.2,191.9
728.8,92,237.7,192.2
693,89.6,223.6,197.2
688,56.4,215.6,195.4
680.6,55.6,219,199.5
649,49.8,219.5,192.9
651.3,42.6,218.1,187.2
649.3,41,209.1,186.4
647.1,43.6,200.3,185
644.7,43.1,185.4,189.8
644.6,51.7,179.7,188.9
657.7,83.1,175.2,181.4
664.1,91,177.7,176.9
675.9,98,178.5,176.8
691.5,128.3,179.2,169.6
709.2,136.9,173.1,167.2
728.6,168.2,168.6,160.5
744.1,180.8,165.1,151.3
756.6,210.2,164.4,140.5
769,212.6,164.5,135.8
779,211.5,166.5,135.5
788.9,206.8,161.6,146
793.2,199.3,157.4,149.6
797.1,195.9,153.5,157
800.4,193.5,151.2,154.7
798.6,191.3,147.8,152.7
793.6,190,151.2,149.8
795.2,189.4,149.6,151.3
794.2,187.3,149.8,155.4
794.1,179.3,149.4,157.1
797.6,169.8,144.1,162
793,171,149.7,156
789.1,165.7,154.3,155.8
787.2,160.6,163.3,157.6
786.6,154,161.2,166.7
784.4,151.7,164.1,166.1
783.3,153.6,170.8,162.6
786.8,144.6,164.7,164.3
787.4,142.5,159.7,162.1
780.4,144.4,155.8,150.2
781.6,140.8,149.8,147.5
779,137.4,149.2,142.8
776.7,136.8,143.5,139.1
770.5,133,147,139
767.9,129.5,145.1,139.4
764.7,126.3,138.6,141.4
763.1,125.2,134.9,139.3
762.8,122,129.5,144.9
761.2,119.1,126.3,145.6
752.5,122.2,142.1,140.6
752.6,119,149.1,143.2
783,87.4,149.1,143.2
779.8,55.8,149.1,143.2
751.4,29.2,149.1,143.2
785.5,31.3,149.1,143.2
824.2,8.9,144.9,138.7
854.6,17.2,150.2,131.2
825,21.1,155.2,124.8
826,21.6,155.2,124.8
823.6,3.7,157.2,113.7
790.7,27.6,157.2,113.7
755.3,6.7,161.8,110.2
722,30.3,161.8,110.2
686.4,53.8,161.8,110.2
654.8,54.7,161.8,110.2
656.8,78.1,157.7,116.1
662.9,122.8,151.5,123.9
697.5,127.1,132.6,131.4
693.5,129.3,123.1,138.7
695.1,129.5,123,138.3
699.4,112.1,120.4,145
707,118,121.7,140.9
712.8,117.4,126.8,135
716.4,117.7,130.2,126.6
719.9,113.7,132.6,127.9
724,112.9,138.2,130.8
730.5,104.3,132.7,137.6
729.5,102.2,130.2,141.7
736.8,97.2,124.9,138.6
741.7,71.8,122.1,140.7
751,71.6,117.7,140.1
748,75.5,122.8,129.2
745,75.9,128.2,125.7
748,73.9,127.1,132.8
753.1,76.2,125.9,136.1
753.3,77.4,122.9,141.4
752.1,82.5,122.3,143.9
753.1,86.1,124.1,146.6
750.5,93.6,123.8,143.3
748.5,95.1,124.9,138.7
747.8,95.9,118.6,141.6
749.8,99.8,118,148.7
749.7,101,114.8,154.7
744.5,114.1,119.6,148.1
738.5,122.4,120.8,143.1
739.3,126.6,118.3,145.1
738.8,126.5,116.9,149.6
737.7,129.5,112.9,160.5
741,131.6,109.5,174.1
738.1,143.8,112,169.8
734.2,154.1,117.1,164.5
732.4,162.8,116.6,159.2
728.6,173.9,116.5,148.8
731.4,179.6,116.3,146.6
731.7,181.7,113.6,134.5
726.9,183.1,115.1,128.6
720.3,187,118.2,125.1
719.7,186.5,115.6,130.2
711.8,185.8,117,142.6
705.1,189,116.5,148.9
686.3,195.4,119.5,143.2
684.7,201.1,115.3,133.4
679.4,201.3,113.4,127.2
661.3,204.1,119.3,122.1
659.9,205,119.7,118.4
654.5,208.8,119.3,120.6
649.9,209.9,117.9,128.3
647.2,233.5,116.6,125.4
641.9,237.2,116.6,125.5
624.6,245.1,118.3,122.9
612.6,251.8,126.1,117.4
596.5,253.2,126.7,115.8
593.5,252.7,123.5,115.1
588.1,252.3,118.5,115.8
585.4,255.9,114.6,115.8
586.4,256.4,108.6,120.7
587.2,260.6,105.2,123.7
583.3,265.5,105.5,117.7
588.2,266.7,102.9,118.4
586.6,261.2,102.5,119
586.8,257.6,95.6,116.7
583.6,254.9,95.5,113.7
581.1,254.3,97,109.8
575.6,255,98.4,111.5
561.8,257.9,100.6,110.7
540.8,258.4,110.1,107.2
514.9,260.7,119.4,105
490.8,265.1,122.8,103.3
465.7,264.3,124.3,102.1
448.6,264.2,118.3,101.7
438.4,268,122.8,98.9
421,270,115.9,100.1
416.3,274.4,114.5,100.6
417.9,272.4,104.1,105.7
416.4,275.4,100.2,106.5
415.9,276.6,97.1,104.8
416.8,274,94.4,115.8
413.7,275.3,95.2,120.5
413.4,279.5,93.6,123.6
409.6,281,93.1,128.7
406.5,282.1,92.1,130.5
406.6,280.3,89.3,133.8
405.3,281.9,85.7,129.6
404.3,279.4,82.8,129.6
399,278.1,87.1,128.3
397.2,277.6,87.3,124.3
391.9,277,88,129.2
387.1,276.5,88,128.4
379,280.7,93.6,121.6
364.1,278.7,93.5,116.7
361,277.2,95.2,116.7
358,275.7,93.4,113.4
355.7,278.5,93.6,106.9
358.2,273,91,110.6
367.9,272.8,88.8,109
373.5,271.5,92.8,104.6
389.7,272,97,103.4
421.5,253.5,101.8,99.1
441.8,259.4,109.3,93.7
472.3,261.1,111.7,88.2
514.7,244.8,114.7,85.4
543.7,244,116.1,82.1
572.3,230.9,111.7,80.6
592.9,228.1,111.5,78.6
603.2,213.7,106.8,81.8
622.6,209.7,101.3,87.5
627.7,191.1,95.5,94.4
631,187.1,93.2,100.3
633.1,181.7,90.4,101.8
635.1,183.4,90.3,100.9
634.7,182.1,90,103.3
638,182.4,90.8,106.3
642.8,184.8,90.2,104.3
644.6,188.7,95.1,101.6
651.6,185.1,93.7,104.2
658.1,179.2,91.1,107.5
662.5,176.1,91.2,106.9
667.2,174.7,89.3,103
680,171.9,89.9,99.3
683.9,154.5,87.3,100.1
696.9,150.1,88.4,98.3
702.7,149.8,88.7,91.7
716,132.3,91.7,93.3
718.1,133.1,94.6,94
722.6,134,95.7,96.4
737.5,132.4,95.4,96.4
740.8,135,90.9,94.1
748.6,139.1,88,92.6
760.9,144.9,91.8,87.7
766,146.9,93.1,86.9
783.2,148,98.9,85.4
788.7,147.3,99.3,82.5
807.8,148.2,100.2,81.7
811.5,152.6,97.8,80
816.7,153.1,94.7,81.1
822.6,151.7,92.1,83.7
828.8,151.1,86.9,86.5
828.1,150.7,86.5,88.3
840.2,149,86,88.8
844.8,148.9,90.3,85.7
865.4,147.6,93.3,84.2
888.1,147.9,95.3,81.3
908.4,149.3,98.6,79.3
925.8,151.2,104.8,76.3
947.3,151.4,106.4,74.8
966.8,149.3,108.7,74.5
985.1,149.5,110,73.7
991.9,154.2,104.6,71.7
1011.3,167.5,99.8,71.9
1015.4,166.2,93,78.2
1018.2,166.3,94.1,80
1027.1,165.2,88.9,87
1035,161.5,88.5,89
1041.4,154.5,83.7,94.4
1045.5,150.4,81.5,98.7
1048.4,146.7,77.1,106.2
1052.7,143.9,75.8,111.5
1052.1,139,77.4,115.7
1056.9,131.4,75.1,121
1058.8,111.7,71.4,130.4
1059.7,109.9,71,127.3
1057.8,109.6,75.3,122.1
1056.4,109.8,76.8,118.5
1056.8,116.9,78.1,114.8
1057,118.3,78.2,115.3
1057.4,122.7,75.7,110.6
1055.8,125.7,72,111.7
1044.9,131.1,72.2,109.6
1040.1,140.5,74.5,102.2
1020.3,146,79.6,95.3
1001.5,150.2,79.6,95.3
967,170.1,79.6,95.3
918.9,152.6,79.6,95.3
870.7,160.4,82,82.9
851.2,177.7,82,82.9
869.1,177.9,82,82.9
749.5,166.5,88.5,71.8
730.2,170.6,91,65.5
714.2,175.5,90.6,63.1
702.3,177.4,89.2,62.9
700.8,177.7,89.1,64.5
688.3,177,85.1,63.1
685.5,177.5,84.6,66.6
673,178.2,82.2,64.4
669.7,188.8,85.8,66.6
656,199.8,84.1,67.9
654.4,201.1,84.6,68.8
642.6,202.8,81.5,67.7
638.1,203.6,81.1,66.6
635.2,204.6,80.4,70
630.9,206.1,80.1,72.3
620.2,217.9,75.3,73.5
617.8,218.1,75.7,75.9
611.2,216.5,69.9,78.4
614,214.3,66.7,77.6
619,213.2,65.7,76
631.4,213.4,69.1,73
641.4,203.3,71.7,68.4
646.6,202.5,70.8,68
658.5,199.3,70.5,68
664.8,185.8,70,68
677.5,184.3,69.9,67.5
679.3,171.1,68.9,66.5
682.4,158.7,65.7,70.3
687.6,156.6,65.2,73.9
688.8,153.4,65.6,75.2
689.2,150.5,66.2,76.1
686.2,150.8,68.2,76.4
675.9,149.1,66.7,79.3
673.5,155.2,66.9,78.2
662.8,160.7,65.4,79.9
653.3,177,65.1,77
652.2,180.5,64.8,76.7
641.8,182.7,64.5,75.7
634,187.3,65.1,74.4
628.1,191.3,68.7,70.1
616.3,191.8,71.5,69.4
616.4,190.1,71.7,71.5
615.3,187.5,70.8,72.5
609.9,186.3,73,73.5
607.3,174.4,73.7,71.7
606.2,170.8,70.2,74.3
606.8,156,67.3,78.1
608,150.8,67,80.4
606.7,138.9,66.3,78.5
603.4,141.7,67.8,73.9
598.3,141.8,70,72.2
595.2,139.4,70.3,70.2
590,139,71.2,71.6
585.6,153.4,72.8,73.7
585.6,152.9,67.8,78.3
587.1,154.7,66.8,83.8
586.9,157,65.3,85.5
585.2,158.4,64.3,82.5
583.6,156.9,63.7,85.2
585.7,159,63.1,89.4
586.9,173.1,60.2,90.6
596.4,177,60,87.7
584.2,190.9,59.9,87.9
592.1,189.5,63.3,87.7
592.9,176.7,63,93.5
592.2,171.8,64,94.2
590,159.6,64.3,91.4
586.8,155.9,66.2,91.8
586.4,142.4,65,94.3
584.2,139.5,66.6,92.6
580.1,139.1,68.5,94.5
569.4,144.8,71.5,94.2
554.5,154.2,80.9,85.4
548.4,157.6,86.3,80.8
531.3,161.4,88.6,78.9
518.7,161.9,92,76.1
506.4,163.2,94.1,76
501.9,164.1,95.5,74.3
484.9,164.6,93.2,77.1
471.8,165.4,89.2,76.6
471.2,166.6,88,76.7
462.2,160.2,80.8,83.1
464.5,155.8,77.3,86.7
470.6,144.2,76.8,81.8
485.7,147,78.2,79.1
498.5,149,82.7,77
513.5,150.4,86.7,72.4
526.1,153.6,91,70.2
544.1,165.9,88.1,72
547.5,167.7,89.2,72.8
553.8,171.7,87.5,73.9
571.2,174.9,86,76.3
571.1,188,88.7,78
585.5,190,89,78.9
585.3,186.6,86.4,80.4
589.3,182.6,80.5,89.3
588.2,178.9,81,90.6
603.7,174.3,81.1,92
606,172.3,79.3,94.6
605.9,169.4,77.6,95.9
606.3,169.5,79.3,94.2
607.8,171.2,77.9,99.4
606.9,170.2,79.4,104.5
603.9,169.4,79.6,110.3
599.3,170.5,82.6,110.2
595.3,168.1,87.2,110.3
586,171.7,93.5,105.7
579,173.3,97.4,106
560.7,178.9,100.9,106.9
557.4,186.3,101.9,108.4
551.2,189.4,103.4,107.3
538.1,207.6,102.7,105.6
539.7,205,105.8,107.6
536.5,207.7,104.1,108.1
536.3,208.5,106,107.7
537.7,210.8,103.6,109.5
536.4,218.2,105.5,108
536.2,220.3,106.1,109.7
536.8,223.4,104,110.8
535.6,230,108.5,108.9
530.2,233,115.9,111.9
528.6,236.4,112.6,111.1
520.7,241,117.2,112.5
516.7,244.5,116.7,113.8
512.8,246.7,119.1,117.5
504.9,251.3,122.7,115.7
501.9,253,119.5,118.2
495.5,252.5,121.3,122.7
487.3,248.3,123.3,126.4
480.1,245.2,124,125.4
476.3,236.5,123.8,135.3
473.8,231.1,123.8,135.3
458.8,227.2,122,137.1
461.7,218.7,125.5,142.1
457,197.5,126,140.2
454.6,203.8,123.7,135.5
458.6,209.2,119.1,131.6
456.4,210.9,120.1,132.3
456.2,206.6,121.6,135.8
460.9,208.6,120.1,143
463.8,216.6,124.1,141.4
465.2,225.4,127.8,143.7
468.8,232.4,131.7,142.1
470.8,232.2,127.9,144.6
475.4,238.5,123.3,138.7
472.9,236.4,127.2,137.2
450.3,232.6,129.4,141
453.7,227.8,132.8,145.9
451.4,222,133.5,144.7
427.6,220.5,133.5,144.7
427.2,200.4,141.9,136.2
424,197.4,142.2,133.8
421.3,195.6,143.3,137.3
418.4,186.8,145.8,142.6
406.8,187.4,150.6,141.1
403.5,183.2,151.5,137.8
397.7,174.6,150.4,140.5
398,144.5,149.4,155.9
396.6,144.4,152.5,153.7
389.3,142,153.5,156.9
386.9,137.5,152.1,163.6
387.2,135.8,151.9,163.1
378.1,139.1,155,159.2
372,140.8,154.3,158.6
366.8,139.3,155,156.8
358.1,148.9,158.4,149.4
350.2,148.6,160.1,151.9
330.1,153.9,160,146.3
332.5,148,155.5,143.2
321.9,142.7,158.8,143.1
313.8,117,165,141.7
312,111.4,158.4,138.2
308.5,106.4,148.3,138.7
309.7,97,143.2,139.6
318.5,92.3,141.2,138.4
322.8,91.6,146.8,136.7
332.1,96.9,146.8,136.7
353.2,100.9,152.9,132.2
355.3,104.5,154,130.3
367.2,105.5,147.6,133.5
369.5,114.3,146.9,128.5
376,110.7,145.3,130.9
371.6,110.1,147.6,130.6
380.6,104,136.8,137.9
364.5,107.2,134.6,137.7
363.7,111.4,133.7,140.3
346,121,132.9,134.1
340.1,128.3,134.8,122.9
321.8,135.1,133.1,118.5
318.2,135.8,132,117.9
319.6,138.8,129.1,113.8
318.8,134.2,130.7,111.7
321.3,123,122.4,104.1
338.5,118,130.4,103.3
343,118.9,137.7,99.2
382.7,101.8,137.7,99.2
413.5,123.9,145.1,94.3
446,129.5,148.2,93
479.7,111.2,143.3,97.7
482.4,114.9,142.2,98.9
516.8,109,136.5,100.5
526,114.2,130.5,101.3
555.5,113.8,118.5,101.9
562.1,114,105.2,102.5
565.2,114.3,96.7,104.7
569.7,116.1,94.9,102.1
575.7,115.6,88.6,103.8
578.5,118.7,82.3,106.9
577.5,140.7,80.8,100.9
570.3,138.7,86.1,99.4
556.9,134.1,87.8,99
554.6,108.9,86.8,107.3
559.4,91.3,82.8,111.2
562.7,93.3,81.4,107.5
568.4,97.6,75.6,111
570.4,104.5,72.9,116.4
572,113.8,68.6,121
571.9,121.2,66.6,120.7
573.4,128,70.4,111.9
573.6,134.8,74,106.3
576.1,136.1,76.1,105.1
579.3,141.6,78.4,98.4
585.5,149.2,78.5,95.2
585,169.2,81.8,92.3
585.8,174.9,85.2,87.9
585.8,171.8,81.8,91.2
588.7,160.2,76.8,90.5
574.6,143,79.3,91.3
576.7,122.3,78.6,96.2
578.4,119.6,78.4,99.6
572.8,120.3,79.9,99
572.1,122.1,80.8,99.7
571.9,121.7,77.1,102.4
568,119.8,79.6,100
562.9,118.7,81.6,97
557.5,115.3,83.2,96.6
543.8,109.4,89,99.9
545.2,108.8,89,104.3
545.6,123.6,86.7,107.1
547.8,129.6,82.1,99
550.1,133.6,79.6,96.5
553.4,131.9,80.6,95.9
552,131.9,78.8,93.9
547.6,136.8,79.1,87.8
548.6,143.4,79.6,84.9
545.4,144.9,80.4,83.4
547.2,145.1,79.6,88.1
548.3,140.2,76.7,94
547.1,135.7,77.6,94.5
547.9,133.4,78.7,98.7
549.4,135.3,77.3,97.5
545,139.4,77.4,97.3
541.2,140.9,78.5,96.2
538.1,137.7,80,99.3
536,139.6,82.4,96.5
529.3,142.7,83.6,97.5
528.3,143,85.5,98.1
524.5,142.3,88,94.7
522.5,137.6,89.9,93.5
520.1,139.1,93.8,88.5
518.9,143.6,94.1,86.8
516.2,148.9,94.2,85
510.9,147.9,95.5,84.3
505.6,146.1,96.9,84.1
496.1,146.9,95.1,85.3
496.4,143.2,93.5,87.1
499,140.1,93.1,96.7
497.1,137.6,92.7,102
497.5,135.1,94.3,102.5
498.5,134.6,92.1,105.4
504.5,137.2,90.1,100.5
509.8,136.3,88.4,103
513.3,136.1,88.9,106.8
522.4,144.1,95.8,103.2
523.9,147.9,92.1,110.6
528.1,159.3,91,104.2
529.1,164.8,89.9,99.7
527.7,165,87.1,95.7
528.5,164.8,83,92.4
516.7,160.2,82.6,92
520.1,159.1,80.3,96.7
515.5,161.2,80.2,101.7
516.8,161.3,85.2,103
518.7,159.5,89.5,102.3
522,155.7,94.3,102.1
524.4,147.8,99.6,105.6
530,129,99.2,107.6
530.3,105.9,97,110.2
530.9,88.3,95.3,113
527.9,72.3,96.1,111.8
524.5,68.3,99.6,112.6
519.9,63.6,103.6,112.9
512.9,59.9,110.2,115.4
508,55,116.1,117.6
494,52,116.1,124.3
494.6,57.4,114.6,128.1
490,66.7,118.8,125.1
489.1,95.2,119.6,121.1
485.3,75.5,118.6,117.2
489.7,55.3,111.9,113.2
490.2,38.2,116,116.3
483.7,40.8,116.9,118.1
485.2,42.3,115.4,115.1
487.3,43,115.6,115.1
489.8,47,121.2,106
501.9,54.3,116.4,102.9
523.5,60.4,116.9,96.8
544.4,65.3,120.2,91.5
565.7,66.3,123.3,88.5
590.5,67,120.8,89.1
599,82.2,117,88.3
599.1,79.7,111.2,97
586.5,75.9,106.9,110.6
574.2,92.1,105.7,116.6
572.5,93.5,105.3,125.4
554.5,97,108.5,119.3
539.5,103,103.9,115.5
538.4,99.9,100.9,117.8
529.1,118.9,107.3,117.3
528.7,140.1,103.3,115.9
523.5,160.4,106.7,118.9
519.9,163.9,111.3,123.5
520.1,171.3,106.7,124.8
506.8,175.6,101.9,126.3
509.3,179.7,99,129.5
509.8,187.6,99.2,125.4
503.7,190.9,105,119.3
498.2,191.9,104,116.1
496.5,196.8,101.3,109.2
494.3,200.2,100.5,110.2
495.7,192.7,100,117.2
502.5,167.7,99.3,124
506.1,170.1,97.4,124.6
513.6,167.4,98.8,123.6
527.7,146.2,102.1,122.7
542.4,146.2,107.9,121.7
559.4,152.5,112.1,111.4
567.5,153.2,106.9,109.5
575.4,151.5,108.4,111.2
586.9,149,113.8,111.6
591.1,144.1,107.5,112
597.4,148,105.5,110.8
602.3,151.2,102.3,111.1
608.2,156,102.9,112.3
611.1,163.9,103.1,106.3
618.8,169.8,107.6,102.8
621,175.8,109.7,104.9
629.5,176.7,105,109.6
632.2,181.1,104.6,113.6
633.2,187,105.4,115.9
632.6,187.9,106.1,120
629.9,190.4,103.4,126.6
629.3,190.6,99.1,134.9
628,193.7,96.7,138
626.2,195.3,90.4,134.9
625,200.3,87.7,134.3
617.2,209.1,92.7,124.9
600.4,221.1,101.3,115.2
593.3,225.7,111.6,113.6
583,246.8,119.5,109.7
568.3,244.2,118.8,107.6
563,245.5,124.5,103.3
554,250.7,127.3,98.1
548.8,255.5,121.7,97.1
546.5,254.6,113.1,99.2
544,252,106.2,103.2
538.1,254.6,109.2,105
532.8,271.1,113.4,103.7
526.4,267.6,114.1,106.9
520,272.3,117.2,104.5
512.8,269.6,116,109.4
505.3,267.7,115.5,112.6
502.2,261.4,112.3,115.8
499.9,241.5,113,119.1
494.2,243,110.7,119.3
482.6,241.8,106.1,119.9
478.6,248.9,114.4,115.4
474.9,253.2,114.1,119.6
473.7,257.5,110.9,123.3
471,262,106.1,123.9
473.4,255.1,106.7,127.4
476.7,249.9,103.4,132.1
478.9,227.8,100.9,132.3
480.5,234.9,100.9,128.4
482.6,239.1,100.1,124
485.5,239.7,99,120.4
490.6,235.1,97.1,121
491.2,216.6,103.3,123.7
493.4,211.3,106.5,127.8
498.2,204.5,100.5,129.2
500.6,201.5,101.1,133.3
501.6,202.1,106.1,132
502.5,202.6,103.3,134.5
499.4,206.2,102.4,133.8
496.5,213.7,104.3,127
493.4,218,103.3,127.2
491.8,222.9,102.7,125.2
490.6,228.3,101.9,127.6
486.7,230,103.3,126
479.7,231.1,116.3,123
487.8,227.5,113.9,121.3
496.7,227.2,114.8,115.2
504.1,228.6,114.2,112.6
510.3,231.2,118.2,109.9
518.8,233.7,117.6,108.5
526.6,234.8,118.6,103.3
544.5,219.9,126.2,98.2
566.4,223.7,129,95.9
591.8,229.4,131.5,91.9
619.5,246.3,132.6,92.6
644.8,252.6,134.4,89.8
