441,107,208,248
439.6,101.3,215.1,264.2
435.1,105.2,222.8,252.3
437.9,99.6,216.2,271.6
441.2,91.3,215,262.6
435.4,98.3,220.3,262.6
430.9,95,227.3,271.7
437.7,93.4,211.5,283.3
434.8,91.7,215.3,278.8
440,103.2,200.8,280.9
435.5,104.7,212.7,282.9
437.6,99.6,212.7,288.3
439.9,96.2,211.7,285.4
434.2,91,211.9,292.5
440.1,92.5,198.7,303.7
439.2,84.3,213.3,303.2
438.4,81.6,214.1,298.1
438.7,78.5,217.4,319.9
436.4,88.1,216,329.7
439.4,81.8,217.9,309.9
436.2,88.8,230.2,313
439,83.2,229.9,313.9
435.3,78.8,229.2,311.2
437.8,82.8,230.2,322.8
442.5,77.7,227.8,320.8
434.1,72.6,245.7,321
441,71.4,233.1,331
433,72.6,229.8,325.4
436,85.4,227.2,310.6
438.9,83.6,228.3,311.7
434.5,90,238.7,325.8
433.8,84.8,242.7,312.9
435.9,85.1,250.2,305.4
437.2,77.2,243.1,331.3
441.3,68.9,244.6,340.9
431.8,75,249.6,320.8
436.4,95.6,252,300.2
433.4,97.2,241,305
438.1,98,232.5,305.4
439.4,87.5,221.4,312.9
440.4,91.6,225.5,312.4
439.9,91,225.1,323.7
451.2,89.5,221.4,312.4
451.4,93.3,207.1,311.6
444.1,100,195.5,309.9
448.9,97.9,201.8,328.3
448.2,98.6,211.6,309.6
445.1,98.8,218.7,314.3
446.2,87.5,221.6,308.4
447.8,90.3,216.7,316.6
441.2,87.8,217.5,311.2
442,96.9,213.1,314.1
451.6,88.3,211.1,320.7
449.2,94.8,201,305.4
450.5,106.2,186.1,310
454.6,96.8,200,294.6
451.8,101.7,193.7,301.2
460.4,100.4,196.4,308.2
455.1,101.6,200.6,303.8
451.3,102.2,206.6,305
453.8,94,216.1,307.9
452.3,89.1,221.6,313.6
445.5,95.9,214.3,319.5
437.5,88.3,229.5,320.2
451.8,94.6,208.9,321.5
447.4,95.2,221.8,299.7
447.8,90.8,222.1,308.5
444.2,92.3,231.5,318.1
445.1,83,226.3,309.8
445.8,84.3,226.2,326.3
454,71.8,222.8,316.2
427.7,92.9,203.4,310.7
442.6,88,208.3,318.8
452.3,81.4,205.7,314.8
447.2,78.9,207.1,325.1
448.9,72.4,204.2,324.3
455.5,71.2,207,337.5
450.8,74.5,217.7,314.4
450.5,83.1,217.7,330
448.7,81.2,226,317
444.6,78.1,243,315.9
449,76.7,235.6,332.5
446,78.3,242.2,326.3
447.7,74.4,241,332.7
449.1,70.7,243.6,337.8
439.7,79,247.2,333.7
442,75.2,243.9,328.5
442.5,68.6,245.1,327.1
446.3,73.3,250.6,329.2
447.1,69.3,245.1,335.4
450.4,65.7,246.5,343.9
444.5,66.6,245.3,336.5
446.4,74.3,238.3,325.1
454.6,75.3,230.7,325.7
450.4,78.1,232.4,321.2
446.5,70.3,234.1,335.3
450.2,80.8,223.2,337.1
453.1,69.7,225,334.9
451.5,62.5,227.6,340.1
449.5,70.8,222,343.7
450.1,73.9,228.5,326.1
452.4,78.9,230.5,321.7
453.5,74.6,225.8,340.3
448.1,75.4,229.3,324.3
455.6,75.4,226.2,335.4
451,78,222.4,330.3
447.7,70.3,230.2,338.2
449.4,76,232.8,324.3
448.3,72.1,232.6,332.1
446.5,79.3,239.5,327.3
445,61.1,230.8,352.2
445,68.6,233.8,337
442.9,84.6,235.1,328.7
453.9,79.6,222.9,332.5
457.2,67.9,219.6,346
459.3,74.3,221.7,329.3
454.4,92.9,220.5,326.2
461.2,80.8,217.7,314.5
453.1,93.6,219.6,318.3
453.4,90.8,213.4,312.7
454.7,79.7,208.9,323
457,78.5,209.8,332
454.8,82.5,213,319.9
454.3,85.7,209.2,333.7
450.9,77.7,224.6,323.5
451.3,85.2,221.4,331
454.8,75.1,223.8,326
447.2,76.4,219,331.3
449.6,82.2,212.5,333.7
456.2,73.5,203.8,330.2
459.2,87.9,204.5,322.5
460.9,84.7,193.9,328.8
463.2,80.4,199.4,323
455.3,74.1,205.3,328.8
457.1,84.5,208.2,320.4
453.9,93.2,206.7,314.3
460.3,90.2,209.4,314.9
460.4,85.1,208.1,317.2
460.9,83.1,209.2,322.5
456.3,85.5,212.1,333.7
451,76.8,210.3,334.6
455.3,86.7,208.7,319.7
454.9,87.1,201.8,324.1
463.3,82.6,195.8,316.8
462,90.8,205.5,319.2
460.8,97.4,203.3,311.9
461.1,88.7,207.3,314.7
456.2,83.3,204.6,322.1
450.5,79.9,209.9,333
459.2,79.6,196.9,322.2
461.1,83,200.5,322.7
462.4,88,197.2,320.2
465.4,85.5,194.8,310.7
462,87.4,190.9,313.8
461.3,94.1,190.3,317.6
466.1,76.3,187.2,317.5
463.6,80,192,328.4
459.9,88.5,195.7,322.4
460.8,98.5,193.4,302.9
461.8,84.9,196.6,319.5
465.5,91,185.8,308
463.2,88.8,186.6,313.3
462.9,94.8,180.2,302.4
464.9,86.8,177.3,316.1
466.1,88.9,171.7,315.3
468.1,82.9,176.7,331.2
469.7,87.3,182,307.5
464.2,99.9,182.9,306.8
462.4,90,195.7,301.3
464.9,89.8,191.2,318.2
466.4,87,183.8,314.9
467.7,94.6,179.7,307.2
464.9,78.1,181.5,319
464.2,81.4,185.3,314.5
462.7,88.1,189.6,313.5
464.5,95.9,183,311
467.5,84.8,184.4,305.2
464.7,78.3,184.6,320.3
466.6,82.1,193.4,313.8
465.6,85.8,194.9,324.7
464.5,84.5,196.3,299.5
459.1,85.7,208.6,314.6
458.1,88.2,205.6,316.6
459.2,89.9,210.2,313.4
460.6,79.9,209.5,319
461,76.1,209.5,326.5
459,81.5,210.3,333.5
463.1,68.3,209.2,324.8
438.9,70.3,200.8,334.3
468.5,75.2,213.3,325.4
461.6,77.4,210.8,330.7
450.3,76,225.8,332.8
444.9,76.6,236.5,318.5
457.1,67.4,231.6,327.2
427.4,91.4,221.6,316.6
437.2,78,222.2,324
448.4,92.5,209.7,315.6
453,69.4,208.5,327.5
449.4,84.4,217.6,311.7
449.6,93.7,208.6,312.7
454.9,76.3,207.3,316.7
454.8,78.6,213.9,326
463.4,68.7,211.5,334.5
454,76.7,207.5,335.4
450.7,74.9,209.6,321.4
454.6,84.1,207.3,324.3
454.7,78.6,202.9,310.8
459.4,78.5,198.6,320.6
458.8,85.3,196.4,317.4
457.6,74.6,192,318
455.3,83.2,192.1,319.6
458.5,85.7,188.4,327.4
458.2,80.2,197,306.1
455.4,86.7,194.2,312.6
457.3,86.6,183.4,309.3
458.9,94.9,176.2,309
453.5,79.2,181.8,318.4
448.6,88.4,181.8,310
455.1,90.8,174.8,314.6
456.4,77.2,187.9,312.3
459.3,82.2,196.8,315.5
456.5,82,200.1,312.2
455.1,84.2,203.3,316.5
446.4,84.6,204.8,325.7
447.7,87,204.6,309.4
447.7,93.2,198.9,314.2
448.5,81.5,199.1,323.1
457.4,89,187.1,320.1
454.5,77.5,191.3,322
455.4,79.4,192,323.8
445.7,75.6,206.9,335.1
443.1,64.8,208,328.6
451.1,71.9,202.4,329.3
446.8,79.7,207.6,322.5
439.6,84,214.1,311.4
445.2,75.1,207.7,332.3
445.1,88.2,210.5,330.1
447.9,87,222.6,308.5
449.7,85,217.5,314.6
451.6,92.9,212.7,317.3
449.3,85.9,217.8,299.2
449.9,87.7,218,312.2
449.1,94.2,211.3,315.1
446.3,82,215.8,306.7
443.5,78.6,221.7,325.6
432.1,69.5,229,331
441.8,77.1,221.5,323.6
439.7,80.4,220.4,319.6
447.8,77.3,215,333.6
445.4,71.1,218.4,321.9
445.9,85.3,221.9,320.6
447.5,78.9,226.3,311.1
442.2,76.9,219.5,323.5
443.5,80.3,217.7,324.6
446.7,77.6,209.3,330
446.2,91.4,219.6,314.8
450.8,85.2,220.3,303.8
447.1,90.8,211.7,307.7
446.1,80.5,207,324.5
450.8,80.9,201.2,332
452.9,75.5,199.1,314.6
452.9,85.7,193.2,318
456.1,87.8,189.3,327.1
462.6,70.9,195.1,319.9
456.8,83.1,198.6,321.3
461,87,196.1,315.2
455.7,93.4,206.2,312.2
458.9,77.6,196.2,316.8
459.4,75,195.5,327.6
454.7,81.6,203.2,330.3
456,86.1,202.5,313.4
454.6,95.2,200.1,317.8
456.7,93.2,199.6,295.8
459.9,89.6,195.2,308.9
457.6,94,191.2,315.4
452.9,86.2,200.9,303
459,94,189,310.7
465.1,79.7,190.9,317
457.4,85.4,193.2,318.6
457.1,82.1,191.3,328
463.2,77.2,186.6,309.3
462.5,81.1,187.3,329.6
459.2,83.6,188.7,325.5
455.4,81.4,189.8,313.8
457.4,79,192.7,331
464.9,69.8,188.9,318.7
461.2,84.5,190.5,320.2
457.1,89.5,185.6,315.2
458.9,92.5,183.8,302.8
459,94.2,179.3,311.8
460.4,77.8,183.9,320
457.8,70.9,188.9,330.1
454.7,64.3,193.3,327.2
457.5,74,190.5,325.6
453.6,79.1,196.7,324.2
452.1,79.4,204,320.4
452.4,77.3,201,330.7
456,81.2,201.5,322.2
458.3,76.4,195.5,324.6
453.9,72.6,197.9,331.4
453.4,79.7,207.7,327.5
461.1,80.5,197.3,336.4
451.5,82.4,205.7,318.9
447.8,73.8,210,323.4
449.3,73.7,208.7,334.7
442.6,78.7,216.3,316.7
450.1,81.4,218.8,320.2
444.6,80.5,217.5,326.9
448.7,80.4,207.2,314.2
449.1,79.4,206,322.2
445.2,85.8,209.2,311.6
452.7,85.8,204.8,316.4
455.4,86.1,200.6,322.8
460,78,197.7,310
457.6,73.6,198.6,332.9
459.5,72.8,200.7,351.5
448.9,75.3,217.2,329.6
454.8,66.9,219.3,334.8
452.5,76.2,213.3,327.4
450.3,74.2,220.7,325.8
452,78.9,221.7,320.1
443.8,80.5,221.9,310
445.8,65.5,223,345.6
448,73.1,223.7,321.5
447.7,64.3,217.1,333
448.7,71.6,212,349
440.5,72.3,217.5,318.6
454,84.3,202.3,318.2
456,84.8,200.4,312
453.9,77,191.2,317.4
459.8,79.2,185.8,327.1
458.2,81,182.3,344.4
458.4,77.7,187.7,322.3
458.5,74,184.6,331.3
459.6,77.1,191.2,317.7
459.9,80.2,187,319.8
451.8,89.1,187.5,321.9
455.8,89.3,197,305.8
457,78.8,185,326.7
458.8,77,182.9,333.5
458.8,67.8,184.7,331.8
448.7,82.3,189.2,337
457.3,82.3,185.9,318.8
454.2,87.6,185.9,331.9
461,81.3,178.1,308.9
463.3,85.3,184,323.8
461.8,87.7,184.2,310.7
457,97.3,181.3,311
452.6,80,189.5,323.3
448,78.8,194.7,328.8
447.1,72.1,194.5,326.2
448.4,83,204.4,327.4
450.2,90,199,301.2
452.3,89.5,187.5,323.4
454,79.6,189.2,305.3
452.5,94.8,187.2,310.3
453.6,80.2,181.1,305.9
453.3,92.9,185.1,323.1
448,74.3,192.5,322.6
449.8,79.5,189.5,322.5
446.1,76.7,190.5,334.2
446.2,71.3,190,326.2
449.5,82.6,188.6,331.3
451.3,89.7,182,311.2
445.7,95.6,183.7,324.9
450.8,79.1,179.7,319.9
443.6,90.2,175.2,313.9
449.4,87.7,174.4,302.9
448,91.7,168.4,317.5
451,85.2,171.8,323.3
451.2,88.9,168.1,310.3
446.5,90.4,167.7,326.1
441.2,89.9,179,310.3
433.3,98.6,177.1,316.7
441.3,84.6,177,308.1
433.8,87.7,177.4,336.7
433,82.9,189.4,318.1
399.7,95.5,197.2,319.6
391.7,82.3,216.7,317.8
397.8,81.2,226.9,325.3
392.9,90,230.9,330.6
381.8,85.5,242.9,323.5
383.2,85.1,249.7,320.3
370.8,86.5,257.8,316.4
353.6,96.6,265.5,312.4
344.6,96.8,280.8,310.2
328.7,100.5,289.7,295.9
335.2,98.6,299.5,303.5
334.4,90.2,310.7,310.3
327,85.2,297.8,319.6
329.3,95.5,288.2,307.2
320.9,90.2,280.2,310.5
328.6,83,273.5,317.1
324.2,80,282.4,319.6
322.4,79.4,282.4,323.3
322.9,80.3,272.6,328.9
324.7,73.3,267.9,332.5
323.3,75.8,255.7,340.3
318.1,86.3,250.6,320.7
325.8,77.4,246.7,339.5
324.8,71.6,238.4,336
326,80.6,241.7,339.1
325.4,83.5,235,324.5
319,93.1,240.6,336
309.8,84.9,239.3,330.8
307.9,77.9,236.9,343.1
312,65.7,234.9,360.3
315.5,70.5,229.2,348.2
310.9,70.1,229.3,350.8
307.3,66.7,230.7,379.4
299.4,70.9,230.4,355.9
294.5,75.7,241.6,352.6
287.3,77.9,251.1,338.7
291.4,72.2,249,342.2
289,91,248.2,339.3
293.8,86.7,250.1,331.7
297.4,81.9,237.9,331.8
292.2,79.8,240.8,346.6
292.8,83.6,227.5,327.2
286.6,84.7,231.9,333.2
283.7,82.1,234.1,343.7
279.6,70.2,234.1,358
286.7,78.3,227.3,351.8
276.4,75.5,233.6,350.7
273.8,84.8,235.6,355.4
276.9,74.7,241.5,345.6
271,77,238.8,347.2
261.1,78.6,238.6,350.1
264.4,86.8,236.5,335.6
258.8,78,229.4,347
264.9,97.6,223.7,328.2
256,79.7,227.1,337.9
266,78.5,220.1,362.5
258.7,77.9,231.8,356.8
255.1,76.5,229.4,355.9
253.4,79.6,233.1,359.3
251.4,78.4,231.5,337.9
257.7,72.1,228.8,349.5
257.9,85.6,224.4,341.5
265.6,77.2,213.2,329
278.1,70.9,202.1,343.1
268.1,79.5,207.2,330.1
262.7,74.8,213.2,344.6
260.9,82.7,222.6,342.8
262.4,81.2,214.1,347.7
269.7,75.4,216,344
272.4,83.7,214.7,345.3
273.5,78.1,216,345.6
270.4,74.3,226.6,348.4
262.9,79.5,224.4,344.8
264.3,90.3,228,341.1
260.2,102.4,236.5,329
263.1,90.6,237.6,338.5
263.4,86.6,238.3,336.3
263.3,77.1,233.5,351.8
266.1,88.6,242,335.4
260.6,92,244.3,333.8
268.6,86,235.1,329.5
269.5,98.8,230.9,315.3
266.7,89.5,228.8,340.4
273,89.7,226,329.6
263.7,91.6,233.3,346.2
260.2,100.7,234.1,340.8
272.5,98.9,235.8,327.3
278.9,104.4,242.7,322.2
267.4,102,256.9,329.6
248.4,94.4,261.7,332
257.1,92.6,262.7,343.7
256.8,77.9,264.5,356.9
258.5,63.9,263.4,366.2
262.9,68.5,262.4,355
259.6,77.8,273.7,352.1
262.4,77.6,269.2,351.9
254.6,80.3,271.1,354.3
263.2,74.5,256.8,356.1
263.4,69.8,254.4,358.4
275,81,265.8,342
268.8,75.4,271.2,353.5
267.8,96.9,281.4,335.5
247.8,112.5,290.1,311.2
260.1,94.4,286.5,333.1
254.1,96.9,285.1,328.6
260.6,91.2,275.8,339.4
253.3,97.6,285.9,334
237.1,94.3,295.5,332.1
257.3,95.2,288.1,349.6
264.1,87,299.2,340.5
254.6,93.1,295.5,327.2
261.9,92.8,305,340.9
253.3,119,300.6,315.8
263.3,104.8,300.5,329.8
262.3,102.2,290.2,326.6
264.7,110.1,290.7,324.4
273.1,103.1,284,327.3
264.9,112.3,285.3,314
270.1,124.3,282.4,320.9
265.1,115.5,284.3,318.3
256.9,108.7,304.1,316.1
253.9,111.9,289,326.8
263,85.9,276.7,336
276.4,90.4,261.2,333.4
271.1,91.8,261.9,339
268.8,99,273.9,337.9
269.8,92.1,277.7,339.1
265.1,84,283.4,335.6
266.3,104.2,269.1,338.6
279,97.8,263.3,334.9
266,106.8,274.8,327.5
259.3,94.9,278.3,335
265.3,72,274.2,360
262.2,85.7,280.8,347.2
262.2,90.7,278.3,338.8
259.6,93,279.1,331.7
266,87.9,272.8,345.4
266.4,90.2,266.6,338.2
263.9,105,284.3,321.3
271,102.7,260.9,333.6
275.7,101.5,264.2,327.3
277.8,103,268.7,318.6
274.6,100.4,251.7,325.5
286.8,96.8,250,327.1
279.9,96.5,249.9,331.5
277.6,88.8,249.5,335.9
279,91.2,245.5,333.5
278.4,104.3,252.5,318
279.8,104.9,241,323.5
275.2,96.6,237.4,330.2
272.8,98.1,251.7,329.3
272.8,88.1,253.1,336.8
271.6,91.2,248.7,332.9
266.3,83,255.9,333.2
270.5,71.6,252.7,341.5
265.5,83.1,255.3,327.1
272.7,80,244.5,335.6
275.9,74.4,244,329.4
275.1,84.2,237.5,332.7
276.3,92.2,244.7,319.5
280.3,75.6,235.3,337.6
282.3,75.9,220.5,341.4
280.6,89.7,217.3,332.6
283.1,83.3,217.8,332.3
286.5,74.8,211.8,342.6
281.9,75,209.9,347.9
282.6,81,217.8,345.3
290,79.7,210.9,338.5
291.8,78.8,199.9,344.2
289.9,76.8,196.3,351.1
288.2,81,204.8,342.8
288,96.5,206.4,327.9
281.3,85.9,205,340.7
284.1,77.8,209.7,340.3
280,84.9,203.4,336.5
285.8,84.7,201.8,337.8
285.2,83.9,204.4,331.4
284,84.5,205.9,336.3
282.1,75.7,198.7,342.8
282.8,88.8,197.1,328.2
282.7,79.1,195,333.2
285.4,77.4,191.4,344.6
281.6,84.9,196,330.9
281.2,90.5,195.7,320.7
283.5,93.3,191.4,332.1
282.1,85.1,199.2,331.9
281.1,88.5,200.3,329.6
286.4,79.8,199.8,341.2
283.2,73,205.8,344.9
285.7,86.2,210.9,333.3
286.1,85.5,208.3,324.3
284.7,87.9,208.8,325.9
289.5,84.4,213.8,335.6
284.6,88.9,208.5,326.9
287.7,77.9,211.7,334.5
292.4,80.3,210.3,338.8
292.5,79.7,208.5,338.8
293.2,84,215.9,331.3
295.6,89.2,216.5,329.7
297.9,83.6,219.9,334.4
294.9,85.5,216,337.3
295.4,89.3,216.1,324.8
299.5,87,226.1,325.4
304.1,93.8,219.9,311.5
304.2,88.2,213.4,329.7
304.3,90.2,217.5,327.7
305.8,84.9,223.5,330.1
303.7,97.3,230.7,317.3
305.7,96.8,234.4,313.9
305.8,87.2,245.7,325
304,89.7,244.1,327.7
305.4,85.1,245.1,330.2
303.3,78,247.1,329.3
305,91.2,248.9,339.3
303.6,97.7,263.1,326.1
295.8,93.7,275.7,330.7
305.6,85,275.6,329.3
297.2,88,277.5,322.2
298.5,79.1,276.9,330.1
306.7,72.7,273.6,343.8
303,82.7,271.5,330.4
304.3,83.6,278.1,333.5
301,78.5,295.8,316.8
298.4,77.6,295.9,347.3
294.3,69.5,298.3,335.9
298.1,83,288.9,340.5
297.3,73.4,297.5,347.2
297.1,89.1,301.1,319.5
301.7,88.3,305.4,317.2
300,77,306,337.5
292.7,92.2,312.1,318.9
299.8,90.5,306.5,326.9
302.1,90.2,313.7,316.2
309.6,73.4,315.5,332.9
311.4,85.5,317.6,322.4
320.9,86.9,325,318.1
318.6,84.6,338,319.5
320,79.8,320.5,326.5
318.5,74,326.6,336.1
309.6,79.7,336.3,310.8
321.6,84.1,316.4,331.9
331.5,84.4,307.7,313.7
341.3,89.8,320.2,318.7
356.7,85.6,292.5,318.3
372.1,83.3,271.8,315
380.3,76.6,264.8,334.2
393.6,66.8,243.2,340.4
404.8,71.5,233.5,319.8
410.4,71.2,221,330.8
416.8,74.9,213.1,332.2
417.4,64,213.1,332.1
419.8,69.7,203.4,346.6
427.1,76.3,199.6,324.8
432.3,75.7,197.1,325.1
434.4,67.6,193,339.3
433.3,70.2,198.4,326.8
431.6,76.9,195.7,336.5
437.5,73.4,195.1,333.4
440.1,71.1,196.2,328.5
441,83.8,197.8,329.3
451,86.2,181.3,315.8
450.4,88.9,176.8,317.4
450.9,81.2,184,313.2
455.8,92,181.6,323.2
450.7,91.9,196.3,307.3
446.2,90.1,191.1,315.6
452.2,93.3,187.9,316.4
455,81.2,187.6,316.1
445.8,89.6,197,315.7
451,91,187.7,303.2
451.3,105.3,179.2,309.3
454.7,88,177.1,307.5
453.7,82.6,177,319.4
451.4,80.3,184.9,317.1
450.5,88.5,182.9,324.6
448.7,86.3,185.4,305.8
450.3,86.6,188.1,315.4
443.6,89.1,195,319.7
453.7,86.5,187.9,316.4
446.6,85.6,186.6,332
452.1,81.3,182.5,311
451.5,82.5,183.5,324.6
448.5,81.2,185,327.6
450.9,77.7,185,326.1
447.6,79.6,181.2,328.3
450.3,72.1,183,317.3
448.4,80.8,183.6,326.8
454.8,74.4,182.1,327.9
444.6,75,187.3,319
448.8,81.7,189.5,324.6
448.5,86.7,188,320.6
449.2,82.2,188.2,319.1
445.6,92.7,193.7,316.9
449.8,89.5,193.7,319.1
447.5,84.2,191.9,315.8
444.3,86,193.5,320
444.7,93,184.2,302.7
447.9,92.3,175.6,310
452.9,86.2,173.5,323.6
455.5,81.2,173.1,317
448.5,83.3,179.1,326.8
451.7,81.6,175.2,322.3
446.1,79.2,187.4,321.7
443.6,77.4,187.1,327.7
446,76,186.3,328.6
440,85.3,191.1,312.3
445.8,89.7,192,314.3
444.2,88.2,188.5,324.4
447.5,88,186.5,298.2
442.8,81.3,184.1,317.3
445.7,80.8,194,327.5
448.5,83.2,200.7,316
442.8,83.8,200.5,324.1
447.3,84.1,193,308.7
447.1,82.9,195.4,320.6
442.7,79.7,205.7,323.8
432,83.5,217,318.3
432.7,81,215.3,322.7
430.2,74.2,212.3,322.9
442.9,75.4,209.2,325.6
443.9,76.8,205,324.8
437.5,78.3,207.2,319
442.4,79.6,212.7,321.5
437.9,79.4,216,329.6
434.7,67.7,215.8,331.5
438.6,83.1,218.7,309.3
438.1,80.1,223,324.4
435.7,83,227.2,318.3
436.9,87.4,231.6,314.8
435,79.2,228.7,320.1
436.2,69,232.9,325.2
432.8,78,237.1,317
425.2,89.4,240.9,311.7
438.3,82,224,317.2
431.2,79.9,228.4,328.6
441.4,72.9,218.5,322.4
441.2,83.5,219.6,314.4
434.9,83.1,222.9,329
449.6,76.4,204.9,313.9
453.4,76.5,205.5,319.6
452.5,75.2,203.6,341.8
453.1,87,206.5,317.8
463.6,82.2,199.9,310.7
468.2,87.4,189.5,321
470.6,84.6,190.4,320.3
464.1,82.4,196.7,316.9
466.2,88.9,197.4,315.6
469,91.3,191.4,300
471.6,96.7,184,304.1
479.4,89.9,189.2,311.1
479.1,84.6,188.5,318.5
477.6,86.9,194.6,309.2
476.1,91.8,198,311.6
485.1,88.1,188.8,304.9
475.5,98.6,189.6,310.3
482.2,86.3,189.4,311.8
493,83.9,179.2,328.1
501.5,84.9,178.4,308.1
496.2,84.2,176.1,327.7
503,85,179.8,303
500.5,79.6,175.9,333.2
497.2,86.4,185.3,318.7
499.7,84.5,185.1,310.8
499.8,86.4,189.1,317.6
494,80.6,196,317.3
494.9,83.2,199.3,327.3
507.3,79.8,193.4,315.2
502.6,80.4,193.3,325.3
502.6,80.5,192.5,308.2
504.5,81.1,188.5,328.9
500.8,79.5,194.3,309.5
502.5,79.1,190.1,321
503.8,80.8,192,320.3
504.3,74.2,190.5,337.6
499.7,71.8,201.9,327.7
495,76.7,208.2,321.5
503.5,79.1,212.6,318.1
505.6,74.9,209.9,322.1
499.4,80,211.4,323.6
495.4,80.9,212.9,328.5
500.6,68.2,209.3,332.7
503.7,75.3,207.5,328.1
502.3,71.9,212.8,329
500.9,78.6,211.1,315.8
500.3,83.6,206.1,325.9
494.6,81.4,208.5,335.5
496.6,73.1,211,316
493.4,71.8,203.9,329.8
497.2,77.7,204.5,324.7
494.3,78.9,210.2,340.9
496.1,75,201.5,324.7
494.7,80.3,208.1,318.1
495.9,77.5,209.3,326.4
492.5,75.5,209.9,317.4
492,90.9,206.1,312.4
494.6,98.3,204.3,306.3
491.5,92.8,209.7,309.4
492.4,95.6,209.3,313.2
493.2,88.4,205.5,307.3
497.6,78.8,202.7,338.7
496.7,74.9,206.7,327.7
496.8,74.3,197.1,336.6
497.1,72.6,201.5,328.5
499.2,76.2,200.5,329.7
498.2,76.2,199,332.5
503.1,69.5,194.8,337.2
499.9,76.2,198.2,338
496.2,79.4,198.2,319.7
498.4,76.7,197.8,325.4
497,74.9,203.2,333.5
501.3,72.3,205.1,320.7
498.1,79.6,201.8,323.6
496.4,76.8,207.7,318.5
500.1,74.8,201.3,324.2
496.1,76,203.5,330.9
497.3,72.9,203.6,337.5
494,74.5,205.4,326.4
491.6,75.4,205.3,336.7
488.8,80.5,215.6,318
487.9,75,216.5,330.1
494,78.8,211.2,334.8
491.3,71.3,212.6,331.8
487.4,73.6,219,324.8
486.8,72.1,219.4,324.4
489.3,76.2,209.1,329.2
501.9,82.1,209.2,323
489.9,80.2,217.4,329.4
485.5,76.5,218.9,326.7
480.5,70.7,215.2,328.3
482.9,80.6,212.8,319.2
481.9,81.2,213.5,321.6
486,78.2,211.1,325.4
478.4,64.6,213.3,341.5
474.3,76,211.4,328.6
477.9,78.5,214.7,333.1
481.8,64.7,213.7,334.1
472.8,79.8,221.4,330.8
473.1,77.5,222.1,318.4
469.8,75.1,225.2,335.2
471.2,72.6,234.1,326.9
476.8,65.2,232.5,341.1
475.1,58.1,225.1,345.4
471,60.8,227.6,341.1
473.9,63.7,225.2,343.1
473.5,62.4,233.3,328
480.9,81.8,225.5,323.7
483.3,77.6,224.9,321.9
484.4,74.8,223,331.7
486.2,84.5,226.5,309.6
491.3,79.9,219.2,316
494.5,77.8,210.9,332.5
505.5,85.6,202,320.8
499.7,80.7,211.3,323.1
500,83.1,207.5,322.2
504,90.5,206.7,314.2
508.9,80.7,199.7,323.4
503.8,81,201.7,321.8
510.7,75.8,202.4,326
504.8,91.3,211.5,317
509.2,92.3,205.5,317.2
508,90.9,202.8,324.4
509.4,90.5,203.1,304.7
505.7,91.8,206.5,321.4
511.1,78.6,201.7,319.8
505.7,85.6,200.9,324.2
509.3,93.6,204.8,320.2
511.4,86.4,199.1,315.8
506.7,90.7,198.1,319.7
504.5,82.8,202.9,332
498.6,74.6,208.1,326
500.4,74.4,212.2,339
495.3,72.1,226.6,333.7
488.8,71.3,231.9,329.4
483.7,77.4,236.9,329.4
493.6,84.5,237,332.5
487.8,76.3,238.7,326.1
491.8,83.1,234,334.4
486.4,77.2,244.2,330.5
486.1,72.1,236.7,345.2
484.1,77.6,245.5,336.8
483,82.6,250.8,329.5
480.8,77.1,259.1,310.6
484.2,81.7,259.1,322.6
483.6,81.1,260.5,330.6
485.5,83.8,255.2,316.9
479.2,76.9,254,336.2
484.3,71.5,252.2,324.3
482.1,75.6,237.1,341.2
477.7,68,240.3,336.9
480,82.9,245.1,318.2
475.6,82.2,253.5,314.3
472.6,75.3,264.5,332.5
470.5,73.8,260.2,336.3
466.1,62.7,273.4,326.8
475.8,69,268.1,341
477.7,69.7,284.4,318.5
474.6,75,266.9,336.1
460.3,71.2,275.4,328.2
471.2,74.9,274,318
481.6,73.9,258.1,338.3
459.6,59.5,273,328.3
469,64.9,269.9,336.8
474.9,67.4,278.1,339.2
467.5,68.9,278.1,326.3
471.9,79.4,273.3,336.3
465.9,64.5,283.6,331
476.1,67.5,270.1,353.2
477.1,66.3,275.9,338.3
470.6,68,282.1,331.7
465.9,72,276.2,337.3
460.4,68.1,279.1,320
476.9,67.9,265.5,337.5
472.2,63.3,271.9,328.3
476.2,72.1,267.4,332.8
471.6,64.5,270.1,320.5
470.3,66.3,259.2,332.8
476.2,73.2,260.9,324.6
472.4,67,254.7,335.7
469.2,65.5,259,333.9
472.5,74.1,261.7,325.6
463.9,66.2,265.3,331.3
465.6,64.9,275.3,334.4
463.1,78.5,274.9,329.8
467.5,62,278.7,336.1
463.3,62.9,297.2,322.5
471.7,72.1,276.2,320.1
472.6,72.9,272.4,316.1
476.5,64.3,260.3,331.9
474.7,66.7,259.8,328.6
472.3,75,254.8,323.7
466.7,68.5,261.2,325.4
471.1,76.1,262.2,319.7
469.7,86.7,263.9,315.5
479,75.6,244.7,333.2
468.8,74.1,253.2,314.5
468.3,78.8,253.9,327.2
472.8,68.7,255,323.5
469.2,80.2,249.1,330
468.9,73.8,249.5,326.4
455.8,72.2,261.4,326.6
454.2,70.4,268.1,327.1
451,80.6,262,327.5
451,81.6,251.5,309.8
448.8,92.3,255.3,301.7
448.2,91.1,244.6,310.9
450.1,76.4,236.9,315.3
448.3,70.8,245.8,323.5
440.5,75.7,245.5,325.3
438.1,72.4,246.2,315.4
429.8,71.5,251.6,316.1
428,75.4,270,308
423.8,71.4,257.8,332.2
414.3,73.5,264.4,320.9
417.3,69,258.7,334.5
417.6,81.2,255.1,339
413.3,72.4,258.3,339.6
410.5,80.7,252.3,326.7
407.2,72.1,250.1,336.6
387.5,75.3,265.6,320.4
392.4,78.8,262.9,331.2
382.9,76.4,266.8,336.8
377.4,87,271.5,329.1
379.9,69.6,272.6,336.9
369.7,60.9,291.1,342.8
358.1,76.5,296.6,353.2
342.2,69.5,321.8,344.5
322.5,72,341.1,341
313.5,69.9,355.4,348.7
302.5,72.7,380.7,355.8
302.5,65.3,375.2,349.8
306.2,65.8,362,357.3
296.7,75.6,365.4,363
301.2,76.6,346.7,350.8
307.6,66.3,338.5,360.4
305.6,76.2,332.4,355.8
298.6,85.3,330,348.7
299.2,81.3,340.6,346.6
294.4,76.4,333,362.9
291.3,80.5,329.8,368.5
291.1,84.4,321.4,358.3
293.5,89.7,322.2,342.2
274,89.6,332,357.2
290.4,83.9,323.1,353.3
285.5,92.2,322.6,345.3
288.9,80.8,311.7,362.8
285.2,78.6,309.4,362.5
285.8,72.8,309.9,365.9
284.9,72.9,311,373.7
271.6,83.8,317.6,349.1
277.1,81.3,310.2,359.7
264.6,83.7,320.6,358.4
254.3,96.7,327.1,339.8
258.4,101.9,317,342.6
253.3,99.4,322.5,336.5
257.9,80.7,310.7,366.1
245,90.2,322.2,348.6
242.3,96.6,319.7,345.6
242,89.3,320.4,351
249.9,80.3,318.9,367.4
240.9,83,332.6,356.9
233.3,81.2,331.5,362.5
236.4,78.6,341.8,356.6
226,79.7,352.9,361.5
215.5,85.6,355.6,357
228.4,67.3,354.5,371.2
223.6,84.6,382.2,353.1
214.3,80.7,379.5,352.1
207.4,91.6,370,346.1
218.5,95.2,363.8,344.6
206.5,84,367.2,347.2
218.7,67.4,358.5,364.1
207.7,83.5,363.3,353
219.7,80.7,367.4,356.4
208.9,85.6,372.1,345.6
218.8,100.3,366.4,328.5
204.8,95.7,378.7,331
216.6,103.9,374.1,334
216.1,103.2,378.3,325
209.5,98.9,385.1,336
193,76.7,401,352
207.4,84.5,381.5,346.5
200.9,75.7,393.8,362
195.1,82.8,414.3,354.5
188.4,90.1,408.3,351.9
194.2,85.9,392.8,355.6
171.4,97.2,425.4,341.4
181,80.2,437,347.2
204.3,87.1,450.5,345.1
186,88.2,448.1,346.3
185.9,79.5,455.7,348.6
195.7,91.4,451.9,333
204,76.7,427.6,343.8
216.2,73.1,406,362.4
225.8,79.9,413.5,352.3
256.4,67.1,392.3,349.5
252.9,77.2,381.8,355.7
259.5,74.5,373.5,349.8
280.6,78.7,367.8,344.4
298.4,74.4,344.6,354.2
295,67.9,338.1,342.1
316.5,77.5,327.9,343.4
319,84,325.6,328.8
323.1,80.3,324.7,342.2
329.3,76.8,307.9,340.4
324.9,85.2,312.3,335.4
326.5,63.5,315.6,344.8
318.6,63,309,355.6
316.4,69.9,335.4,340.6
339.6,78.1,307.4,350.5
343.5,73.2,317.9,329.7
346.2,75,313.6,355.1
350.9,89.8,307.6,323.8
348,89.4,318.1,343.2
358,82.6,302.1,328.7
364.3,87.2,290.6,340.1
364.8,74.1,301.7,343.3
369.4,65.2,294.8,351.5
378.2,74.3,304.4,346.1
366.1,73.2,314.1,337.6
359.6,78.8,331,328.8
379.4,78.1,303,344.9
384.4,84.1,294.3,342.6
387.5,77.7,287.8,333.6
390.8,84.3,287.1,328.2
394.4,97.8,280.3,325.9
400.5,86,275,325.8
413.8,101.3,268.5,325.3
403,102.7,274.1,303.2
403.4,108.3,266.3,315.8
407.5,109.6,259.9,318.4
399.3,112.1,263.6,297.7
401.4,107.7,268.2,306.3
398.7,116.1,268.3,305.1
397.3,117.2,269.7,295.5
396.8,116.2,271.3,312.3
402.7,117.3,270.5,293.3
364.4,112,272.1,295.8
388.3,107.9,265.1,291.6
395.8,115.9,262.4,298.3
396.2,118.1,254.8,281.5
402.4,117.4,248.6,296.2
406.8,103,251.7,297.2
397.4,98,244.6,317.4
396.6,111.9,248.3,291.5
405.6,104.3,247.5,309.2
399.9,95.1,253.7,312.5
391.5,105.9,249.7,303.5
395,96.9,248.4,306.5
407.7,110,243.4,309.3
399.6,105.4,237.8,305.5
404.5,106.8,242.4,302.3
397.2,101,248.6,305.7
380.8,102.4,253.7,298.2
385.7,103.1,251.3,312
381.3,99.3,254.1,292.1
378.8,94.3,247.4,326
374.2,97,253.1,314.6
367.4,96.2,245.8,311.1
365.9,97,236.5,298.6
344.3,97.5,248.7,311.1
349,96.7,237,301
341.9,103.5,238.2,307.4
332.5,104.6,248.2,296.1
330.7,102.3,249.8,309.4
331.5,100.4,256.7,320.4
320.3,93.8,270.2,319.5
317.8,90.3,281.4,317.9
309.5,83,280.2,326
310.5,79.7,280.2,328.1
310.6,82.5,278,336.1
308,80.9,285.8,333.6
303.8,80.2,285.4,342
305.6,79.6,281.8,348.4
304.9,80.9,280.4,340.4
293.3,84.6,291.1,347
290,76.5,296.1,344.6
272.3,72.6,303.7,352.3
263.6,77.2,313.9,354.7
264.2,75.5,314.1,354.1
252,77.2,313.4,352.4
242,82.6,324.8,351.8
242.5,70.3,329,372.8
243.9,69.2,334.9,376.2
225.9,75,330.8,367.4
235.3,65.9,323.4,373
234.3,67.9,333.8,373.2
218.1,68.7,358.3,375.7
214.2,66.1,380.9,377.7
208,65,387.5,386.2
209.6,54.9,375.6,392.9
216.5,63.4,366.8,381
214.2,63.8,377.2,379.5
205.7,61.4,380.3,398.7
191.7,72.6,395.1,384.3
196.2,69.9,403.6,378.1
205.3,75,403,392.6
194.7,47.2,423.4,410.3
201.5,55.9,445.3,399.7
199.9,57.1,471.7,394.9
198.9,68.3,442.6,395.1
188.3,48.6,446.5,411.8
197.2,58.5,443.2,404.7
200.3,54.5,444.9,398.8
193,58.5,448.3,393.5
209.7,64.6,414.5,406.7
200.1,62.1,401.7,395.9
208.7,70.6,410.2,375.5
209.2,69.6,412.8,394.3
199.3,65.3,423.2,395.7
215.8,72.5,411.1,388.2
215.8,58.9,416.9,384.7
213.2,63.3,422.2,407.3
210.4,67.6,421.8,391.6
202.1,65,440.6,382
220.8,57.1,425.2,391.4
234.2,66.4,417.8,388.6
222.8,78.3,426.8,382.1
214.6,61.3,453.7,395.2
213.3,73.7,458.1,383.6
205.2,70.3,459.3,384
209.5,55.3,455.3,399.4
212.3,77.9,463.4,380.5
194.9,74.3,482.1,383.2
195.2,67.7,466.6,393.1
187.7,70.3,484,400.6
205.8,66.9,458.4,396.4
190.2,63.4,485.5,394.2
209.6,60.6,481.9,389.4
199.2,66.6,472.2,412.4
195.4,68.3,469.4,390.1
180.7,61.7,483.8,403.4
177.6,77.6,453.6,390
180.6,74.3,451.8,398.2
195.2,65.3,456.7,406.7
198.7,71.6,442,397.5
201.6,53,465,404.3
179.3,56.4,476.9,399.3
179.8,52,482.5,402.7
187.1,58.4,469.3,401.7
193.7,54.7,448.1,411.1
207.5,53.3,454.3,413.4
200.5,63.4,453,396.1
191.5,66.2,459,399.9
197.8,63.1,458.2,392.6
193.8,60.8,463.1,395.1
195.1,64.7,458.6,386.2
202.4,65.6,463.8,399.3
203,65.1,473,399.7
211.7,69.9,482,383
210.5,72.2,463.1,404.4
213.4,72.2,449,385
228,69.4,421.2,386.7
250.2,80,415.5,376.6
229.9,79.6,426.1,379.9
227.1,100,421.9,361.4
243.2,82.5,409.8,368.5
248.2,89.8,402.9,375
243.5,84.9,423.1,381.4
234.7,77.3,420.3,391
246.2,69.6,418.1,396.2
222,77.2,436.7,388.6
214.9,64.6,427,398.2
210.7,68.9,445.6,400.9
224.7,70.7,457.9,402.3
211,76,466.8,386.6
192.6,65,472.2,391.6
190.8,61.4,481.3,389.1
193.9,65.8,474.9,383
202.1,73,456,390.6
207.3,74.9,453.2,379.6
209.9,68.5,432,387.1
210,66.9,440.8,390.4
206,61,433.3,396.1
202.7,59.5,435.8,403.1
202,63.5,446.7,402.5
195.8,51.8,442.3,412.4
203.2,55.9,427.8,407.7
200.8,49.1,442.8,417.9
192,45.4,441.1,418.3
195.2,42.5,439.7,418.3
194.7,53.6,455.5,397.7
212.6,52.2,427.5,405.6
209.1,54.2,419.5,402.7
206.2,59.2,410.6,403.2
199.5,57.1,418.3,392.8
173.5,62.6,438.6,385.6
202.2,45.7,401.6,403.9
202,53.8,413.6,395.3
199.8,54.6,426.7,396.6
176.1,51.1,442,399.2
186.2,55.5,434.6,397.4
205.5,61.6,420.8,397.8
209.5,53.7,414.1,395.2
203,53.4,398.8,394
207.9,54.4,369.2,391.7
219.5,59.8,359,388.1
218.6,72.2,342.4,374.9
229.5,62,337.7,386.8
234.5,68.8,344.8,377.7
224.9,67.9,338.6,383.1
223,73,340.3,379.9
216.3,74.2,340.5,377.1
208.8,62.3,349.8,388.6
211.4,65,354.3,380.8
217.6,64.4,354.2,383.4
219.7,65,350.4,388.6
214,60.3,353.4,387.1
209.9,62.3,347.7,383.4
207.8,63.6,367.1,378.7
199.6,67.4,361.4,383.3
196.6,54.2,356.8,398.3
210.1,61.7,360.9,384.7
199.2,60.4,366.3,384.7
209.7,48,353.1,397.3
210.1,49.7,365.4,402.1
199.8,52.3,376.9,395.2
192,54.6,390.6,384.9
205.2,55.5,378.9,387
203,59.9,359.2,394
204.8,63.4,351.1,387.2
196.2,66.2,363.3,384.1
194.7,56.3,376,388.9
216.8,50.4,362.8,397.6
212.2,58.2,354.5,395.3
211.9,55.4,360,393.7
210.4,56.4,353.8,392
216.7,65.5,348.6,388
199.3,62.1,368,389.2
208.3,57.4,356.2,395.9
213.5,67.6,364.9,381.3
200.3,70.6,372,380.9
203.3,61.8,385.6,384.9
214.6,62.5,381.1,379.3
221.9,65.2,373.7,381.6
213.5,63.6,388.6,384.1
208.9,61.5,394.7,387.6
216.6,52.3,398.8,395.8
226.3,51.5,392.1,400
236.1,56.1,384.8,402.3
223.4,45.4,378.8,416.5
233,52.9,384.7,396.4
247.4,56.6,382.3,387.2
251,48.8,387.4,400.4
252,42.1,388.4,406.3
249.2,44.8,411.5,397.5
244.5,35,398.8,409.6
241.1,40.8,408.3,405.6
242.3,42.7,393.4,408.1
225.6,39.4,412.1,410.7
218.5,46,429.4,403.8
219.4,36,434.7,408.2
231.8,43,430.2,408.7
241.1,42.3,415.7,413.2
224.5,48.2,405.8,405.3
221.1,47.6,419.9,397
207.8,50.3,448.5,388.9
215.6,46.8,435.3,404.8
229.2,42.5,441.1,409.3
219.5,42.6,444.6,398.1
225.9,48.3,441.6,417.7
204.3,43.8,433.9,417.2
216.9,45.3,421.9,414.1
208.1,50.2,423.4,414.2
210.3,46,426.3,406.8
205.6,40.2,448.1,386.9
189.8,47.1,447.7,395.3
195.8,50.6,434.2,388.9
193.6,49.8,438.1,390.8
190.2,49.6,433,405.1
195,44.9,432.7,395.6
178,42,455.2,408.8
198.8,34.6,472,401.7
192.4,35.6,443.5,406.8
201.7,30.3,454.5,403.3
183.7,33.1,448.5,400.5
178.9,32.4,454.1,404.2
187.7,27.1,454.2,407.8
189.6,35.1,441.2,405.6
194.5,30.8,446.4,413.9
187,31.3,448.3,409.9
197.6,35.6,424.1,413
200.4,38.8,436.7,411.6
200.7,30.2,447.6,414.7
202.7,40.9,449.8,412
201.6,41.7,467.8,389.5
197.8,45.1,453.7,392.1
200.5,41.9,451.3,397.2
195.1,43.6,441.8,396
195,35,448.8,401.9
215.3,34.3,435.7,405.7
202.8,38.5,445.5,405.3
199.6,36.8,464.3,405.5
191.1,37.5,449.9,405.2
203.3,31.8,454,405.1
205.5,38.6,453.7,400.7
203.9,40.8,449.8,403.8
199.3,43.4,464.8,396.5
189.6,37.5,459.9,389.9
200.5,37.7,465.1,400.6
206.5,43.1,451.2,396
219.5,43.3,445.6,395.2
209.8,39.9,455.8,392.6
224.5,45.6,442.5,388.6
208.5,46.3,472.3,382.2
204,50.5,464.8,389.9
193.8,47.5,476.9,386
177.5,56.5,469.1,377.7
194,48.9,454.3,379
205,44.7,435.4,398.6
202.3,46.8,436.1,391.7
201.3,49.9,449.5,384.4
195.2,56.8,441.2,380.9
203,58.9,431.3,383.4
196.3,50.6,426.3,388.8
207.6,44.5,408.1,391.1
201.9,55.4,405.2,387.2
205.6,60,419.4,384.2
204,48,414.3,384.8
218.8,46.9,401.1,396.6
212.3,44.8,417.3,399.9
195.3,42.8,417.8,400.4
194.3,41.5,422.7,391.4
190.4,49,403,398.2
201.8,44,396.2,397.9
194.8,48.2,411.6,387
184.7,53.1,412.8,383.4
181.4,49.9,406.7,389.7
186.1,50.9,408.2,384.4
183.7,51.9,414.1,381.8
184.9,47.7,406.5,394.7
187,37.6,404.8,398.8
187.7,41.3,392.9,393.1
192.5,43,387.9,401.8
178.9,49.9,381.3,397.9
168.5,53.8,389.8,392
176.8,55.2,375,392.8
169.7,47.8,370.9,387.7
168.4,50.8,381.3,385.6
156.2,52,379.4,388.5
136.6,46.7,386.3,389.2
141.4,53.6,396.8,380.7
143.8,47.2,378.5,393.6
163.3,45.4,356.4,398.3
161.6,57.3,358.6,380.7
167.3,66.2,364.2,379.1
160.7,65.1,351.5,373.8
175,65.1,348.3,373.7
164.1,69.3,352.5,374.5
180,67.8,357.8,370.5
188.6,68.5,341.3,368.1
259.3,78.9,332.5,368.2
228.8,78.7,312.2,364.8
254.4,86.7,286.5,367.5
269.6,84.1,273.4,371
269.8,74.5,260.4,369.6
277.4,78.5,262.1,374.6
270.7,70.5,267.9,373.3
277.1,77.3,276.7,377.7
286.5,74.2,284.4,381.6
282.2,81,299.3,374.2
276.1,72.6,312.3,378.7
272.4,74.9,325.2,385.2
275.5,70.8,341.4,388.3
251.1,68.6,353,393
243.5,70.1,377.2,395
237.3,60.2,390.5,398.9
235,55.3,407.9,400.7
220.1,58.6,423.6,392.4
202.1,61.7,437.9,400.1
198.7,58.6,437.8,394.3
216.9,59.1,450.7,388.5
206,64.3,437.2,393.8
198.3,60.6,462.9,388.4
189.4,68.1,457.7,385.9
200.5,57.7,462.3,385.5
187.2,68,465.9,395.5
188.8,61.8,471.8,393.4
193,61.5,459.8,380.3
197.1,66.9,474.7,382.8
187.4,58.1,480.7,393.1
201.9,58.8,484.6,387.3
179.6,62.2,460.6,387.8
187.5,64,469.4,377
180.1,61.1,500.6,377.5
187.7,63.4,476.1,387.3
181.6,59.1,467.6,402.3
187.7,63.3,510.1,381.9
193.1,63.7,471,410
201.5,57.1,457.1,395.3
214.6,59.6,447,409.6
197.1,55.6,470.4,403.5
195.4,52.1,467.2,401.1
202.9,58.8,459.7,397.1
216.2,44.9,447.6,410.5
208.1,50.3,440.9,408.7
210.6,44.9,434,409.6
221.6,46.5,429,404.4
240.6,36.8,413.3,432.3
245.5,50.2,415.1,422.3
245.4,42.6,399.1,422.1
255.9,38.7,393.1,405.2
243.1,58.7,403.1,412.6
223.7,43.8,425.8,415.1
237.4,46.5,401.9,411.6
245.7,55.4,400.3,403
262.5,52.5,382.2,401.4
254.7,58,395,400.7
269.8,43.7,388.3,410.7
252.7,48.4,390.6,420
260.5,43.4,391.9,417.1
267.9,47.7,382.7,407.2
258.6,57.5,386.1,403.9
264.3,51,387.5,412.5
276.2,46.6,385.9,432.4
287.8,44.1,373.5,429.7
286.6,57.5,363.7,405.5
282.5,66.9,358.3,403.5
294.6,64.1,345.3,388
300.3,72.9,332.1,385.5
313.6,82.6,316.7,383.5
319.4,84.4,322.6,391
313.2,89.3,310.2,382.6
308,97.9,301.8,368.9
309.3,84.9,313.3,380.1
327.6,74.7,295.1,371.3
322.3,86.6,282.7,379.9
329,83.4,280.5,368.1
338,94.7,260.6,371.5
329.9,106.1,260.5,358.9
332.2,97.8,257.8,361.2
339.3,106.8,257.7,348.1
329.2,102.4,261,370.1
335.7,92.9,264,373.3
344.6,103.8,246.4,362.4
346.5,103.2,248.6,369.4
345.7,103.7,246.5,369.2
344.4,105.3,242.6,370.8
343.1,108.4,243.8,357.6
336.1,102.3,253.2,361.4
340.8,104.6,245.8,363.5
305.1,111.4,251.5,356.6
315.4,117.2,262.3,351.2
335.4,121.3,261.5,348.5
345.7,121,259.7,344.3
343.8,122.4,253.1,341.5
340.2,137.3,268.5,328.7
352.2,136.8,265,333
309.5,129.5,271.1,339.8
365.3,128.1,265.5,338.8
373.4,133.3,275.5,340.3
323.3,140,290,335.5
340.2,139.8,297.5,324
353.5,120.3,301.8,338.1
341.2,126.6,325,334.5
347.1,114.6,338.8,340.2
351.2,100.8,330.5,369.4
373.3,109.6,311.3,366.5
387.5,107.9,304,359.2
400,115.4,304.4,353
404,120.5,319.9,351.1
394.9,125.7,318.8,343.6
408.1,124.7,326.4,348.6
404.8,120.1,316.1,358.9
406.2,110.3,321.3,359.8
410.3,111.5,342.8,352.1
335.8,108.8,365.7,356.5
401.4,109.2,361.6,354.6
403.1,110.1,353.8,367.1
410.6,123.9,345.4,351.9
419.6,115.7,342.5,354.5
425.4,110.8,340.1,361.2
414.4,106,343.3,371.4
420.8,105.2,348.8,360.6
402.2,110.6,340.9,360.6
395.5,103.8,355.3,365.9
392.8,107.3,350.5,364.8
319.3,112.9,373.1,361
319.5,111.8,399.8,355.1
378.9,110.2,418,352
276.6,98.8,462.4,353.5
302.1,97.4,442.7,364.3
282.9,93.8,448.6,368.4
272.1,94.2,465.6,366.6
281.5,92.6,454.2,374.4
282.3,97.7,466.3,374.9
208.6,78.9,476.4,390.1
233.3,90.4,490.8,382.4
224,87,506.9,380.9
225.3,93.3,512.1,361.2
214.6,93.7,511,368.5
245,104.6,513.6,362
247.3,85.2,533,378.3
217.8,87.2,534.3,374.5
218.2,93.4,517.7,375.1
242.5,83,504.4,366
248.4,89.9,497.1,389.1
244.4,91.5,513.9,383.3
251.6,83.5,502.9,373.4
222.9,69.7,521.8,397
224.9,68.1,512.7,384.9
246.8,74.9,498.1,392.4
258.7,80.8,477.9,380.7
282.6,77.8,455.4,387.4
279,71.8,453.3,382.8
290.6,81.1,447.2,389.5
279,71.5,470,396.7
247,69.8,519.4,390.5
214.4,53.9,529,407.3
245.5,59.6,497.2,404.7
258.1,53.9,490.8,403
253.3,63.1,497,409.7
246.8,47.4,489.3,416.1
254.7,49.4,489.4,419.5
174.8,31.3,502.6,430.5
255.7,47.3,498.1,414.8
233.4,53.8,504,425.2
247.6,31.5,488,436.9
257.8,37.5,504.6,438.6
247.9,44.9,502.7,422.2
250.4,47.1,513.2,414.9
238.1,48.8,510.4,420.5
266.2,36.4,507.7,437.3
246.9,37.9,510.7,441.1
235.4,42.4,515.3,414.8
232.3,42.6,494.8,418.6
253.3,31.5,482.2,430.4
270.7,45,484.8,429
265.3,43.9,465.8,419
261.7,38.4,491.4,427.2
267.2,40.7,456.4,415
257.9,47.6,462.9,417.6
285,44.8,461,419.7
270,39,473.4,414
264.5,29.7,470.9,427
267.2,53.4,456.2,410.2
275.3,52.9,457.3,410.2
252.3,51.8,479.2,413.2
263.2,42.3,474.7,424.5
259.9,41.4,454.7,420.7
270.8,44.9,453.9,424.5
279.7,45.8,457,426.2
251.3,42.9,481.7,423.9
271,45.5,459,426.1
273.8,48.9,455,423.8
270.6,47.4,442.6,416.2
275.3,41,427,406.2
266.9,62.1,439.3,402.9
280.3,44,432.4,419.6
254.9,52.8,432.5,403.2
282.3,68.9,414.5,390.8
278.4,58.3,422.6,399.2
264.1,71.9,426.5,394.7
263.9,66,418.9,395.8
259.3,64.3,429.1,397
272.2,57.3,416.1,393.4
265.4,56.9,406.3,394.8
285.8,63.5,382.6,389.3
285.4,67.6,390.4,395.2
270.2,70.4,383.9,396.6
265.3,77.2,405.3,387.6
273.5,71.1,383.5,378.5
261.9,60.9,404.3,394
279.9,54.7,408.3,397.9
294,56.7,397.6,412.6
286.9,43.7,396,404
257.4,46.8,412,410.1
290,51.1,400.7,410.5
272.7,48.4,423.3,413
290.4,49.2,416.9,416.3
274.2,52.8,423.9,405.2
287.3,39.4,415.7,410.7
283.1,58.2,411.7,404.9
282.4,50.1,429.7,406.3
277.4,42.3,433.4,404.4
286.1,51.2,439.3,403.1
271.6,48,437.8,401.1
256.5,44.4,452.1,423
273.9,38.6,439.8,426
279.1,47.1,443.1,408.9
294.7,37.6,425.3,417.1
269.5,46.3,441.9,398.5
283.4,53.5,422.8,405.7
258.5,48.7,442.7,401.5
272.2,46.4,412.3,405.4
295.8,30.5,402.5,420.3
295.7,44.4,393.1,417.2
273.6,32,408.5,417.9
278.3,47.9,404.9,407.1
268.4,40.3,422.2,410
268.6,39.8,421,421.9
286.7,37.5,394.5,415.6
294,32.9,383.2,408.5
306.3,41,391.5,402
320.2,61.3,371.1,393.5
318,45.1,367.8,400.6
311.4,37.2,375,404.9
324,55.8,369,390.5
329.6,49.9,346.7,387.5
345.8,44.5,351.8,408.3
351.9,43,337.3,399.4
341.9,48.1,349,401.3
352.8,43.2,342.4,398.1
377.1,38.2,331,402.6
378.7,31.2,329.3,403.9
386.1,30.2,318.4,411.1
402.5,29.6,307.5,406.4
408.2,35.2,283.1,405.9
420.7,31.7,286.2,411
428.7,30.8,263,401.9
437.3,30.8,259.4,395.8
448.4,37.3,235.5,389.8
453.8,34.9,225.4,382.4
464.3,40.3,213.2,392.7
473.6,36.3,204.3,403.5
481.9,40.8,201.1,395
487.8,51.7,190.7,392.2
499.9,59,188.4,379.8
509.2,62.1,181.2,381.2
511.9,62.8,177.2,383
514.6,58.7,178.5,379
524.1,65.8,175.5,379.8
530.8,72.1,173.3,368.8
542.5,76.2,168.5,362.2
553.1,80.1,166.6,358.6
552.4,84.3,168.8,365.7
560.3,76.3,168.6,369.4
571,66.7,169.9,372.4
575.6,71.4,173.8,369.5
583.7,64.4,176.4,372.6
592.8,60.3,180,382.4
593.7,56.1,179.6,388.4
596.8,68.2,180.6,371.9
601.3,73.7,175.4,371.5
608,77.2,179,360.9
614,71,179.1,366.8
613.2,68.1,177.2,374.4
621.1,72,170.1,379.1
614.5,79.8,169.3,370.9
608.6,78.7,175.2,371.4
606.7,78.9,177.2,370.5
602,75.1,180.4,371.9
603.7,76.2,176,371.3
607.4,69,171,374.2
611.7,76.9,169.8,368
607.9,88.5,168,351.7
610.8,88,160.2,354.3
607.8,78.3,154.2,355.7
609.2,76.2,144.2,371.2
609.1,88.4,151.7,357
608.2,72.8,147.7,366.9
609.9,69.6,137.2,373.2
611.5,80.8,136,353.9
608.9,97.6,137,336.2
604.3,102.4,142,337
596.2,103.1,144.7,337.4
592.7,105.7,148.2,329.6
577.8,103.4,164.9,329.1
576.1,101.4,165.3,334.4
567.5,102.1,168.9,334.7
562,98,178.1,330.3
561.8,98.6,176.2,337.5
554.1,96.4,178.2,335.2
547.4,104,181,333.4
544.2,99.4,181.9,333.9
540.9,108.7,188.8,319.5
544.2,111.1,191.9,323.2
545.6,115,189.6,319.4
539.9,113.5,185.4,318.9
534.8,104,188.6,322.4
534.5,95.4,187.2,325.6
535.2,82.8,178.8,336.7
530.5,79.6,180.9,342.4
531.8,97.2,181.4,338
529.4,85.4,173.9,338.4
526.9,94.4,173.9,326.3
534.1,94.4,180.2,325.7
529.2,98.6,182.7,325.3
492,95.5,197.9,329
522.6,80.9,200.2,336.5
519.9,74,194.4,342.7
525.3,76.6,189.1,337.4
520.5,80.9,187.5,342.6
512.6,77.7,189.7,348.1
511.8,59.5,191.8,353.2
502.3,66.5,196.6,350.9
507.3,81.5,190.6,341.2
500.3,84.8,187.1,336
495.8,92.5,188.7,332.3
492.7,103,187.5,334.1
479.9,95.9,199.7,331.5
480.3,84.4,202.1,340.1
466.6,76.6,205.4,349.2
458.1,78.3,211.5,345.5
451.9,62.7,218.7,359.9
446.9,64.2,213,362.2
439.9,52.1,217.3,359.7
438.3,61.7,208.7,360.8
433.7,54.7,200.5,364.7
433.9,43.5,184.1,381.8
430.2,42.8,177.1,374.7
428.7,51.8,172.4,370.4
420,53.3,176.6,359.6
416.7,59.3,178,358.7
401,61.5,186.2,349
352.6,91.4,216.6,329.6
346.4,110.7,224.7,319.5
351.7,111.4,222.6,313.3
349.7,106.4,213.8,318.7
352,105.2,212.6,325.1
357.9,118.9,212.3,306.5
357.4,125.7,198,304.1
360.3,126.3,196.4,302
364.8,117,186.5,309.9
371.9,112.2,175.9,313.3
377,107.9,169.4,316.9
376.1,113.5,165.8,320.5
380.1,96.4,162.1,323.1
378.1,92.7,159,333.2
378.4,94.6,159.5,339.1
373.2,104.2,167.6,329.9
372,106.9,167.8,323
370.1,109.6,174,330.8
363.4,119.8,182.4,321.4
351.3,127.7,193.2,312.2
336.3,125.8,212.1,311.5
331.5,133.2,225.2,307.8
333.7,152.9,235.3,293.3
325.9,147.1,247.4,298.5
311.7,149.3,255.6,296.3
285.2,137,235.3,308.3
291.4,128.1,215.5,316
291.6,125.2,193.1,318.8
294.8,128.7,169.6,308.6
298,133.4,151.4,295.5
302.5,131,140.5,305
310,120.7,130.4,305.9
307,124.6,130.3,301.2
308.2,124.7,126.8,302
306.5,123.9,128,302.3
306.1,127.4,128.5,296.1
306.8,121.3,131.4,295.6
301.8,111.7,136.6,314.9
295.7,109.1,143.5,318.9
288.2,106.5,150.6,325.8
283.5,94.4,160.6,331.1
276.7,100,169,327.8
271.2,114.5,177.9,311.5
266.5,114,180.5,318.6
262,93,185.5,334.7
254.4,90.1,192.7,334.1
241.1,101.5,198.1,328.9
238.9,84,205.7,341.6
234.4,97.7,211.5,331.5
225,103.9,222.1,319.3
214.8,107,224.9,323.1
206.2,110.7,232.2,315
209.4,106.2,232.6,333.5
204.9,109.7,228.1,332.2
195.6,103.9,236.4,346
180,101.1,256.3,339.4
171,96.8,264.7,338.3
163.8,85.3,264.7,347
161.2,70.8,263.8,357.2
160.4,60,271.7,374.6
158.4,38.1,271.7,389
152,40.4,275.8,390.7
158.9,50.7,261.5,382.2
159.9,60.8,251,373
167.6,65.4,233.9,359.2
169.7,73.5,226.3,351.1
177,88.1,219.6,335.3
182.7,77.5,208,355
189.2,65.5,201,365
191,76.4,196.3,356.3
192,70.8,191.5,355.6
189.8,73.1,190.1,357.4
195.4,70.7,188.9,365.2
191.4,67.6,191.8,373
194.9,57,187.4,376.8
195.4,53,192.7,383.5
191.4,51,189.8,384.1
187.9,50.2,205.6,379.6
181.6,33.2,203.1,389.7
185,31.5,197.8,393.3
184,33.7,202.2,383.4
182.9,46.8,204.5,380.8
185.8,63.8,203.4,363.8
185.1,65.1,199.4,355.6
188,68.6,206.2,359.3
181.1,70.8,207.4,362.8
185.2,59.8,202.8,366.9
184.9,76.6,206.4,354.8
180.7,64.6,211.2,364.8
178.4,71.7,216.8,355.5
176.6,77.1,221.9,352.7
173.5,66.4,224.6,356.3
169.9,65.4,230.9,362.7
175,82.3,227.1,340.5
173.4,72.3,222.3,351.6
167.8,79.6,229,344.5
165.6,79.1,227.6,347
171,63.2,221.8,362.6
166.9,54,230.5,375.5
164.9,60,234.7,369.7
166.8,63.6,240.3,365.9
161.5,64.6,233.9,364.8
160.5,64,241.9,364.6
157.4,62.7,243,359.9
161.6,58,240.3,370.3
160.2,56.3,241.6,361.3
169.8,59.3,238.9,369.5
165.4,66.4,235.4,366.3
169.4,66.4,233.7,361.6
166.9,63,225.4,365.1
166.6,58.4,224.3,365.3
171.6,61.2,216.2,367.1
166.8,63.4,226.7,356.4
167.7,68.3,223.5,368.8
165.6,62.3,222.5,359.5
175.8,50.6,209.8,378.3
171.7,33.1,207.9,394
166.5,30.7,219.9,403.9
166.2,41.7,224.4,393.4
172.5,30.2,215.9,401.9
170.5,30.3,212.7,400.3
170.2,37.2,221.2,390.9
169.8,35.5,212.7,396.4
170.2,48.8,214.4,383.7
175.6,49.5,208.5,378.2
174.5,55.9,208.3,370.5
174.9,52.9,200.4,378.6
183.3,61.5,197.4,385.6
176.4,49.1,203.2,391.4
178.4,48.4,209.6,388.1
173.5,61.5,212,373.9
172.1,57.9,212.1,371.3
176.7,56.9,206.4,382.8
174,53.7,206.4,386.5
178.8,51.5,207.3,387.7
180.9,53.3,200.2,375.5
182.8,58.8,203.7,370
182.4,62.2,201.5,368.3
185.3,69.7,197.3,362.5
185.9,67.8,192.8,367.6
187.2,77.3,189.4,363.7
187.7,69.1,190.6,365.3
187.2,79.2,189,360.3
189.8,64.7,194,373.3
186.6,64,196.4,377.4
186,53.4,191.4,382.2
188.4,54.4,197.8,376.1
186.6,45.8,194.8,381.1
185,49.2,193.9,374.1
189.4,56.3,191.3,367.3
185.7,54.3,192.4,374.2
191.8,54,187.6,377.5
189.9,54.4,189.6,376.9
186.8,48.2,193.1,375.9
185.9,61.8,198.6,374.4
184.9,56.1,198.1,374
188.1,52.2,194.9,386.5
183.8,53.7,195.7,375.6
187.8,47.2,201.3,379.2
188.4,54.5,197.1,380.9
185.5,42.6,196.3,389.6
193.2,42.9,195.3,393.2
190,38.3,199.2,399.2
191.5,36.8,197.7,401.2
190.2,41.3,201,394.4
191.5,43,196.7,388
187.6,32.8,196.4,394.9
181.8,45.7,202.6,383.9
184.5,37.6,202.6,388.5
185.7,36.4,206.9,390
182.8,30,216.2,395.7
180.9,22.2,223.9,407.7
179.5,26.8,232.2,412.9
170.3,21.5,240.8,402.4
168.3,16,254.3,421.3
160.9,15.6,264.8,414.9
161,20.8,264.8,400
160.8,25.8,271.5,399
156.3,30.1,279.8,396.5
162.1,29.4,274.2,410.2
171.1,30.3,262.9,405.3
174.3,43.4,257.2,388.3
176,30.3,254.6,405.2
177.8,36.3,246.5,395.5
179.7,42.5,246.9,395
180,36.2,243.2,400.5
180.8,34.1,241.6,404.8
185.1,31.5,234.1,408.4
181,45.8,233.6,394.9
179.8,30.9,232.1,401.9
179.2,40,228.4,399
189.1,48.2,215.7,387.1
188.9,37.6,215.4,401.6
192.8,26.8,217.5,405
185,33.2,218,404.8
193.8,21.8,206.9,411.1
189.7,36.5,208,398.5
193.9,10.3,201.5,421.2
193.4,26,198.1,415.9
188.4,30.5,199.6,405
186.8,25.7,198.3,411.6
189.2,42.6,196.2,392
194,41.3,196.3,403
189.3,42.8,195,389
185.4,51.1,199.7,387.3
181.6,39.7,201.6,393.2
183.6,46,207,392
191.2,49.1,206.5,388.5
199.5,33.1,200.6,407.1
198.5,43.7,203.7,396.8
204.6,36.3,205.6,401.4
204.5,55.5,200.5,389.5
215.1,38,198.9,402.4
225.6,40.9,193.2,403.3
229.4,30.9,194.1,408
232.3,36,204.6,408.7
235.9,36.6,210.8,399.9
232.7,48.4,213.3,390.7
239,47.4,213.6,388.3
235.6,55.4,225.1,386.7
234.7,44.8,238.3,395.7
227,46,262.5,393.8
234.2,47.8,287.9,398.9
235.5,45.4,309.4,406.6
232,38.8,330.5,403.5
220.5,45,355.2,407.6
220.2,48.1,353.4,406.9
227.6,51.5,357,406.2
215.1,37,361.2,411.1
212.8,51.7,371.8,400.4
216.7,49.7,379.2,408.7
223.8,57.2,386.5,405.7
216,50.3,397.6,407.2
209.9,31.6,413,425.4
201.9,41.9,412.2,419.4
202.8,36.5,431.3,424.8
202.7,20.1,441,438.1
207.4,21.5,440.9,439.2
202.8,31.1,433.1,426.7
195.1,26.9,445.8,428
199.5,25.7,454.5,429.4
195.2,37.2,461.3,423.1
193.1,34.4,464.3,424
183.9,33,466.8,429.5
181.9,32.3,484.9,429.2
178.6,25.5,482.5,434.4
178.7,34.4,483.7,432.2
165.3,26.7,500.3,439.2
175.1,21.1,481.5,434.7
175,27.7,483.5,437.2
173.3,28.9,498.9,441.4
179.7,34.7,486.9,431.3
179.6,35.9,470.2,424
184.6,32.7,446.5,423.6
199.3,56.7,434.3,396.7
200.5,59.8,426.7,390.4
205.7,75.2,407.8,379.7
220.4,87.9,388.9,368.5
225.7,93.6,370.3,360.9
235.6,117,367.9,341.6
237.1,138.4,362.7,316.8
240.6,146.7,359.2,309.1
241.1,160.9,354.1,296.3
238.8,170.1,346.5,286.6
248.4,173.3,338.9,281.1
247.5,177.5,336.5,273.7
246.5,173.8,329.7,276.2
257.2,173.8,324.9,281.7
255.4,183.1,325.1,269.8
260.5,192.1,343.4,260.6
253.5,190.5,347.5,263.5
245.6,189,355.3,263.6
245.6,184.6,365,268.5
243.1,182.1,374.8,268.8
238.5,183.4,373.3,271.9
238.8,184.7,381.2,265.2
242,183.2,370.9,270.4
240.8,178.4,363.6,273.7
239.4,175,360.6,280
247.6,176.9,360.1,280.8
244,174,361.8,282.1
236,176,374,278.2
235.3,171.1,375.8,280.3
241.4,168.1,366.9,282.7
231,170.6,368.2,281.4
229.2,165.1,364.9,287.4
228.9,165.7,363.2,284.1
234.8,166.7,355.7,286.3
241.8,169.3,341.5,288.9
237.8,176.3,342.3,284.4
239.7,177.3,340,277.8
232.4,182.8,350,267.6
240.6,183.9,350.3,270.4
242.2,186.2,350.8,266.9
248.7,183.3,356.7,268.2
240.1,182.1,359.6,267.9
241,186.6,351.3,269.5
245.8,184,362.8,267.6
250.4,181.3,363.4,268.7
243.1,181.2,366.1,273.9
241.8,181.2,372.5,268.2
244.3,186,379.4,267
241.2,181.6,371.3,272.2
246,181.6,387.4,274.5
238.7,182.6,394,271.5
245.1,178.1,384.3,278.6
233.6,173.7,384.3,276
238.5,175.4,382.9,276.9
235.7,169.8,382.3,284.7
240.1,176.6,380,275.8
237.9,178.1,377.3,275.1
236.6,171.8,371.1,280.1
233.5,171.9,373.4,279.6
234.4,165.3,370.3,286
237.5,167.4,364.6,286.2
236,159.2,358.5,288.9
234.9,171.1,356.2,282.5
235.6,171.3,353.3,280.1
235.3,167.7,354.2,287.7
248.1,172.8,350.9,282.7
239.5,183.4,357.7,266.1
242.9,176.1,355.9,279.6
238.2,171.8,360.5,279.4
237.8,171.4,358.6,279.5
237.8,172.4,358.2,280.6
234.6,173.6,356.5,282.5
238.2,172.2,356.2,279.5
235.8,174.5,356.2,280.6
235.2,170.9,360.2,282.1
235,171.3,357.8,282.3
226.9,173,363.2,274.9
228.5,171.6,358.9,279.2
240.9,174.2,345.1,280.2
238.7,173.7,349.2,279.9
236,179.9,356,273.6
237.2,186.2,363.2,268.5
227.6,179.8,369.9,269.1
228.6,179.7,353,274.4
237.2,173.9,358,274.6
231.2,178.5,358.4,277
234.7,181,355.3,273.7
238.9,183.4,360.1,272.8
235.4,177.3,367.6,276.5
228.2,183.6,369.1,273.4
229,177.6,371.4,277.7
228,168.8,365.3,286.9
231.4,175.6,369.2,275.4
228.2,173.8,362.9,278.6
230,169.7,353.1,286
233.6,181.7,347.6,276.2
235.8,168.4,338.6,288
231.8,159,336.7,293
227.9,160.4,340.5,292.1
236.2,171.4,350.9,285
234,168,354.8,288.8
236.3,170,352.1,286.8
229.3,166.4,353.3,291.8
242.1,159,342.6,299.8
232.2,155.2,348.8,298.3
227.3,166.7,357.9,289.4
237,161.7,349.5,295.8
227.2,162.8,354.3,293.9
233.8,157.7,346.8,297.8
222.3,152.2,337.4,302.4
227.7,152.7,331.4,298.8
233.6,152.5,317.1,310.7
227.6,160.8,314.2,302.8
232.9,166.1,308.5,294.5
233.2,180.1,309.3,284.4
235.8,171.1,311.2,289.3
227.2,174.9,325.2,286.7
240.3,171.2,324.2,284.7
230.1,169.6,340,283.2
231.9,180.9,342,276.3
230.7,170.2,354.2,285.4
227.9,171.2,354,280.8
226,171.6,341.7,285
232.7,174.8,339.1,282
235.4,162.2,335.2,296.6
238.6,160.8,326.1,297.9
202.9,149.6,291.9,309.9
221.5,130.1,278.3,325.2
224.7,130.7,266.9,322.5
226.1,129.4,256.5,323.5
235.1,114.1,241.6,336.1
233.2,115,232.1,337
244.4,128.8,221.9,327.2
242.4,126.4,210.1,328.6
243.8,122.9,202.4,336.5
248.8,132.7,195,328.3
251.3,124.6,184.7,329
252.1,137.4,185,320.9
250.3,130.8,184.5,326.5
242.8,129,184.6,330.1
255.2,133.7,184.5,323.1
245,138.1,190,327.3
243,128,193.1,327.9
253,120,185.3,342.5
247.7,127.2,185.7,340.2
246,131.4,192.6,330.9
246.5,120.8,190.8,337.2
251.7,123.4,190.1,355.5
239.8,98.8,200.7,374.8
236.9,102.5,205.5,368
237.6,106.5,207.2,363.9
239.1,94.6,207.5,374.1
234.7,91.5,207.9,379.5
238.5,107,207.2,363.9
233.7,96.7,206.3,382.3
242.4,105.3,206.1,373.7
237.4,106.5,208.7,369.6
236.9,106.3,206.2,368.3
238,100.9,202.9,371.8
235.4,103.6,201.7,367.5
237.3,103.7,200.5,368.9
231.1,89.5,203.9,389.5
236.7,103.9,202.3,375.1
226,99.4,207.8,377.5
230.8,101.5,202.6,375.3
234.9,113.5,203.4,365.5
224.9,99.2,215,377.3
223.7,90.5,216.1,384.1
229.6,99.5,212,374.5
222.2,83.5,218.3,391.4
224.5,86.6,213.5,389.9
227.3,81.7,207.7,388.8
226.6,76.2,198.5,402.8
228.8,85.8,199,392.9
231,81.7,198.1,390.7
228.5,96.2,203.1,382.8
226.2,86.9,203.3,392.1
223,76.4,208.8,398.3
224.5,84.1,212.5,394.9
218.3,96.9,226.6,382.1
220,111.8,214.7,367.2
220.3,120.8,215.3,358.2
220.9,114.3,213.5,364.7
222.4,117.7,211,361.3
224.8,123.3,217.3,355.7
219.7,123.2,214.1,355.8
222,114.3,218.8,364.7
216.2,105.3,227.2,373.7
218.7,113.8,235.7,359.1
219.6,122.2,229.5,356.8
208.7,123.5,234.2,355.3
210,125.5,243.2,353.5
202.2,134.9,242.8,344.1
211.8,125.9,235.4,353.1
204.6,126.2,243.4,352.8
198.6,121.4,247.7,348.5
200.2,119.5,251.1,359.5
191.8,125.2,254.5,344.4
194.6,115.9,257.8,359.6
198.3,117,260.3,353.9
193.4,122.2,256.2,350.4
192.6,114.7,262.2,364.3
188.1,121.4,254.9,355.8
195.9,108.4,253.1,366.4
190.7,112.8,255.1,354.5
191.8,110.4,250.9,368.6
183.1,110.1,257,364.8
191.2,115.9,255.5,356.8
188.4,116.4,247.3,362.6
187.2,111.4,253.5,359.1
177.8,110.2,265.2,365.3
178.1,113.7,262.3,357.5
183,117.6,262.2,351.9
173.9,111.8,264.5,359.8
180.4,101.8,261,375.4
174.9,99.7,264.9,374.6
174.3,105.2,272.7,373.8
160.4,105.7,275.1,362.9
174.1,109,287.5,368.2
160,89.9,286.7,371.1
161.5,96.9,280.1,373.4
168.4,89.1,279.1,384.2
166.5,78.5,269.1,400.5
167.7,81.7,264.3,392.1
164.3,83.9,276.5,395.1
162.2,83.2,278.9,384
157.1,93,287.3,386
167.5,79.8,272.4,386.8
157.9,81,292.3,387.2
154.9,86.3,285,370.9
149.7,73.6,293.6,390.7
158.2,82.4,284.7,373.4
153.6,90.2,294.3,369.8
149.6,97.6,301.9,370.8
150.2,104.7,300.1,353.6
140,106.9,302.6,366.8
143.4,103.3,305.2,375.7
140.2,96.5,320.2,373.3
137.2,98.7,322.2,373.5
135.9,105.1,319.8,371.3
126.6,100.1,326.3,365
137.5,94.7,334.4,358.2
127.3,98.6,336.7,370.5
129.7,100.8,343,369.7
121.3,96.6,342.4,370.3
127.4,103.4,352.9,366.8
123.3,105.9,352,359.9
124,103.4,352.7,360.8
121.4,106.5,344.7,371.8
128.6,98.9,343.7,369.3
119.5,92.5,345,382.2
123.8,102.6,346.4,360.1
130.1,112.8,344,354.3
106.3,116.3,343,343.8
105.6,129,361.9,339.5
96,128.2,348.1,337
92.7,126.1,336.5,342.7
84.8,118,332.9,345.2
71.8,113.5,323.1,347.3
71.4,105.6,320,350
81.3,110.6,307.6,359.4
75.9,103.3,309.8,351.4
67.5,87,307.2,370.3
60.9,82.7,309.7,378.3
62.4,94.1,293.6,355.5
60.3,82.4,280.2,366.6
54.3,84.3,271,385.6
44.5,85,275.2,380.3
42.6,76,271,398.2
44.7,66.6,279.5,409.5
37.4,66.9,290.6,394.4
29.5,66.1,284.2,396
39.1,57.2,273.6,408.5
33.4,68,291.8,391.7
34,70.7,290.3,381.5
21.4,74.2,261.6,378.8
16.6,65.9,263.6,385.4
7.9,56.5,262.4,403.6
17.5,58,258.4,397.1
12.8,52,255.1,389.5
7.2,61.1,255.8,396.3
20.3,64.2,243.8,398.9
18.3,69.4,236.1,393
11.4,81.1,223.1,394.5
16.5,64.1,214.2,391.6
22,63.2,203,392.3
17.9,64,196.3,396.1
14.9,75.6,194,385.1
21.9,78.3,188.9,378.9
19.8,87.7,182.1,365.9
15.9,87.3,182.1,364.6
17.6,88.4,178.8,369
16,89.6,173.7,363.6
13.7,97.7,174.1,356.2
8.5,107.6,168.5,359.3
7.6,108.5,163.6,349.2
9.3,111.3,155,344.8
10.5,107.2,150.7,342.7
5.9,116.4,147.5,337.7
6.2,126.6,150.3,332
5.4,126.4,147.8,327.7
10,125.4,150.3,322.6
4.8,122.4,153.1,328.3
9.6,133.8,156.6,323.7
12.2,143.1,163.1,324.2
23.5,141.8,194.5,321.6
37.1,128,233,338.2
58,121.6,282.6,348.2
38.6,107.7,311.7,370.3
43.3,84.3,326.1,386.5
66.4,72.2,327.7,401.2
76.3,63.5,332.9,398.7
83.4,56.3,353,405.6
92.3,52.4,366.2,407.3
88,47.6,383.7,417.2
89,38.2,396.1,419.6
104.1,42.8,392.7,426.7
120.6,39.9,388.6,430.8
130.4,41.2,400.3,437.1
137.4,38.5,413.5,425.1
133.6,43.1,425.1,431.5
131.8,46.9,433,419.4
139.9,34.4,438.4,438.9
150.9,40.8,439.2,433.5
158.6,36.8,441.2,431.4
162.1,31.7,446.7,438.4
150.4,27.1,476.9,430
141.3,46.7,460,430.9
152.5,36.9,439.6,422.6
154.3,32.3,433.8,436.1
150.6,43.1,444.1,428
152.6,45.3,434,433.7
153.4,43.3,424.1,432.2
156,49.8,422.3,409.8
144.8,47.3,435.4,414.4
136,51.2,447.1,416.6
125,56.6,480.2,418.2
129.3,52.9,454.6,405.8
140.2,48.1,437.7,414.3
129.5,47.7,458.9,426.7
125.1,43.9,443.4,414.6
146.8,42.4,425.9,427.1
155.3,59.3,414.4,419.7
142.9,64.3,424.7,398.1
130.2,54.9,446.6,409.8
115,62.9,456.4,406.3
122.4,65.7,462.8,397.6
124.6,69.1,453.5,393.6
122.3,71.4,455.9,396.2
107.5,77.8,476.7,392.4
132.4,68.6,469.1,402.2
97.7,76.1,484.4,400.1
112.3,65.7,467,393
125.2,70.1,461.6,392
151.5,66.2,425.9,397.1
163.5,61.2,411.8,399.6
160.5,71.2,420.6,397.9
151.8,70.7,436.1,398.1
156.8,70.8,416.6,400.4
120.7,64.6,436.8,407.5
126.4,72.3,452.8,406.7
125.5,60.7,442.7,406.8
154.9,70.6,414.2,399.8
145,59.4,424.6,407.5
159.5,73.3,427.3,398.9
147.1,72.4,439.3,401.4
132.6,68.3,463.2,410.7
125.2,55.5,470.1,407.3
127.9,58.8,455.8,407.3
124.8,65.3,458.7,411.4
121.7,59.1,467.4,403.8
123.2,56,477.3,404.1
108.2,55.3,465.4,405.6
114.4,58.3,481,403.3
113.4,55.3,472.6,406
115.9,61.1,461.6,397
110.5,61.5,456.5,401.7
117.5,61,456.4,408
102,52.5,462.6,414
86.2,53.2,445.3,397
100,60.2,456.4,408.3
99.9,47.4,445.3,411.7
87.9,43,439.8,422.8
87.8,37.6,436.5,416.5
91.2,35.3,433.9,413.4
88.5,31.9,430.9,429.9
78.1,35.7,435,424.2
81.2,30.9,433.1,428.5
77.3,29.5,449.2,418.7
67.5,27.3,431.7,423.6
77,41.1,423.4,428.5
73.1,35.8,433.6,410.6
73.9,28.6,422.4,414
62.6,40,427.9,418.3
61.2,27.1,425.4,412.6
74.5,38.6,411.4,404.7
69.4,37.7,422.7,426.6
72.4,37,423.7,413
69,36.3,413.2,422.8
61.1,43.5,408.4,408.3
71.3,46.8,406.6,409
70.8,38.8,396.4,397.3
75.8,43.5,396,397.6
69.5,42.3,400.4,397.4
74.2,44.8,405.9,392.1
70.9,38.3,395.2,397.8
66.4,38.7,388.6,404.5
80.6,39.1,387,439.9
80.3,40.7,380.6,406.9
86.7,36.7,379.1,414.7
85.4,35.2,375.2,411.7
94,35,366.2,423.7
104.6,36.4,361.1,418.1
109.9,38.6,350.6,414
118.6,38.9,347,413.4
122.7,44.6,339.7,408.5
123,40.1,338.1,413.7
119.7,44.6,348.3,406.4
115.4,47.9,360.7,426
103.4,54.5,362.3,405.8
102,49.2,360,405.7
99.4,49.5,382.8,399.4
95.5,51,390.3,417.8
92.6,52.3,390.3,413.2
97.9,50.7,375.5,405.9
102.2,47.1,374.4,416.8
110,43.7,369.6,413.3
127.1,47.1,370.9,400.3
126.1,53.4,368.7,405.9
133.6,52.6,364.4,400.4
129.5,52.2,376.8,398
134.2,56,383.9,405
154.5,46.6,357,407.6
166.5,50.6,355.9,393.3
179.6,46.3,348.8,421.9
178.4,36.2,341.8,424.1
185.5,37.1,343.4,408.3
193.5,53.5,343.9,417.3
191.3,38.5,347.3,426.9
208.8,37.3,337.6,423
197.6,38,354.9,401.2
213.1,35.9,345.3,408.3
226.8,45,333.7,418.8
233.9,38.6,332.8,410.1
235.4,48.5,339.7,394.6
235.8,49.9,344.2,410.4
236.4,46,337.2,403
233.4,55.2,348.2,402.4
219.2,50,359,402.7
210.4,53.9,367.8,398.7
206,53.2,374.8,408.5
199.7,59.1,391.3,395.1
177,56,414.9,386.5
188.3,57.3,407.1,408.1
188.9,51.9,406.3,408.8
182.5,53.1,406.3,413.1
171.8,53,407.8,413.3
174.7,48.1,409.2,401.8
176,56.2,406.8,400.4
164.3,65.5,391.6,393.9
158.5,62.8,378.8,386.8
161.1,73.1,377.8,390
140.7,70.5,387.9,389.3
148.5,85.5,390.8,375.9
152.6,76.5,393.1,370.2
150.8,71.6,391.7,389.9
137.5,70.3,393.3,385.4
138.3,72.2,392.9,380.4
148.5,71.2,394.9,396.7
147.8,55.6,400.8,402.2
129.2,61.9,410.3,397.4
138.4,53.3,415.1,395.7
130,60.6,416.7,405.9
147.7,48.5,400.7,413.6
146.4,55.8,393.6,411.1
150.2,56.6,397.4,412.7
170.8,54.4,381.4,405.3
165.8,44.8,389.3,414.4
164,48.4,396.8,409.8
162.3,47.3,396,398.5
169.6,58,391.3,408.7
161.2,52.5,396.8,413.4
158.2,50.3,406.8,396.7
161,53,410,426
174.4,51.3,397.8,401.1
173.6,48.7,401.6,413.4
165.9,49.4,400.7,399
160.2,51.2,398.2,412.4
169.4,47.9,404.6,400.5
168.6,44.8,418.6,407.1
157.4,40.6,419.4,409.8
148.2,45.2,424.3,411.9
138.9,46.3,422.8,400.9
130.1,43.6,420.6,401
143.4,43.7,422.7,424.3
129.1,32.7,434.7,415.6
117.2,33.3,436.7,412.9
117.1,35.5,437.1,410.1
119.7,39.1,437.6,406.8
141.3,30.5,429.3,408.2
130.8,45.3,443,399.7
138.3,43.1,425.6,401.7
146.7,39.2,416.2,409.3
136.8,24.7,406.2,423.6
163.3,33.3,391.3,415.2
167,36.5,388.9,407
174.2,38.4,374.1,409.4
156.5,34.1,383.5,416
139.6,52.1,396.3,395.8
152.9,46.7,399.2,398.7
140.2,39.1,408.2,410.3
148.1,42.2,409.5,402.6
158.7,39.6,407.7,408.6
164.7,43.9,401.5,405.3
153.3,47.7,393.8,402
163.1,48.8,410.6,399.4
149.6,39.2,418.3,410.1
138.7,38.7,417,416.8
136.8,38.8,413,412.6
140.5,38.6,414.1,415
136.3,36.2,419.7,407.2
137.3,43.4,415,409.6
143.8,46.3,412.1,410.6
144.5,42.4,414.3,408.8
152.1,47.8,412.2,406
