1015,331,20,22
1018.5,331,22.1,23.3
1018.5,326.6,22.1,23.3
1023.4,331.4,22.1,23.3
1027.9,331.3,22.1,23.3
1032,327,23.4,25
1032.2,326.8,24.7,26.6
1031.9,323,26.9,27
1032.9,323,28.6,27.1
1032.9,320,30.5,26.4
1033.4,320.2,33.2,26.6
1034.6,316.5,34.6,26.4
1035.9,313.9,35.1,25.5
1036.6,314.3,35.6,25.5
1038.7,311.7,35,23.9
1038.6,311.9,34.7,24.4
1040.3,309.3,34,23.8
1035.4,310.4,32.7,24.5
1036.4,311.3,31.7,25.5
1032,308.6,31.5,25.8
1033.8,310.3,31,25.6
1035,311.8,29.6,24.7
1035.6,313,29.6,24.7
1035.4,314.4,29.6,24.7
1030.9,315.6,28.4,26
1031.5,316.1,27.5,29.1
1027.7,316.1,26.7,31.3
1023.4,315.2,27.6,33.4
1016.8,315.1,27.6,35.9
1006.9,314.3,28.3,36.7
1002.8,313.8,29.3,37.9
1002.8,308.3,29.3,37.9
1002,309.4,29.3,37.9
1040.4,286.3,29.1,37.5
1036.3,287.3,28.7,37.3
1030.4,287.8,28.4,37.1
1025.2,287.5,27.5,37.7
1019.8,281,27.1,37.6
1014.7,282.7,27.2,36.8
1008.6,284.2,28.3,35.5
1001.4,277.6,29.7,35.7
1000.1,277.5,31.1,35.6
994.1,277.4,31.1,35.6
994.6,277.9,31.1,35.6
1002.7,286.4,30.9,34.7
996.2,294.7,30.9,34.7
976.3,302.7,30.9,34.7
951.1,317.6,30.9,34.7
938.4,318.5,30.9,34.7
932.1,319.2,30.9,34.7
939.9,327.4,29.7,32.8
939.5,315,29.3,32.1
934.9,321.7,29.1,31.9
935.5,317.2,28.7,31.6
930.5,318.9,28.4,31.1
924.5,320.4,28.9,30.8
917.7,321,30.6,30.5
911.5,320.9,30.6,30.5
897.5,321.7,33.9,28.9
882.7,322.1,36.9,28
874.1,323.3,39.4,26.9
873.9,323.7,38.9,27.4
866.6,323.6,39.4,28.1
865.9,324.4,40.3,28.7
859.9,323.8,39.5,29.4
860.9,324.8,40.2,29.5
854.3,324.9,40.2,29.5
852.9,324.9,43,29.8
843.9,319,43.2,32.5
845,318.6,42.4,35
837.1,318.7,42.4,35
838.2,318.5,42.4,35
839.2,318.4,42.4,35
840.1,312.9,42.4,35
841.9,314.3,42.4,35
851.2,322.7,41.6,33.6
860.5,323.2,41.6,33.6
860.8,323.1,43.6,36.4
850.7,329.5,45.5,37.9
842.1,337.7,50.2,38.6
842.8,338.9,50.1,42.7
841.6,339.9,52.8,43.5
840.1,341.2,54.2,44.2
838.4,341.9,55.6,44.2
837.7,342.6,55.1,46.9
829.2,341.7,56.4,48.1
830,341.3,58.3,49.6
830.2,341.6,57.4,50.8
829.2,343.4,57.4,52.6
817.1,342.5,60.1,54.8
804.1,343,61.2,55.5
793.1,345.3,63.4,54.7
783.4,355,63.4,54.7
786.9,355.3,63.4,54.7
800.2,364.9,63.2,59.3
799.6,365.9,63.2,59.3
788.9,366.5,63.2,59.3
791.9,367.7,63.2,59.3
795.7,364.9,61.1,65.7
785.6,365.2,61.1,65.7
775.4,351.2,61.1,65.7
789.6,334.1,56.3,69.6
792.8,392.4,51.4,76.1
793.4,359.1,50.9,83.4
784.3,377.7,50.9,83.4
795.8,360.8,50.9,83.4
786.3,343.3,50.9,83.4
788.7,325,50.9,83.4
801.8,343.1,48.9,88.8
791.6,335.2,49.1,100.3
791.7,296.6,48.4,101.6
791.3,299.8,48.4,101.6
802.6,304.6,48.4,101.6
812.3,304.5,48.4,101.6
821.9,304.6,48.8,107.5
831,303.5,48.8,107.5
831.9,282.1,47.9,111.4
832.2,306,47.9,111.4
821.9,307,47.9,111.4
811.6,332.9,47.9,111.4
812.6,376.2,48.1,119.7
813.9,375.5,48.8,127.1
815.5,399.7,48.8,127.1
816.7,403.3,48.8,127.1
808.9,407,48.8,127.1
811.5,407.8,48.8,127.1
813.9,407.9,48.8,127.1
824.3,405.7,48.4,134.1
833.8,376.3,48.4,134.1
830.5,325.5,52.1,131.3
833.1,349,52.4,132
833,350.3,52.4,132
831.4,351.6,53.2,143.3
831.3,372.9,53.8,145.2
831,325,53.8,138.5
830.6,329.2,53.8,138.5
839.9,328.2,53.8,138.5
850.9,353.6,53.8,138.5
863.1,357.8,57.8,133.2
873.3,358.3,61.6,128.2
873.7,331.3,62.9,133
873,327.7,64.7,141.4
856.5,301,67.5,150.9
845.3,302.7,66.7,155.4
858.5,332.5,67.4,162.3
844.5,300.2,68.3,175
854.7,302.5,69.2,176.4
851.5,301,72,175.5
745.7,330.5,70.5,191.8
770.7,334.9,77.9,191.8
774.9,327.9,77.9,191.8
761.6,328,75.3,191.6
758.4,326.5,75.3,191.6
755.5,324.3,63,197.1
764.5,330.5,72.6,179.8
786,328.9,72.6,179.8
795.1,325.7,62.9,189
796.5,326.6,60.9,193.4
794.9,332.2,60.2,193.2
783.5,304.8,57.6,190.8
783.7,341.1,58.1,199.3
785.4,339.8,56.2,207.2
786,336.7,53.6,221.2
787.1,335.9,52.3,232.5
787.7,341.7,52.6,237.5
865.3,374.8,54.7,202
868.2,381.7,54.7,202
871.7,387.9,54.7,202
871.4,398.9,62.8,187.1
778,370.1,64.6,171
762.9,340,64.6,171
747.5,343.6,64.6,171
736.2,374.7,64.2,180.4
723.7,334.3,66.6,193
711.8,336.4,66,187.9
709.3,344.9,68.1,182.9
693.6,347.4,68.1,182.9
679.1,348.3,69.6,181.5
668.8,387.8,69.6,181.5
684.5,384.9,69.6,181.5
687.4,387.5,68.5,180.9
675.5,391.1,68.5,180.9
781.8,336,66.2,159.7
793,320.9,70.9,143.9
790.8,326.5,73.6,138.8
789.9,317,71.5,149.2
777,313.2,73.3,159.3
765.6,307.7,72.9,163.8
767.4,307.6,69.7,172.5
765.4,303.7,69.2,175
756,299.1,64.5,171
759.9,292.6,61.1,175.7
761.2,289,58.2,183.6
764,289,54.6,202.7
764.3,312.9,55.7,220.4
695.3,271.9,52,225.4
697.5,270.5,51.2,225.8
705.3,271.1,57.2,220.8
715.3,278.5,61.4,219.8
727.1,281.4,61.4,220.6
739.6,277.7,64.9,218.5
752,276.7,66.1,217.4
763.7,275.1,66.1,217.4
774.3,275.5,66.1,217.4
763.1,274,66.1,217.4
765.9,266.3,60.9,228.2
754.4,269.3,60.5,229.3
754,265.8,60.5,229.3
743.2,265.5,60.5,229.3
746.8,263.3,54.7,238.1
746.9,256.6,53.8,252.1
738.4,259.5,52.9,249.4
659,267.8,52.7,225.5
650.4,276.6,52.1,210
649.2,276.2,52.9,205
642.2,275.2,52,202.6
640.9,270.5,53.3,203.1
634.9,272.7,49,202.7
633.7,267.9,51.8,217.8
631.8,267.2,54.8,223.8
629.5,259.2,56.8,228.3
629.9,261.1,54.9,231
628.1,257.7,55.3,236
627.1,253.2,55.6,257.5
626.9,249.7,55.5,262.7
619,250.7,54.4,269.4
615.7,248.6,57.9,279.6
604.6,253.3,60,266.8
601.9,251.4,61.7,264.3
601.4,248.9,60.5,274.4
601.2,252.2,58.7,276.1
599.2,244.1,58.6,282
599.9,239.2,58.2,288.6
691.8,198.2,54,280
703.9,195.5,54,280
703.2,193.2,54,280
714.5,195.9,54,280
727.8,198.5,54,280
747.8,204.5,60.6,268.6
756.1,206.2,62,256.1
753.3,201.8,62.2,262.7
751.1,199.5,62.2,267.9
753.2,197.6,61.6,266.3
753.5,199.4,61.9,262.8
755.6,199.5,62,260.5
757.8,201.9,61,257.9
764.1,202.2,65,249.9
765.9,205.2,69.5,244.7
780.3,197.3,66.5,259.4
781.7,195.5,66.2,256.5
788,186.4,63.5,268.9
791.5,188.8,64.9,265.3
795.7,179.8,63.5,271.1
794,190.4,64.7,260.3
795.3,185.1,64.2,265
796.2,183,65.1,268.1
798.8,179.3,64.1,275.7
799.9,179.5,64.2,269.8
801.1,181.1,64.2,262.2
803,188.5,67.7,245.6
825.8,196.5,78,240.7
845.5,240.3,78,240.7
867.9,196.7,78,240.7
868.8,198.4,78,240.7
850.4,193.9,78,240.7
847.9,191.6,78,240.7
830.5,233.2,78,240.7
816.3,221,78,240.7
831.4,213.1,78,240.7
815.4,171,78,240.7
800.8,220.3,78,240.7
788.5,213.7,78,240.7
878,216,88.6,232.8
838.6,191.7,92.3,210.1
823.8,202.4,84.8,209.7
811.8,211.4,83.8,211.5
799,238.1,80.4,246.5
800.7,229.7,72.6,255.2
814.7,236.8,68.1,264.1
811.2,232,70.4,262.6
820.4,249.6,76.6,251.2
850.3,257.6,83.4,242.8
880,261.9,90.1,242.2
745,319.4,90.3,236.1
744.5,324.2,94.7,237.9
763.1,307.6,96.8,254.9
787.7,309.4,88.7,268.4
789.5,312.1,82,265.2
809.6,309.9,72.2,269.3
811.3,316.8,67,266.4
812.5,317.2,67,266.4
801.5,314.5,67,266.4
829.3,319.8,67.6,262.5
815.4,321.2,67.6,262.5
815.1,319.5,67.6,262.5
814.9,314.1,67.6,262.5
816.2,311.7,67.6,262.5
818.1,311.6,64.9,273.7
793.9,317.4,64.9,273.7
698,366.2,65.7,281.4
682.2,346.3,69.3,310.4
666.8,333.9,75.5,314.1
682.4,335.8,77,314.5
666.3,317.1,81.5,325.6
667,311.8,83.5,328.1
669,303.8,84.5,332.1
668.2,295.6,86.9,334.8
681.7,304.2,87.2,329.4
665.4,291.3,88.7,333.5
661.4,293.6,92.9,329.3
645.4,286.3,95.8,335.2
643.1,282.6,94.4,333.2
623,281.9,100.9,331.1
601.6,281.1,104.1,330.5
580.2,284,109.2,327.2
573.7,301,109.5,309.7
566.1,310.4,108.5,312.4
540.7,306.9,111.7,315.6
516.9,310.9,111.7,315.6
493.8,313.3,111.7,315.6
477.8,312.7,104.7,319.2
477.3,307.7,100.1,323.3
477.7,304,92.6,327.5
478.2,303.3,87.4,327.2
475,301,87.4,327.2
459.2,309,85.2,326.1
458.4,308.9,85.2,326.1
680.7,406.7,38.5,42.3
665.7,405.8,38.6,45.3
674.5,416.1,38.6,45.3
641.1,348,41.1,44.5
642.6,338.1,41.1,44.5
652.1,338.5,41.1,44.5
661.9,338.3,41.1,44.5
671.5,338.1,41.1,44.5
688.5,338.1,41.1,44.5
697.4,328.2,41.1,44.5
707.3,329.1,41.1,44.5
710.5,329.3,41.1,44.5
763.5,396.1,41.6,44.3
772.3,395.8,41.6,44.3
789.3,395.9,41.6,44.3
798.3,388.3,41.6,44.3
808.4,389.4,41.6,44.3
746.2,323.7,39.5,44.2
748.3,323.9,39.5,44.2
756.8,322.8,41.6,45.2
766.1,315,43.7,44.6
757.3,304.7,43.7,44.6
766.5,295.8,43.7,44.6
777.2,304.5,43.7,44.6
778.9,295.6,43.7,44.6
790,294.1,43.7,44.6
819.1,309.5,40.7,49.7
821.3,310.2,40.7,49.7
822.9,299.4,40.7,49.7
824.4,311.5,40.7,49.7
816.6,311.5,40.7,49.7
809.6,302.1,40.7,49.7
810.3,291.6,40.7,49.7
809.4,302.7,40.7,49.7
800.4,294.3,40.7,49.7
792.2,283.8,40.7,49.7
802.4,274.4,40.7,49.7
802.9,285.6,40.7,49.7
812.3,296.6,40.7,49.7
830.9,223.2,40.7,49.7
830.9,234.2,40.7,49.7
832.8,223.4,40.7,49.7
843,222.5,40.7,49.7
852.2,233.2,40.7,49.7
861,233,40.7,49.7
872,301.1,37.8,56
872,302.5,37.8,56
864.2,304.2,37.8,56
856,304.8,37.8,56
911.8,221.4,39.4,55.9
903.9,244.1,42.9,60.1
895.2,241.1,44.6,66.8
888.8,239.1,44.6,66.8
888.6,237.5,44.6,66.8
899.9,227.1,44.6,66.8
909.3,225.3,44.6,66.8
888.2,166.5,46.7,69.1
877.4,151.3,46.7,69.1
867.3,141.2,48.9,70.7
866.7,143.8,48.9,70.7
855.6,141.7,50.4,71.4
931.2,171.1,51.8,73.5
919.9,188.5,51.8,73.5
843,172.5,52.5,75.9
833.1,172.8,52.5,75.9
821,188.9,52.5,75.9
820.9,189.7,52.5,75.9
821,189.4,52.5,75.9
821.2,205.9,52.5,75.9
798,93.2,52.8,74.7
796.6,121.9,53.9,83.4
796.8,91.3,55.1,82.5
796.3,124,54.7,89.1
795.9,119.3,58.5,99.7
806,113.3,58.3,106
801.5,112.8,60.8,103.5
803.2,110.7,60.8,103.5
791.7,111.5,60.8,103.5
805.4,132,60.8,103.5
810.4,110.9,60.8,103.5
813.7,109.9,60.8,103.5
837.5,105.7,62.4,109.5
826.1,109.5,62.4,109.5
825.7,108.8,62.4,109.5
840.3,88.3,62.4,109.5
799.6,155,65.6,113.5
799.1,123.8,65.6,113.5
788.9,104.3,63.6,111.1
776.7,119.2,64.4,122.5
765.5,119.6,64.4,122.5
768.3,110.1,60.3,137.3
760.2,107.5,59.2,151.1
761.8,102.5,56.1,171.1
761.5,93.9,59,175
762.3,61.8,59,175
854.6,87.9,55.1,182.9
866.8,63.3,52.7,172.3
868.1,70.6,52.1,178.3
869.7,79.3,51.4,169.1
870,82,52.2,175.9
870,81.2,52.4,176.9
869.4,78.1,52.4,174.7
869.8,72.5,51.3,175.3
869.6,78.8,53,166.9
869.6,86,53.8,166.6
878.3,83.7,55.1,169.8
887.3,84.8,56,174.6
887.7,88.3,57.1,182.1
895.9,88.9,60.5,182.9
904.7,92.7,65.6,177.8
909.8,96,67.1,169.6
810.9,125.4,70.5,179.3
829.3,96.9,70.5,179.3
830.7,104.3,70.5,179.3
816.7,105.9,70.5,179.3
816.1,103.4,70.5,179.3
816.8,141.7,70.5,179.3
846.8,91.8,66.8,155.5
848,95,66.8,155.5
846.8,96.4,66.8,155.5
835,109.9,67,144.3
822.7,202.8,64.5,142.5
823.7,236.3,64.5,142.5
825.1,204.5,64.5,142.5
826,206.1,64.5,142.5
826.6,206.3,64.5,142.5
814.1,207.7,64.5,142.5
800,208.1,64.5,142.5
787,242.4,64.5,142.5
773.7,212.6,64.5,142.5
773.8,190.7,64.5,142.5
774.5,193.7,64.5,142.5
774.6,221.6,64.5,142.5
775,168.3,64.5,142.5
698.5,187.8,58.5,155.2
700.6,187.8,55.4,158.8
693.7,176.5,52.6,169.4
692.8,175.5,54,175.6
692.2,170.6,56,179.1
693.1,167.3,54.2,183.9
692.6,169.3,56.4,187.2
683.4,165.5,56.1,192.7
675.1,162.9,56.1,192.7
673.8,164,58,189.5
661.8,165.2,62,178.2
659.4,168,60.8,177.1
648.7,167.1,62,179.5
648.6,170,58.3,178.8
713.5,167.6,56.7,181.2
714.9,167.4,56.7,181.2
708,169.9,53.6,188.6
708.7,159.9,51.6,190.9
708.8,157.7,49.8,191.2
708.9,158.3,48.9,188.7
709.1,153.1,48.5,188
708.6,150.4,49.7,190.5
708.1,146.1,49.3,196.4
699.2,146,50.1,203.8
700.3,147.5,50.5,205.3
702.8,145.3,49.1,197
704.8,146.6,48.3,191
705.5,151.7,47.6,189.5
707.2,152.1,47.1,181.1
705.6,157.4,47.3,186.1
697.2,155.1,48.4,189.1
691.6,160.9,53.3,194.1
680.5,129.6,56.4,191
677.5,137.4,56.7,192.5
666,119.5,56.2,166.5
653.4,129,56.8,156.4
652.6,135,56.8,156.4
644.7,162.8,52.6,174.6
646.4,167.1,49.3,186.5
653.4,168,55.4,188.7
657.5,164.6,52.9,196.6
659.1,162.6,52.8,205.9
669.6,129.8,52.3,205.3
683.6,175.5,52.3,205.3
683.3,175.7,52.3,205.3
682.1,174,52.3,205.3
667.2,138.8,61.6,202.1
664.7,136,64.4,209.9
666.2,136.8,65,227.7
675.3,141.3,72.4,228.2
687.1,143.1,75.6,230.6
700.1,156.9,75.4,207.7
766.2,169.3,69.4,190
768.3,176,68,182.4
770.5,184.5,67.9,181.1
773,190,69.1,179.7
788.7,188.9,66.2,182.9
804.2,150.9,62.1,185.3
816.4,159.5,58.8,181.4
823.6,161.9,60.7,175.5
832.4,164.8,60.6,175.4
841.1,167,63.2,172.5
850.4,169.1,65.2,169.4
853.5,154.3,63.3,155.1
858.4,163.4,60.5,148
864,169.9,57.4,146.9
867.2,220.5,55.2,160.4
879.1,196.8,52.8,162.7
879.7,199.6,53.5,180.3
881.4,204.8,56.4,184.9
883.6,209.6,58.8,182.6
886.1,213.4,59.2,187.7
888.1,250.4,61.8,191.4
892.8,214.7,59.9,191.1
893.6,210.5,60.7,191.5
897.2,219.9,59.3,184.2
888.2,222.3,58.9,186.4
902.7,188.9,57.5,189.7
902.9,228.9,58.6,186.7
915.7,193.5,55.8,175
912.9,194.2,58.5,170.9
913.5,189.4,55.3,164.2
913.5,189.3,55.3,164.2
913.6,193,56.9,152.6
917,198,54.4,147.4
938.5,197.8,54.4,147.4
939.2,199.9,54.4,147.4
861,232.3,54.4,147.4
875.5,230.6,54.4,147.4
889.3,203.7,54.4,147.4
878,207.2,54.4,147.4
877.9,213.2,56.3,140.8
795.5,246.8,57.4,137.1
796.9,247.1,56.6,137.7
799.1,224.2,53.8,137.6
789.7,367.6,51.7,142.9
781.2,246.4,48.4,151.3
781.2,237.9,48.9,161.9
777.2,243.1,54.8,153.9
764.3,252,57.1,142.9
755.3,251.2,57.1,142.9
734.2,335.2,55,146.9
733.8,307.6,55,146.9
723.7,308.4,54.2,155.4
724.6,306.5,51.9,163.1
716.7,310.9,51.9,163.1
718.8,278.1,51.9,163.1
710,309.7,51.9,163.1
718.3,276.1,58.8,158.8
702.2,284.1,65.3,153.5
688.7,293.9,68.6,153.3
685.1,297.2,70.8,149.4
669.1,333.1,70.8,149.4
637.5,337.9,77.7,156.6
639.5,307.1,77.7,156.6
639.9,276.2,77.7,156.6
621.1,241.1,77.7,156.6
505.2,245.1,70.1,153.3
488.3,250.5,74.1,145.2
473.5,249.2,74.1,145.2
469.3,254.7,78.5,137.2
467.6,260.1,78.5,137.2
452,261.9,78.5,137.2
450.6,272.4,77.3,129.1
450.6,276.2,77.3,129.1
449.1,278.4,77.3,129.1
448.5,279.3,72.3,120.4
433.9,257.9,72.3,120.4
451.2,262.6,70.5,113.8
453.5,262.5,66.6,109.1
454.7,260.1,68.9,108.8
439.9,244.2,70.6,101.2
412.5,245.4,70.8,100.5
415.6,244.2,67.7,98
415.8,385.3,62.2,103.3
413.7,413.3,62.2,103.3
411.1,441.6,62.2,103.3
373.6,288.3,63.9,103.2
361.5,289.1,63.9,103.2
361.9,286.3,63.9,103.2
348.7,288.5,63.9,103.2
389.9,397,63.9,104
388.8,417.8,61.2,110.7
414.3,280.1,60.6,109.3
416,281,57.9,104.3
415.9,276.9,58.6,108.6
429.4,365.3,57.1,116.1
429.6,361.8,58.9,121.5
429.2,332.5,61.7,133.1
430.9,335.8,61.7,133.1
443,362,61.7,133.1
443.7,329.5,61.2,152.2
445.2,327.4,61.9,159.9
449.7,292.2,61.8,173.8
462,318.1,63.4,196.9
472.1,309.9,63.5,213.8
482.3,301.1,62.9,236.6
483.2,292.2,65.7,250
494.4,285,69.1,248.6
497.9,291.2,69.6,251.7
509,297.6,72.1,243.3
512.5,295.9,70.8,246.2
526.8,284.5,69.9,256.6
529.4,276.2,72.2,259.5
543.9,244,71.5,238
544.6,256.4,73.3,238.9
555.6,255.9,76.6,240.2
557,258.1,77.7,243.9
559.3,249.6,78,249.4
573.1,254.5,75.4,245.5
578.5,262.6,72.3,248.7
583.7,267.5,68.5,250
589.6,275.2,67,243.1
603.2,273.4,67.2,243
607.2,275.1,64.3,253.1
610.7,274.8,62.7,248.8
622.8,283.1,61.1,230.5
626.3,288.8,59,228.3
638.8,259.6,53.8,212.5
641.9,268,53,216.5
652.1,268.4,50.7,225.3
654.9,265.3,52.3,230.1
665.9,264.6,51.7,223.5
666,256.3,54.3,228.8
667.5,251,56.4,238.9
673.2,254.8,56.6,231.9
762.1,309.2,53.8,233.8
773.3,308.7,53.8,233.8
783.3,276.3,58.9,217.5
700.8,286.5,57.5,210.9
712.5,277.8,57.5,210.9
714.2,277,61.9,217.6
729,273.2,56.5,224.9
738.9,267.1,53.9,221.2
742.1,268.9,53,212.8
752.2,267.8,55.5,212.8
762.3,260,55.3,220.2
772.3,253.2,53.5,229.4
774.8,242.9,50.9,232.2
782.9,239.8,50.9,224.1
784.2,233.9,48.5,226
785.5,240.4,49.4,226
793.3,236.1,48.7,232.5
799.9,208.9,50.3,233.5
808.9,217.7,56.3,223.8
817.4,213.3,62.8,221.7
831.4,207.3,66.6,218.7
846.4,203.3,68.1,213.6
862.4,195.1,65.5,221.4
875.6,194.3,67.9,221.1
877.7,190.8,70.3,213.5
901.4,192.4,79,210.1
918.8,182.8,78.4,212.9
918.1,148.3,78.4,212.9
989.5,235.3,73.7,221.6
991.5,237.3,73.7,221.6
992.8,195.6,72.8,219.6
995.4,194.7,71.4,218.1
997.5,160.1,69.8,216.7
1012.4,209.3,69.2,215.9
1012.6,173.9,67,225.8
1013.5,226.9,67,225.8
999.9,182.7,67,225.8
997.2,229,72,224.9
996.2,222.8,69.9,235.5
981.9,207.1,71.7,255.6
984.3,192.9,69.5,277.1
984.3,155.4,68.4,261.7
972.3,204.1,68.5,276.4
971.9,201.3,70,283
972.5,186.8,70.4,299
958.7,196.6,73.9,300.6
953.5,211.2,80.5,298.9
933.1,217.5,87.4,297.2
897,171.9,95.2,289
898.5,219.1,100.2,306.6
876.3,218.4,106,317
834.7,156.9,114.5,302.9
839.7,165.2,111.8,303.3
840.8,117.4,107.1,302.4
838.6,61.5,107.1,302.4
838.7,64.1,107.1,302.4
862,129.1,107.1,302.4
861.6,136,107.1,302.4
838.4,141.6,107.1,302.4
837.6,148.1,107.1,302.4
839,156.6,107.1,302.4
842.6,219.2,107.1,302.4
873.7,250,103.2,260.6
880.8,274.3,85.4,243.7
871,290.6,80.4,220.3
752,306.4,81.6,212.7
730.7,315.1,81.6,212.7
715.7,316.6,75.1,232.7
715.6,363.2,75.1,232.7
704,314.6,68.2,234
705.2,317.7,67.8,230.1
705.1,318.3,67.8,230.1
705.5,318.3,67.8,230.1
703.6,355.1,71.9,244.8
701.7,360.6,73.8,252.5
702.2,362.6,73.7,260.2
704.7,359.7,73,265.5
706.7,360.4,70.2,275.8
707.9,345,69.8,287.6
708.2,348.7,69.9,291.5
708.5,340.9,72.6,299
705.8,337.2,75.1,306.6
704.4,333.7,77.6,307.3
704.9,340.6,79.5,304.2
703.7,339,80.5,303.8
686.3,342.8,83.6,288.6
687.4,301.5,82.3,282.9
674.8,314.6,81,275.5
688.3,370.3,83.4,277.1
687.7,365.4,87.8,279.2
706.2,358.2,86.5,286.6
688.7,345.1,87.3,294
687.9,337.8,90.2,296.1
688.4,335.7,90.7,299.4
689.4,338,90.7,299.4
692,340.1,90.7,297.9
692.6,330.1,87.9,302.1
692,324,86.3,308.1
672.1,263.3,86.7,300.1
676.2,329.1,87.1,299.7
678.7,334.5,85.8,295.2
677.7,336.5,86.6,289
677.6,338.1,86,285.8
678.6,340.9,83.7,282.2
674.4,348,86.7,270.5
676.8,411.1,88.2,246.9
663.2,313.4,82.8,244.5
663.9,309.1,80.9,245.2
665,312.6,78.8,248.4
653.9,319.9,74.1,241.9
658.7,321.7,71.2,244.3
663.8,326.6,69.1,241.1
665.2,331,69.3,233.8
666.6,325.6,70.6,242.7
667.4,326.9,71.1,236.4
655.5,290.6,70.9,227.1
659,301.1,71.7,221
658.5,302.9,73.8,218
657.5,299.2,75.6,220.6
659.9,300,75.3,227.5
662.6,259.7,75.3,227.5
679.1,261.9,75.3,227.5
661.2,317.2,75.3,227.5
648.1,357.9,74.5,240
664.7,343.8,72.6,257.8
667,339.3,72.5,261.6
666.1,329.8,74.7,265.1
650.9,294.2,75.3,247.4
651.1,308.3,74.2,239.9
667.1,328.9,74.4,226.7
639.5,329,76,221.6
643.8,334.1,75.2,226.1
646.4,337.1,77.9,219.5
647.8,339.7,82.6,218.9
648.7,338.6,84.7,216.9
648.4,336.2,84.7,216.9
648,296.6,83.4,222
648.9,302.9,83.4,222
652.8,297.9,81.5,230.2
656.9,310.2,79,232.4
658.3,315.7,75.8,239.3
647.3,273.3,74,231
651.6,280.4,70.9,231.3
652.5,285.1,71.9,227.9
656.9,280.9,69.5,239.1
660.1,281.4,69.4,241.1
662.1,293.7,69.2,246
664,300,66.9,256.2
667.3,308.5,66.5,254.7
679.1,328.1,68,242.1
653.2,327.1,71.3,232.7
670.1,337.4,71.4,230
686.8,387.9,70.6,222.2
703.5,435.6,65.2,206.1
704.5,440.4,62.8,194.5
704.3,407.5,60.2,189.3
707.1,449.6,59.9,180.5
619.7,183.7,58.5,180.3
621.4,182.6,58.5,180.3
624.6,160.3,58.8,167.4
702.5,411.5,56.8,166.6
703.9,411.6,54.9,174.1
691.9,372.4,54.9,174.1
679.3,365.1,54.9,174.1
668.5,359,54.9,174.1
668.8,356.4,54.9,174.1
656.9,382,54.9,174.1
655.2,337.9,57.8,185.7
634.3,299.2,57.2,192.8
636.3,328.1,55.7,202.7
637.3,323.5,55.7,202.7
637.4,287.5,57.1,199.2
623.6,326,62.7,203.2
612.3,318.2,66,210.7
624.1,318.1,66.7,214.6
609.9,323.2,71.2,211
597.5,330.9,73.7,210.7
611.5,335,73.8,222.5
608.2,337.4,77.5,231.3
595.3,300,75.9,234.2
612.3,352.7,75.4,228.2
628.6,403.4,71.8,225.4
628.6,404.2,68.4,220.6
612.4,361.8,70.9,215.4
596.6,321.4,73.5,220.2
611.1,367.2,73.6,219.3
596.3,327,74.4,224.6
595.7,338,74,218
609.3,383.9,75,212.7
593.4,340.3,74.6,211.7
590.7,301.5,76.8,215.6
577.4,271.1,76.7,221.6
580.1,283.5,75.1,224.9
629.2,202.1,72.6,215.6
613.6,160.8,72.6,215.6
614.5,208.7,72.6,215.6
614.2,260.1,72.6,215.6
618,218.9,65,218.9
615.7,224.7,66.3,220.3
616.1,236.6,67.7,219.4
614.7,238.7,66.2,225.4
613.7,246,66.5,218.8
614.3,253.5,66.5,218.9
619.2,247.2,62.7,223
621.7,259,62,210
626.3,258.1,58.3,206
627.9,267.3,56.5,196.5
631.6,269,54.6,197
612.3,269.8,55.1,192.5
627.9,263.7,54.5,200.8
631.3,262.2,53.8,211.2
631.7,250.1,53.6,213.7
634.1,258.7,54.2,206
636.4,259.2,53.1,210.8
639.1,261.1,49.8,210.1
641,260.8,47.5,208.4
642.1,261.1,46,203.7
641.4,265.5,46.7,196.8
640.6,273.2,47.1,187.9
639.1,274.2,47.4,186.7
638,267.3,47.7,193.6
638.7,269.2,47.8,188.7
638.6,266.6,48.3,192.2
639,269,47.5,193.6
637.1,260.5,50.9,198.7
640.1,255.8,48.6,201.6
640.4,256.4,48.5,203.3
639.8,261.1,48.3,197
638,258.7,50.3,196.4
640.3,262.8,48.6,193.9
638,265.3,50.7,191.2
637.3,257.5,51,193.9
637.9,253.3,48.9,196.7
637.4,262.3,50.5,192.5
635.8,252.7,52.2,199.7
635.7,249.9,50.4,206.3
635.8,252.8,50.6,201.3
636.6,249.9,50.2,200.1
637.4,245.7,50.5,209.6
635.2,252,52.1,204.5
634.8,251.5,53.4,201.6
634.2,244.7,54.3,206.1
636.3,240.6,52.6,207.4
635.2,238,52.6,209.6
634.1,235.2,54.5,216.8
632.8,227.3,55.6,219
635.9,231.1,54.1,216.8
638.3,231.7,52.2,218.9
638.2,237,52.9,212
639,241,55.3,205.1
641.8,230.7,54.7,211.2
641.9,234.6,56.2,214.2
641.8,232.9,58,208.7
642.9,226.7,59,216.3
643.1,236.9,59.2,208.4
644.8,234.5,58.8,208.9
645.2,233.1,58.8,207
645.8,229.8,59.2,213.3
645.1,223.6,59.6,214.3
645.5,231.7,60.5,207.5
646.3,227.8,60.6,213.4
646.4,225.7,60.6,217.2
646.6,219,61.7,222.3
646.1,215.3,61.8,228.7
648.1,209.1,59.8,231.2
649.1,208.8,59.6,231.5
647.7,214.8,61.2,225.2
648.6,209.8,59.4,229.4
651.5,212.4,59.1,227.8
653.8,213.6,57.9,224.6
654.9,219.9,59.9,221.2
659.5,221.8,66.7,220.3
668.2,222.9,72.4,216
675.2,229.8,71.5,211.4
680.8,230.8,66.3,208.4
581.7,197,62.5,185
568,198.7,62.5,185
531.3,313.5,60.5,189.9
535.7,313.6,58.3,195.5
538.2,344,57,201.9
549.6,303.5,58,192.1
550.2,303,58.1,190.5
551.1,301.8,58.1,190.5
563.1,266.8,58.1,190.5
564.7,231.5,58.1,190.5
577.1,236.1,58.1,190.5
565.3,283.3,58.1,190.5
564.6,361.1,58.1,190.5
580.2,361.5,56.6,199.7
581.8,362.6,53.7,206.5
583.2,368.9,51.8,206.4
586.5,379,48.3,200.3
588.5,388,44.1,192.6
590,393.4,41.4,188.6
590.5,394.7,39.2,190.7
590.8,402.2,37.8,180.9
591.3,411.2,37,173.9
585.2,419.5,36.5,169
585.5,426.9,35.4,159.9
578.6,429.6,35,155
571.8,401.1,35,155
571.5,404.7,35,155
616.8,180,35,155
616.5,191.2,35,155
616.8,194.7,35,155
624.5,162.4,35,155
617.4,196.4,35,155
618.4,196.3,35,155
619.1,197.2,35,155
620.1,195.5,35,155
620.5,195.7,35,155
621.9,195.9,35,155
622.4,202.3,35.7,141.4
623.3,204,35.7,141.4
570.5,396,36,124.9
571.9,399.4,36.5,119.6
580.2,404.5,35.7,113.2
581.2,404.1,35.7,113.2
588.7,385.5,35.7,113.2
640,216,37,110.2
633.1,223.4,36.2,100.5
626.4,211.6,37,94.6
636.8,216.1,33.7,88.2
636.9,208.4,34,80
631.4,209.6,34,80
617.4,212.4,34,80
624.9,201.3,38,75.1
634.4,200.6,38,75.1
634.7,192,40.8,69.4
635.9,192.7,40.8,69.4
645.7,194.5,40.8,69.4
654.5,195.7,40.8,69.4
654.7,196.3,40.8,69.4
647.9,200.3,38.5,67.8
640,214,38.5,67.8
650.7,197.5,37,72.2
651.9,195.5,35.7,73.8
654.1,192.3,33.3,78.9
654.9,192,33.2,81.6
655.2,192.1,33.8,85.1
655.3,192.9,35.4,86.7
649.9,192.9,34.4,88.1
651.5,191.6,33.6,91.7
652.9,192.4,33.3,91.6
653.7,194.3,33.3,91.6
647.8,194,33.3,91.6
656.1,195.7,33.3,91.6
656.4,179.8,33.3,91.6
650.5,184.1,33.3,91.6
658.6,201.2,33.3,91.6
665.3,205,33.3,91.6
659,222.1,33.3,91.6
659.3,186.5,33.3,91.6
688.1,173.4,32.1,88.7
689.5,175.8,30.6,82.4
689.1,178.9,31,79.4
687.4,166.1,32.7,78.2
686.6,174.5,32.6,73.1
687.2,117.4,33.4,67.7
687.8,103.8,33.4,67.7
688.4,90.5,33.4,67.7
681.8,93.5,33,63
682.3,95.2,33,63
682.4,84.1,33,63
683.1,99.6,33,63
675.9,115.2,33,63
675.3,118.1,33,63
662.3,147.9,35.3,62.9
662.9,151.9,35.3,62.9
655.8,140.2,35.3,62.9
655.8,142.3,35.3,62.9
656.2,156.5,35.3,62.9
655.7,159.5,35.3,62.9
649.1,174.7,35.3,62.9
648.6,163.7,35.3,62.9
656.8,178.3,35.3,62.9
642.5,178.9,35.3,62.9
635.6,192.4,35.3,62.9
636,181.6,35.3,62.9
635.9,196,35.3,62.9
629.3,209.9,35.3,62.9
622.7,262.7,35.1,62.5
623.4,264.9,35.1,62.5
618,267.1,35.1,62
626.1,268.9,34.9,64.8
626.4,270.9,35.4,67
626.9,274.1,35.7,67.7
620.5,274.6,35.6,70.1
622.2,278.6,35.9,70.3
622.9,281.2,36.5,70.6
623.6,283.1,37.4,74.9
625,286.8,38.9,75.2
625.5,287.5,38.9,75.2
617.1,289.3,38.9,75.2
609.3,302.6,38.8,77.5
610,315.3,38.8,77.5
552.1,298.8,38,81.3
544,299.7,38,81.3
528.5,252,36.7,78.9
583.8,337.2,37.2,79.5
584.8,340.8,37.2,79.5
585.6,346.3,37.2,79.5
587.3,363.8,37.2,79.5
589.2,364.1,37.2,79.5
590.6,364.8,37.2,79.5
600.6,368.3,37.2,79.5
609.4,373.6,39.6,77.3
609.4,388.6,41.9,77.8
609.6,375.5,43.3,78.4
603.1,380.1,43.3,79
611.5,381.8,44.2,79.2
602.7,369.2,44.9,78
601.5,371.6,45.4,79.5
581.9,375.6,47.8,79.2
562.4,378.2,51,81.9
563.5,374.1,52,84.1
564.6,369.5,51.5,90.4
554.7,369.9,52,90.2
555.3,365.2,52.9,93.2
543.1,363.6,54.6,92.7
554,360.7,53.6,92.2
555.8,375,52.4,90.1
546.6,352.3,52.4,90.1
559,329.9,52.4,90.1
548.8,325.1,52.4,90.1
550.4,303.4,52.4,90.1
573.8,280.9,52.4,90.1
650.2,342.4,52.7,92.5
650.6,337.7,49.9,100.4
642,339.2,49.4,104
661.3,381.1,51.9,110
650,405.3,51.9,110
640.1,408.3,51.9,110
641.3,435,51.9,110
663.5,460.1,54.6,112.3
675.7,463.7,54.6,112.3
686.8,466.1,56.6,115.8
697.4,469.6,56.6,115.8
709.4,493.8,56.6,115.8
722.2,494.1,56.6,115.8
711.1,467.4,56.6,115.8
725.2,494.6,56.6,115.8
737.5,473.1,56.6,115.8
738.2,474.5,56.6,115.8
752.6,478.8,56.6,115.8
775.7,481.3,56.6,115.8
763.1,460.3,56.6,115.8
758.2,466.9,62,103.5
744.1,464.3,62,103.5
743.6,467.3,62,103.5
744.2,491.1,62,103.5
730.3,494.1,62,103.5
653.2,340,60.1,119.1
648.4,335.9,62.2,131.7
662.3,361,59.7,142.4
650.5,359.3,59.7,142.4
649.9,304.3,59.7,142.4
636.3,329.1,59.7,142.4
623.2,326.4,59.7,142.4
639.8,202.5,58.7,143.9
645.5,201.4,56.2,147
646.6,222.6,54.7,150.8
651.4,213.8,53.5,163.1
661.8,213.6,52.3,169
659.4,213.3,55.2,168.6
658.2,212.2,55.2,168.6
658.3,152.4,55.2,168.6
655.9,216.3,59.6,183
665,250.9,65,184.2
661.9,206.8,68.5,191.9
659.1,199.6,71,201.4
654,192.1,75,210.4
542.7,307,69.9,250.5
532.3,295.9,67.6,264.1
530.3,288,65.6,265.9
520.2,277.7,66.7,260.5
518.3,272.6,70.1,260.9
518.7,265.4,70.6,261.2
517.3,258.5,72.7,248.9
513.7,261.4,74.6,250.7
502.6,260.2,76.4,248.4
504.5,263.8,78.2,259.4
505.6,288.6,77.1,303.7
506.6,270.2,74.6,324.2
507.9,261.1,72.6,327.6
507.5,259.2,74.3,331.5
509.1,257.1,73.5,320.6
512.2,262.2,72.1,313.1
513.6,256.1,72.2,307.9
514.9,256.6,76,313.5
519.2,246.5,75.6,318.5
520.6,244,79,326.9
523.2,230.6,79.7,353.7
524.5,226.5,80.3,382.3
524.8,228.8,82.3,393.4
525.3,222,83.9,399.8
528.2,221.8,83.3,405.8
529.8,216.4,84.5,404.8
533.1,206.3,84.1,413.6
532.3,208.6,83.9,402.1
532.5,212.1,84.9,399.9
531.1,211.6,83.9,401.1
527.4,199.2,87.7,402.2
529.7,181.6,81.4,406.9
517.4,183.4,82.1,404.7
518.8,174.8,81.3,407
515.7,182.4,83.1,398.1
512.6,169.6,81.4,404.7
499.3,176.4,86.5,393.1
494.8,184.7,88.8,387.2
482.5,173.1,87,389.4
481.7,176.6,87.2,395.3
476.7,192.1,89.2,390.2
473.4,189.9,91.4,387.2
467.6,190.1,92.7,385.8
465.6,186.6,90.9,393.1
463.4,189.9,88.6,393.8
461.8,185.6,85,399.8
458,189.3,83.5,404.5
457.9,185.7,79.5,418.4
458.2,186.3,80.1,411.4
457.4,185.2,80.1,418.9
455.1,191.1,81.7,412.2
455.4,192.5,81.2,408.7
452.6,193.3,82.7,419.8
451.9,198.6,83.3,424.4
451.3,195.5,84,423.6
451.3,200.6,84.9,421.5
451.5,202.4,85.6,420.9
454.3,210.5,84.5,422.5
455.4,211.2,83.2,420.8
458,215.9,81.9,415.2
458.5,219.6,82.6,412.2
459,221.3,83.9,410.5
460.9,224.1,84.1,415.9
472.7,228,85.2,408.2
474.4,229.6,88.7,406.4
488.2,234.9,91.6,409.3
500.3,236.6,94,407.4
504.7,240.3,95.6,417.9
510.9,244.1,91.6,426.3
517.2,246.5,88.9,421.9
533.4,242.8,87.8,431.2
543.1,253.8,90.7,416.8
547.6,259.8,89.9,431.5
553.5,264.1,89.5,430.9
559.9,267.7,85.6,434.9
565.6,266.1,86.5,414.3
569.4,263.6,86,421.4
572.2,260.2,86,418.8
576.6,262.1,86,408.6
580.6,253.3,83.5,419.3
584.6,251.9,81.9,423.9
586.7,257.1,82.4,414.5
588.7,253.8,82.3,413.9
590.7,247.7,84.2,420.2
593,252.3,84.7,418.5
594.5,251.3,82,412.9
598.2,245,83.2,415.6
600.6,244.9,83.9,418.9
602.7,245.8,83.4,421
605.4,239.7,80.1,431.1
605.8,250.8,79.4,422
605.6,242.1,80.5,419.9
609.8,236.7,78.4,431.2
610.7,240.7,76.3,422.9
611.1,235.8,77.1,420.4
613.2,243.2,79.1,410.1
612.9,232.9,78.9,429.3
610.3,238.5,80.9,422.8
609.3,233.8,80.9,427.6
608.2,232.1,80.7,430.3
607.3,230.8,80.9,430.7
604.3,231.6,82.4,430.7
603.4,225,82.9,433.2
602.3,222.9,81.8,435.7
597.9,233,84.7,428.4
599.3,219.2,82.8,437.3
597.5,220.1,82.7,430.2
596.8,213.9,82.4,437.9
591.3,220.9,86.7,428
592.4,208.5,85.7,432
592.8,211.4,83.7,426.2
591.3,216.1,82.1,419.8
589.7,208.2,83,421.2
589.1,213.6,82.2,421.3
591.5,210.7,79.7,424.8
591.2,213.7,80.5,432.8
590.4,222.5,80.4,418.7
588.1,216,81.6,419.4
588.7,217.5,80.5,417.8
587.6,216.7,80.5,411.3
588.5,218,80.7,412.7
586.7,209.6,81.5,420.5
585.6,216.8,81.4,419.6
583.1,206.9,83.3,421.1
580.8,212,83.2,416.4
578.8,213.5,84.1,412.8
580.3,197.4,81.6,419.2
578.8,199.9,82.6,416.5
578.7,195.2,82.5,411.4
577.1,193.5,82.5,415.2
575.1,197.1,85.4,409.5
574.4,197.3,84.9,406.5
573.3,193.9,84,415.1
572.7,191.3,83.8,417.4
571.9,191.4,82.8,416.4
573,198.2,82.2,418.3
572.4,197.7,81.4,422.4
571.4,200.4,78.7,419.8
573.2,204.1,78.9,428.2
571.2,196.9,78.1,427.5
571,194.9,78.4,432.1
570,198.2,78.6,422
570.3,193.9,77.7,432.8
569.2,201.1,79.9,422.9
568.2,197.1,82.1,421.2
570.8,200,79.8,426.7
569.8,199.4,81.6,425.4
568.4,196,84.2,421.7
566.8,195.3,87.4,434.2
567.3,194.9,85.1,428.6
567.2,193.7,84.4,436.3
567.3,221.5,86.2,427.6
569.6,211.7,88.8,421
573.9,202.5,88.5,415
573.4,161.1,85.3,348
573.2,173.4,84.1,317.5
572.1,164.7,84.1,317.5
572,163.1,84.1,317.5
574.6,227.6,84.1,317.5
577.5,221.9,84.1,317.5
593.7,231.5,84.1,317.5
594.9,238.8,84.1,317.5
600.8,316.8,20.5,23.4
605.7,317.1,20.5,23.8
606.8,317,20.5,23.8
608.1,316.8,20.5,23.8
612.2,317.1,20.5,23.8
612.3,322.2,20.5,23.8
613.4,317,20.5,23.8
610.2,322.3,20.5,23.8
610.2,317.9,20.5,23.8
609.8,318.1,20.5,23.8
609.5,318,20.5,23.8
601.5,318,20.5,23.8
602,318,20.5,23.8
601.8,313.2,20.5,23.8
593.6,313.5,20.5,23.8
589.9,309.7,21,23.4
589.6,305.4,21,23.4
585,305,21.2,24.7
581.2,300.6,21.7,25.4
581.2,296.5,22.1,24.3
575.8,297.6,24,22.9
576.2,298.1,24,22.9
555.2,308.1,25.9,22.3
549.4,314.2,27.8,23.3
545.2,319,28.4,25.2
544.8,325.2,30.4,25.2
545,335.7,30.4,25.2
544.9,341.6,30.4,25.2
538.7,342.4,30.4,25.2
532.8,348.5,30.4,25.2
539.6,349.5,30.4,25.2
533.3,344.8,30.4,25.2
528,345.4,30.8,25.9
521.1,344.7,31.4,27.6
515.4,339.2,32.6,29
510.7,340.4,31.5,29.3
510,340.2,32.7,30.7
509.7,340.2,33.1,31.3
509.6,334.4,33.1,31.3
510.1,335,33.1,31.3
510.9,341,33.1,31.3
512,334.9,33.1,31.3
518.8,335.4,34.1,32.1
518.9,335.9,36.4,33.1
518.7,329.7,38.5,34
520.1,331.3,39.8,33.4
521.4,331.8,40.9,34.2
522.6,326.3,41.5,35.8
530,327.7,44.7,35.7
531.4,328.2,45.9,36.2
533.8,327.5,45.1,37.7
476.9,313.7,47.4,36.9
478.8,315.1,47.3,37.2
480.6,316.6,45.5,37.8
481.7,321.7,42.5,42.3
483,321,41.3,44.4
482.4,321.5,41.2,45.3
483,321.9,41.1,47.1
482.6,323.2,41.6,48.8
475.8,325.7,43.5,50.3
476.4,327.6,45.3,50.2
476,330.6,45.3,47.7
475.4,334.3,45.2,44.4
469.1,336.6,45.7,42.3
461.9,338.9,47,40.2
464.8,343.2,46.3,37.3
465.6,350.2,45.7,36.9
459.1,352.2,45.8,36.6
451.6,358.5,47.6,37.4
452.3,360.4,46.6,36.6
444.4,362.9,48.2,36.4
446.9,369.7,47.1,36.2
439.7,371,47.8,36.2
441.6,373.9,47.5,35.9
441.3,376.4,47.1,34.9
441.3,378.9,45.8,34.1
441.6,381,43.9,32.9
440.8,382.7,42.4,31.9
439.8,383.7,41.9,31.7
439,384.7,41,31.6
438,385.5,41.4,31.8
437,386.6,41.3,31.3
436.3,387.1,41.3,31.3
430.4,386.8,41.3,31.3
431.2,386.1,42.2,32.2
433.4,385.1,42.2,32.2
434,378.4,42.2,32.2
442.5,370.1,41.1,34.6
442.7,358.2,41.4,34.1
443.6,346.5,42.6,33.9
452.7,338.8,42.6,33.9
682.4,292.2,42,35.5
746.1,277.5,41.3,34.1
746.5,272.7,45.6,32.1
746.7,274,48.4,30
757,275.2,50.3,28.3
759.2,276.6,47.9,27.1
752.3,279,47.6,27
753.9,284.7,43,26.7
756.9,286.2,39.1,25.8
768.1,286.8,38.3,25
772.1,280.5,38.3,25
775.3,271.1,38.3,25
777.6,262.5,38.3,25
727.1,300.8,40,25.1
726.1,301.5,40,25.1
734.6,295.5,40,25.1
744.1,274.5,40,25.1
752.6,269.3,40,25.1
746.2,264.4,38.9,26.2
754.4,264.2,38.9,26.2
747.2,264.4,38.8,26.5
746.8,259.5,39.3,27.8
746.9,265.6,39.3,27.8
754.9,271.2,41.3,28.3
755,276.9,41.8,29.3
755.9,284.6,41.8,29.3
765.2,285.8,41.8,29.3
765.4,279.6,41.8,29.3
826.7,318.8,42.3,28.1
819.9,327.6,40.6,26.5
822,329.4,39.3,27
830.1,323.1,39.3,27
827.5,302,44,27
788,308,46.7,28.9
787.2,302.2,46.5,31.8
786.9,301,46.6,34.1
785.6,294.7,46.6,34.1
785.8,295.7,46.6,34.1
784.8,302.4,46.6,34.1
784.6,302,46.6,34.1
775.6,294.4,46.6,34.1
784.7,302.4,46.6,34.1
784.3,294.9,46.6,34.1
779.5,293.6,44.7,38.4
781.9,291.4,41.7,44.5
781.2,288.9,41.2,49.8
781.9,280.2,41.2,49.8
774.9,330.2,40,56.3
775.2,339.4,40,56.3
774.9,339.3,40,56.3
774.4,314.8,40,56.3
773.2,300.4,41.1,62.3
771.5,309.9,41,71.9
770.4,303.4,41.1,85.3
761.1,285.1,42.4,91.2
753.1,299,40.4,105.3
751.6,275.4,39.7,116.1
744.7,290.3,37.7,130.3
744.6,288,37,135.4
743.6,287.2,37.6,140.7
738.6,312.4,37.6,142.5
739.3,282.9,37.8,142.6
737.8,282.3,37.2,149.8
736.3,280.9,38.6,152.7
734.6,278.1,37.5,161.6
727.9,281.6,39.4,169
724.1,282.8,41.4,164.9
723.3,280.8,41.1,165.1
714.4,280.3,46,162.3
711.8,274.9,45.4,165.6
710.3,264.4,44.2,173.3
707.9,258.3,44.5,177.2
706.6,255.4,45.2,179.4
705.6,254.3,46.3,179.1
705.2,252.1,46.7,177.6
704.2,245.1,47.3,178.9
704.6,243.9,47.6,176.4
706.7,241.2,48.2,177
715.2,239.2,47.2,175.8
715,237.3,49.5,173.9
724.4,234.4,49.3,171.6
724.5,228,50.9,172.5
724.4,222.1,52.2,175.9
734,218.7,51.1,179.6
733.8,212.3,52,188
656.4,140.4,50.7,172.7
666.6,140.8,50.7,172.7
654.7,179.4,50.7,172.7
654.5,179.5,50.7,172.7
737.6,213.2,44.4,176.2
754.1,204.6,46.3,184.2
752.6,202.4,47.4,182.9
751.3,201.8,48.9,189.6
752.2,207.3,49.6,191.5
752.9,205,50.8,198
756.8,209,48.8,194.9
757.5,213.5,48.5,199.1
760.2,216.7,47.7,204.2
762.4,231.5,50.2,200.1
762.4,237.1,49.9,198.7
762.2,246.3,49.3,191
760.2,251.4,47.4,193.4
754,256.1,45.9,191.9
752.9,261.5,45.8,189
745.8,261.9,45.2,192.8
744.2,263,46.4,190.5
743.6,261.7,47.5,189.3
742.9,261.1,48.7,188.1
744.2,257.9,48.4,192.7
746.4,251.3,49,190.5
752.2,254.8,53.1,185.4
760.5,253.5,53.9,186.4
761.8,252.6,56.2,187.1
762.7,195,55.2,181.6
765.2,246,54.4,187
768.3,254,50.4,182.8
767.8,248,50.8,186.9
770.1,239.4,48.8,204.4
770.2,250,48.5,200.8
697.4,370.9,45.2,214.1
685.7,316.1,48.5,220
685.5,303.6,50,231.8
684.6,311.5,53.3,223.7
683.5,309.1,53.2,214
683.3,307.7,53.2,208.8
683.7,313.5,54.1,211.1
684.7,313.1,56,207.2
686.3,320.5,54,209.6
687.4,321.9,53,206.4
687,321.2,54.8,206.5
698,325.8,54.1,201.3
698.9,325.3,54.1,196.8
710.6,329.1,52.6,176.4
723.1,328.4,51.6,167.4
735.4,315.4,48,169.9
738.2,263.5,45.8,154.7
739.3,295.4,43.4,161.4
741.2,294.8,41.8,168.4
741.5,294.8,40,171.1
742.7,291.1,38.3,170
742.3,288,38.4,171.8
742.6,280.2,37,177.5
742.6,275.1,36.3,189.3
742.2,267.5,38.6,186.8
742.2,297.4,40.6,183.5
750.8,258.8,40.9,180.3
750.5,238.4,40.4,162.6
753.1,246.5,39.8,155
760.5,234,36.9,140.1
761.1,243.7,35.5,140.9
769.1,230.4,33.3,126
756.2,285.7,35,127.6
758.9,284.3,34.6,129.5
761.1,263.2,36.1,122.2
768.3,244.4,36,125
769,253.8,36.2,123.5
768.4,260.1,37.9,120
769.4,264.7,37.6,115.4
770.2,267.3,37.4,116.3
770.8,269.8,36.4,113.7
772.4,250.3,35.5,118.5
772.8,275.6,35.6,117.5
774.3,279.5,35.3,116.2
776,264,35.7,116.5
777.8,271.5,34.4,113.1
777.5,294.7,35.3,115.1
778.9,290.2,35.2,119
780.5,271.7,34.6,122.4
781.2,277.6,34.8,113.3
782.3,280.8,35.5,112.8
783.2,282.7,35.2,118
784.5,285.9,35.4,119.6
785.4,287.5,35.4,119.6
787.2,288.8,36,117.4
787.6,311.4,36,117.4
788.6,285.8,36.5,117.6
789.8,286.7,36,114.7
791,285.7,35.7,115.1
793,286.8,34.2,116.3
573,282.1,35.6,105.5
572,285.8,38.4,95.2
570.9,290.8,41.8,86.5
571,292.3,42.7,84.9
571,293.2,44.2,83.6
571.6,295.4,44.7,83.2
570.6,296.1,47.8,80.9
570.7,297,49,79.9
570.8,296.4,50.7,81.6
571.6,296.7,51.6,82.6
572,297,52.6,83.4
572.4,297.2,53.9,82.3
571.9,297.2,55.3,81.7
571,298,57.2,80
570.4,298,56.3,81.6
570.4,297.5,56.6,82.9
570.1,297.6,55.7,83.9
569.5,298.2,55.3,85.6
569.4,298,53.7,85.4
558.4,297.4,54.6,85
557.7,298,54.6,86.5
557.9,299.8,54.2,86
547,299.9,55.3,86.8
546.9,298.5,55.3,89.4
544.9,299.5,56.5,92.5
544.2,298.7,54.4,94.3
533.1,297.7,53.8,91.7
532.9,299.4,52.2,87.9
533.1,300.8,51,87.6
523.9,298.6,52.3,85.6
511.8,298.2,56.7,85.7
502,299.8,56.7,85.7
515.8,301.6,55,88.4
504.1,298.5,59.3,88.2
501.9,300.2,60.4,88.8
500.3,299.2,61.4,90.3
499.8,300.3,61.4,93.3
486.1,300.1,66.3,93.3
485.1,299,68.5,95.5
488.4,305.2,59.9,122.5
487.4,288.2,60.6,113.4
472.9,290.5,63.6,110.8
472.8,309.7,65.2,118.2
456.7,290.7,67.8,112.9
455.1,293.6,70.3,113.2
455.3,297.5,69.9,114.9
452.7,302,72.2,110.5
450,302.3,73.9,108.9
447.4,299.7,76,112.2
447.2,302.2,74.8,116
447,302.1,75.2,118.9
447.5,301.1,74.3,126.3
447,300.9,73.8,133.8
446.4,300.4,75,144.1
445.7,296.5,76.7,154.9
444.7,297.2,78.3,159.8
445.4,294.1,79.3,162.3
444.7,268.5,80.3,155.6
444.1,275,83,155.8
443.7,280.4,82.3,156.7
442.6,280.8,81.3,159.7
443.6,282.3,81.3,155.3
442.7,284.6,84.8,152
443.3,288.2,83.4,142.8
444,290.3,82.1,146.5
444.3,291,80.3,153.3
443.1,293,80.5,157.7
455.7,296.1,82.8,148.5
475.3,299.6,75.9,132.6
455.3,297.8,77.4,126.5
451.5,298.2,79.6,116
446.9,301.9,83,105.5
430.5,305.8,82.2,97.6
430.3,307.4,80.1,92.4
432.5,308.6,76.3,90.7
435.3,310.2,71.9,87.6
434.2,309.2,71,83.2
436.7,309.2,65.5,81.9
436.6,296.5,63.9,80.6
436,301.7,64.7,76.4
437,302.2,64.2,75.3
435.5,301.5,68.6,74.2
432.3,288.7,70.3,73.9
429.1,293.2,73.7,72.3
427.7,295.1,75,73
429.4,295.2,74,74.9
428.7,294.1,70.9,75.6
430.8,292.9,67.7,80
431.5,295,64.8,81.1
431.2,306.9,61.9,83.2
429.2,304.3,60.5,90.6
430.3,317.9,59,108.8
434.6,360.9,55.7,110.6
436.8,362.4,56,110.7
440.1,378,56.1,116.2
441.2,375.4,56.5,119
440.6,374.6,58.7,122.6
439.8,371.4,60.8,126.9
438.9,346.8,63.3,132.2
438.7,350.1,65.2,134.3
439.3,358.3,65.6,136.4
440.3,378.7,68,140.2
444.3,372.9,65.1,142.9
444.8,369.3,65.3,143.2
444.7,374.7,66.2,138.2
445.7,367.1,64.6,143.6
444.4,362.2,64.3,148.1
433.5,365.8,67.3,143.9
434.9,353.6,69.5,152.2
432.2,354.1,71.2,154.1
420.3,330.7,72.5,151.4
424.6,363.7,73.8,147
424.5,360.8,71.5,151
413.6,353.5,67.8,150.2
415.6,345.8,68.3,166
416.2,379.9,68.8,158.1
413.9,374.8,69.6,158.6
399.8,364.2,70,163.4
399.2,358,69.6,168.3
388.1,350.3,67.8,173.4
386.4,338.2,67.8,187.1
384.6,333.7,64.3,194.2
377.3,323.4,59.8,206.4
377.5,301.5,57.7,228.3
375.4,287.3,57.5,237.7
376.4,278.4,58.2,238.3
385.2,273.2,61.4,239.7
388.9,258.5,62.8,247.8
398.4,252.7,64.8,236.9
400.4,244.3,65.3,240
410.9,242.1,69.4,235.3
414.8,235.9,68.2,245.3
418.6,235.8,67.7,246.8
430.3,232.4,65.3,239.1
425.5,225.3,67.8,240.6
420.8,220.7,69.5,238.2
417.6,223.2,69.9,233.5
421.5,214.8,66.9,244.5
420.3,216.9,68,247.6
422.6,217.5,67.8,248.7
422.7,213.2,70.8,248.7
422.3,214.2,70.5,245.3
423.7,211.8,69.2,249.2
424.9,225.2,69.5,243.6
428,226.8,69,243.2
428.9,227.4,71.9,239.8
428.7,223.4,76.3,244
427.8,225.7,80.1,245.9
428.3,226.6,84.6,245.3
429.3,220,84.2,256.1
432.5,220.3,81.4,254.6
430.5,218,81.6,253
430.6,218.2,78.9,253.1
430.6,222.9,77.6,249.9
432.3,221.3,79.5,251.5
434.6,220.2,77.8,251.3
436.3,223.4,76,254.7
438.6,219.5,74.4,255.2
439.9,228,76,251.8
442.8,228.4,75.2,247.5
443.3,227.3,73.8,244.4
443.3,225.9,73.6,239.7
443.4,224.2,73.7,239.4
445.5,227.5,75.8,235.6
444.7,229.6,75.2,237.1
444.7,227.7,74.7,243
446.5,234.6,73.3,243.5
446.2,251.7,74.1,233.7
448.8,251.4,71.1,234.7
450.3,245.6,70.8,241.6
451.7,246.9,71.3,241.3
453.2,244.1,70.7,243
453.8,245.6,69.4,239.5
455,252.1,68.4,236.8
456.3,255.1,69.7,231.9
459.4,255,68.6,233.6
458.9,249.2,67.2,240.5
459.4,251.3,67.7,238.2
458.5,252.8,67.5,239.1
457.8,261.8,67.6,230
456.7,257.5,67.4,233.5
455.6,261.8,68.1,228.3
455.3,262.7,66.5,225.7
456,260.6,64.3,229.4
456.8,257.8,64,231.5
456.1,259.4,64.4,228.8
456.6,258.9,62.9,229.3
457,258.5,63,229.8
457.3,254.7,62.1,234.6
458.6,259.1,61.9,228.6
458.9,249.7,61.7,240.6
458.1,247.8,62.8,240.4
457.2,250.6,63.8,236.7
457.9,249.1,62.8,244.6
457.2,240.7,62.4,252.5
458.5,239.4,60.2,253.7
458.5,234.6,60.7,257.2
458.9,232.6,61.9,258.3
457.3,236.6,63.1,253.9
459.6,231.6,60.9,260
458.7,233.8,61.8,257.8
458.7,233.1,62.2,259.8
457.7,231.5,63.1,262.9
458.2,231.2,64.1,262.4
459.6,231.3,62,264.6
459.4,233.5,62.4,258.4
459.1,233.9,62.8,260
459.4,238.7,63.8,256.2
462.3,237.1,62,259.3
460.9,236.4,63.3,260.7
460.2,240.3,65.5,252
462.9,240.9,64,254.4
463.2,239.4,64.1,253.9
466.2,236.8,63.3,258.9
465.1,234.1,64.1,257.5
465.9,240.6,66.4,257
466.9,237.2,65.2,253.4
467.1,238.3,64.1,253.4
467.5,241.7,63.4,250.9
467.2,241.4,64.4,247.1
469.3,242.6,62.3,245.6
469.3,242,62.6,244.4
469.8,244.3,65.1,242.4
469.4,246.9,65,244.6
470,239.9,68,245.3
483.3,239.4,63.3,240.8
483.5,237.4,63,232.5
481.4,236.8,64.3,227.7
478.5,237.7,64.7,224.2
476.5,230.9,66,228.6
476.3,234.1,68.3,218.9
474,231.5,72.8,222.3
473,231,75.2,221.2
473.7,223.4,75.4,220.6
475.1,230.1,74.9,228.1
474.7,232.5,77.2,226.8
475.9,237.5,78.4,222.4
492.4,238.3,74.7,207.3
493.8,239.5,71.5,200.2
494.7,235.7,67.6,198.9
494.8,236.4,66.3,197.8
494.4,236.8,66.3,197.8
508.1,237.5,66.3,197.8
539.4,211.1,62,169.2
542.3,218.2,55.1,152.9
546.1,229.3,49,133.9
539.7,230.7,45.6,127.3
542.1,232.1,41.9,122.7
544.1,230.4,37.2,121.6
538.6,230.4,35,117.4
539.9,251.2,32.5,112.8
533.3,230.6,30.7,114.4
527.9,250.9,30.3,110.1
521.8,236.3,31.3,106.9
515.3,240.7,32.6,115.7
513.2,259,34.1,117
514,237.6,34.4,122.3
513.2,239.5,33.5,126.9
463.6,346.3,33.4,123.9
458.9,347.5,33.4,123.9
461.3,348.6,33.4,123.9
462.5,346.9,33.4,123.9
499.3,375.8,32.9,127.3
500.6,378.3,31.7,130.9
526.6,249.2,31.4,121.8
513.3,255.9,33.2,110.8
513.5,255.3,33.8,108
514.9,254.1,32.5,104
508,239.4,33.8,101.1
492.7,281.1,36.1,100.7
500.7,277.5,35.7,99.5
508,271.8,34.1,97.7
500.4,277.8,33.1,90.8
498.7,277.9,35,89.2
497.1,290,35.6,95.3
489.9,283.5,37.2,99
483.3,279.8,36.5,103.7
484.1,280.8,36.5,103.7
492.6,279.8,36.5,103.7
492.8,277.9,37.9,106
499.7,255.9,39.1,104
500.6,256.7,39.1,104
508,255.4,39.1,104
491.6,278.6,41.2,100.8
499.6,297.3,41.1,108.8
492.5,278.4,38.7,110.4
493.7,281.4,36.8,114.9
494.6,284.7,38,119.4
502.6,285,38.2,114.8
499.2,285.5,41.4,117.6
497.8,287.2,42.6,122.6
496.7,290.1,43.8,126.9
496.6,289.6,45.1,125.3
497.5,288.3,45.9,133.1
501.4,286.7,44.5,138.5
502,287.6,44.5,140.5
502.1,285.5,45.5,132.2
505,283.2,43.8,132.7
506.1,284,43.3,134.9
506.6,282,42.7,137
506.4,281.3,42.6,137.7
506.7,284.2,43.8,142.9
506.4,284.7,45.4,150.9
506.8,280.3,47.4,169
515.9,278.8,45.1,191.8
515.9,272.5,44.6,217.1
506.8,271.9,47.3,232.8
505.8,273.1,51,242.5
497.8,287.5,50.4,238.3
496.1,288.1,52.9,235.3
495.5,279.4,54,236.5
495.3,282.2,55.3,233.8
492.4,285.1,58.2,230.5
489.6,285.1,61.7,227.9
492,259.1,58.8,208.2
480.9,274.9,56.7,193.8
482.3,279.1,53.5,188.7
481.6,283.4,53.3,176.6
482.8,285.1,50.9,164.6
475.6,280.6,47.9,165.5
479.8,282.2,45.6,164.1
481.7,280.4,43.8,168.3
482.8,272.6,43.1,178.5
483.8,276.3,45.1,172.5
483,270.4,46.1,190
481.4,267,48,176.1
482.5,266.5,48.9,185.3
483.5,271.6,50.3,194.5
483.7,274,48.4,206.9
484.5,272.4,48.3,219.7
485.4,273.9,48.5,230.1
485.9,266,48.2,239.9
485.1,266.9,48.2,245.5
484.1,271.4,48.2,244.4
484.6,275.2,47,236.9
485.5,276,46,242
486.5,273.2,45.2,237.2
488,276.2,45.9,238.3
489.1,274.2,46.4,240.6
489.3,271.1,46.8,242.3
491.7,275.7,45.1,247.4
492.1,251.9,43.9,221.7
493.5,262.7,43.1,218.4
495.2,265,42.5,218.6
496.3,271.6,44.3,211.8
499.2,266,43.2,227.6
500.4,260.3,43.3,226.7
502,260.4,42.8,225
504.1,259.2,42.2,236.2
504.2,264.5,44.8,236.6
505.6,265.4,45.2,249.1
506.5,268.8,46.9,247.2
506.8,262.4,46.6,257
506.9,263.8,47.3,256.1
508,264.6,45.5,253.9
508.7,270,45.5,242.8
509.7,272.9,46.5,233.6
503.9,248.3,45,213.9
505.4,268.7,44.9,191.3
506,277.2,45.5,182.3
506.9,279.2,46.3,177
507.9,279.1,47.7,174
507.9,279.5,47.8,165.8
508.4,273.9,48,166
508.9,272.9,47.4,160
510.4,270,46.5,156.5
510.2,267.4,46.4,159.9
510.7,270.9,46.8,153.4
511.6,272.5,46.6,152.5
514.2,270.7,44.7,150.5
513.9,274.1,44.2,154.8
514.5,276.7,45.2,162.8
514.8,280.3,46.4,172.2
514.8,280,49.9,187.7
514.8,276.9,52.3,201.6
515.8,277.9,52.4,214.3
517.8,279.9,53,220.9
519.5,281.5,53.6,227
528.1,288,53.5,227.2
525.2,287.9,56.6,233.6
522.9,291.7,57.6,243.9
522.3,294.1,54.1,253.2
522.8,299.6,53.7,254.9
524.8,301,55.3,253.7
534.2,304.7,54.8,258.2
537.2,311.8,53.7,255.7
537.1,311.1,55.4,251.3
541.7,312.9,53.2,249.7
551.3,302.4,54,250.9
551.7,303.3,53.8,244.9
554.7,304.3,54.8,243.2
563,310.9,55.8,251.8
562.8,307,55.4,257.3
565.1,311.9,52.7,255.2
565.2,313.1,53,255.6
565.8,311.2,52.9,260.2
564.8,317.6,53.6,253.5
565.3,316.6,52.9,248.7
563.6,319.3,52.5,240.4
560,319.4,54.4,240.1
553.1,324.3,53,240.8
552.7,320.1,53,244.1
543.4,333.7,53,232.4
567.6,269.1,51.7,196.5
570.7,288.9,47.5,169.5
573.1,298.8,44.2,154.7
574.8,332.9,42.7,143.1
575.9,314,42,124.8
574.1,349.4,42.8,114.1
573.1,352.9,44.2,104.7
573.8,346.1,44.6,89.3
573.2,356.2,45.7,76.3
573.2,358.1,46.1,71.8
572.7,359.6,43.8,68.3
573.2,358.7,43.6,66.3
572.8,359,43.6,63.9
572.5,358.7,44.1,63.3
572.4,359.9,44.4,61.7
573.7,360.3,44,61.7
573.9,362.9,44.3,61
574,363.4,43.8,62.2
574.8,362.4,44.6,63.2
575.1,362.9,44.7,64
575.4,363.4,44.4,63.8
574.6,364.5,43.4,63.4
573.9,364.6,43,64.3
574.1,365.4,43.2,64
574.3,365.9,43.2,60.8
575.3,367.9,43.6,59.1
575.9,369.9,43.6,56.2
576.6,372.2,44.2,54.1
577.3,375.1,43.2,51.3
578,377.3,43,49.2
578.8,380.6,42.4,48.2
578.9,382.1,42,48
533.4,412.6,43.2,49.8
533.5,412.8,43.2,49.8
532.8,423.1,43.2,49.8
523.7,422.7,43.2,49.8
523.7,422.7,43.2,49.8
523.6,424.3,43.2,49.8
523.1,425,44.9,51.2
571.5,402.4,47.4,51.3
571.6,403.2,49.3,50.7
572.9,405.9,49.9,48.4
575.4,407.6,49.1,46.7
577,408.8,49.2,46.6
579.3,410.6,48.2,45
581.8,412.1,49.2,42.9
584.2,413.3,49.3,41.9
586.4,414.3,47.8,41.4
588.2,421.2,46.8,42.8
519,446.3,47.7,46.4
528.9,445.1,49.2,48.1
527.4,445.1,51.7,49.5
525.9,445.4,53.7,51.1
583.9,423.9,52.9,50.7
585.5,424.2,51.7,50.6
586.8,424.2,51,50.4
589.3,426.2,50.5,48.2
603.7,430.5,47.7,44.6
613.8,440.1,46.5,45.5
615.8,439.4,45.6,47
616.3,437.8,43.6,48.5
616.5,437.2,44.1,48.2
616.7,436.1,43.9,48.4
552.2,466.3,44.2,51.3
560.1,466.2,45.9,52.9
558.6,466.3,47.3,54.2
556.6,467.3,49.9,56.9
553.1,467.8,54.6,60.5
552,465.6,56.7,61.2
550.8,464.8,59.1,62.2
538.7,467.2,61.9,62.5
538.7,466.3,63.8,66
525.4,464.8,66.9,66.5
524,463,67,66.8
509.6,461.6,70.6,67.3
509.7,458.9,69.8,69.6
511.4,458.7,71.6,70.7
510.7,462.2,71.6,68.3
510.1,461.8,73,67.8
508.9,462.8,73.5,65.2
507.4,460.6,72.1,65.5
493.8,459.5,75.3,66.8
495.6,457.9,77.7,68.3
496.1,455.8,76.7,70.9
497.4,453.2,76.6,73.3
499.4,452.6,78.5,75.9
503.2,453.3,78,76.7
505.1,452.9,78.4,78.9
505.1,451.1,79.5,80.1
508.7,452.2,76.6,78.2
510.8,453.5,74.6,76.4
510.7,451.2,75.2,78.3
525.6,439.5,74.6,72.8
508.2,450.5,76.8,75.5
508.3,440.7,77.5,70.6
508.6,441.1,76.9,71.4
507.9,438.2,77.2,74.3
496.1,437.7,77,76
497.5,435.3,78.1,77.6
498.9,425.8,78.8,74.1
487.5,429.2,77.1,74
488,427.2,75.9,75.3
503.7,413.3,75.9,75.3
487.9,419,76.4,73.2
487.4,421.3,77.7,71.7
473.5,423.1,79.1,72.1
472.6,421.5,78.1,72.1
458.9,421.2,79,71.9
461.2,420.5,78.1,74.8
461.3,420.7,78.4,75.5
462.4,421.2,78.5,76.9
464.5,419.9,74.8,78.8
464.5,420.2,74.2,79.9
463.5,419,75,79.9
463.4,418.1,76.1,81.3
463.4,418.8,76,80.6
463.9,419.2,76.6,80.6
463.9,419.3,77.1,79.6
463.7,420.1,78.4,79.8
462.9,421.8,77.7,79.7
461.8,422,78.7,79.2
461.5,423.7,77.9,78
460.9,424.8,76.7,78.2
449.7,426.9,76,78.2
451.2,427.3,78.1,80.9
451.6,428,77.2,82.1
466.5,425.3,77.2,82.1
451.7,428.7,74.3,78.4
451.3,430,74.8,78.6
451.2,431.1,74.7,78.6
450.6,431.9,74.7,78.5
451.2,432.2,75.2,79.1
451.7,432.2,74.2,79.5
450.4,431.6,74.9,80.1
451.3,432.4,74.4,78
466.6,420.5,73.2,72.4
452.3,426.5,75.7,70.1
453.3,426.3,77.8,70.7
455,427,76,68.7
456.4,426.1,76,68.7
457.7,424.2,76.2,71
457.9,422.9,77.7,73.1
458.8,421.9,77.8,74.5
459.5,420.8,78.6,75.6
460,419.5,77.5,75.6
460.3,419.8,78.8,75.2
460.5,420.3,77.7,75.4
461.1,419.9,77.8,77.7
462.3,418.9,78.4,80
464.2,419,77.9,81.5
465.4,418.1,78.5,85.7
466.7,417.7,77.5,87.8
467.8,416.8,79.8,91.1
468.7,413.9,78.3,95.6
468.9,415.2,77.8,100.8
469.5,414.6,78,106.1
468.4,411.8,78.5,109.3
468.4,411.6,79.4,111.6
469,410.3,79.2,116.4
469.3,410.6,79.3,117.5
470.2,411.2,80.9,117.8
470,410.6,81.1,118.1
469.6,409.9,82.1,119.8
470.5,410,81.3,121.4
470.5,409.1,83.2,121.4
470.2,409.7,83.9,121.1
471,408.9,83.6,121
470.1,408.2,82.2,120.8
470.4,408.5,82.3,119.9
469.6,409.7,84.3,117.9
469.7,407.8,82.5,118.2
469,408.1,83.9,117.7
468.6,409,85.3,116.7
468.5,407.6,85.4,115.6
467.6,407.5,86.5,117.1
468.1,408,86.1,116.5
467.7,407.5,86.6,116.9
467,408.3,87.2,113.1
466.5,406.9,88,114
467.2,407,86.7,111.1
467.8,407.5,85.8,109.1
469.2,410.7,83.2,109.5
469.3,414.2,80.8,104.1
470.3,418.3,81.3,102.3
471.1,422.9,80.4,99.8
370.7,380.9,75.4,100.4
374,379.1,68.9,99
373.7,376.9,65,99.9
375.7,356.8,60.2,105.8
379.1,336.3,54.4,115.6
380,325.7,52.3,130.9
380.6,314.3,50.7,157.3
382.5,291.3,52.2,162
381.5,289.9,52.7,174.6
382.2,284,50.6,182.2
381.8,279.2,51.8,190
380.5,272.2,52.9,193.9
379.8,271.9,53.3,191.5
378.3,271.7,54,189.7
376.3,278.5,53.2,186.4
375.5,285.3,55.3,184.7
374.4,298.7,54.2,176.3
373.6,302.9,53.7,177.1
373.8,312,53.1,174.8
374.9,317.7,51.7,178.5
376.5,324.3,50.4,179.2
378.5,333,48.6,172.8
380.5,342.7,46.8,163
380.1,350.3,45.7,158.1
381.1,350.4,45.9,152.4
382,347.5,45.6,151.1
381.1,346,46.2,151.7
381.2,348.1,46.5,145.4
380.1,344.8,46.4,147.5
381.4,346.1,43.7,145.7
381.7,342.8,43.3,149.3
373.8,339,44.8,152.9
382.1,324.2,43.4,140
381.4,332.2,40.6,136.2
374.4,337.4,40.4,138.4
374.5,338.4,40.7,148.4
375.3,337.4,39.9,153.9
369.5,314.4,39.2,151.4
372.7,321,37.7,141.8
371.7,329.3,39.7,133
367.5,332.9,38.7,137.5
371,330.7,37.2,144.4
372.6,348.4,36.2,159.3
371.5,336.3,36,169.2
370.6,336.1,36.5,173.3
368.5,338.3,36.9,170.6
367.4,329.7,36.3,184.4
365.6,328.6,37.2,182.2
363.7,328.6,38.2,179.2
362,331.2,40.8,178.6
360.6,329.1,43.5,177.2
361.4,325.4,44.6,180.2
362.7,323.9,44.9,182.5
364.7,321.6,45.4,185
367.1,318.9,44.8,182.2
368.7,320.8,43.9,178.9
368.4,315.9,45,184.7
368.9,318.7,45.3,183.4
369.8,315.7,43.7,186.4
370.2,312.8,43.5,190.9
372.9,315.7,41.7,190.5
374.1,316.1,40.1,187.7
376,314.5,39.1,187.5
377.1,323.1,39.6,183.6
378.5,321.4,39.3,184
379.7,318.5,39.3,185.1
381.1,321,38.9,179.1
382.6,318.8,38.6,178.8
382.9,317.7,37.7,183.3
382.8,319.9,38.2,185.8
382.8,318.8,38.4,188.7
382.8,315.9,38.7,189
382.4,319.5,39.3,174.1
382.1,324.4,39.3,164.8
382,328.1,38.5,159
381.5,321.3,37.8,161
382.7,326,36.8,157.8
383.1,319.4,36.5,170
381.7,318.9,37.7,168.5
380.6,316.8,40.1,172
380.1,313.3,40.5,171
374.3,293.2,40.7,157.7
378.2,318,39.6,164
380.3,310.9,37.8,178.7
379.9,309.2,38,182.9
379,308,38.9,179.2
378.9,311.2,38.7,173.1
378.2,309.3,39.2,173.5
376.8,317.4,39.9,170.6
378,308.4,37.1,177.6
378.5,312.9,36,176.7
377.4,312.1,36.6,170.7
376.2,314.4,36.5,171.1
375.2,318.2,37.9,168.3
374.9,315.6,38.7,162.1
376,312.4,38.4,168.8
376.5,311.9,38.6,170.9
376,313,37.9,169.3
374.4,311.4,39.1,169.9
374.7,305.4,40.5,172.9
373.5,304.2,40.8,165.2
373.3,303,41,170.1
373.7,302.3,41.5,172.4
372.1,298.8,42.5,174.7
369.5,308.1,45,165
369.8,308.3,44.8,168.3
369.2,303.3,45.3,171.6
367.7,303.7,47.3,168.3
366.9,299.9,47.9,169.3
364.6,300,49.6,172.5
364,305.2,50.2,167.9
364.3,306.7,51.6,161.4
362.8,308.7,53,159.5
354.4,312.1,54.1,151.7
354.5,313.7,54.9,151.1
355.4,305.6,54.7,166.5
356.2,306.4,53,162.9
356,308.2,53.3,163.1
357.4,315.2,51.7,159.6
356.9,319.9,52,156.8
356,322.1,52.1,153.9
355.1,324.7,52.5,154.5
347.5,322.7,52.5,153.2
351.1,323.8,50.8,153.2
351.5,316.6,50,160
353.2,317.1,47.8,168.2
353.2,320,47.1,167.5
354.7,314.9,45.7,172.2
353.5,323.2,45.7,163.6
353,322,46.2,163.3
353.7,314.5,46.8,172.3
354.3,319.7,46.7,165.6
355.9,315.2,45.4,168
358.9,308.6,44.3,173.3
359.7,317,45.2,164.2
359.7,313,46.1,167.8
358.9,304.6,48,175
352.3,314,49.5,166.6
362.9,307,49.6,173.1
363.2,308.7,49.6,173.1
363.2,313,50.1,170.5
356.4,303.9,48.8,177.1
358.2,311,48.6,172.2
360.5,313.6,46.4,169.2
361.4,311.9,45.3,173
361.4,310.9,45.8,176.8
363.2,309.7,45.5,177.3
363.9,316.2,45.5,171
366.1,316.3,44.8,172.4
366.9,312.8,44.6,175.9
366.7,316.2,46.7,173.3
368.2,316,48.4,172.8
369.4,306.5,48.4,181.8
370.5,305.6,48.7,183.7
372.4,309.4,47.9,181.4
373.6,307.6,50,183.9
376.6,309.9,48.7,181.5
377.8,301.9,48,188.2
378.4,303.1,49.1,183.8
379.9,305.4,49.9,184
382,302.7,49.1,183.1
382.4,300.2,50.2,185.2
383.9,301.1,52.3,186.3
384.6,298.9,54.1,189.3
387.1,299.8,50.8,192.3
386.3,297,53.2,195.4
387.2,296,53.2,193.4
388.7,292.7,54.2,189.6
390.2,290.6,52.6,194.1
391.6,285.5,50.5,194.2
394.2,282.6,48.6,201.1
394.9,284.3,48.8,194.7
396.9,284.9,47.5,198.3
398.3,287,48.2,198.3
397.9,289.3,49.2,198.5
399,289.6,50.4,195.3
402.1,291,49.8,193.6
404,289.7,49.9,194.7
407.3,296.8,48.7,189.1
408.1,297.6,47.7,191.4
416.8,297.9,45.8,191.9
416,303.6,44.9,185.6
417.1,297.1,45.2,189.6
418,294.7,45.4,195.4
418.8,299.9,46.4,188.6
420.1,297.3,45.5,188
419.6,294.8,47.3,187.2
419.5,287.9,48.9,187.4
418.9,288.1,51.3,180.5
428.1,289.4,51.3,180.5
419.3,294.4,51.3,180.5
420.7,256.5,51.3,180.5
429.5,260.7,51.3,180.5
426.1,298.1,52.9,179.7
425,297.3,51.8,178
425.7,296.8,51.8,178
427.7,295,50,179.2
429.1,286.2,47.3,188.2
430.9,288.5,45.8,193.1
432.6,294.1,46.6,189.4
433.8,297.9,45.9,187.7
433.9,298.5,46.5,187
434.9,294.5,46.5,189.9
441,296.7,47.4,186
440.6,296.7,47.4,186
441.4,295,47.4,186
442.8,297.1,47.4,186
452.2,296.1,47.4,186
444.6,293.4,47.2,189.9
546.1,316.2,44.4,187.2
546.7,323.9,43.8,183.1
555.1,328.8,43.7,164.7
545.2,298.6,43.7,164.7
536.1,330.9,43.7,164.7
525.1,299.6,43.7,164.7
522.4,301.8,45.5,167.4
519.3,300.4,48.4,175.1
518.7,294.8,50.3,179.8
518.6,290,51.5,185
518.5,287.3,53.4,188.3
519.1,281.7,54.9,190.1
520.3,282,56,197.3
523,278.7,57.3,208.2
523.8,283.8,59.9,233.5
524.1,286.3,59,254.3
526.3,286.8,60.1,262
528.2,283.6,59.3,267.2
526.8,292.1,57.4,256.8
530.1,291,56.2,260.5
529.7,288.7,54.3,261.4
529.6,293.2,55.4,256.6
529.3,291.9,57.6,259.4
528.2,291.1,59.8,261.9
521,288.9,57.4,261.4
522.4,287.6,56,264.7
521.8,294,56.3,258.3
522.7,288,53.9,257.7
523.4,286.1,53.7,257.5
523.8,286.1,52.4,262.9
525.4,289.9,51.1,255.6
526.4,280.2,52.2,260.8
528.7,287.1,50.7,259.3
526.5,284.9,52.6,260
527,284.9,52.6,255
528.2,282,51.6,258.9
529.6,279.2,53.1,264
529.8,279.1,55.2,264.1
530.7,281,58.2,263.7
533,278.7,57.4,267.6
533,279,58.9,264.8
534.2,285.4,57.6,257.7
535.6,292.3,57.7,253.3
535.3,288,55.4,257.5
537.4,290.9,54.3,257.7
536.5,292.2,56.2,256.4
535.7,286.1,57,264.2
529.2,282.4,54.4,260
530.7,285.2,52.7,267.2
530.8,285.4,52,263.2
529.2,290.5,52,257.3
529.6,290.7,51,263.1
528.2,287.9,52,262
527.7,286.5,53,257.6
528.4,284.1,53.6,253.1
528.5,286.9,53.9,241.3
529.9,280.6,54.5,248.5
528.8,284.7,58.3,242.3
530.8,282,59.4,243.4
532.4,289.6,62.1,246.1
535.7,287,61.3,252
538.5,280.4,59.4,260.2
538.5,283.1,59.9,253.6
540.1,288.5,58.5,254.1
538.3,281.7,59.2,262.7
538.5,290.2,60.1,254.8
539,299.8,59.9,247.3
540.9,303.4,60.3,242.1
540.6,295.7,61.5,251.8
539.7,288.2,64.8,253.7
537.5,285.8,67,257.5
535.4,287.9,66.3,252.6
534.8,283.9,62.9,256.7
534.7,281.3,61.2,261.9
534.6,280.4,61,257.1
533.8,286.4,60.5,255.3
533.4,283.3,60.3,256.2
533.5,280.4,63.1,259.1
535.9,284.7,61,251.7
545,284.7,64.3,250.2
544.5,280.5,63.1,254.5
544.5,291,64,253.5
544.7,291.8,63.3,248.7
546.1,290.3,60.2,246.9
546,279.4,59.3,262.4
546.3,279.3,57.5,260
548.1,283.7,56.5,259.3
549.3,277.8,53.9,262.1
548,285.9,53.8,258.7
547.5,285.7,56,253.7
547.8,291.6,56.7,252.1
547.3,286.3,59.6,259.7
545.7,280.1,61.7,263.4
544.6,286.4,64.8,255.4
535.1,284.3,62.7,253.7
536.6,278.4,61.8,253.6
538,281.9,62,247.4
538.1,281.4,61.1,246.3
529,287.4,60.7,236.9
541,263.8,59,213.7
540.6,267.6,59.8,212.2
539.6,272.2,61.1,217.8
539.8,280.4,61.2,227.1
541.2,311.4,61.7,233.9
542.4,275.1,59.3,244.7
543.8,275.7,57.5,252.7
545.3,277.7,56.1,260.2
544.1,273.6,58.1,262.2
544.7,275.6,57.5,257.4
546.5,269.8,56.3,257.8
545.3,264,56.9,261.3
545.5,263.5,57,263.8
545.6,264.6,55,263.4
544.8,265.7,54.8,258
545.4,268.1,54.4,258.5
546.2,273,55,252.2
546.8,283.8,54.8,244.1
546.1,290.7,55.1,237.8
546.1,293.8,55.2,236.7
545.4,302,55.7,228.9
544.9,318.3,55.1,215
544.2,323.7,55.8,209.4
542.4,326.7,58,205.8
553.2,292,57.9,202.4
540.5,304.2,58.2,206.5
537.3,353.7,59.6,192.9
534.5,357.8,61.1,181.9
526.6,358.7,59.6,179.6
528.7,361,59.4,177
528.4,365,60.9,171.1
520.4,364.4,61.2,172.3
520.9,335.6,59.9,178.7
520.9,341.4,59.6,185.2
519.4,344.3,61.4,186.6
509.4,351.3,61.8,182
510.3,359.3,64.7,175.4
509.7,363.6,66.1,168.2
511.2,233.5,63.9,151.7
501.2,231.8,60.8,149.7
504.4,229.6,57,152.1
505.1,227.4,57,152.1
505.6,204.4,57,152.1
495.2,233,57,152.1
496.8,232.1,55.7,152.5
497.3,233.1,55.7,152.5
498.4,234.5,55.7,152.5
498.9,236.1,55.7,152.5
498.7,262,55.7,152.5
488.3,234.8,55.7,152.5
488.9,237.2,55.7,152.5
475,213.9,55.7,152.5
472.8,230,56.1,134.9
