791,595,60,40
776.6,585.1,60,40
750.9,546.8,60.2,44.2
736,539.2,60.2,44.2
709.8,520.3,58.5,40.7
696.5,512.7,58.5,40.7
683,505.7,58.5,40.7
651.8,498.1,53,46.2
639.6,492.5,53,46.2
616.6,509,49,46.9
623.2,521,49,46.9
576.5,539.9,46.6,51.1
562.2,553.5,43.6,53.1
551.2,564.2,43.6,53.1
552.3,552.3,43.6,53.1
519.2,609,39.1,58.2
505.4,625.6,39.3,59.4
494.9,643.2,39.1,57.2
485.3,634.6,39.1,57.2
475.2,648.1,39.1,57.2
469.1,678.1,36.2,40.9
463.3,684.5,33.8,34.5
457,694.4,33.2,24.6
460.1,697.2,29.7,21.8
463,699.3,26.2,19.7
471.4,699.7,24,19.3
467,696.2,24,19.3
487.9,684.7,24.2,20.4
493.3,688.7,24.2,20.4
498.7,693.5,24.2,20.4
340.1,87.1,67.4,36.5
345.9,58,67.9,34.1
353,29.8,67.9,33.6
358.2,2.4,69.7,32.9
371,0,69.7,32.9
430.8,50.4,69.7,32.9
445.2,43.8,69.7,32.9
441.2,67.5,52.6,39
444.6,48.6,48.6,43.8
446.8,35.6,46.6,49.1
446.1,22.7,52.5,51.7
448,12.1,55.5,53.2
451.7,4.5,54,52.7
454.1,3.5,57.1,53.6
455.6,3.7,59.3,51.6
460.2,3.1,58.7,50.9
463.7,3.3,58.8,50.3
467.1,2.7,58.2,50.8
471.6,3.7,58.9,52.7
475.7,5.5,57.6,55.1
477.4,15.6,58.4,57.9
479.7,26.6,62.2,57.9
483.1,38,61.9,58.8
487.2,50.9,61.9,60.4
491.9,64.6,62,60.2
497.1,76.9,60.3,60.2
502.1,89.1,59.3,61.1
506.3,102,58,62.2
510.4,115.1,57,63.7
513.9,128.3,55.4,65.1
518.9,140.7,53,65.1
519.7,152.8,55.7,65
524,164,53.2,68.2
527.9,167.4,52.1,66.1
532.4,171.9,51.1,64.1
544.3,186.1,47.1,62.9
545.9,190,46.8,66
546.9,194,48.7,66.8
549.5,206.1,50,69.3
552.8,207.5,50.6,67.9
556.2,210.7,51.5,66.4
559.7,224.2,51.8,66.5
572.2,220.7,51.8,66.5
574.4,216,51.5,75.2
577.1,218.4,47,78.9
579.4,231.9,48.4,81.4
578.4,238.3,52.4,78.3
578.7,244.3,54.3,77.5
591.2,262.1,52.4,79.5
595.5,264.9,51.4,80.6
597,280.2,51.2,81.4
600,282.3,51.8,82.8
602.9,296.5,50.6,84.8
605.1,299.1,51.8,85.2
607.2,304,51.2,82.3
607.9,309.3,51,81.9
609.8,313.3,50.1,80.9
613.3,316.3,47.8,79.7
615,319.9,48,79.7
607,318.1,52.2,81.6
608.3,305.2,52.2,81.6
610,307.9,51.4,80.2
610.4,307.6,49.9,78.8
610.1,293,49.3,78.8
611.8,278.2,46.2,80.4
604.2,264.9,48,79.4
603.6,264.2,48.2,82.4
605,250.4,46.5,82.8
595.8,253.8,50.3,79.9
596.9,242.2,48.3,76.8
587.4,246.7,51.9,74.3
587.6,247.6,50.9,73.8
578.9,247.9,52.7,71.1
579.6,249.6,51.8,69.6
571.6,251.3,54.1,66.9
571.9,253.2,52.7,66.4
564,257,53.8,63.2
563.3,261.2,54,63.5
563.3,265.8,50.8,61.5
553.9,276.3,52.7,64.3
547.8,278.3,52.5,66.4
550.2,281.8,52.7,65.7
551.5,285.5,51.2,64.6
551.9,296.5,48.6,66.1
542.6,305.1,48.6,69.7
543.4,306.7,53.4,70.4
545.5,309.9,51.4,69.3
546.4,322.8,50.9,68.8
549,323.5,49.4,70.2
549.6,334.4,49.3,71.2
540.9,335.6,54.4,69.4
544.4,339.9,55.6,65.9
548.9,344,55.1,65.5
552.1,348,53.6,66.4
554,349.9,52.1,68.8
555.3,352.1,54.3,69.1
556.6,352.9,54.2,71.2
557.1,354.5,57.1,73
558.4,355.8,56.8,73.1
559.5,356.7,58.8,74.3
560.6,354.9,60.8,76.7
561.5,354.4,62.5,77
563.7,352.6,58.8,77.3
566.7,351.5,58.8,77.3
578.8,342.4,59.9,73.8
570.5,345.6,62.9,72.7
574.6,341.7,62.2,76.6
576,329.7,61,75.7
578.7,320.4,61.2,70.2
581.1,322.4,61.7,72.9
584.1,319,60.5,76.6
587.2,307.3,61.1,77.5
588.7,298.7,62.4,73.7
590.5,299.5,62,76.5
597,292.8,59.3,77.1
587.5,290.1,62.2,81.9
603.9,281,57,88.4
606.3,275,56.2,90.3
606.1,264.5,61,84.2
607.6,261.7,58.4,87.1
610.2,249.8,61.3,86.3
610.6,249,63.1,87.7
610.3,237.6,67.5,85.9
612.8,234.3,64.3,89.8
615.3,229.2,64.8,96
944.2,151.7,54.4,42.6
947.3,142.8,52.1,44.2
951.5,134.1,51.8,45.9
962.5,123.7,50.4,49.6
965,114.3,49,51.5
975.9,103.8,46.9,53.8
977,92.9,48.4,55.8
986.5,90.3,48.2,56.1
988.8,79.1,47.2,55.3
998.1,77.1,47.2,55.3
999.5,66.1,47.2,55.3
1009.2,64.5,47.2,55.3
1010.9,52.6,47.2,55.3
1012.4,43.9,47.2,55.3
1021.9,41.7,47.2,55.3
1023.7,31.2,47.2,55.3
423.2,509,51.5,42
426,507.9,47.9,41.9
425.6,500,47.9,41.9
425.1,499.5,47.9,41.9
423.9,498.1,47.9,41.9
416.6,488.1,47.9,41.9
417.6,486.8,47.9,41.9
417.4,485.1,47.9,41.9
410.4,476.3,47.9,41.9
399.6,464.4,55,49
613.9,320.2,30.8,22.2
609.1,311.4,32.8,24.2
604.1,307.3,33.8,26.4
599.1,303,34.5,27.6
594,298.7,35.2,28.7
588.1,294.8,35.6,29.6
582.5,290.8,35.6,30.5
576.1,287.1,35.5,30.5
569.5,285.7,35.9,32.4
562.1,281.5,35.7,32.1
554.9,280.7,35.6,33.1
547.2,276.7,35,32.9
536.6,277.4,35.3,33.2
528.7,276.2,35.7,34.4
517.2,275.7,36.4,34.4
508.7,275.8,37.1,34.5
499,274.8,36.9,35.3
486.1,274.8,37,35.3
474.4,274.8,36.6,35.2
462.3,275.9,36.3,35.1
450.2,276.9,37,35
437.8,278.3,36.4,34.9
425.1,280.4,36.9,34.3
412.6,282.3,36.8,33.9
399.3,284,37.1,34
385.8,284.4,37.3,34.2
372.7,283.9,37.7,34.4
363.8,288.3,37.7,34.4
362.7,281.3,37.7,34.4
333.8,269.7,36.5,34.7
332,263,36.5,34.7
323.2,255.9,36.5,34.7
295,247.6,35.7,35.4
282.4,235.7,36.5,34.9
290.2,228.3,36.5,34.9
282.8,228.2,36.5,34.9
254.7,200.3,35.5,35.2
260.6,191.9,35.5,35.2
252.3,183.5,35.5,35.2
242.8,175.5,35.5,35.2
235.5,167.8,35.5,35.2
228.2,159.2,35.5,35.2
235.2,150.9,35.5,35.2
228.8,142.7,35.5,35.2
235.1,135.2,35.5,35.2
228.4,127.2,35.5,35.2
234.3,119.3,35.5,35.2
234.2,104.8,36,35.1
236.5,99.4,35.8,35.3
238.8,94.5,35.8,35.3
240.8,90.5,35.9,35.1
242.8,86.6,37,34.8
244.7,86.1,36.5,35.5
245.8,82.2,35.6,35.6
245,82.7,36.9,35.3
244,82.7,37.4,35.2
242.3,82.3,38.2,35.7
240,82.4,39,36.7
236.8,83.7,40.1,36.6
230.7,85.8,38,35.6
227.4,88,40,35.6
219.7,91,37.8,35.4
213.5,93.9,37,35.3
206,97.6,36.9,35.1
197.9,104.5,37.1,35.8
189.3,111.1,36.6,35.9
176.5,114.5,37.3,35.6
183.8,121.5,37.3,35.6
175.7,129.4,37.3,35.6
142.8,138.4,37.5,36.5
150.6,146.7,37.5,36.5
116.1,156.2,38.4,37
113.9,165.6,38.4,37
89.1,176.5,38.2,36.8
81.2,169.8,38.2,36.8
88.9,164.7,38.2,36.8
81.6,165.6,38.2,36.8
33.8,223.4,38.2,36.8
28.5,231.9,38.2,36.8
36.4,226.7,38.2,36.8
29,228,38.2,36.8
13.9,267.2,38.2,36.8
6.1,267.9,38.2,36.8
0,316.4,38.2,36.8
9,325.2,38.2,36.8
8.7,380.6,38.2,36.8
0.3,389.6,38.2,36.8
0,398.1,38.2,36.8
9.4,406.4,38.2,36.8
17.9,414.1,38.2,36.8
26.9,406.9,38.2,36.8
59.9,347.8,38.2,36.8
44.3,348.7,38.2,36.8
0,357,38.2,36.8
1.2,365.5,38.2,36.8
10.1,365.8,38.2,36.8
52.2,311.2,38.2,36.8
52.7,312.2,38.2,36.8
92,348.5,38.2,36.8
83.6,356.4,38.2,36.8
83.4,364.8,38.2,36.8
75.6,366,38.2,36.8
66.9,375,38.2,36.8
58.4,384.2,38.2,36.8
49.9,393.6,38.2,36.8
41.6,404.3,38.2,36.8
33.9,414.1,38.2,36.8
26.8,423.8,38.2,36.8
18.3,424.7,38.2,36.8
10.4,432.9,38.2,36.8
2.7,441.6,38.2,36.8
0,434.5,38.2,36.8
0,486.9,38.2,36.8
0,496.6,38.2,36.8
0,506.1,38.2,36.8
7.3,514.1,38.2,36.8
69.8,490.3,38.2,36.8
68.9,498.9,38.2,36.8
68.5,508.2,38.2,36.8
68.3,517.6,38.2,36.8
61,527.2,38.2,36.8
54,537.2,38.2,36.8
47.2,546.8,38.2,36.8
41.7,556.2,38.2,36.8
35.2,564.1,38.2,36.8
28.7,572.1,38.2,36.8
37.7,581.4,38.2,36.8
668.7,320.1,31.9,21.9
674.8,325.3,31.9,21.9
681.6,330.6,31.9,21.9
688,335.8,31.9,21.9
695.1,341.7,31.9,21.9
702,346.9,31.9,21.9
710.1,343.7,31.9,21.9
741.4,348.9,31.9,21.9
742.4,354.6,31.9,21.9
786.7,368.4,31.9,21.9
793.9,369.9,31.9,21.9
724.6,107.2,57.8,42.7
715.9,115.8,55.4,44.9
707,127.8,54.9,45.6
699.8,139.4,52.4,46.6
693.9,150.5,57.1,45.9
684.3,161.1,56,46
675.6,172.1,51.4,46.4
668.6,182.6,48,45.1
661.6,191.1,47.6,44.5
655.6,194.4,45.5,44.1
647.9,207.1,42.9,43.3
637.1,211.3,44.1,41.1
629.7,218.6,42.4,42.2
621.1,222.7,41.9,42.7
613.5,226.5,41,43.5
606.5,230.2,41.3,41.9
596.9,231.5,44.5,42.9
589,233.2,45.4,43.6
580.4,232.6,48.9,45.3
571.2,234.4,49.7,46.3
563.4,234.4,51.4,47.8
554.9,235.8,52.5,48.3
545.2,237.9,52.6,48.2
534.9,237.5,55.4,49
528.5,238.1,53.3,49.6
517.6,240.6,53,48.7
508.3,242.5,49.7,48.5
498.8,245.1,49,46.6
490.5,244.7,46.4,47.8
479.9,246.2,47.8,48
469.5,248.2,47.7,47.8
458,251.5,46.5,45.9
447.1,254.2,46.1,46
437.5,253.7,46.9,46.8
424.4,256.4,51.1,45.1
419.6,257.4,54.8,45.4
404.6,256.8,58.6,46.1
393.1,258.7,57.6,43.8
379.3,260,57.6,43.8
366.2,269,55.9,43
352.9,269,53.1,42.4
341.7,269,49.2,44.1
327.1,271.7,45.5,44.1
319.3,272.6,45.7,46
306.9,274.3,46.9,46.3
293.9,276.8,49.3,46
281.4,278.6,49.9,45.8
269,279.8,51.4,45.5
256.5,282,51.9,45.4
243.4,282.5,53.7,46.2
230.4,285.7,54.4,44.6
221.4,287.6,50.6,44
209.6,287.7,51.2,43.4
197.5,288.7,54.6,43.8
179.3,288.4,49.6,44
167.5,290.4,49.6,44
155.2,292.3,48,45.6
144,298.9,44.3,47.6
130.1,301.8,43.6,46.5
118.1,304.3,46.2,46.2
105.7,304.5,49.2,48.7
90.4,306.8,47.7,48.1
78.6,309.9,50.1,49.6
65.3,313.1,51.6,50.4
52.6,316.8,52.7,50.1
39.4,324.7,52.9,50.7
23.9,326.5,48.5,50.7
11.8,329.9,51.8,50.5
0.3,332.7,52.9,51.6
13.3,342.8,52.9,51.6
21.3,329.3,60.8,60.5
6.9,339.2,66.8,59.2
1.2,342.6,59.8,58
0,346.4,48.3,56.2
0,356.9,36.7,54.8
0,366.5,36.7,54.8
0.4,378.3,36.7,54.8
0.5,379.1,36.7,54.8
8.4,380,36.7,54.8
7.4,291.1,36.7,54.8
7.8,279.8,36.7,54.8
7.6,280.5,36.7,54.8
1.1,283,36.7,54.8
2.2,295.8,36.7,54.8
3.2,296.9,36.7,54.8
4.3,297.2,36.7,54.8
4.3,297.6,36.7,54.8
4.4,298.4,36.7,54.8
0,310.9,36.7,54.8
7.8,300.6,36.7,54.8
1.7,312.6,36.7,54.8
2.4,312.9,36.7,54.8
2.6,324.3,36.7,54.8
3.7,335.6,36.7,54.8
4.3,336.6,36.7,54.8
4.7,338,36.7,54.8
13.1,329.1,36.7,54.8
5.7,341.3,36.7,54.8
0,353.4,36.7,54.8
1,365.1,36.7,54.8
636.2,353.7,22.6,23
630.1,357.2,26.4,26.9
625.1,363.8,26.4,26.9
622.3,376.6,23.5,25.1
619.4,384.2,22.6,22.9
616.7,391.3,23.5,21.5
616.1,398.5,23.4,20.6
616.1,405.3,23.1,20.4
611.5,409.7,23.1,20.4
612,416.7,23.1,20.4
608,422.3,23.1,20.4
612.1,427.6,23.1,20.4
613.1,446.7,22.1,19
610.4,451.2,22.1,19
613.2,456.9,22.1,19
618.8,461.4,22.1,19
623.9,459.9,22.1,19
630,464.2,22.1,19
628.7,469.4,22.1,19
634.1,473,22.1,19
640,474.5,25.3,16.7
643.9,476.2,25.8,15.5
645.9,477.8,24.7,15.2
649,479.2,23.8,14.8
650.7,480.2,23.4,14.6
651.9,480.1,23,14.4
653,477.6,21.7,15.1
652.5,474.9,20.6,15.5
652.8,469.8,19.6,16.1
653.2,464.1,18,16.1
652.7,457.4,16.9,16.8
654.8,453.1,16.9,16.8
651.5,453.5,16.9,16.8
649.2,432.5,17,17.3
646.2,428,17,17.3
647.6,412.5,17.2,17.4
644,408,17.2,17.4
645.4,386.5,17.6,17.4
645.8,373.8,18.3,17.3
645.5,358.9,19.6,17.1
646.1,342.4,19.7,16.9
644.4,327.4,20.5,17.5
641.4,322.7,20.5,17.5
643.3,300.1,20.9,18.1
639.9,295,20.9,18.1
641.6,275,20.9,18.4
637.9,269.6,20.9,18.4
640.1,251.4,22,18.9
636.5,246.7,22,18.9
641,241.1,22,18.9
636.7,235.7,22,18.9
633.5,230,22,18.9
636.9,224.5,22,18.9
632.3,218.9,22,18.9
628.3,213.4,22,18.9
624.5,208.6,22,18.9
627.9,202.3,21.7,19.3
626.5,202.7,22.2,19.5
624.5,203.3,21.4,19.3
625,204.9,21,20
625.1,207.3,20.7,20.4
625.5,212.6,19.8,20.2
625.9,217.7,19.5,20.2
627,223.3,18.1,20.7
629,229.3,16.7,21.2
631.1,231.5,19.2,25.4
634.5,236.6,19.2,25.4
631.6,241.7,19.2,25.4
636.2,247.3,19.2,25.4
641.9,266.1,16.9,24.4
646.6,270.7,16.9,24.4
651.1,267.1,16.9,24.4
659.5,290.2,15.4,23.3
663.1,296.7,15.4,23.3
662.2,301.8,15.4,23.3
680.2,313.3,16.2,20.9
328.1,244.6,57.3,41.1
316.8,248,57.1,40.9
304,251.9,55.1,41.1
292,254.7,55.2,42.7
279.5,258.7,55.2,42.7
266.5,269.6,54.6,40.1
268.8,270.7,53.4,38.9
260.7,271.9,53.4,38.9
249.9,273.8,53.4,38.9
238.2,275.3,53.4,38.9
225.7,283.9,53.4,38.9
212.1,292.3,53.4,38.9
212.7,300.9,53.4,38.9
203.5,293.8,53.4,38.9
203.7,301.2,53.4,38.9
193.7,300.5,53.4,38.9
183.5,309.3,53.4,38.9
172.9,309.2,53.4,38.9
162.7,309.3,53.4,38.9
164,308.8,53.4,38.9
153.1,308.9,53.4,38.9
153.3,308.8,53.4,38.9
142.3,308.7,53.4,38.9
131.2,316.3,53.4,38.9
121.5,316.4,53.4,38.9
133.1,308.2,53.4,38.9
133.5,307.9,53.4,38.9
122.4,316.2,53.4,38.9
111.6,316.4,53.4,38.9
112.7,316.5,53.4,38.9
102.2,316.9,53.4,38.9
102.8,317.3,53.4,38.9
114.5,317.1,53.4,38.9
125.9,317.1,53.4,38.9
114.7,325.3,53.4,38.9
93.6,325.3,53.4,38.9
94.6,325.2,53.4,38.9
95.3,325.2,53.4,38.9
107,324.8,53.4,38.9
118.2,317.4,53.4,38.9
118.5,325.6,53.4,38.9
107.9,325.3,53.4,38.9
119.2,332.8,53.4,38.9
108.3,332.6,53.4,38.9
97.6,332.1,53.4,38.9
97.6,331.9,53.4,38.9
86.5,340,53.4,38.9
86.5,339.7,53.4,38.9
86.8,339.5,53.4,38.9
87.2,339.7,53.4,38.9
76.6,347.8,53.4,38.9
78.2,340.6,53.4,38.9
89.7,348.7,53.4,38.9
79.4,348,53.4,38.9
78.7,348.8,53.4,38.9
68.3,356.3,53.4,38.9
68.5,355.6,53.4,38.9
68.4,355.5,53.4,38.9
69,357.2,53.4,38.9
58.5,364.7,53.4,38.9
59.3,357.8,53.4,38.9
60.2,365.7,53.4,38.9
60.6,365.8,53.4,38.9
60.8,366.8,53.4,38.9
50.7,375,53.4,38.9
51.4,375,53.4,38.9
40.9,383.7,53.4,38.9
41.9,383.9,53.4,38.9
43,384.3,53.4,38.9
44.1,392.4,53.4,38.9
45.7,392.7,53.4,38.9
47.3,392.9,53.4,38.9
49,393.4,53.4,38.9
61.1,393.8,53.4,38.9
73.5,393.3,53.4,38.9
84.7,392.6,53.4,38.9
73.7,400.6,53.4,38.9
74.7,400.2,53.4,38.9
75.2,400.2,53.4,38.9
87.4,400.1,53.4,38.9
76.7,408.5,53.4,38.9
77.7,408.8,53.4,38.9
78.8,409.1,53.4,38.9
91.2,408.9,53.4,38.9
103.2,417.3,53.4,38.9
115.1,416.7,53.4,38.9
124.8,424.5,53.4,38.9
113.8,425.3,53.4,38.9
103.6,418.8,53.4,38.9
113.7,412.8,53.4,38.9
103.2,420.5,53.4,38.9
104,420.4,53.4,38.9
115.1,421.5,53.4,38.9
127.9,430.3,53.4,38.9
116.8,438.9,53.4,38.9
105.6,430.2,53.4,38.9
95.1,429.2,53.4,38.9
106.9,438,53.4,38.9
118.9,446.8,53.4,38.9
107.9,439.5,53.4,38.9
97.1,447.9,53.4,38.9
109.9,448.5,53.4,38.9
99.1,448.8,53.4,38.9
100.5,448.8,53.4,38.9
101.4,448.9,53.4,38.9
91,449.5,53.4,38.9
80.5,450.4,53.4,38.9
80.9,451.1,53.4,38.9
92.8,451.5,53.4,38.9
82.5,452.3,53.4,38.9
71.9,452.7,53.4,38.9
72.5,453.1,53.4,38.9
73.1,453.6,53.4,38.9
63.2,454.4,53.4,38.9
64.2,455.3,53.4,38.9
65.1,455.2,53.4,38.9
66.4,455.8,53.4,38.9
77.6,455.6,53.4,38.9
77.3,455.9,53.4,38.9
66.1,456.1,53.4,38.9
66,456.2,53.4,38.9
54.8,456.1,53.4,38.9
55.1,456,53.4,38.9
55.9,456.4,53.4,38.9
56.4,456.9,53.4,38.9
45.3,457.4,53.4,38.9
34.5,458,53.4,38.9
46.1,458.3,53.4,38.9
35.4,458.5,53.4,38.9
12.7,459.5,53.4,38.9
2.2,468.2,53.4,38.9
2.6,468.3,53.4,38.9
1108.7,236.6,63.5,43.6
1095.9,236.5,64.7,47.3
1082,237.3,67.5,50.7
1068.1,238.9,69.8,53.9
1054.8,241.4,72.8,55.7
1040.3,244.5,76.2,56.7
1028.1,246.9,77.9,57.2
1038.7,245,97.1,61
1011.9,249.8,112.7,62.8
991.7,254.5,119.5,65.7
976.1,259.2,121.9,67.5
961.5,264.1,121.9,68.9
953.7,269,123.2,70.4
937.9,274.2,124.5,70.7
933.2,279.4,123.9,72
918.4,284.7,123.1,71.5
913.2,291.3,122.9,72.4
905,301.7,124.3,74
890.2,307.6,127.2,72
891.9,313.1,122.7,73.1
885.5,319.4,122.3,73.1
880.5,326.8,121.8,72.8
876.1,334.5,121.7,72.6
869.5,346.7,125.2,72.5
869.2,352.4,122.6,71.8
865.9,359,122.6,71.6
864.7,366.9,120.3,71.2
858.7,378.1,124.3,71.5
859.2,382.7,121.7,72.2
854.2,388.5,121.7,71.8
854,394.4,120.1,71
851.4,400.2,120.2,70.4
848.2,403.4,119.9,71.2
845.7,407.9,117.3,71.3
840.3,411.5,119.6,71.2
834.6,413.9,122.1,72.2
831.8,415.5,121.7,72.7
817.4,417.3,122,73.4
816.3,418.8,124.5,72.7
809.6,420.7,123.6,70.6
803.2,423,122.6,69.3
784.9,424.7,127.3,69.5
769.1,426.5,129.3,68.8
752.9,427.5,130.4,69
733.2,427.8,131.6,70.5
711.6,430.8,130.9,71.7
687.4,436.9,129.2,72.1
663,450.3,129.1,73
635.8,464.9,130.2,72.6
607.2,482.1,127.9,72.1
576.6,501.8,124.8,71.8
543.4,528.4,122.6,72.7
514.5,542.9,122.6,72.7
461.6,584.9,125.6,75.1
431.4,600.6,125.6,75.1
382.1,647.8,126.8,71.2
337.5,655.8,123.9,63.2
310.1,655.8,123.9,63.2
282.7,655.8,123.9,63.2
487.6,602,123.9,63.2
491.3,599.3,106.8,61.3
471.8,594.8,99.1,61.5
455.1,587.8,97.6,61.4
442.8,586.1,95.3,61.1
434.6,583.5,93.1,60.4
427.9,579.9,98.1,60.6
425.4,576.3,100.1,60.7
427,572.9,100.7,60.4
436.4,569.8,97.7,59.6
441.3,562.4,97.8,60.3
447.8,561.3,97.2,59.8
455.1,558.9,95.7,60.2
458.6,555.6,97.5,60.3
462.4,547.2,97.7,60.4
466.3,547,99,59.6
466.4,542.9,98.9,61.5
463.7,540.4,101.2,60.6
461.6,537.3,102.5,59.9
459.8,534,99.7,59.9
455.3,531,100.9,59.6
451.2,527.6,100.9,60.4
441.8,519.1,96.6,61.1
437.2,521.4,94.6,61.4
427.2,518.5,94.8,62.1
415.4,515.6,96.6,62.9
403.8,512.7,96.5,63.1
392.1,510,95.3,62.7
380.5,507.3,93.7,62.3
369.3,503.6,92.3,62.9
358.2,500,91.6,63.3
347,497.6,93.1,62.3
334.6,494.1,94.2,62.1
322.6,490.8,95.1,62.2
311.4,488.2,96.9,61.6
300.1,485.3,97.1,62.4
288.6,482.8,95.3,62.4
281.5,477.7,99.4,62.8
271.2,474.9,96.3,64.2
263,470.4,100.3,64
254.8,467.3,101.1,63.7
247.9,464.5,101.7,63.3
242.5,461.8,102.3,62.9
237.1,457.9,102.2,64.3
233.3,455.7,101,65.1
228.9,453.8,101.6,64.6
226.1,452.5,101.9,64
221.9,451.6,101.9,64.6
219.6,451.7,102.4,64.1
218.2,451.9,101,64.3
216.4,452.4,101.4,64.4
213.9,455.6,98.9,63.2
212.9,457.2,101.6,62.8
208.5,459.9,100.9,64.2
198.3,463.6,99.6,65.3
191.6,467.6,101.7,64.9
178.6,471.8,100.3,66.8
166.1,476.5,98.1,67.4
148.7,481.4,101.1,68.9
131,488.4,102.3,68.3
105.9,499.3,106.7,66.3
81.1,509.3,109.6,64.8
55.9,517.7,108.6,65.8
30.6,526.4,108,66.4
6.8,532.7,104.9,65.6
0,542.6,91.3,67.2
0,544.7,91.3,67.2
743.5,381.7,80.2,66.5
733.5,384.2,76.3,64.6
721.3,386,75.4,64.2
708.7,386.7,74.2,65.4
698,386.7,70.2,66.5
689.4,386.4,68.4,66.8
681.4,384.6,68.9,65.9
677.7,382.2,71.7,66.2
673.7,379.6,74.7,66.1
672.1,375.7,76.5,67.6
667.7,373.9,78.7,68
665.2,372.5,80.3,67.6
661.6,371.3,85.9,67
655.7,369.7,96.9,67.6
654.3,369.7,102.3,67.1
650,370.1,107.6,64.9
648.8,369.7,112,63.4
647.1,370,111.7,62.9
637.7,371.1,101.9,65.1
638.1,372,106.6,64.4
633.2,372.7,112.5,63.9
629.6,375.4,115,63
620.3,378.3,105,64
621.9,380.5,106,63.9
616.5,383.9,111.1,62
606.3,386.6,104.7,63.8
604,389.2,107.6,63.7
592.7,392,99.4,66.5
592.7,394.8,105.4,63.9
588.2,398.4,110.1,62.5
583.1,402.3,113.7,61.4
571.2,406,105.8,63.3
567,408.4,108.8,62.8
564.1,412.5,110.3,61
552.6,417.1,102.6,62
550.4,420.1,106,62.4
536.6,425.1,101,63.7
525.2,432.3,93.4,68.3
523.7,435.9,98.6,68.3
513.4,439.9,88.1,70.5
503.3,445.6,78,70.5
495.8,450.9,72,69.7
487.8,455.7,69.3,70.1
480.1,460.4,70,70.9
471.5,466.5,70.4,70.3
463.2,472.3,69.4,70.8
454.5,478.6,69.6,70.5
445.1,485.6,70.4,70.3
436.9,496.6,68.4,71.3
429,502.2,68.4,68.9
419.9,507.8,69.2,68.2
410,514.1,68.9,68.9
401.1,521.1,69.5,67.9
391.6,526.7,69.4,68.6
382.9,531.6,68.5,69.2
373.3,537.2,69,70.5
369.1,541.2,74.2,69.1
356.8,542.4,76.3,71.3
346,544.3,77.4,72.2
335.7,545.2,74.6,73.5
325.9,544.4,71.6,75.7
316.1,543.5,69.9,75.9
309.8,539.9,73.5,76.2
297.2,538.4,73.7,75.9
287.1,536,71.4,75.9
277.3,527.5,69.9,75.7
266.6,527.7,69.2,75.7
255.8,524.5,69.6,75
245.8,521.2,68.2,74.3
239.6,515.8,70.9,74.3
224.8,514.2,73.2,73.7
214.1,510.5,70.7,74.4
204.1,507.9,68.8,74.8
193.5,504.7,67.3,75
181.9,502.3,67.2,75
171.1,499.9,65.8,74.7
159.3,498,67.4,74.5
147.9,494,66.6,75.7
137,491.1,68.7,75.7
124.6,489.1,68.6,75.2
114.2,488,67.3,75
101.4,486.1,68.8,74.1
90.6,484.2,68,74.2
77.6,483.5,68.6,73.6
65.6,481.9,68,75.5
53.7,480.4,68.1,75.8
41.1,478.1,68.8,77.2
30.6,477.9,67.5,76.2
19.7,476.9,66.5,76.1
10.1,475.8,65.2,76.1
0.8,474.3,63.3,77.2
1,473.5,63.8,74.5
7.2,465.6,75.6,66.6
17.9,464.5,81.1,62.5
13.4,464.4,80.7,60.4
4,465.8,74.9,59.4
3.2,465,69.5,58.1
0.9,464.5,63.7,55.3
0,465.7,52.4,51.7
0,467.2,42.4,49.1
0,467.6,33.2,50.8
0,469.4,33.2,50.8
7.5,457.8,33.2,50.8
2.1,457.2,33.2,50.8
2.8,456.4,33.2,50.8
10.5,445.7,33.2,50.8
18.5,444.6,33.2,50.8
24.7,434.9,33.2,50.8
18.7,435.2,33.2,50.8
25.4,425.9,33.2,50.8
19.2,426.9,33.2,50.8
19.1,427.3,33.2,50.8
5.8,427.9,33.2,50.8
6.6,428.5,33.2,50.8
7.7,427.8,33.2,50.8
15.5,417.7,33.2,50.8
22.3,408.4,33.2,50.8
21.6,408.5,33.2,50.8
21.7,408.2,33.2,50.8
21.8,408.1,33.2,50.8
21.8,408.2,33.2,50.8
14.9,398.8,33.2,50.8
15.6,399.8,33.2,50.8
15.6,400,33.2,50.8
15.8,399.7,33.2,50.8
22.1,390.6,33.2,50.8
15.6,400.2,33.2,50.8
15.5,389.9,33.2,50.8
10,380,33.2,50.8
33.6,325.9,33.2,50.8
21.9,326.6,33.2,50.8
16.4,336.7,33.2,50.8
16.1,326.1,33.2,50.8
9.8,337.2,33.2,50.8
2.7,337.7,33.2,50.8
0,348.1,33.2,50.8
7.7,360.9,33.2,50.8
8.1,372.1,33.2,50.8
14.9,362.4,33.2,50.8
14.7,362.6,33.2,50.8
14.9,363,33.2,50.8
14.6,363,33.2,50.8
14.5,362.8,33.2,50.8
14.7,362.7,33.2,50.8
14,353.5,33.2,50.8
7.6,363.2,33.2,50.8
14.7,353,33.2,50.8
14.6,353.5,33.2,50.8
8.1,353,33.2,50.8
8.1,353,33.2,50.8
8.5,352.5,33.2,50.8
8.5,343,33.2,50.8
15.1,344,33.2,50.8
8.2,344.8,33.2,50.8
7.7,345.1,33.2,50.8
7.7,344.9,33.2,50.8
1.9,356.2,33.2,50.8
3.7,344.9,33.2,50.8
4.7,344.4,33.2,50.8
5.6,334.6,33.2,50.8
5.7,335.4,33.2,50.8
1.1,344.9,33.2,50.8
6.7,335,33.2,50.8
2,335.2,33.2,50.8
7.4,335.3,33.2,50.8
1.6,334.9,33.2,50.8
2.4,334.5,33.2,50.8
2.5,333.6,33.2,50.8
3,332.8,33.2,50.8
2.6,324.1,33.2,50.8
2.5,325.4,33.2,50.8
2.7,326.6,33.2,50.8
2.6,327.4,33.2,50.8
2.6,327.2,33.2,50.8
2.8,327.4,33.2,50.8
2.8,327.1,33.2,50.8
0,318,33.2,50.8
0.1,318.8,33.2,50.8
0,319.8,33.2,50.8
0,320.7,33.2,50.8
0,321.6,33.2,50.8
7.1,332.3,33.2,50.8
1.3,345.4,33.2,50.8
7.9,356.9,33.2,50.8
15.7,368.8,33.2,50.8
23.4,380.9,33.2,50.8
17.7,392.9,33.2,50.8
25,384.3,33.2,50.8
18.8,375.8,33.2,50.8
13,387.9,33.2,50.8
20.1,378.8,33.2,50.8
13.7,390.8,33.2,50.8
21,382.4,33.2,50.8
15.1,373.8,33.2,50.8
9.1,385.4,33.2,50.8
0,385.3,33.2,50.8
0.5,384.5,33.2,50.8
8.2,375.4,33.2,50.8
15.8,386.6,33.2,50.8
9.5,377.4,33.2,50.8
16.8,368.5,33.2,50.8
10.6,359.8,33.2,50.8
4.8,370.9,33.2,50.8
12.1,362.7,33.2,50.8
6.2,375.2,33.2,50.8
6.5,363.7,33.2,50.8
1.8,354.9,33.2,50.8
3,346,33.2,50.8
0,346.9,33.2,50.8
0.7,357.5,33.2,50.8
1.7,357.2,33.2,50.8
2.4,356.9,33.2,50.8
3,357.4,33.2,50.8
10.1,368.7,33.2,50.8
3.7,379.3,33.2,50.8
4.3,379,33.2,50.8
10.9,370.2,33.2,50.8
4.7,381,33.2,50.8
12.1,373,33.2,50.8
27.1,290.9,33.2,50.8
78.9,272.7,31.9,46.5
71.7,275.1,31.9,46.5
58.9,277.1,31.9,46.5
52.1,279.7,31.9,46.5
45.3,281.7,31.9,46.5
37.5,292.5,31.9,46.5
44.8,293.4,31.9,46.5
37.8,295.1,31.9,46.5
30.7,296,31.9,46.5
25.4,286.8,31.9,46.5
20.2,287.8,31.9,46.5
14,288.9,31.9,46.5
21.8,288.3,31.9,46.5
8.5,289.5,31.9,46.5
2.2,299.1,31.9,46.5
9.3,289.4,31.9,46.5
31.8,230.7,32.3,44.5
24.4,232.3,35.2,44.4
17.9,239.7,35.2,44.4
18.5,232.6,35.2,44.4
10.8,242.2,35.2,44.4
4.2,234.7,35.2,44.4
0,235.6,35.2,44.4
1,236,35.2,44.4
9.1,246.1,35.2,44.4
16.9,254,35.2,44.4
10,246.1,35.2,44.4
3.6,245.9,35.2,44.4
0,255.5,35.2,44.4
1,265.8,35.2,44.4
0,265.9,35.2,44.4
2.5,276.8,35.2,44.4
9.3,286.6,35.2,44.4
3.1,286.2,35.2,44.4
10,296,35.2,44.4
3.4,287.3,35.2,44.4
11.4,280.1,35.2,44.4
5,290,35.2,44.4
5.4,280.6,35.2,44.4
4.7,281.1,35.2,44.4
0.4,291,35.2,44.4
1.9,281.9,35.2,44.4
2.6,281.7,35.2,44.4
3,274.4,35.2,44.4
2.9,275.4,35.2,44.4
2.8,276.2,35.2,44.4
3,277,35.2,44.4
2.8,277.3,35.2,44.4
2.5,270.1,35.2,44.4
1.7,271.6,35.2,44.4
1.4,272.1,35.2,44.4
0.9,272.3,35.2,44.4
1.1,272.2,35.2,44.4
0.7,272.7,35.2,44.4
0.8,273.1,35.2,44.4
0.8,272.2,35.2,44.4
0.9,264.3,35.2,44.4
0.8,264.6,35.2,44.4
1,264.8,35.2,44.4
0.7,264.7,35.2,44.4
0,264.7,35.2,44.4
0,256.9,35.2,44.4
0,257.6,35.2,44.4
0,257.9,35.2,44.4
0,258,35.2,44.4
0,249.9,35.2,44.4
0,250.2,35.2,44.4
0,242.8,35.2,44.4
0,243.5,35.2,44.4
0,243.6,35.2,44.4
0,243.9,35.2,44.4
0,235,35.2,44.4
8,244.2,35.2,44.4
15.7,235.3,35.2,44.4
23.8,227,35.2,44.4
30.2,218.7,35.2,44.4
45.8,154.4,35.2,44.4
68.4,82.3,35.2,44.4
68.8,82.1,35.2,44.4
69.2,81.8,35.2,44.4
69.3,81.8,35.2,44.4
69.9,72,35.2,44.4
62.7,82.1,35.2,44.4
55.8,82.1,35.2,44.4
56.4,72.6,35.2,44.4
64.2,63.3,35.2,44.4
56.7,63.2,35.2,44.4
57.3,54.1,35.2,44.4
50.3,45.1,35.2,44.4
57.9,54.2,35.2,44.4
58.5,54.5,35.2,44.4
65.3,45.5,35.2,44.4
65.6,46.3,35.2,44.4
14.4,46.7,35.2,44.4
7.2,56.2,35.2,44.4
7.4,56.5,35.2,44.4
14.4,48.5,35.2,44.4
0.5,48.7,35.2,44.4
1.3,49.4,35.2,44.4
9.1,49.9,35.2,44.4
2.1,40.7,35.2,44.4
9.3,33.5,35.2,44.4
17,26.1,35.2,44.4
2.8,25.7,35.2,44.4
3.5,26,35.2,44.4
3.9,25.5,35.2,44.4
11.4,18.8,35.2,44.4
11.1,8.5,35.2,44.4
3.7,0,35.2,44.4
3.4,0,35.2,44.4
0,0,35.2,44.4
0.5,0,35.2,44.4
1.5,0,35.2,44.4
2.5,0,35.2,44.4
3.1,0,35.2,44.4
3.8,0.1,35.2,44.4
4.4,0,35.2,44.4
4.3,0.2,35.2,44.4
0,0.5,35.2,44.4
0.5,1.4,35.2,44.4
1,1.7,35.2,44.4
0,2.5,35.2,44.4
49,11,39.5,46.6
35.5,10.8,45.4,47.5
24.1,11,45.4,47.5
9.1,12,45.4,47.5
1.4,13.5,45.4,47.5
13.3,7.3,45.4,47.5
23.6,2.7,45.4,47.5
15.3,13.3,45.4,47.5
2.5,2.4,53.4,54.3
0,2.7,41.6,53.9
0,3.6,31.1,52.9
7.1,15,31.1,52.9
3.2,6.8,31.1,52.9
24.9,28.2,31.1,52.9
25.9,26.8,31.1,52.9
20.5,15.9,31.1,52.9
15.1,27.1,31.1,52.9
21.5,16.9,31.1,52.9
14.7,16.5,31.1,52.9
9,27.3,31.1,52.9
8.5,16.3,31.1,52.9
15.4,15.4,31.1,52.9
9.9,6.1,31.1,52.9
16.2,18.4,31.1,52.9
10.4,9.4,31.1,52.9
8.9,0,31.1,52.9
3.6,0.7,31.1,52.9
10.3,13.5,31.1,52.9
4.7,6.4,31.1,52.9
0,0,31.1,52.9
7.4,12.9,31.1,52.9
1.3,1.6,31.1,52.9
9,13.9,31.1,52.9
16.1,26.2,31.1,52.9
9.7,38.7,31.1,52.9
3.8,49.9,31.1,52.9
10.2,63.2,31.1,52.9
17.2,54.6,31.1,52.9
4.7,54.6,31.1,52.9
5,43.6,31.1,52.9
12.2,56.2,31.1,52.9
6.4,47.5,31.1,52.9
13.2,59.7,31.1,52.9
7.7,50.1,31.1,52.9
14.3,62.1,31.1,52.9
21,53.9,31.1,52.9
27.5,45.7,31.1,52.9
34.3,36.9,31.1,52.9
40.9,29.2,31.1,52.9
35.1,41.7,31.1,52.9
29.4,33.2,31.1,52.9
36,25.5,31.1,52.9
42.2,17.2,31.1,52.9
48.8,8.9,31.1,52.9
54.7,1.9,31.1,52.9
48.4,15.1,31.1,52.9
54.6,6.1,31.1,52.9
61.3,0,31.1,52.9
48.4,0,31.1,52.9
42.3,12.9,31.1,52.9
48.6,3.7,31.1,52.9
42.5,0,31.1,52.9
35.9,11.8,31.1,52.9
29.1,3.8,31.1,52.9
23.4,0,31.1,52.9
17.7,13,31.1,52.9
24.1,5.7,31.1,52.9
18.1,17.5,31.1,52.9
12.9,9.5,31.1,52.9
8,2.4,31.1,52.9
0,1.9,31.1,52.9
0,1.5,31.1,52.9
1.2,1,31.1,52.9
0,0.6,31.1,52.9
7.3,0,31.1,52.9
15.6,12.1,31.1,52.9
10.5,3.8,31.1,52.9
5.9,0.4,31.1,52.9
1.8,0,31.1,52.9
9.4,0,31.1,52.9
0,0,31.1,52.9
0.6,0,31.1,52.9
8.7,11.8,31.1,52.9
3.2,4.7,31.1,52.9
0,0,31.1,52.9
7.9,11.8,31.1,52.9
14.7,3.7,31.1,52.9
9.6,15.2,31.1,52.9
15.9,6.3,31.1,52.9
10.4,1.1,31.1,52.9
16.7,13.5,31.1,52.9
11.6,24.2,31.1,52.9
17.9,15.1,31.1,52.9
23.9,7.1,31.1,52.9
17.9,1.9,31.1,52.9
24.3,14.6,31.1,52.9
18.4,6.6,31.1,52.9
12.8,18.6,31.1,52.9
7.7,10.1,31.1,52.9
14.3,22.2,31.1,52.9
21.8,14.3,31.1,52.9
26.8,26.5,31.1,52.9
21,37.3,31.1,52.9
14.6,27,31.1,52.9
8.5,17.3,31.1,52.9
15.1,9.5,31.1,52.9
21.7,22.6,31.1,52.9
16.5,33.9,31.1,52.9
11.2,25,31.1,52.9
17.8,17.1,31.1,52.9
22.9,7.4,31.1,52.9
15.5,1.5,31.1,52.9
9,14.6,31.1,52.9
15.2,7.1,31.1,52.9
9.9,18.9,31.1,52.9
5.7,30.4,31.1,52.9
1.4,41.3,31.1,52.9
44.2,2.6,35.1,47.8
34.8,7.2,40.1,43.5
27.2,9.6,43,41.3
23.2,10.2,50.3,41.1
14.9,9.7,51.3,41.7
5.5,8.6,51.8,42.6
2.3,6.9,57.3,45.1
0,5.3,60.9,46.9
7.1,0,71.5,49.9
0,0,70.5,51.5
1.8,0,70.2,49
1.5,0.1,67.7,47
0,0,62.9,45.3
0,0,58,43.4
0,0,58,43.4
0,0,58,43.4
0,0,58,43.4
0,0,58,43.4
0,0,58,43.4
0,58.2,58,43.4
0,58.4,58,43.4
0,50.1,58,43.4
0,49.8,58,43.4
0,49.5,58,43.4
0,40.3,58,43.4
0,32.4,58,43.4
0,32.4,58,43.4
11.4,24.6,58,43.4
0,25.1,58,43.4
11.8,18.1,58,43.4
3.8,26.2,58,43.4
16.9,18.6,58,43.4
28.6,12,58,43.4
19.4,6.1,58,43.4
8.7,15.6,58,43.4
8.1,6.1,58,43.4
0,0,58,43.4
0,0,58,43.4
1,0.2,58,43.4
2,0.3,58,43.4
0,0,58,43.4
2.3,0,58,43.4
2.6,0,58,43.4
3.6,0,58,43.4
4.9,0,58,43.4
5.6,0,58,43.4
6.9,0,58,43.4
7.8,0.1,58,43.4
8.5,1,58,43.4
8.9,1.7,58,43.4
0,2.4,58,43.4
12.1,13.8,58,43.4
4.1,25.1,58,43.4
15.5,34,58,43.4
29.3,43.8,58,43.4
29.9,43.8,58,43.4
28.8,43.2,58,43.4
29,34.9,58,43.4
29.3,35.6,58,43.4
28.1,36.5,58,43.4
5.4,36.8,58,43.4
28.8,35.9,58,43.4
29,35.5,58,43.4
40.7,27.2,58,43.4
27.9,35.6,58,43.4
5.1,35.7,58,43.4
19.7,35.3,58,43.4
32.8,26.5,58,43.4
32.9,27,58,43.4
22.4,34,58,43.4
23.3,33.5,58,43.4
24.5,33.1,58,43.4
37.3,24.2,58,43.4
49.2,24.2,58,43.4
58.3,17.6,58,43.4
44.8,10.3,58,43.4
33.1,21,58,43.4
21.7,14.6,58,43.4
37.1,23.8,58,43.4
39.3,23.5,58,43.4
40.6,23.7,58,43.4
52.9,31.5,58,43.4
42.7,22.3,58,43.4
43.7,22.2,58,43.4
56.6,21.8,58,43.4
45.2,21.9,58,43.4
57.4,21.4,58,43.4
45.2,21.5,58,43.4
57.5,13.6,58,43.4
46.8,22.2,58,43.4
58.9,14.9,58,43.4
49.3,23,58,43.4
37.4,15.9,58,43.4
47.9,25.5,58,43.4
35.1,19.5,58,43.4
23.9,29.2,58,43.4
13.3,21.1,58,43.4
5.2,14.6,58,43.4
19.1,24.2,58,43.4
11.2,32.6,58,43.4
11.9,24.4,58,43.4
5.2,16.3,58,43.4
19.6,9.8,58,43.4
8.8,4.2,58,43.4
21.7,14.8,58,43.4
12.6,7.2,58,43.4
2.3,0,58,43.4
3.1,0,58,43.4
4.2,0,58,43.4
5.3,0,58,43.4
20.3,10.4,58,43.4
32.1,3.9,58,43.4
20.6,14.3,58,43.4
33.6,7.9,58,43.4
44.7,2.8,58,43.4
58.5,13.4,58,43.4
47.9,7.2,58,43.4
56.7,18.6,62.4,40.4
54.6,19.3,62.4,40.4
54.9,19.9,62.4,40.4
42.5,13.8,62.4,40.4
45.6,22.7,62.4,40.4
58.7,21.9,62.4,40.4
46.3,15.5,62.4,40.4
59.8,15.3,62.4,40.4
60.6,14.9,62.4,40.4
48.5,8.7,62.4,40.4
60.9,16.8,62.4,40.4
60.7,15.9,62.4,40.4
62.3,9.4,62.4,40.4
49.1,17.7,62.4,40.4
37.9,11.1,62.4,40.4
53.9,4.8,62.4,40.4
64.5,14,62.4,40.4
62.3,4.8,62.4,40.4
62.1,0,62.4,40.4
60.4,0,62.4,40.4
71,0,62.4,40.4
68.3,0,62.4,40.4
56.2,0,62.4,40.4
42.1,0,62.4,40.4
29.5,1.5,62.4,40.4
29.6,1.8,62.4,40.4
16.7,10.8,62.4,40.4
30.3,20.3,62.4,40.4
30.5,21.3,62.4,40.4
117.3,45.6,62.4,40.4
108.4,53.7,62.4,40.4
121.5,61.3,62.4,40.4
134.6,52.3,62.4,40.4
148.9,52.3,62.4,40.4
138.6,42.8,62.4,40.4
153.4,34.5,62.4,40.4
164,95.5,62.4,40.4
264.9,80.5,62.4,40.4
265.2,82.2,62.4,40.4
277.8,74.6,62.4,40.4
290.8,83.6,62.4,40.4
291.3,84.2,62.4,40.4
277.5,75.6,62.4,40.4
290.1,67.8,62.4,40.4
290.1,59.7,62.4,40.4
289.7,51.8,62.4,40.4
304.7,43.5,62.4,40.4
307.4,34.9,62.4,40.4
308.4,26.6,62.4,40.4
295.3,18.7,62.4,40.4
310.4,10.3,62.4,40.4
311.6,2.4,62.4,40.4
298.1,3.6,62.4,40.4
284.3,3.8,62.4,40.4
284.1,3.7,62.4,40.4
270.1,0,62.4,40.4
257.9,0,62.4,40.4
233.4,0.2,62.4,40.4
208.9,1.4,62.4,40.4
210.2,2,62.4,40.4
211.6,2.3,62.4,40.4
213.6,2.8,62.4,40.4
202.9,3.8,62.4,40.4
218.7,0,62.4,40.4
220,0,62.4,40.4
209.1,0.2,62.4,40.4
210.9,0.5,62.4,40.4
212.8,0.5,62.4,40.4
214.2,0.2,62.4,40.4
215.7,0.3,62.4,40.4
216.9,0.2,62.4,40.4
217.8,0.2,62.4,40.4
219,0.4,62.4,40.4
220.2,0.4,62.4,40.4
221.9,0.6,62.4,40.4
223.5,0,62.4,40.4
236.8,0,62.4,40.4
225.1,0.2,62.4,40.4
226.9,0.6,62.4,40.4
227.9,1.5,62.4,40.4
229,1.8,62.4,40.4
242.8,1.9,62.4,40.4
243.7,1.9,62.4,40.4
245,1.9,62.4,40.4
246.8,1.8,62.4,40.4
249,1.8,62.4,40.4
250.6,2.1,62.4,40.4
253.4,2.5,62.4,40.4
256.6,2.5,62.4,40.4
259.2,2.5,62.4,40.4
261.9,2.8,62.4,40.4
264,3.3,62.4,40.4
252.2,4.3,62.4,40.4
253.3,4.8,62.4,40.4
267.9,4.9,62.4,40.4
269.4,5.3,62.4,40.4
270.6,6.6,62.4,40.4
271.2,7.8,62.4,40.4
272.6,8.7,62.4,40.4
273.5,9.5,62.4,40.4
274.3,18.5,62.4,40.4
288.3,10.6,62.4,40.4
288.9,11.6,62.4,40.4
289.6,21.7,62.4,40.4
289.9,22.9,62.4,40.4
290.7,23.8,62.4,40.4
305.3,24.5,62.4,40.4
320,15.7,62.4,40.4
308.3,25,62.4,40.4
309.6,34,62.4,40.4
312,26.4,62.4,40.4
398,18.9,62.4,40.4
397.7,27,62.4,40.4
397.8,26.4,62.4,40.4
409.9,34.8,62.4,40.4
422.7,26,62.4,40.4
409.2,34.1,62.4,40.4
409,42.5,62.4,40.4
409.3,50.1,62.4,40.4
409.4,50.2,62.4,40.4
410.5,58.4,62.4,40.4
422.7,58.3,62.4,40.4
422.3,58.3,62.4,40.4
422.5,66.7,62.4,40.4
433.1,57.7,62.4,40.4
432.7,42.4,62.4,40.4
433.1,44.3,62.4,40.4
420.2,52.8,62.4,40.4
444.6,53.9,62.4,40.4
443.1,55.8,62.4,40.4
442.7,65.9,62.4,40.4
443.3,67.9,62.4,40.4
455.9,61,62.4,40.4
467.3,61.5,62.4,40.4
467.1,62.8,62.4,40.4
465.3,72.1,62.4,40.4
465,73.9,62.4,40.4
477.1,83.3,62.4,40.4
490.9,75.3,62.4,40.4
476.4,85.1,62.4,40.4
476.4,86.5,62.4,40.4
475.7,96.5,62.4,40.4
488.7,97.1,62.4,40.4
503,89.7,62.4,40.4
503,98.8,62.4,40.4
516.7,107.1,62.4,40.4
516.6,107.4,62.4,40.4
503.4,107.6,62.4,40.4
517.2,115.9,62.4,40.4
504.1,116.5,62.4,40.4
518.2,117.1,62.4,40.4
532.2,125.2,62.4,40.4
519.3,126,62.4,40.4
517.9,135,62.4,40.4
504.5,135.9,62.4,40.4
516.3,145.1,62.4,40.4
503.1,154.8,62.4,40.4
503.9,156.2,62.4,40.4
504.5,166,62.4,40.4
505.9,167.5,62.4,40.4
505.6,177.6,62.4,40.4
506.5,178.9,62.4,40.4
508.2,181,62.4,40.4
520.8,173.5,62.4,40.4
521.1,174.2,62.4,40.4
521.4,175.3,62.4,40.4
533.9,184.6,62.4,40.4
520.2,195.1,62.4,40.4
520.7,197.3,62.4,40.4
521.2,199.1,62.4,40.4
520.6,209.2,62.4,40.4
520.3,210.6,62.4,40.4
531.1,202.9,62.4,40.4
543.5,202.9,62.4,40.4
557.7,202.9,62.4,40.4
572.9,211.5,62.4,40.4
560.3,203,62.4,40.4
546.7,203.1,62.4,40.4
546.9,203.9,62.4,40.4
545.7,213.2,62.4,40.4
533.9,221.4,62.4,40.4
531.8,230.9,62.4,40.4
530.6,232.3,62.4,40.4
542.9,240.8,62.4,40.4
555.6,241,62.4,40.4
539.5,233.9,62.4,40.4
537.8,235.5,62.4,40.4
537.1,237.1,62.4,40.4
536.8,239,62.4,40.4
537.1,240.2,62.4,40.4
548.9,232.6,62.4,40.4
547.2,233.8,62.4,40.4
546.4,235.8,62.4,40.4
545.4,237.8,62.4,40.4
544.7,239.8,62.4,40.4
544,242.2,62.4,40.4
543.5,244.5,62.4,40.4
554.4,236.4,62.4,40.4
552,238.2,62.4,40.4
551.8,231.4,62.4,40.4
550.8,241.4,62.4,40.4
562.5,233.7,62.4,40.4
575.3,225.7,62.4,40.4
575.6,218.2,62.4,40.4
575.3,219.5,62.4,40.4
561.7,229.4,62.4,40.4
575,221.8,62.4,40.4
575.1,222.5,62.4,40.4
561.7,232.6,62.4,40.4
561,234,62.4,40.4
559.3,244.2,62.4,40.4
559.8,237.8,62.4,40.4
559.9,240,62.4,40.4
570.7,231.8,62.4,40.4
568.8,232.7,62.4,40.4
580.9,224.8,62.4,40.4
580.2,225.7,62.4,40.4
566.6,236.3,62.4,40.4
566,238.3,62.4,40.4
565.2,239.8,62.4,40.4
566.1,233.1,62.4,40.4
567.3,235.1,62.4,40.4
577.2,244.2,62.4,40.4
590,244.7,62.4,40.4
604.2,253.6,62.4,40.4
617.7,245.4,62.4,40.4
606,254.3,62.4,40.4
606.4,254.9,62.4,40.4
607.1,255.3,62.4,40.4
608.6,255.7,62.4,40.4
610.1,256.8,62.4,40.4
623.9,266.1,62.4,40.4
651.6,206,62.4,40.4
653.2,197.6,62.4,40.4
655,198.4,62.4,40.4
656.7,190.4,62.4,40.4
658.5,190.7,62.4,40.4
646.1,200,62.4,40.4
647.4,200.1,62.4,40.4
648.5,200.7,62.4,40.4
648.8,210.1,62.4,40.4
635.4,202.4,62.4,40.4
634.9,202.9,62.4,40.4
608.6,254.5,62.4,40.4
608.2,245.8,62.4,40.4
592.8,253.8,62.4,40.4
655.3,278.2,62.4,40.4
643.9,271.2,62.4,40.4
644.9,254.9,62.4,40.4
658,307.1,62.4,40.4
658.1,307.4,62.4,40.4
647.4,308,62.4,40.4
660.2,308.8,62.4,40.4
649.4,309.8,62.4,40.4
651.8,310.8,62.4,40.4
653,305,62.4,40.4
665.1,313.5,62.4,40.4
653.3,314.4,62.4,40.4
665.1,322.4,62.4,40.4
664.8,321.9,62.4,40.4
676.2,321.9,62.4,40.4
674.8,321.6,62.4,40.4
661.8,329.3,62.4,40.4
651.2,329.4,62.4,40.4
664.4,329,62.4,40.4
677.9,321,62.4,40.4
665.2,330.3,62.4,40.4
665.3,331.5,62.4,40.4
655.8,340.4,59.3,39.1
668,340.1,59.3,39.1
667.7,340.6,59.3,39.1
667.4,341.3,59.3,39.1
867.7,22.3,62.9,42.7
870.5,21.1,64.9,46.4
874.3,20.5,64.9,47.7
878.2,21.4,65.7,47.7
881.7,21.5,64.5,48.7
886.7,20.9,64.1,49.2
891.6,21.7,66.7,49.2
896.8,21.6,67.5,49.7
901,20.7,68.2,51.2
904.6,18.9,68.3,53.3
908.9,17.2,67.5,55.3
913.9,16.9,68.6,55.2
918.6,16.7,68.6,55.2
931.6,15.4,68.6,55.2
932.9,16.2,72.3,52.6
938,15.1,72.3,52.6
942.9,15.4,73.2,51
955.2,14.7,75,48.7
957.1,13.7,74.6,48.7
957.9,12.6,76.3,48.7
959.3,12.5,78.5,48.7
973.5,4.5,78.5,48.7
973.3,7.5,77.6,45.6
975.3,6.6,77.4,45.9
977.3,6,77.8,45.6
983.4,4.4,73.6,46.3
988,3.3,69.3,47
992.5,2.8,68.1,47.7
997.6,1.7,67.5,46.9
1001.1,1.3,68.4,45.9
1004.7,1.2,68.8,45
1008.8,1.2,66.3,43.6
1013.4,1.3,62.7,42.4
1017.6,2,59.3,40.2
1021.6,1.6,56.2,38.9
1031.9,0.9,56.2,38.9
1032.2,0.3,56.2,38.9
1033.5,0,56.2,38.9
1042.8,0,56.2,38.9
1044.3,0,56.2,38.9
1045.5,0,56.2,38.9
1056.9,0,56.2,38.9
1056.8,0,56.2,38.9
1056.8,0,56.2,38.9
1057.8,0,56.2,38.9
1068.9,0,56.2,38.9
1080.7,0,56.2,38.9
1129.5,57.3,56.2,38.9
1044.2,116.2,56.2,38.9
1033.8,110.2,56.2,38.9
1024,111.7,56.2,38.9
1026.4,113.3,56.2,38.9
1111,112.7,56.2,38.9
1124.8,112.6,56.2,38.9
1125.5,112.7,56.2,38.9
1126.2,121.1,56.2,38.9
1127,121.5,56.2,38.9
1138.5,129.7,56.2,38.9
1149.2,137.8,56.2,38.9
1138.2,146.6,56.2,38.9
1138.9,147.1,56.2,38.9
1139.7,147.4,56.2,38.9
1127.1,156,56.2,38.9
1139.8,148.4,56.2,38.9
1140.3,149.2,56.2,38.9
1140.8,149.7,56.2,38.9
1141.5,150.5,56.2,38.9
1129,159.5,56.2,38.9
1140.2,167.9,56.2,38.9
1128.7,111.7,56.2,38.9
1140.9,112.1,56.2,38.9
1129.7,112,56.2,38.9
1141.7,112.6,56.2,38.9
1141.8,113,56.2,38.9
1141.7,113.4,56.2,38.9
1141.8,114.3,56.2,38.9
1142,114.6,56.2,38.9
1142.8,115.1,56.2,38.9
1142.9,115.8,56.2,38.9
1143.6,115.9,56.2,38.9
1154.4,124.3,56.2,38.9
1143.1,116.7,56.2,38.9
1154.7,124.5,56.2,38.9
1143.3,132.3,56.2,38.9
1154.7,124.9,56.2,38.9
1167.3,125.9,56.2,38.9
1178,134.9,56.2,38.9
1165.9,143,56.2,38.9
1154.6,135,56.2,38.9
1164.4,142.9,56.2,38.9
1152.9,135.9,56.2,38.9
1141.7,143.5,56.2,38.9
1154.1,135.9,56.2,38.9
1155.4,136.7,56.2,38.9
1142.3,144.7,56.2,38.9
1130.3,152.4,56.2,38.9
1140.7,144.7,56.2,38.9
1128.2,152.8,56.2,38.9
1138.6,144.7,56.2,38.9
1148.4,153,56.2,38.9
1137,145.5,56.2,38.9
1148.5,153.7,56.2,38.9
1136.6,161.7,56.2,38.9
1146.9,169.7,56.2,38.9
1159.5,178,56.2,38.9
1148.4,170.6,56.2,38.9
1158,178.2,56.2,38.9
1167.8,186,56.2,38.9
1155.6,178.6,56.2,38.9
1165.8,186.4,56.2,38.9
1154,194,56.2,38.9
1143.2,200.5,56.2,38.9
1153.3,207.6,56.2,38.9
1163.1,199.7,56.2,38.9
1150.7,191.2,56.2,38.9
1159.6,198.8,56.2,38.9
1168.8,190.6,56.2,38.9
1155.9,198,56.2,38.9
1143.5,206.3,56.2,38.9
1153.6,213.6,56.2,38.9
1163,220.9,56.2,38.9
1174.2,213.3,56.2,38.9
1161.9,221.1,56.2,38.9
1150.6,228.1,56.2,38.9
1160.6,235.5,56.2,38.9
1171.1,243.6,56.2,38.9
1172,236.2,56.2,38.9
1159.7,243.3,56.2,38.9
1147,234.4,56.2,38.9
1159.3,243.3,56.2,38.9
1146.2,251.4,56.2,38.9
1155.5,259.7,56.2,38.9
1162.9,267.3,56.2,38.9
1150.7,275,56.2,38.9
1161.9,282.5,56.2,38.9
610.1,437.2,123.7,83.5
612.5,435.2,126.5,85.9
615.3,435.6,124.7,86.7
618.4,436.6,125,87.9
619.2,437.9,124.1,89.2
598.1,438.9,127.1,89.8
603.5,439.7,132.8,90
608.4,440.5,132.8,90
612.8,440.7,132.8,90
614.6,441.6,132.8,90
617,441.7,132.3,89.7
617.6,428.8,132.6,89.2
618.7,433.1,132.6,89.2
619.1,436.2,134.5,88.7
620,438.4,134.5,88.7
621.2,439,134.5,88.7
601.6,439.4,134.5,88.7
608.8,438,134.5,88.7
612.5,438.5,134.5,88.7
615.6,438.5,134.5,88.7
618.9,437,134.5,88.7
621.5,437.2,134.5,88.7
622.3,423.5,134.5,88.7
622.9,438.5,131.3,90.9
623.6,437.3,131.3,90.9
623.9,423.5,131.3,90.9
623.1,440.1,131.3,90.9
624.6,426.1,131.3,90.9
624.4,429.7,131.3,90.9
625.5,434.4,131.3,90.9
624.8,438.9,131.2,91.9
625.5,442.7,131.2,91.9
626.7,443.8,131.2,91.9
628.9,444.8,131.2,91.9
630.5,448.4,131.2,91.9
629.1,463.6,131.2,91.9
608.2,462.2,132.2,94.3
614.6,463,133.4,94.6
621.1,464.4,133.4,94.6
624.6,466.2,128.9,95.9
624.4,459.3,135.7,93.7
625.4,465.2,135.1,95.7
626.7,469.3,135.1,95.7
629.1,473.2,135.1,95.7
629.8,475,135.1,95.7
608.6,477.1,135.1,95.7
612,480.4,138.6,97.1
615,481.4,138.6,97.1
620,484.2,138.1,96.7
624.7,484.1,132.3,97.5
604.4,485.1,133.1,97.7
627.2,481.5,132,99.2
626.6,465.8,133.6,99.2
627.7,470.5,131.5,98.1
622.8,463.9,140.2,93.1
625.1,467.1,140.2,93.1
625.9,466.7,140.2,93.1
628.9,462.7,135.2,97.9
627,459.2,135.4,99.9
628.8,455.1,131.9,103.1
629.1,440.6,136.4,103.6
631.1,444.2,130.6,100.9
633.1,442.8,131.4,100
633.8,439.7,129.3,99.6
636.6,436.2,128.7,100.8
635.7,431.4,128.6,102.6
635.6,415.8,134.7,102.8
637,417,134.7,102.8
641.4,417.1,133.4,101.2
642.1,413.2,130.5,103.4
644.7,412.2,130.5,103.4
647.7,410.9,130.9,101.5
649.5,409.9,129.8,100.3
650.2,406.6,129.9,99.9
651.4,404.4,132.6,98.9
653.2,402,132.1,99
655,388.8,134.7,97.9
658.1,391.1,134.7,97.9
663.3,391.7,130.3,99
667.3,387.9,127.2,101.7
670,389.4,125.1,99.4
670.6,389.2,125.1,99.4
673.3,388.2,127.6,98.8
673.2,373.3,131.9,99.2
675.4,392,133.2,96.8
677.1,389.2,133.6,95.8
677.9,376,136,95.2
678.3,381.2,139.8,92.7
682.8,382.7,140.5,92.3
688.5,383.4,136.2,92.7
694.1,384.8,135.2,91.6
699.2,385.2,132.2,93.1
703.8,386.5,127.7,94
706.4,387.1,127.6,95.4
711.3,387.7,128.6,94.9
716,389.3,125.2,93.3
719.9,391.7,126.1,90.8
722.9,392.4,126.1,90.8
725.8,395.6,126.1,90.8
729.5,396.7,126.1,91.2
732.8,398.6,125.6,91.7
735.7,400.3,125.6,91.7
739.9,403.2,123.5,91.4
742.3,405.5,127.9,91.4
744.7,407.7,124.5,92.2
748.4,410.3,127.7,91
752.3,412.9,125.8,90.9
754.1,416.1,125.8,90.9
756.5,419.7,125.2,90.8
760.2,421.9,126.5,92
762.6,424.1,126.5,92
764.3,427.5,126.5,92
765.9,430.4,126.5,92
768.9,433.1,126.5,92
770.6,435.7,126.5,92
773.9,439.6,126.5,92
776.7,442.5,126.5,92
779.3,445.7,126.5,92
781.8,447.9,126.5,92
784.7,452.4,126.7,91
784.2,456.5,130.3,89.9
787.8,458.2,130.1,89.9
791.9,459.8,130.1,89.9
797.3,462.3,127,88.3
801.6,466.4,124.8,87
804.6,469.6,125.1,86.7
806.7,471.7,127,87.5
808.5,472.8,126.8,90.1
809.7,475.7,126.8,90.1
811.2,478.3,126.8,90.1
813.7,481.7,126.8,90.1
814.4,485,126.8,90.1
815.2,488.9,125.2,88.8
815.9,491.6,127.5,87.9
819.1,494.8,125.8,86.1
822.3,497.9,124,85.3
823.9,498.9,124,85.3
825.7,501.6,124,85.3
827.1,503.5,124,85.3
828.2,506.5,124,85.3
828.8,510.2,124,85.3
830.3,512.8,124,85.3
832.1,515.7,124,85.3
833.6,518.4,124,85.3
835.8,522,124,85.3
838.5,524.5,124,85.3
841,526.6,124,85.3
843.4,528.9,121.5,86.7
842.1,533.1,125.3,86.3
843.6,535.4,125.3,86.3
844.2,538.3,126.6,87.1
847.1,541.3,124.4,88.8
849.5,544,123.7,88.8
851,546.5,123.7,88.8
853.7,549.3,121.8,89.8
855,553.1,123.3,88.7
856.5,555.6,123.3,88.7
858.7,557.7,123.3,88.7
860.1,559.9,123.3,88.7
860.5,562.3,123.3,88.7
861.4,565.8,123.3,88.7
862.7,568.9,123.7,89
864,572,124.8,89
864.7,575.5,124.8,89
866.4,579.1,124.8,89
866.3,582.2,126.4,89.7
865.7,583.9,128.8,90.8
846.3,586.3,128.8,90.8
852.2,589.5,128.8,90.8
852.3,594.4,138.2,90.8
855.5,596.2,138.2,90.8
859.3,598.9,138,93
858.1,611.6,141.2,98.9
854.4,609.9,144.1,103.9
856.6,607.5,144.6,107.2
860,608.5,141.2,107
861.1,610.4,144.2,105.6
862.4,612,147.3,104.3
864.5,612,147.1,102.3
865.6,613.1,147.4,101.9
867.9,613.5,146.5,101.9
874,615,143,101.3
876.3,618.9,138.4,97.9
878.2,623.5,135.5,95.5
880.5,624.2,137.9,94.8
882.4,625,134.7,94
885.5,627,136.9,92
882.4,627.8,142.8,91.2
880.9,627.1,143.8,91.9
882.5,628.7,141.7,90.3
884.9,629.9,140.6,89.1
883.8,630.8,143.9,88.2
882.8,632.6,145.7,86.4
881.5,632.6,150.1,86.4
877.5,632.1,157.8,86.9
876.7,632.5,155.1,86.5
882.5,632.3,153.2,86.2
884.1,634.9,151.8,84.1
884.5,635.1,153.9,83.9
885.1,634.5,154.1,84.5
888.6,635,155.3,84
892.4,636.7,151.4,82.3
893,637.3,153.2,81.7
893.9,637.4,153.3,81.6
895.3,637.8,152.8,81.2
895.3,637.9,152.7,81.1
896.6,637.1,153,81.9
898,636.4,154.2,82.6
899.8,635.5,154.8,83.5
900.5,635.3,153.3,83.7
904.7,637,152,82
907.4,636.6,150.1,82.4
909.5,637.5,146.6,81.5
908.3,637.1,150.5,81.9
909.7,638.2,149.2,80.8
908.1,637.6,148.1,81.4
908,638.3,151.6,80.7
903.2,638.9,155.3,80.1
903.6,638.6,158.6,80.4
903.4,638.7,158.4,80.3
903.7,638.4,156.8,80.6
907.9,638.8,152.9,80.2
904.4,639.1,153.8,79.9
907.1,639.3,153.2,79.7
907.5,639.4,149,79.6
906.9,638.2,151.3,80.8
906.8,637.2,152,81.8
902.6,636.1,153.4,82.9
901.3,637.5,157.6,81.5
899.4,638.5,156,80.4
899,638.9,155.3,80.1
900.4,639.7,153.7,79.3
900.4,638.8,152,80.2
899.1,638.9,151.9,80.1
898.3,638.9,150.5,80.1
898.4,639.1,148.9,79.9
895.3,637.9,151.3,81.1
891.5,638.9,153.4,80.1
890.8,638.8,152.8,80.2
892.1,639.7,147.7,79.3
893.9,640.2,146.4,78.8
890.6,639.4,147.9,79.6
886.9,639.2,148.2,79.8
885.5,638.9,146.9,80.1
881.8,637.8,147.6,81.2
878.5,639,147.2,80
876.9,640.3,149.9,78.7
869.5,638.6,155.8,80.4
865.8,637.8,157.7,81.2
862.9,638.5,157,80.5
860.4,639.3,158.6,79.7
860.3,638.9,158.3,80.1
860.7,637.7,157.4,81.3
855.5,637.8,159.6,81.2
850.5,639,161.3,80
850.4,639.7,162.3,79.3
849.6,640.6,159.7,78.4
847.6,639.7,160.6,79.3
847.5,638.6,158.2,80.4
843.5,637.9,159.4,81.1
840,638.3,161.9,80.7
840.1,638.8,160.5,80.2
838.5,638.7,158.3,80.3
837.7,637.3,156,81.7
838.8,638,154.2,81
834.3,638.1,158.9,80.9
833.7,638.6,157.8,80.4
831.8,637.4,159.3,81.6
827.6,637.6,161.6,81.3
828.2,638.3,160,80.7
826.7,639.2,161.8,79.1
825.6,638.8,160,80.2
824.8,639.2,158.3,79.8
822.9,639,158.5,80
819.2,638.8,159.9,80.2
812.2,640,165.1,79
814.4,642.5,159.6,76.5
812.6,642.7,158.6,76.3
813.7,643,154.6,76
814.8,642.8,152.9,76.2
815.9,642,150.4,77
818.2,641.4,146.7,77.6
816.7,641.3,145.2,77.7
811.7,640.4,147.1,78.6
810.2,640.7,147.8,78.3
812.5,640.6,144,78.4
784.8,643.1,156.4,75.9
790.9,639.7,158.3,79.3
788.9,641,159.1,78
785.7,642.3,160.3,76.7
783.1,643,161.5,76
784.3,643.3,159,75.6
780.9,645.3,159.7,73.7
780.9,645.4,157.3,73.6
775.8,646.3,157.9,72.7
775.6,646.5,160.4,72.5
776.1,647.8,158.7,71.2
773,648.5,159.6,70.5
771.3,649.6,159.8,69.4
772.1,651.2,160.1,67.8
769.4,651.9,160.7,67.1
769.5,652.4,162.3,66.6
768.4,654.6,163.3,64.4
767.3,655,165.1,64
768.2,656.1,164.7,62.9
770.7,659.1,165.6,59.9
770.7,661.2,166.4,57.8
772.4,663.2,167,55.8
771.7,665.2,167.2,53.8
771.2,667.6,166.6,51.4
768.3,669.9,168.4,49.1
769.9,671.9,165.4,47.1
774.4,672.8,157.7,45.6
774.3,673.6,157.7,45.6
777,674.1,157.7,45.6
777.9,674.3,157.7,45.6
781.3,674.2,157.7,45.6
785.5,674.3,157.7,45.6
789.1,672.5,157.7,45.6
820.2,673.4,157.7,45.6
790,610.3,157.7,45.6
759.7,602.9,157.7,45.6
761.7,593.2,157.7,45.6
794.2,603.8,157.7,45.6
764,593.7,157.7,45.6
763.8,592.9,157.7,45.6
766.1,593.6,157.7,45.6
543.4,583.1,60,37.8
550.1,586.9,66.5,45.9
561.7,579.3,67.4,46.6
567.7,579.5,65.3,48.9
579.8,573.1,66.1,46.7
586.9,574.9,62.5,47.4
598.2,569.5,65,45.1
603.4,571,64.2,44.9
615.3,565.3,65,44.5
625.5,566.3,66.6,45.1
630.1,564,65.5,48
640.6,558.4,66.7,45.8
646.5,558.8,65,45.7
653,557.9,61.3,46.7
665.7,551.2,64.3,45.3
671.7,550.9,62.2,45
683.8,544.1,63.4,43
688.7,545.3,65.4,43.2
694.3,543.6,64.5,44.7
706.2,537.8,65.6,42.4
711.5,537,65.4,44.6
718.1,535,62.7,46.3
730.5,529.4,63.3,43.4
736.6,529.9,62.1,43
748.5,529.6,64.4,43
760.2,522.6,64.8,41.2
765,522.7,61.9,43.4
777.4,520.9,62.2,46.2
781.7,514.4,59.9,44.1
794.5,514.5,59.8,44.5
798.9,514.3,59.6,45.3
812,513.4,59.6,45.3
823.8,506.8,60.7,43.8
828.3,507.7,59.2,45.2
841.8,501.6,60.2,43.8
852.1,503.6,63.9,42.9
858,502.9,61.9,44.4
870.2,496.9,62.9,42.2
882.1,496.6,64,42.4
887.8,495.8,62.9,43.6
900.3,490,63.2,41.8
910.1,491,65.9,42.1
916.8,490.6,63.2,43.6
924.6,478.1,70.6,52.4
938.7,482.9,67.9,50.7
949.7,483.6,67.9,49.3
955.7,483.7,65.1,47.4
969.3,477.7,63.8,46.3
976.1,478.7,62.3,45.2
987.6,478.7,64.4,44.1
999.6,473.3,64.8,42
1005.4,474.8,63.1,42
1017,469.6,64.7,39.8
1022,470.8,64.4,39.9
1034.5,465.8,64.9,37.2
1039.3,467.2,63.4,36.1
1051.4,462.9,64.2,33.2
