353,311,357,174
345,311,341,171
333,312,334,167
322,312,323,163
310,310,320,163
312,309,320,165
303,309,309,161
296,308,302,159
286,308,297,154
286,310,290,150
278,310,284,147
276,309,278,146
275,307,267,144
269,307,261,141
272,308,252,138
266,308,252,135
254,306,262,136
253,307,258,133
254,307,252,130
253,304,249,131
254,302,245,129
247,300,243,130
248,303,239,124
249,302,233,121
248,302,232,120
246,301,226,118
249,302,219,117
241,301,224,116
235,300,234,115
240,299,230,114
236,300,233,113
238,303,229,112
242,304,223,112
244,306,219,110
246,307,222,108
243,310,211,106
246,312,205,104
249,312,203,103
250,312,201,103
248,314,201,100
248,313,201,99
249,313,203,98
252,313,206,99
252,313,205,99
251,310,203,99
250,309,203,100
254,310,199,98
250,308,200,97
249,308,202,96
246,307,202,96
253,306,196,93
257,307,190,93
258,306,187,91
258,306,188,89
260,303,184,90
261,301,184,90
262,300,185,88
263,301,185,88
266,301,187,88
267,300,191,91
270,302,186,89
268,303,186,88
266,303,192,89
272,302,182,89
272,302,182,89
276,300,181,88
281,302,182,86
280,300,180,86
284,302,178,86
287,304,173,85
287,304,173,85
290,309,169,83
293,309,167,83
298,308,169,84
298,310,167,83
301,311,166,85
308,309,168,87
304,310,166,86
305,309,172,88
303,310,174,86
307,307,171,87
313,308,174,87
313,309,170,84
319,311,172,85
323,313,172,84
326,316,173,83
328,318,170,82
329,318,169,82
326,317,176,83
332,320,169,80
338,319,166,79
342,317,166,78
346,315,165,79
350,313,165,78
351,310,164,81
352,310,167,79
357,314,160,77
364,314,155,75
368,314,152,75
376,316,149,74
379,316,152,74
382,315,153,76
387,315,151,74
388,314,152,74
397,315,147,72
400,313,148,72
406,309,148,73
404,308,151,73
410,305,149,74
412,301,152,76
416,302,150,73
419,302,150,72
424,300,149,73
430,297,149,74
435,301,148,70
443,299,146,72
447,299,148,70
449,297,152,71
458,297,149,71
466,295,148,71
468,293,152,72
479,295,148,71
482,295,150,71
499,296,144,72
501,298,147,70
506,299,145,69
514,297,147,70
526,297,144,70
528,296,146,71
534,297,145,71
536,294,146,75
548,296,142,73
549,299,145,73
552,301,145,71
557,303,143,70
561,303,142,70
571,303,139,70
574,301,140,70
579,301,138,69
582,301,138,68
585,302,138,68
588,302,138,70
587,302,139,70
590,303,139,70
591,301,142,75
595,303,140,72
597,302,142,72
597,299,143,75
600,299,143,73
605,297,143,74
607,297,142,72
610,296,143,73
614,295,143,75
617,298,142,73
618,301,143,69
623,300,142,70
628,301,142,70
629,298,144,72
627,299,147,71
638,302,142,69
637,300,144,71
645,303,139,68
642,300,144,71
648,300,142,71
650,302,140,69
653,301,141,70
652,299,146,73
656,301,145,72
657,303,145,71
668,305,136,69
666,304,138,71
670,306,135,70
671,306,136,70
673,308,136,69
676,306,133,71
676,306,137,72
678,308,136,71
678,308,137,71
681,310,134,69
683,309,133,71
686,308,131,72
684,310,133,70
689,311,131,70
688,313,133,70
686,315,132,67
686,315,132,69
688,316,130,68
688,318,130,66
689,318,129,67
688,318,131,67
690,319,129,66
691,321,130,67
690,322,129,66
691,323,128,68
690,323,128,68
688,325,130,65
691,326,128,67
690,327,130,66
691,327,128,67
690,327,128,66
690,327,127,67
688,328,130,67
688,328,131,68
689,329,128,67
688,331,128,67
688,330,130,68
688,332,130,67
688,334,130,68
687,335,132,67
689,338,130,67
691,336,128,67
690,334,129,68
693,335,128,65
692,330,128,68
694,330,127,67
692,329,130,65
694,327,130,67
694,326,128,67
696,323,127,68
694,324,132,67
697,324,129,69
695,325,133,68
698,326,131,67
699,327,132,67
698,327,134,67
701,326,131,68
703,327,129,65
703,326,131,67
704,326,133,66
701,324,135,67
705,323,131,67
705,320,132,69
706,320,133,69
705,319,133,69
705,321,133,67
706,321,133,67
705,321,135,68
707,321,134,67
710,320,131,67
708,321,133,65
705,321,136,66
703,320,138,69
706,322,137,70
704,325,139,69
706,326,137,68
707,326,138,69
707,324,136,70
710,325,133,69
705,321,138,71
707,322,137,71
705,322,138,70
702,322,141,70
704,322,138,70
703,323,138,71
702,322,138,71
702,322,138,69
700,321,137,70
698,320,138,70
701,320,136,70
702,323,136,68
699,320,136,70
699,321,135,70
698,322,136,69
697,322,136,69
695,321,135,69
695,320,136,69
693,320,137,68
692,318,137,70
687,317,137,69
687,320,140,68
689,318,140,71
688,320,139,70
684,319,140,70
682,320,141,69
681,319,140,69
681,317,138,69
680,318,141,70
677,318,142,70
677,319,142,70
676,319,142,71
677,319,140,70
678,319,140,70
676,318,139,70
675,319,136,68
674,317,136,69
673,318,135,67
670,318,137,66
669,318,135,65
672,317,132,66
668,318,133,65
673,318,129,66
666,318,131,65
667,320,130,63
665,321,129,63
665,320,129,63
664,321,129,63
663,320,126,62
661,320,127,61
661,320,124,59
661,318,124,61
655,318,126,61
653,319,127,61
658,317,122,62
654,318,124,61
648,320,126,60
648,321,124,60
647,319,125,61
643,320,126,60
642,321,121,57
645,319,122,58
643,318,122,59
643,320,121,58
641,323,119,55
642,323,117,55
639,324,119,55
640,324,117,55
638,325,114,54
640,325,114,54
635,325,113,53
638,324,113,53
637,322,112,52
638,323,111,51
635,322,112,50
632,321,110,51
634,322,110,51
634,322,111,51
633,323,109,50
632,324,110,49
632,326,108,48
633,328,108,48
630,328,110,49
630,329,109,49
630,328,108,49
629,329,107,48
629,327,108,49
628,325,106,49
628,323,107,48
625,322,107,49
626,320,107,49
624,320,105,48
625,321,105,49
624,322,105,48
623,323,106,48
624,323,105,49
621,325,107,48
623,323,105,48
622,324,104,47
624,322,105,48
622,321,106,48
625,319,105,48
623,319,106,48
623,319,104,47
625,320,103,46
624,320,103,46
627,321,101,46
624,322,103,46
620,323,103,45
624,322,102,46
622,324,103,46
623,324,101,45
622,323,102,46
622,324,103,46
622,323,103,46
621,322,102,46
620,322,102,46
621,322,102,46
622,320,103,48
622,321,102,47
620,321,103,45
620,322,104,46
621,322,101,46
617,321,103,46
619,321,102,46
619,321,101,46
618,321,103,45
618,321,102,45
617,321,103,45
617,322,103,45
615,323,107,45
616,323,104,44
616,322,103,45
616,323,103,45
616,322,102,45
613,323,104,44
614,322,103,44
616,323,101,44
614,324,103,44
613,324,103,44
614,322,103,45
614,321,103,45
616,319,101,45
619,318,99,46
616,318,102,46
616,318,101,45
615,319,102,45
615,319,101,46
614,320,102,46
614,320,102,46
613,321,103,45
617,321,100,46
615,320,102,46
616,319,100,46
617,317,100,46
618,318,99,45
620,319,96,43
619,320,97,45
619,320,97,44
620,321,95,43
617,321,98,44
620,322,96,45
619,322,97,44
619,323,95,43
617,322,97,44
618,322,97,44
620,321,96,44
623,321,93,43
620,320,93,45
622,322,92,43
622,323,93,43
621,323,92,43
623,324,90,42
624,321,89,42
624,319,88,41
623,317,90,41
621,318,90,41
624,319,87,40
623,320,89,41
623,321,89,41
620,320,90,39
621,317,88,39
618,314,89,38
622,311,88,39
622,310,87,40
623,309,86,39
624,309,85,39
622,311,87,38
624,312,85,37
621,313,87,37
622,315,86,36
626,315,83,36
625,315,83,36
626,315,84,37
625,314,84,36
623,313,85,36
625,313,85,37
625,314,84,36
626,315,84,36
628,315,82,36
627,316,83,35
624,318,87,36
624,318,86,37
625,318,85,37
627,319,85,37
628,319,83,37
628,319,82,37
628,317,83,37
625,318,85,37
626,319,84,38
627,320,82,37
627,321,84,37
627,321,84,38
627,323,83,37
628,324,83,37
626,324,83,37
626,324,82,36
627,325,82,37
624,325,82,37
625,326,82,37
626,326,81,37
625,327,81,37
626,327,82,38
624,328,83,38
623,328,84,39
624,329,82,38
625,329,82,39
625,329,83,38
628,330,80,38
624,330,83,38
627,330,82,38
623,330,83,38
625,329,81,39
629,329,80,38
626,327,82,39
626,327,82,38
627,326,81,38
628,325,82,38
629,324,81,38
627,324,82,37
630,323,80,37
631,323,80,37
631,323,80,38
632,323,80,38
631,322,80,38
632,321,80,37
631,322,82,37
632,321,79,36
631,320,81,36
632,319,80,36
631,318,79,35
633,317,79,34
634,316,78,35
631,316,79,35
630,315,80,35
629,315,81,36
628,315,80,36
629,316,80,36
630,316,79,35
631,316,79,36
631,316,79,36
631,316,79,36
632,316,78,37
629,317,79,37
631,318,78,37
631,319,79,37
629,320,80,37
632,320,79,37
630,321,80,37
631,322,79,37
632,322,79,36
631,322,78,36
632,320,80,36
629,320,82,37
628,320,82,37
628,319,83,38
629,320,84,37
630,319,83,37
629,319,83,37
627,320,83,36
632,318,82,38
631,319,83,37
631,317,82,38
631,318,83,38
633,317,83,39
631,317,85,38
631,316,84,40
630,317,85,40
631,316,85,41
632,320,85,41
634,320,84,40
633,321,85,40
634,322,84,40
634,322,83,40
636,323,82,40
635,323,82,40
637,323,82,41
634,323,84,39
637,322,82,38
638,322,81,38
638,321,82,38
638,320,83,38
637,320,83,39
637,320,83,39
639,322,83,39
640,321,81,39
641,323,82,38
638,323,84,39
640,324,84,39
641,323,83,39
642,322,83,40
644,321,82,39
641,320,82,39
639,320,84,38
641,318,82,39
637,320,86,39
639,321,84,39
640,320,82,39
643,322,80,39
643,322,80,39
642,321,81,39
639,321,84,39
640,320,83,40
638,321,85,39
640,319,83,40
639,320,85,40
638,321,86,40
638,322,86,40
640,322,85,41
639,323,85,41
639,325,85,40
640,327,85,40
640,325,83,40
641,327,82,40
642,327,83,39
642,327,83,40
642,326,83,40
641,324,84,40
643,323,83,40
641,322,84,40
644,321,81,40
644,321,80,40
641,322,83,40
643,321,82,40
642,321,81,39
642,320,82,39
644,320,79,39
643,319,82,40
640,320,82,39
642,320,82,39
643,319,82,40
643,319,81,39
645,317,80,39
645,317,79,40
645,317,79,39
643,315,81,40
645,316,79,39
645,318,80,39
644,317,79,39
645,319,78,38
645,322,79,38
646,322,79,38
647,322,77,38
646,323,78,38
646,322,77,38
644,322,78,39
646,322,78,39
647,322,78,40
643,322,80,40
645,323,79,39
646,322,78,40
646,323,79,41
647,323,77,40
647,323,77,39
647,323,79,40
647,323,77,40
648,323,78,39
649,321,77,40
647,321,78,39
648,321,77,39
648,322,79,40
650,323,75,39
650,322,76,39
652,325,74,38
651,324,74,38
650,325,74,38
651,325,73,37
650,323,74,37
651,323,73,38
652,323,72,38
651,321,73,38
651,319,74,38
650,319,73,38
652,319,73,39
652,319,74,39
649,318,73,38
650,317,73,37
651,316,73,37
650,314,74,37
650,315,74,37
651,315,73,37
651,315,73,36
649,314,73,37
650,316,70,36
651,317,71,36
650,317,71,36
650,317,70,36
650,316,71,36
649,316,72,37
649,314,72,37
650,313,72,37
650,313,71,37
651,312,71,37
652,311,69,38
651,309,70,38
653,309,69,38
652,307,70,38
652,306,72,38
653,307,71,38
653,307,72,39
651,308,71,38
652,309,71,38
654,309,68,38
654,308,69,38
654,308,70,37
655,308,69,38
652,308,70,39
654,309,70,39
653,310,70,38
654,308,69,38
653,308,68,39
653,311,69,38
654,309,68,40
654,310,66,39
652,311,66,39
651,311,66,38
650,312,67,38
649,312,68,39
649,312,68,39
648,313,68,39
650,313,68,39
650,315,66,39
650,316,65,39
649,318,67,39
650,319,66,39
650,320,67,39
650,320,67,39
650,322,67,39
653,322,67,39
650,323,64,38
649,324,65,37
651,323,65,37
651,324,65,36
652,325,64,36
652,325,65,37
652,325,65,37
650,326,66,37
651,327,65,37
651,327,65,37
651,327,66,37
650,327,67,37
651,327,68,38
650,327,67,38
651,327,68,38
651,327,67,36
652,325,67,37
652,324,68,38
652,324,67,37
652,323,68,37
652,323,68,37
653,322,68,38
653,321,68,37
653,320,68,37
653,319,67,37
653,319,68,37
654,318,68,37
654,317,66,37
654,318,66,36
655,318,64,37
657,319,64,36
654,319,65,37
656,319,64,36
655,319,64,35
655,319,63,35
655,319,65,36
655,318,64,36
655,318,64,35
654,317,64,34
655,318,63,34
654,318,64,34
654,318,63,34
654,318,63,34
655,319,62,34
655,320,62,34
655,320,63,34
654,321,63,34
654,321,63,34
655,319,63,34
656,320,64,33
655,320,62,33
656,319,63,33
654,320,64,33
655,321,65,33
656,321,63,33
655,320,63,34
655,320,64,34
655,319,65,35
656,319,65,35
655,320,64,34
655,321,64,35
655,320,65,35
654,321,64,34
655,320,66,34
656,320,64,33
655,319,65,33
656,318,66,33
656,317,66,34
654,318,66,33
655,316,65,33
654,316,66,33
655,317,66,33
657,316,65,33
653,318,67,33
655,318,67,34
655,318,68,35
655,319,68,34
655,321,68,34
657,320,67,33
657,320,66,32
656,320,66,33
656,320,68,34
656,320,66,33
652,321,67,33
655,320,66,34
654,322,66,33
653,323,66,33
654,322,67,34
652,322,68,35
654,321,68,36
653,321,69,36
651,320,71,36
652,318,71,35
652,317,71,36
651,316,71,36
652,315,71,35
652,315,71,35
650,315,72,35
650,315,71,36
650,315,71,35
649,315,72,35
650,315,71,35
649,316,71,35
650,316,70,35
649,317,72,36
650,317,72,36
648,317,72,35
649,318,72,36
648,318,73,36
650,318,71,36
648,318,72,36
647,318,72,35
650,317,70,36
652,315,71,36
652,313,68,36
653,313,68,36
651,312,69,35
651,311,69,36
651,311,70,37
651,309,70,36
651,310,69,35
650,310,70,35
653,310,69,35
653,310,68,34
649,310,68,33
650,310,67,33
651,309,67,33
651,309,68,33
650,308,68,33
650,309,67,32
651,309,66,32
650,309,66,32
652,308,65,32
651,309,66,31
652,309,64,31
652,310,65,32
652,309,66,32
652,308,66,32
652,307,65,32
651,307,65,32
652,306,66,32
651,305,66,33
651,304,68,32
650,304,68,33
650,306,68,33
650,306,69,32
649,308,69,32
649,308,69,33
649,309,69,33
648,309,71,33
647,308,71,33
648,308,71,34
647,308,71,33
648,310,71,34
646,309,73,34
647,311,73,34
644,313,74,34
647,315,72,33
647,316,71,32
647,317,71,33
648,317,70,32
645,318,70,31
648,318,69,31
647,318,69,30
650,318,68,31
648,319,69,30
650,319,69,31
648,319,70,31
649,319,70,31
650,320,70,31
650,320,69,31
651,321,69,31
651,322,69,31
649,322,70,32
647,322,71,31
648,323,70,31
648,323,71,31
647,323,72,31
648,323,72,31
647,324,72,31
648,324,71,30
650,324,70,30
649,325,70,30
648,327,70,30
649,326,71,31
649,328,70,29
648,328,70,30
648,328,70,29
647,329,72,30
649,330,70,31
649,331,69,30
649,331,69,30
650,331,68,30
648,331,70,30
649,331,69,30
648,331,70,30
647,332,70,30
649,331,68,30
648,332,69,29
649,331,70,30
650,331,70,29
649,331,71,29
649,331,70,28
649,330,69,28
650,330,70,29
650,330,69,29
650,329,68,29
650,328,68,29
651,327,69,29
650,327,69,29
651,327,70,29
649,328,71,30
649,327,72,30
650,328,71,30
651,328,70,31
650,330,70,31
647,330,72,31
650,330,71,31
647,330,71,30
649,330,70,30
649,330,70,30
648,330,70,29
648,330,71,29
647,330,70,28
647,330,70,29
647,329,71,29
648,329,71,29
648,330,70,29
650,330,69,29
647,330,71,29
649,330,70,28
650,330,70,29
650,330,69,29
651,329,69,29
647,329,69,28
648,328,68,29
650,328,66,29
651,327,68,29
651,327,67,29
653,327,67,30
650,327,68,28
650,327,69,29
650,328,69,29
650,327,67,28
652,327,66,28
653,328,66,28
651,328,67,28
651,328,68,28
652,328,67,28
652,328,67,28
653,328,66,28
651,328,69,27
654,328,66,27
653,328,67,27
654,328,67,27
655,329,66,27
655,330,66,26
654,331,67,26
653,331,70,27
654,330,68,27
657,329,67,27
655,329,68,27
655,328,68,28
657,326,67,27
655,326,67,27
655,325,67,27
654,325,68,27
655,324,68,27
654,323,67,27
656,324,67,27
656,323,67,28
656,325,67,27
657,325,67,27
658,326,67,28
659,327,66,28
656,328,68,28
656,329,69,29
659,330,70,29
660,331,68,28
657,331,70,28
658,329,70,28
656,328,70,28
658,326,69,28
658,325,68,28
657,325,68,27
656,326,67,27
657,326,66,27
657,327,65,28
655,328,65,28
657,327,65,28
655,326,67,28
654,324,66,28
658,323,65,28
656,322,64,28
657,321,65,28
656,320,64,28
656,320,64,28
658,318,63,28
656,319,64,28
656,318,63,28
656,318,65,28
655,318,64,27
657,319,63,28
656,320,64,28
658,320,63,29
658,320,62,28
657,321,63,29
657,321,62,29
657,320,63,29
656,320,63,28
655,320,63,28
655,320,63,28
654,320,64,28
655,321,62,27
656,322,62,29
655,323,62,28
654,323,63,28
656,323,61,28
656,323,62,28
655,323,61,27
657,322,60,27
655,322,62,27
658,322,62,27
658,321,62,28
658,322,62,28
657,322,60,27
659,322,60,27
657,322,60,27
658,321,60,27
658,321,59,27
657,320,59,27
657,321,59,27
658,323,59,27
658,324,59,27
658,324,58,26
658,324,57,27
657,324,57,27
658,323,57,27
657,323,58,27
658,321,59,27
659,320,59,27
659,319,58,27
660,318,59,27
658,318,60,27
658,318,58,26
658,318,59,26
658,317,59,27
657,318,61,27
658,317,62,27
656,317,61,26
658,316,59,26
658,315,60,26
657,314,60,27
656,314,61,27
658,314,59,27
658,314,58,27
658,315,58,27
658,316,59,27
658,316,58,27
658,319,59,26
659,317,58,27
659,317,57,26
660,317,58,27
661,318,57,27
661,316,57,27
661,317,56,28
660,317,57,28
660,318,56,28
660,318,56,27
661,317,55,27
661,317,55,29
661,318,55,29
660,319,56,28
662,319,54,28
662,321,54,28
662,322,55,28
662,321,54,29
662,321,54,28
662,322,54,28
662,321,54,28
662,320,54,29
662,320,54,28
662,319,54,28
660,319,56,28
661,318,54,28
660,317,55,28
660,317,55,27
659,318,55,28
658,318,56,28
658,317,55,28
659,317,55,28
657,318,55,28
659,319,55,28
658,320,54,28
657,320,56,28
656,320,56,28
655,321,56,28
654,322,56,28
655,323,56,28
654,324,57,27
652,323,58,27
652,322,57,27
651,320,57,27
651,320,58,27
649,319,58,27
649,318,57,27
648,318,58,27
650,318,56,26
650,319,55,26
649,318,56,26
646,319,57,26
647,320,57,26
644,320,57,26
644,321,57,26
647,323,56,26
644,324,57,26
643,324,57,26
642,323,57,26
641,322,56,25
638,321,57,25
638,320,56,25
638,319,56,25
637,318,56,26
635,318,58,26
634,319,58,27
634,321,57,27
632,322,57,26
631,323,58,26
628,324,58,26
629,323,58,26
627,323,58,25
624,322,60,26
626,322,57,26
623,323,58,26
623,322,56,25
619,322,59,25
619,323,59,25
617,323,58,25
616,324,58,25
615,325,58,26
615,325,57,25
612,324,57,25
611,324,58,25
608,324,59,25
608,323,59,25
605,322,59,24
605,322,58,23
605,321,57,23
602,320,57,24
601,320,56,24
600,320,55,23
599,321,56,24
597,320,57,24
596,320,58,25
593,322,58,24
591,321,58,24
593,321,58,25
589,321,60,24
591,320,58,24
588,319,58,24
587,318,58,25
586,317,58,24
581,316,61,25
582,316,60,24
581,316,60,24
583,316,59,25
580,315,59,25
580,316,59,25
579,314,58,24
577,313,60,25
575,312,58,24
576,311,58,25
575,311,59,25
576,311,57,24
575,311,57,25
576,312,57,24
577,313,56,24
577,314,57,24
578,314,57,24
577,314,56,25
576,315,57,24
576,315,57,25
576,315,57,24
574,315,58,24
575,316,58,24
575,316,59,23
576,318,59,24
575,319,59,24
575,319,60,24
574,319,60,24
574,319,61,24
574,319,60,23
575,319,61,24
574,318,61,24
576,317,60,24
577,318,61,24
577,318,60,24
578,318,60,24
581,319,59,23
580,320,60,23
580,319,61,23
582,320,61,23
582,321,60,23
582,322,59,23
583,321,59,24
584,323,59,24
583,324,59,23
585,324,59,23
587,324,58,23
586,321,58,24
588,322,58,23
589,324,58,23
590,324,57,23
590,325,57,23
594,323,56,23
596,324,56,24
597,324,56,23
597,325,56,23
599,326,54,23
599,327,55,23
600,330,55,22
601,330,56,23
601,331,56,23
605,332,56,23
607,332,57,23
607,333,57,23
608,332,56,23
611,333,56,23
612,335,57,23
611,335,58,23
613,336,58,24
614,336,58,24
615,337,58,24
617,338,57,24
618,336,58,24
622,335,56,24
622,335,57,24
623,335,57,24
625,335,57,24
627,334,55,24
627,333,56,24
631,330,54,24
630,330,56,24
632,327,54,24
632,326,55,25
633,326,54,25
634,327,55,24
636,327,55,25
638,327,55,24
638,328,55,24
640,330,54,24
641,330,55,24
641,331,56,24
641,331,56,24
643,330,56,24
644,330,56,24
646,330,56,24
647,329,56,23
648,329,57,23
652,327,56,23
652,326,57,23
652,326,58,24
654,325,57,23
657,325,56,23
656,324,57,23
654,323,58,22
657,324,55,22
658,323,56,22
660,323,55,22
660,323,54,22
660,322,54,22
659,323,55,22
660,323,54,23
661,324,55,23
660,323,55,23
659,323,57,24
660,324,56,24
660,323,56,24
659,324,57,23
661,324,56,24
661,324,57,23
662,323,56,23
662,322,55,22
662,322,56,22
663,322,55,23
662,322,55,23
661,322,56,23
661,322,56,23
662,321,56,23
663,322,55,23
664,322,55,22
664,321,55,23
665,322,55,23
663,323,56,23
662,325,57,22
663,324,56,22
662,325,57,23
662,325,57,23
662,324,58,23
663,322,58,23
664,320,56,23
664,319,57,23
664,318,57,23
663,318,58,23
663,317,57,23
664,319,56,23
663,320,57,23
662,321,58,23
662,322,59,23
662,324,59,22
661,324,58,23
661,322,58,22
661,322,59,22
661,320,58,22
662,318,58,23
660,317,58,22
659,317,59,23
658,317,59,22
657,318,60,23
655,319,61,23
656,321,59,22
656,322,59,23
655,322,58,23
654,323,60,23
655,323,60,23
655,323,59,23
655,324,59,23
654,324,58,23
653,324,59,23
654,325,59,23
652,325,59,23
651,325,59,24
650,324,60,23
649,323,60,23
650,322,59,23
648,321,58,22
650,322,59,23
648,321,61,23
645,320,61,23
646,319,61,23
646,319,60,22
646,319,61,23
644,318,61,23
643,319,61,23
642,320,61,23
642,320,62,23
641,320,63,23
639,319,63,22
638,319,65,23
638,319,64,23
638,319,64,23
636,318,64,23
635,319,65,23
635,319,64,23
633,319,65,23
633,316,65,23
632,316,65,23
631,316,66,23
630,316,65,23
630,316,67,23
630,315,66,22
627,313,67,22
627,313,67,22
628,314,67,22
626,312,67,22
627,313,67,23
626,312,68,23
622,314,67,23
624,315,66,22
622,317,67,23
622,317,67,23
618,318,69,23
618,316,69,22
616,312,68,22
616,308,66,22
616,305,65,22
616,302,64,22
617,302,62,22
616,303,64,22
615,304,64,22
611,306,65,22
612,308,65,23
612,311,63,23
612,311,63,23
611,313,64,24
609,314,63,23
608,315,64,23
609,315,66,24
605,315,67,24
606,315,67,24
602,315,69,24
603,316,68,24
604,316,68,25
602,316,69,25
601,317,70,26
601,316,71,26
602,316,70,26
602,318,70,26
601,319,69,26
599,319,70,26
599,320,69,27
596,322,72,26
597,322,71,27
598,324,71,27
596,327,72,27
598,327,70,27
596,328,71,28
595,330,70,27
593,330,71,27
593,330,72,28
592,330,73,27
592,329,72,27
592,328,72,26
593,327,71,27
589,326,73,27
593,325,72,26
593,325,71,26
593,326,71,27
593,326,70,27
594,327,68,26
593,329,68,25
594,329,68,25
593,330,69,26
594,331,69,26
593,331,70,27
594,332,69,26
595,334,68,26
595,333,67,26
597,334,66,27
596,334,67,27
595,335,68,27
596,334,69,28
595,333,70,28
595,332,68,28
597,332,68,28
596,331,69,29
596,330,69,29
596,330,69,28
596,328,67,28
598,328,68,27
599,327,67,28
599,327,69,28
598,328,69,27
598,329,68,27
599,330,65,27
599,332,67,27
601,333,65,26
601,335,65,27
602,334,65,28
602,335,65,28
602,334,65,28
603,334,66,28
603,333,66,29
604,333,66,29
604,333,66,28
604,332,65,28
605,331,66,28
604,331,65,27
605,329,64,27
605,328,65,27
603,327,67,27
606,327,66,27
607,327,65,27
609,326,65,28
607,327,67,27
608,326,66,27
609,325,66,27
610,325,65,27
610,326,66,27
610,325,67,27
612,325,66,27
614,324,67,28
613,324,66,27
613,325,66,27
613,323,67,28
613,324,67,28
617,325,67,28
617,325,66,27
618,325,65,27
617,325,66,28
620,325,64,28
619,325,64,28
621,325,64,28
619,324,65,28
620,325,66,28
621,325,66,28
623,325,66,28
621,324,67,28
621,324,69,28
624,325,68,28
625,325,67,27
625,326,67,27
626,326,67,28
627,326,67,28
626,327,67,28
627,328,69,28
629,328,69,28
629,328,69,27
630,328,68,27
630,327,69,27
632,328,67,27
633,327,67,28
633,327,67,28
