295,192,34,29
295,192,34,29
294,191,35,29
295,192,34,29
295,192,34,29
295,192,34,29
295,192,34,29
295,192,34,29
295,192,34,29
295,192,34,29
295,191,33,30
295,191,34,29
295,191,34,30
295,191,33,30
295,192,34,29
295,192,33,29
295,192,33,29
295,192,33,29
295,192,33,29
295,192,33,29
295,192,33,28
295,192,33,29
295,192,33,29
295,192,34,29
295,192,34,29
295,192,33,29
295,192,33,29
295,192,33,29
296,192,32,29
296,192,32,29
296,192,32,29
296,192,32,29
296,192,32,29
296,192,31,28
296,192,31,29
296,192,32,28
296,192,31,29
296,192,31,28
296,192,31,29
296,192,31,28
296,192,31,28
296,193,31,28
297,192,31,28
296,192,31,28
296,192,32,29
296,192,32,29
296,191,32,30
296,192,33,30
296,192,32,29
296,193,32,28
296,192,31,29
296,192,31,28
296,192,31,28
296,192,31,28
296,192,31,28
297,193,30,27
298,195,32,26
296,193,31,26
296,192,31,27
296,193,31,26
296,193,31,26
296,193,32,27
295,192,33,28
295,192,33,28
296,192,33,29
296,192,33,28
295,192,33,28
295,192,33,28
296,193,32,28
296,192,32,28
296,192,31,29
296,192,32,29
296,192,32,28
296,192,32,28
296,192,32,29
296,191,32,30
296,191,32,30
296,191,32,31
296,192,32,30
296,192,31,29
297,192,31,29
296,192,32,28
296,193,32,27
296,193,32,27
296,193,32,27
296,193,32,27
296,193,32,28
296,192,31,28
296,193,31,27
296,193,32,28
296,193,31,28
296,193,31,28
297,192,31,28
297,192,31,28
297,193,31,28
296,192,31,28
296,192,32,28
297,193,31,28
296,192,31,28
296,192,31,28
297,193,31,27
297,193,30,27
297,193,31,27
297,193,31,27
297,193,30,27
297,193,31,27
297,193,30,27
297,193,31,27
297,193,31,27
297,193,31,27
297,193,31,27
297,193,31,27
297,193,31,27
297,193,31,27
297,193,31,27
297,193,31,28
297,193,31,28
297,193,31,28
297,192,31,28
297,192,31,28
297,193,31,28
297,192,31,29
297,193,31,28
297,193,31,28
297,193,31,28
297,192,30,29
297,192,30,29
297,193,31,28
297,193,31,28
297,192,31,29
297,193,31,28
297,193,31,28
297,193,31,28
297,192,30,29
297,193,31,28
297,192,30,28
297,193,31,28
297,193,31,28
297,193,30,28
297,192,31,28
297,192,31,29
297,192,31,29
297,192,31,29
297,192,31,29
297,192,30,29
297,192,31,29
297,193,31,28
297,192,31,29
297,193,31,28
297,192,31,29
297,192,31,29
297,192,31,29
297,192,32,29
297,192,31,29
297,192,30,29
297,192,30,29
297,193,31,28
297,192,31,29
297,193,31,28
297,193,31,28
297,193,31,28
297,193,30,28
297,193,31,28
297,193,31,28
297,193,31,28
297,193,31,28
297,193,30,28
297,193,31,28
297,193,31,28
297,193,31,28
297,193,30,28
297,192,30,29
297,192,31,29
297,192,30,29
297,192,31,29
297,192,31,29
297,192,31,29
297,192,31,29
297,192,31,29
297,192,30,29
297,192,30,29
297,192,30,29
297,192,30,29
297,193,31,28
297,192,30,29
297,192,30,29
297,192,31,29
297,192,31,29
297,192,30,29
297,192,30,29
297,192,31,29
297,193,31,28
297,193,31,29
297,193,31,28
297,193,31,28
297,193,31,28
297,193,31,28
297,193,31,28
297,192,31,28
297,193,31,28
297,193,31,28
297,193,31,28
297,193,31,28
297,193,30,28
297,192,31,29
297,192,31,29
297,193,31,29
297,192,31,29
296,193,32,28
297,193,32,28
296,192,32,30
296,192,32,29
296,193,32,27
297,192,31,28
297,193,31,27
297,193,30,27
297,193,31,27
297,193,31,28
297,193,31,28
296,193,32,27
296,193,32,28
297,192,32,29
297,193,32,28
296,192,33,30
296,192,34,30
296,193,33,29
296,193,33,29
296,193,33,29
296,193,32,28
296,193,33,29
296,193,33,29
297,193,32,28
296,193,33,29
297,193,32,28
297,193,32,29
297,193,32,29
296,193,33,28
296,193,33,29
296,193,33,29
296,193,33,28
296,193,33,29
296,193,33,30
296,193,33,29
297,193,32,28
297,193,32,29
296,193,33,29
297,193,32,29
296,193,33,29
297,193,32,29
297,193,32,29
297,193,33,29
297,193,33,29
297,193,32,29
297,193,32,29
297,193,32,29
297,193,33,29
296,193,33,29
296,193,33,29
297,193,32,28
297,193,32,29
297,193,32,29
297,193,32,29
297,193,32,28
297,193,32,29
297,193,32,29
297,193,32,28
297,193,32,29
297,193,32,29
297,193,32,29
297,193,32,29
297,193,32,29
297,193,32,28
297,193,32,29
297,193,32,28
297,193,32,29
297,193,32,29
297,193,32,28
297,193,31,28
297,193,32,29
297,193,32,28
297,193,32,28
297,193,31,29
297,193,32,29
297,193,32,29
297,193,32,29
297,193,32,29
297,193,33,29
297,193,32,29
297,193,32,29
297,193,32,29
297,193,32,29
297,193,31,29
297,193,32,28
297,193,33,29
296,193,32,29
297,193,32,29
297,193,32,29
297,193,33,29
297,193,32,29
297,193,31,28
296,193,32,28
297,193,32,29
297,193,31,28
297,193,32,29
297,193,31,28
297,193,32,28
297,193,32,29
297,193,32,29
297,193,32,29
297,193,32,29
297,193,32,28
297,193,32,29
297,193,32,29
297,193,32,29
297,193,32,29
297,193,32,29
297,193,31,29
297,193,31,29
297,193,31,29
297,193,31,29
297,193,31,29
297,193,31,29
297,193,31,29
297,193,31,30
297,193,31,29
297,193,31,30
297,193,31,29
298,194,30,28
297,193,31,29
297,193,31,28
297,193,31,29
297,193,31,29
297,193,32,29
297,193,32,29
297,193,32,29
297,193,32,29
297,193,31,29
297,193,32,29
297,193,32,29
297,193,32,29
297,193,32,29
297,193,32,29
297,193,32,29
297,193,31,29
297,193,31,29
297,193,31,29
297,193,31,29
297,193,31,29
297,193,31,29
297,193,32,29
297,193,31,28
297,193,31,28
297,193,31,28
297,193,31,29
297,193,31,28
297,193,31,29
297,193,31,29
297,193,31,29
297,193,31,29
297,193,31,28
297,193,31,29
297,193,31,30
297,193,31,30
297,193,31,28
297,193,31,28
297,193,31,28
297,194,31,28
298,193,30,28
297,193,31,29
297,193,31,28
297,193,31,29
297,193,31,29
297,193,31,29
297,193,31,29
297,193,31,29
297,193,31,29
297,193,31,29
297,193,31,28
297,193,31,28
298,193,31,28
298,194,30,28
297,193,31,29
297,193,31,28
297,193,31,28
297,193,31,29
297,193,31,29
297,194,31,28
297,193,30,28
297,193,31,28
297,193,31,29
297,193,32,28
297,193,32,28
297,193,32,28
297,193,31,28
297,193,31,28
297,194,32,28
297,193,32,28
297,193,32,28
297,194,31,28
297,193,31,28
297,193,31,29
297,193,32,29
297,193,32,29
297,193,32,28
297,193,32,29
297,193,32,29
296,193,32,30
296,193,33,30
297,192,32,30
296,193,33,30
296,193,33,30
296,193,33,30
297,193,32,30
297,193,32,29
297,193,32,29
297,193,32,30
296,193,32,29
296,192,32,30
297,193,32,29
296,193,33,30
297,193,32,29
297,193,32,30
297,192,32,30
297,193,32,29
297,193,32,29
297,193,32,29
297,193,32,29
297,193,31,29
297,193,31,29
297,193,31,29
297,193,31,29
297,193,31,29
297,193,32,29
297,193,32,29
297,193,31,29
297,193,31,29
297,193,32,29
297,193,32,29
297,193,32,29
296,192,33,31
296,192,33,30
297,193,32,29
297,193,31,28
297,193,31,28
297,193,32,28
297,190,31,30
295,181,33,32
294,172,33,32
292,160,34,32
291,159,33,32
291,151,33,32
290,147,34,31
288,145,32,30
281,149,30,30
273,150,35,28
272,150,36,28
274,150,33,28
273,150,34,28
273,151,34,26
272,149,35,28
272,149,36,29
272,149,36,29
272,151,35,27
272,149,35,28
272,148,33,29
272,146,31,30
270,149,31,31
269,145,32,30
261,144,33,30
245,141,33,31
245,145,32,32
244,148,32,32
223,154,32,32
225,156,32,32
212,163,32,32
201,166,33,33
172,161,33,35
169,165,33,34
172,167,34,34
173,168,34,34
177,170,33,34
180,172,35,33
184,174,35,33
189,176,35,33
194,177,33,32
195,178,34,32
199,179,33,32
204,180,33,32
210,181,34,31
216,183,34,31
221,184,33,30
221,184,34,31
227,184,34,31
232,183,33,31
233,183,33,31
234,183,32,30
234,182,32,31
234,182,32,31
235,185,34,29
236,187,34,28
235,187,35,30
235,187,35,29
235,187,35,29
236,187,34,29
235,187,35,29
235,186,35,30
235,187,34,30
236,187,34,29
236,187,34,29
235,187,34,29
236,187,34,29
235,187,34,29
235,187,35,29
235,187,34,29
236,186,34,30
235,187,35,30
235,187,34,30
236,187,33,29
235,187,34,29
236,187,33,29
235,187,34,30
236,187,33,29
236,187,33,29
235,187,33,29
236,187,33,29
237,187,32,28
236,187,32,28
236,187,32,28
237,188,31,28
237,188,32,27
237,188,32,28
237,187,32,28
237,188,32,28
236,187,32,28
236,187,33,28
237,188,32,27
236,187,32,28
236,188,32,28
237,188,32,28
237,188,32,28
236,188,32,27
236,188,32,28
237,188,32,28
236,188,32,28
236,187,33,28
236,188,33,28
236,188,32,28
236,188,32,28
235,188,33,28
236,187,33,28
236,188,33,27
236,188,33,28
235,188,34,27
235,188,34,28
235,188,34,28
235,188,34,28
235,188,34,27
236,188,33,27
236,188,33,27
236,189,33,27
236,188,33,27
235,189,33,27
236,188,33,27
235,188,33,27
236,188,34,27
236,188,33,28
237,187,32,30
238,186,31,29
239,184,30,30
239,185,29,30
243,188,27,27
245,190,27,27
243,186,25,29
243,182,26,31
242,182,27,27
241,178,27,30
241,174,27,31
243,166,28,32
245,156,28,32
248,153,27,27
247,142,28,33
248,142,28,33
246,141,28,31
243,140,26,30
241,139,26,30
242,136,26,29
247,132,26,30
247,132,26,30
256,132,27,29
271,135,26,26
287,137,27,27
302,138,27,27
313,146,27,27
331,153,27,27
317,147,29,32
317,149,29,33
314,154,29,32
307,159,29,31
294,166,29,31
293,167,29,30
283,171,29,32
281,175,29,32
281,177,28,32
286,181,29,31
292,184,29,30
292,184,29,30
296,183,29,31
302,183,28,31
304,181,28,31
310,179,27,27
316,167,29,33
314,171,29,31
319,173,27,27
316,169,29,32
309,173,29,30
307,175,28,29
302,180,28,28
303,180,28,28
306,181,28,28
310,181,28,27
312,181,27,28
312,180,27,28
314,181,26,27
314,181,26,27
313,182,26,27
314,181,27,28
315,179,26,27
316,179,26,28
316,179,27,28
316,180,27,27
318,179,27,28
319,177,27,28
320,177,27,28
321,175,27,29
319,179,27,27
318,168,27,28
313,180,30,27
314,185,31,27
314,184,32,28
315,185,31,27
316,186,30,25
316,186,30,25
315,177,28,27
319,174,27,28
317,179,26,28
317,178,27,29
317,178,27,29
317,178,27,29
317,178,27,29
318,177,27,29
320,177,27,29
322,177,27,29
324,176,28,29
324,176,27,29
325,177,27,28
325,176,27,29
325,176,27,29
325,176,27,29
324,177,28,29
325,176,27,29
324,176,27,29
325,175,27,29
325,176,27,29
325,175,26,28
324,183,29,26
324,183,29,26
321,184,33,27
321,184,32,27
321,184,32,27
321,183,32,28
321,183,32,28
321,183,32,28
321,183,33,28
321,183,32,27
321,183,32,28
322,183,31,28
321,183,32,28
321,183,32,28
322,183,31,28
323,183,31,27
323,183,30,26
323,182,29,28
323,177,30,30
323,178,29,30
323,178,29,30
323,177,29,30
323,177,30,32
323,176,30,32
320,176,30,32
320,176,30,31
316,176,31,31
311,174,31,33
306,172,32,33
301,172,32,32
298,170,31,33
298,171,31,33
295,171,32,32
294,171,31,33
293,171,30,32
293,171,31,33
292,171,31,33
293,171,31,33
292,172,30,31
293,175,30,29
292,177,32,28
292,177,32,30
292,177,32,30
291,176,32,30
292,177,32,30
292,177,32,30
292,177,32,29
292,177,31,29
292,177,31,29
292,177,32,29
292,178,31,29
292,177,32,29
294,177,30,28
296,178,28,27
295,178,28,26
295,179,28,26
295,176,28,27
295,175,27,28
295,173,28,29
295,172,27,29
295,175,28,27
295,173,28,28
295,175,27,27
296,174,27,28
296,173,27,28
294,174,30,29
292,177,32,28
293,177,32,28
293,177,31,28
292,176,32,29
292,177,32,28
292,176,32,29
292,176,33,29
291,176,33,29
291,176,33,29
291,176,33,29
292,176,33,29
291,176,34,29
291,176,34,29
291,176,34,29
291,176,34,29
291,176,34,29
291,176,33,29
291,176,33,29
293,175,32,30
292,175,32,31
293,176,31,29
293,177,31,27
292,176,31,27
294,177,30,27
294,176,29,28
295,176,28,28
296,176,27,27
295,176,28,28
295,176,28,27
295,176,29,27
294,176,29,27
295,176,28,27
296,176,28,27
295,176,28,27
295,176,28,27
296,176,28,27
295,177,28,25
294,176,29,26
292,174,30,27
293,175,30,27
293,175,30,26
293,175,30,27
293,175,30,27
293,175,30,27
294,175,29,27
294,176,30,27
294,176,30,27
293,175,32,29
293,176,31,28
293,176,31,28
293,176,31,28
293,176,31,28
293,176,31,28
293,176,31,28
293,176,31,28
293,176,31,28
292,176,32,28
293,176,31,29
293,176,31,29
293,176,31,28
293,176,31,28
293,176,31,28
293,176,31,28
292,176,31,28
292,176,31,28
292,176,32,28
292,176,32,29
292,176,31,28
293,176,31,28
292,176,32,28
292,176,32,28
292,176,31,28
293,176,31,28
292,176,31,28
293,176,31,29
293,176,31,29
293,176,31,28
293,176,31,29
293,176,31,28
293,176,31,28
293,176,31,29
293,176,31,29
293,176,31,29
293,176,31,28
292,176,32,28
292,176,32,28
292,176,31,28
293,176,31,28
293,176,31,28
292,176,32,28
293,177,31,28
292,177,32,28
293,177,31,28
293,177,31,28
293,177,31,28
293,176,31,28
293,176,31,29
293,177,31,28
293,177,31,28
292,176,32,28
293,177,31,28
293,176,31,28
293,176,31,28
293,176,31,28
292,176,32,28
293,177,31,28
293,177,31,28
293,177,31,28
292,177,32,28
292,176,33,29
293,176,32,29
293,177,32,28
293,177,32,27
293,177,31,27
294,177,31,27
293,177,31,27
293,177,31,27
293,177,31,27
293,177,31,27
292,176,31,27
291,175,32,27
291,174,32,28
290,173,32,28
290,174,33,27
290,174,33,28
292,176,31,28
292,179,31,28
292,178,31,28
293,179,32,28
293,178,31,28
292,175,33,29
292,173,32,28
292,173,31,28
291,172,32,28
293,175,31,28
294,177,30,28
293,177,32,28
292,176,33,29
291,177,34,29
291,176,34,29
291,177,34,29
292,177,33,28
291,177,33,28
292,177,33,28
292,177,33,28
291,176,33,29
292,176,33,29
292,176,33,29
292,176,33,29
292,176,33,29
292,176,33,29
292,176,33,29
292,176,33,29
292,176,33,29
292,176,33,29
291,177,33,29
292,176,33,29
291,176,33,29
291,176,33,29
291,176,33,29
292,176,33,29
291,176,33,29
291,176,33,29
292,176,33,29
291,176,33,29
291,176,33,29
292,176,33,29
291,176,33,29
291,176,33,29
291,176,33,30
291,176,34,30
291,176,33,30
291,176,34,30
291,176,34,30
291,176,34,30
291,176,34,30
291,176,34,30
291,176,34,30
291,176,34,30
291,176,34,30
291,176,34,30
291,176,34,29
291,176,34,30
291,176,34,30
291,176,34,30
291,176,34,30
291,176,34,30
291,176,33,29
292,176,33,29
291,176,34,30
291,176,34,30
291,176,34,30
292,176,33,29
291,176,34,30
292,176,33,29
292,176,33,29
291,176,34,29
291,176,34,29
291,176,34,29
291,177,34,29
291,176,34,30
293,176,32,30
292,176,34,29
293,177,33,28
293,177,32,28
293,177,31,27
295,176,29,28
295,176,29,28
295,175,29,28
294,174,29,29
293,175,30,28
293,174,30,29
293,172,29,29
292,172,29,29
291,176,30,27
291,176,29,28
290,179,29,28
291,179,29,27
291,181,30,27
291,182,29,27
291,180,30,28
291,177,29,28
290,177,29,27
291,176,29,28
291,175,28,28
290,178,30,28
288,180,32,29
288,180,32,28
288,180,33,28
288,180,32,28
288,180,32,28
288,180,32,28
288,179,32,29
288,179,32,29
288,179,32,29
288,179,32,29
288,179,33,29
288,179,33,29
288,179,33,29
288,179,33,29
288,179,33,29
288,179,33,29
288,179,33,29
288,179,32,29
289,179,32,30
290,179,31,29
289,179,31,29
289,179,31,28
289,179,31,28
289,178,32,28
291,178,31,28
291,178,32,28
294,179,30,28
293,178,30,28
294,179,30,27
295,178,30,29
293,178,32,29
292,178,33,29
292,178,33,28
292,178,33,28
292,178,33,28
292,178,33,29
292,178,32,29
292,178,32,29
292,178,32,29
293,178,31,29
292,178,32,29
292,178,32,29
292,178,32,29
292,178,32,29
293,179,32,27
293,179,32,28
292,179,33,29
292,178,33,29
292,178,33,30
292,178,33,29
291,178,34,29
292,178,33,29
292,178,33,29
292,178,33,29
292,178,33,29
292,178,32,29
292,178,33,29
292,178,32,29
292,178,32,30
292,178,33,29
292,178,33,29
292,178,33,29
291,178,34,30
292,178,33,30
292,178,34,30
292,178,33,29
292,178,33,29
292,178,33,29
292,178,33,29
292,178,33,30
291,178,34,29
291,178,34,29
291,178,34,29
291,178,33,29
291,178,34,29
291,178,34,29
292,178,34,30
291,178,34,29
291,178,34,30
291,178,34,29
292,178,33,29
291,178,33,29
291,178,34,29
291,178,34,29
291,178,34,29
291,178,34,29
291,178,34,29
291,178,34,28
292,178,33,28
291,178,34,28
292,178,33,28
292,179,33,28
291,179,33,28
292,178,33,28
292,179,33,28
292,178,33,28
292,178,33,28
292,178,33,28
291,178,34,28
291,178,34,28
292,178,34,28
292,178,33,28
292,179,33,28
292,179,33,28
291,178,34,29
291,178,34,29
291,178,34,29
291,178,34,29
291,178,34,29
291,178,35,29
291,178,34,29
291,178,34,29
291,178,34,29
291,178,34,29
291,178,34,29
291,178,34,30
291,178,35,30
291,178,34,30
291,178,35,30
291,178,34,30
291,177,34,30
292,176,33,31
292,177,33,30
293,176,32,31
292,176,32,31
292,177,32,30
292,177,32,30
292,177,32,30
291,176,33,30
291,176,33,30
290,174,33,31
290,171,34,31
290,170,33,30
290,169,34,31
290,171,34,32
290,172,34,31
290,176,33,31
290,179,33,30
289,179,34,30
289,179,34,29
289,177,34,30
288,177,34,30
288,173,34,33
288,178,34,28
288,177,35,29
288,177,35,29
289,177,33,28
289,177,34,28
288,177,34,28
289,176,33,29
288,177,35,29
288,176,35,30
288,176,34,30
288,176,34,30
289,176,34,29
288,176,34,29
289,177,33,29
289,176,33,29
289,177,34,29
289,176,34,29
289,176,34,29
288,176,34,29
288,176,34,30
289,177,34,29
288,176,34,29
288,176,34,30
288,176,35,29
288,176,34,29
288,176,34,29
288,176,34,29
288,176,34,29
288,176,35,30
288,176,35,29
288,176,35,29
288,176,34,29
288,176,34,29
289,177,34,29
288,176,34,29
288,176,34,29
288,176,35,30
288,176,35,30
288,176,35,30
289,176,34,29
289,177,34,29
288,176,35,29
288,176,35,29
288,176,35,29
288,176,35,29
288,176,35,29
288,177,34,29
288,177,35,29
288,177,34,29
289,177,34,29
292,177,33,29
293,177,32,29
293,177,33,29
293,177,32,29
293,177,32,29
294,177,32,28
293,177,33,29
293,177,32,29
293,177,32,29
293,177,32,29
293,177,32,29
293,177,33,29
293,177,33,29
292,177,34,29
292,177,34,29
295,177,31,29
293,177,33,28
294,178,31,27
294,178,31,27
294,178,31,27
294,178,31,27
294,177,31,27
292,173,33,28
289,170,34,28
289,170,33,28
289,170,33,28
289,170,33,28
289,173,33,28
289,177,33,28
289,178,33,28
289,178,33,29
288,177,34,29
288,177,34,29
288,178,34,29
288,178,34,29
288,178,33,29
288,178,34,29
288,178,33,29
289,178,33,29
288,177,34,29
288,178,33,29
288,178,33,29
289,178,33,28
288,178,33,28
288,178,34,29
288,178,33,28
288,178,33,28
288,178,33,28
288,178,33,29
288,178,34,29
288,178,34,29
288,178,34,29
288,178,33,28
288,178,33,28
288,178,34,29
288,178,33,28
288,178,33,29
288,178,33,28
288,177,34,29
288,178,34,29
288,178,33,29
288,178,34,29
288,178,34,29
288,178,33,29
288,178,34,29
288,178,34,29
288,178,34,29
288,178,33,29
288,178,33,29
288,178,33,29
288,178,34,29
288,178,34,29
288,178,33,29
289,178,33,29
288,178,33,29
288,178,33,29
288,178,33,29
288,178,33,29
289,178,32,29
289,178,32,29
289,178,32,29
289,178,32,29
289,178,31,29
289,178,31,28
289,178,31,28
289,178,31,29
289,178,31,28
289,178,31,28
289,178,31,28
290,178,30,28
289,178,31,28
290,178,30,28
289,178,31,28
289,178,31,28
289,178,31,29
289,178,32,29
289,178,32,29
289,179,31,27
289,179,31,27
290,180,30,27
290,179,32,27
289,177,32,28
289,179,32,27
288,178,33,28
288,179,32,28
289,178,32,27
288,177,32,28
288,179,32,27
288,179,32,28
288,178,31,30
289,179,32,29
288,180,32,29
288,180,33,29
288,178,33,30
287,180,34,28
287,180,33,29
287,180,33,29
287,180,34,30
287,179,35,30
287,179,34,31
287,179,34,30
286,178,35,31
286,178,35,31
286,178,36,31
286,178,37,31
286,179,36,30
286,179,35,29
287,177,33,30
287,178,33,30
288,178,32,29
287,178,33,29
287,178,33,29
287,177,33,30
288,177,33,29
287,177,33,29
288,177,32,29
288,176,32,29
288,176,32,29
288,176,32,29
289,177,31,28
289,177,31,28
289,177,31,28
289,176,31,28
289,176,30,29
289,177,31,28
287,175,33,30
287,175,33,30
288,176,33,29
287,177,33,29
288,177,32,28
288,177,32,28
288,177,32,28
288,176,32,28
288,176,32,28
288,176,33,28
288,176,33,29
288,177,32,28
288,176,33,28
287,176,33,29
287,176,33,29
287,176,34,29
287,176,34,29
287,176,33,29
287,176,34,28
287,176,34,29
287,176,34,29
287,176,33,29
287,176,33,28
287,177,34,28
287,177,34,28
287,177,34,28
287,176,34,29
287,177,34,28
287,177,33,28
286,176,34,29
287,177,34,28
287,177,34,28
287,177,34,28
287,177,35,29
287,176,34,30
288,175,33,29
287,176,33,28
288,176,32,28
288,176,31,28
288,175,32,29
288,176,32,28
288,176,31,27
289,177,30,27
289,176,30,27
289,176,30,27
288,176,31,27
287,174,32,28
287,175,32,27
287,174,32,28
287,174,31,28
287,175,32,28
288,175,31,29
288,175,31,29
288,176,32,28
288,175,33,29
287,175,34,28
287,175,34,29
287,175,34,29
287,175,34,29
288,176,33,28
287,175,34,28
288,176,33,27
288,176,33,28
287,176,33,28
287,176,33,28
288,176,32,27
288,176,32,27
288,176,33,28
288,176,32,28
288,176,32,28
288,176,32,28
288,176,32,28
288,176,32,28
288,176,32,28
288,174,32,31
288,176,33,29
288,175,32,29
288,175,32,29
288,175,32,29
288,175,32,29
288,175,32,29
288,175,32,29
288,175,32,29
288,175,32,29
288,175,32,29
288,175,32,29
288,176,32,28
288,176,32,28
288,176,32,28
288,176,32,28
288,176,32,29
288,176,32,29
288,176,32,29
288,176,32,29
288,176,31,29
288,176,32,29
288,176,31,28
288,176,31,28
288,176,31,28
289,176,31,28
288,176,31,29
289,176,31,29
288,176,31,28
288,176,31,28
288,176,31,28
288,176,31,28
288,176,31,28
288,176,31,28
288,176,31,28
288,176,31,28
288,176,31,28
288,176,31,28
288,176,31,28
288,177,31,28
288,177,31,28
288,176,31,28
288,176,31,28
288,177,31,28
288,177,31,28
288,176,31,28
288,177,31,28
288,177,31,27
288,177,30,28
288,177,31,28
288,177,31,27
288,177,32,27
289,176,30,27
289,176,30,27
288,176,31,27
289,177,30,26
289,177,30,26
289,177,29,26
288,177,30,26
290,177,29,26
289,177,30,26
290,177,29,26
288,177,31,26
289,176,30,26
289,176,30,28
288,176,31,27
288,175,31,28
289,177,30,26
289,177,30,26
288,177,31,27
289,177,30,26
289,177,30,26
289,176,30,27
288,176,31,27
287,176,33,28
288,176,32,28
288,176,32,28
288,176,32,28
288,176,31,28
288,176,32,27
288,176,32,27
288,176,32,28
288,176,32,28
288,176,32,27
288,176,32,27
288,176,32,27
288,176,31,27
288,176,32,27
288,176,32,27
288,176,31,27
288,176,32,27
288,176,32,27
288,176,32,27
288,176,32,27
288,176,32,27
288,176,32,27
288,176,32,27
288,176,32,28
288,176,32,28
288,176,32,28
288,176,32,28
288,176,32,28
288,176,32,28
288,176,32,28
288,176,32,28
288,176,32,28
288,176,32,28
288,176,32,28
288,176,32,28
288,176,32,28
288,176,32,28
288,176,32,28
288,176,32,28
288,176,32,28
288,176,32,28
288,176,32,28
288,176,32,28
288,176,32,28
287,176,33,28
287,176,32,28
288,176,32,28
287,176,33,28
287,176,33,28
287,176,33,28
288,176,32,28
288,176,32,28
288,176,32,28
288,176,32,28
288,176,32,28
288,176,32,28
288,176,32,28
288,176,32,28
288,176,31,28
288,176,32,27
288,176,32,27
288,176,32,27
288,176,32,28
288,176,32,28
288,176,32,28
288,176,32,28
287,176,32,28
288,176,32,27
288,176,32,28
287,176,32,28
288,176,32,28
287,176,32,28
288,176,32,28
287,176,32,28
288,176,32,28
288,176,32,28
288,176,32,28
288,176,32,28
288,176,31,28
288,176,32,28
288,176,32,27
288,176,32,28
288,176,32,28
288,176,32,28
288,176,32,28
288,176,32,28
288,176,32,28
288,176,32,28
288,176,32,28
288,175,32,28
288,176,32,28
288,175,32,29
288,175,32,28
288,175,32,28
288,175,32,29
288,175,32,28
288,175,31,28
288,175,32,28
288,176,32,28
288,175,32,28
288,175,33,28
287,175,33,29
287,175,33,29
287,175,33,29
287,175,33,29
287,175,33,29
287,175,33,29
287,175,33,29
287,175,33,29
287,175,34,29
287,175,33,28
287,176,33,28
288,176,32,28
287,176,33,28
287,176,33,28
288,176,32,28
287,175,33,29
287,175,33,29
287,175,33,29
287,175,33,29
287,175,33,29
287,175,33,29
287,175,34,29
287,175,33,29
287,175,34,29
287,175,33,30
287,175,33,29
287,175,33,30
287,175,33,30
287,175,34,30
287,175,34,30
287,175,33,29
287,175,33,29
287,175,33,29
287,175,33,29
287,175,33,29
287,175,33,29
287,175,33,29
287,175,34,29
