162,58,209,398
168,56,201,394
170,64,195,382
168,71,194,377
163,76,196,380
162,79,193,371
170,78,190,372
170,80,191,367
174,74,187,370
181,78,183,360
183,75,183,360
190,77,176,355
197,70,173,359
204,71,169,354
201,62,170,360
205,70,172,358
210,83,172,349
204,74,172,349
203,79,172,345
202,79,173,341
198,82,174,339
199,84,174,342
194,83,174,342
193,83,171,337
187,80,175,345
185,89,174,334
177,82,176,342
180,79,171,335
174,81,175,339
172,74,175,346
172,74,171,351
165,72,175,349
164,81,175,342
163,78,175,345
171,82,169,344
168,77,170,353
167,78,169,355
170,82,167,348
174,79,166,349
181,78,162,343
184,83,167,333
187,88,168,326
189,85,167,329
189,79,167,331
192,82,167,329
192,78,163,324
192,80,164,324
191,80,164,325
190,84,165,325
186,79,165,327
179,85,168,326
172,90,167,315
170,100,166,312
165,99,163,310
161,103,166,310
153,98,166,317
148,99,167,316
143,98,165,318
138,94,167,324
134,97,167,320
129,93,166,322
125,89,167,327
118,88,171,328
114,87,175,330
109,87,176,333
104,82,178,335
99,75,181,344
93,71,187,349
84,55,190,362
74,55,191,361
68,51,193,362
63,46,191,367
60,42,189,378
62,40,192,374
66,37,185,374
75,51,184,356
76,50,183,358
83,62,187,351
84,60,185,353
88,61,190,359
101,65,193,356
110,62,191,360
127,66,195,353
142,64,193,355
159,67,194,355
175,59,197,361
190,49,195,374
200,64,196,361
213,52,196,371
222,49,198,377
228,39,201,387
235,37,200,394
242,45,197,386
249,39,199,389
255,37,202,392
263,40,200,392
270,44,198,391
280,47,200,388
288,45,196,390
295,44,198,388
299,37,201,395
305,32,199,397
309,32,203,396
314,30,206,397
318,31,203,400
324,40,205,387
329,33,203,392
333,33,206,387
339,42,204,377
345,36,199,384
350,43,199,376
353,42,199,377
355,38,201,385
358,36,199,385
359,31,201,389
362,29,204,392
363,27,201,394
364,21,201,400
363,22,200,395
366,24,199,387
365,22,195,389
364,20,196,394
362,15,196,399
360,17,198,398
354,18,200,398
351,11,199,393
348,11,199,389
342,6,199,391
334,6,205,397
329,-0,206,396
322,-3,209,402
320,-4,207,398
316,-1,207,398
311,-1,209,401
304,-7,210,406
301,-4,211,395
294,-6,212,402
288,-7,215,398
281,-7,215,406
277,-4,218,400
272,-2,220,398
268,-2,220,406
264,-3,222,409
261,1,227,406
257,3,228,400
253,-3,226,416
256,4,225,417
254,-2,226,430
260,5,221,431
265,9,214,433
264,8,217,428
260,10,220,431
266,6,216,423
269,8,213,425
271,2,213,434
261,-7,228,456
275,-8,223,452
276,-7,228,458
281,-4,233,458
302,3,225,439
298,-6,230,443
314,-10,226,433
315,-5,226,433
323,-1,224,417
321,-0,227,430
325,-5,225,438
327,-2,227,430
328,5,229,428
334,-1,223,425
337,1,220,425
341,-3,221,419
342,1,222,421
342,1,226,419
344,7,228,424
343,-1,236,427
347,11,238,414
348,2,233,415
347,9,235,414
345,18,240,408
344,16,239,408
349,18,233,394
350,23,227,393
355,27,224,387
357,27,227,378
357,26,221,378
358,37,221,372
358,33,219,377
361,30,222,373
366,38,218,368
370,32,217,370
373,23,216,376
376,31,217,372
380,36,218,368
385,33,215,367
390,32,213,368
394,32,213,369
400,31,207,366
404,35,208,359
410,36,205,359
416,36,201,361
421,41,198,360
424,42,197,355
429,47,195,351
435,47,193,350
441,48,192,348
441,51,188,351
444,50,193,353
445,41,191,361
448,45,197,358
448,42,199,363
447,42,199,361
449,43,197,367
450,39,205,370
450,38,199,365
451,43,199,363
454,40,199,364
455,40,199,365
457,43,199,363
458,35,195,364
463,40,193,357
466,41,193,355
467,39,192,356
470,35,191,358
473,38,189,355
474,39,187,352
480,49,183,342
484,52,181,338
488,47,184,339
484,46,183,341
488,50,183,337
482,45,187,342
484,50,190,342
482,42,193,349
481,46,190,345
482,40,190,344
482,34,192,342
476,31,193,349
474,33,201,342
472,22,192,353
468,29,194,352
469,24,194,357
469,32,200,346
471,26,200,352
473,28,195,353
476,33,195,343
480,32,197,338
482,37,194,341
486,42,192,338
488,45,192,343
492,43,190,345
493,38,192,344
499,41,188,342
499,36,187,351
504,40,187,342
503,36,187,350
502,29,189,360
503,28,188,360
514,33,184,350
518,32,184,351
521,37,182,351
525,40,179,349
520,39,186,355
524,43,184,352
525,46,182,346
525,49,181,340
527,48,179,339
526,44,179,342
528,43,181,341
532,46,178,338
530,45,178,348
532,52,176,342
526,47,180,353
529,47,180,351
530,43,179,350
535,46,178,346
536,45,179,346
532,43,179,355
529,39,180,361
532,42,176,357
534,45,179,349
535,47,180,345
530,46,185,355
532,42,182,354
532,44,183,353
534,47,181,344
533,44,185,347
532,41,185,352
530,46,189,349
530,44,187,349
527,48,192,350
526,47,192,352
523,56,197,352
524,54,195,349
523,51,193,361
520,53,193,364
518,60,197,360
517,63,196,361
517,61,196,356
513,74,197,351
510,70,197,355
509,73,195,353
508,69,191,355
506,81,196,346
505,78,192,349
501,72,192,353
500,73,196,356
500,71,195,352
495,77,198,356
493,79,199,356
491,86,199,348
490,90,203,345
487,85,200,354
486,83,200,348
483,83,198,356
481,80,200,350
475,75,203,353
472,75,196,358
469,75,200,355
467,76,205,349
463,73,199,351
458,82,202,345
455,79,198,349
451,73,195,351
448,77,199,353
439,69,196,366
437,72,197,357
432,77,195,354
429,70,191,364
426,91,193,344
430,89,195,343
425,85,196,347
423,78,195,354
425,84,194,346
422,83,190,347
421,97,193,334
418,88,188,344
417,89,188,342
415,81,189,348
410,84,191,348
407,81,186,347
403,86,189,341
399,83,187,342
398,84,188,342
393,79,190,350
384,87,188,344
386,77,192,349
377,85,189,345
373,81,189,344
369,87,184,336
368,77,188,343
365,73,190,345
362,75,189,341
360,71,188,342
358,81,188,336
355,74,190,340
352,72,191,344
350,71,186,345
352,75,188,340
351,75,190,339
348,68,187,350
347,70,185,352
348,73,188,349
347,71,192,350
346,73,195,348
346,73,192,348
346,74,193,353
344,67,195,354
344,70,192,350
346,76,197,347
346,74,195,346
344,68,194,356
345,70,195,355
343,65,196,363
343,70,197,358
344,65,192,363
345,70,196,357
345,66,195,360
345,70,195,356
347,72,197,355
343,61,199,366
342,62,201,363
339,61,201,368
339,59,201,371
340,58,201,366
340,56,204,368
342,57,202,371
343,52,201,378
348,55,199,373
354,62,193,371
358,64,192,369
359,73,193,364
363,70,191,368
365,73,192,367
366,85,192,361
371,88,189,357
373,89,188,362
373,88,189,362
376,96,187,354
377,95,186,354
380,94,183,354
379,91,183,358
381,93,182,355
382,98,182,348
381,95,181,349
378,93,185,353
377,87,186,361
377,92,186,355
372,94,189,357
373,86,190,358
376,92,186,356
373,88,188,362
374,92,189,356
376,92,190,358
377,88,189,361
380,85,190,358
383,84,188,361
389,87,188,356
393,86,183,358
397,81,184,361
400,79,184,362
401,82,185,358
401,82,184,361
398,73,188,366
403,77,192,358
405,61,192,367
410,60,193,368
414,58,194,371
415,58,196,369
421,56,195,368
424,58,192,363
430,64,193,358
433,56,194,365
436,55,196,366
439,55,197,366
444,44,203,373
447,46,201,369
447,45,201,368
444,37,205,377
451,44,199,364
449,48,202,366
454,42,200,366
451,38,202,370
452,40,204,372
457,39,202,370
458,37,203,370
451,44,202,368
454,49,201,360
456,42,200,366
455,38,198,366
455,51,196,356
457,44,196,363
454,44,197,361
453,42,198,365
457,42,197,362
457,43,199,362
456,43,198,364
459,37,196,368
461,40,198,365
464,43,196,360
461,50,195,353
465,47,192,355
468,46,194,357
474,49,191,354
473,43,192,356
478,38,193,351
482,42,189,348
481,40,192,351
476,38,194,360
472,43,196,355
470,42,199,360
469,44,201,358
468,47,201,358
467,42,200,358
464,40,200,362
465,42,199,364
467,41,201,369
469,41,202,371
471,34,199,385
471,39,202,378
475,39,200,372
475,37,199,371
474,34,198,376
474,43,198,368
473,40,199,364
473,43,200,363
471,41,197,365
468,43,197,361
468,36,193,365
465,42,199,362
462,48,206,356
460,43,207,361
461,39,205,363
459,37,204,365
459,38,208,364
461,42,206,360
460,41,208,363
460,41,207,368
460,43,204,372
462,48,202,369
458,45,203,372
459,54,206,368
458,49,205,366
456,50,209,367
454,47,211,368
457,55,212,364
455,47,208,371
454,38,208,376
450,43,210,373
444,41,211,371
438,43,209,371
431,42,213,375
428,36,212,379
424,34,214,384
414,36,218,381
405,39,219,381
398,34,216,380
389,34,217,380
380,37,214,376
371,40,212,373
362,35,209,376
355,36,210,375
342,40,209,380
335,32,209,388
327,26,207,390
317,27,209,388
309,30,212,383
301,31,210,381
293,22,209,390
287,30,209,380
281,31,211,376
272,24,202,388
265,32,207,376
258,32,206,377
251,24,202,386
241,30,204,379
236,24,202,388
230,30,204,380
224,27,211,378
221,31,208,382
219,27,203,381
218,24,205,383
216,20,209,388
218,26,209,381
218,21,205,387
218,25,204,387
218,19,208,392
221,18,213,387
218,23,210,396
220,23,213,388
222,29,220,381
219,29,222,386
221,29,217,387
220,33,218,386
222,22,214,397
222,30,211,384
218,26,215,384
217,30,214,380
213,20,211,390
207,16,216,395
205,22,212,391
201,14,214,397
196,15,215,401
196,20,214,393
197,25,215,392
197,24,219,388
195,21,211,399
197,23,211,390
200,25,208,390
203,40,207,372
200,22,205,391
203,32,204,380
204,29,203,385
205,29,202,382
207,36,203,372
207,35,202,374
207,33,203,374
207,41,201,372
206,36,201,374
207,33,207,375
205,30,207,374
203,29,208,379
203,20,209,387
205,26,206,382
210,19,201,389
213,28,201,376
213,34,202,377
217,28,201,382
219,29,201,378
222,27,198,384
226,29,195,382
225,26,201,383
226,28,202,380
225,34,206,377
227,25,203,388
227,26,200,389
225,19,201,396
224,32,207,382
224,29,203,387
224,26,203,393
221,28,206,391
223,31,204,390
221,37,210,383
220,36,207,391
219,42,211,388
218,43,212,390
217,62,221,374
215,62,220,383
216,65,223,380
217,69,222,375
217,81,224,364
217,82,226,364
219,92,227,348
216,82,225,357
220,102,230,337
217,76,229,357
215,94,231,341
214,94,229,341
217,92,226,337
213,92,230,341
219,77,231,347
216,97,234,333
214,88,231,347
218,93,230,335
214,88,231,336
217,101,231,331
220,79,227,345
222,96,229,336
216,100,230,339
215,109,231,329
216,109,230,330
216,100,227,335
213,111,229,332
220,116,226,318
221,119,223,314
219,94,224,335
219,102,224,331
220,103,226,332
220,97,224,336
218,95,223,339
225,100,221,328
221,94,223,339
219,96,220,339
222,85,219,350
224,86,217,344
222,82,216,354
224,74,213,365
226,71,211,366
228,63,209,375
230,54,203,385
233,44,200,390
234,50,200,382
237,44,198,380
242,39,197,375
242,36,199,377
238,42,200,378
236,36,202,378
238,28,204,382
237,34,202,377
238,42,201,370
237,39,200,370
237,31,200,375
235,34,206,372
234,44,202,369
230,40,205,375
228,40,206,378
228,40,202,376
226,44,204,374
226,40,203,380
224,42,205,378
225,51,207,370
223,42,206,373
223,44,204,377
223,44,202,374
220,41,202,379
219,42,201,380
222,40,198,379
222,45,196,378
222,45,197,376
223,41,194,382
224,40,198,379
225,44,196,376
227,38,194,378
226,39,198,383
228,40,199,381
226,38,202,387
229,41,203,384
227,41,205,388
227,42,201,390
227,36,204,394
229,38,200,395
231,43,199,392
229,45,201,392
233,40,200,391
231,47,203,391
231,44,204,397
232,51,204,389
230,44,206,402
233,54,205,396
238,60,202,392
237,67,205,391
233,68,210,394
230,68,216,398
237,79,213,389
231,89,216,385
230,94,217,380
230,100,217,375
221,92,221,381
229,103,216,370
226,108,218,364
231,105,212,360
230,108,211,359
231,120,208,348
232,105,212,359
226,112,212,355
236,104,206,350
234,112,206,347
228,108,209,351
232,115,207,344
234,119,207,344
231,117,208,349
230,109,208,352
239,111,204,348
238,115,201,341
224,114,208,349
225,114,210,349
232,110,207,346
225,107,210,349
227,102,208,352
234,99,202,352
232,89,201,369
232,85,200,374
236,79,196,376
238,77,195,375
241,70,192,374
240,64,194,369
240,74,197,358
234,58,198,372
231,59,200,369
229,62,202,367
228,61,201,359
223,50,202,365
220,58,200,363
219,63,201,356
213,58,205,362
206,54,211,368
205,54,208,374
201,43,211,380
199,53,214,377
198,50,213,383
198,46,210,392
198,55,215,385
200,60,211,383
204,54,212,388
204,58,209,388
209,51,206,392
212,66,210,376
215,61,203,385
222,65,211,380
225,76,208,374
230,82,208,369
235,81,209,369
235,82,206,372
240,84,207,370
242,87,207,369
243,81,205,379
243,86,205,375
243,90,210,374
243,90,210,381
242,96,214,379
245,107,213,369
242,103,213,375
242,101,207,374
242,96,212,375
240,104,212,376
235,109,210,372
231,108,213,375
235,127,218,358
232,125,220,359
230,130,223,357
232,129,226,358
230,139,229,346
234,137,231,349
233,125,226,357
239,135,228,347
239,134,226,341
238,124,226,351
234,132,223,341
238,126,224,347
238,136,220,336
234,129,217,341
240,145,222,332
238,144,221,332
236,130,217,339
236,141,218,333
238,151,213,323
235,145,203,325
242,155,210,320
241,154,211,321
241,154,211,326
235,151,219,332
232,147,214,335
229,128,206,352
228,111,201,377
229,106,202,380
226,93,199,393
226,88,204,388
228,95,211,385
225,96,217,387
228,87,215,389
224,97,222,383
226,88,220,388
226,78,223,398
227,81,223,395
230,76,218,400
230,79,226,397
230,75,230,403
229,73,230,401
233,70,225,404
236,71,223,397
235,68,225,395
236,69,221,402
238,70,221,398
238,75,224,398
238,72,221,399
238,69,216,400
233,82,223,386
233,76,218,393
229,78,220,388
228,67,217,399
223,76,217,390
219,73,217,388
216,69,215,387
216,61,210,392
212,65,211,389
210,64,211,397
208,69,220,384
209,69,214,386
212,66,209,389
210,70,209,386
209,61,210,395
208,74,217,383
206,75,215,382
209,80,215,379
209,79,215,380
209,70,215,385
211,76,215,387
213,68,211,390
212,63,210,394
212,68,215,394
211,64,215,390
209,63,213,395
211,73,215,385
209,64,215,394
210,62,211,394
212,63,214,397
210,71,218,391
209,59,218,401
211,63,217,394
211,57,216,400
210,63,217,395
215,68,212,389
212,60,213,394
214,62,216,397
212,57,216,397
214,63,216,395
214,61,214,389
216,63,213,394
217,62,214,395
216,65,213,393
217,71,211,389
218,62,213,395
216,61,211,390
217,72,211,386
217,68,212,388
215,60,213,391
214,60,212,391
218,67,208,385
218,67,208,386
221,65,204,390
222,68,204,387
222,71,205,387
222,74,204,385
222,74,201,390
224,66,199,395
222,74,201,386
220,84,201,378
219,77,200,384
218,79,200,381
218,87,202,371
217,72,197,385
215,75,202,385
215,68,204,388
214,70,204,387
214,68,203,387
213,67,203,385
214,64,201,386
213,61,206,390
213,73,207,378
213,72,209,382
215,72,208,385
219,78,209,377
219,78,211,379
219,62,212,395
216,68,216,387
219,63,212,386
224,58,209,391
222,64,207,388
224,58,208,390
225,48,200,395
228,45,204,394
226,48,207,391
228,46,210,391
226,48,212,388
218,46,216,389
221,43,216,391
224,40,212,389
221,47,213,388
223,35,213,395
221,39,211,394
218,37,211,395
218,35,210,400
212,33,209,411
216,34,214,406
220,34,212,403
222,37,208,399
219,37,205,402
217,44,212,391
214,42,211,396
214,42,211,387
213,38,208,394
213,35,212,396
212,40,211,393
212,33,209,406
213,52,219,383
211,40,213,395
212,40,212,391
214,40,210,390
214,38,209,394
216,39,210,386
215,40,207,390
216,46,211,380
218,47,214,384
218,45,213,381
217,39,213,388
219,39,218,383
218,35,214,390
220,44,214,385
219,38,213,390
219,39,217,387
219,44,217,379
220,36,213,390
219,48,216,380
218,41,219,386
218,39,216,389
217,47,222,383
220,41,218,392
220,38,217,396
223,40,220,392
223,34,220,394
225,39,216,393
226,44,216,386
228,40,212,386
231,34,210,386
236,36,207,381
240,44,205,381
243,41,203,382
245,43,205,382
249,45,206,377
254,49,204,376
257,42,202,381
259,47,204,374
262,48,201,380
266,46,199,379
265,46,204,380
269,45,201,377
271,44,199,379
273,46,201,370
274,44,197,377
272,41,197,381
270,44,194,383
270,41,197,385
276,51,194,376
273,43,196,387
276,41,195,390
273,42,199,393
277,53,195,384
276,49,196,383
280,40,197,387
280,43,200,384
278,43,200,384
278,41,199,382
281,40,198,376
278,37,200,384
278,43,199,379
279,42,196,379
277,37,200,385
275,38,205,383
273,41,204,384
271,45,207,382
272,43,207,385
274,35,205,390
270,38,205,389
266,40,210,386
261,38,216,389
260,36,215,389
260,36,212,386
259,38,214,385
259,39,213,389
259,48,213,382
260,46,214,383
260,39,214,389
259,47,215,382
261,34,210,387
261,30,211,393
260,41,216,382
259,40,216,385
261,37,212,389
259,37,220,387
260,34,215,392
260,32,219,388
263,28,220,388
266,35,217,383
267,34,209,391
271,28,209,394
273,32,210,397
276,26,209,398
278,29,210,395
282,25,208,394
287,29,205,391
286,33,205,386
285,32,202,392
287,38,209,377
289,31,213,382
289,35,218,377
286,25,217,392
287,25,214,387
292,29,216,386
289,28,216,390
289,19,215,400
290,18,219,399
291,23,220,406
292,19,222,402
291,17,221,403
291,18,219,404
292,19,217,397
291,19,221,395
289,19,219,400
288,18,225,398
286,13,223,400
287,19,223,394
288,17,222,395
286,21,223,395
286,16,222,395
285,18,225,395
287,24,225,392
286,18,222,388
287,25,223,382
286,24,219,382
283,16,220,385
286,34,215,378
289,38,216,378
288,31,219,376
295,41,211,369
289,29,211,376
292,20,209,382
297,31,209,375
301,33,200,371
306,38,199,366
311,22,200,369
312,34,197,368
315,43,198,362
316,46,195,359
319,38,196,363
317,41,197,363
324,48,194,359
324,53,194,358
320,50,197,363
318,36,198,371
319,42,199,370
315,32,197,375
314,37,200,375
311,22,201,382
312,29,204,383
309,38,201,374
309,38,202,370
314,34,202,374
311,33,201,377
313,37,201,371
313,24,199,381
314,33,200,375
311,34,199,375
313,34,201,374
314,44,198,361
315,38,200,367
313,32,197,371
312,28,199,372
312,29,200,370
312,36,198,364
308,25,204,374
309,25,203,373
306,30,204,371
307,26,202,375
307,36,200,361
308,35,202,366
309,31,196,363
308,30,198,363
307,26,194,363
309,30,195,363
310,38,196,359
310,34,199,365
308,32,198,365
310,32,199,367
311,31,196,366
311,29,197,367
311,33,195,363
314,37,195,364
314,29,204,371
316,41,202,365
315,34,197,366
315,40,200,365
315,51,198,357
316,40,203,368
316,38,200,371
316,34,201,374
315,44,199,364
315,33,200,375
312,40,201,374
311,39,201,379
311,39,201,378
310,52,201,369
309,40,201,379
310,41,199,380
310,49,200,377
311,59,200,368
311,51,203,380
311,53,201,378
311,60,200,371
311,61,198,373
310,64,199,369
310,52,197,381
311,62,197,370
313,67,198,366
310,54,200,378
311,57,199,375
311,62,204,370
310,74,201,360
304,57,209,373
304,74,210,362
300,50,220,376
301,48,217,382
304,48,225,383
310,55,218,379
310,49,222,381
311,53,216,378
313,56,212,374
314,65,212,369
312,60,217,371
313,62,216,369
311,55,216,370
310,47,224,376
308,50,227,375
310,49,222,373
310,48,228,374
311,55,224,366
314,49,222,366
313,43,218,368
312,55,220,361
314,46,219,370
313,50,219,369
314,58,216,361
313,43,220,370
313,43,224,369
312,47,220,366
312,57,215,358
315,61,213,360
320,74,213,354
320,69,213,354
316,56,214,357
317,67,212,346
318,69,211,349
320,69,210,346
323,80,204,337
324,87,201,332
321,72,203,334
322,77,199,332
321,79,197,331
322,89,196,329
320,79,196,332
312,79,198,328
315,87,198,334
316,71,205,340
316,69,204,341
311,81,200,332
313,84,201,331
311,64,207,344
307,74,204,340
306,73,203,342
302,68,204,345
306,62,207,349
310,69,207,344
307,57,210,350
311,60,209,348
312,64,206,342
318,71,204,343
318,71,202,340
315,53,209,359
316,55,206,355
319,62,202,347
316,62,202,347
319,62,200,350
318,54,201,352
320,66,200,350
320,70,199,342
321,72,199,345
319,74,197,345
324,69,201,349
324,71,202,351
325,72,202,349
323,79,206,348
329,82,204,347
323,74,204,352
329,81,202,342
331,87,198,334
334,103,191,328
337,88,194,333
335,93,195,330
334,99,193,323
334,91,196,328
338,97,193,320
336,102,193,321
337,92,195,325
336,91,198,327
337,90,199,333
338,100,196,325
335,97,198,326
340,95,196,323
341,94,197,320
341,115,189,310
337,99,194,319
343,106,190,309
338,104,190,311
341,109,187,305
343,112,184,301
344,114,183,302
346,117,180,297
343,97,185,311
346,110,181,305
347,100,183,311
347,96,180,315
348,96,180,314
348,79,184,327
345,72,181,332
345,82,181,327
343,75,181,329
341,74,181,333
342,80,185,328
337,71,183,336
338,78,182,330
339,84,178,326
337,81,182,324
335,69,182,334
336,85,186,320
334,65,185,338
331,61,188,338
329,60,188,340
323,39,185,356
325,43,195,353
319,34,195,364
319,40,197,358
319,51,200,352
321,61,204,352
322,69,208,346
321,46,202,362
320,36,207,372
319,45,210,369
322,46,206,366
323,48,208,362
320,39,208,375
323,44,210,369
322,32,205,378
323,44,210,371
324,42,206,373
323,38,211,374
323,36,210,375
322,38,211,373
321,39,215,372
318,21,214,383
320,28,215,373
318,30,217,373
317,26,217,376
317,25,217,381
318,27,219,375
317,32,220,373
313,25,220,380
310,20,222,383
312,22,221,381
314,28,220,378
313,18,221,385
312,16,220,384
310,15,223,387
308,22,224,381
311,20,221,384
309,18,223,385
312,22,222,383
314,32,219,374
314,26,217,374
319,31,214,371
315,30,216,373
316,29,219,374
322,29,211,376
321,25,212,378
324,22,209,377
322,36,215,376
322,38,218,374
320,34,217,377
323,36,214,370
322,31,211,375
323,34,209,376
320,36,215,374
320,26,212,381
320,34,216,373
322,34,215,372
322,30,212,374
322,31,214,372
324,36,213,372
323,32,211,372
322,28,214,381
324,41,213,371
323,35,213,379
326,33,211,376
327,33,209,375
327,39,210,375
326,44,209,370
330,47,206,366
331,39,206,369
329,48,204,365
328,47,207,366
329,53,207,364
329,44,208,369
328,47,204,372
330,49,206,366
328,47,207,371
329,55,207,367
331,51,205,369
333,49,208,365
329,45,207,373
328,43,210,374
327,45,209,377
328,44,212,373
331,54,204,366
330,53,205,368
329,49,205,365
330,46,204,370
330,41,205,370
331,52,206,362
331,65,207,357
329,41,203,376
330,42,207,371
331,44,208,364
330,48,207,364
331,47,207,365
329,45,208,368
325,47,210,371
326,38,211,372
324,42,212,372
326,43,213,371
323,33,210,380
324,44,214,373
327,52,210,366
327,47,210,368
325,40,212,370
326,35,208,375
325,42,211,374
326,37,211,376
325,46,217,368
325,45,214,371
326,47,213,364
326,41,210,372
328,41,208,371
329,48,210,362
327,38,212,369
329,40,210,369
328,31,212,375
331,29,210,373
334,36,208,368
334,31,207,376
334,32,212,372
337,32,211,370
338,33,214,371
342,40,208,363
344,37,210,371
345,42,213,367
349,33,209,375
352,32,205,377
350,34,211,374
350,36,212,372
352,33,206,378
351,26,212,380
347,38,213,367
349,30,210,378
348,34,209,376
345,21,211,396
342,28,213,390
339,31,217,385
341,30,212,385
342,32,214,380
340,28,210,386
340,47,217,371
343,38,215,378
341,46,215,374
342,44,213,383
342,44,215,381
341,52,218,372
343,46,216,375
343,45,215,373
343,57,215,367
342,54,211,370
341,63,222,362
340,59,214,368
338,66,220,364
337,60,216,373
336,66,219,368
340,76,217,361
338,75,217,364
336,73,220,368
337,72,217,371
342,77,220,362
337,76,215,367
337,74,221,362
338,76,214,363
336,75,216,365
337,78,217,362
336,74,215,364
337,84,218,353
337,66,215,372
336,75,216,366
337,68,212,371
341,79,214,357
342,80,213,354
338,77,213,354
337,70,213,362
339,72,214,355
340,77,209,351
338,61,210,364
338,58,210,366
341,69,209,354
341,57,207,364
342,68,207,355
342,50,205,367
343,52,212,366
343,54,210,368
342,45,215,376
343,46,216,376
343,44,217,379
345,46,216,377
347,30,210,391
348,31,214,389
348,33,215,389
349,36,219,381
348,34,218,388
351,33,214,389
348,31,216,389
345,38,213,389
348,28,216,391
345,31,216,390
343,38,216,387
342,37,216,385
343,36,213,380
343,36,209,387
346,43,212,373
340,43,210,383
344,35,207,379
343,44,211,372
346,41,210,371
344,42,206,375
346,42,207,375
347,40,209,371
348,37,208,370
349,50,208,363
350,40,199,372
353,56,206,350
354,47,206,357
355,55,203,353
355,53,205,356
355,61,206,355
355,54,202,354
356,53,206,360
358,49,204,361
355,58,205,356
353,57,206,364
354,59,208,361
352,62,209,360
357,68,206,352
357,70,206,351
362,61,199,353
359,67,202,348
356,73,204,345
359,65,201,350
360,54,198,356
356,62,198,350
358,70,200,346
360,65,199,345
362,65,197,344
364,72,199,338
364,76,198,332
364,75,197,333
362,66,198,340
365,59,195,345
363,55,196,348
364,74,200,337
368,74,198,335
365,73,199,337
366,72,196,339
365,63,194,343
366,77,195,333
365,65,194,341
364,73,196,333
358,67,194,336
359,66,197,340
356,65,196,341
354,70,196,339
354,59,196,350
353,64,199,348
351,63,199,354
351,57,199,360
351,70,199,349
351,64,198,354
349,71,200,349
352,76,200,343
350,74,198,345
351,74,198,344
353,72,197,347
352,70,197,349
353,64,195,351
351,69,197,348
352,67,194,347
353,95,195,321
358,76,190,336
354,85,187,328
356,73,186,335
355,87,186,324
350,83,185,330
349,83,185,325
350,82,186,323
345,73,187,329
344,68,188,331
340,72,191,331
341,65,193,335
341,63,191,335
339,67,192,335
340,73,193,331
341,67,193,337
347,75,194,331
347,73,193,342
350,78,195,339
361,88,191,329
361,80,192,344
366,77,194,348
373,80,194,348
380,84,194,345
386,79,194,351
393,80,194,349
398,84,193,348
403,83,192,351
406,81,193,354
412,84,191,350
416,80,192,354
419,71,191,359
421,78,190,356
425,84,186,346
425,76,189,355
428,81,188,350
431,73,189,354
432,76,189,351
435,83,188,347
437,75,188,352
436,72,189,357
437,81,191,348
434,69,193,362
436,68,195,361
435,69,194,362
434,69,195,360
434,66,195,365
433,73,196,360
430,57,199,373
430,63,199,368
427,66,200,363
427,60,199,362
425,63,201,365
420,73,203,358
417,71,203,361
409,84,208,352
415,77,205,353
415,83,205,346
418,85,203,339
416,85,203,345
417,82,204,350
417,90,204,343
422,92,204,337
424,95,202,340
425,92,200,341
430,90,199,342
432,81,202,348
437,86,201,342
446,83,199,336
445,92,202,325
452,81,199,332
454,89,203,315
454,75,202,329
447,89,201,324
450,94,200,320
448,91,198,325
448,90,196,327
443,95,198,330
444,103,197,321
439,105,200,324
435,107,201,328
435,116,203,324
439,118,199,317
434,123,203,319
437,130,201,309
432,120,206,319
432,132,203,308
431,117,205,317
431,123,204,309
429,124,203,310
425,123,207,310
429,138,199,295
425,124,201,307
428,123,201,306
428,128,200,306
429,134,199,296
432,127,196,298
431,139,196,291
424,131,199,302
426,127,200,303
429,138,197,295
424,140,201,296
429,143,199,293
424,121,204,312
423,123,205,311
423,123,201,310
430,125,198,306
427,131,200,302
427,126,203,309
430,112,200,316
426,108,202,320
428,120,202,310
426,117,202,311
431,114,201,311
431,114,202,310
431,106,200,316
429,100,201,321
430,106,200,317
429,98,197,316
429,115,198,308
431,112,198,308
433,116,199,306
435,110,200,311
432,113,196,304
437,98,196,315
438,107,194,305
432,101,200,313
436,109,200,309
434,89,198,322
428,94,199,320
435,95,197,314
435,98,195,311
434,112,197,307
433,110,198,312
428,108,201,318
434,104,199,324
438,113,195,315
431,117,196,317
432,126,196,311
430,121,197,315
433,137,196,301
430,127,198,308
434,125,193,305
431,126,192,305
437,123,191,306
435,121,195,309
429,121,200,314
430,123,200,314
429,131,196,308
433,131,198,308
438,118,195,316
436,117,196,315
436,127,194,308
439,141,191,297
437,125,194,314
437,130,194,310
446,129,190,309
451,127,187,305
452,133,188,299
450,122,189,307
441,126,196,301
436,116,200,314
440,110,198,313
440,107,200,314
442,106,202,316
439,112,202,312
444,111,200,311
437,116,200,306
440,116,198,306
446,112,196,307
446,111,192,304
442,111,196,307
440,110,198,304
432,101,199,317
435,112,200,307
436,110,198,305
438,113,200,304
438,109,196,302
444,112,193,297
439,115,194,295
433,115,200,299
431,106,199,304
433,111,195,295
435,106,196,298
433,104,200,303
437,91,196,312
434,112,199,294
433,93,198,313
433,110,202,302
436,102,202,310
430,88,208,326
430,102,206,314
430,96,205,321
429,102,209,321
425,112,208,317
427,103,203,325
433,116,204,312
432,117,199,311
439,125,198,304
440,123,196,304
440,116,195,311
445,136,195,295
453,127,189,299
448,129,192,301
456,131,193,299
462,132,191,301
467,131,191,299
473,135,194,301
475,125,195,313
481,126,194,312
484,147,194,295
494,152,193,292
496,137,196,306
498,144,196,300
501,143,197,305
507,136,197,311
507,137,196,306
511,136,195,309
513,144,195,302
514,138,197,308
512,129,197,316
513,129,197,314
520,126,195,310
517,127,195,307
519,130,196,301
520,134,193,296
516,120,195,302
514,138,190,289
515,118,195,305
514,120,193,303
515,113,194,308
520,133,193,294
521,128,191,296
515,115,191,310
521,117,192,309
512,107,196,319
521,114,194,313
519,110,195,313
514,101,198,319
514,88,197,327
513,95,199,320
509,103,198,312
512,109,199,303
513,108,197,302
515,106,197,303
511,110,198,300
512,116,197,297
510,92,203,317
511,95,201,314
518,99,200,305
516,84,202,317
518,86,204,315
520,104,203,307
515,83,209,323
513,86,208,321
512,86,211,325
503,63,212,345
499,61,210,348
501,70,209,341
497,67,210,342
498,75,209,335
496,78,210,336
495,72,208,336
494,76,209,338
492,81,211,337
496,83,211,334
496,89,211,328
492,73,213,339
494,88,212,330
488,75,212,339
491,84,210,333
494,84,212,324
490,90,212,321
489,89,212,319
488,91,213,315
486,89,213,319
490,93,210,313
482,89,217,318
483,84,217,322
483,97,218,317
482,85,218,323
484,84,217,325
483,87,220,327
483,83,219,331
482,88,216,324
490,94,213,319
484,88,214,325
489,93,212,319
490,90,211,317
488,94,212,314
495,95,206,310
483,98,209,308
485,95,210,308
495,105,206,296
493,101,202,298
493,98,202,302
487,91,203,306
488,83,203,311
481,67,206,330
479,63,204,338
479,59,202,347
477,44,204,359
472,33,208,374
470,20,209,382
468,24,207,382
464,25,216,380
458,9,217,383
455,11,218,376
453,12,214,368
448,10,217,374
443,9,216,369
443,14,214,368
442,10,213,373
443,20,211,367
444,13,209,374
441,23,212,371
439,26,221,371
436,20,221,380
436,30,223,378
434,35,215,373
431,19,212,389
429,39,222,372
427,27,211,385
424,39,219,371
421,23,215,391
420,30,216,387
417,35,219,390
415,33,222,388
418,34,215,385
419,37,219,382
420,25,222,389
423,41,220,375
424,30,219,384
424,32,217,384
423,33,216,386
425,37,217,385
426,38,213,384
425,42,211,379
427,56,210,367
424,43,208,372
422,57,210,361
422,51,210,362
420,38,207,377
417,47,215,367
416,36,207,377
414,46,213,369
413,44,212,367
411,58,212,356
411,46,208,368
410,49,210,363
404,44,211,370
404,45,209,370
403,30,207,379
401,30,208,382
398,47,210,363
396,41,210,365
394,29,208,384
391,36,211,372
390,34,208,372
388,36,203,367
387,28,203,373
386,24,206,376
386,32,209,368
383,42,211,367
385,43,208,362
385,44,211,358
388,37,210,364
386,38,211,368
389,32,207,370
392,38,205,360
395,43,205,352
400,46,202,351
400,46,199,354
403,46,202,355
404,53,202,356
408,56,202,349
405,55,197,352
407,59,200,347
407,51,197,354
410,62,194,343
407,62,194,347
405,69,195,344
405,71,197,338
405,63,198,349
412,57,195,356
412,71,193,345
409,61,191,352
413,68,191,349
414,61,188,351
420,70,187,341
427,72,189,341
433,70,190,342
440,78,186,335
457,92,187,327
467,83,189,338
465,90,190,333
470,87,190,337
475,89,190,335
480,86,191,340
482,85,192,339
489,86,190,338
490,86,193,337
492,82,193,340
491,80,193,341
493,78,194,340
495,84,194,336
490,81,199,343
489,65,200,357
492,67,199,350
486,73,203,348
486,70,208,347
487,65,207,349
483,68,209,351
480,54,210,359
477,55,210,361
475,52,209,362
472,52,215,358
470,47,213,363
470,39,206,365
467,40,205,365
467,34,212,370
464,30,214,376
463,37,208,373
462,38,211,371
462,34,211,370
463,30,205,370
460,34,200,372
458,41,207,362
459,34,206,366
460,32,209,370
461,31,209,365
459,31,209,370
457,42,215,362
461,39,207,370
460,37,207,369
461,42,208,365
462,30,202,372
464,31,202,371
462,33,200,373
461,46,207,359
463,38,201,363
462,40,202,361
464,41,199,360
467,41,202,356
469,45,207,353
470,44,203,358
474,46,204,356
474,48,203,357
473,45,202,356
475,56,202,356
476,45,201,362
480,48,200,360
477,52,198,361
479,51,199,359
481,63,197,351
479,56,195,356
475,67,197,351
479,62,197,353
475,64,197,352
481,67,193,346
481,67,191,343
485,72,189,337
482,67,189,337
484,72,187,328
487,71,185,332
480,71,190,330
482,73,188,326
477,72,188,326
476,69,192,327
475,54,191,339
470,67,192,327
467,55,194,336
464,63,196,331
459,49,195,346
457,40,195,355
456,40,193,356
457,33,194,356
455,42,198,347
455,40,201,346
454,34,199,354
452,31,202,358
455,24,199,367
456,22,197,372
456,30,197,364
457,31,198,368
458,27,196,373
459,37,199,362
459,37,197,364
460,44,196,362
462,40,194,362
461,42,196,365
461,36,197,369
462,31,198,369
463,41,199,366
464,38,198,376
464,45,197,374
466,38,196,376
465,39,199,381
473,43,192,369
469,37,197,377
470,36,197,377
471,42,197,373
472,47,197,368
475,35,198,375
474,37,200,378
478,30,199,379
477,42,201,370
480,37,196,367
480,46,199,358
483,30,198,366
484,30,195,369
483,38,198,361
479,36,199,367
482,38,198,365
483,29,198,372
478,44,199,366
481,38,197,368
475,40,201,375
475,37,199,377
475,40,200,379
471,40,202,380
477,44,199,374
471,50,203,366
472,46,200,368
472,58,196,358
479,40,195,372
476,59,196,358
481,52,194,359
476,49,195,362
480,51,195,361
478,58,196,355
470,46,198,368
476,44,198,366
470,42,200,373
476,49,198,364
472,52,198,362
473,51,197,364
466,33,202,382
471,51,196,363
469,43,197,368
472,48,195,360
470,42,197,370
468,41,198,368
473,44,194,366
470,40,198,368
470,44,197,368
475,49,196,362
478,54,196,358
478,53,196,364
479,59,198,359
480,58,198,361
484,50,199,364
494,53,194,360
502,48,190,357
504,45,188,361
508,44,188,358
503,43,193,369
506,43,193,371
508,42,193,372
510,39,194,371
515,34,189,374
518,32,189,370
520,37,189,364
523,33,188,365
522,42,191,364
524,38,191,362
526,33,193,361
527,42,192,357
526,37,194,359
527,35,196,358
525,35,199,362
524,34,201,363
525,31,203,363
524,27,198,373
523,39,203,364
523,35,201,363
521,41,203,360
521,40,198,357
518,35,202,364
517,39,199,364
515,43,201,357
513,38,202,362
511,41,203,360
509,44,199,362
507,40,200,367
504,33,201,371
503,42,201,362
501,36,204,368
500,35,205,362
497,28,205,376
497,34,203,367
498,26,199,377
495,37,204,371
496,22,203,374
495,36,208,366
496,28,205,373
497,41,207,361
495,34,209,366
494,38,212,363
496,26,208,375
496,34,206,367
497,43,206,363
498,37,207,362
498,31,201,372
497,32,202,373
499,34,203,370
500,30,204,370
499,29,203,377
503,31,205,369
501,35,206,371
503,39,209,366
505,37,207,368
504,40,210,365
506,34,206,368
505,37,207,369
507,37,202,371
508,39,205,372
510,40,208,371
512,45,211,368
510,40,207,372
510,50,211,368
509,47,211,371
512,39,210,378
512,53,216,369
514,38,213,384
516,43,218,377
515,45,219,374
518,41,220,375
517,37,214,389
519,44,220,384
524,33,216,388
525,36,220,393
524,44,221,389
525,41,222,393
531,32,222,397
533,33,221,393
534,46,226,384
537,35,218,394
540,37,219,390
538,36,213,395
538,42,223,386
539,39,218,391
541,41,218,388
542,40,220,383
543,37,220,391
543,38,223,390
544,44,221,383
547,45,217,387
547,46,217,382
547,44,219,379
549,42,218,386
548,38,214,385
549,36,213,380
547,37,215,377
549,29,210,381
548,39,213,375
548,38,211,372
547,45,209,371
550,42,210,371
551,44,211,374
550,42,214,379
551,38,212,378
550,39,213,378
552,35,213,372
552,32,211,371
554,29,207,374
555,29,207,374
553,33,209,375
555,22,202,387
555,36,205,374
554,39,210,375
556,35,207,376
554,44,206,374
555,40,205,381
555,47,209,372
555,46,212,377
555,48,210,374
552,53,215,377
553,55,215,378
554,52,214,381
558,52,212,375
558,64,213,370
564,63,211,365
565,62,212,373
568,50,199,383
569,75,210,360
570,63,208,372
569,64,207,371
569,62,205,369
565,72,209,367
565,60,206,377
561,67,209,369
560,53,208,380
560,51,207,381
560,57,209,376
558,56,210,380
557,59,211,379
558,52,213,380
561,66,210,359
554,55,212,373
554,57,213,369
551,40,211,387
549,56,208,379
549,50,208,376
546,54,207,379
545,50,211,381
547,46,211,375
545,51,208,378
544,42,205,386
544,48,208,384
542,61,207,373
541,47,211,384
542,61,209,369
541,56,209,376
540,50,208,383
540,56,211,372
540,49,209,381
541,49,213,376
541,48,209,385
544,60,208,370
546,55,210,375
554,50,202,382
553,52,210,380
556,50,210,381
560,48,206,377
560,51,206,378
563,42,205,382
561,42,210,375
559,37,207,377
553,36,209,374
544,32,211,366
530,31,208,373
518,28,212,363
484,29,208,366
462,27,209,362
451,23,206,370
442,34,211,359
422,30,209,359
412,46,210,347
405,43,208,348
401,46,206,346
394,48,204,344
390,39,201,352
386,48,202,346
379,46,204,348
373,49,206,348
373,51,202,345
367,45,202,351
367,43,201,351
364,52,202,344
359,50,199,348
358,58,201,343
353,52,204,350
351,51,199,357
350,55,201,349
346,54,205,350
344,53,204,350
339,54,205,352
337,43,201,361
332,29,202,376
332,46,212,360
330,41,207,365
330,41,210,369
332,40,211,369
330,47,214,376
331,34,214,390
327,36,220,394
328,22,216,403
327,37,217,390
326,30,218,400
325,32,219,395
325,30,219,402
324,50,221,381
325,36,222,392
325,42,222,388
325,48,220,389
324,38,225,404
326,40,221,408
327,49,223,399
327,52,221,402
325,53,219,401
323,53,223,400
322,51,222,402
323,54,220,397
318,43,222,414
324,58,220,396
321,49,220,406
318,45,225,411
318,39,224,418
318,40,226,417
320,40,225,419
324,47,223,414
325,51,225,415
