505,41,372,373
505,39,373,375
505,40,372,375
504,40,374,374
506,39,371,375
504,41,373,374
504,39,374,376
504,38,374,376
505,40,372,375
505,41,373,373
505,39,373,375
505,40,373,375
505,38,373,377
505,41,372,373
504,38,373,377
505,40,374,374
505,41,372,373
505,42,373,372
509,46,372,374
515,50,369,372
519,53,366,367
518,53,367,370
517,57,366,372
513,61,368,376
507,68,369,379
502,73,371,381
495,78,373,380
496,80,374,378
491,83,374,380
489,92,369,374
488,103,365,368
482,98,374,382
476,99,378,391
476,99,379,391
473,102,377,394
465,113,377,387
458,111,377,392
454,106,377,399
451,110,374,393
450,109,377,396
454,111,368,395
454,111,374,388
459,105,372,388
464,102,371,385
468,93,375,387
468,92,374,389
468,83,381,392
468,75,383,395
467,73,382,396
467,74,380,391
467,67,379,394
468,72,377,387
468,68,378,388
469,72,374,389
468,74,376,388
465,79,374,385
459,79,376,386
462,79,371,385
458,74,375,388
459,63,375,390
487,38,361,375
582,6,386,387
680,-95,376,335
681,-101,381,340
746,-119,367,330
730,-107,374,322
754,-83,373,342
730,-58,407,408
620,-94,401,338
614,-108,401,338
547,-58,393,331
497,-28,386,346
472,-29,378,366
453,-11,376,379
436,3,384,402
434,4,383,399
420,14,390,404
425,25,391,416
416,33,395,423
425,52,390,422
424,61,393,430
421,54,395,436
420,73,396,430
415,80,396,426
411,87,391,412
406,93,383,398
406,97,368,385
403,94,373,388
410,89,363,388
421,96,351,376
419,104,346,372
420,113,342,368
425,117,336,365
424,117,338,362
431,120,337,353
440,109,340,362
450,116,338,356
456,115,338,355
459,124,341,354
460,119,339,359
466,128,341,356
469,126,349,358
480,122,352,359
489,118,353,359
496,111,352,360
495,110,355,360
507,106,353,353
516,94,355,359
531,89,351,358
536,78,357,361
537,68,356,366
537,78,359,354
529,64,362,359
516,49,368,356
517,38,362,343
519,25,358,339
514,12,358,334
516,12,354,334
509,5,358,320
513,2,355,304
509,-5,356,300
498,-2,355,294
490,-2,352,293
493,-3,348,295
487,-4,353,293
491,-6,349,290
484,-9,358,286
482,-9,352,288
477,-12,355,290
481,-9,349,287
479,-7,347,278
487,-10,343,278
495,-11,337,277
494,-11,340,275
499,-10,341,276
498,-12,339,275
500,-10,342,271
519,-13,335,271
530,-12,334,262
546,-14,339,260
578,-24,348,265
577,-24,344,259
600,-33,346,264
598,-101,355,356
609,-59,361,362
588,-27,363,364
579,49,370,371
566,183,370,371
576,99,367,368
556,16,375,376
530,-10,380,381
497,23,388,389
407,96,393,394
431,103,391,392
392,-24,388,335
366,-68,390,314
348,-45,388,320
319,-25,390,347
269,2,384,381
261,2,384,379
232,28,383,402
214,61,381,404
191,102,372,407
170,141,371,402
154,174,368,393
159,170,369,394
167,183,360,396
177,216,364,391
195,240,357,373
213,253,357,364
232,274,353,357
255,284,344,351
257,285,338,347
272,304,335,347
288,318,330,344
301,332,329,339
311,344,329,343
322,357,331,346
322,357,330,345
334,367,328,344
344,367,329,339
348,387,336,333
363,405,329,354
368,410,325,347
370,409,322,346
364,413,328,338
361,411,327,339
361,405,327,330
352,399,320,321
361,386,326,329
360,387,326,330
360,380,328,325
346,346,337,321
364,299,334,319
372,268,352,319
399,260,350,315
406,243,351,328
426,217,364,332
421,164,374,324
412,127,369,323
418,108,383,318
438,110,366,366
424,68,399,343
440,107,396,331
447,110,395,328
424,53,391,339
443,53,403,353
473,12,389,353
473,17,397,358
456,8,390,390
441,59,408,335
432,64,397,326
428,82,405,328
455,56,410,347
450,52,419,353
440,78,431,350
411,117,410,331
410,101,414,332
421,117,424,335
415,165,409,409
412,161,408,347
416,165,410,354
381,183,410,342
350,158,401,332
344,137,423,343
311,114,439,357
315,119,434,350
302,119,424,346
269,136,426,349
248,164,426,336
268,198,431,337
268,194,422,328
261,198,420,323
281,222,417,331
277,236,414,330
306,207,423,335
319,201,423,360
329,233,412,367
325,234,416,367
337,209,413,388
342,268,406,386
328,259,420,388
321,250,428,388
312,289,441,368
304,276,452,379
305,331,443,384
308,358,451,382
330,356,442,371
341,343,450,375
374,357,451,375
366,366,447,372
421,365,415,391
423,382,424,378
415,365,429,371
404,369,442,358
414,351,419,357
401,358,422,352
417,342,427,347
432,313,409,362
448,281,399,363
438,332,403,360
450,296,387,381
441,330,390,362
450,276,401,393
434,231,415,385
416,211,428,370
417,185,431,388
439,240,421,379
436,239,420,371
435,270,411,399
450,242,441,413
441,262,444,418
455,260,437,394
479,280,413,393
467,262,420,397
492,314,402,399
488,350,390,389
477,378,393,390
472,387,393,397
478,390,374,384
476,395,373,379
465,413,362,380
400,352,435,435
411,369,430,430
417,333,421,421
443,414,410,410
434,382,408,408
473,438,342,359
462,417,395,395
467,431,345,366
449,427,392,392
481,454,347,356
486,444,352,360
482,434,345,361
483,420,347,371
497,411,344,374
477,399,382,382
493,419,327,351
492,433,326,343
499,433,324,338
482,435,333,346
486,419,332,352
485,424,330,346
490,420,324,353
492,422,320,349
496,424,320,339
499,421,320,344
504,417,321,335
497,402,323,344
501,408,322,331
508,406,322,334
506,416,327,333
513,405,319,324
523,407,324,328
539,402,321,328
542,397,319,327
537,395,324,330
555,394,320,332
573,380,313,323
586,379,314,319
602,379,314,310
621,382,310,309
618,377,308,312
625,371,309,306
658,377,305,301
660,366,297,308
661,364,297,302
661,362,296,299
659,365,299,298
657,364,295,295
653,351,291,294
645,364,288,285
634,367,287,287
599,373,312,291
601,375,305,287
609,400,307,287
637,454,293,293
616,456,288,288
574,381,290,290
523,351,295,295
518,352,301,301
518,372,300,300
537,368,301,266
529,446,306,306
492,359,310,315
496,373,296,298
499,375,291,293
499,374,286,294
494,368,286,293
480,366,289,293
467,360,294,300
451,362,293,290
454,365,290,283
442,372,293,283
425,371,291,284
388,367,298,286
359,369,304,281
326,375,306,296
325,379,309,297
288,392,310,298
266,392,303,298
265,378,315,322
261,396,317,317
263,388,321,322
263,391,323,322
267,390,330,324
271,403,326,317
284,403,320,315
298,409,308,300
314,382,297,294
330,375,297,302
330,384,298,298
351,364,306,310
377,329,311,302
388,324,321,302
408,340,325,288
450,326,317,306
440,315,324,311
459,307,339,310
444,317,337,317
439,285,333,336
433,297,337,338
434,285,353,343
416,300,353,337
419,280,364,347
426,298,350,343
430,329,351,342
443,341,354,337
448,331,352,341
443,335,363,349
443,348,376,364
440,340,376,366
451,346,366,360
438,356,378,357
423,336,383,364
418,331,391,372
385,345,394,367
367,298,385,366
359,291,374,358
339,283,385,358
333,299,388,350
327,276,401,353
322,298,402,345
307,306,405,346
315,285,407,357
338,291,389,365
368,276,380,368
364,278,379,368
360,265,387,378
362,262,380,383
376,283,369,388
371,252,365,395
349,240,362,386
353,253,358,385
344,259,344,378
332,270,344,391
316,248,344,375
317,303,334,367
292,304,344,375
286,292,354,385
286,313,361,382
289,320,357,374
288,311,366,381
270,278,374,395
274,288,379,397
277,294,381,403
260,289,382,403
256,291,382,405
246,300,385,406
241,317,377,393
259,302,386,410
254,309,399,423
213,193,409,439
157,316,401,395
206,194,427,410
216,145,459,443
188,75,510,478
180,87,500,475
146,89,518,476
123,60,528,488
168,-30,517,514
116,46,501,487
97,20,509,513
112,48,491,497
111,37,489,505
133,77,460,478
123,85,464,479
140,151,443,451
122,136,454,454
131,159,439,441
145,182,434,427
137,185,429,425
144,210,428,424
131,207,431,433
148,210,423,421
159,217,412,410
152,217,423,424
148,200,422,440
159,246,404,429
145,262,406,448
122,271,415,451
120,267,418,455
73,284,441,441
36,253,447,442
16,228,434,440
-9,231,430,429
-20,262,438,431
-19,217,404,409
-37,221,410,409
-47,219,403,403
-39,242,420,420
-49,233,409,413
-40,232,399,408
-42,233,397,407
-45,233,399,413
-43,223,399,411
-55,250,414,433
-71,247,404,428
-64,189,391,415
-65,191,391,420
-72,167,392,401
-83,214,370,373
-75,177,372,374
-62,196,366,379
-44,205,378,344
-44,212,376,345
22,257,355,333
49,248,364,347
217,241,371,381
247,223,389,394
300,204,391,387
299,213,389,389
354,212,361,384
394,193,340,399
399,220,340,394
398,201,344,401
395,223,359,400
391,211,354,398
391,233,362,388
351,201,364,393
322,181,371,386
332,168,362,372
326,157,371,380
332,188,370,378
332,198,380,384
344,164,382,397
319,169,393,407
351,157,375,394
360,153,375,389
352,139,376,394
334,140,394,389
351,123,389,383
335,112,393,389
360,98,381,366
370,89,372,356
368,87,369,358
314,77,375,371
281,73,365,379
261,72,359,382
269,67,366,380
290,62,362,375
288,68,369,378
289,52,376,380
305,44,378,378
316,48,378,379
323,39,378,385
307,34,385,394
335,27,382,387
310,30,384,399
315,37,385,395
325,32,396,396
325,38,394,391
323,75,393,381
315,74,395,390
312,69,387,391
321,81,386,398
317,79,378,392
324,150,393,395
413,193,403,405
430,169,396,415
450,159,385,442
427,158,400,466
353,218,418,429
325,218,412,429
320,224,410,429
322,245,398,408
320,239,409,419
316,234,397,413
314,225,397,421
314,230,402,420
320,224,416,435
312,222,422,438
343,197,441,477
281,211,438,436
284,181,455,447
269,107,430,448
243,103,424,432
254,116,416,425
231,96,427,440
215,87,426,443
233,103,427,443
232,119,419,432
241,126,414,425
240,137,415,430
249,128,402,425
250,113,406,420
235,142,420,428
250,135,400,410
238,126,408,417
255,124,405,415
250,107,395,407
255,125,390,406
238,114,391,403
231,118,387,400
226,105,387,406
218,103,388,400
218,91,391,410
209,91,395,409
212,85,392,409
201,65,393,408
194,89,391,400
168,72,392,401
166,75,390,396
151,74,396,402
143,59,397,395
129,60,404,389
108,45,400,391
108,43,401,396
112,58,404,393
100,55,406,406
83,36,413,409
65,9,411,408
55,4,422,413
48,-17,415,418
47,-15,411,417
30,-27,416,418
16,-33,422,419
-7,-32,425,411
-25,-3,418,392
-32,18,431,392
-27,43,431,389
-33,42,441,396
-30,38,448,399
-29,30,436,389
-26,44,425,375
-24,43,420,379
-25,24,426,387
-38,3,439,394
-5,-14,436,414
12,57,434,391
37,69,427,393
55,52,439,416
48,50,446,421
109,103,439,422
157,128,431,436
205,117,424,439
251,135,431,435
316,146,439,444
319,150,436,446
347,151,421,430
405,189,398,428
430,233,390,412
432,221,385,407
415,235,390,412
420,231,386,410
406,242,372,399
392,245,375,407
376,247,375,411
383,235,374,418
365,231,377,417
362,242,377,416
371,222,374,416
358,226,378,420
351,240,384,425
362,215,375,421
372,216,369,412
374,213,360,408
363,214,363,405
364,209,362,407
360,223,369,412
362,219,370,414
354,218,379,420
346,222,379,418
360,223,378,416
357,218,387,423
383,202,378,418
374,223,397,429
400,221,389,422
394,222,395,428
420,215,387,429
423,216,388,427
423,206,385,421
432,194,375,417
430,208,373,406
427,219,373,407
432,204,367,400
443,180,360,398
433,169,363,402
435,158,362,402
439,154,359,396
438,152,360,397
436,131,362,402
438,120,359,399
443,108,355,401
441,100,359,408
440,103,361,406
445,103,358,406
443,111,359,406
450,124,352,392
449,114,353,392
449,121,351,392
432,126,363,399
434,114,366,406
437,116,361,404
428,124,366,401
426,123,364,399
415,113,373,401
417,121,371,399
417,104,369,402
417,111,368,400
416,119,368,396
406,113,374,400
408,126,374,401
413,129,371,402
414,153,365,395
422,132,360,393
426,153,355,391
437,153,346,383
435,158,349,383
442,151,345,385
446,159,342,378
447,159,338,382
449,166,339,379
450,172,339,379
447,173,337,372
446,168,341,372
449,178,335,362
448,170,332,362
450,162,330,363
448,153,327,361
445,163,330,362
448,168,328,357
445,164,327,360
447,169,327,362
444,173,329,355
448,163,325,357
441,177,326,349
448,178,324,351
445,183,324,349
448,198,322,340
449,204,324,342
455,204,324,342
460,218,318,340
460,227,325,346
462,228,326,344
469,233,328,351
483,240,319,349
494,252,317,348
499,263,315,342
499,277,321,337
499,271,321,342
504,261,326,351
504,232,327,368
506,231,330,363
503,212,333,368
509,203,334,372
501,217,341,367
509,201,345,377
509,191,346,371
510,184,354,382
515,173,352,377
516,178,357,382
516,170,362,388
516,161,366,392
518,167,360,387
520,178,364,386
524,166,361,384
518,140,368,396
519,152,370,395
518,134,374,404
515,146,371,396
512,139,374,403
503,138,374,404
499,156,373,399
492,161,378,400
472,178,383,405
466,181,382,412
467,181,380,412
470,174,368,411
458,194,367,406
459,196,368,408
462,183,367,415
451,182,367,409
446,176,365,409
441,171,362,401
425,189,368,404
439,180,355,395
424,187,363,399
429,184,357,403
414,188,364,396
385,183,368,403
383,171,357,402
368,178,357,394
383,159,345,381
389,145,350,370
359,105,368,370
327,107,391,360
302,111,393,353
338,114,387,345
336,110,387,347
356,108,384,346
373,99,369,338
369,79,375,342
401,66,357,333
401,47,368,327
385,43,372,325
402,11,365,326
375,-39,396,334
355,-65,405,327
335,-81,408,315
405,-104,395,395
387,-87,398,318
349,-108,409,322
339,-119,410,326
374,-106,409,328
351,-113,420,340
349,-108,405,334
350,-112,416,342
345,-118,415,346
348,-113,414,345
338,-121,401,335
329,-133,413,344
310,-132,401,335
313,-136,402,334
301,-136,379,379
293,-152,418,350
283,-147,412,350
291,-142,402,346
297,-148,408,349
275,-145,401,342
270,-158,413,350
276,-148,409,346
261,-148,417,351
274,-141,416,359
291,-155,417,361
300,-147,412,359
326,-134,411,361
294,-134,402,351
307,-125,402,354
308,-129,407,356
301,-129,406,347
300,-130,409,347
288,-130,399,336
281,-108,379,317
284,-117,387,326
298,-107,385,330
291,-114,391,326
296,-103,390,328
282,-114,396,327
272,-105,388,325
288,-104,387,327
283,-95,389,328
315,-97,399,343
318,-92,395,342
338,-85,391,348
330,-71,392,342
331,-78,401,344
294,-81,408,335
308,-71,409,343
323,-66,409,349
298,-63,411,349
317,-51,413,353
355,-32,407,357
337,-32,413,357
305,-37,420,366
255,-62,430,353
285,-53,435,365
256,-65,439,356
252,-62,438,360
315,-29,434,378
264,-53,441,380
280,-69,451,393
302,-24,435,404
279,13,438,407
254,10,448,420
256,43,459,435
267,76,452,417
260,80,453,418
251,85,457,426
260,86,455,431
257,63,455,447
260,63,458,456
300,136,450,446
292,97,455,448
345,159,423,430
336,194,433,418
344,223,423,408
355,232,407,403
373,249,394,404
368,248,392,398
358,276,401,413
360,276,393,416
368,284,385,414
360,294,386,406
365,313,376,407
358,317,374,398
367,319,369,396
365,335,365,392
364,333,365,394
367,345,356,385
376,328,350,384
373,330,346,377
368,337,347,384
377,344,341,377
369,334,341,373
377,334,335,366
384,336,330,362
384,314,328,365
386,319,325,360
387,319,324,356
396,306,320,357
395,304,320,357
401,292,319,355
405,298,319,359
406,292,317,355
403,293,318,353
416,292,311,352
418,292,311,344
427,297,304,336
423,297,305,335
423,292,304,333
430,300,303,330
438,281,300,335
433,280,305,328
435,282,308,330
433,285,311,331
435,282,310,333
436,291,306,325
431,281,308,329
423,280,311,327
416,275,311,327
414,287,308,317
412,273,316,331
417,250,318,340
420,238,318,343
432,219,318,351
443,205,317,348
445,208,316,348
444,193,320,347
445,181,328,350
439,176,330,354
436,161,334,362
432,163,333,358
431,165,334,357
427,171,334,352
424,179,328,341
412,183,329,342
400,177,325,338
388,188,332,336
390,184,337,346
380,197,345,338
360,183,350,340
354,175,351,341
348,162,351,347
348,178,358,342
349,168,355,342
345,177,354,340
336,149,362,354
338,159,364,354
336,154,363,354
330,151,372,366
330,154,367,365
328,156,376,372
334,165,378,372
336,164,385,377
338,166,387,383
330,166,385,389
333,167,391,392
323,166,388,392
319,167,392,395
307,175,389,396
310,185,382,388
303,171,381,392
303,161,384,395
299,168,386,390
295,160,386,397
292,162,385,393
276,151,387,403
277,152,386,402
278,155,376,392
276,149,382,398
276,158,384,388
267,153,390,389
277,159,382,385
282,148,378,381
280,152,381,381
266,161,382,382
277,157,384,388
280,151,383,385
292,165,373,376
288,161,379,377
287,165,376,372
298,187,370,373
305,178,377,384
301,186,379,384
314,193,381,381
320,208,377,379
330,206,380,376
333,223,377,373
323,209,374,379
342,201,374,382
341,204,375,380
333,194,380,380
325,196,379,375
331,211,378,369
319,218,369,362
309,214,375,374
301,210,378,379
298,221,370,375
311,227,364,364
312,224,369,368
302,220,368,378
314,216,364,370
319,217,359,364
330,226,355,359
340,212,347,367
347,225,346,363
343,210,347,371
340,196,350,377
340,214,345,364
334,209,352,362
311,175,356,367
310,188,355,365
294,166,364,364
267,139,370,370
255,115,377,372
205,43,401,401
214,58,397,363
216,29,404,359
217,11,409,359
228,23,411,362
237,15,407,365
234,-3,415,361
238,17,419,369
232,30,432,382
230,19,430,381
241,59,432,395
248,84,438,414
243,75,426,404
255,105,418,412
252,102,418,414
261,121,416,407
264,139,412,418
267,152,409,419
272,164,403,419
272,169,408,430
276,166,404,424
271,178,409,431
265,173,414,433
267,191,412,426
255,193,423,434
260,198,424,439
257,197,425,440
254,202,438,445
246,201,437,449
259,203,421,445
262,209,419,444
266,215,427,451
266,197,424,457
264,214,432,448
257,221,449,456
261,231,443,451
252,238,441,445
245,237,445,453
252,237,444,452
249,240,442,455
251,263,454,449
246,259,451,456
234,251,448,452
235,244,453,453
241,259,461,460
228,251,459,459
223,247,457,455
220,239,453,456
227,242,453,451
233,238,444,451
238,233,440,453
238,237,439,456
238,218,439,468
244,221,439,470
258,217,429,463
271,223,429,467
266,237,437,467
269,246,432,465
280,244,423,457
285,254,423,452
289,253,416,445
290,266,423,448
304,269,416,442
296,277,416,432
303,301,410,421
303,295,410,421
303,288,413,426
300,287,412,420
305,278,410,426
306,282,402,414
302,291,406,416
292,291,404,415
295,266,400,413
288,280,400,411
291,281,400,414
288,289,400,408
292,278,401,407
295,294,390,396
293,275,392,396
286,289,396,402
299,277,394,405
311,275,390,410
319,274,388,411
306,292,398,395
322,273,390,399
334,273,380,390
339,286,372,381
346,279,363,378
343,271,363,377
338,265,366,379
331,279,360,379
328,295,360,373
330,287,361,378
332,286,359,379
326,291,365,382
328,292,366,382
328,301,365,381
331,286,367,391
333,294,364,386
335,287,364,388
334,280,364,381
335,277,366,383
344,263,364,385
355,258,364,388
356,257,362,386
358,273,356,373
367,259,356,376
371,261,357,378
377,266,350,373
388,278,345,369
381,268,343,362
375,255,353,369
384,279,344,367
376,273,346,372
374,285,348,370
366,276,353,376
369,282,346,376
365,285,348,380
364,296,340,378
354,305,342,376
355,306,344,379
351,338,349,365
344,299,353,385
334,298,359,389
335,282,358,394
336,291,366,393
338,287,373,400
346,322,383,378
343,321,386,382
356,300,395,400
368,306,390,396
373,294,402,405
378,285,402,404
390,283,402,401
386,269,406,415
393,268,408,413
404,240,413,431
414,248,412,428
425,238,411,432
430,238,409,426
424,233,416,431
437,219,416,441
439,225,415,441
443,216,410,441
450,195,418,458
453,189,413,453
457,193,417,455
458,184,413,451
460,170,410,452
457,156,413,454
450,141,409,457
443,144,412,456
445,146,407,448
449,118,404,466
440,131,393,447
436,118,384,437
429,109,392,433
435,94,387,427
429,98,388,422
426,102,385,423
413,121,380,415
407,137,377,415
395,137,375,421
394,171,381,418
398,181,376,407
399,168,377,408
386,152,374,411
385,139,370,409
366,125,371,402
374,147,364,368
386,155,359,359
398,161,356,358
403,166,353,352
420,171,350,355
425,187,354,351
439,192,356,361
434,208,359,353
439,208,354,351
437,241,361,333
437,240,347,327
437,241,348,327
437,220,346,339
427,204,356,342
426,216,352,334
421,202,348,332
430,185,347,334
443,182,338,327
437,180,342,324
434,171,343,326
415,134,361,336
397,129,371,339
403,143,374,344
401,104,384,353
388,111,387,350
385,139,391,351
372,116,403,362
362,101,409,369
362,127,405,359
360,144,411,357
344,154,416,354
341,116,422,365
345,149,421,361
335,136,423,375
330,110,436,387
320,129,454,388
309,132,457,390
291,160,453,383
293,162,454,388
275,184,462,391
273,169,473,421
257,159,467,418
267,143,478,426
274,142,480,424
271,140,487,430
300,125,480,427
300,119,482,437
273,131,501,450
268,131,505,483
256,116,533,491
260,92,544,486
261,123,552,485
277,117,547,496
268,119,551,508
273,116,553,521
262,134,554,518
262,112,562,511
277,145,545,514
275,140,558,514
277,138,564,515
290,119,555,519
295,126,552,524
299,133,553,523
294,131,557,537
293,134,556,542
301,123,554,556
281,130,575,573
285,138,569,579
286,118,570,582
284,135,570,583
270,163,583,598
245,145,604,610
256,103,587,601
251,72,610,607
236,108,609,598
240,84,598,604
241,106,604,617
260,122,602,603
262,132,598,608
259,97,616,612
263,105,615,621
267,110,611,612
268,102,615,594
276,88,614,597
284,91,607,582
324,92,591,594
300,86,601,596
320,101,589,600
338,112,569,585
335,107,557,581
325,94,566,584
331,86,572,577
354,83,565,579
340,64,575,563
339,61,568,552
334,45,547,526
302,36,558,522
299,32,538,512
307,24,537,493
283,35,526,482
266,12,529,471
250,-5,537,470
242,16,545,468
201,-31,558,459
207,-20,553,458
221,-21,535,445
225,-6,539,454
245,14,531,460
220,-14,531,447
214,-14,537,447
226,-12,526,444
223,4,527,447
206,-18,529,431
215,-14,524,439
211,-6,527,436
205,-3,533,436
196,-20,538,428
216,10,531,442
203,19,536,442
195,8,539,442
209,18,534,439
215,42,533,441
222,42,532,446
198,37,541,461
197,21,548,458
182,29,555,474
183,43,556,484
161,35,571,483
175,24,563,476
193,37,552,481
206,51,550,480
191,65,551,480
180,65,560,483
157,92,579,501
163,77,578,503
155,99,587,513
167,88,589,499
187,109,585,507
200,72,574,514
243,56,566,538
243,36,577,536
282,72,551,541
294,96,564,536
287,111,585,545
263,113,594,540
256,129,604,558
257,90,606,555
248,139,596,560
241,139,596,563
234,161,604,574
231,164,615,575
218,198,622,571
229,185,611,568
259,214,597,568
261,234,588,571
256,230,588,569
239,232,596,567
282,237,575,569
258,224,591,573
177,192,604,577
77,220,583,548
-67,176,614,549
-83,164,620,557
-81,163,628,564
-85,169,614,557
-72,145,628,558
-56,194,607,538
-70,168,610,548
-66,159,623,555
-54,186,616,549
-75,161,619,552
-84,160,618,559
-79,133,629,565
-71,160,625,562
-70,187,606,557
-71,150,614,557
-86,166,599,549
-67,171,579,579
-84,147,614,558
-76,192,596,549
-86,167,594,547
-88,143,612,557
-80,170,608,554
-80,178,599,547
-78,130,613,554
-86,99,623,563
-75,136,612,555
-86,112,613,556
-78,163,590,542
-81,157,597,550
-78,110,615,560
-70,114,608,550
-82,111,613,559
-87,87,628,572
-81,110,624,566
-83,94,615,555
-75,123,605,550
-85,90,631,566
-93,98,615,563
-87,106,623,564
-78,105,625,564
-82,88,625,561
-84,129,597,551
-94,78,626,569
-71,125,599,550
-82,127,596,544
-69,115,613,553
-86,130,588,540
-81,121,590,542
-77,102,603,545
-86,119,587,540
-71,137,573,526
-77,114,587,538
-73,133,583,532
-77,141,582,535
-80,116,591,541
-84,98,601,549
-84,138,583,542
-77,137,591,541
-74,121,591,543
-78,119,585,532
-60,143,590,533
-77,112,601,545
-85,113,607,554
-79,147,589,541
-86,114,612,562
-87,126,605,557
-77,131,608,555
-76,147,610,554
-78,136,609,563
-68,129,626,569
-69,130,631,572
-58,138,632,571
-62,137,615,576
-32,149,627,575
-49,135,608,569
-27,184,602,549
-40,158,598,555
-49,139,612,562
-50,130,616,565
-64,122,610,573
-64,142,604,566
-71,134,619,573
-69,143,608,568
-74,144,606,567
-70,162,593,557
-71,125,612,575
-88,163,583,563
-81,150,588,564
-74,165,589,562
-73,169,581,563
-83,181,548,563
-85,175,536,539
-143,173,552,552
-77,169,516,549
-65,175,519,553
-41,179,571,571
-78,-52,567,567
-65,-115,564,564
-75,-60,561,561
-44,43,565,565
-65,155,570,570
172,173,568,568
244,84,562,562
67,137,567,567
158,118,559,559
-31,113,566,566
-42,177,561,561
32,-18,562,562
166,87,566,566
205,116,568,568
320,65,570,570
-25,57,568,568
-63,16,576,576
-64,102,578,578
-59,82,575,575
-36,84,579,579
133,25,586,586
139,55,591,591
29,81,605,605
17,83,609,609
88,74,553,546
150,86,531,525
148,80,535,536
168,99,536,547
166,89,541,552
196,103,527,550
178,93,530,545
173,99,547,568
167,100,551,582
201,117,541,594
214,149,550,605
253,152,561,629
278,162,564,632
238,130,548,609
235,148,530,611
143,103,663,663
220,142,522,606
204,108,535,617
168,123,553,624
209,103,532,613
231,115,507,602
72,128,562,614
-118,124,627,657
-76,89,608,652
-3,81,636,672
100,94,598,665
134,95,581,642
148,124,574,640
168,112,567,646
172,108,565,638
166,120,561,635
168,114,558,620
159,115,564,629
176,117,554,619
165,116,562,628
179,112,557,619
157,112,568,623
115,101,599,644
42,66,631,655
26,67,618,642
48,76,625,641
7,68,630,651
5,64,621,658
27,75,621,658
20,82,631,658
23,74,636,660
29,83,641,664
-11,75,629,660
34,55,620,651
60,51,614,646
45,79,639,659
76,74,629,654
40,87,634,642
65,84,635,651
95,71,619,643
63,75,647,641
48,95,645,643
42,68,644,631
46,79,653,646
46,88,648,637
41,79,656,642
47,89,660,643
14,68,678,650
56,86,670,647
17,95,682,642
21,93,672,637
5,107,671,634
19,94,671,627
61,78,664,639
-3,89,695,641
-5,93,699,647
-43,101,725,648
-15,95,710,643
33,86,703,639
20,88,705,639
19,68,702,643
10,79,705,640
39,79,696,645
-18,84,722,638
9,86,691,636
1,98,702,640
26,91,700,647
28,81,694,637
-44,93,721,638
28,59,688,640
35,83,690,646
-11,79,703,647
16,93,696,649
-34,68,710,654
12,71,698,650
-12,65,701,638
7,76,711,650
21,40,689,642
-26,53,709,651
12,50,702,648
12,32,694,635
6,53,717,645
31,42,694,633
15,68,734,665
54,40,709,669
57,40,709,667
55,51,708,670
102,63,663,623
156,75,652,619
184,79,639,618
132,78,684,635
208,77,625,632
185,81,634,628
149,71,657,643
185,76,627,642
193,91,625,638
190,91,624,638
179,82,631,645
142,71,663,672
174,80,634,648
171,75,634,644
183,68,615,632
166,71,620,638
168,64,627,641
189,77,609,625
153,54,619,643
182,78,620,634
141,46,637,642
175,54,614,621
187,64,607,614
177,68,624,624
196,81,607,610
211,72,603,617
180,64,621,640
145,61,646,652
183,60,619,633
163,67,641,625
137,66,650,627
113,59,662,608
156,68,637,602
223,65,589,597
254,68,558,592
79,75,796,664
169,66,619,620
168,76,630,631
210,76,610,614
292,84,582,606
289,108,595,613
321,92,578,614
331,107,570,609
305,93,585,616
310,121,563,597
305,120,572,602
283,137,575,585
257,144,583,581
297,145,558,571
278,161,572,565
277,144,565,564
248,126,583,572
256,109,594,580
265,110,605,584
275,97,591,578
288,95,586,578
285,84,595,581
298,71,591,589
293,63,589,585
328,68,562,564
298,73,577,560
307,68,570,557
363,71,542,545
355,67,546,542
378,75,529,535
353,71,541,530
353,63,536,533
228,107,617,546
85,110,697,576
122,97,678,577
297,94,574,553
253,107,558,545
274,81,578,565
243,72,590,568
214,78,602,569
-31,104,701,621
-32,60,703,605
2,69,701,614
15,52,694,608
-23,56,712,632
-7,60,708,631
7,55,702,623
1,45,695,617
12,55,692,618
-11,37,707,622
7,59,699,625
13,24,702,635
13,28,704,630
58,42,684,616
24,49,705,655
11,45,714,662
4,38,733,657
23,73,733,669
83,94,702,629
69,123,711,634
106,108,701,626
82,110,721,628
74,99,731,635
75,98,737,638
84,95,727,637
91,108,724,635
85,130,718,645
100,138,708,637
68,113,735,652
86,160,717,624
-3,176,737,632
-38,181,746,623
0,170,742,639
-22,179,747,633
-53,201,750,625
-44,200,754,625
-42,184,750,635
-42,187,744,623
-22,155,744,632
-29,187,736,622
-12,180,734,627
-43,177,733,626
-17,155,736,630
-20,173,738,637
132,141,680,635
240,148,625,605
149,167,669,615
286,149,614,608
263,155,618,610
286,154,603,606
301,122,598,613
303,147,588,603
276,133,591,609
272,140,594,605
262,144,596,607
269,150,587,597
284,124,579,603
261,124,595,609
278,123,580,608
282,89,583,615
258,85,608,623
231,90,622,622
256,100,597,600
257,90,596,594
255,99,606,602
277,83,594,601
298,80,577,592
334,81,551,585
310,75,574,591
312,74,568,583
314,91,564,592
327,94,559,585
320,80,563,589
324,100,573,591
337,94,575,597
323,93,588,602
325,77,588,606
326,85,587,599
320,87,593,610
335,96,583,593
332,82,581,602
328,77,584,601
328,74,578,606
322,67,584,606
302,72,601,614
323,65,582,605
341,76,575,602
314,74,595,617
318,61,593,613
319,49,589,612
312,59,602,618
332,43,591,614
335,53,596,627
302,53,606,622
367,57,567,609
324,59,591,623
326,45,581,623
317,53,577,626
284,54,620,629
297,49,599,622
269,57,638,625
65,95,734,659
6,83,762,661
90,58,741,664
5,72,781,675
-2,71,789,681
6,57,793,687
23,91,788,683
-13,107,791,666
-53,98,806,667
-98,76,815,659
-67,70,808,657
-124,74,819,672
-125,81,816,665
-124,73,822,662
-129,41,804,658
-114,72,832,666
-97,57,829,659
-96,46,825,658
-74,83,788,647
-89,93,764,645
-57,46,761,626
23,80,771,659
20,76,774,662
47,72,771,666
64,64,758,659
81,49,762,661
62,62,773,695
79,72,781,725
78,64,775,708
48,78,801,724
134,84,795,735
61,96,823,730
51,97,810,711
-3,93,822,694
41,95,817,701
17,102,823,699
25,85,842,710
28,89,850,730
3,83,885,737
55,48,840,686
40,78,855,717
29,65,846,675
46,76,839,681
-20,27,845,621
-5,37,847,630
-26,16,849,606
-31,22,856,618
-35,23,864,613
16,87,838,642
7,92,821,622
-12,94,835,638
-19,43,833,622
-8,56,826,625
-28,46,839,625
-18,35,823,609
7,66,829,622
-1,55,824,605
27,58,816,609
20,55,818,619
9,69,824,618
47,57,788,602
52,20,799,606
35,11,823,606
61,12,808,604
36,12,817,605
36,3,817,594
59,5,795,598
68,4,802,591
82,41,791,631
66,2,793,591
73,20,783,627
50,1,787,593
72,15,770,603
64,5,787,588
69,-12,788,559
47,-29,790,549
43,-18,784,558
66,-25,762,539
36,-54,768,521
75,-32,752,526
65,-43,760,532
53,-59,759,532
50,-60,745,522
45,-60,751,514
1,-66,743,525
-0,-78,731,518
11,-91,744,509
-21,-66,727,516
10,-42,723,491
-12,-38,719,477
22,-35,726,466
68,-3,728,477
76,107,752,581
122,136,750,570
129,118,757,583
124,145,758,587
135,148,765,577
126,138,787,600
154,143,776,599
160,152,783,590
136,139,780,606
149,146,786,601
164,100,803,612
163,108,812,617
166,108,812,621
150,85,790,622
139,79,825,650
134,80,804,648
182,122,811,620
164,124,806,610
164,125,815,615
155,131,784,606
124,117,776,618
152,148,771,596
160,123,798,600
156,129,776,596
138,118,798,612
134,117,809,612
103,95,791,618
140,110,782,595
93,140,802,605
90,130,806,597
92,124,811,599
85,124,807,599
86,103,805,602
90,121,810,605
87,101,808,599
95,84,792,585
108,101,788,573
115,92,791,564
108,99,786,562
90,81,782,565
53,63,783,571
12,58,812,567
22,61,802,563
34,63,832,584
48,55,806,570
31,56,805,567
12,44,813,584
-15,26,793,577
-28,30,803,581
-7,23,798,578
-6,18,778,569
-13,18,785,583
-1,23,773,572
24,22,768,576
28,38,777,582
35,38,777,572
27,49,787,586
34,53,789,587
66,47,751,560
41,53,764,566
41,47,769,567
42,37,761,563
13,42,786,574
43,30,770,572
10,42,802,576
19,38,795,585
-14,50,827,589
-5,47,827,598
-24,54,854,618
-48,61,857,614
-47,48,854,618
-51,64,859,625
-82,43,850,615
-63,28,817,608
-49,-12,821,586
-14,-12,802,582
-57,-63,798,566
-22,-50,814,575
-14,-39,783,566
-15,-6,812,569
68,54,840,608
107,96,843,650
71,116,857,653
43,109,888,675
30,108,912,671
27,84,912,673
26,122,905,645
26,111,905,649
61,142,880,622
62,168,874,610
114,196,831,586
110,200,840,586
103,219,836,581
151,231,810,563
137,221,814,570
134,226,823,574
143,211,819,580
156,192,810,580
160,194,810,579
157,196,805,572
194,198,794,572
170,191,809,582
206,173,791,582
183,184,792,573
190,179,798,583
184,185,802,583
179,169,813,597
163,177,817,596
153,154,830,610
171,158,819,608
138,137,844,626
165,146,827,613
155,148,823,616
182,160,785,591
194,187,777,581
190,194,787,584
186,176,779,583
195,187,777,579
140,173,810,598
130,162,808,596
149,186,803,591
144,174,804,591
90,167,834,609
86,173,840,612
122,173,811,599
94,167,825,608
72,162,837,616
74,167,827,614
63,166,834,615
46,181,833,601
41,165,835,609
40,171,840,613
26,167,865,628
22,150,858,632
19,154,857,628
13,152,862,633
19,147,857,629
7,165,863,620
8,177,865,621
20,165,861,616
-27,154,876,622
-3,178,870,613
-43,186,879,610
-3,174,860,611
-8,167,862,615
1,197,852,588
7,200,860,593
13,205,848,587
-8,204,853,589
18,213,851,587
-27,218,838,574
22,251,846,563
15,240,860,580
-8,218,866,596
-18,195,849,602
9,222,845,589
-21,204,858,602
-30,196,878,614
-30,185,875,616
-60,179,889,619
-42,186,889,618
-50,208,897,606
-68,201,904,612
-51,211,901,613
-60,229,917,595
-102,211,915,593
-83,223,907,582
-97,199,901,594
-70,217,884,580
-41,262,882,550
-69,256,880,603
-44,288,861,531
-67,274,860,536
-65,268,865,547
-71,277,860,539
-55,277,853,534
-37,307,829,515
-48,307,814,502
-85,294,806,505
-70,311,805,496
-55,307,781,491
-70,326,772,478
-47,309,767,484
-59,320,757,477
-81,344,749,456
-88,333,744,455
-29,341,730,449
-87,333,738,448
-64,330,732,453
-70,324,733,453
-62,347,732,445
-65,338,736,450
-54,337,720,447
-70,347,719,440
-87,323,709,451
-75,363,704,429
-73,352,702,430
-69,345,718,442
-54,352,704,436
-63,345,704,439
-55,352,691,431
-59,359,684,423
-74,359,687,425
-68,366,683,419
-42,365,671,423
-41,364,676,421
-52,361,696,426
-50,363,678,423
-34,379,673,411
-66,358,673,419
-56,359,682,420
-53,362,683,419
-50,358,687,420
-65,358,690,424
-46,351,689,431
-65,354,690,426
-41,345,684,432
-63,354,692,428
-51,373,681,417
-63,371,689,425
-60,367,686,426
-71,353,685,428
-54,360,688,424
-83,344,690,443
-83,364,694,432
-87,359,695,440
-89,345,696,441
-74,352,687,435
-74,358,677,433
-70,350,681,434
-44,332,685,452
-63,335,683,445
-56,351,680,439
-51,343,688,451
-53,358,672,432
-24,345,687,444
-20,352,667,429
-38,349,661,432
-15,355,659,430
-21,353,655,427
-28,363,628,412
-38,367,657,414
-43,355,686,426
-68,340,667,429
-67,369,669,415
-64,369,663,410
-68,361,654,412
-39,370,651,409
-47,366,667,414
-58,346,661,421
-22,355,651,419
-30,368,644,409
-33,353,640,415
-23,357,641,414
-23,354,643,413
53,366,626,408
15,360,636,416
29,355,637,417
36,336,651,428
87,339,638,423
55,323,657,430
144,332,620,415
134,324,630,421
160,338,622,412
179,328,610,409
130,303,624,424
185,322,612,417
185,317,612,418
147,297,631,432
171,286,636,436
203,287,618,429
185,288,614,426
213,296,620,427
188,266,621,438
201,276,623,431
209,274,629,438
215,262,625,444
174,260,650,454
218,275,651,450
182,259,648,449
196,259,651,456
208,255,644,451
199,246,647,455
194,230,655,475
197,240,657,467
171,245,666,469
193,240,657,468
222,248,625,454
207,237,616,456
233,262,608,447
214,245,612,449
227,238,602,448
267,236,590,443
262,246,584,439
243,230,587,445
216,240,605,448
213,242,595,440
241,245,600,448
217,227,594,445
255,248,582,437
235,229,584,437
222,234,577,434
255,233,557,428
238,247,574,428
239,248,575,429
235,246,560,421
262,246,547,421
254,259,546,413
264,243,543,420
255,244,549,423
203,220,571,435
264,246,550,421
257,236,555,429
251,237,544,421
236,233,556,424
235,242,552,419
231,231,544,416
253,240,539,414
252,238,534,407
232,239,544,415
278,242,534,414
267,256,542,414
244,249,538,409
273,252,526,404
240,242,536,410
262,248,533,403
266,251,538,407
277,257,525,401
291,247,516,401
267,252,516,401
272,280,505,386
280,238,503,396
296,254,493,388
288,268,499,388
264,243,504,400
276,244,508,401
255,240,516,403
291,256,506,399
285,268,503,396
277,252,498,392
263,252,501,397
266,245,493,391
250,246,497,391
259,251,496,387
265,257,490,388
250,255,500,392
276,250,490,389
249,258,486,385
263,255,486,384
209,249,500,392
196,223,513,396
212,237,496,394
216,265,484,384
229,271,481,378
206,260,489,386
181,249,495,390
180,258,502,389
175,267,502,383
161,258,501,384
154,261,503,387
152,261,512,384
128,245,533,395
48,217,523,401
19,202,499,377
32,208,489,374
17,209,505,384
62,194,508,382
78,210,506,382
74,204,499,385
83,218,499,382
78,220,502,383
55,210,501,387
73,233,509,388
35,222,524,400
22,245,532,403
5,253,556,410
-18,256,553,411
-20,263,566,416
-4,278,577,418
-40,232,555,417
-59,201,531,415
-63,194,517,403
-75,176,512,401
-74,167,512,398
-71,154,509,397
-86,125,513,405
-77,91,512,410
-90,49,530,435
-80,14,529,436
-69,27,526,430
-58,3,525,412
-46,4,527,408
-24,4,533,403
-1,-26,541,403
24,-41,543,403
29,-42,554,409
64,-59,539,426
98,-38,514,420
133,-42,515,406
170,-29,511,394
190,-1,491,405
201,10,495,397
224,18,503,400
252,20,459,393
260,24,455,408
264,37,446,405
256,59,444,386
251,61,449,389
248,60,447,393
236,62,444,400
222,83,451,393
202,85,473,400
208,85,462,400
210,84,464,403
198,100,452,385
185,94,455,392
188,91,441,387
188,75,449,398
187,80,438,384
191,85,438,386
193,82,429,388
190,110,439,390
209,114,422,383
212,119,425,389
212,120,431,387
216,111,425,387
227,96,425,400
243,110,421,386
242,116,421,381
255,125,421,380
268,126,398,361
278,116,396,371
284,119,399,363
293,132,412,369
314,104,393,366
302,110,412,360
318,119,380,355
324,124,377,353
327,116,372,353
333,119,361,347
316,120,384,341
314,132,385,339
302,126,385,346
310,131,381,344
319,149,385,330
335,138,388,341
335,150,394,317
358,143,379,311
322,169,396,288
322,176,394,286
292,170,389,307
322,152,368,304
333,150,377,303
369,146,357,305
371,162,376,291
376,165,366,286
377,171,378,286
401,179,363,282
420,173,361,296
417,158,375,297
440,154,371,297
450,154,362,287
475,165,347,271
490,174,354,270
