558,610,127,74
556,608,128,74
555,606,130,74
557,602,125,75
557,599,126,73
558,595,124,70
557,591,127,68
553,586,130,65
557,580,123,64
556,575,124,64
555,569,127,65
558,562,124,66
557,554,125,69
556,548,130,68
557,544,130,68
557,538,130,70
561,537,129,67
562,533,129,67
563,530,130,66
561,526,131,65
560,520,132,67
562,511,131,69
561,502,134,71
565,491,133,70
561,478,132,75
558,467,134,74
555,459,134,72
552,447,137,73
553,435,140,72
546,423,141,71
540,411,145,72
532,400,141,71
541,387,147,71
541,372,144,76
550,361,145,76
562,350,137,74
559,339,138,75
555,332,139,74
564,321,142,74
572,307,142,74
573,301,141,72
586,292,136,72
589,283,133,70
597,270,127,71
594,254,131,73
600,240,129,76
589,229,134,76
594,216,132,77
604,205,137,73
603,183,144,80
616,174,136,79
613,177,140,82
598,165,148,83
595,151,145,82
610,133,133,79
607,133,130,78
609,130,139,83
613,131,129,74
601,119,140,75
600,120,143,69
579,120,138,70
570,123,128,70
574,122,134,71
620,124,124,70
647,124,131,76
664,118,132,77
684,110,120,77
688,112,122,80
678,69,133,78
684,13,113,90
675,22,135,79
689,23,114,90
693,27,114,90
696,37,114,90
699,41,113,88
702,61,112,88
704,67,115,86
704,68,116,88
705,73,120,88
702,83,135,78
707,89,120,88
703,95,122,88
710,118,114,86
708,118,114,87
710,118,114,85
711,125,113,87
713,143,110,86
712,143,109,86
713,153,107,85
710,160,108,85
711,171,107,85
711,184,108,85
713,191,106,84
710,202,107,85
709,211,109,87
710,217,109,86
713,232,108,84
717,240,108,84
718,250,109,85
727,258,107,84
727,259,108,85
733,274,108,84
734,272,110,86
739,282,110,86
741,292,110,85
750,301,109,84
756,305,110,86
762,314,109,86
768,316,110,86
777,321,111,87
784,324,111,87
791,332,112,88
798,338,110,86
808,346,110,86
819,358,109,84
828,367,109,86
838,374,111,87
854,389,112,88
863,397,113,88
878,408,114,89
892,418,114,89
911,439,115,90
926,447,115,90
946,458,116,90
961,469,118,91
980,478,119,91
1002,479,118,91
1020,492,118,88
1045,497,120,90
1063,499,122,90
1087,504,122,91
1113,508,123,92
1139,506,124,93
1159,502,124,95
1166,522,143,82
1181,517,139,80
1209,524,138,80
1213,481,134,78
1143,400,135,78
1053,313,135,78
1066,373,134,78
996,457,132,77
997,497,131,77
1016,523,131,77
1069,523,132,78
1085,530,132,78
1064,574,134,79
998,592,136,80
953,660,137,80
885,680,137,80
913,681,135,79
944,680,135,79
982,681,134,78
1006,681,134,78
1028,681,133,77
1110,681,133,77
1214,682,132,76
1119,682,133,77
1147,682,132,76
1188,682,132,76
1176,682,132,76
1168,682,132,76
1188,683,130,75
1181,683,130,75
1168,683,129,75
1175,682,131,76
1190,682,131,76
1189,683,128,74
1186,683,129,74
1182,683,129,74
1086,683,128,73
1023,684,126,72
927,684,125,72
957,685,123,71
1006,684,124,72
967,685,122,71
890,606,123,72
918,564,121,71
851,506,120,70
775,473,119,70
716,409,119,70
707,337,121,71
725,261,121,71
744,204,120,71
789,179,122,73
784,175,121,73
860,254,121,73
856,209,120,73
847,179,120,73
794,183,119,73
786,161,120,74
776,147,122,75
767,137,122,75
748,110,121,74
738,89,123,75
737,74,120,73
734,58,120,73
726,47,121,74
732,34,122,74
731,22,121,73
741,41,119,72
801,180,118,72
802,167,119,72
840,165,118,71
821,135,118,71
805,99,117,71
804,81,117,71
824,63,116,71
820,66,116,71
827,51,117,72
832,48,118,73
838,49,117,72
842,36,116,71
847,87,116,71
864,38,115,70
866,37,114,69
876,32,117,71
889,30,118,71
909,30,120,72
921,45,119,71
955,32,118,70
946,14,118,70
962,5,121,72
998,22,122,73
1012,21,124,74
1048,32,124,74
1077,50,122,73
1056,19,122,73
1072,19,122,73
1094,70,121,72
1145,62,119,71
1155,96,117,70
1140,48,117,70
1145,23,119,71
1139,8,117,70
1148,21,116,69
1160,25,115,68
1181,49,115,68
1168,44,115,68
1170,56,113,67
1172,68,114,68
1163,81,114,68
1165,91,114,68
1175,107,114,68
1171,123,112,67
1166,141,112,67
1138,129,111,67
1149,153,109,66
1146,171,109,66
1125,160,110,67
1096,161,110,67
1094,171,107,65
1111,195,107,65
1096,200,105,64
1089,200,106,65
1071,195,107,65
1059,200,108,66
1071,227,107,65
1043,220,107,65
1050,229,106,64
1039,248,107,64
1045,261,106,64
1067,292,107,64
1023,279,106,63
1008,272,104,62
1025,299,104,62
999,306,103,62
998,312,104,63
998,325,104,63
1001,352,102,62
1002,374,103,62
995,385,103,62
992,411,103,62
992,435,100,60
1015,474,101,60
1005,494,101,60
987,506,102,61
984,522,101,60
980,556,102,61
980,569,102,61
982,593,102,61
981,621,102,61
970,630,103,62
974,668,104,63
972,672,104,63
1011,660,102,62
1076,679,102,62
1145,679,100,61
1166,677,100,61
1158,690,99,61
1155,690,99,61
1194,619,97,60
1155,653,98,61
1176,634,96,60
1166,643,97,61
1161,654,96,61
1145,648,97,62
1091,637,97,62
1027,521,96,62
988,554,97,62
979,554,95,61
982,556,96,62
969,568,96,62
973,556,95,61
930,570,94,60
946,557,93,60
905,600,92,59
938,547,91,58
911,559,90,57
921,550,90,57
903,555,89,56
876,567,89,56
880,552,90,57
867,561,89,56
849,560,88,56
843,563,89,56
807,579,89,56
819,554,87,55
798,558,88,55
778,559,87,54
722,595,87,54
711,606,88,54
706,604,87,53
708,564,88,53
678,586,88,53
635,621,88,53
626,619,89,54
609,598,89,54
603,616,87,53
593,622,88,54
577,612,88,54
578,587,89,54
551,596,90,55
555,585,91,56
534,584,89,55
521,610,88,55
518,577,89,56
513,576,88,55
505,561,88,55
492,592,88,55
498,562,89,56
475,575,91,57
490,559,91,57
489,549,91,57
489,548,91,57
488,546,90,57
489,545,90,57
487,536,88,56
494,517,88,56
480,531,88,56
481,540,88,56
482,540,86,54
477,530,86,54
484,516,85,53
474,538,85,53
476,545,85,53
485,524,85,53
480,517,85,53
470,528,84,53
471,528,83,52
467,529,83,52
470,529,82,51
467,520,81,50
464,522,81,49
466,524,81,49
477,514,81,49
448,526,83,50
465,520,83,50
456,540,83,50
457,516,84,50
455,513,83,49
465,502,82,48
450,503,82,48
453,513,82,48
443,503,82,48
444,507,82,48
439,509,83,48
435,500,85,49
445,486,87,50
420,498,88,51
403,498,90,52
382,502,90,52
372,494,90,52
359,488,90,52
297,478,90,52
224,477,91,52
235,469,92,52
223,466,92,52
224,467,94,53
190,468,93,52
179,467,95,53
151,472,95,53
121,479,96,53
134,465,97,54
115,483,98,54
97,466,98,54
82,462,99,55
66,473,98,55
62,466,98,55
60,462,99,56
47,480,99,56
32,464,99,57
41,464,102,58
40,460,103,59
30,468,104,60
35,467,105,61
34,477,106,62
39,476,106,62
32,482,107,63
45,488,108,64
53,498,108,64
67,502,109,64
80,511,107,63
90,522,106,63
111,530,108,64
125,543,109,65
153,555,112,66
186,561,113,66
206,573,114,67
218,579,115,68
245,588,113,66
275,595,113,66
294,607,114,67
309,618,114,67
322,625,113,67
334,635,114,67
369,634,114,67
386,642,113,66
419,635,113,66
425,640,112,65
457,641,110,64
530,644,109,64
605,639,107,63
651,650,105,62
675,649,107,63
656,670,107,63
652,670,107,63
639,684,106,63
675,689,103,61
792,690,99,59
799,572,99,58
811,585,98,58
785,601,96,57
815,614,93,55
800,632,90,53
698,693,91,53
652,694,90,52
691,695,88,51
659,695,87,51
720,695,87,51
718,695,87,51
752,695,87,51
718,695,87,51
756,695,87,51
855,695,86,51
894,694,88,52
845,694,88,52
937,694,87,52
909,694,89,53
891,693,91,55
979,693,90,54
957,693,90,54
977,693,92,55
983,692,92,55
1003,692,93,56
1006,692,92,56
999,692,91,55
1051,693,90,54
1049,693,90,54
975,693,91,55
894,692,93,56
883,691,96,58
910,691,96,58
909,692,95,57
904,691,96,58
958,691,98,59
946,690,101,61
936,689,104,63
969,688,105,64
967,688,107,65
914,688,107,65
983,687,108,66
991,687,108,66
973,687,109,67
960,687,108,66
976,688,107,65
984,687,109,66
959,687,110,67
893,686,112,68
888,686,113,68
858,686,114,68
819,686,113,68
897,686,114,69
957,686,113,69
958,686,112,68
965,686,112,68
931,687,111,67
968,686,113,68
900,686,113,68
994,686,114,69
920,686,113,68
875,686,114,69
889,686,113,68
907,686,114,68
900,686,113,68
877,686,112,68
912,685,115,70
881,685,114,70
869,684,117,72
781,684,118,72
908,684,118,72
932,684,118,72
906,683,122,75
859,682,122,75
913,682,123,75
878,682,124,75
971,682,125,76
869,682,125,76
887,683,123,75
865,682,126,77
800,682,125,76
779,682,124,76
901,681,125,77
790,682,123,76
684,671,125,77
786,617,125,77
741,608,122,75
724,585,123,76
714,558,122,76
699,514,122,76
774,478,122,76
724,455,122,76
741,427,123,77
732,396,123,77
644,380,122,76
688,356,122,76
692,357,124,77
692,333,123,77
756,307,121,75
735,307,120,74
746,297,118,73
858,290,117,72
976,289,117,72
914,294,116,72
941,296,117,73
968,298,117,73
937,307,114,71
947,307,113,70
1048,320,113,70
1044,318,112,69
997,319,111,69
890,327,109,68
818,337,107,67
717,335,108,68
724,345,105,66
683,351,106,67
671,350,105,66
677,352,107,67
662,348,107,67
619,366,108,68
625,368,107,67
602,385,105,66
507,422,106,66
535,543,105,66
545,581,103,65
542,549,104,66
540,551,105,66
537,555,104,66
535,539,103,65
537,541,101,64
537,545,102,65
539,536,102,65
540,537,102,65
545,528,103,65
549,530,102,64
542,549,103,64
544,554,103,64
552,521,102,64
558,517,103,65
551,531,103,65
532,633,104,66
539,633,103,65
540,626,103,65
541,617,103,65
543,608,104,66
544,603,104,66
542,595,102,65
538,593,103,66
546,581,102,65
551,568,102,65
559,571,102,65
564,577,104,66
565,563,103,66
572,556,102,65
585,558,100,64
587,546,100,64
594,537,100,64
585,484,101,65
602,505,101,65
598,476,101,65
609,474,100,65
610,464,99,65
612,438,100,66
609,415,100,66
624,433,99,66
618,412,99,66
625,400,98,65
636,428,97,64
641,421,96,64
631,390,96,64
622,371,96,64
626,349,98,65
631,351,99,66
645,355,101,67
650,361,102,68
664,395,103,68
659,381,101,67
655,363,100,66
663,341,99,65
667,340,100,66
673,351,100,66
683,347,98,65
683,348,98,65
697,373,98,65
697,370,98,65
708,386,97,64
710,367,95,63
718,384,95,63
724,383,95,63
718,354,95,63
734,364,96,64
725,336,98,65
733,353,98,65
722,328,98,65
753,371,98,65
763,387,98,65
763,371,96,64
781,395,95,63
781,361,95,63
782,350,95,63
794,350,96,64
808,364,96,64
826,407,96,64
828,370,96,64
829,338,96,64
848,379,95,63
850,386,96,63
859,352,96,63
871,390,98,64
882,394,97,63
884,398,97,63
890,388,97,63
901,429,97,63
906,449,98,64
904,438,98,64
896,392,97,63
901,411,98,64
908,428,96,63
908,449,97,64
915,455,97,64
899,444,98,64
910,472,97,63
898,465,97,63
896,445,96,62
895,487,95,62
894,490,95,62
885,484,95,62
884,502,94,61
884,513,94,61
880,522,94,61
882,528,93,60
875,543,93,60
873,547,93,60
873,537,92,60
865,548,94,61
873,560,95,62
879,587,94,61
872,583,94,61
866,568,94,61
869,595,95,62
879,625,96,62
882,609,95,61
882,619,95,61
901,644,94,60
898,630,93,59
903,637,95,60
891,587,95,60
895,591,95,60
895,576,95,60
905,580,97,61
905,587,98,61
920,590,99,62
914,601,100,63
929,602,98,62
935,603,97,62
939,613,99,63
941,626,98,62
954,617,99,62
954,624,100,63
967,632,101,64
962,631,102,65
961,637,102,65
967,643,101,64
966,640,100,64
969,642,101,64
977,646,103,65
977,645,102,65
969,650,102,65
976,649,103,66
969,658,102,65
975,661,103,66
981,668,102,66
961,668,103,67
947,642,104,68
966,520,104,68
951,514,106,69
957,523,106,69
952,528,105,69
954,525,105,69
950,534,107,70
948,558,107,70
936,530,107,70
939,539,106,70
937,569,106,70
929,533,107,70
926,537,108,70
919,539,107,69
911,538,108,70
911,530,108,70
908,539,108,70
897,542,109,70
892,537,109,70
888,526,110,70
883,537,109,69
879,537,109,69
876,539,111,70
863,543,112,71
859,531,111,70
851,533,111,70
840,533,110,69
830,534,111,70
818,524,112,70
807,520,114,71
800,546,112,70
788,530,111,70
772,507,111,70
757,518,109,69
745,513,109,69
729,504,107,68
714,507,107,68
699,498,109,69
681,501,109,69
669,515,108,68
656,531,106,67
629,563,107,67
604,622,107,67
582,649,108,68
568,649,107,67
555,652,108,67
538,650,107,67
526,650,106,66
512,646,105,66
503,624,104,65
492,616,104,65
474,610,104,65
458,643,104,65
445,646,103,64
431,642,103,64
422,649,103,64
409,643,104,65
403,650,104,65
385,652,103,64
373,654,101,63
366,659,100,62
360,640,101,63
355,638,101,63
346,615,101,63
351,582,102,64
344,559,102,64
348,533,103,64
336,524,101,63
322,533,99,62
320,534,99,62
299,540,100,62
292,542,100,62
276,569,100,62
265,571,101,63
258,542,100,62
250,545,101,63
238,553,101,63
228,571,101,63
221,562,100,63
211,569,99,62
202,570,100,63
189,573,100,63
180,575,99,62
176,570,99,62
164,575,102,64
151,575,103,65
145,572,102,65
139,577,105,67
128,574,107,69
121,569,107,69
110,581,107,69
101,576,108,70
86,571,107,69
78,578,109,70
69,579,110,71
55,579,111,72
42,575,110,71
19,572,111,72
8,559,111,72
-3,561,112,73
-8,559,112,73
131,584,113,74
159,573,112,73
156,589,113,73
131,598,111,72
100,559,111,72
93,554,111,72
83,549,112,72
69,560,113,72
47,545,115,73
30,555,115,73
32,570,115,73
49,548,115,73
42,548,114,72
56,578,113,71
38,554,111,70
47,585,113,71
45,583,113,71
47,572,110,69
122,597,110,69
158,583,110,69
108,563,111,70
95,592,110,69
94,578,111,70
101,558,111,70
105,588,110,70
57,600,111,70
45,592,112,71
79,561,110,70
72,571,111,71
64,562,109,70
24,545,108,70
7,541,108,70
-5,545,107,69
18,550,106,69
24,532,107,70
63,523,105,69
90,606,104,68
99,634,104,68
72,644,104,68
24,671,103,67
44,656,101,66
61,645,100,66
83,638,100,66
83,642,98,64
81,641,98,64
75,644,99,64
72,643,99,64
93,646,100,65
87,644,100,65
86,645,100,65
90,647,98,64
91,645,97,63
97,651,98,63
105,648,99,64
118,649,99,64
118,653,99,64
126,654,99,64
61,616,99,64
-4,567,100,64
4,550,101,64
8,619,99,63
31,581,100,63
48,579,101,64
45,606,102,65
63,602,102,65
88,590,105,67
82,620,104,66
115,583,104,66
118,619,106,67
115,611,105,67
151,630,103,66
187,597,102,66
188,625,104,67
173,616,104,67
118,593,103,67
68,568,104,67
104,563,105,68
112,568,105,68
141,563,105,68
173,564,105,68
200,569,105,68
225,574,106,69
255,571,106,69
273,573,109,71
308,569,107,70
343,574,108,70
375,568,108,70
389,569,109,71
419,567,107,70
449,572,107,70
464,573,107,70
489,569,106,69
519,571,105,68
542,571,106,68
557,580,106,68
574,583,105,68
611,573,106,69
602,576,107,70
626,581,108,70
624,578,108,70
644,577,109,71
653,582,107,70
677,583,108,71
674,578,109,72
680,582,109,72
677,583,109,72
683,585,110,72
686,580,109,72
686,583,107,70
697,588,106,69
686,579,107,70
687,578,108,71
684,571,108,71
681,576,108,71
680,573,108,71
674,575,108,71
665,580,108,71
669,584,109,72
660,573,111,73
648,571,113,74
641,575,113,74
630,581,112,73
619,586,112,73
616,567,112,73
611,571,113,73
597,577,113,73
585,586,113,73
580,565,112,72
551,573,111,71
547,563,113,72
550,559,114,73
526,558,112,72
520,574,111,71
513,561,111,71
488,559,109,70
495,571,108,69
490,567,109,70
479,554,107,69
471,552,107,69
461,552,108,69
463,569,109,70
448,555,109,70
451,556,108,69
445,552,110,70
447,573,107,69
456,555,105,68
446,551,106,69
448,561,105,68
452,558,104,67
448,553,104,67
455,548,104,67
452,568,105,68
465,555,106,68
467,552,105,68
464,564,105,68
457,563,103,67
468,569,103,67
467,558,104,67
465,544,103,66
481,548,104,66
476,545,102,65
491,551,102,65
470,550,100,64
478,572,102,65
476,548,102,65
478,551,102,65
483,548,103,66
492,586,103,66
480,560,102,65
486,553,103,65
482,554,103,65
484,554,104,65
485,555,104,65
500,570,104,65
488,563,105,66
497,582,105,66
497,575,104,65
501,590,105,66
512,595,106,66
507,587,106,66
512,592,106,66
518,602,108,67
529,611,107,67
539,620,108,67
542,624,108,66
549,630,110,67
553,627,112,68
567,634,109,66
554,637,109,66
578,634,109,66
595,642,109,66
637,637,108,65
725,636,109,65
742,637,109,65
738,634,109,65
757,643,109,65
745,638,110,66
757,645,111,66
780,645,110,65
795,637,109,64
790,642,108,64
791,641,109,64
831,656,107,63
845,645,107,63
837,648,105,62
824,648,107,63
855,649,107,63
909,644,106,63
896,644,106,63
930,643,107,64
932,645,106,64
945,645,106,64
942,644,106,64
982,640,106,64
974,640,107,65
1011,631,107,65
1021,632,106,64
1022,625,106,65
1016,627,106,65
1015,633,104,64
1044,627,103,64
1049,626,101,63
1058,614,98,61
1039,620,99,62
1044,609,98,61
1009,594,97,60
1042,570,95,59
1001,572,94,59
1006,541,95,60
990,520,96,60
975,512,97,61
949,482,97,61
967,515,96,60
996,548,96,60
994,549,97,61
1010,576,97,61
1029,591,96,61
1023,574,96,61
1010,543,96,61
994,496,96,61
981,451,96,61
974,429,96,61
967,367,96,61
971,353,95,60
940,298,96,60
969,261,94,59
955,201,93,59
960,161,94,59
987,165,93,58
992,101,93,58
996,92,93,58
1001,64,94,58
1004,67,92,56
1014,44,93,57
1007,40,94,58
1027,50,94,58
1046,88,93,57
1053,85,94,57
1067,77,96,58
1056,37,96,58
1058,22,95,57
1079,43,96,58
1079,27,98,59
1094,17,98,59
1113,-9,97,58
1111,20,98,59
1171,54,97,59
1182,39,97,59
1193,17,96,58
1201,-0,98,59
1170,-1,98,59
1166,5,99,59
1154,-2,98,58
1097,37,100,59
1024,86,101,59
992,68,98,57
933,42,98,57
949,30,97,56
979,29,98,57
1011,33,97,56
1011,24,97,56
1020,41,97,56
988,60,98,57
943,80,99,57
974,85,99,57
1017,90,99,57
1018,82,100,58
1035,90,100,58
1081,123,101,58
1187,132,102,58
1190,125,103,58
1189,162,103,58
1192,234,102,58
1197,210,100,57
1185,237,99,56
1196,244,99,56
1198,255,98,55
1191,276,99,56
1197,289,100,57
1199,314,100,57
1201,319,100,57
1197,336,97,56
1196,384,95,55
1198,395,95,55
1204,454,94,54
1193,449,96,55
1188,449,96,55
1196,441,97,56
1198,431,97,56
1202,437,95,55
1198,433,94,55
1196,506,93,55
1200,569,95,56
1196,587,95,56
1193,623,94,55
1200,646,94,55
1194,625,95,56
1197,629,94,56
1200,636,93,56
1197,595,94,57
1194,613,93,57
1200,625,92,56
1200,625,92,56
1196,636,92,56
1202,617,90,55
1205,614,89,55
1198,608,88,54
1203,650,90,55
1203,628,89,55
1203,609,90,55
1198,590,90,55
1202,600,89,55
1195,622,89,55
1203,600,87,53
1204,567,86,52
1206,571,85,51
1205,568,85,51
1205,570,86,51
1205,564,84,50
1209,527,84,50
1209,512,83,49
1211,528,82,49
1210,536,82,49
1211,549,83,50
1208,555,84,50
1201,541,85,51
1211,570,83,50
1203,605,83,50
1210,587,83,50
1207,620,84,51
1204,665,85,52
1206,667,87,53
1205,670,86,53
1208,658,85,52
1207,652,84,51
1208,642,84,51
1206,663,84,51
1210,637,84,51
1203,652,83,51
1201,656,83,51
1204,635,84,52
1207,623,83,51
1208,630,83,51
1207,624,83,51
1207,648,82,51
1209,630,82,51
1208,626,80,50
1206,620,80,50
1205,627,80,50
1200,602,80,50
1213,593,81,51
1206,596,82,51
1192,548,82,51
1208,561,83,52
1202,600,84,53
1203,600,84,53
1204,592,86,54
1169,655,86,54
1161,633,86,54
1185,636,86,54
1167,643,85,53
1128,665,84,53
1042,658,83,52
1031,659,84,53
990,672,85,53
1019,664,85,53
1006,668,86,54
959,650,87,55
1033,571,86,55
1018,539,86,55
1007,543,86,55
995,550,86,55
975,536,87,56
969,538,87,56
942,519,87,56
932,521,85,55
925,545,84,54
922,539,83,54
897,559,83,54
877,539,82,53
867,543,81,52
862,554,80,52
855,543,80,52
842,548,78,51
835,557,79,51
831,553,79,51
824,546,79,51
810,548,78,50
813,553,77,49
812,574,76,49
808,557,77,49
808,584,77,49
804,582,77,49
810,590,76,49
809,619,75,48
808,621,76,48
824,639,75,48
820,618,75,48
821,627,73,47
835,638,73,47
829,647,73,47
835,651,73,47
847,657,73,47
852,659,73,47
854,666,73,47
853,668,72,47
855,670,72,47
874,676,73,47
883,678,73,47
886,678,72,47
899,675,71,46
906,675,72,46
911,673,72,46
915,671,74,47
919,678,75,46
930,670,76,47
936,669,73,46
945,667,71,45
950,665,67,44
954,662,67,43
956,659,68,43
956,658,67,42
953,655,66,42
952,655,65,42
951,652,66,42
948,650,66,42
948,650,65,42
946,650,65,41
943,651,63,40
940,651,63,41
941,652,62,40
942,650,61,40
943,648,61,41
942,650,58,39
943,649,59,39
943,648,58,40
947,649,58,39
947,645,58,39
948,645,59,40
948,642,60,39
949,640,60,39
951,638,58,39
953,635,58,38
954,632,58,38
955,628,57,38
954,626,56,38
953,622,57,40
951,619,58,40
949,615,60,40
946,610,60,40
941,607,60,40
941,600,60,40
942,597,61,40
937,593,60,40
934,588,60,40
929,586,61,40
924,581,60,40
921,575,62,40
918,572,61,40
913,568,63,41
910,564,63,41
903,561,64,42
902,558,63,41
899,555,62,40
896,551,62,40
894,548,60,40
892,544,60,40
890,542,60,40
889,538,58,39
887,536,58,39
884,533,57,39
881,529,57,39
878,525,58,40
876,522,58,39
871,519,58,39
868,518,56,39
865,515,56,38
862,513,56,38
857,510,56,38
853,506,56,38
849,501,56,38
844,498,57,38
837,492,57,39
830,488,55,38
825,483,55,37
815,477,55,37
805,472,55,37
796,465,55,37
786,457,55,37
778,449,56,37
767,441,56,37
756,431,56,37
749,422,55,37
742,414,55,36
733,405,56,37
728,396,57,37
721,391,56,38
718,381,57,37
715,374,56,37
713,367,56,38
709,359,56,37
707,352,57,38
708,345,57,38
706,337,57,37
705,330,58,38
706,321,58,37
707,314,59,38
708,306,58,38
709,298,59,37
710,293,59,37
714,286,60,37
717,280,61,38
718,274,62,38
724,269,62,39
726,266,61,38
729,262,62,38
732,257,62,38
735,253,62,37
736,248,62,38
741,243,63,37
745,239,64,38
748,234,64,37
751,231,66,39
756,227,66,39
757,223,66,39
759,220,65,38
762,217,65,38
765,215,65,38
768,213,63,38
771,212,64,39
771,211,62,38
776,208,62,38
773,207,62,38
775,207,61,39
775,205,62,39
775,205,63,40
774,204,62,39
776,205,61,39
775,206,60,39
776,203,61,39
775,202,61,39
777,202,62,39
776,201,62,39
776,201,63,39
778,202,62,39
777,203,63,40
779,205,63,39
779,207,62,39
780,209,62,39
780,212,62,39
781,214,63,40
781,216,63,39
780,218,63,39
778,219,63,39
776,222,64,39
772,224,63,39
772,225,65,39
766,227,67,39
763,229,70,39
762,231,69,38
754,234,65,36
756,235,63,38
743,240,63,39
732,243,66,40
724,248,65,38
718,251,65,40
705,255,64,40
698,259,65,40
691,262,66,40
680,267,65,39
668,271,64,39
659,276,62,40
650,280,62,39
639,285,62,39
630,290,61,38
621,295,62,39
612,299,62,39
602,305,62,38
597,308,64,39
588,314,63,39
583,317,63,38
576,322,60,37
572,324,60,37
566,329,59,37
560,330,60,37
555,333,60,37
551,333,60,37
550,333,63,38
544,335,63,38
542,335,63,39
541,336,64,39
538,338,64,39
536,337,64,39
537,337,66,39
533,338,65,39
534,339,66,39
536,339,65,38
536,340,65,38
537,340,66,38
536,342,66,38
537,344,65,37
540,346,64,36
539,348,65,37
542,349,64,36
541,352,64,37
543,352,65,37
545,352,65,37
544,354,65,37
545,354,66,37
546,354,66,37
548,355,66,37
548,356,65,37
548,356,66,37
548,356,66,37
550,356,66,37
549,358,65,37
548,357,66,38
547,358,64,37
546,359,65,38
545,358,65,38
541,359,64,38
540,359,64,37
537,359,64,38
534,360,63,38
528,361,63,37
526,362,63,38
521,363,63,37
514,365,63,38
509,366,64,38
504,368,63,38
495,370,63,38
491,371,62,37
482,371,62,37
476,371,64,39
467,371,63,38
458,370,64,39
447,370,64,38
437,370,63,39
422,367,63,39
413,365,63,39
402,362,63,39
390,359,63,39
378,357,63,39
368,356,63,38
357,354,63,39
349,353,64,39
341,353,65,39
333,353,66,41
329,353,65,40
324,353,65,40
316,353,65,40
311,352,65,41
308,351,65,40
307,350,64,41
301,351,63,40
299,350,63,40
295,349,65,42
293,349,65,42
289,350,65,42
285,350,66,42
281,351,66,42
278,354,62,41
277,354,64,41
275,356,63,41
273,356,62,41
272,356,62,40
269,356,61,40
268,357,62,41
266,357,63,41
266,358,65,42
266,360,64,42
267,360,62,40
268,360,61,40
267,359,62,40
268,358,62,41
270,357,61,40
269,356,62,40
269,354,64,41
269,353,64,41
269,352,65,40
268,352,65,40
271,352,65,41
267,351,64,40
265,352,65,41
262,353,66,41
264,353,65,41
260,354,66,42
257,354,66,42
253,356,66,42
252,356,67,43
248,356,67,42
248,356,67,42
244,355,68,43
246,352,69,43
239,352,69,43
238,351,69,43
237,350,69,43
234,350,68,43
231,348,67,43
229,346,69,44
226,346,68,44
223,344,70,44
221,343,70,45
217,342,69,44
213,341,68,45
210,341,68,44
204,341,66,43
202,340,66,42
197,340,65,42
192,339,64,43
183,338,64,42
181,338,65,42
178,336,64,41
172,335,66,41
171,335,65,41
162,335,66,42
162,334,66,42
157,335,66,43
153,335,64,42
148,336,65,42
140,336,65,43
138,336,63,42
135,337,62,41
130,338,62,42
124,338,63,41
116,341,64,42
110,342,64,42
101,344,64,42
93,347,64,42
81,349,64,42
75,351,65,42
69,353,64,41
61,355,64,41
50,358,65,42
46,359,65,41
37,362,64,41
30,365,63,41
18,368,63,41
2,372,62,41
-1,374,64,41
-9,378,64,43
-8,381,63,41
-9,386,62,43
-8,389,61,42
-14,392,62,41
-13,391,62,41
7,397,63,41
-1,404,62,40
-0,403,62,40
-3,402,62,40
-5,410,62,40
-2,435,62,40
-2,435,61,40
-4,426,62,41
-1,390,62,41
34,401,62,41
74,383,62,41
53,364,61,40
36,331,61,40
17,299,61,40
0,309,60,39
0,314,60,39
-1,314,60,39
-0,315,60,39
-8,330,61,39
-9,334,62,39
-2,357,62,39
-6,362,61,39
-6,382,60,39
-8,395,60,39
-3,416,61,40
-4,439,61,40
-4,457,60,40
-3,478,61,40
-3,502,61,40
-7,512,59,39
-8,541,59,39
-3,556,60,40
38,583,59,40
73,594,59,40
98,572,58,40
86,585,58,40
68,595,59,40
83,603,58,40
75,639,58,40
97,663,58,40
98,676,59,41
92,678,59,41
79,684,59,41
67,685,58,40
53,690,58,40
34,672,59,41
37,679,59,41
14,672,59,41
-11,659,58,40
-7,697,58,40
-10,690,58,40
-13,696,58,40
-16,694,58,40
-27,701,56,38
-27,701,55,38
9,701,55,38
5,691,55,38
3,687,56,38
-9,687,57,39
-8,678,57,39
-28,700,57,39
-24,690,55,38
46,701,55,38
37,690,56,38
39,676,56,38
39,653,57,38
38,636,57,38
30,614,57,38
32,597,56,37
46,588,56,37
43,578,55,36
37,554,55,36
44,535,55,36
47,517,55,36
58,500,54,36
38,471,54,36
13,422,55,37
9,404,55,37
16,398,54,37
19,393,54,37
26,391,54,37
24,392,54,37
21,396,55,37
21,402,55,37
23,411,55,37
38,367,55,37
23,326,56,37
18,305,56,37
9,304,57,38
57,311,58,39
75,299,59,39
112,294,60,40
119,288,61,40
146,297,62,41
138,298,64,42
157,289,64,42
160,292,65,43
168,299,66,43
181,293,66,43
208,334,66,43
247,333,66,43
261,347,66,43
283,336,66,43
237,349,66,43
248,364,66,43
254,364,67,44
252,360,67,44
251,342,67,44
256,357,68,44
250,341,68,44
249,325,67,43
247,326,66,43
252,359,67,44
244,342,67,44
246,360,68,44
243,355,68,44
240,356,68,44
229,356,69,45
227,358,69,45
219,355,69,45
213,339,71,46
199,337,72,47
195,337,72,47
189,353,71,46
180,354,71,46
175,336,72,46
174,348,72,46
169,351,72,46
157,350,72,46
137,317,73,47
141,351,73,47
131,346,73,47
119,330,73,47
118,343,73,47
108,341,72,47
93,326,72,47
99,324,72,47
85,341,71,47
81,320,72,48
77,334,72,48
65,304,73,48
68,320,73,48
54,312,74,49
62,328,76,50
62,326,76,50
57,320,78,51
51,321,79,52
38,270,81,53
42,304,80,52
43,300,79,51
49,313,81,52
46,320,82,53
35,297,83,53
46,318,84,54
39,301,84,54
