766,442,90,187
762,444,92,188
757,447,97,190
751,450,94,185
744,451,92,185
738,453,91,186
731,459,86,182
727,460,88,183
720,460,89,185
719,454,90,192
717,448,97,189
728,449,98,190
744,445,100,191
758,439,95,185
769,435,94,187
775,429,93,187
781,425,92,185
784,422,100,189
796,417,101,192
810,420,89,184
800,417,102,191
798,414,106,192
790,409,105,192
776,406,106,188
763,402,101,184
756,402,88,185
737,405,93,182
727,406,90,181
717,404,92,181
710,406,94,178
709,404,94,175
709,405,97,182
709,408,99,178
708,406,101,175
711,410,101,178
708,413,101,177
706,411,104,173
706,413,104,174
707,412,107,175
712,414,107,173
713,411,110,177
716,413,113,176
723,414,110,174
730,418,111,169
739,416,107,170
746,417,102,167
744,415,108,172
752,418,102,168
754,419,102,168
756,421,103,166
758,420,107,169
760,422,108,169
767,425,103,166
769,425,104,167
771,426,103,167
772,428,106,169
775,429,104,167
773,429,106,167
776,430,105,167
775,430,108,169
777,431,106,168
777,432,106,167
776,433,108,168
775,436,109,168
776,436,110,168
775,437,109,168
776,437,108,167
772,437,111,169
772,434,112,170
768,433,114,175
769,435,113,172
770,433,114,173
769,430,116,179
771,433,115,174
771,430,116,176
773,432,115,177
771,433,116,177
771,432,115,178
771,433,115,180
769,432,115,181
770,431,113,182
772,433,114,180
770,433,115,181
771,434,114,178
771,438,114,179
776,438,114,182
776,440,114,183
777,442,114,184
780,443,111,182
776,445,114,185
776,446,114,183
777,442,114,185
772,444,115,189
768,439,116,192
778,444,113,184
771,443,115,189
767,441,116,194
772,446,115,187
768,442,117,192
772,442,114,189
771,446,116,189
769,445,117,192
775,449,116,187
771,450,116,187
770,450,114,189
776,455,114,184
774,453,114,187
776,455,113,184
776,455,113,183
771,454,116,190
775,452,114,187
772,457,114,184
777,462,111,178
775,463,113,180
777,463,113,179
774,460,113,181
777,463,112,177
769,463,115,184
776,465,113,177
772,465,115,183
774,465,113,179
774,466,112,178
770,465,114,181
772,465,113,182
773,472,114,178
773,470,115,179
773,471,114,178
772,470,115,180
774,474,113,177
774,475,112,176
771,471,114,180
769,476,114,178
769,478,114,179
767,477,117,180
770,479,114,178
770,479,116,176
770,477,116,178
768,477,117,177
767,479,116,177
770,479,113,176
769,476,116,183
771,476,116,180
769,480,116,180
773,477,115,178
773,480,117,178
777,479,115,177
779,479,113,176
777,477,115,179
779,478,116,179
787,480,109,176
788,481,108,173
786,479,111,177
786,478,112,178
790,479,108,178
792,480,104,176
788,479,107,175
787,479,111,178
790,476,110,178
794,478,107,177
794,476,108,178
789,476,113,179
796,476,106,176
796,477,108,176
797,479,105,173
799,478,104,177
795,479,105,178
789,476,109,180
787,475,112,182
791,473,109,184
784,467,117,191
783,466,117,194
785,466,114,192
780,463,117,193
783,465,112,189
785,463,113,189
783,455,115,198
784,455,112,196
782,451,112,201
781,450,111,198
785,454,106,192
786,452,105,196
788,450,105,197
787,445,107,200
785,445,107,202
785,443,106,200
785,441,106,202
786,442,103,202
790,444,100,196
792,444,99,198
789,444,101,197
785,444,101,193
785,442,96,195
784,445,100,192
793,444,96,192
793,438,98,203
791,439,98,200
790,439,97,200
790,440,95,200
790,439,96,199
793,441,92,195
794,438,94,199
794,441,90,194
790,437,93,201
790,437,93,199
794,440,90,196
794,436,93,201
791,434,95,200
792,433,95,203
795,435,91,198
795,433,96,202
794,434,93,199
793,432,94,200
791,434,93,201
791,433,94,202
792,434,95,203
792,434,94,202
790,434,96,202
788,433,97,202
790,434,95,203
790,432,98,204
789,431,98,204
788,431,98,203
790,434,98,203
791,434,99,202
790,435,100,201
790,435,100,202
790,435,100,201
794,439,98,195
796,438,99,198
796,437,101,199
796,437,101,201
798,437,101,199
799,436,102,201
799,438,103,201
799,436,104,202
800,436,102,202
800,435,104,204
801,436,102,202
801,434,103,203
802,435,103,204
802,434,103,204
803,433,103,203
803,433,103,204
802,434,102,202
802,434,102,204
801,435,103,203
802,435,103,203
801,435,105,203
800,434,107,201
799,435,108,199
797,438,109,195
795,438,111,195
794,438,113,197
792,437,114,197
793,438,114,197
793,437,116,196
792,436,118,197
791,437,116,195
789,437,118,199
794,438,117,195
795,437,117,193
795,439,116,190
794,439,116,189
794,440,116,190
799,442,111,186
796,442,114,187
797,442,114,186
805,444,107,181
805,444,107,178
805,443,106,179
805,447,105,176
804,448,108,175
804,447,107,174
805,450,106,171
804,452,107,172
803,448,108,172
800,448,109,173
799,450,109,171
805,452,105,170
807,451,104,167
803,450,106,168
798,449,110,170
798,447,111,170
799,451,108,170
797,449,111,172
796,449,112,171
798,449,111,170
796,447,112,169
797,447,111,170
795,444,114,175
797,444,112,176
794,436,115,188
791,434,116,195
790,431,116,195
785,434,117,196
785,432,116,194
787,427,115,195
783,433,116,194
782,432,116,195
779,429,117,196
781,421,114,198
778,426,116,200
777,432,118,199
782,434,118,200
786,419,114,250
776,435,119,196
782,427,115,196
778,436,115,192
783,437,117,189
778,435,120,190
777,433,122,192
779,434,122,189
781,437,124,187
777,435,124,190
778,437,124,187
777,439,126,190
776,436,122,190
778,440,122,185
773,438,122,189
774,440,121,189
770,440,122,192
770,437,121,192
773,439,120,190
773,440,120,191
777,436,120,188
772,435,121,193
777,440,118,189
770,436,121,194
773,438,119,190
771,433,120,195
775,435,118,189
773,437,118,188
773,437,118,192
773,432,117,197
773,427,116,202
779,418,113,205
781,404,117,259
754,406,117,259
783,390,118,260
760,391,118,260
757,391,120,264
646,405,121,266
601,407,120,263
589,423,120,263
591,420,118,259
581,401,119,261
564,420,119,260
571,423,118,258
591,420,116,255
583,411,117,257
602,407,116,256
599,405,117,258
586,408,118,261
588,413,118,260
586,412,117,259
579,406,117,260
586,406,116,258
578,412,116,259
596,417,116,258
589,415,116,258
599,408,116,257
578,420,117,260
583,405,115,256
590,408,115,255
584,410,115,255
598,412,115,256
556,416,116,257
589,411,117,258
600,413,118,261
763,430,119,264
842,434,119,263
878,427,118,260
842,417,118,261
806,431,117,258
908,458,115,255
833,416,114,254
747,399,115,257
708,412,115,257
669,399,113,252
628,407,114,255
652,415,114,255
632,410,113,251
719,418,113,252
697,420,110,246
597,405,110,247
622,402,110,247
706,399,111,248
670,420,110,245
794,384,111,246
794,391,110,243
790,397,109,241
776,383,110,244
697,426,111,246
670,376,110,244
588,398,111,247
590,421,109,243
645,426,110,246
650,425,110,245
673,418,110,245
700,445,109,243
673,421,110,245
638,423,111,246
582,400,110,245
681,416,111,247
711,405,114,253
821,442,114,252
807,438,115,255
777,435,116,257
755,417,116,257
807,422,116,257
720,406,115,255
766,413,115,255
817,439,116,257
851,432,115,256
706,400,114,254
838,371,116,258
841,437,118,263
923,456,117,260
808,412,118,263
800,412,119,265
796,428,118,263
802,410,119,264
803,432,117,260
803,418,116,257
797,422,116,258
800,426,117,260
797,418,117,261
857,348,117,263
805,419,118,265
804,443,117,262
804,408,116,261
822,394,117,263
807,402,118,265
797,425,118,264
802,428,119,266
798,420,121,271
826,370,120,269
777,409,119,267
799,410,118,265
795,406,119,267
799,363,121,270
804,422,121,270
804,396,120,269
801,427,121,272
786,416,122,273
788,394,122,272
793,415,121,271
790,392,121,272
798,433,119,267
789,422,116,261
802,403,116,260
803,404,116,259
833,368,117,260
824,374,115,256
802,408,114,253
803,428,115,256
804,405,117,261
801,405,118,262
803,404,117,260
804,425,116,259
823,374,117,260
797,396,119,265
799,411,120,266
802,421,121,267
761,404,121,266
794,422,122,269
797,410,120,264
796,420,119,261
773,405,118,258
820,407,119,260
828,392,119,261
823,396,120,264
817,394,117,257
887,315,118,258
887,321,117,256
887,293,120,263
851,354,119,261
856,346,119,260
860,352,118,259
841,386,118,260
846,391,118,260
833,400,119,261
835,387,117,257
626,393,117,256
751,382,116,253
788,403,115,251
665,401,114,250
708,358,115,252
755,373,113,247
796,363,112,245
703,392,113,248
802,352,114,250
732,362,117,257
680,372,118,259
796,385,120,264
790,360,121,266
777,384,119,262
742,353,121,266
677,367,124,272
630,386,124,271
680,357,125,274
708,374,126,276
755,373,124,271
802,375,123,270
806,368,124,272
753,400,128,219
762,407,125,204
763,407,124,204
776,410,119,192
770,407,119,193
770,406,121,196
769,414,119,190
768,409,120,191
775,417,114,183
771,416,117,187
772,415,117,186
769,416,119,184
773,418,115,181
775,419,114,180
776,423,112,179
777,423,111,176
776,424,112,178
775,421,113,178
772,420,116,181
772,420,116,181
775,421,115,181
773,422,115,182
773,421,116,181
775,423,114,179
776,421,115,181
775,419,117,182
776,422,115,180
774,420,116,183
775,423,116,178
777,424,114,176
778,424,114,177
780,424,113,178
780,423,113,177
779,424,113,177
782,426,112,178
786,425,111,178
781,424,115,178
781,423,115,180
785,424,112,181
785,423,113,181
786,424,112,180
785,425,113,178
788,426,109,175
787,424,110,177
788,424,109,178
784,423,112,177
787,426,108,178
786,427,108,175
788,427,107,174
786,425,109,175
793,426,104,173
793,426,104,171
789,426,106,170
790,427,104,171
793,428,102,170
789,426,104,169
787,426,104,169
787,424,103,171
791,425,100,169
790,424,100,169
788,426,101,167
789,425,101,168
791,423,100,168
787,420,103,170
782,416,104,172
783,417,102,172
781,412,103,177
773,411,108,185
774,399,103,224
759,407,103,224
754,402,101,220
752,407,100,218
745,409,98,214
749,411,97,212
737,404,96,210
819,334,98,214
882,319,99,215
922,262,97,212
940,264,96,210
937,262,95,207
925,302,95,207
940,264,94,205
935,252,95,207
889,326,94,205
868,360,95,207
807,380,94,204
768,412,96,207
772,406,96,208
778,394,96,208
771,405,107,184
766,399,111,187
769,403,110,187
769,400,111,190
769,401,110,189
770,399,111,193
772,402,113,191
771,401,112,194
772,399,111,197
771,396,111,200
774,399,109,196
775,398,109,196
776,397,108,198
775,396,108,200
775,396,106,201
774,395,105,204
775,395,105,202
775,393,105,201
777,393,103,201
777,395,102,201
778,394,100,200
777,393,101,201
776,389,101,202
775,392,101,204
775,390,100,203
776,392,99,203
776,393,99,203
775,392,99,203
775,391,98,203
774,391,98,203
775,391,96,202
775,392,95,202
773,390,97,204
770,390,100,203
768,387,100,203
769,388,98,203
769,390,96,204
767,386,98,203
769,388,96,203
768,388,97,202
768,388,97,202
768,390,95,202
766,389,97,201
765,388,97,202
765,390,97,201
765,389,96,202
763,389,98,203
762,388,100,202
763,390,98,202
762,389,98,201
760,388,100,201
760,389,99,201
759,387,101,202
758,390,101,201
756,389,101,201
757,386,100,202
755,385,102,201
755,385,101,201
756,387,101,200
757,386,100,200
756,385,102,199
757,385,101,200
758,384,100,200
758,387,99,194
755,385,100,198
760,385,99,192
766,382,99,193
773,386,97,188
775,383,99,192
777,380,100,194
777,381,100,194
778,379,101,195
778,379,104,197
782,381,104,195
786,378,106,196
787,380,107,192
785,382,108,191
786,381,110,192
786,378,112,191
782,375,112,189
785,370,113,190
786,365,115,193
778,364,119,191
774,364,119,190
777,364,118,190
773,365,119,190
769,364,119,192
774,368,115,188
772,371,116,186
770,374,118,184
769,375,121,189
772,380,119,184
777,383,117,183
780,386,116,180
776,387,118,179
776,388,119,181
782,385,114,178
776,386,118,180
777,386,118,177
780,387,118,179
775,387,120,179
782,392,115,175
782,391,116,175
779,391,118,178
780,392,116,175
781,394,114,173
782,393,114,173
781,394,115,173
782,393,116,174
781,392,116,175
779,392,118,175
777,394,117,174
777,395,118,175
775,393,120,179
780,393,119,176
775,394,120,176
777,394,117,174
779,394,115,173
776,393,116,176
777,395,115,174
775,395,118,175
778,396,114,172
774,396,116,172
775,398,114,169
777,397,113,168
776,394,115,170
774,398,115,174
773,398,116,170
769,397,115,169
765,396,116,171
763,397,116,171
760,397,115,170
761,397,113,169
754,396,115,172
750,398,115,172
747,400,114,172
747,402,114,173
745,400,115,173
743,400,113,170
739,399,114,170
736,398,113,171
732,403,113,170
729,406,112,168
728,405,112,169
726,407,112,169
724,404,113,170
724,405,113,170
726,409,110,168
724,407,112,169
725,409,110,166
726,410,110,167
725,412,111,166
722,410,111,167
722,409,111,167
720,411,111,169
718,409,114,171
719,410,114,171
720,411,114,172
724,415,110,170
724,416,111,170
724,418,110,168
728,421,110,168
728,422,111,168
728,420,115,172
733,426,111,169
736,429,111,170
737,431,111,169
734,432,114,173
738,439,112,171
737,441,112,170
738,442,111,170
737,442,111,170
740,442,109,169
741,445,107,167
737,441,111,170
741,441,109,169
737,440,116,171
743,438,114,172
749,441,112,170
752,443,110,168
749,442,112,168
749,439,111,168
751,439,109,169
747,436,113,171
749,436,112,171
741,436,118,174
747,435,112,170
744,436,114,170
747,439,111,168
746,438,113,169
744,438,114,170
744,435,113,172
744,432,115,174
737,429,120,178
736,428,121,180
738,429,121,179
736,430,121,180
734,425,123,183
732,424,125,186
731,424,125,186
727,421,126,189
723,416,128,194
722,415,127,196
723,414,127,197
725,415,125,195
728,417,124,191
725,412,122,199
725,410,122,199
729,412,120,198
726,408,121,202
725,407,119,202
728,408,117,200
729,405,116,202
729,405,116,202
726,402,116,206
728,407,113,200
728,405,115,202
728,404,114,202
733,404,112,201
735,406,109,200
731,401,110,202
735,402,107,199
733,401,107,201
734,402,106,200
735,398,106,200
736,400,105,200
737,395,105,200
737,394,106,202
740,396,103,201
739,396,103,200
739,394,104,201
741,395,102,201
740,394,102,201
743,395,101,201
743,390,102,202
741,387,103,205
744,392,102,201
741,392,103,204
741,391,104,204
741,391,103,202
743,392,103,203
741,386,104,205
742,390,103,204
745,392,102,203
746,390,103,205
743,391,104,205
745,396,105,203
744,389,105,206
745,393,103,203
744,390,104,205
743,392,103,203
745,392,103,201
747,392,103,200
746,391,105,201
750,393,103,200
749,387,105,203
749,392,105,201
749,392,106,200
746,390,108,203
748,392,106,200
751,391,105,199
752,392,104,198
755,393,105,198
754,389,106,198
756,390,105,195
759,390,104,196
760,389,103,195
759,387,101,193
759,378,102,196
762,370,103,195
754,362,106,198
749,352,107,199
743,351,106,195
743,348,105,195
740,340,112,199
746,339,108,198
741,340,111,195
741,335,109,197
740,336,108,195
736,333,112,194
734,336,109,192
734,338,107,188
730,341,109,184
729,341,109,184
729,344,107,183
728,353,107,207
731,363,104,178
730,359,109,177
721,360,111,180
718,367,109,181
713,351,112,219
721,361,112,181
718,358,111,181
715,342,113,221
718,354,110,188
726,345,114,224
721,349,114,223
724,347,113,220
718,347,115,223
720,336,115,223
719,338,116,224
717,329,116,225
719,321,119,192
717,321,116,188
720,314,114,184
721,317,112,178
718,318,115,171
721,317,117,171
720,319,117,170
717,318,117,169
719,320,116,170
724,321,114,168
719,323,113,169
715,322,115,170
714,321,115,169
713,322,115,169
713,321,116,170
717,320,116,170
715,321,115,170
714,320,116,170
714,318,117,172
715,321,114,170
711,318,117,173
715,319,115,171
716,320,115,172
716,321,115,169
716,321,115,167
714,321,116,169
714,317,117,170
712,319,116,172
711,315,118,172
709,314,118,175
711,317,118,175
710,314,119,175
705,313,122,179
711,315,120,174
712,311,123,178
705,311,127,179
708,312,121,178
705,313,128,183
712,310,125,182
699,308,127,183
700,308,122,177
702,308,120,178
698,308,120,177
693,305,117,177
695,309,116,176
696,310,116,175
690,308,117,175
689,310,116,177
689,310,117,180
692,313,115,179
694,317,114,178
694,316,115,180
690,319,116,183
687,324,116,180
694,327,119,185
698,333,117,181
701,336,118,180
713,337,116,182
712,344,116,182
718,345,117,183
710,345,118,185
708,345,115,187
709,352,114,183
707,358,116,185
707,361,117,183
711,367,114,176
716,368,114,175
715,368,114,176
715,369,113,176
714,374,114,177
713,372,113,179
715,373,115,180
717,377,114,179
717,379,112,175
716,381,112,176
715,384,114,180
719,380,112,175
719,384,112,171
718,389,114,174
718,386,114,174
720,387,114,174
723,380,111,174
724,386,113,175
728,385,112,174
727,385,115,177
737,384,115,180
748,382,112,180
751,380,111,182
757,375,111,183
764,376,111,184
755,375,116,189
757,380,115,189
764,373,115,190
753,380,120,192
754,379,119,194
756,383,120,193
750,387,122,198
742,392,124,201
742,391,120,202
743,385,119,203
738,385,120,206
738,383,121,208
743,382,120,206
743,382,118,205
750,380,115,204
752,381,111,202
753,378,111,205
754,376,109,206
751,381,109,207
757,382,103,205
756,374,104,205
759,379,103,206
758,376,104,208
755,371,104,209
753,374,106,210
755,376,104,210
756,377,105,213
756,378,104,212
754,380,104,209
753,381,105,212
756,379,104,213
754,377,104,211
756,378,102,210
754,378,106,211
757,380,104,210
758,376,105,213
759,376,103,213
758,377,103,212
760,377,102,208
759,374,104,208
760,376,104,207
763,375,101,206
761,375,102,205
763,375,97,206
760,374,100,206
757,375,102,207
758,378,100,205
759,378,101,206
763,375,99,206
758,373,102,207
761,375,98,210
757,374,102,207
759,372,101,210
757,372,101,210
758,376,99,211
759,371,99,211
755,371,102,211
755,374,100,209
755,372,101,210
755,376,101,209
757,377,99,209
760,376,98,206
761,377,97,205
756,381,96,203
756,378,96,201
755,375,98,205
755,379,101,204
760,373,99,207
763,367,100,204
757,373,101,200
744,342,114,242
718,361,115,207
713,366,114,204
711,362,109,217
712,367,107,216
717,371,108,232
721,383,106,257
724,406,117,234
740,412,125,234
767,423,119,245
791,429,115,242
805,426,109,238
820,425,110,240
824,412,117,257
810,389,135,261
784,381,144,244
791,383,119,249
790,373,117,246
785,355,118,242
776,346,127,246
743,331,147,246
732,314,147,254
709,315,144,249
696,316,134,274
677,329,139,260
661,342,133,256
643,369,148,254
662,371,148,249
670,365,141,258
690,349,153,252
689,348,148,268
692,374,147,254
719,379,152,243
721,382,143,269
731,403,143,251
709,401,165,262
689,412,156,272
689,433,143,261
659,443,163,269
649,460,162,271
629,466,162,263
628,478,147,260
623,487,134,258
596,490,155,267
602,508,134,249
578,518,146,259
571,523,139,265
562,516,138,257
572,511,135,250
578,510,132,250
569,500,132,245
584,496,127,244
575,491,130,245
573,482,135,243
551,468,149,252
535,451,149,250
518,448,142,247
505,447,143,249
473,445,152,248
456,437,156,249
432,433,155,250
400,434,158,256
376,451,152,258
327,465,164,262
310,478,152,264
325,478,144,263
305,468,161,267
291,478,157,272
281,481,150,266
281,493,147,267
290,497,150,266
291,495,144,277
295,516,141,267
289,546,148,281
310,530,153,307
326,507,151,303
383,502,149,299
364,489,149,299
348,504,145,275
368,512,138,265
368,502,143,271
354,501,153,267
337,499,142,274
323,499,141,267
273,480,147,273
268,484,153,270
266,475,145,278
263,482,143,277
384,480,152,303
358,511,148,257
349,501,134,264
398,522,147,253
396,524,145,252
409,525,140,264
401,522,148,270
389,508,154,262
357,503,144,270
369,511,150,269
358,514,151,266
341,512,154,266
384,513,156,261
383,504,145,267
369,491,149,275
362,507,153,267
369,494,153,278
377,490,164,279
401,480,176,286
419,472,174,297
438,465,189,298
446,466,181,296
458,440,201,299
479,442,181,306
525,467,168,300
611,489,136,274
577,481,153,293
598,486,143,279
599,481,144,275
590,468,150,286
608,468,140,282
564,464,165,298
573,456,154,292
571,451,153,295
546,458,164,297
540,446,156,307
548,451,166,301
451,384,178,309
434,383,188,323
430,342,201,333
457,343,199,328
468,330,183,323
474,321,193,327
497,315,197,320
516,310,180,321
527,305,179,324
527,292,188,322
535,295,193,321
535,285,182,322
536,282,182,323
539,283,188,323
540,290,192,336
533,270,198,331
538,280,187,323
525,275,180,322
521,265,180,318
507,263,182,324
507,254,188,328
495,246,186,320
477,232,186,322
458,228,186,321
465,217,195,323
451,227,193,317
449,226,190,324
448,209,186,324
448,212,187,315
452,212,184,310
462,219,179,307
456,206,178,305
460,208,180,307
447,204,179,306
449,210,177,305
448,219,176,305
433,218,188,317
432,245,185,306
437,254,182,308
446,243,181,309
436,260,181,312
441,258,180,310
455,277,178,315
471,280,180,320
486,281,178,331
472,273,180,329
463,257,181,330
473,266,179,332
450,250,182,333
439,253,180,331
468,263,180,339
429,246,183,341
441,249,188,340
444,237,186,342
447,247,189,344
414,235,192,339
419,243,191,335
443,241,185,354
445,239,181,340
450,239,177,336
452,235,175,334
433,239,176,332
422,239,178,327
394,241,175,308
415,238,179,321
435,238,176,324
409,233,176,320
403,235,176,313
381,241,174,297
366,236,176,299
372,235,179,305
366,239,177,299
363,238,174,298
361,236,172,296
359,244,175,299
355,237,177,309
368,242,177,310
346,242,176,299
343,246,172,295
351,242,169,298
357,238,168,295
356,241,164,287
351,237,165,291
347,253,160,282
353,246,161,289
371,245,158,290
348,249,159,281
351,244,157,279
351,250,153,274
356,251,153,276
354,248,155,278
354,240,156,281
370,248,158,290
415,255,154,301
460,267,154,311
460,263,154,312
452,264,157,319
456,270,156,322
454,261,160,320
452,267,158,316
452,264,158,320
451,268,158,321
446,268,159,318
438,270,159,320
438,272,160,326
433,267,160,328
425,269,164,327
427,264,165,333
424,263,165,332
425,260,167,337
425,266,166,340
418,264,168,339
422,269,166,336
425,269,164,335
424,268,165,337
413,264,169,339
423,265,167,340
418,267,167,336
408,267,173,344
407,261,176,349
409,262,174,347
411,261,175,348
408,262,177,354
411,259,176,356
410,257,177,356
414,263,175,347
411,260,175,356
419,264,173,359
420,265,174,352
415,262,175,353
415,262,175,350
414,265,175,348
419,267,171,350
412,264,176,343
416,268,171,351
418,265,174,355
415,264,177,363
414,264,179,368
422,270,174,368
420,275,173,363
429,279,170,362
425,274,175,367
426,275,176,365
432,278,173,367
431,280,170,361
433,277,173,363
428,281,172,357
429,280,174,351
427,283,173,354
429,285,173,347
430,284,170,352
426,275,177,353
430,283,171,349
430,280,173,350
431,276,175,343
435,281,169,341
440,274,171,336
436,269,172,331
440,278,161,341
436,272,163,327
432,268,168,326
436,269,167,329
428,265,166,337
431,259,172,331
420,260,173,329
405,265,168,325
413,262,166,330
425,272,166,330
418,274,177,315
416,272,157,312
413,269,187,326
404,286,178,323
392,289,173,329
378,302,160,322
386,309,158,326
412,321,163,329
393,323,168,322
412,327,163,329
405,333,163,338
381,332,176,339
403,343,176,348
398,339,190,355
398,377,203,345
409,377,194,341
400,361,203,347
410,397,181,344
406,398,188,344
388,401,193,341
397,418,186,338
388,419,190,347
390,432,197,346
382,422,193,350
371,386,193,371
358,380,198,380
360,395,213,378
385,374,211,383
379,356,215,387
390,385,216,382
381,349,227,378
380,370,225,386
375,391,229,381
386,344,224,378
389,320,223,387
365,350,238,402
373,367,232,402
350,338,226,409
341,356,233,409
341,339,240,419
338,339,223,393
344,369,229,390
329,367,230,387
328,371,231,386
348,286,221,434
263,389,250,391
285,394,248,385
266,350,257,402
236,371,244,397
234,384,254,385
349,251,211,416
338,215,212,432
341,252,212,401
357,279,194,424
364,301,192,409
360,328,204,427
386,382,209,420
389,402,220,406
317,389,226,411
484,430,215,427
429,446,224,375
327,427,224,378
371,439,214,361
360,389,205,406
333,443,211,359
341,453,203,356
326,443,208,353
329,446,202,343
309,456,196,336
324,443,205,341
321,454,197,338
337,437,213,333
362,449,198,338
365,452,196,331
377,452,197,332
379,455,193,328
418,424,185,366
415,448,193,328
403,445,197,332
423,432,199,338
404,431,203,340
404,423,205,348
382,418,210,353
401,413,213,362
407,401,214,365
409,395,215,381
384,390,224,389
388,384,224,395
385,387,235,388
369,387,231,406
370,388,234,410
383,385,231,412
360,390,236,417
367,382,251,408
349,377,237,425
359,383,237,429
349,379,238,429
351,389,232,412
347,400,236,422
343,380,234,420
342,374,242,421
342,390,234,426
345,399,236,420
352,387,232,416
344,382,233,420
345,390,237,419
347,396,237,411
354,386,241,416
379,381,242,411
392,361,252,417
399,356,249,421
404,355,249,417
398,352,242,415
411,337,251,430
417,320,248,432
422,342,256,423
420,329,258,422
409,329,255,426
418,323,259,426
417,321,257,426
404,315,259,421
402,295,265,438
413,290,267,431
403,280,262,431
410,270,257,431
419,259,262,431
419,265,251,421
434,251,243,427
457,251,220,414
459,256,209,416
442,264,216,413
449,247,215,438
432,255,224,441
469,268,196,431
474,285,194,427
474,284,193,440
477,290,196,456
474,290,194,456
466,292,194,460
468,304,193,466
457,313,190,465
457,318,187,463
451,309,192,469
447,318,194,469
448,318,192,469
434,326,195,467
430,320,197,469
425,328,197,470
419,324,199,468
414,322,207,474
402,338,209,467
396,328,215,482
395,320,217,479
386,326,219,478
370,323,231,476
361,327,230,469
354,332,228,478
344,326,238,485
337,333,228,479
320,329,237,479
316,312,241,500
309,316,246,498
305,314,246,485
302,314,252,479
301,314,251,474
301,297,256,460
304,297,254,438
300,293,260,442
297,301,260,436
307,306,262,428
311,294,267,424
290,308,273,438
292,313,265,449
271,309,274,454
270,295,278,448
268,287,269,454
256,279,274,436
249,252,278,449
235,244,278,457
236,221,275,471
222,210,283,473
228,187,278,471
214,185,283,476
219,175,274,459
210,167,271,459
213,171,281,449
251,145,264,456
262,123,260,459
262,123,267,461
256,108,261,460
252,104,278,461
275,84,274,453
297,78,277,452
328,74,276,455
340,74,275,439
345,58,271,440
356,64,274,453
357,76,277,460
387,63,274,458
400,56,267,458
394,58,270,451
396,72,271,448
410,74,270,479
422,100,259,437
431,107,259,444
426,107,277,481
449,163,268,424
472,175,257,435
457,193,285,476
484,246,265,435
501,241,264,430
532,251,272,475
565,274,276,439
603,239,253,446
604,246,262,454
594,264,286,455
607,217,266,443
627,206,260,443
633,199,270,453
627,185,265,450
632,180,262,445
616,173,280,459
614,149,278,460
614,156,266,470
602,185,274,459
605,190,274,462
595,211,271,445
590,195,285,444
592,206,277,443
589,209,270,459
589,183,281,457
599,191,279,456
611,190,279,449
612,196,305,475
663,260,308,448
732,230,302,438
761,249,334,456
897,250,317,451
946,234,328,457
973,209,318,468
989,224,330,476
997,227,324,481
1012,214,322,498
1044,189,281,543
1064,230,274,530
1094,228,274,530
950,-65,279,540
956,-23,274,530
746,-107,268,518
571,207,266,516
576,325,268,521
560,309,268,521
695,144,270,525
820,88,274,532
618,256,288,517
609,263,276,536
634,285,287,497
680,256,279,541
632,229,301,529
649,237,304,512
647,221,312,528
642,154,310,549
644,178,308,519
686,206,280,545
680,185,317,521
667,195,313,523
688,197,314,520
725,203,305,528
733,210,306,519
743,212,306,523
728,199,323,533
784,197,275,535
736,187,309,526
736,203,313,509
734,187,314,509
723,171,317,513
719,148,316,515
704,126,318,522
682,98,338,548
668,101,348,549
665,92,346,551
704,102,296,575
656,88,349,551
650,74,348,554
658,60,357,564
661,70,366,569
657,56,362,570
672,77,356,567
664,44,369,590
687,73,351,565
672,56,360,572
659,54,372,577
693,72,347,557
646,64,366,560
641,56,366,567
620,53,372,566
599,48,380,571
613,45,361,563
584,37,374,578
560,37,384,581
562,46,371,573
555,21,376,588
555,25,373,588
559,44,357,565
528,32,377,585
517,20,383,596
524,11,379,600
499,10,395,607
497,17,394,605
516,28,380,591
517,8,384,606
502,13,392,603
510,5,394,608
499,16,393,602
512,7,386,607
501,6,393,610
501,12,392,608
488,10,403,616
494,-0,401,617
498,4,401,617
495,4,402,613
501,4,401,614
523,8,384,608
501,6,403,618
501,17,403,609
506,29,398,606
507,25,403,603
500,15,410,612
515,39,401,600
519,32,400,597
518,38,401,598
529,30,398,606
520,22,409,611
521,27,409,608
525,28,407,610
529,32,407,611
522,22,415,613
526,25,413,617
525,27,413,615
538,40,410,610
525,23,417,617
526,32,417,615
538,37,409,608
510,26,431,618
506,-5,450,638
525,36,436,618
533,34,430,618
553,30,423,613
530,24,434,621
546,28,426,622
538,54,431,610
537,64,426,602
549,49,427,608
552,43,422,610
536,51,424,611
554,48,408,597
547,75,405,592
540,68,409,591
536,60,410,594
560,66,397,591
544,46,410,599
541,66,410,593
527,51,415,602
533,52,414,602
520,50,418,608
523,37,417,611
522,28,411,607
505,56,417,607
523,57,402,599
510,52,405,601
500,53,402,606
514,54,394,603
510,34,392,612
514,38,387,614
497,31,400,619
501,30,403,620
499,47,401,617
504,26,401,621
504,32,393,616
520,47,384,608
516,28,395,613
514,32,395,617
513,26,395,608
519,39,385,604
522,38,387,611
526,24,389,610
536,32,390,609
532,26,394,612
541,19,386,612
539,14,385,612
546,15,393,611
570,4,399,616
599,20,389,605
639,15,388,606
683,-9,383,607
703,-30,387,618
729,-28,406,628
802,-33,351,668
782,-58,419,646
824,-46,410,652
835,-65,429,663
858,-58,425,666
862,-48,438,674
860,-44,444,682
884,-37,436,684
890,-37,445,694
887,-44,461,713
935,-29,369,694
891,-62,479,737
871,-84,501,733
843,-81,520,722
846,-85,526,736
857,-81,520,720
872,-88,503,708
868,-66,502,703
852,-79,517,700
856,-86,526,720
858,-85,523,721
858,-85,519,706
863,-76,511,707
867,-78,505,710
873,-98,507,713
883,-82,494,710
884,-76,491,709
902,-62,482,701
903,-64,483,704
906,-49,475,703
930,-32,440,693
954,-12,431,702
970,59,403,695
978,-4,401,694
761,218,403,693
846,85,405,695
926,-124,405,695
942,-129,394,675
944,-152,396,678
953,-128,409,636
915,-128,430,648
914,-121,434,640
915,-104,437,652
908,-92,437,654
903,-59,440,649
899,-17,446,630
904,3,439,630
880,34,449,624
816,45,467,619
682,32,504,634
726,77,391,671
694,79,468,694
671,74,470,686
624,66,486,675
660,101,395,676
577,97,476,697
550,106,474,697
526,110,471,699
513,122,459,703
499,136,455,699
490,164,452,691
489,160,444,683
480,174,389,662
474,177,439,679
459,185,449,681
481,225,455,668
555,221,449,672
599,234,399,677
595,225,454,665
642,237,442,660
658,261,448,647
687,263,449,639
708,248,445,643
721,260,439,631
765,261,377,638
724,246,451,641
718,263,450,654
721,260,450,653
713,270,448,658
737,277,449,650
712,250,456,654
713,267,453,647
700,258,452,664
684,263,450,654
679,284,447,652
668,269,453,671
656,285,452,661
636,273,449,661
624,258,450,655
632,262,438,646
644,296,392,661
603,290,431,640
573,277,426,637
560,299,427,639
557,321,419,633
537,296,424,626
513,287,426,630
500,307,422,624
493,262,424,619
473,287,415,627
463,289,417,627
429,279,417,627
424,274,417,627
424,308,408,622
415,304,410,619
398,277,412,616
380,267,408,624
372,256,413,636
368,236,413,627
359,222,417,644
348,231,416,638
366,237,419,640
360,230,412,640
359,248,418,638
362,244,412,638
354,218,396,624
346,188,386,623
