567,363,52,59
569,360,52,59
571,357,53,60
574,351,53,61
577,344,54,63
580,334,57,67
582,325,59,68
585,316,59,68
588,308,61,65
591,298,60,63
595,290,61,60
600,282,60,57
605,275,60,56
612,269,60,54
616,268,59,51
615,268,60,54
612,272,61,56
609,274,61,58
605,277,62,59
602,278,64,59
600,278,63,59
599,279,63,58
597,278,64,58
595,276,64,58
594,275,63,58
592,273,63,58
590,271,63,56
587,268,63,57
585,268,63,55
583,267,65,54
582,269,65,54
581,272,66,55
580,274,65,57
578,276,66,58
579,278,63,57
578,277,66,60
579,277,65,60
580,279,65,59
581,280,65,58
582,280,65,57
583,279,64,55
583,279,63,54
584,280,63,53
584,277,63,53
585,275,61,52
585,274,63,52
584,272,63,52
585,271,62,51
584,270,63,51
585,267,63,51
586,265,62,51
585,266,63,50
586,267,62,50
586,268,63,51
586,269,63,52
586,269,63,52
587,271,62,52
586,269,63,53
585,269,63,53
585,271,61,53
583,272,63,53
582,273,63,53
581,277,64,53
580,279,64,58
579,282,63,63
576,287,63,64
573,292,62,65
571,294,58,64
568,292,59,65
567,284,58,66
570,274,54,62
570,257,54,57
569,241,52,55
561,219,58,62
554,206,52,58
554,202,48,58
551,192,59,64
547,188,58,63
544,176,58,63
544,176,58,63
545,181,56,61
552,189,57,62
557,199,46,55
561,199,45,55
571,198,47,58
578,211,50,61
582,220,55,64
586,230,54,64
585,239,54,62
587,248,54,55
586,251,56,53
586,254,59,51
587,256,59,49
589,258,59,48
590,258,59,48
591,259,59,47
591,258,59,48
591,259,58,47
592,258,59,49
592,258,59,49
593,259,59,49
592,259,59,49
592,259,59,49
593,259,59,49
593,259,60,49
593,258,60,50
593,258,59,50
593,258,59,49
593,258,59,49
593,257,59,49
592,256,60,49
591,254,61,51
591,250,59,55
590,246,57,61
588,245,55,64
586,247,52,60
583,253,51,53
580,257,52,50
570,260,53,46
560,268,55,49
559,258,57,61
565,269,51,44
567,267,50,43
569,264,48,42
570,262,49,43
575,260,50,43
575,257,49,41
578,255,49,42
587,248,50,41
595,240,54,40
593,241,54,39
591,237,56,43
589,233,58,46
588,228,57,49
589,227,58,49
587,227,58,50
589,230,58,49
590,235,57,48
590,239,57,48
591,244,56,46
593,248,55,45
593,251,54,45
591,255,54,45
594,258,52,44
585,261,50,42
581,266,50,41
580,269,50,42
578,272,48,42
576,274,49,42
575,277,51,42
574,278,52,42
573,278,52,43
572,277,52,43
574,277,51,42
573,276,51,43
574,275,50,42
575,275,50,42
576,276,50,42
576,274,49,42
576,275,50,42
577,273,49,42
577,274,50,42
577,274,49,42
575,274,49,41
575,274,48,40
577,274,48,40
576,271,46,39
576,269,46,39
576,262,45,41
578,256,46,43
583,249,45,50
581,244,42,52
580,232,42,56
580,231,40,58
581,231,39,57
581,234,37,55
581,229,39,57
583,231,39,58
584,229,42,56
587,229,44,56
592,229,48,54
591,235,53,54
594,239,57,52
595,245,59,51
596,251,58,50
596,254,59,49
596,258,59,47
598,259,59,46
598,261,59,44
599,261,59,45
601,261,59,46
602,261,58,45
602,260,58,45
603,259,58,44
603,259,57,43
602,257,58,43
602,257,59,43
603,257,59,42
603,256,58,43
602,257,58,42
602,257,59,43
603,257,59,44
604,259,59,43
603,259,60,43
604,259,60,43
604,259,60,44
604,258,60,44
604,259,59,43
603,258,59,44
602,256,61,44
602,255,61,44
602,250,61,47
601,247,60,46
601,243,60,47
599,241,58,45
597,238,59,45
594,235,59,45
592,231,62,48
591,228,61,50
590,228,61,49
589,225,62,52
589,225,61,51
588,224,61,51
588,223,61,52
587,223,61,50
587,222,61,51
585,222,62,49
585,222,62,46
585,222,60,44
586,223,60,45
584,223,63,53
583,225,64,59
583,227,64,59
583,225,64,59
582,225,64,58
581,225,64,58
581,224,64,58
582,225,63,58
581,225,64,58
581,226,64,59
581,227,64,59
581,226,64,60
581,227,64,60
581,227,64,60
581,228,63,59
581,228,64,60
581,228,65,61
582,228,64,60
582,229,65,60
582,228,65,61
583,228,65,61
583,228,65,61
584,227,66,61
585,228,66,62
586,230,67,62
588,232,67,62
590,234,67,63
592,236,67,63
593,239,67,63
594,241,68,63
594,240,67,63
592,238,67,62
590,231,67,64
587,221,66,66
581,209,67,66
571,198,66,67
562,193,65,64
554,195,62,57
548,200,62,53
548,204,60,51
548,202,59,54
553,194,60,57
560,187,62,63
569,185,62,66
577,188,65,69
585,196,67,68
595,208,66,66
601,217,63,62
603,221,64,61
604,221,63,62
604,221,64,62
605,221,64,63
604,220,63,62
604,220,63,62
604,221,63,62
605,220,62,63
603,220,63,62
604,220,62,62
604,220,62,62
601,218,63,61
602,218,62,62
604,218,61,62
604,219,61,61
603,219,61,62
603,220,61,61
601,220,62,61
602,219,62,62
602,220,62,62
601,220,62,62
602,219,62,62
601,219,62,61
601,219,62,61
601,219,62,61
600,219,63,61
599,219,63,61
598,220,64,60
598,221,63,60
598,223,63,58
597,225,64,57
597,228,62,54
597,230,61,51
596,235,60,46
594,240,56,44
592,242,55,44
590,244,55,44
589,246,55,45
588,247,55,45
585,249,53,46
584,252,53,46
584,252,54,47
583,249,56,47
584,249,56,47
583,249,55,47
587,243,56,45
587,237,56,45
584,231,55,44
581,223,55,46
579,217,55,47
576,213,55,49
570,207,56,50
568,207,55,51
564,212,55,50
560,215,55,49
559,223,53,48
556,236,50,47
552,247,49,47
555,254,48,44
556,253,49,44
555,253,49,43
550,251,48,44
550,250,48,44
551,248,48,44
549,248,48,45
549,247,48,44
548,248,47,44
550,248,47,44
550,249,48,45
550,247,49,45
550,248,49,45
552,250,48,43
551,250,48,43
552,251,48,43
551,251,48,43
552,253,47,43
552,252,48,43
551,251,48,44
554,248,50,44
557,249,49,43
558,251,48,42
561,253,48,42
562,255,47,41
567,261,48,41
571,266,47,43
574,272,48,41
578,269,52,40
582,277,53,39
584,278,56,38
588,280,58,38
590,280,59,39
593,281,60,40
595,282,60,39
596,282,61,39
598,283,60,39
599,282,60,39
599,282,61,40
600,282,60,40
601,282,60,40
602,282,61,40
602,283,60,39
603,283,60,39
605,283,60,39
606,283,61,39
606,282,60,39
606,282,61,40
606,281,61,39
608,281,60,40
608,281,61,40
609,281,61,40
610,281,61,40
610,282,61,39
611,280,61,40
613,278,62,40
611,273,61,40
610,270,54,40
610,265,50,43
614,259,50,41
619,253,53,39
616,251,56,44
619,259,54,41
616,273,51,40
618,290,50,39
622,300,52,37
628,303,52,37
629,303,51,39
632,304,51,40
635,305,52,40
637,307,52,40
641,308,51,39
643,311,52,39
643,313,52,39
645,314,53,40
645,313,52,39
647,312,52,40
647,311,53,42
645,311,50,42
646,315,49,42
647,324,52,41
647,331,55,39
646,335,60,40
648,339,58,38
647,341,54,37
649,342,52,36
648,344,53,37
649,349,55,39
649,351,57,38
648,353,56,38
648,356,57,40
649,357,58,39
646,359,57,41
646,360,58,40
645,361,57,39
645,363,55,40
644,364,56,38
641,366,56,39
639,367,56,38
634,370,55,39
629,370,54,37
624,371,55,37
620,372,57,37
614,372,58,38
608,372,60,38
605,374,58,38
595,377,54,38
578,381,55,40
559,388,57,43
536,403,53,42
515,414,53,41
497,436,52,44
474,453,53,45
457,469,51,52
443,492,47,50
429,502,47,50
421,512,46,51
420,516,47,54
419,517,45,57
415,516,47,57
411,519,48,56
409,521,48,55
405,519,49,57
400,520,49,56
395,519,50,56
390,518,52,56
386,516,52,56
382,513,51,56
379,511,51,58
378,513,51,55
377,514,51,56
376,515,51,57
375,515,49,57
380,517,48,57
383,520,50,59
385,526,52,55
389,530,50,52
390,532,49,50
388,530,50,51
390,530,48,50
391,532,46,49
393,532,45,50
392,531,43,50
392,533,42,48
395,534,41,47
394,535,41,48
398,535,38,46
400,537,36,45
404,538,35,44
406,542,34,41
404,545,33,38
402,547,35,38
403,547,35,37
400,548,35,35
401,551,35,32
414,547,35,35
432,551,36,31
431,554,37,31
431,551,37,33
431,546,36,37
430,549,37,33
431,553,36,32
428,547,36,34
425,544,38,35
425,544,37,35
424,545,37,35
426,551,36,33
433,553,34,32
433,551,35,34
432,547,36,33
431,545,37,35
436,550,35,33
444,551,34,32
440,546,37,34
440,543,37,35
442,544,35,33
443,550,36,31
443,552,35,30
446,552,34,29
446,552,34,31
448,553,34,30
446,556,36,32
443,556,36,31
448,556,37,32
446,554,38,31
449,553,39,31
448,553,39,32
449,552,39,32
453,551,38,31
467,547,41,34
482,542,39,37
486,537,38,39
498,529,36,38
507,505,35,46
512,480,37,51
516,463,40,49
522,450,42,48
527,436,44,49
532,430,47,52
539,412,51,55
545,407,52,53
554,392,55,56
562,382,54,55
574,369,56,57
584,359,58,57
596,351,59,56
608,340,60,55
624,332,59,54
635,322,58,54
645,316,59,55
650,311,59,55
656,305,60,56
661,302,61,55
666,298,61,56
671,296,60,55
676,293,57,54
678,292,57,55
681,292,58,54
683,290,58,55
685,289,58,56
686,289,58,57
687,289,56,56
688,288,57,57
687,285,58,59
687,283,59,59
686,280,61,58
684,274,61,59
683,268,62,56
681,261,64,56
680,256,63,53
678,249,63,53
674,243,64,52
670,238,62,52
667,236,59,49
662,232,58,50
660,231,57,50
660,231,55,50
657,230,53,49
655,229,50,49
654,232,50,48
654,234,49,46
653,236,50,46
654,240,50,45
654,241,51,45
654,244,50,43
656,245,50,44
653,248,51,43
653,250,51,43
653,250,50,43
654,253,51,42
652,255,50,43
654,257,52,43
653,257,51,44
652,257,51,43
654,256,51,43
654,256,51,42
653,254,51,42
654,255,50,41
656,251,49,40
654,250,48,41
656,249,49,41
656,246,48,41
659,244,47,40
661,241,47,41
661,237,47,43
664,236,47,42
664,236,45,41
665,234,44,40
665,233,44,41
668,231,45,40
667,227,45,40
664,221,44,39
666,214,45,41
666,206,48,43
667,202,49,44
667,200,51,45
666,200,51,46
665,204,51,46
661,209,51,45
660,219,47,42
651,230,44,41
645,239,43,41
629,239,52,52
619,241,53,53
597,243,52,52
573,252,48,45
571,257,52,42
566,260,51,40
561,262,50,40
554,266,50,39
551,268,50,40
547,270,52,40
542,272,53,41
537,272,54,41
532,273,56,42
527,273,55,41
520,270,56,41
514,268,55,40
502,265,52,42
495,260,51,43
488,254,52,43
486,252,52,43
477,250,51,42
475,252,51,42
469,253,51,42
467,257,52,42
463,267,52,43
451,277,51,43
440,290,48,45
428,302,42,43
398,314,51,51
376,341,49,43
361,360,49,40
353,386,46,42
344,407,45,43
339,426,45,47
334,447,44,48
321,466,43,49
311,485,42,47
309,488,42,45
308,494,42,44
310,496,43,45
310,492,44,47
310,496,44,46
308,491,45,48
306,487,46,52
305,487,47,52
305,487,48,52
305,485,50,55
304,485,50,55
304,484,52,55
303,484,51,55
303,484,51,56
304,484,51,56
305,485,51,55
306,484,52,56
307,484,54,56
311,483,52,57
314,484,51,56
319,486,50,55
327,484,51,55
336,490,52,56
343,495,49,50
346,497,51,51
383,492,44,54
395,484,48,55
404,482,54,54
419,481,53,52
434,478,52,52
449,477,49,53
464,481,47,53
474,482,47,54
482,477,47,54
487,475,45,54
494,471,45,53
498,466,46,54
503,463,46,54
511,461,46,51
519,460,46,50
529,461,46,48
537,462,46,49
545,464,47,49
554,466,47,48
565,467,45,48
571,468,45,47
581,464,46,45
590,460,48,44
592,452,48,43
601,452,48,43
608,454,49,43
617,454,48,40
625,454,47,40
635,454,47,44
645,454,46,47
655,457,49,46
667,459,47,46
678,461,44,45
690,464,44,41
705,468,41,43
709,464,43,43
717,460,44,42
730,453,42,41
737,445,42,39
744,440,40,38
747,433,39,37
739,417,41,38
734,400,48,39
735,388,49,39
731,378,50,40
730,366,51,40
727,353,49,42
721,347,48,45
715,341,48,47
715,337,46,46
715,333,46,47
716,328,48,48
718,323,49,50
721,318,51,51
725,314,49,51
729,311,48,50
732,306,48,51
736,303,47,51
740,300,47,49
743,296,47,48
744,293,47,46
745,289,48,46
746,286,47,46
745,283,48,46
744,280,48,47
743,279,49,47
742,276,49,49
742,275,49,49
741,272,48,51
740,270,49,52
739,271,49,52
738,269,49,53
737,268,50,54
737,269,49,52
734,264,52,56
735,264,52,55
734,263,52,56
734,263,52,55
734,262,51,54
734,263,51,53
734,263,51,52
735,262,51,53
735,263,51,53
735,263,50,53
735,262,51,55
736,263,49,54
735,263,49,54
736,264,49,53
735,263,48,53
736,264,48,53
737,268,47,51
738,267,47,52
739,269,45,51
740,269,45,52
740,270,44,51
740,270,45,52
741,271,45,51
741,270,45,52
740,269,46,52
740,269,45,51
741,269,45,50
741,270,45,50
740,268,46,51
740,268,45,50
740,267,46,50
740,267,47,50
740,266,47,50
739,265,48,51
738,264,49,51
737,263,49,52
737,265,49,51
736,264,50,53
736,265,50,53
735,265,50,53
735,265,51,55
736,265,51,55
738,265,52,55
739,265,50,53
741,263,49,54
742,262,48,54
744,261,46,54
745,260,45,54
746,257,44,56
747,258,43,55
748,255,43,57
750,258,42,55
751,257,41,55
752,257,40,54
752,255,41,51
753,257,40,53
752,256,41,50
752,258,40,49
752,263,37,49
752,265,35,50
752,265,35,50
752,264,34,50
752,264,35,50
751,265,35,49
750,264,34,49
750,264,34,50
749,265,35,49
747,265,35,49
746,265,35,49
744,264,37,50
743,263,38,51
742,264,38,50
741,264,38,49
742,264,37,48
742,263,37,49
742,263,37,49
743,264,36,49
743,265,36,48
744,265,36,48
745,265,35,48
745,265,35,47
746,266,35,47
746,266,34,47
747,265,34,47
747,266,33,46
747,266,34,46
747,265,33,46
747,266,33,46
748,266,32,45
748,266,32,46
748,266,33,45
748,267,33,45
749,266,32,45
749,267,32,44
749,266,32,45
749,266,32,46
750,267,31,44
749,268,31,44
749,267,32,45
749,267,32,45
749,267,33,45
749,267,33,45
750,266,32,45
750,266,32,44
750,265,33,45
749,265,32,44
748,263,34,44
746,260,35,44
743,259,36,43
740,256,38,41
737,253,38,40
737,251,37,39
737,244,40,40
740,234,43,40
737,228,44,42
734,218,46,48
723,205,47,47
714,196,46,48
700,188,45,47
690,179,47,48
682,179,47,48
677,184,47,45
676,189,46,41
674,191,46,42
673,188,47,44
673,184,47,47
674,182,48,49
678,181,51,51
685,182,52,52
692,188,54,53
701,195,56,57
710,206,57,58
718,215,56,60
723,227,59,57
726,234,60,55
728,238,58,53
730,239,58,54
728,238,60,55
728,238,60,55
727,238,62,56
726,237,62,56
726,237,62,57
726,237,63,57
726,237,63,57
726,237,63,57
726,238,63,57
725,238,63,57
724,237,63,57
723,236,64,58
722,235,64,57
720,234,65,57
718,233,64,57
715,231,66,57
713,229,65,58
709,227,67,58
706,227,63,57
704,226,64,57
702,226,64,57
701,225,64,58
700,226,65,58
700,226,64,57
700,226,64,58
700,226,65,58
700,226,65,59
700,226,64,58
700,227,65,58
700,226,65,58
701,226,65,58
701,226,65,58
701,226,65,58
701,227,64,58
702,227,65,58
701,227,65,58
702,227,65,58
702,227,64,58
702,227,64,58
701,228,65,58
702,228,64,58
702,228,64,57
702,228,64,57
702,228,65,58
702,228,64,57
702,227,64,58
702,227,64,58
702,228,64,57
702,228,64,58
702,227,65,58
702,228,64,57
702,228,64,57
703,229,65,58
704,229,65,58
704,231,65,57
706,232,64,56
706,234,65,56
707,235,64,56
707,235,65,56
706,235,65,56
706,232,64,56
705,229,63,55
705,223,62,57
703,218,64,57
700,214,62,56
696,209,64,56
694,207,63,56
691,208,63,55
688,209,63,53
687,211,63,52
686,212,63,51
686,212,62,51
685,212,61,51
684,212,62,50
684,213,62,50
684,215,61,49
686,220,59,47
684,223,60,46
683,227,61,45
681,230,59,44
678,230,59,44
673,230,59,44
671,230,58,44
666,230,60,44
662,231,61,44
659,233,60,43
655,235,59,43
653,237,58,42
650,237,60,43
647,237,60,43
645,238,59,42
644,238,59,43
643,240,59,41
643,243,56,40
642,244,54,40
644,246,55,39
644,248,54,39
645,248,54,39
646,251,54,37
646,252,52,37
647,253,53,37
648,256,54,37
648,259,52,37
648,262,51,37
647,264,50,38
646,266,49,39
646,269,49,40
645,270,51,42
644,272,50,40
642,277,52,40
641,278,52,41
639,277,52,42
637,278,53,44
637,278,51,44
640,278,51,46
647,277,50,46
650,278,51,46
652,279,51,45
657,278,52,45
662,277,52,45
668,276,53,46
674,278,54,45
682,277,54,45
689,277,53,44
699,274,52,43
709,274,53,43
712,273,52,43
721,270,51,43
730,271,50,42
741,273,52,43
757,272,52,42
761,270,50,43
779,272,51,43
810,274,51,43
821,273,53,42
832,274,53,43
844,271,55,43
853,271,55,43
865,272,55,43
873,267,55,42
882,263,53,41
893,259,52,41
901,254,52,40
905,250,50,40
910,249,50,40
912,246,49,39
911,246,49,40
912,245,49,40
911,245,48,40
909,245,49,41
905,246,49,41
904,244,48,40
896,245,48,42
894,246,48,42
887,249,47,42
885,253,46,41
878,257,47,39
872,263,46,38
864,268,46,38
859,270,47,37
856,273,45,37
850,275,42,38
835,272,44,37
814,258,46,37
808,250,46,36
799,240,47,37
788,230,49,39
778,223,50,43
762,220,50,43
750,221,49,41
743,227,45,40
738,236,42,38
732,246,40,36
727,245,47,47
729,255,40,35
719,252,45,45
725,264,37,33
719,262,44,44
722,270,36,34
717,266,43,43
721,274,36,33
718,273,37,32
720,275,37,33
719,275,36,33
719,274,36,32
719,273,35,33
718,270,35,33
720,266,35,35
716,267,35,35
718,269,36,34
717,272,38,32
707,272,37,32
690,274,37,33
667,278,40,40
649,296,35,33
641,304,40,40
632,307,40,40
651,310,40,40
650,311,40,40
658,312,41,41
670,309,41,41
690,298,41,41
705,293,40,40
697,318,39,39
713,324,39,39
728,301,39,39
735,291,39,39
720,255,39,39
728,216,39,39
753,180,39,39
754,187,38,38
737,191,37,37
751,174,36,36
748,183,36,36
750,175,36,36
750,180,37,37
731,186,36,36
726,191,36,36
728,187,36,36
730,184,36,36
738,180,36,36
740,176,36,36
747,172,36,36
745,172,36,36
745,174,36,36
747,172,36,36
750,180,36,36
736,183,36,36
750,181,37,37
743,179,38,38
741,179,38,38
742,184,37,37
739,191,38,38
730,198,37,37
728,199,37,37
730,198,37,37
728,200,36,36
729,202,36,36
728,198,36,36
725,200,36,36
722,205,36,36
721,205,36,36
711,216,36,36
703,227,36,36
711,216,36,36
708,208,37,37
702,213,36,36
691,219,36,36
686,224,37,37
676,228,37,37
667,214,37,37
671,218,38,38
661,223,38,38
660,234,38,38
664,234,38,38
668,226,38,38
676,220,38,38
676,218,38,38
681,224,39,39
684,220,39,39
688,230,39,39
698,207,39,39
701,193,39,39
717,192,39,39
724,183,39,39
734,188,39,39
741,184,40,40
748,192,40,40
758,204,40,40
767,200,40,40
778,211,40,40
786,201,41,41
790,185,42,42
796,181,41,41
804,174,41,41
809,171,41,41
816,165,40,40
819,163,39,39
821,164,39,39
824,160,39,39
827,156,39,39
829,169,38,38
831,158,38,38
830,153,38,38
832,154,39,39
833,153,39,39
833,155,39,39
835,151,40,40
836,151,40,40
838,149,40,40
838,148,40,40
838,149,40,40
839,149,40,40
839,148,40,40
841,146,41,41
841,151,41,41
843,150,40,40
839,159,41,41
842,155,41,41
847,165,41,41
848,164,41,41
844,169,41,41
849,172,41,41
847,179,42,42
845,156,42,42
844,158,42,42
848,152,42,42
843,155,42,42
844,159,42,42
845,169,42,42
843,185,42,42
843,169,42,42
841,158,42,42
843,157,42,42
842,155,41,41
843,152,41,41
844,148,41,41
845,144,41,41
846,143,41,41
850,165,42,42
846,144,42,42
843,151,43,43
842,147,44,44
838,157,43,43
839,153,43,43
837,156,43,43
840,152,43,43
836,152,43,43
840,148,44,44
838,148,44,44
835,147,44,44
833,145,45,45
838,144,46,46
837,147,46,46
838,148,46,46
839,147,46,46
840,148,46,46
833,151,46,46
836,148,46,46
837,148,46,46
834,151,46,46
830,154,46,46
832,152,47,47
832,153,47,47
828,154,47,47
830,155,47,47
828,151,47,47
828,153,47,47
829,150,46,46
827,152,46,46
828,151,45,45
828,152,45,45
824,156,45,45
827,155,45,45
827,152,44,44
824,154,44,44
825,153,44,44
823,156,44,44
819,155,44,44
817,156,44,44
817,156,44,44
812,157,44,44
810,157,44,44
807,161,44,44
808,161,43,43
799,164,43,43
802,160,43,43
803,157,43,43
793,160,43,43
790,160,43,43
791,150,43,43
788,158,44,44
772,172,44,44
777,184,44,44
782,174,45,45
775,177,45,45
783,162,45,45
779,174,45,45
783,160,46,46
779,164,46,46
780,161,46,46
779,161,45,45
777,156,45,45
773,162,46,46
768,164,46,46
762,163,47,47
754,163,47,47
754,165,47,47
746,164,48,48
745,163,48,48
743,166,49,49
736,163,49,49
731,158,49,49
732,161,50,50
739,193,50,50
719,164,50,50
715,166,50,50
711,169,50,50
709,174,50,50
709,169,50,50
708,162,50,50
721,177,50,50
718,184,50,50
721,165,51,51
722,149,51,51
722,183,51,51
719,143,51,51
725,141,51,51
723,154,51,51
724,149,51,51
717,171,51,51
724,160,51,51
735,139,51,51
741,158,50,50
741,151,51,51
743,147,52,52
746,147,52,52
752,161,52,52
753,158,52,52
749,163,53,53
747,156,53,53
745,163,54,54
750,164,53,53
747,168,53,53
740,153,54,54
734,161,54,54
728,168,54,54
714,156,54,54
702,169,54,54
706,142,54,54
701,135,54,54
699,147,54,54
689,139,56,56
681,144,56,56
677,138,56,56
665,153,56,56
660,140,56,56
653,143,56,56
646,157,57,57
639,139,58,58
630,123,58,58
623,129,58,58
623,122,58,58
617,120,58,58
615,124,57,57
611,117,57,57
611,128,57,57
608,125,58,58
605,121,57,57
607,122,55,55
603,123,55,55
602,123,54,54
602,124,54,54
605,127,54,54
599,128,55,55
603,143,55,55
594,126,56,56
593,124,56,56
591,129,57,57
598,143,58,58
585,124,59,59
586,131,60,60
603,166,59,59
589,157,58,58
594,150,58,58
587,134,58,58
600,165,58,58
602,167,58,58
614,182,57,57
603,167,56,56
597,164,55,55
583,138,56,56
583,139,56,56
593,158,56,56
604,181,56,56
618,245,56,56
610,267,56,56
625,243,56,56
624,249,57,57
623,247,57,57
620,255,56,56
637,238,56,56
640,239,56,56
626,262,56,56
627,266,57,57
636,257,57,57
640,256,58,58
636,262,58,58
646,265,58,58
649,262,58,58
651,276,57,57
667,255,58,58
671,257,58,58
664,275,58,58
684,256,59,59
685,256,59,59
693,249,59,59
721,233,60,60
704,249,61,61
703,255,61,61
707,256,60,60
682,276,60,60
702,255,62,62
702,269,62,62
703,259,61,61
710,257,61,61
700,267,62,62
687,268,64,64
695,267,64,64
696,269,63,63
690,273,62,62
698,264,62,62
686,282,62,62
692,276,63,63
683,280,63,63
687,281,63,63
684,279,63,63
685,285,63,63
689,286,64,64
673,288,65,65
680,281,66,66
678,289,66,66
674,295,66,66
676,265,67,67
679,268,66,66
673,275,66,66
678,272,66,66
683,254,66,66
670,273,65,65
650,235,66,66
649,236,66,66
665,249,66,66
644,240,66,66
639,240,65,65
664,258,65,65
668,270,65,65
667,274,65,65
686,276,66,66
691,278,67,67
688,274,67,67
686,284,66,66
681,268,66,66
689,288,67,67
681,288,67,67
676,273,67,67
683,280,66,66
679,271,66,66
677,279,67,67
681,273,67,67
684,269,67,67
645,256,67,67
650,229,67,67
662,203,67,67
686,220,66,66
689,213,65,65
702,200,64,64
699,161,64,64
707,156,64,64
715,154,64,64
724,142,65,65
727,151,65,65
737,134,64,64
744,135,64,64
749,132,64,64
752,141,65,65
753,133,66,66
753,132,66,66
760,132,65,65
757,135,66,66
758,134,67,67
762,160,67,67
784,198,67,67
790,266,64,54
790,266,65,53
789,265,64,54
788,264,64,54
787,262,64,54
785,258,64,53
783,253,66,52
781,251,65,51
779,249,63,51
774,248,64,52
770,248,64,55
767,250,62,58
762,252,61,59
760,254,59,57
756,255,58,55
754,254,58,53
751,252,60,53
750,252,59,54
748,253,59,54
746,254,59,55
743,255,59,54
740,255,58,54
737,254,58,53
735,252,56,52
732,250,54,51
729,247,51,53
727,245,48,54
725,246,43,55
723,246,42,56
719,247,41,55
716,248,40,53
718,249,39,53
718,245,40,54
719,243,41,55
718,242,42,53
720,242,43,52
722,243,43,50
723,240,46,50
725,242,46,48
728,241,48,48
729,241,47,47
732,240,47,47
732,241,47,45
733,239,47,45
734,237,47,45
734,237,47,45
734,237,47,45
734,237,48,45
734,238,47,45
733,237,48,45
733,237,46,45
732,236,47,46
729,233,48,49
727,232,46,50
725,231,44,53
723,229,41,55
721,230,38,53
719,229,37,52
715,227,38,52
714,223,40,54
714,221,40,55
713,217,43,56
714,218,45,55
716,218,47,55
720,223,46,53
723,230,47,51
726,239,46,48
726,247,46,45
722,252,46,44
721,253,44,41
720,254,45,40
721,253,46,42
721,252,46,43
718,252,46,42
717,251,46,43
716,254,46,42
716,258,46,41
714,261,45,40
712,262,45,40
714,263,46,40
711,263,47,39
711,265,47,38
713,264,48,38
713,265,48,37
714,265,48,36
715,266,50,35
718,266,49,35
714,265,49,35
715,264,49,35
714,263,48,36
714,261,48,36
712,259,47,37
714,260,48,37
713,260,47,36
714,262,48,36
713,263,47,36
714,265,47,34
716,266,49,34
713,266,50,35
713,265,49,35
712,263,49,36
709,261,48,37
711,255,48,38
711,246,48,37
706,232,53,40
705,223,55,42
705,217,57,45
707,214,57,48
709,214,58,49
713,217,59,50
716,221,59,51
720,227,58,51
723,231,57,50
725,235,56,48
728,235,55,49
728,236,56,47
730,236,56,47
730,235,56,47
729,234,57,47
729,234,56,46
728,234,56,46
728,233,57,46
727,233,56,45
726,232,57,45
726,232,57,44
727,232,56,43
725,231,57,42
727,231,56,42
727,231,56,41
729,232,55,41
731,233,55,41
735,235,52,40
736,235,51,41
737,237,50,39
736,236,51,40
731,237,51,39
727,235,53,40
725,232,54,42
723,229,54,44
721,227,55,47
721,224,56,48
721,222,56,49
718,218,57,53
712,208,60,59
708,198,56,58
697,184,54,57
690,173,51,58
677,167,51,54
667,161,50,56
659,156,48,56
652,157,46,55
650,159,45,54
650,159,48,53
654,156,49,55
661,154,49,57
670,159,48,57
679,167,50,57
690,181,49,59
701,199,51,58
706,217,53,53
711,234,53,46
712,244,52,41
715,246,52,40
715,248,51,38
714,246,51,37
716,245,51,37
714,245,49,36
715,245,48,36
714,244,49,37
714,244,50,38
712,244,49,37
715,244,50,38
715,244,50,38
714,242,50,37
713,241,51,38
710,238,53,40
710,233,52,46
710,229,46,52
711,228,40,54
708,226,38,53
704,227,39,51
700,224,40,52
695,225,53,53
697,223,39,53
696,222,37,52
691,225,38,52
687,229,39,51
682,236,42,50
671,245,45,45
675,262,45,38
672,265,49,36
674,265,49,34
674,263,46,37
675,260,45,37
673,256,45,38
675,259,45,38
672,260,43,38
672,261,43,37
673,261,43,36
674,261,43,36
674,259,43,37
675,253,44,38
674,248,43,40
681,236,45,39
677,232,49,43
678,231,52,45
678,234,52,45
682,242,49,41
683,243,47,42
683,244,47,43
684,248,49,42
683,248,49,43
679,245,48,44
679,248,48,44
678,251,48,44
678,252,48,44
674,251,48,44
675,247,48,45
675,241,49,46
679,239,48,42
679,240,48,42
678,242,48,44
675,247,49,45
675,250,49,43
676,251,50,43
678,243,49,45
680,237,48,43
673,235,49,41
671,235,49,41
669,234,48,41
667,233,48,41
666,230,49,41
666,228,49,42
668,225,49,42
667,222,50,44
669,222,49,43
670,224,51,45
673,228,51,44
675,234,50,45
677,239,51,44
681,240,52,44
689,238,55,43
692,240,54,41
696,244,54,42
698,245,54,45
701,250,53,47
704,256,52,43
707,257,53,42
708,260,54,41
709,261,54,40
708,262,55,40
706,261,56,40
706,263,56,41
705,261,56,41
706,260,57,41
705,259,57,41
707,260,55,40
707,260,56,39
707,260,56,40
707,260,55,39
708,260,55,39
707,258,55,38
708,258,54,39
708,257,54,40
708,257,54,41
707,258,51,39
708,259,51,39
708,257,53,38
708,259,52,38
707,258,53,38
709,259,52,39
707,258,52,40
705,259,51,39
705,259,52,39
702,260,52,40
699,261,54,41
698,263,54,42
692,266,51,43
692,268,50,44
687,273,51,42
677,274,51,44
678,276,47,47
684,296,47,40
685,303,50,40
684,311,51,41
678,316,52,45
681,322,52,39
682,325,52,40
684,333,52,39
684,337,54,40
683,341,56,38
682,345,58,40
681,349,58,41
679,352,58,40
675,354,58,41
667,357,62,43
664,361,60,41
660,363,58,39
656,365,57,39
653,366,56,39
651,367,56,39
650,369,55,40
638,371,55,41
625,376,53,40
609,385,51,41
591,396,50,43
571,404,50,44
557,421,50,45
550,443,49,44
536,457,49,45
529,468,50,47
522,473,52,50
520,477,54,52
521,480,54,50
522,478,50,53
523,480,42,48
534,484,46,47
539,486,47,47
545,492,44,46
534,484,55,55
544,505,55,55
516,516,56,56
516,517,56,56
515,511,56,56
504,521,56,56
512,517,56,56
512,512,55,55
523,508,55,55
565,475,55,55
576,478,55,55
585,474,43,52
591,474,43,52
599,473,43,51
606,474,42,50
615,473,43,50
624,472,42,49
638,475,40,46
639,474,52,52
652,473,42,46
657,472,41,47
663,466,41,47
663,459,44,50
671,457,42,49
676,452,43,50
678,448,42,50
683,439,43,52
685,431,44,54
690,429,44,54
691,427,45,53
696,431,45,54
696,431,47,57
696,432,49,58
701,432,54,58
713,432,51,58
736,430,47,58
765,422,45,53
778,404,54,53
783,380,61,52
784,361,59,53
782,343,56,55
782,339,52,53
780,336,52,53
781,335,52,52
779,332,54,52
778,331,55,53
777,332,53,54
776,332,52,54
777,331,53,53
780,332,52,52
782,332,54,53
785,333,54,54
787,334,55,54
790,334,55,53
793,333,54,52
795,332,54,53
798,331,53,53
801,329,54,54
805,329,52,53
808,329,52,53
810,328,51,53
812,328,49,53
812,325,50,55
809,325,52,55
806,323,52,54
802,320,59,52
800,314,63,49
799,307,60,48
794,296,61,46
790,284,61,46
780,273,60,47
765,266,55,45
747,266,53,44
732,275,47,43
722,288,50,45
715,297,46,47
709,306,51,44
710,313,50,43
705,321,48,44
694,320,51,52
694,331,57,47
692,340,57,40
693,344,56,41
687,344,55,51
685,347,58,50
682,353,58,42
677,354,56,39
673,354,57,45
668,357,60,43
663,358,58,41
657,360,58,40
652,362,57,39
646,362,56,39
637,362,56,40
630,362,56,39
625,363,53,40
616,361,52,40
601,365,55,42
588,369,53,41
576,370,55,43
564,377,52,44
552,386,55,47
541,397,53,47
521,412,58,58
518,425,48,49
507,442,50,49
503,450,50,50
499,454,49,53
500,460,43,50
504,468,46,51
508,486,45,43
506,483,47,44
508,510,58,58
513,518,58,58
508,523,59,59
507,526,59,59
517,528,60,60
516,480,61,61
550,451,48,54
556,448,46,55
562,445,47,55
567,443,48,55
575,438,49,56
582,436,49,57
589,433,50,56
596,429,50,56
603,427,49,55
608,424,49,53
611,422,51,51
616,420,50,51
617,417,50,51
618,415,50,51
621,411,50,53
622,408,51,54
623,407,51,54
625,407,52,55
627,408,52,56
627,409,52,57
627,411,53,59
629,412,58,59
636,414,60,55
644,412,63,54
661,411,62,52
680,406,60,54
701,404,57,51
724,395,55,53
737,384,51,50
765,377,46,48
773,361,56,50
780,346,58,53
782,332,60,55
783,328,59,52
781,323,59,54
778,318,59,57
779,315,55,57
779,311,52,57
779,306,57,58
781,303,56,57
784,299,56,57
788,296,56,56
791,292,56,54
794,290,57,54
797,285,58,54
800,282,57,54
803,281,58,53
804,277,59,53
806,278,57,51
806,277,58,52
805,276,59,53
805,276,59,53
806,277,59,53
807,277,58,54
807,276,58,54
808,276,58,54
808,276,58,54
808,275,58,54
810,277,56,53
811,277,56,53
813,277,56,52
814,277,57,52
816,275,55,53
818,275,54,52
817,273,55,53
817,273,56,52
817,272,55,53
815,270,56,54
812,268,56,56
809,264,60,60
807,261,61,60
805,258,64,60
803,255,65,59
802,253,66,58
801,251,64,58
800,250,59,58
798,251,56,55
795,251,57,52
791,249,59,50
788,246,60,47
785,243,58,45
778,238,61,45
771,233,59,45
765,229,56,45
756,223,53,45
744,215,52,47
733,208,50,49
729,205,45,47
720,203,44,49
711,201,47,49
710,206,46,47
712,213,45,45
724,224,42,45
727,232,44,44
731,240,44,43
735,248,44,41
735,254,44,41
738,262,44,39
739,271,44,37
740,275,44,36
740,279,44,36
738,283,48,36
735,286,51,37
734,290,51,38
732,294,53,39
733,298,52,40
734,301,53,41
736,305,52,42
738,309,51,42
741,312,51,43
740,316,51,44
738,319,51,45
733,320,52,44
727,319,52,44
721,317,53,44
718,317,50,43
715,315,49,44
713,316,49,45
710,316,51,43
709,314,49,41
712,310,47,39
711,310,46,39
706,298,49,49
706,302,44,37
706,297,44,37
706,293,42,38
707,287,42,38
706,281,43,38
708,278,43,37
710,277,44,36
709,273,46,38
704,268,46,41
705,261,45,42
712,254,49,45
718,250,50,42
727,248,48,39
731,246,50,40
735,247,49,40
741,250,48,40
747,255,47,39
755,266,47,35
756,272,46,36
763,276,47,35
773,277,47,34
787,277,46,35
801,277,48,34
818,278,48,34
829,276,48,35
834,277,48,36
835,277,49,35
838,281,47,33
839,282,46,34
852,290,44,35
864,296,45,35
865,298,45,36
866,299,46,35
870,301,46,36
869,300,48,37
867,301,49,38
871,301,49,36
873,301,50,38
872,299,51,38
876,300,52,39
878,300,53,40
876,300,53,39
875,301,52,40
877,305,51,40
878,308,51,42
874,308,48,43
872,312,48,44
882,324,42,44
882,331,40,45
888,336,41,43
888,336,41,44
892,336,42,43
895,336,44,44
898,331,45,45
906,331,49,42
914,328,49,37
916,321,48,38
918,313,50,37
919,307,50,37
919,303,48,38
919,298,47,38
917,295,48,37
918,292,47,38
918,290,48,38
919,288,48,38
918,286,48,38
919,279,48,38
918,274,49,39
915,269,49,39
910,260,47,39
907,255,46,39
901,249,44,38
898,245,43,38
891,244,45,37
886,240,46,38
875,237,50,41
864,234,52,42
849,230,51,41
825,226,54,42
803,228,50,41
781,237,44,38
753,239,45,40
733,254,42,39
719,263,42,40
710,276,45,42
702,287,48,42
689,292,50,41
684,298,53,42
680,304,52,41
675,311,49,42
670,314,50,42
665,317,51,41
659,319,52,43
657,319,54,43
656,321,53,43
650,318,54,44
644,315,55,44
634,307,56,42
624,301,53,41
614,295,52,41
605,291,52,41
598,288,53,42
595,289,54,43
592,290,55,43
582,290,60,48
580,298,59,49
574,307,58,49
565,314,54,45
568,320,47,49
543,334,51,51
531,361,43,48
517,375,45,52
502,389,52,54
489,409,51,53
478,432,47,53
467,457,44,51
462,484,43,51
455,484,43,44
435,484,50,50
451,501,38,40
455,506,37,42
454,506,39,43
473,489,50,50
473,501,46,45
464,505,52,52
460,512,46,45
456,508,54,54
456,507,54,54
454,504,54,54
470,504,46,47
475,510,46,35
472,509,47,37
471,511,47,36
470,513,46,35
469,514,46,35
468,513,47,35
467,513,48,35
468,513,47,35
468,514,47,36
466,514,47,35
467,512,48,35
468,512,47,35
468,514,47,35
469,515,47,36
467,513,47,35
468,513,47,35
469,514,48,35
467,513,48,36
468,512,48,36
467,511,49,37
467,511,50,37
465,512,50,38
467,513,49,36
464,513,50,38
469,513,49,37
464,513,51,39
465,512,51,39
465,511,51,38
466,513,49,37
467,512,49,36
467,513,48,36
467,511,48,36
467,510,49,36
466,510,50,37
466,510,50,37
467,511,50,37
465,510,51,38
465,510,51,38
466,510,52,38
464,511,52,38
463,508,53,38
464,510,52,38
463,511,51,38
463,511,53,39
462,510,53,39
461,511,51,38
459,512,51,38
458,511,51,38
459,513,50,37
458,515,49,37
459,514,49,36
459,515,51,37
458,515,50,37
457,514,51,37
456,513,53,39
456,514,52,38
455,515,52,38
457,514,52,38
457,515,51,38
456,516,51,38
457,515,51,37
460,517,49,37
458,514,50,37
459,515,50,37
456,515,51,38
457,515,51,38
457,514,51,37
456,516,50,36
459,514,52,37
458,512,54,37
457,510,57,40
454,507,57,43
453,504,58,45
452,501,57,48
451,499,57,49
450,499,57,51
450,499,57,51
446,502,57,51
442,508,60,48
440,512,59,46
439,514,60,46
439,513,61,47
440,512,60,49
441,508,61,53
443,504,60,57
446,503,59,57
450,502,59,58
456,500,57,60
463,498,56,61
472,496,56,60
484,497,51,56
498,490,50,56
512,487,47,54
525,483,46,51
536,481,45,48
545,478,44,47
552,478,43,47
556,473,45,48
562,469,45,48
566,468,44,46
568,465,44,45
572,459,45,45
574,456,46,44
575,454,48,42
581,450,47,43
586,449,49,41
591,446,49,42
597,447,49,42
601,445,50,43
606,445,51,44
615,444,49,47
622,443,49,49
629,444,51,46
649,443,46,47
653,441,45,45
657,433,47,46
665,427,50,45
672,419,50,45
680,402,49,45
696,391,50,48
699,378,51,47
702,366,56,46
704,352,59,49
707,340,57,53
711,334,56,51
713,330,55,50
714,327,57,50
715,324,59,51
717,320,60,53
720,317,61,53
725,313,62,54
729,309,62,54
734,304,62,56
739,303,63,55
744,301,61,54
750,299,61,53
754,296,60,53
757,293,60,54
759,292,61,55
759,291,61,55
760,289,61,56
758,288,61,57
755,286,64,57
752,286,64,57
749,285,62,56
744,284,61,54
739,284,60,52
736,284,56,51
728,286,55,50
722,287,49,52
716,293,46,52
703,296,47,53
685,307,60,60
684,313,46,52
680,317,48,50
677,320,48,50
678,330,48,50
681,336,49,54
688,343,53,59
695,347,57,60
695,345,58,60
696,344,57,59
695,343,57,59
695,341,55,59
695,338,55,58
697,336,50,58
698,333,46,55
698,329,43,51
695,322,44,47
686,319,44,44
680,313,45,43
665,297,50,43
662,296,48,41
633,287,50,43
628,285,52,44
623,284,52,43
623,285,55,44
623,287,55,44
625,288,57,44
626,291,56,44
628,289,56,45
630,292,55,45
633,293,54,44
635,296,52,44
642,302,52,42
652,311,52,42
656,317,52,43
657,321,52,43
660,325,54,43
661,327,54,43
659,329,53,41
655,329,51,39
648,328,52,38
636,322,52,39
632,318,49,38
634,314,47,37
613,311,51,39
601,309,50,39
596,310,52,40
589,308,53,41
585,308,54,41
580,308,54,41
576,309,53,41
572,309,50,40
569,310,48,40
566,310,47,39
562,310,46,37
573,314,43,42
555,321,48,41
529,328,52,44
520,337,49,46
512,353,44,42
493,371,46,44
477,395,48,43
464,411,48,44
449,430,46,45
432,455,47,45
417,467,50,45
409,475,51,46
407,477,54,46
408,477,51,47
411,474,42,44
425,480,46,43
433,482,43,38
431,482,50,50
434,479,51,51
399,501,51,51
384,508,51,51
385,503,51,51
384,503,51,51
384,498,52,52
445,448,47,50
455,443,44,55
457,445,43,56
459,448,43,57
464,451,43,57
467,452,44,58
472,454,46,58
479,455,46,58
485,455,46,59
493,456,45,58
502,454,45,58
508,453,45,57
514,451,46,57
519,450,48,57
524,447,48,58
528,444,50,59
531,440,51,58
535,438,53,59
540,436,54,58
546,435,54,58
552,435,54,58
559,435,54,58
566,435,53,57
572,435,53,59
579,435,53,58
584,435,55,60
590,434,53,61
596,435,54,61
602,433,56,62
610,433,55,62
617,432,55,61
624,434,55,60
632,434,53,59
638,432,54,59
646,428,55,60
652,424,56,60
657,420,56,61
661,416,58,61
667,414,58,61
673,416,55,58
676,420,56,58
680,420,57,58
687,420,57,59
695,419,59,60
714,417,56,61
738,408,50,59
765,394,49,58
779,380,58,54
785,363,64,55
790,346,61,60
788,339,58,57
787,337,55,55
788,337,50,53
788,337,50,52
789,337,51,53
790,336,50,53
791,336,50,53
793,335,49,54
794,333,49,54
794,331,49,54
794,327,51,55
793,324,54,55
792,321,53,54
791,317,55,55
791,311,55,56
790,306,56,56
790,302,57,56
791,296,57,56
795,288,55,55
797,282,56,56
800,275,54,56
804,270,54,54
806,265,54,52
806,260,54,50
804,252,53,50
802,246,53,50
797,235,59,58
792,226,58,59
786,219,57,58
780,211,56,58
771,199,56,62
762,193,55,61
754,189,51,61
747,191,49,60
740,198,48,56
732,208,50,51
727,221,50,47
723,234,52,43
715,249,51,42
707,253,51,42
703,254,51,42
698,253,52,44
698,250,52,44
697,243,52,43
696,240,51,42
696,235,51,42
694,233,51,42
693,232,50,42
693,231,50,41
693,232,50,42
692,232,51,43
694,232,51,42
693,233,51,43
695,232,51,43
694,232,51,43
698,231,50,42
696,231,51,44
697,229,52,44
697,227,52,45
697,227,53,45
698,226,53,46
698,225,54,48
700,228,54,47
699,228,55,49
699,232,55,48
696,237,56,50
