521,132,305,435
521,129,305,435
521,128,305,433
521,126,307,433
524,122,304,435
529,120,303,434
530,117,305,437
533,116,305,436
537,117,302,437
537,115,306,438
539,118,304,438
541,120,302,439
541,125,300,438
537,127,303,441
538,134,299,437
535,136,300,436
533,135,304,433
534,133,301,435
535,132,302,434
535,133,300,434
535,127,304,440
537,129,301,434
538,126,300,437
537,124,301,438
537,120,300,437
534,119,303,439
532,121,302,438
530,123,302,441
527,129,301,440
526,134,300,438
524,137,302,438
522,141,302,438
521,144,301,438
523,148,299,436
526,149,300,435
530,150,298,433
534,150,298,433
536,144,299,436
536,141,299,437
534,140,301,436
532,139,301,439
529,143,300,437
525,145,303,438
523,147,301,439
520,148,302,442
516,150,306,442
514,151,307,443
516,155,302,444
517,157,300,443
515,157,304,444
511,159,303,443
506,154,307,444
501,149,308,445
499,145,309,442
494,137,313,446
492,133,312,448
487,128,315,453
483,126,316,456
475,125,319,458
471,121,323,460
468,117,323,464
467,119,323,463
466,118,323,465
463,116,327,468
460,114,330,470
461,110,331,475
460,110,330,475
458,108,332,480
450,112,337,479
442,112,340,481
430,113,341,483
417,112,345,485
402,113,345,484
383,109,351,490
361,103,361,499
350,99,360,492
338,96,364,489
331,92,364,489
330,92,367,499
329,93,366,503
331,91,368,499
331,96,368,500
331,101,365,502
331,106,364,492
331,114,367,507
326,122,365,491
322,127,365,494
318,133,367,500
317,142,360,488
317,150,357,490
312,159,359,480
309,158,362,485
317,153,360,491
305,150,366,466
316,152,360,475
322,150,366,484
329,140,366,490
333,137,367,494
337,120,373,490
344,112,374,493
347,100,380,499
349,91,384,503
352,92,381,507
356,91,377,505
358,97,376,506
356,98,375,505
352,102,374,504
348,95,378,503
343,87,382,511
350,98,379,509
348,107,377,497
351,103,384,512
356,113,381,510
360,128,377,505
357,135,378,496
359,139,381,501
356,143,383,493
364,149,377,496
356,148,379,492
355,149,381,491
356,144,379,487
350,142,385,475
362,136,378,493
365,131,378,483
381,127,377,495
379,128,379,475
379,124,381,478
382,128,379,481
383,125,380,493
382,125,383,499
379,138,379,480
380,143,373,472
379,148,373,479
372,153,368,457
370,154,367,458
364,147,372,460
361,154,366,456
353,156,365,440
353,153,363,451
345,149,366,451
346,142,371,452
344,138,376,451
343,128,385,452
353,127,379,455
360,125,381,459
368,120,381,466
360,117,376,443
360,117,374,441
364,116,374,450
358,113,374,445
347,110,374,445
338,99,385,455
339,90,391,467
326,78,380,452
320,55,389,458
310,36,385,452
302,18,384,449
296,9,383,449
306,4,385,457
306,15,374,439
310,25,381,445
308,27,377,443
295,27,363,420
294,29,371,436
296,34,370,446
293,39,376,448
285,45,375,449
265,50,372,431
268,53,373,447
250,59,368,432
255,64,363,439
238,68,367,424
244,75,364,427
255,78,359,433
230,82,361,409
231,82,364,420
237,76,364,424
222,66,360,411
238,51,354,415
234,31,360,415
255,13,354,427
282,18,350,432
273,11,344,415
270,9,355,415
274,-7,352,411
274,-23,354,414
280,-38,361,426
302,-12,363,433
319,10,351,418
380,47,338,420
396,99,320,417
404,133,311,395
400,172,325,392
405,180,319,453
397,211,316,387
400,188,313,445
393,211,310,440
404,212,310,441
414,243,274,372
389,216,288,376
373,234,295,373
355,209,303,379
352,195,301,384
349,192,297,376
349,175,300,382
351,156,298,384
351,118,307,394
335,104,318,389
284,87,315,385
278,84,320,389
286,71,328,389
283,57,321,386
281,45,322,384
277,28,314,376
264,18,314,378
243,-8,320,374
235,-15,327,381
229,-14,319,387
221,-21,330,391
209,-16,327,390
216,-26,330,391
228,-22,326,395
211,-8,320,396
214,1,317,397
216,22,321,395
225,21,323,400
211,-3,331,390
217,-7,333,399
182,-6,338,395
188,-11,334,403
177,-11,338,394
163,-16,336,399
154,-37,339,407
167,-43,341,411
167,-47,348,414
181,-43,345,411
190,-38,346,410
191,-32,349,414
196,-23,352,415
200,-20,351,413
208,-6,348,411
245,-7,342,416
245,-1,348,417
231,8,338,407
244,19,339,414
241,21,343,417
249,29,340,418
256,39,343,423
262,54,339,419
264,73,339,419
261,73,341,416
263,70,340,412
261,83,339,413
262,78,342,409
271,87,332,416
273,90,338,410
274,79,344,412
270,73,338,412
271,60,340,420
270,63,342,420
278,58,339,420
276,54,337,412
268,42,341,417
269,36,339,416
279,36,336,416
286,31,338,415
282,39,331,420
288,47,332,421
287,46,336,426
292,46,336,426
289,59,336,426
282,62,336,426
273,53,336,429
282,61,341,432
277,63,344,433
282,68,344,436
275,61,345,433
263,61,342,438
259,63,345,432
261,67,348,438
264,51,350,436
258,43,357,440
244,51,356,442
245,52,355,434
230,42,356,438
241,33,358,431
235,31,357,427
238,28,352,428
240,29,353,435
232,23,355,436
232,20,355,430
234,27,353,431
248,33,353,445
251,16,351,438
265,37,352,451
251,40,352,450
252,33,352,445
251,30,355,448
242,23,356,454
251,28,356,451
238,24,360,454
236,13,360,444
233,12,355,432
229,9,353,429
218,3,358,429
218,1,358,427
222,-8,357,422
228,-5,362,429
225,-3,364,429
208,-10,368,433
218,-13,366,433
233,-18,359,425
219,-22,359,430
215,-15,367,439
234,-34,357,426
214,-41,368,431
228,-45,370,432
213,-55,372,437
207,-57,380,452
210,-58,381,453
218,-48,376,446
214,-46,370,443
235,-35,374,443
233,-55,376,446
223,-46,372,439
229,-41,367,439
228,-39,370,440
231,-33,376,448
239,-42,367,440
240,-41,372,443
236,-30,371,450
227,-28,368,459
220,-19,362,446
224,-9,369,449
210,-17,360,447
200,-22,368,443
222,-9,364,451
222,-2,365,445
211,-12,366,444
213,-6,367,438
201,-3,361,438
208,-3,364,429
184,6,359,430
193,3,358,433
187,1,358,436
187,10,362,438
180,15,359,441
189,24,354,438
195,35,353,438
191,42,354,443
187,33,353,441
182,35,351,434
188,43,358,448
185,35,358,444
185,46,358,446
186,45,356,446
186,42,359,448
184,39,361,447
187,38,356,442
183,44,359,439
181,47,360,448
192,42,360,450
175,39,362,449
192,43,359,451
186,40,360,450
179,44,362,454
197,50,355,446
192,58,357,450
185,65,359,447
218,54,354,449
192,51,357,448
211,57,359,451
210,53,357,451
213,57,356,455
206,49,356,455
203,53,361,455
213,53,362,458
215,55,354,445
217,43,360,446
225,51,362,446
220,57,361,446
214,56,370,453
207,52,368,454
220,61,364,450
208,50,360,450
212,54,368,452
207,48,365,450
205,44,370,452
215,41,372,452
204,23,377,453
197,32,380,461
197,28,380,464
206,38,377,468
205,24,380,464
200,22,380,461
202,38,376,458
203,46,380,461
205,40,383,464
204,34,386,471
198,33,384,473
206,40,385,471
209,37,388,472
213,37,380,461
208,38,379,459
215,45,382,459
217,47,381,464
221,46,384,466
218,51,383,468
219,53,381,462
219,38,385,462
211,38,385,461
204,42,385,463
202,44,381,459
192,39,384,463
202,40,387,464
199,46,384,461
188,43,384,461
202,38,385,448
189,48,381,457
189,34,380,451
192,33,382,456
197,47,379,454
194,47,375,449
202,41,378,449
219,51,372,450
197,42,369,440
196,51,372,443
198,52,369,440
191,40,370,443
198,39,376,439
189,42,365,437
196,46,361,432
188,44,363,433
191,39,364,435
188,39,364,439
189,36,361,439
202,42,364,442
194,26,371,451
201,33,371,454
202,39,373,458
195,32,364,451
197,32,370,450
194,25,368,451
192,28,365,448
192,30,368,451
202,33,362,443
202,28,357,438
197,25,362,442
192,28,361,449
198,23,361,448
200,17,362,449
198,22,359,444
202,22,357,443
208,32,360,446
202,30,351,439
194,25,351,438
196,34,351,436
204,45,353,430
200,55,354,429
204,58,352,421
211,57,351,412
222,57,352,411
216,55,354,411
221,62,356,417
228,75,361,415
241,90,356,416
267,87,358,412
286,85,353,414
294,80,359,421
301,91,354,425
315,99,350,418
323,105,342,410
337,98,338,411
327,99,339,404
325,88,337,398
319,78,334,400
319,73,332,396
326,88,326,406
332,98,321,404
346,114,309,399
364,127,297,391
415,120,315,443
330,118,318,447
79,-58,324,456
67,-82,321,452
90,-69,313,441
105,-94,310,437
137,-55,308,434
134,-71,310,437
130,-97,315,444
126,24,312,440
149,-26,306,431
199,2,303,428
126,8,301,425
264,132,297,419
365,134,297,419
493,159,298,420
488,138,303,427
558,103,304,428
299,39,304,429
310,79,302,426
260,-13,299,422
277,72,299,422
482,66,300,423
364,118,279,371
284,97,315,371
226,62,307,340
210,37,300,328
214,38,297,329
225,23,292,323
235,5,287,322
246,-0,289,326
263,-26,289,325
287,-40,291,320
309,-55,287,321
325,-60,285,320
354,-61,290,327
378,-51,287,327
396,-45,288,327
417,-46,291,322
418,-31,281,319
438,10,284,317
443,34,276,323
429,24,277,333
427,19,280,328
406,13,286,329
392,30,294,335
372,13,290,338
366,28,305,342
368,23,306,336
327,-20,305,341
308,-55,301,350
330,-52,319,345
367,-46,312,334
320,-71,304,337
337,-65,311,335
328,-49,314,340
279,-55,315,343
240,-55,313,346
203,-65,304,360
190,-43,300,351
183,-12,290,340
148,0,283,336
124,13,277,331
92,20,278,328
65,35,273,322
50,43,277,328
20,60,266,333
-1,72,259,334
-10,91,263,329
-13,112,272,327
-23,99,276,342
-15,114,285,340
-20,127,273,337
-12,125,266,333
-6,131,266,333
6,128,267,329
18,124,270,333
62,133,278,321
105,134,273,315
148,147,269,317
170,136,262,312
183,145,261,313
187,127,265,315
207,125,262,319
231,136,266,320
247,133,268,322
252,135,262,317
271,152,257,312
281,158,260,311
274,163,255,313
267,177,259,318
268,194,259,317
259,196,259,313
241,198,257,319
222,196,253,319
204,193,262,322
190,185,258,318
173,176,259,320
159,175,251,316
148,176,251,315
144,170,253,314
123,173,248,310
118,170,250,312
107,169,252,316
97,183,242,310
99,182,251,316
92,194,250,318
84,211,246,316
85,212,253,321
73,210,250,317
85,207,262,327
79,198,254,324
80,181,257,324
92,184,263,331
96,174,266,333
105,174,273,336
113,143,271,337
124,148,285,344
129,143,287,349
126,120,287,352
136,120,294,359
137,109,295,361
126,91,289,364
127,103,288,359
136,110,299,362
123,103,291,361
126,122,294,358
107,112,291,362
117,119,299,364
119,100,301,374
117,108,303,374
121,94,304,381
123,112,304,377
121,93,307,382
119,93,303,379
125,85,307,387
126,94,310,384
116,93,307,387
115,91,308,387
121,95,311,386
135,107,317,390
130,117,317,386
121,101,308,384
131,98,304,382
135,118,298,373
140,116,305,376
144,98,313,387
154,97,318,390
145,102,310,389
156,105,315,392
152,92,304,388
168,108,308,385
164,111,310,387
152,109,305,388
162,128,305,381
147,118,304,386
156,146,309,379
161,161,298,384
156,163,287,385
161,159,289,382
165,168,292,385
159,169,289,384
163,163,290,385
159,158,284,386
165,174,296,387
159,168,292,390
158,165,293,385
162,175,287,379
165,173,286,370
165,181,281,366
161,186,285,368
149,185,285,373
158,180,296,372
154,188,288,364
150,195,291,363
153,173,293,366
152,188,292,362
148,175,289,363
155,177,297,365
152,176,290,364
157,151,283,363
166,161,285,361
169,139,286,363
171,147,286,364
184,131,296,371
174,128,285,368
181,127,288,371
192,132,297,372
179,144,293,370
180,139,288,368
184,147,289,365
172,153,284,362
187,162,291,364
181,161,286,360
186,148,291,365
183,158,284,362
180,158,284,360
193,152,289,362
182,138,282,362
164,113,283,362
164,123,281,354
155,106,280,355
159,106,291,357
157,103,286,350
148,99,283,347
151,88,290,350
146,94,290,343
125,80,294,342
122,85,297,339
127,75,305,349
114,80,295,339
115,81,301,341
119,73,294,344
123,79,288,343
120,75,283,339
122,69,293,342
121,71,292,345
126,75,292,350
124,84,287,347
121,71,285,344
135,92,286,342
124,85,283,350
128,89,287,348
126,84,287,345
123,92,281,344
122,99,282,340
122,98,278,339
129,103,277,339
129,103,272,332
124,96,270,332
134,105,266,328
130,99,269,330
140,107,268,332
137,101,265,328
136,95,264,328
148,104,264,326
153,85,266,335
159,83,265,332
174,93,263,329
182,91,270,334
188,88,274,338
187,89,273,334
192,98,273,330
197,94,276,328
191,87,272,325
192,86,268,326
185,96,272,329
186,89,276,338
181,95,272,337
177,97,272,341
165,94,267,338
161,104,270,336
162,99,276,339
162,92,286,344
151,97,277,333
152,102,277,333
150,104,276,332
148,104,276,332
146,113,276,335
150,116,281,335
148,125,277,329
147,121,281,334
146,130,270,323
160,140,273,325
166,133,275,326
157,128,273,326
159,124,278,331
163,126,278,327
160,122,274,329
159,114,269,326
170,110,274,331
179,107,275,336
179,101,278,341
182,102,282,342
196,100,277,341
204,94,277,338
203,105,277,337
209,95,274,334
222,97,272,332
226,89,269,332
236,94,271,327
224,95,264,325
223,80,264,327
221,79,269,328
225,86,266,323
223,79,259,320
245,80,257,319
249,75,255,319
252,65,255,316
245,58,255,316
244,43,251,308
244,30,250,298
252,18,251,295
244,-13,255,303
242,-27,267,310
243,-38,267,309
229,-48,269,309
203,-61,266,307
180,-80,271,305
162,-108,240,350
157,-89,277,305
148,-89,273,304
148,-88,271,300
157,-84,268,296
145,-84,266,297
165,-65,262,291
175,-55,255,285
192,-40,262,293
203,-43,257,292
217,-50,259,294
220,-51,263,298
230,-54,258,292
238,-68,255,290
251,-75,253,290
262,-78,256,290
264,-92,259,292
253,-99,228,334
239,-105,248,301
232,-94,230,299
226,-112,226,330
220,-112,236,297
212,-132,242,302
187,-130,232,295
161,-136,224,275
141,-147,215,314
142,-132,210,271
142,-132,206,267
126,-150,206,301
109,-147,202,295
92,-145,200,291
29,22,202,294
4,20,203,295
157,225,203,295
213,382,201,291
258,434,202,292
366,345,202,291
525,206,203,292
520,195,205,295
565,210,202,291
555,212,203,293
782,206,204,294
819,256,206,297
889,274,202,291
923,312,199,287
997,308,197,284
1071,262,200,288
1078,292,199,286
1084,319,200,288
1080,381,198,285
1084,355,198,286
1097,401,197,284
1092,356,195,281
942,59,195,281
627,63,195,282
502,56,203,274
520,52,204,281
550,35,211,286
582,30,204,283
572,39,208,292
557,89,216,303
543,115,231,307
580,130,222,307
605,140,222,306
621,165,223,308
646,197,222,304
653,197,226,305
657,174,232,306
669,157,232,309
680,146,234,311
688,139,230,307
690,131,232,306
690,127,234,311
692,126,234,313
667,124,243,325
668,136,237,320
636,120,241,321
641,110,238,317
627,101,240,322
606,108,240,326
584,110,236,320
547,99,247,323
500,105,254,332
481,101,256,334
456,88,263,342
450,79,261,344
464,71,253,337
462,62,250,340
457,63,255,341
443,57,258,342
442,33,259,343
471,32,261,343
478,27,264,345
490,25,269,350
499,34,271,354
511,43,266,351
518,62,270,353
522,82,279,367
526,109,283,370
523,122,288,380
529,142,291,382
540,173,287,373
550,205,292,372
552,215,290,372
549,214,288,369
543,210,287,368
546,216,286,363
546,204,284,369
538,201,283,367
555,216,284,363
555,218,280,366
554,226,279,365
536,221,289,370
535,223,290,370
535,223,289,366
529,204,286,372
538,213,287,373
532,218,285,368
520,219,284,365
506,217,284,363
506,208,282,364
519,212,274,356
486,196,276,355
467,174,272,353
456,170,276,350
456,156,274,347
467,152,270,339
472,131,267,345
446,113,276,347
451,103,274,345
456,99,275,346
454,88,267,339
459,89,274,344
472,88,271,343
465,71,269,342
470,79,267,342
451,80,277,349
465,87,276,349
471,97,278,354
449,78,276,352
459,86,274,352
461,93,270,350
457,106,276,352
470,120,275,350
476,116,272,352
473,115,280,356
475,105,273,355
476,98,276,353
481,104,279,357
478,98,277,359
467,96,280,359
467,107,281,362
461,99,282,366
447,105,281,361
452,124,281,359
420,113,286,360
416,130,288,360
425,146,285,361
405,151,291,362
404,145,295,369
394,139,295,370
385,138,299,365
375,126,303,371
386,130,298,370
373,113,300,373
384,128,296,367
372,115,300,370
372,119,300,366
365,111,298,364
368,112,289,355
354,115,295,361
356,105,288,355
350,101,295,361
353,108,294,360
355,109,294,362
368,115,290,356
360,101,290,358
371,104,288,355
381,109,287,351
403,114,283,344
404,114,283,352
425,122,270,343
423,113,267,341
428,113,265,342
430,126,272,346
426,125,274,345
430,124,274,350
418,126,281,350
432,134,271,344
427,135,275,347
406,122,275,346
407,127,272,339
407,136,273,337
402,131,268,336
399,124,273,337
403,122,271,336
418,119,269,337
412,104,275,341
422,108,283,349
422,108,283,347
418,99,285,350
418,92,281,345
415,94,287,349
435,103,280,346
436,104,280,349
442,122,287,354
438,121,285,355
459,134,284,355
457,128,285,357
450,119,288,360
450,116,284,360
464,118,283,361
467,118,283,359
457,105,285,360
463,111,284,353
466,108,277,353
443,94,287,356
451,96,285,354
446,91,276,350
443,101,278,352
435,111,283,350
422,110,285,355
424,119,283,356
421,123,287,356
422,111,282,359
433,134,283,355
427,120,278,354
434,124,278,350
441,123,275,348
443,112,273,348
434,103,272,345
429,103,277,351
421,107,282,354
424,110,282,350
431,116,286,358
422,114,288,358
439,118,287,363
428,108,289,366
451,134,285,359
450,130,286,364
448,141,293,362
430,119,292,365
428,125,293,365
428,127,289,362
421,110,288,364
403,108,293,362
409,104,284,353
398,86,286,352
392,81,284,356
405,89,284,355
424,86,281,358
421,82,284,363
401,84,287,376
388,102,292,377
381,139,300,381
367,141,301,388
354,160,307,384
365,179,307,385
351,170,311,386
344,153,312,385
323,134,317,390
303,85,314,393
270,66,328,391
258,38,321,385
247,19,320,379
231,-17,316,381
235,-33,321,387
248,-37,326,384
253,-31,330,386
273,-23,329,386
281,-18,322,386
320,-1,314,384
358,10,314,388
383,16,313,387
406,14,321,396
430,24,316,397
459,39,323,407
456,22,321,403
462,33,327,406
468,33,326,404
475,28,326,405
474,26,321,403
476,42,323,411
476,43,330,414
488,49,325,414
497,52,329,414
500,59,327,411
503,64,330,419
504,78,331,423
498,62,329,424
503,81,318,417
492,62,327,425
492,82,337,431
472,74,342,442
455,80,337,445
446,78,344,456
433,82,343,452
417,78,341,459
400,86,339,455
389,77,344,460
384,78,344,462
400,96,350,453
406,85,346,456
422,84,352,467
411,100,331,445
424,79,336,452
422,78,338,447
420,78,343,438
425,90,338,429
426,81,343,432
421,83,344,443
422,77,355,469
410,75,341,468
401,81,327,467
421,80,339,479
417,80,338,481
410,97,335,476
405,93,339,484
402,92,331,486
411,95,336,488
399,91,333,488
392,107,338,468
403,89,344,461
397,78,345,464
387,79,338,460
398,77,333,453
397,66,333,453
396,68,337,448
381,60,326,447
389,57,325,463
382,55,324,469
394,57,340,463
380,51,330,453
362,54,323,437
359,40,315,430
344,47,315,419
348,27,309,420
344,33,313,423
349,21,317,439
363,25,317,432
369,38,314,416
394,25,323,412
403,20,318,400
425,22,312,393
437,17,318,397
453,8,322,401
465,18,317,397
486,25,321,398
486,28,315,400
493,41,319,403
493,41,318,408
499,47,323,416
513,48,330,422
525,53,330,424
536,64,330,418
536,57,324,416
532,51,318,405
539,62,311,402
544,48,307,407
544,47,304,398
560,54,304,394
562,59,302,394
568,46,307,400
570,47,303,395
569,48,305,395
569,63,293,387
571,51,299,393
569,55,300,390
580,74,289,384
579,69,290,380
575,64,290,381
579,59,294,384
575,54,291,377
576,54,294,380
576,50,293,383
578,59,289,378
587,58,297,388
585,69,292,386
582,66,290,388
585,75,289,378
593,70,289,378
592,78,284,370
592,77,287,372
587,74,283,363
585,68,285,360
576,72,286,358
565,63,288,358
557,67,289,359
553,64,291,360
546,71,289,357
556,69,287,359
555,67,293,360
554,64,296,355
549,70,287,346
564,68,280,343
571,69,281,336
583,72,281,336
590,65,283,338
603,61,275,339
618,68,267,336
611,66,258,327
611,68,257,322
623,75,266,331
620,90,263,334
612,99,258,329
623,121,259,338
610,112,262,333
619,104,267,340
621,101,267,333
625,107,260,330
641,113,260,329
661,132,258,332
671,129,264,335
685,151,261,338
687,154,265,336
695,169,264,336
698,162,265,333
700,158,270,336
705,179,261,330
715,180,259,336
718,169,263,341
726,158,265,346
718,149,265,342
722,147,266,341
714,148,265,340
699,149,265,344
697,154,266,347
680,161,265,345
682,157,267,348
668,166,263,341
659,175,263,344
659,179,260,339
656,185,259,339
655,183,262,348
647,178,268,353
639,173,268,351
631,177,260,340
626,169,262,337
612,169,260,340
609,173,258,345
590,158,265,343
585,162,259,339
574,166,255,331
560,162,256,333
547,164,259,333
533,164,258,333
530,167,256,337
515,162,255,332
511,158,254,336
502,147,258,334
502,156,250,332
497,149,251,333
496,142,248,333
504,131,248,330
499,128,242,321
505,115,244,324
504,110,247,326
486,110,244,323
491,98,251,330
480,89,253,332
486,94,253,335
477,93,249,331
470,82,252,330
478,88,251,337
482,88,254,337
482,83,258,341
478,85,257,337
485,89,252,333
503,84,253,341
504,81,257,339
512,84,261,342
522,88,263,344
522,90,266,346
529,95,268,346
525,94,269,351
539,92,273,352
537,98,270,347
531,101,269,345
539,110,265,356
541,111,263,355
551,119,257,352
550,111,257,350
556,117,255,350
553,96,260,354
562,106,256,352
560,98,258,355
561,98,259,356
564,105,255,354
571,105,256,357
568,93,260,358
576,93,260,359
562,85,266,360
562,84,270,362
569,91,268,360
555,92,270,355
552,99,265,353
552,104,263,353
551,107,263,354
549,107,267,354
540,106,267,355
541,108,265,350
536,113,262,351
533,119,263,351
529,119,264,352
526,118,269,351
536,122,270,354
526,123,266,350
531,122,266,348
523,116,269,348
531,127,266,353
528,120,269,356
530,122,266,351
531,124,266,355
543,125,267,354
539,122,263,349
536,118,266,358
541,114,269,357
531,111,271,361
528,88,276,365
515,63,274,368
524,65,276,370
511,64,274,363
521,80,268,360
507,62,275,361
504,53,274,357
513,43,274,357
508,38,268,359
507,26,269,354
510,18,268,349
523,28,268,353
502,14,276,350
500,20,274,350
499,18,277,361
487,-1,284,357
484,4,285,362
475,6,289,361
478,11,291,361
466,11,287,363
475,21,288,360
464,25,283,361
461,28,283,374
456,31,284,372
457,40,282,381
453,46,284,375
445,55,280,377
445,78,276,378
446,91,273,363
449,106,268,361
440,101,270,365
444,106,272,356
440,122,261,353
435,123,259,347
434,113,267,349
429,109,267,352
435,120,265,349
417,111,266,349
424,115,268,353
421,119,264,355
428,126,263,349
416,124,267,354
426,135,263,353
425,138,260,349
430,143,259,345
425,148,257,341
433,156,254,339
434,147,257,342
444,151,258,343
445,152,261,346
444,155,257,345
450,152,262,349
444,145,263,348
445,147,260,343
453,151,258,338
454,158,252,336
446,153,258,340
453,158,259,342
452,163,254,340
458,167,255,338
456,182,250,336
447,172,251,332
450,176,252,333
438,170,253,337
433,172,254,340
439,162,260,339
427,163,261,347
422,156,258,345
436,165,258,342
424,162,256,338
423,164,260,342
433,170,258,342
425,171,252,336
428,170,251,339
427,158,257,341
432,154,256,346
425,139,260,343
432,145,255,340
431,142,256,337
435,135,261,343
439,135,258,341
446,123,261,340
449,126,256,340
442,116,259,342
445,116,263,343
448,118,258,340
451,119,258,344
453,110,261,341
450,112,263,344
452,115,261,345
461,112,257,336
459,119,258,346
449,112,260,345
450,119,255,339
456,115,259,342
447,107,258,345
446,119,249,344
444,111,253,345
433,98,258,340
430,103,257,345
426,101,262,345
417,102,263,347
419,98,271,357
409,83,278,354
412,93,277,360
419,85,283,359
409,81,285,360
407,95,283,366
398,89,289,367
397,82,296,373
391,85,291,368
397,93,292,375
395,96,286,371
393,92,292,373
398,98,285,365
396,104,279,365
398,97,293,369
407,99,284,376
406,112,274,372
409,107,275,368
402,109,274,368
409,114,272,365
416,115,270,358
411,117,268,360
414,119,269,358
418,125,269,358
407,121,267,358
409,119,272,363
403,118,270,358
411,121,270,360
410,122,271,362
412,128,261,354
412,130,261,352
416,133,259,348
416,134,258,349
409,130,261,351
418,140,256,347
416,140,256,344
421,142,259,345
415,147,259,347
417,145,257,346
404,135,260,347
414,130,261,348
393,120,268,355
411,131,264,352
410,142,258,347
412,143,266,352
407,146,264,348
422,126,272,350
424,114,271,352
441,124,262,353
447,115,260,348
459,88,259,353
499,74,265,357
512,54,263,357
533,45,258,353
555,41,257,353
573,40,254,344
592,50,253,338
606,64,245,339
610,64,239,330
618,88,244,334
623,129,232,336
620,151,237,336
604,152,237,332
597,148,232,327
592,138,233,324
599,119,230,312
616,118,236,327
639,126,234,326
656,137,225,311
675,153,217,304
695,170,218,302
720,187,219,302
742,192,220,306
755,187,218,303
759,169,217,307
751,170,208,305
752,177,207,300
735,165,207,295
721,155,210,295
710,165,222,285
679,152,209,282
655,148,209,280
643,135,209,278
617,121,206,279
590,128,208,285
575,132,204,282
577,119,211,291
584,115,213,289
581,104,208,289
583,103,207,288
588,115,215,288
580,120,211,287
564,141,203,285
580,176,210,279
570,241,194,265
568,275,196,261
538,260,197,257
522,244,194,258
528,206,202,264
522,178,206,260
536,171,205,260
515,143,197,258
497,131,200,255
493,105,209,258
481,69,204,264
474,61,198,265
486,55,201,261
490,54,202,268
509,68,209,269
503,83,207,273
506,75,207,274
513,89,210,272
509,88,208,275
513,91,211,274
511,93,211,273
500,90,212,275
509,94,214,274
494,115,217,277
481,142,226,281
464,140,223,280
469,123,219,275
463,99,212,276
461,98,215,279
459,129,219,274
445,132,221,277
428,120,224,285
413,138,231,287
383,141,230,289
352,138,220,290
315,168,216,285
328,192,224,288
312,186,223,286
338,186,226,290
343,193,228,287
399,177,226,286
424,175,232,296
403,144,231,303
391,138,231,308
381,149,230,304
340,187,230,301
369,144,230,316
335,137,230,316
335,159,231,308
315,175,231,301
289,190,231,297
277,211,234,292
273,191,226,298
266,193,227,298
227,214,232,297
226,230,229,298
223,241,232,298
220,241,234,301
218,245,237,302
224,241,236,304
221,243,237,308
226,250,241,309
227,254,240,308
235,251,238,308
243,253,241,308
251,252,242,312
258,269,234,307
262,265,230,305
278,248,242,317
294,238,253,319
301,245,252,320
311,235,250,320
322,240,261,326
330,232,274,337
356,223,280,335
358,217,281,332
351,207,274,336
346,179,266,325
365,158,277,329
365,156,269,326
351,155,267,326
361,154,278,335
336,162,265,328
325,164,254,325
321,172,253,319
294,185,247,317
276,186,234,309
258,189,231,304
241,192,230,300
233,192,224,296
230,192,230,301
220,192,228,300
228,191,228,299
234,194,220,289
236,193,218,286
241,191,218,283
248,186,213,284
255,187,216,286
258,189,217,288
260,194,209,277
259,197,210,278
261,202,214,280
263,202,214,276
263,207,211,275
265,214,211,278
270,214,218,284
267,215,213,278
267,213,214,278
266,210,216,280
254,206,217,277
259,203,215,275
252,203,215,279
234,217,207,275
222,229,204,277
213,235,206,273
203,227,208,272
193,226,212,272
190,218,219,280
178,222,223,277
179,230,226,279
163,240,230,280
153,250,234,277
135,257,237,270
142,252,243,277
133,247,241,274
141,247,239,273
153,256,242,276
149,261,242,274
147,262,248,280
146,263,249,282
151,262,248,283
162,270,249,293
200,271,262,306
194,267,264,304
222,262,268,319
213,252,275,322
186,251,266,306
166,242,255,294
175,232,258,298
177,222,258,297
221,199,240,343
198,206,264,301
179,186,253,293
182,182,252,295
186,181,254,294
187,177,251,292
192,173,246,288
203,177,244,283
201,168,245,283
201,157,245,282
203,164,246,280
206,157,236,271
211,152,235,269
216,155,232,264
212,147,231,261
232,154,229,255
237,149,230,255
250,142,233,256
257,140,232,251
273,149,229,248
272,148,227,243
282,155,230,243
275,147,233,245
280,146,232,250
276,146,232,258
268,154,227,258
254,151,229,255
246,158,232,257
231,168,232,256
222,172,230,254
204,176,231,256
195,172,232,265
198,178,226,263
206,174,222,263
217,178,224,261
221,180,225,262
240,179,229,257
243,174,229,262
264,172,236,262
278,169,228,260
284,171,229,262
296,168,232,265
303,162,231,267
316,167,234,271
317,172,237,274
313,177,241,277
310,170,248,280
302,173,245,282
282,169,245,287
272,157,248,289
265,158,243,286
262,168,243,283
268,175,243,280
270,178,246,285
286,178,244,282
294,179,241,278
302,174,245,286
309,174,244,285
322,181,249,287
330,181,244,284
347,180,250,286
355,189,248,285
359,187,249,284
353,190,246,284
352,185,245,283
358,190,249,283
351,178,246,285
354,168,248,288
360,163,248,287
359,161,244,290
356,154,250,297
366,151,254,298
359,158,248,301
362,153,250,297
375,155,246,293
369,145,249,293
368,145,248,299
370,142,247,296
371,139,250,298
365,141,245,296
364,144,247,292
354,148,246,291
333,144,241,288
323,148,238,288
302,152,240,292
294,149,240,295
283,157,242,299
275,161,245,299
269,167,241,296
272,173,238,292
270,185,235,291
283,189,227,283
275,188,229,283
278,195,228,282
280,187,231,280
283,199,233,285
288,190,229,279
288,191,232,279
299,190,233,278
297,189,231,278
299,187,229,274
296,184,228,271
297,184,230,276
299,180,236,280
299,184,227,272
300,187,229,272
305,180,226,266
308,178,219,260
309,192,215,254
320,194,214,250
334,201,207,247
341,200,209,248
347,201,206,246
352,205,203,242
356,207,204,240
369,206,207,245
367,211,206,242
365,219,210,244
366,221,208,241
366,224,204,236
375,222,210,242
382,222,212,246
379,218,215,245
387,215,221,251
388,213,222,250
389,214,225,251
393,209,224,251
392,203,228,251
395,197,227,249
394,191,230,246
399,192,233,247
413,183,235,249
409,194,228,234
429,189,224,236
429,189,220,231
431,188,221,239
425,189,222,240
417,192,229,243
401,214,227,240
405,219,224,240
407,220,227,244
406,210,225,246
393,205,231,251
386,211,236,256
377,209,237,258
376,205,240,263
367,206,240,261
365,203,242,265
365,211,242,265
356,219,243,261
355,224,234,253
368,213,239,259
374,209,239,257
380,203,237,254
396,182,242,262
400,171,241,263
405,173,247,270
405,172,237,261
413,167,240,267
426,165,247,271
429,160,246,267
438,162,248,268
450,161,250,267
455,163,251,267
460,159,258,272
461,150,255,270
471,151,255,270
472,147,256,273
471,149,257,271
463,148,256,270
459,146,262,278
439,157,257,274
430,164,256,276
418,169,257,277
404,161,262,279
394,168,263,279
387,178,268,285
381,196,257,272
377,199,265,281
372,212,260,281
364,214,267,282
361,214,268,285
353,217,268,289
338,231,269,288
330,238,265,285
331,245,265,287
317,251,261,282
322,254,265,282
319,254,263,280
317,247,265,280
318,236,266,278
327,226,266,280
327,216,268,279
321,199,279,284
324,187,281,291
325,186,282,294
319,182,281,290
325,183,283,292
326,188,282,291
331,187,283,294
332,192,280,288
330,200,282,287
333,214,282,291
332,220,281,292
338,216,289,300
334,222,285,292
333,229,284,291
333,244,282,291
335,253,282,294
327,262,283,296
315,261,286,292
307,265,282,295
299,263,287,298
297,264,286,298
289,268,280,292
286,262,285,296
290,262,280,290
296,250,279,291
300,257,279,288
295,251,284,290
306,239,268,293
310,242,267,297
309,242,261,293
307,243,260,294
309,249,258,296
296,252,253,293
297,255,248,292
289,255,249,293
292,254,252,297
299,253,251,296
296,263,249,291
302,260,249,288
302,259,250,282
311,250,254,284
313,257,258,280
319,248,260,281
323,254,263,279
332,246,265,281
337,242,270,281
338,235,271,279
350,238,273,278
363,242,274,282
365,248,275,282
366,245,278,284
371,248,282,287
374,240,281,286
374,242,285,289
385,242,282,291
382,241,286,290
390,245,284,288
396,237,285,294
390,236,288,291
401,237,288,294
395,235,284,288
401,234,285,290
402,234,285,289
410,226,286,288
409,225,281,284
417,224,285,286
418,224,280,282
419,221,282,285
423,221,284,286
419,214,285,285
421,213,288,288
423,217,283,286
416,216,284,284
426,218,281,287
419,223,284,284
417,227,282,285
412,222,283,283
413,217,290,291
411,225,286,289
410,212,292,296
409,218,292,293
404,215,293,292
409,224,282,285
412,222,283,290
405,213,288,290
411,210,290,295
418,201,296,302
418,212,291,295
417,208,293,294
418,212,291,286
422,208,286,285
431,219,283,281
431,222,283,284
423,217,293,290
425,218,289,289
416,222,289,287
417,220,290,289
418,218,292,290
410,214,297,293
417,211,298,299
409,214,295,294
423,215,298,299
434,208,297,303
428,205,301,299
433,203,299,297
443,198,298,303
428,201,298,294
435,197,299,296
435,192,299,299
441,199,297,300
437,191,303,303
440,195,302,301
440,203,300,295
450,198,298,302
443,198,298,297
447,200,294,299
443,193,300,303
442,197,300,301
441,194,298,298
450,198,295,297
463,196,301,307
472,192,302,308
475,192,303,308
491,194,302,306
506,192,302,308
513,195,298,298
527,191,307,311
530,192,302,304
544,199,299,305
542,203,298,298
549,214,293,295
557,213,296,297
554,225,288,289
558,226,288,289
558,220,294,296
561,220,292,294
568,224,293,298
556,220,295,295
559,219,289,294
557,211,292,293
556,208,287,290
556,207,288,291
547,212,288,287
546,209,288,290
548,198,293,301
540,200,295,300
527,203,298,303
