766,139,77,119
766,138,77,120
768,138,77,119
767,137,77,119
768,136,77,120
768,136,77,119
769,133,76,122
769,133,76,122
768,133,76,121
767,129,76,123
767,129,75,123
765,125,75,129
763,122,74,125
764,123,73,125
761,119,74,125
760,118,75,127
757,116,74,127
756,117,74,125
757,116,73,125
752,113,74,129
753,114,74,127
750,113,73,126
750,112,73,128
750,111,74,126
750,112,73,122
750,111,73,120
747,111,75,116
748,112,74,120
749,112,73,122
748,113,73,121
748,112,74,121
747,114,74,118
748,116,73,118
749,118,72,118
748,117,72,115
748,118,73,116
746,119,71,114
746,119,71,114
746,119,71,113
742,119,71,113
741,118,72,112
736,119,72,114
731,123,72,109
731,122,73,110
727,125,74,109
726,125,75,110
725,128,74,109
725,127,74,109
725,128,74,109
723,131,75,110
723,130,74,110
722,131,74,112
722,136,72,111
722,134,72,111
720,138,72,113
720,137,70,113
717,142,71,113
716,142,72,113
717,142,71,113
715,147,72,110
715,146,72,112
714,154,71,109
715,156,71,113
715,157,71,111
715,161,72,113
716,161,72,113
717,163,71,113
715,163,71,113
716,164,70,113
714,165,71,114
713,166,71,115
710,166,72,118
707,165,72,119
706,166,73,118
705,165,75,118
702,165,73,117
701,163,74,116
701,163,74,117
701,163,74,116
699,163,72,116
699,162,72,115
696,159,72,117
691,156,74,118
691,158,74,117
687,155,73,118
687,154,73,118
683,150,74,120
682,150,74,120
682,150,74,120
679,149,75,120
679,150,75,119
677,149,75,120
673,147,76,121
674,150,76,120
670,146,76,119
670,146,76,120
668,144,75,121
668,143,76,122
667,144,74,119
662,143,75,120
665,142,74,122
661,143,74,119
659,144,74,118
658,145,74,118
656,143,75,121
655,143,75,120
650,148,75,115
652,145,76,117
650,145,76,117
649,144,76,116
650,143,76,117
646,147,75,114
645,147,74,112
648,145,74,113
645,148,74,112
644,149,73,112
641,150,72,111
642,152,71,110
642,150,71,111
638,154,74,113
639,152,74,113
635,159,74,114
632,162,74,115
631,163,75,116
627,166,75,116
629,166,74,115
626,170,76,119
627,168,76,121
627,174,78,119
627,175,77,119
627,176,78,119
625,174,80,123
625,175,80,125
625,175,79,124
619,174,84,126
619,174,84,125
618,174,83,124
617,173,83,125
611,170,86,124
611,171,87,125
611,171,87,124
606,168,87,123
606,167,86,121
604,167,87,120
606,164,85,122
605,165,85,122
605,161,85,123
604,163,85,123
602,161,87,124
601,160,87,124
602,161,86,124
600,159,86,122
600,157,87,126
601,157,88,127
604,154,90,129
602,154,87,125
599,155,87,121
599,153,88,124
598,152,91,123
599,153,91,124
598,152,91,122
600,149,93,128
596,150,95,124
599,151,93,124
599,148,94,127
597,147,94,125
597,150,93,127
598,148,93,127
599,150,92,128
599,150,92,126
601,151,91,126
597,149,91,127
596,152,88,127
596,149,88,128
593,151,88,126
591,152,88,127
591,154,86,125
591,155,86,124
584,160,89,127
586,160,88,126
586,161,88,125
579,164,87,126
578,165,88,129
576,166,89,131
574,171,89,132
574,170,88,131
572,173,90,133
571,174,91,133
571,174,91,132
569,176,93,135
569,176,92,134
571,174,94,139
571,176,95,138
571,176,93,136
570,183,95,137
569,180,94,136
571,180,99,139
570,180,98,139
569,178,103,144
568,176,102,144
571,176,102,144
573,175,101,144
571,172,101,144
572,171,100,143
574,170,103,146
569,171,102,141
574,166,101,142
574,169,104,144
569,168,106,141
570,167,106,142
568,169,107,140
571,166,104,139
573,165,104,140
572,163,104,140
569,162,107,137
570,161,106,137
570,158,109,142
573,158,106,141
568,158,111,139
572,159,112,141
574,157,110,141
576,159,108,141
577,158,108,139
576,159,108,139
578,159,108,138
575,159,109,137
576,157,109,138
576,156,110,141
571,160,112,136
575,157,110,140
572,158,111,137
571,159,109,139
570,160,110,138
574,158,109,138
570,163,108,137
572,161,108,136
570,164,108,138
569,164,108,139
567,168,106,141
569,169,105,139
570,170,103,138
565,174,105,138
560,177,108,140
559,176,108,140
555,183,105,141
555,182,106,142
552,190,107,142
553,188,106,141
551,194,106,142
553,195,106,142
550,193,106,143
552,196,107,147
552,202,108,143
549,205,109,144
552,204,111,147
552,206,110,147
551,205,112,152
555,203,113,150
555,202,112,152
557,200,109,150
559,201,109,149
557,201,110,149
554,200,110,147
559,198,109,146
562,192,107,146
558,191,109,148
559,188,109,148
552,188,114,150
553,181,112,149
556,182,113,150
554,182,113,151
557,176,112,153
554,173,112,147
559,171,113,152
565,168,112,153
556,171,113,149
562,170,112,149
565,167,113,153
560,168,112,149
567,168,113,153
561,170,114,150
563,165,113,150
568,165,116,154
571,163,113,153
572,163,116,154
568,163,115,152
573,165,117,155
573,166,116,154
572,166,119,154
570,168,119,154
570,168,119,153
576,168,115,149
576,171,117,152
574,171,116,152
577,174,116,152
573,178,117,153
579,181,116,150
582,178,115,149
583,184,118,155
583,185,118,154
584,184,117,153
586,191,116,152
590,197,117,154
592,195,116,155
595,203,114,155
595,204,114,155
603,211,116,156
605,209,118,160
608,217,119,159
609,215,119,157
607,217,119,160
614,222,114,155
616,227,114,163
617,225,112,161
621,225,113,164
618,229,114,168
622,228,117,170
622,229,117,168
623,230,119,168
625,230,119,167
622,230,120,170
623,230,121,167
632,231,121,167
626,232,120,163
628,229,123,167
632,227,123,169
632,225,123,168
627,225,123,165
626,218,124,165
633,219,124,167
630,220,125,168
629,216,127,163
635,216,129,165
643,214,125,165
643,219,125,158
639,217,127,157
646,215,129,159
642,214,130,160
647,217,131,160
649,213,128,158
646,215,131,160
648,216,131,162
650,214,134,168
656,216,132,169
656,217,131,169
662,220,130,172
661,224,129,167
656,222,132,170
657,226,131,169
655,227,133,171
658,229,132,170
656,228,131,173
655,233,129,170
653,235,131,172
655,238,127,168
652,240,129,170
652,249,127,172
650,248,126,172
654,251,125,172
654,253,124,172
656,251,123,169
654,254,123,173
656,262,122,172
654,264,123,179
650,267,124,182
652,265,125,181
649,272,128,184
649,272,129,188
650,275,131,192
648,276,132,193
649,277,130,190
649,282,135,201
649,284,136,201
652,284,135,201
650,284,138,204
651,282,138,204
647,284,136,201
651,280,137,205
647,277,141,206
646,278,140,203
647,277,142,207
642,276,139,200
647,267,133,196
644,268,136,198
657,260,127,195
644,262,130,189
641,253,131,185
643,255,131,186
644,246,131,185
643,245,131,185
644,246,131,188
650,238,128,188
647,233,132,182
647,233,130,180
644,225,133,178
646,223,135,181
648,217,133,178
656,218,134,185
650,210,135,181
649,210,135,179
648,210,137,182
650,208,133,185
651,200,132,195
655,199,129,194
640,202,137,200
640,199,139,204
637,195,140,201
632,194,144,201
634,193,139,196
631,195,142,202
631,195,140,197
633,194,138,197
628,195,140,195
626,193,141,197
622,199,142,199
624,197,141,197
627,196,144,195
626,200,144,196
623,201,150,198
622,200,149,199
621,202,148,199
614,207,151,204
615,208,148,204
618,208,148,201
619,211,144,203
623,212,143,202
620,217,143,205
619,216,144,204
625,221,141,207
630,220,139,208
626,220,141,208
638,222,135,200
621,231,140,203
629,228,140,206
628,227,144,210
626,224,141,208
638,215,139,206
627,214,143,210
634,209,145,209
641,208,144,212
641,209,144,211
641,200,145,215
641,185,143,207
648,182,141,209
655,172,140,213
656,173,140,213
660,166,141,208
666,165,137,209
674,146,135,226
654,153,143,211
661,157,140,213
661,149,140,211
655,139,140,208
669,140,138,213
678,137,138,214
678,139,140,215
672,137,140,211
659,132,140,207
658,134,143,209
666,133,143,213
648,133,146,209
679,149,144,220
642,129,149,222
645,131,149,224
632,129,154,230
632,124,158,235
632,131,162,237
625,136,164,240
622,142,162,245
626,139,165,246
630,130,166,245
626,139,167,247
625,139,163,243
624,146,163,242
648,155,155,229
626,151,160,237
614,173,158,237
617,168,161,240
638,179,161,243
641,185,162,247
633,181,164,249
627,191,163,245
643,197,165,248
641,195,164,247
645,198,159,246
648,205,162,247
655,203,159,240
651,200,155,235
657,202,161,231
656,198,153,224
651,196,155,230
654,189,156,231
654,190,156,231
661,189,156,229
668,193,161,231
655,184,152,227
652,173,151,229
660,180,153,230
655,181,155,223
659,181,154,223
653,173,144,217
658,181,150,217
658,183,149,215
653,173,145,213
658,177,146,218
669,181,147,218
668,179,145,214
660,175,147,215
635,176,143,213
646,177,147,217
637,175,140,210
623,177,141,210
622,170,141,212
607,162,137,210
597,154,138,211
604,160,141,206
544,165,141,213
515,160,143,218
505,166,147,226
501,168,147,231
513,166,151,227
514,175,155,226
499,169,154,230
494,168,155,228
526,187,151,218
506,183,158,224
548,209,154,215
554,213,152,211
552,228,154,206
549,231,152,206
549,231,153,208
538,233,150,214
542,231,151,207
539,245,148,218
546,247,149,222
544,246,149,223
555,257,152,224
554,256,153,224
559,253,152,222
559,254,149,217
559,257,150,220
560,268,147,214
568,264,144,212
569,263,146,205
572,271,147,202
567,266,146,200
574,265,144,198
574,264,143,197
571,268,145,183
578,272,139,182
581,273,137,181
605,251,130,217
589,268,134,175
586,260,139,174
584,256,141,169
578,256,141,168
586,259,138,166
575,253,142,169
585,262,137,166
577,260,140,166
576,262,139,165
571,257,139,171
572,260,138,169
561,261,139,171
558,262,136,174
554,265,139,177
552,268,143,180
550,263,142,181
554,267,142,178
552,268,141,179
553,268,146,179
545,269,143,182
553,273,147,178
541,281,145,177
537,294,146,173
530,289,146,180
528,302,147,178
524,299,147,181
531,313,148,175
533,310,148,177
523,309,150,181
526,316,148,185
530,319,148,181
534,326,148,187
526,327,146,206
528,326,145,204
535,344,142,209
532,338,146,212
537,350,146,213
532,353,149,221
539,352,147,216
541,361,152,222
532,359,155,226
539,369,151,221
539,361,153,218
543,362,150,213
547,360,154,213
542,353,153,214
551,349,154,210
553,348,154,214
557,352,154,211
556,335,155,209
553,338,156,207
560,330,155,203
559,327,156,199
556,324,158,200
559,320,156,197
558,316,158,199
549,307,159,199
546,306,161,199
548,310,159,199
550,309,160,195
548,303,161,197
546,301,162,195
548,296,161,192
552,294,160,193
557,295,161,191
561,291,161,194
552,290,162,192
552,289,161,191
560,283,158,194
560,289,158,195
558,286,158,195
566,287,151,197
551,287,152,197
552,282,151,197
543,283,147,200
543,282,148,200
539,283,149,194
544,283,149,190
547,290,150,186
545,290,150,186
551,290,151,183
555,299,148,183
563,303,147,185
547,301,152,192
557,310,148,191
553,300,151,198
569,320,150,195
568,319,149,193
567,328,156,204
562,329,157,208
559,323,156,207
566,338,148,212
582,343,147,213
580,341,146,218
604,350,142,218
605,351,141,212
628,356,137,211
627,363,136,214
603,362,133,211
579,344,127,206
527,337,122,197
550,327,131,192
590,312,129,196
591,315,128,195
625,305,130,198
624,308,130,197
645,302,135,204
644,301,136,205
667,311,136,199
666,310,137,203
674,313,131,199
680,305,134,195
691,310,138,192
688,304,135,189
685,297,139,189
677,292,142,191
673,285,144,192
676,289,145,190
679,288,141,187
674,282,142,190
683,289,141,189
672,288,142,185
672,294,141,183
675,303,139,184
664,286,142,190
667,287,141,190
660,284,140,194
665,291,139,190
662,291,134,190
663,288,133,191
669,290,132,187
660,294,135,192
657,292,139,191
653,292,138,195
649,296,145,190
648,295,146,191
646,299,147,192
645,302,148,192
640,313,145,191
642,314,142,189
640,312,146,191
638,317,146,193
636,325,145,197
641,325,146,195
636,335,147,199
633,332,145,200
631,339,153,199
632,341,153,199
622,342,155,205
618,339,152,208
617,339,153,208
619,347,149,204
621,354,147,202
615,348,150,206
616,358,150,198
625,362,147,196
625,367,149,193
628,367,149,193
630,370,148,189
621,360,147,194
625,368,152,193
623,366,152,191
617,354,149,194
621,361,149,190
617,352,148,193
615,350,147,191
618,347,147,192
623,352,147,189
616,336,145,193
619,334,143,191
618,336,141,188
620,332,141,189
625,331,143,187
622,331,144,189
617,325,141,189
619,334,141,187
620,331,142,185
612,324,140,188
606,322,141,189
607,320,143,193
607,319,140,190
600,323,142,190
601,328,144,188
598,328,146,191
592,325,148,192
589,324,151,194
587,326,151,195
583,320,150,198
581,323,150,199
575,317,155,206
577,318,158,209
574,326,156,210
573,330,153,213
571,330,153,212
557,331,153,212
556,328,154,214
546,334,151,208
545,333,154,210
543,339,154,201
536,339,155,206
540,338,155,204
543,350,155,192
539,352,159,195
531,351,161,197
542,357,159,196
544,355,156,197
542,366,160,196
537,368,161,197
537,370,157,198
540,370,157,197
533,374,160,199
530,376,163,204
539,389,160,197
536,389,159,197
539,392,161,199
538,391,161,200
546,390,154,201
539,386,156,211
548,390,154,207
548,392,154,205
549,391,154,207
554,393,155,205
557,392,159,205
551,388,163,207
552,386,166,212
553,384,165,211
560,382,163,210
557,380,163,209
563,380,165,209
562,380,165,211
557,378,166,211
562,374,167,213
573,372,163,209
573,373,164,210
566,364,167,213
567,363,168,213
571,360,164,216
567,356,164,216
570,354,158,209
566,351,159,209
570,355,155,206
568,348,152,201
569,342,152,203
570,343,151,200
568,330,150,204
569,331,152,206
565,323,155,203
563,316,151,205
562,321,150,199
564,317,149,200
563,316,150,200
559,321,149,193
549,326,154,191
556,332,156,194
539,330,156,198
541,327,154,198
533,324,152,203
530,318,152,200
518,318,153,204
518,316,156,207
516,315,155,207
513,315,156,200
507,318,162,196
511,319,161,195
508,320,162,193
508,327,161,190
500,328,163,190
510,330,163,190
502,335,165,192
503,334,166,193
501,334,167,194
501,332,171,198
498,333,173,203
494,335,173,206
503,333,172,208
496,330,173,212
507,332,167,216
502,331,167,219
507,338,169,217
507,335,172,222
506,334,173,222
515,326,176,222
516,330,181,224
510,326,182,225
523,329,180,221
517,322,184,225
519,321,184,222
517,321,186,225
524,325,186,223
519,324,185,219
521,322,185,223
537,328,184,222
533,320,184,222
530,320,186,224
535,311,183,225
535,315,185,226
540,313,178,221
544,313,179,221
541,315,179,220
539,314,181,221
540,313,184,224
540,316,181,221
537,310,180,222
537,315,185,224
531,311,184,224
533,318,183,220
522,320,185,220
527,320,188,223
518,317,191,228
512,321,191,227
518,319,191,229
498,315,200,238
480,317,201,236
504,312,192,231
495,313,195,245
473,314,204,244
477,309,200,250
477,309,200,250
483,304,189,245
483,308,190,246
489,309,186,246
482,312,186,240
495,314,182,225
506,323,178,214
495,332,181,210
488,326,184,218
492,337,183,212
495,337,183,211
499,344,181,210
498,342,179,210
506,342,176,206
500,350,178,208
506,358,178,207
501,353,183,211
509,367,178,208
493,353,186,217
503,363,180,216
505,363,178,214
512,374,177,215
508,372,178,221
509,369,177,218
523,382,172,207
530,386,168,211
527,388,169,209
527,380,171,220
543,390,166,216
551,387,170,214
548,388,170,214
566,394,163,209
569,394,159,205
564,395,160,205
573,394,159,204
572,383,159,204
573,378,159,205
576,369,156,203
578,374,156,202
582,366,159,202
577,363,159,204
590,364,156,199
595,368,155,199
591,359,152,200
595,357,153,199
597,354,154,197
598,354,153,197
599,346,154,197
602,343,154,198
603,341,155,195
599,336,155,195
612,341,156,192
606,340,157,191
609,342,157,190
608,334,157,192
615,332,157,195
615,336,158,194
612,342,165,198
614,342,161,196
610,341,160,199
607,339,159,198
617,351,155,197
613,345,157,200
613,346,156,201
610,343,155,201
610,345,159,204
608,348,159,205
608,346,164,203
608,348,166,203
613,346,163,201
612,349,162,200
613,350,161,203
610,338,163,216
602,340,164,218
607,345,165,217
620,356,162,208
621,348,164,215
629,354,163,211
623,352,165,216
627,359,166,209
629,365,164,206
631,369,163,206
632,366,163,205
633,368,161,204
636,364,159,210
647,374,160,210
647,372,160,211
650,370,167,211
652,371,167,212
656,372,169,211
661,371,169,210
674,383,164,205
674,382,165,206
678,385,161,201
665,377,167,205
672,366,165,206
674,367,164,206
683,361,168,207
682,362,164,205
695,353,163,209
690,351,166,213
695,339,163,215
699,344,161,214
697,340,163,216
704,335,162,212
713,331,162,211
709,326,159,210
725,334,153,201
729,335,152,200
731,328,152,193
733,328,150,191
730,319,149,193
734,326,148,191
736,325,145,187
739,327,146,183
737,310,147,183
732,303,146,183
727,293,149,183
733,298,145,180
733,294,146,179
730,292,146,181
737,293,145,178
741,295,142,175
739,292,140,173
735,274,131,209
729,278,141,175
737,288,141,174
734,277,137,175
734,278,135,174
729,242,128,203
741,272,130,175
710,229,127,200
737,261,133,180
746,271,130,177
704,229,135,184
691,225,136,185
662,223,146,179
670,226,147,183
669,223,146,181
666,235,150,185
666,236,146,183
663,242,144,185
662,241,143,186
667,240,143,184
654,248,138,187
650,252,141,187
646,255,143,191
644,256,142,199
650,259,146,195
645,264,145,199
643,267,146,201
648,282,145,192
644,275,145,198
646,279,144,196
651,292,135,188
647,287,132,191
634,294,133,204
602,310,131,214
605,309,131,215
596,327,133,208
595,328,135,211
593,338,142,205
595,341,141,202
590,346,144,204
605,350,139,191
601,348,141,195
608,353,136,188
613,353,132,185
607,351,133,186
582,346,137,191
585,346,139,188
575,345,133,181
582,345,134,183
571,344,135,182
578,348,135,177
575,344,135,179
577,340,134,178
572,329,133,181
576,330,134,181
580,325,135,188
574,320,139,190
578,316,138,191
574,315,139,191
581,315,137,193
578,304,138,197
573,306,139,195
576,295,138,196
576,295,134,191
581,298,132,189
581,290,130,189
582,290,131,191
577,287,135,193
578,288,136,193
579,288,133,191
564,277,138,192
564,273,138,198
555,264,141,197
562,268,139,197
566,267,138,195
562,267,141,199
567,261,139,199
558,265,142,201
558,267,145,202
556,266,144,201
549,265,146,204
554,265,144,203
550,272,144,197
555,272,148,195
554,273,150,195
564,266,143,200
563,264,144,201
579,259,126,202
572,270,141,193
567,266,142,194
577,271,135,190
579,272,133,188
593,263,120,193
602,252,119,191
599,258,118,189
603,250,116,185
604,262,113,181
648,257,109,174
727,237,107,171
761,227,106,169
755,244,107,170
743,222,106,169
758,252,106,169
774,266,105,167
771,261,106,168
757,245,106,169
759,293,105,167
757,316,104,165
753,317,104,165
754,305,102,161
774,312,103,162
767,321,101,159
783,313,101,160
802,303,101,160
829,266,100,159
830,273,101,160
834,269,101,160
852,259,100,159
829,293,101,160
826,299,101,161
832,303,101,160
842,303,100,159
880,263,100,159
874,289,100,158
858,299,101,159
889,267,102,160
874,301,101,158
893,285,100,158
894,279,99,157
873,316,98,156
889,318,97,155
907,284,97,155
941,249,97,155
942,267,95,152
934,288,94,150
941,298,93,148
948,284,93,148
948,300,93,148
946,300,92,146
981,302,90,143
971,293,91,144
980,280,90,143
982,296,90,143
1061,232,90,143
1014,282,89,141
1003,310,87,138
1002,309,86,136
1037,283,86,135
1011,310,85,133
1025,306,84,131
1018,318,83,129
1019,315,83,129
1035,318,82,127
1081,295,80,125
1047,314,80,125
1058,316,80,128
1057,319,78,126
1066,325,78,127
1067,324,79,126
1084,325,77,125
1081,326,76,126
1084,326,76,123
1088,332,75,126
1093,337,74,125
1094,341,72,122
1104,341,72,119
1102,340,71,120
1107,346,70,118
1107,348,69,117
1120,348,68,115
1118,350,68,115
1122,349,67,111
1132,353,65,107
1134,357,66,110
1134,357,65,110
1139,361,66,108
1139,358,66,111
1143,360,64,107
1142,364,64,105
1150,362,64,106
1147,363,64,107
1147,362,65,109
1154,363,65,108
1159,367,64,107
1161,364,63,106
1167,367,63,105
1169,366,62,103
1173,372,63,104
1171,372,63,105
1177,372,64,107
1179,369,64,107
1178,370,64,107
1184,371,64,106
1188,376,64,103
1186,378,64,103
1193,377,64,104
1193,378,63,104
1203,379,63,102
1204,377,62,101
1214,380,60,99
1214,380,59,98
1216,379,58,98
1220,384,59,97
1222,390,57,98
1222,390,57,98
1224,394,56,99
1223,395,56,100
1225,401,56,97
1225,398,56,99
1226,403,56,99
1228,402,55,99
1229,403,54,99
1230,409,54,99
1228,419,58,92
1233,409,53,101
1235,414,51,99
1234,415,51,97
1232,423,56,88
1234,425,51,95
1236,428,50,96
1239,423,49,95
1236,428,50,94
1225,453,50,93
1230,457,48,92
1228,459,48,92
1231,467,47,88
1232,461,47,89
1233,468,53,83
1236,466,46,88
1236,469,46,88
1237,468,46,88
1238,466,46,87
1240,468,45,87
1241,475,45,87
1241,481,44,86
1231,504,51,81
1233,502,45,84
1233,517,50,78
1236,510,45,80
1241,520,43,73
1242,521,42,71
1241,522,42,72
1245,519,48,75
1246,527,47,74
1247,527,46,73
1217,532,45,72
1186,528,45,73
1200,536,44,72
1200,530,44,71
1197,560,44,71
1180,598,43,70
1172,614,43,71
1178,624,44,73
1206,608,44,73
1198,604,44,73
1222,587,44,73
1241,551,43,72
1241,536,43,72
1244,519,43,72
1242,484,42,71
1244,445,42,71
1247,428,41,69
1244,417,41,70
1246,443,41,69
1246,447,41,68
1241,422,41,67
1238,407,42,68
1245,384,36,72
1245,387,37,73
1247,400,37,72
1249,418,35,70
1248,415,36,71
1241,409,40,66
1243,395,41,67
1244,394,42,68
1247,397,42,69
1245,382,42,68
1244,347,41,66
1244,335,41,66
1248,339,40,65
1248,339,40,65
1248,325,39,64
1248,298,39,64
1248,286,39,64
1244,304,39,64
1246,353,39,64
1239,364,39,63
1247,367,39,63
1247,372,39,63
1249,366,39,63
1248,364,39,63
1248,370,39,64
1245,347,38,63
1247,328,38,63
1248,335,38,63
1248,359,38,62
1250,369,38,62
1205,406,38,62
1175,425,38,63
1170,417,39,64
1183,409,39,64
1183,413,39,64
1189,397,39,64
1191,414,39,64
1204,424,39,64
1198,414,39,65
1210,415,39,65
1205,449,39,65
1200,435,39,65
1216,451,40,66
1238,463,43,61
1238,464,44,62
1244,457,40,67
1244,445,42,65
1242,428,41,65
1245,421,41,66
1245,422,41,67
1247,427,41,67
1247,432,40,64
1245,452,42,67
1245,454,42,67
1244,457,43,66
1243,457,44,66
1243,454,43,65
1244,455,43,65
1241,448,42,65
1241,447,43,66
1241,442,45,70
1241,445,45,69
1242,441,47,73
1241,440,47,73
1241,443,47,72
1242,447,45,70
1245,442,45,75
1246,450,43,70
1245,428,43,78
1243,426,43,77
1247,430,44,69
1245,427,43,78
1247,415,41,75
1246,414,42,76
1246,403,41,73
1247,403,40,77
1246,379,40,77
1246,378,40,77
1248,367,40,76
1248,360,39,76
1246,361,40,66
1247,361,39,76
1250,370,38,77
1250,372,37,74
1251,372,37,74
1251,377,37,73
1249,392,37,72
1251,386,36,71
1252,391,34,69
1253,391,34,68
1249,407,36,60
1251,405,34,68
1250,407,37,61
1252,404,34,66
1252,396,34,65
1251,381,34,64
1250,374,34,63
1251,369,33,62
1251,374,34,63
1252,372,34,64
1248,376,36,60
1251,377,34,67
1249,379,36,60
