571,547,23,14
571,546,23,15
571,547,23,15
571,547,22,15
572,547,22,15
572,547,22,15
572,547,22,16
572,547,22,17
572,548,22,16
573,547,22,17
573,547,22,18
572,547,23,18
573,547,23,18
572,548,24,19
572,548,24,18
573,548,24,18
572,548,24,18
572,548,24,19
573,548,24,19
573,549,25,19
572,549,26,18
573,550,24,18
573,550,24,18
573,550,24,20
573,550,25,20
573,551,24,20
573,551,25,21
573,551,26,20
573,552,26,20
573,552,26,20
574,552,25,20
573,552,26,20
573,552,26,20
573,553,27,20
573,553,28,19
573,553,27,19
572,553,29,21
573,553,28,21
573,553,28,20
573,553,28,20
573,554,28,20
572,554,29,21
572,554,31,21
572,554,31,21
572,554,31,21
573,554,30,21
573,553,30,21
573,553,30,21
572,553,32,21
574,553,30,20
573,553,31,21
573,553,31,21
573,554,31,21
574,554,30,22
573,555,30,21
575,555,29,20
575,556,29,21
575,557,30,21
575,557,29,22
574,557,31,22
575,558,31,21
575,558,31,22
575,558,31,21
574,558,32,22
575,558,32,22
575,558,30,22
575,558,31,22
575,559,31,22
574,559,33,22
575,559,32,22
573,560,33,22
575,560,31,22
575,559,31,22
575,559,31,23
575,559,32,23
575,560,33,23
576,560,32,23
575,560,33,22
575,560,32,24
575,560,32,22
575,560,33,24
575,560,33,23
575,560,32,24
573,560,33,24
575,559,33,25
574,560,33,24
574,560,33,24
574,560,33,24
574,561,33,24
574,561,32,24
574,560,33,25
574,560,32,25
575,561,33,24
574,561,34,24
574,560,33,25
575,560,32,25
575,560,31,25
574,560,32,25
573,560,32,25
574,560,32,25
574,560,32,26
575,560,31,25
575,560,31,25
574,560,32,26
575,560,32,25
575,560,31,27
574,561,32,25
574,562,33,25
574,562,34,25
575,562,33,26
575,562,33,26
575,562,33,25
573,562,33,25
574,562,34,26
574,562,34,25
575,562,34,25
574,562,34,25
574,562,33,25
574,562,33,25
575,562,33,26
574,561,33,26
574,561,33,26
575,561,33,26
574,562,33,25
573,562,34,25
574,562,34,24
574,562,33,26
574,562,33,25
575,562,33,25
574,562,33,25
574,562,34,25
574,562,34,24
575,562,33,25
574,562,34,24
574,562,34,24
574,562,34,25
575,562,33,25
574,562,33,25
575,562,33,25
575,562,33,25
574,562,34,24
574,562,33,25
575,562,33,25
575,562,33,24
574,562,34,24
575,562,33,25
573,562,34,24
574,562,34,25
575,562,34,24
574,562,34,24
574,562,34,25
574,562,34,24
575,562,34,25
573,562,34,25
574,563,34,23
574,562,34,25
573,562,34,25
574,562,34,24
574,562,34,25
573,562,34,24
574,562,34,24
574,562,34,25
574,562,34,24
574,562,34,24
574,562,35,24
574,562,34,25
573,562,35,24
574,562,34,25
574,562,34,24
574,562,34,24
574,562,35,24
574,562,35,24
574,562,34,24
574,562,34,24
573,562,35,25
573,562,35,25
574,562,35,25
574,562,35,24
574,562,35,25
574,562,36,24
574,562,35,25
574,562,35,25
573,562,36,25
572,562,36,25
574,562,35,24
573,562,35,25
574,562,34,24
574,563,35,24
574,563,35,24
573,563,36,24
573,563,35,24
573,563,35,24
573,563,35,24
574,562,35,24
574,563,34,23
573,563,36,23
572,563,36,24
573,562,36,25
574,563,35,24
574,563,34,24
574,562,35,24
574,562,34,24
574,562,34,24
574,563,34,24
574,563,35,24
575,563,34,23
574,563,35,24
574,563,35,24
574,563,34,23
574,563,34,23
574,563,34,24
574,563,33,24
574,563,33,23
574,563,35,24
574,563,34,23
573,563,35,24
574,563,35,24
573,563,35,23
574,563,35,23
574,563,34,24
574,563,34,24
574,563,34,23
574,563,33,24
573,563,35,23
574,563,34,23
573,563,35,24
574,563,34,24
575,563,33,24
575,563,33,24
574,563,33,24
575,563,33,24
574,563,34,24
575,563,33,24
575,563,33,24
575,563,33,23
575,563,32,23
574,563,33,24
574,563,34,24
574,563,34,24
573,563,35,24
574,563,34,23
574,563,34,24
574,564,34,23
574,563,34,23
574,564,34,23
574,564,34,23
574,563,33,23
575,563,32,23
575,563,32,23
576,563,32,24
575,564,33,23
574,563,34,24
574,563,33,24
574,563,35,24
573,563,35,23
573,563,35,24
573,563,34,23
574,563,34,24
574,563,34,23
573,563,35,23
573,564,35,22
574,564,35,23
573,564,35,23
574,564,34,23
574,564,34,23
573,563,34,23
574,563,34,24
573,563,34,23
573,563,34,23
573,563,35,23
574,563,34,23
573,564,35,23
574,564,34,22
574,564,34,22
573,564,35,22
574,564,35,22
573,564,34,23
574,564,34,22
573,564,35,23
574,564,34,23
574,564,35,22
573,564,34,22
573,565,36,22
574,564,35,23
574,565,34,22
574,564,34,22
573,564,35,22
573,564,35,22
573,565,36,22
573,564,36,23
573,564,35,22
574,564,35,22
574,565,34,22
574,564,33,22
574,564,35,22
574,565,34,21
574,565,34,21
574,564,33,22
574,564,34,22
574,564,33,22
574,564,34,22
575,564,33,22
575,564,32,22
575,564,33,22
574,565,34,21
574,564,34,22
575,565,34,22
575,564,33,22
575,565,34,21
574,565,34,21
574,565,33,22
575,564,32,22
575,565,33,22
574,564,33,23
574,565,34,21
575,564,32,22
574,564,34,22
574,565,34,21
574,565,33,21
574,565,33,22
574,565,33,22
574,565,33,22
575,564,33,22
575,565,33,22
575,564,33,22
573,564,35,22
574,564,34,22
574,564,33,22
574,565,34,22
574,564,34,22
574,564,33,22
574,564,33,22
574,564,34,22
573,564,34,22
574,564,34,22
574,564,35,22
573,564,34,22
574,564,34,22
574,565,35,22
574,564,34,22
574,564,34,22
574,565,35,21
574,564,34,22
573,564,35,22
574,564,34,22
574,564,34,22
574,564,34,22
572,565,37,22
572,564,37,22
572,564,36,22
574,564,35,22
572,564,37,22
572,565,36,22
572,565,36,21
572,565,37,21
572,565,37,21
572,565,37,21
572,565,36,21
573,565,36,21
572,565,36,22
572,565,36,21
573,565,35,21
572,565,35,22
573,565,35,21
573,565,35,21
572,565,35,21
573,565,35,21
572,565,35,21
573,565,35,21
573,564,35,22
572,565,35,21
573,565,36,21
572,565,35,21
573,565,35,21
573,564,35,22
573,565,35,21
573,564,35,21
573,564,35,22
573,565,36,21
573,564,35,22
574,564,35,22
573,565,36,21
574,564,34,22
574,564,34,22
573,564,36,22
573,565,37,22
573,564,36,22
572,564,36,22
572,564,36,22
572,564,36,22
572,565,37,21
572,564,37,22
572,565,37,21
572,565,38,21
573,564,35,22
572,565,38,21
572,565,37,22
572,564,38,21
572,565,38,21
572,565,38,21
573,565,36,21
573,565,36,21
572,565,37,21
572,565,36,21
573,564,34,22
572,565,37,21
572,565,37,21
573,564,35,22
572,565,37,21
572,565,36,21
572,565,37,21
572,565,38,21
573,564,36,22
572,564,37,22
571,565,38,21
572,565,38,21
572,564,38,22
572,565,37,21
572,564,37,22
572,565,37,21
572,564,36,22
572,565,37,21
572,564,37,22
572,565,37,21
572,564,37,22
573,564,36,22
572,564,37,22
572,565,37,21
572,565,38,21
572,565,37,21
572,565,38,21
572,565,38,21
572,565,38,21
572,565,37,21
572,565,37,21
572,565,37,21
572,565,37,21
573,564,37,22
573,564,36,22
573,564,36,22
572,565,37,21
573,565,36,22
572,565,37,21
572,565,38,22
572,564,36,22
571,565,39,22
573,565,37,21
571,565,38,21
572,565,38,22
572,565,38,22
571,565,38,22
571,565,38,21
571,565,39,22
572,565,38,22
572,565,38,21
572,564,37,22
572,564,38,22
572,565,38,22
571,564,37,22
572,565,38,21
572,565,37,21
571,565,38,22
572,565,38,21
572,565,37,21
572,565,37,22
572,565,38,21
571,565,38,22
572,565,37,22
572,565,37,21
572,565,37,21
572,565,39,22
572,565,38,21
571,565,39,22
572,565,39,22
572,565,38,21
571,564,39,22
572,564,38,22
572,564,38,22
572,564,37,23
572,564,37,22
573,564,36,22
573,564,36,23
572,563,36,24
572,564,37,23
572,563,37,23
572,563,37,24
571,563,38,23
572,564,37,23
572,563,37,24
572,564,36,23
573,563,36,24
572,563,37,24
572,563,37,23
572,563,36,24
572,564,36,23
572,563,37,23
573,563,35,24
573,563,35,23
572,563,35,23
572,563,35,24
572,563,36,23
573,563,34,24
572,563,35,24
573,563,34,24
572,562,35,24
573,562,34,24
572,563,35,24
572,564,36,23
573,563,36,23
574,564,35,23
573,563,36,24
573,563,35,24
573,563,35,26
572,563,36,25
573,564,37,25
572,564,36,25
572,563,36,26
571,564,37,25
572,564,36,25
572,564,36,25
573,564,35,25
574,565,34,25
573,565,35,25
573,565,36,25
572,565,36,26
573,565,35,26
571,565,37,26
573,566,36,25
572,566,35,26
572,567,37,25
572,567,37,25
571,568,38,25
572,569,36,24
573,569,36,25
573,569,35,25
572,569,36,24
572,570,37,24
572,570,37,24
571,570,39,25
570,571,41,25
570,570,39,26
571,570,37,26
571,570,37,26
572,570,37,25
572,570,37,26
571,570,38,25
571,570,38,25
571,569,37,26
571,570,38,25
572,569,37,25
572,569,38,25
572,568,38,26
571,569,38,26
571,569,39,26
572,569,38,25
570,569,39,26
570,569,39,26
570,569,38,25
569,569,41,26
571,570,37,25
570,569,39,26
568,569,40,25
569,570,40,24
569,569,40,26
570,571,39,24
570,571,39,23
569,570,40,25
567,570,43,24
568,568,42,25
567,568,42,24
569,568,38,23
568,568,38,23
566,568,39,23
567,568,40,23
566,568,39,23
567,568,38,22
565,567,40,24
565,567,38,23
567,566,36,22
565,566,38,22
565,565,37,21
565,565,36,22
564,564,37,21
564,565,37,20
564,564,37,20
564,565,34,21
563,566,35,20
562,566,36,20
562,568,36,19
563,568,34,20
563,568,33,19
562,567,35,20
562,567,33,19
562,567,33,19
562,566,32,18
562,566,32,18
561,566,31,18
561,565,33,18
562,566,31,18
562,566,30,17
562,566,30,18
561,567,30,17
561,567,31,18
561,567,30,17
561,567,30,17
562,568,29,16
562,567,30,17
562,567,28,17
561,567,29,16
561,567,29,16
561,567,31,16
560,566,31,16
560,566,30,16
560,566,29,15
561,565,29,15
560,565,30,16
561,564,29,15
560,563,30,16
561,563,29,16
562,562,29,16
561,562,29,16
561,562,29,16
561,562,29,16
561,562,29,15
562,562,28,15
562,562,28,15
562,562,27,15
563,561,26,15
563,561,26,15
563,561,26,15
562,562,26,15
563,562,26,15
563,562,25,15
564,561,24,15
565,561,22,15
565,560,23,15
565,561,24,15
565,560,24,15
564,560,26,15
565,559,24,15
566,558,23,14
566,557,23,15
566,556,23,13
568,554,21,13
568,553,21,14
569,552,20,14
569,550,21,14
570,551,21,14
570,550,21,14
571,548,20,14
572,551,19,14
571,549,21,14
571,549,20,13
570,550,21,14
571,550,21,13
572,549,19,13
572,551,20,13
572,551,20,13
572,551,20,13
572,554,20,12
572,554,20,12
572,556,20,12
572,556,19,12
572,558,20,12
573,558,20,12
573,558,19,12
573,559,19,12
572,558,24,13
573,558,22,13
574,558,21,13
574,558,22,13
573,556,22,12
574,556,21,12
575,555,20,12
575,554,20,12
576,554,20,12
576,554,20,12
576,554,19,12
576,554,20,12
577,553,20,12
577,553,19,12
578,553,19,13
579,553,18,12
579,553,18,12
580,553,18,12
579,552,19,11
580,552,18,12
581,552,18,11
573,550,30,15
582,551,19,12
582,551,19,13
582,551,18,12
583,551,17,12
584,550,17,12
585,550,17,12
585,551,16,12
586,549,17,12
586,551,17,11
586,551,17,12
588,551,16,12
588,551,16,11
588,551,17,12
589,550,17,12
589,551,17,12
590,551,17,11
591,551,16,11
591,551,17,11
591,550,17,12
592,551,17,12
593,551,15,11
593,550,16,11
595,550,14,11
595,550,15,11
596,550,15,11
595,550,14,11
596,551,14,11
596,550,14,11
595,550,14,11
595,550,15,11
595,549,16,11
595,549,16,11
597,549,15,11
597,548,15,11
597,549,16,11
597,548,16,11
597,549,15,11
597,549,15,11
598,548,15,11
598,549,15,11
597,549,15,11
599,549,15,11
599,548,15,11
599,548,15,11
599,548,16,10
600,547,15,11
600,546,16,11
600,546,15,11
599,545,16,11
599,545,15,11
599,544,14,11
599,545,14,11
599,544,15,11
600,544,14,11
599,545,15,11
600,544,14,11
600,546,14,11
598,545,15,11
599,545,14,12
598,546,15,11
599,545,14,12
598,544,15,11
599,543,14,12
599,542,14,11
599,540,15,11
599,540,15,11
599,539,15,11
598,539,15,11
598,539,15,11
599,540,14,11
598,538,15,11
599,539,15,11
598,538,15,11
598,538,14,11
598,538,16,11
599,538,15,11
600,539,13,10
601,541,13,11
600,540,14,11
601,543,13,11
601,543,13,12
601,545,14,11
601,546,13,11
601,546,13,11
601,546,13,10
601,545,14,11
603,545,13,11
602,546,13,11
602,546,14,11
603,545,13,12
603,546,13,12
603,546,13,11
603,545,13,12
603,545,13,11
603,545,13,11
604,544,14,12
605,545,13,11
604,544,13,11
605,545,14,11
605,545,13,11
605,545,14,11
606,546,13,11
606,545,15,12
608,546,13,10
608,546,13,10
608,545,13,11
608,546,13,11
607,545,15,11
608,545,14,11
608,546,13,11
608,546,13,12
608,546,13,12
610,546,13,11
610,546,13,11
610,546,13,12
610,546,13,11
610,546,13,12
610,547,13,11
611,547,13,11
611,547,13,11
611,548,13,11
612,548,12,11
611,548,13,11
612,548,13,12
612,549,13,11
612,549,12,11
612,549,12,10
612,549,12,10
613,548,12,10
613,548,12,10
613,547,12,11
613,547,12,11
613,547,13,11
613,547,12,11
613,547,13,11
613,547,13,12
614,547,13,12
613,547,13,12
615,547,12,11
615,547,13,11
614,547,13,11
615,547,13,12
614,546,14,12
615,547,13,12
615,547,13,12
615,546,13,12
616,546,13,11
616,546,13,11
615,547,12,10
616,546,13,11
617,546,13,11
617,546,13,11
618,546,13,11
618,546,13,11
619,546,13,11
620,546,13,11
620,546,13,11
620,546,14,11
622,546,13,11
622,546,14,11
623,546,14,12
624,546,14,11
625,545,14,12
626,546,13,10
627,546,13,10
628,546,14,11
628,546,15,12
630,546,14,12
630,546,14,11
630,545,15,11
632,546,13,10
633,545,13,10
634,546,13,10
634,546,12,10
635,545,13,10
636,546,13,12
637,546,14,11
638,547,13,11
639,548,14,11
640,548,13,10
641,548,13,10
643,549,13,10
643,548,14,11
644,548,13,10
645,548,14,11
645,548,15,11
646,546,14,11
649,547,13,10
649,547,14,11
650,547,13,11
651,547,13,10
653,547,13,10
654,547,13,10
656,547,13,11
656,548,14,11
656,548,15,11
657,547,15,10
659,547,14,11
660,547,14,11
661,546,14,11
661,547,15,11
662,547,15,12
663,547,15,12
665,547,14,11
665,547,14,11
665,546,16,11
668,546,13,11
669,546,14,12
670,545,15,12
671,546,14,11
672,546,16,12
673,546,14,12
674,547,15,12
676,546,15,12
677,546,16,12
678,546,17,12
678,546,18,12
679,546,17,12
675,544,24,14
682,545,17,11
683,546,17,11
684,545,18,11
685,545,19,12
687,545,19,11
688,544,20,11
689,545,22,11
690,545,22,12
691,545,20,11
693,546,21,11
693,547,24,11
694,548,23,11
697,547,22,11
697,547,25,11
699,547,26,11
701,548,25,11
701,546,26,12
704,547,24,12
705,548,25,12
707,548,25,11
710,547,24,12
711,546,25,12
713,546,26,13
714,545,26,13
717,545,27,13
719,543,28,13
721,543,27,13
722,542,27,13
725,542,26,14
727,542,25,13
730,541,26,14
732,541,26,14
734,543,28,14
738,543,27,14
741,544,27,14
742,543,26,14
744,546,27,14
748,547,27,14
750,547,27,15
753,548,27,16
756,549,27,16
759,549,27,16
761,550,27,17
764,551,26,16
766,550,27,17
768,550,28,17
772,549,28,17
775,549,27,18
778,549,29,18
782,547,30,19
785,548,28,19
789,548,29,19
793,547,28,19
798,548,28,20
804,548,28,20
807,547,29,21
813,547,27,21
818,550,28,15
822,547,27,21
827,548,27,21
832,548,27,21
837,549,27,21
843,551,26,21
847,551,28,21
853,551,28,21
857,551,29,21
864,551,29,21
870,551,28,22
875,551,29,22
882,552,29,22
890,551,29,23
896,551,29,23
902,552,31,23
909,552,33,24
917,552,32,24
925,553,32,25
935,554,31,25
943,550,31,16
951,555,31,16
963,555,32,17
971,556,33,17
983,555,33,17
992,554,34,17
1002,551,34,17
1013,549,35,17
1014,552,36,18
1001,556,36,18
991,563,36,18
969,551,35,18
969,543,35,18
979,518,34,18
988,515,34,18
1006,501,34,18
1012,490,34,18
1019,497,34,18
1008,483,34,18
1012,479,33,18
1010,465,32,18
1007,456,32,18
1004,460,32,18
1029,457,32,18
1048,453,32,18
1066,453,32,18
1072,451,32,18
1080,450,31,18
1090,449,31,18
1099,450,31,18
1071,442,32,18
1084,440,31,18
1106,434,31,18
1126,434,31,18
1146,429,31,18
1158,428,31,18
1169,428,31,18
1180,421,31,18
1193,420,31,18
