581,445,141,16
585,445,140,16
589,445,136,16
589,445,135,15
592,445,141,16
594,446,134,15
599,446,131,14
598,447,139,13
597,447,140,13
600,447,145,14
604,448,150,14
607,448,147,15
609,449,147,14
610,448,147,14
614,449,144,15
618,449,139,14
619,449,144,15
619,449,142,16
619,449,144,16
623,449,141,17
628,450,133,17
632,450,133,16
633,450,138,17
632,450,140,17
634,451,141,15
638,451,141,15
641,452,131,16
644,453,132,15
646,453,133,15
647,453,129,16
650,453,122,16
650,454,127,16
650,454,135,16
649,454,137,15
655,454,128,16
654,455,135,16
658,455,130,16
658,456,137,16
659,456,136,16
662,457,136,16
665,458,133,15
667,458,136,15
668,458,139,16
668,458,143,17
671,459,135,16
672,459,136,16
674,460,133,15
675,460,134,16
677,460,138,15
678,462,132,15
677,461,132,16
679,462,139,16
680,463,135,16
679,463,136,16
680,464,135,15
681,464,132,16
683,465,134,16
684,465,143,16
683,465,145,16
685,466,144,17
687,466,145,16
687,467,149,16
686,467,151,16
685,467,153,17
685,468,152,17
685,469,154,17
688,470,153,16
692,470,149,16
688,470,150,16
688,469,151,17
689,469,164,16
686,470,153,18
683,471,167,17
684,471,164,18
695,471,181,15
681,471,176,16
685,471,172,15
684,471,172,14
683,471,171,14
685,471,165,15
686,471,167,15
687,470,169,14
689,470,165,14
690,470,166,14
695,470,176,17
696,470,165,14
699,469,162,15
691,469,154,16
691,469,151,16
693,469,145,16
694,469,148,16
700,470,143,17
704,469,163,19
704,470,160,18
707,469,162,20
708,470,153,20
709,470,165,21
712,470,165,21
708,470,166,21
713,470,168,21
713,470,172,21
718,472,164,21
719,471,167,22
717,472,162,21
716,471,166,21
718,473,163,19
719,471,164,20
723,473,156,19
724,473,155,19
723,474,155,18
725,475,153,16
726,476,154,17
728,476,145,16
727,476,145,16
728,477,143,16
729,477,140,17
734,477,143,18
733,477,145,18
732,477,150,18
732,478,146,18
733,479,148,17
735,479,146,17
736,479,141,17
734,480,143,17
738,478,145,17
737,479,145,17
732,481,139,17
736,480,135,18
737,480,136,18
734,481,134,17
736,481,138,18
730,482,134,18
730,482,133,18
732,482,135,18
732,482,133,17
732,483,133,17
732,483,135,17
734,483,139,17
733,483,138,16
733,483,140,17
735,483,143,16
738,484,146,15
736,484,146,16
737,484,144,15
735,485,150,15
733,485,153,15
733,485,159,15
733,485,158,15
733,485,157,16
734,486,159,15
734,486,157,16
734,486,160,17
731,487,155,17
731,487,155,17
732,488,153,16
732,489,151,16
731,489,152,17
733,490,142,17
733,490,146,17
734,490,147,17
734,492,151,15
736,492,151,15
734,493,150,16
736,492,150,16
737,492,141,17
737,493,143,17
736,494,146,17
736,493,145,17
738,494,141,17
740,494,144,17
739,493,149,18
739,495,153,18
738,495,154,18
737,496,151,18
739,495,155,18
738,497,148,18
736,497,148,18
735,496,147,19
735,497,143,19
737,497,147,18
735,498,146,18
736,499,146,18
735,499,146,19
737,499,140,19
736,500,143,18
736,501,147,17
734,501,153,17
734,501,151,17
735,501,150,16
734,502,157,16
735,502,153,16
734,502,157,17
734,502,156,17
732,502,150,17
731,502,145,18
733,503,145,18
733,503,146,18
732,503,146,18
733,503,152,18
732,504,149,18
729,505,152,17
732,505,156,17
732,506,151,17
732,507,148,16
730,508,144,16
731,508,149,17
733,508,153,17
732,508,156,17
734,509,147,16
736,509,151,17
734,510,149,17
736,510,149,18
736,510,150,18
735,510,151,17
734,511,147,17
734,511,148,18
734,511,146,18
734,511,146,17
734,511,140,18
733,511,138,19
731,511,136,19
730,511,137,20
731,511,136,20
729,511,131,20
726,511,136,20
726,512,140,19
726,512,139,19
725,512,140,19
726,512,137,19
725,513,140,19
724,512,149,18
724,513,153,17
723,513,154,17
724,513,153,17
723,513,155,17
723,513,161,17
723,513,155,18
723,513,152,18
722,513,160,17
721,512,162,18
720,512,166,19
722,512,159,18
721,512,161,18
721,512,159,18
719,513,158,18
720,513,159,17
720,513,164,17
720,514,161,17
721,514,155,17
721,515,155,17
720,514,151,17
722,514,153,17
722,513,151,17
723,514,156,18
721,514,153,18
723,514,148,18
721,516,150,18
723,516,148,18
723,516,151,18
720,516,145,19
721,516,151,19
720,516,144,19
721,516,145,19
720,517,140,20
720,517,138,20
718,517,139,20
719,516,138,20
718,516,137,19
717,516,135,20
715,518,136,19
718,517,135,18
719,517,133,18
718,518,135,18
717,518,135,17
719,518,133,17
718,519,137,16
719,519,138,17
719,520,137,16
719,520,137,17
719,520,135,18
719,520,139,18
719,520,146,17
719,520,147,17
717,521,149,17
716,521,151,17
719,521,150,17
716,522,154,17
718,522,148,17
719,522,150,18
721,523,147,17
723,523,149,18
724,523,147,18
723,523,148,19
722,524,149,19
724,524,152,19
723,525,160,19
721,527,153,18
721,526,151,19
722,526,148,19
723,528,153,18
726,529,148,18
727,528,144,18
727,529,144,18
725,529,146,17
725,530,147,18
724,529,150,19
723,532,149,18
724,532,147,18
725,532,150,18
722,533,156,18
725,533,150,19
723,534,146,19
723,533,146,19
722,532,144,20
723,531,143,20
722,532,137,18
723,531,141,19
722,532,142,19
721,531,145,18
720,530,149,19
719,528,148,19
724,525,145,17
724,526,144,17
723,524,143,17
725,522,139,18
724,518,146,19
724,515,150,18
726,514,145,18
722,510,154,19
723,507,158,17
724,502,159,19
726,499,155,19
725,499,155,20
714,495,175,19
716,492,175,18
714,488,178,19
713,486,179,17
712,485,183,17
720,483,170,16
701,480,195,15
716,476,160,16
713,473,156,16
712,473,155,16
713,468,160,16
714,465,170,17
718,463,152,16
717,461,148,16
719,460,149,16
718,458,160,16
720,452,161,18
723,451,145,18
721,451,148,17
722,451,145,18
722,449,147,18
723,445,144,19
725,440,146,20
725,437,147,19
726,436,145,20
724,435,141,20
721,431,137,19
720,428,139,18
724,423,137,19
722,424,136,18
724,421,135,19
724,418,143,18
725,414,143,18
728,413,139,18
727,413,138,18
724,410,142,17
723,407,147,17
722,404,143,16
719,402,148,15
723,401,145,16
721,400,142,15
720,397,149,15
723,394,147,14
723,391,142,15
722,391,144,15
720,388,140,15
719,385,146,15
720,382,156,15
720,381,158,15
719,382,156,16
719,379,154,16
716,375,164,18
716,372,161,18
717,369,153,18
719,370,157,18
721,368,154,18
716,366,152,18
711,362,155,19
711,359,156,21
711,359,158,20
711,355,158,20
714,353,165,19
716,351,157,20
715,350,157,19
713,350,151,19
713,348,148,19
709,346,155,18
714,344,160,19
707,341,157,19
705,342,157,19
706,336,145,21
705,334,147,21
703,333,143,19
705,329,146,20
705,330,146,20
703,328,139,19
704,325,138,18
702,324,140,19
702,321,149,18
701,322,147,18
702,318,151,18
701,316,149,18
696,312,162,20
694,311,160,18
696,310,160,19
692,308,153,20
696,305,155,19
702,301,158,18
697,302,154,17
694,299,156,18
690,296,141,18
687,295,142,18
689,294,138,18
691,293,137,20
691,292,135,18
689,289,135,19
690,287,134,21
691,286,133,20
690,287,135,19
689,284,139,19
688,283,134,18
688,280,134,19
687,279,142,18
686,280,136,18
685,278,136,18
683,276,137,19
687,275,128,19
683,275,134,17
682,275,132,17
682,273,132,18
678,271,135,19
678,269,134,19
676,268,136,19
674,267,134,19
674,264,136,20
676,262,132,21
671,260,128,21
666,260,130,20
666,260,130,20
667,257,124,20
664,257,134,20
662,256,129,20
662,254,133,21
662,254,132,20
660,253,137,19
661,248,135,22
660,247,127,21
654,246,128,21
654,247,129,20
657,244,125,20
655,243,124,18
658,241,127,17
657,240,129,17
657,240,127,17
659,239,142,17
653,237,146,17
655,235,139,18
658,234,141,18
656,234,142,18
647,231,140,20
647,230,141,19
643,229,140,20
641,227,142,19
642,227,144,19
641,227,134,18
636,226,140,18
640,223,134,22
641,221,131,23
636,222,135,23
636,220,135,24
636,221,140,23
637,219,128,24
632,218,129,23
633,220,139,23
629,218,137,23
628,218,135,24
627,216,136,24
622,216,137,23
624,215,132,24
622,215,127,24
621,215,135,24
619,213,123,26
620,211,118,26
620,211,115,26
615,212,127,25
617,210,121,25
614,210,120,24
612,210,125,24
616,209,118,25
618,209,123,24
615,209,123,24
610,209,126,24
613,208,120,25
614,208,116,24
614,207,112,23
611,207,118,23
607,206,123,26
605,207,124,24
607,207,124,24
602,206,122,24
605,207,119,24
602,206,124,24
600,206,126,25
597,205,130,27
598,205,130,26
594,205,131,25
593,205,136,24
593,205,134,24
594,206,133,24
590,205,133,23
590,206,136,23
588,206,139,23
586,207,148,23
585,206,141,23
584,207,149,23
584,208,152,24
582,204,142,27
578,207,158,27
581,207,160,27
574,205,156,25
572,206,159,25
571,203,145,26
565,205,151,25
566,204,151,25
563,204,147,27
558,203,145,29
557,203,148,29
561,198,131,29
563,198,134,30
563,197,133,30
561,198,133,30
557,200,139,29
559,199,139,28
561,198,141,28
561,200,148,28
561,200,138,27
560,201,140,28
563,196,132,30
559,198,139,30
558,196,137,32
558,196,135,32
569,196,133,30
561,197,135,30
568,197,133,28
563,197,130,28
550,198,134,30
545,203,135,28
550,202,138,31
554,198,134,34
550,203,135,31
549,205,139,30
546,205,146,31
545,209,149,29
553,207,144,30
546,208,143,27
547,210,145,27
551,210,151,31
553,213,160,30
554,213,155,30
558,213,154,30
558,217,162,27
562,219,152,28
557,222,164,27
553,222,166,26
557,228,167,25
557,227,148,26
543,217,148,30
543,220,150,29
544,220,152,29
541,219,134,30
539,221,133,29
533,220,117,29
534,223,130,30
532,226,135,28
533,227,138,28
531,227,131,30
532,234,150,26
533,232,142,30
533,233,145,30
535,235,140,30
535,240,158,30
538,237,147,34
541,241,155,33
535,242,153,32
541,246,160,31
537,244,147,32
544,247,142,32
543,252,153,30
543,251,149,31
550,252,146,33
552,254,143,31
552,258,148,31
556,261,145,29
552,260,147,30
558,263,140,30
557,266,140,29
563,269,142,29
565,271,139,27
558,270,138,28
564,274,145,28
555,273,140,33
560,276,145,34
552,278,151,32
557,279,156,34
557,280,143,31
553,284,147,31
555,291,163,30
555,293,160,31
555,292,168,31
554,294,169,31
536,289,155,33
534,290,150,33
530,288,138,36
530,292,151,33
530,295,158,34
531,293,144,35
533,292,142,38
531,293,133,36
533,293,135,35
532,294,132,35
531,293,126,34
530,294,118,33
534,298,129,34
532,299,123,33
534,299,120,32
535,300,125,33
537,301,135,35
536,302,131,35
539,302,135,35
541,308,152,33
540,308,135,34
544,312,152,31
548,313,145,32
551,312,144,31
546,313,145,33
553,315,141,32
558,317,147,34
565,318,151,33
564,317,148,32
569,320,153,29
567,320,150,29
564,319,139,30
570,322,137,29
568,322,136,29
567,322,138,29
564,323,140,32
569,324,141,32
573,326,145,30
574,326,146,30
577,326,149,31
578,329,149,31
581,329,148,31
585,332,145,31
577,330,149,32
579,334,150,31
589,337,154,33
580,333,156,35
579,333,155,35
574,332,146,35
578,331,150,37
576,332,139,36
583,337,152,34
580,334,141,36
582,334,136,36
579,335,133,36
583,337,144,36
586,339,139,35
583,338,129,33
587,340,139,36
593,346,147,31
596,347,140,30
597,348,145,32
598,349,150,31
597,347,132,34
603,354,148,30
604,358,149,32
608,359,151,32
606,360,153,33
612,364,157,29
614,368,163,29
617,372,170,29
620,376,172,28
624,375,173,27
623,378,177,28
626,381,173,28
631,383,171,28
633,386,166,29
635,386,166,29
630,390,160,31
631,392,160,33
634,396,157,33
636,402,157,32
636,400,159,33
639,406,163,33
646,411,161,32
644,418,166,31
646,421,166,31
646,421,163,32
650,427,171,31
646,430,162,32
647,433,162,33
648,438,163,34
648,440,165,33
643,441,152,34
644,445,155,34
648,447,155,33
654,454,153,32
651,451,148,33
655,457,151,33
655,457,144,36
661,460,143,34
659,466,139,34
660,466,142,34
663,468,148,34
667,473,150,33
670,476,151,32
669,481,152,33
670,481,149,34
676,485,157,32
674,489,166,32
674,492,168,32
676,494,168,32
670,496,174,33
671,498,174,35
666,499,184,38
668,502,181,36
665,504,185,37
665,504,186,36
661,506,186,36
657,508,191,39
655,509,186,38
649,511,179,40
647,512,175,40
641,517,170,37
638,520,167,37
638,521,173,36
635,525,174,36
635,524,173,37
631,526,176,36
627,528,184,38
626,533,184,36
620,533,182,35
624,534,183,35
622,537,190,35
616,539,185,33
609,539,179,32
604,539,180,32
603,536,179,33
595,535,181,36
587,530,173,37
582,532,173,36
573,531,169,35
574,533,165,35
570,530,170,38
564,528,169,38
559,525,169,39
552,523,170,41
553,524,170,39
547,522,170,40
541,521,168,39
540,519,165,38
538,517,164,35
538,519,157,34
536,515,162,33
534,515,161,32
533,512,157,31
529,510,160,28
531,508,161,30
527,506,151,28
525,501,158,28
521,501,167,27
520,499,171,24
520,499,168,24
520,491,180,26
515,487,175,25
513,484,168,26
514,480,164,25
513,480,163,24
511,475,157,24
509,474,153,24
507,467,156,28
507,463,158,26
507,465,156,25
507,459,156,28
507,460,150,28
505,456,153,27
515,454,151,30
514,454,151,30
510,442,153,36
514,444,150,32
514,444,148,32
524,446,149,34
508,442,144,32
505,440,146,32
496,416,151,36
501,424,146,35
491,419,141,33
492,419,144,33
481,418,132,33
483,423,135,32
478,415,130,33
480,414,127,33
482,412,133,34
479,413,131,33
476,414,136,32
471,415,138,33
471,415,143,32
470,415,138,32
466,414,140,33
462,417,139,31
462,419,146,30
458,418,144,31
459,419,143,31
457,418,150,31
459,417,159,32
455,417,161,30
455,418,168,30
455,415,162,31
449,421,168,28
449,421,161,28
446,420,163,28
442,420,166,27
441,422,158,26
441,419,172,27
442,420,176,27
437,419,176,27
434,418,176,27
433,419,177,27
431,417,179,28
429,417,179,30
423,419,175,28
423,418,166,29
425,418,168,29
423,417,166,29
417,418,163,27
409,414,162,31
415,417,161,29
416,418,159,29
420,421,160,29
400,416,163,30
347,414,256,35
392,407,152,34
390,406,142,32
392,403,143,33
384,404,134,30
387,402,140,31
386,402,134,30
386,403,138,31
389,401,137,31
394,401,136,30
392,402,131,29
394,401,128,28
394,401,128,28
397,402,137,28
404,400,133,29
404,398,127,30
412,401,138,29
409,401,138,29
413,402,138,27
416,403,145,28
416,404,144,27
432,404,151,24
432,404,148,24
433,405,153,24
447,407,156,21
445,408,160,23
444,406,163,23
445,407,160,22
454,405,162,22
462,405,158,23
466,407,160,23
474,406,166,26
473,406,165,25
477,407,164,26
485,413,158,27
490,412,155,28
491,416,155,29
488,417,157,30
497,420,153,30
499,423,154,30
505,428,160,32
510,427,154,31
507,430,157,31
515,435,163,35
515,437,170,36
523,438,173,36
512,432,165,35
515,432,164,36
505,433,157,36
516,440,159,35
517,438,154,35
518,440,143,35
517,442,142,35
523,444,148,36
528,447,146,33
531,448,145,32
535,450,148,34
535,453,146,32
540,460,147,30
543,463,149,29
546,469,152,29
556,466,161,32
552,469,160,30
560,477,163,28
564,480,164,28
569,481,171,31
570,484,172,28
575,484,176,30
579,493,174,28
583,497,178,28
585,500,180,27
586,500,177,27
587,505,175,27
590,509,175,28
595,514,179,29
599,515,181,29
602,514,179,27
603,522,184,29
609,524,185,29
611,526,186,31
618,527,183,30
618,529,186,30
613,530,181,31
621,533,179,34
629,539,180,34
629,539,175,34
622,538,178,33
626,541,173,35
639,552,168,34
632,547,168,34
611,534,159,35
610,537,157,34
604,537,160,35
606,534,152,35
604,535,149,32
607,537,156,33
606,535,152,33
610,542,152,30
608,539,152,33
611,539,152,33
609,538,151,31
611,536,152,32
609,539,151,30
613,539,154,30
615,539,149,30
616,535,153,33
616,538,151,31
617,540,155,27
620,542,157,25
618,538,149,25
620,537,155,25
621,538,154,25
624,536,154,25
628,537,160,25
628,539,166,25
629,539,168,24
628,539,169,24
632,534,176,24
631,533,189,24
633,531,181,23
627,531,184,26
628,530,187,24
633,527,178,25
626,525,175,27
631,524,178,27
631,522,167,29
632,522,166,28
632,523,159,29
632,522,164,30
632,522,164,30
635,523,160,33
631,521,159,32
634,522,156,31
626,523,160,30
625,518,165,34
628,520,168,34
630,522,167,34
583,523,252,33
617,515,157,34
600,506,156,33
600,502,153,31
602,504,156,32
599,503,160,33
597,501,156,31
597,498,154,31
591,498,160,31
593,496,159,30
592,497,160,28
590,494,162,30
595,493,158,29
599,493,155,30
595,493,155,30
598,490,152,32
610,490,160,33
607,490,159,33
609,488,163,31
612,487,163,31
616,488,161,30
621,486,153,29
623,484,152,30
628,482,142,29
629,483,143,29
632,480,143,29
621,476,152,30
627,476,142,30
627,475,141,29
621,474,148,30
627,473,129,30
568,473,243,30
620,474,138,31
621,474,135,31
618,473,138,32
630,473,123,31
628,475,129,29
561,477,249,30
583,480,247,30
573,478,247,30
577,478,242,29
578,483,243,29
558,444,241,29
586,407,239,29
633,352,240,29
628,333,246,30
568,354,249,31
628,363,252,31
742,361,251,31
746,343,254,31
714,348,257,31
758,352,257,31
786,356,258,31
791,347,259,31
807,364,260,31
767,339,258,31
768,326,261,31
735,352,260,31
750,333,259,31
746,327,259,31
741,336,263,31
770,351,267,32
765,346,267,32
785,347,269,32
745,348,271,32
609,284,269,32
489,295,263,31
357,234,263,31
361,205,265,31
344,234,266,31
327,180,269,31
338,198,268,31
309,162,271,31
341,189,267,31
329,197,268,31
366,294,268,31
504,395,268,31
465,282,267,31
495,399,269,32
503,404,266,32
560,399,140,26
562,397,135,27
567,400,125,23
571,401,118,22
571,401,118,22
564,400,118,24
562,403,126,24
516,401,249,31
570,406,119,24
548,407,134,25
554,407,131,25
526,404,251,31
552,406,141,29
532,406,249,31
541,408,249,31
527,407,244,30
544,408,245,30
529,409,247,30
538,411,247,30
544,410,245,30
505,386,246,30
520,395,244,30
552,420,247,31
543,414,247,31
585,481,245,31
635,504,247,31
649,515,246,31
696,526,247,31
697,531,253,32
711,566,257,33
697,538,260,34
735,542,261,34
710,573,272,35
776,577,273,35
805,583,276,35
885,576,277,35
896,587,282,36
932,590,288,37
886,583,291,37
911,582,292,37
931,582,300,38
923,586,302,38
945,585,306,39
953,603,308,39
955,602,313,40
937,587,314,40
945,600,321,41
919,593,328,42
932,595,325,42
949,609,330,43
853,545,332,43
818,547,336,44
772,427,331,43
808,383,333,43
818,346,334,43
771,260,336,43
720,356,339,43
681,348,334,42
616,332,335,42
541,254,338,42
551,267,333,41
516,246,335,41
551,207,341,42
514,249,342,42
541,254,334,41
523,248,332,41
538,252,330,41
579,258,331,41
583,253,334,41
556,259,330,41
634,252,171,44
641,252,160,42
652,252,157,41
659,252,155,41
654,255,167,45
655,256,172,46
648,256,177,46
674,256,166,41
707,267,180,44
717,271,186,43
721,278,189,41
738,281,183,36
749,287,168,32
740,284,175,37
751,285,168,34
754,288,167,33
753,293,158,31
766,294,150,29
752,296,168,33
759,295,159,32
769,298,151,32
771,302,145,31
774,307,149,30
777,308,146,33
763,306,157,36
784,312,147,32
786,312,154,35
800,314,152,35
785,312,162,39
815,319,156,35
810,321,161,38
817,327,159,38
804,332,168,37
809,330,166,38
803,332,176,41
760,336,368,46
796,338,207,49
821,346,215,45
826,345,217,45
790,354,370,47
836,349,227,48
831,354,248,52
805,363,366,47
835,354,248,53
809,357,268,57
779,353,381,49
792,328,231,55
758,305,182,46
764,302,171,43
766,305,176,44
784,306,172,41
786,307,166,38
776,315,175,38
784,315,176,39
794,317,176,38
791,319,178,38
796,324,176,36
792,321,189,38
805,323,180,36
806,328,183,36
815,332,181,34
814,332,186,36
811,336,185,36
800,332,192,38
809,336,188,36
817,340,174,35
809,345,176,33
809,344,183,37
814,347,169,33
809,347,183,37
805,351,180,36
814,357,171,33
821,361,172,32
818,361,170,33
823,363,173,34
832,365,176,34
836,370,168,31
843,371,184,35
829,374,177,34
849,372,179,35
845,376,183,36
832,379,191,36
855,382,192,35
850,382,198,36
852,383,201,38
851,383,198,41
854,381,196,45
864,386,213,46
878,384,204,48
878,391,222,47
871,394,232,50
869,394,234,52
871,397,259,56
870,401,262,54
865,400,269,59
875,401,288,59
779,369,417,53
832,376,242,47
837,377,253,51
833,371,224,44
805,361,198,38
785,363,217,40
804,368,193,36
799,365,205,37
803,365,201,36
791,368,206,37
782,369,214,38
794,369,201,35
796,365,201,36
792,370,200,36
791,371,194,36
798,373,174,33
786,373,183,35
785,373,188,37
777,375,189,38
781,378,175,34
775,375,188,38
776,378,181,37
778,374,180,39
763,377,195,41
785,382,166,36
782,384,167,36
762,385,187,37
775,381,175,38
772,385,168,38
775,391,156,33
771,389,163,35
766,393,157,34
774,391,157,35
762,397,160,33
759,400,168,32
773,401,164,35
743,401,174,40
745,405,175,37
755,406,171,39
759,406,174,40
761,408,181,42
752,404,186,50
751,408,189,46
734,411,205,46
738,412,223,48
727,414,236,49
728,418,249,48
727,417,254,49
709,420,257,50
712,421,262,51
724,426,272,50
716,423,279,52
718,423,275,54
707,432,290,50
714,437,295,48
702,439,298,46
706,439,374,50
712,442,296,45
701,411,250,48
669,376,194,45
653,380,213,45
663,379,210,46
651,380,214,45
634,378,209,46
653,378,223,45
625,366,179,38
620,364,179,39
625,368,180,37
620,363,170,38
621,362,165,39
589,364,182,40
595,362,162,39
588,364,170,38
595,363,154,38
580,365,168,37
586,365,155,36
579,364,162,37
579,367,167,34
587,367,156,33
574,366,160,36
574,364,155,37
570,366,160,35
568,366,159,35
574,364,161,37
568,362,169,42
570,365,164,40
576,363,166,44
573,366,167,41
563,367,178,44
571,368,172,45
562,372,183,44
558,365,182,51
547,371,193,47
557,370,200,48
540,371,210,51
555,366,210,53
538,373,239,51
542,376,246,49
554,379,243,45
534,372,245,51
545,375,249,50
542,374,258,52
547,374,258,51
534,373,276,54
535,373,286,56
519,365,281,55
515,327,195,54
527,325,192,52
531,325,200,49
503,324,202,48
509,327,213,50
476,321,191,42
470,319,169,37
442,317,187,41
456,317,162,35
452,317,164,34
446,317,175,35
454,320,156,31
446,320,166,34
441,322,166,35
432,322,174,37
436,327,154,34
425,327,169,36
424,327,164,37
414,330,171,38
417,334,166,36
396,331,186,43
414,335,166,37
415,337,169,39
407,339,173,40
418,346,153,34
410,346,163,38
417,346,157,37
415,348,160,40
431,352,154,41
417,352,160,43
421,358,160,43
409,357,165,43
417,360,163,45
436,364,167,44
429,358,175,54
419,365,177,50
416,367,177,47
446,365,166,50
426,371,190,50
416,373,202,52
400,375,221,56
420,373,212,54
411,374,228,58
410,376,243,64
420,381,255,61
415,384,259,60
419,384,262,61
409,349,197,53
402,350,192,57
423,354,198,58
405,353,193,53
411,354,191,52
421,354,199,49
388,357,188,43
376,359,165,36
374,357,155,33
374,359,158,33
368,360,166,37
378,363,156,32
376,362,161,32
381,365,162,34
379,365,155,33
381,366,162,34
378,370,165,35
380,369,169,38
388,374,159,35
388,373,162,37
393,376,163,36
400,379,160,35
398,383,156,38
402,387,159,39
398,387,161,39
403,391,158,39
412,395,163,40
417,400,163,39
433,401,164,41
433,400,165,42
438,407,170,39
435,412,166,41
432,416,164,41
438,415,166,41
441,419,167,43
450,422,170,47
449,426,174,50
454,427,187,52
472,425,178,53
464,428,186,55
469,430,187,57
474,438,207,53
487,438,204,54
486,438,201,55
503,438,214,56
514,442,220,55
522,445,234,56
527,446,228,55
523,441,219,59
551,440,230,61
540,445,249,61
502,442,363,50
454,419,367,51
506,437,370,52
448,418,363,51
526,420,172,40
562,429,185,45
540,426,169,34
538,425,157,30
548,427,151,29
554,430,157,29
560,428,156,28
567,431,145,27
568,431,147,27
578,433,146,26
584,436,145,25
589,437,149,27
595,441,143,26
595,441,143,26
601,441,147,27
609,443,148,29
619,447,142,30
628,451,140,31
627,452,143,32
634,454,145,32
643,459,148,35
652,463,143,34
659,468,135,33
655,463,140,36
664,468,141,36
679,473,144,37
697,478,144,35
697,483,152,37
698,485,150,35
705,492,158,37
729,494,157,38
729,502,160,38
731,505,159,41
732,503,160,42
750,512,162,40
752,513,152,41
766,514,154,42
765,520,158,43
765,516,157,45
764,522,164,44
775,525,161,45
781,529,165,46
786,533,168,45
793,534,167,45
797,538,176,44
811,540,183,45
818,547,195,44
826,550,194,46
807,546,198,50
808,544,204,47
781,529,175,38
754,523,153,28
755,526,149,27
756,526,151,27
764,532,150,27
767,532,152,26
773,536,162,28
778,537,158,26
776,537,160,28
782,538,157,27
790,539,154,26
796,542,150,26
801,544,152,27
800,542,151,27
812,545,144,28
815,546,144,29
810,549,147,30
821,551,144,30
811,551,150,32
819,553,145,32
828,556,139,31
836,556,137,32
843,559,130,31
844,560,129,30
844,561,135,33
855,561,133,32
855,563,132,33
859,563,138,35
855,564,142,36
865,562,140,35
864,565,142,33
864,559,144,38
867,563,146,35
869,564,150,35
870,560,149,39
878,557,148,40
878,555,164,40
882,554,164,39
884,550,161,42
890,549,167,41
864,548,292,36
879,535,177,43
812,521,295,36
836,511,158,36
836,509,160,34
832,506,153,33
826,500,141,29
831,497,144,28
829,498,145,28
831,496,143,27
834,495,143,26
832,490,140,25
831,486,137,25
833,486,141,25
837,484,132,24
833,478,143,27
842,475,138,27
841,472,145,30
843,471,142,28
843,470,152,30
840,467,153,31
850,463,142,30
849,462,146,29
847,462,148,30
853,457,138,29
848,457,147,30
849,457,143,31
855,455,140,30
850,452,145,32
861,452,142,31
868,449,135,30
873,450,132,30
869,446,131,33
873,445,132,33
867,447,133,34
879,446,132,34
872,442,137,36
886,444,136,34
882,443,137,33
890,439,137,34
885,438,143,34
889,438,137,31
885,433,144,36
894,435,140,33
896,434,142,33
896,433,150,34
895,432,158,37
891,427,157,39
906,426,158,41
900,424,158,40
890,421,167,40
886,415,179,41
853,407,164,32
833,402,131,26
829,401,126,26
830,401,126,25
828,402,122,24
828,402,131,24
829,403,131,24
833,403,124,22
831,403,123,22
829,403,123,23
833,406,123,22
834,405,121,22
835,405,118,23
831,408,118,23
828,407,127,24
829,408,127,26
826,408,127,27
830,408,126,28
830,413,129,26
829,414,129,27
828,419,131,27
823,420,133,27
828,423,129,26
824,427,124,26
830,428,122,27
836,428,126,28
832,429,127,28
830,431,125,27
831,431,128,31
844,434,125,31
846,436,129,33
851,436,128,33
864,440,127,31
855,441,133,33
860,440,134,33
858,442,132,31
852,440,132,32
859,442,133,31
855,445,138,31
857,444,137,32
851,442,143,37
862,445,144,34
862,445,139,35
860,446,147,35
854,444,147,39
866,444,152,37
866,444,151,37
867,442,155,39
856,439,160,42
860,439,157,37
853,440,158,37
862,441,162,36
840,438,158,35
809,432,129,25
801,434,126,23
801,435,114,22
798,435,117,22
795,437,117,21
793,437,110,21
797,440,107,20
797,441,106,18
798,441,107,19
798,442,103,19
799,443,105,21
796,444,108,20
797,447,103,22
794,446,106,21
794,448,106,22
790,451,109,21
791,452,108,22
790,455,110,22
789,454,113,22
789,457,114,22
790,460,116,22
788,463,121,20
788,464,116,20
790,464,117,21
791,466,117,22
792,467,123,23
790,471,120,23
782,474,115,23
785,474,117,22
784,477,116,24
783,481,116,25
790,480,120,27
790,483,121,26
787,485,118,26
790,485,124,29
789,489,125,30
785,489,124,29
790,490,127,28
776,492,120,29
779,495,126,30
773,498,120,30
759,499,113,30
764,497,278,35
758,501,107,29
762,502,113,31
759,504,109,29
757,505,109,27
757,505,116,29
759,507,103,26
760,509,100,24
749,512,96,26
750,513,95,27
749,513,96,28
748,515,95,28
748,517,94,28
742,519,95,30
739,522,94,31
740,521,95,31
738,525,93,29
733,527,95,29
734,529,93,30
729,531,95,30
727,530,96,31
724,534,97,28
722,537,101,30
719,539,99,32
721,542,102,30
721,542,99,31
723,545,99,29
718,548,104,29
721,549,111,31
715,553,116,30
719,553,112,30
720,556,117,29
711,560,122,27
716,561,120,27
713,564,123,26
713,564,123,26
714,566,128,27
713,568,131,28
706,570,137,27
706,573,137,26
704,573,137,27
702,575,134,25
701,576,137,26
705,579,129,24
704,581,126,24
705,580,130,24
702,582,124,23
703,582,127,24
704,583,125,25
703,584,128,24
702,584,125,23
698,586,122,23
694,586,129,24
689,588,123,25
686,589,119,24
688,588,124,25
683,590,117,27
683,590,117,29
688,589,117,30
653,585,289,38
688,589,116,30
682,590,116,30
686,590,119,30
682,591,118,30
678,591,116,31
677,592,114,30
686,591,123,31
673,593,114,28
668,594,111,27
633,592,296,38
660,596,110,26
665,596,110,28
665,595,114,30
671,597,109,29
672,599,108,27
669,599,108,27
673,600,113,27
671,599,115,29
671,600,115,27
669,601,117,27
673,600,114,28
675,600,117,28
676,598,119,29
673,596,118,28
671,594,120,29
676,594,119,29
675,591,119,31
675,590,118,31
676,585,121,35
675,583,115,33
675,583,118,34
673,580,117,35
675,579,117,33
682,577,111,32
687,574,105,30
680,574,105,32
679,572,109,30
681,570,110,32
680,568,108,30
682,567,107,30
682,568,102,29
683,567,99,26
683,565,108,27
679,563,101,24
676,561,105,23
676,562,106,23
678,559,100,22
675,558,101,22
677,554,102,23
678,552,107,23
675,552,98,22
673,550,103,23
675,549,109,22
676,547,114,24
677,545,109,23
671,545,106,24
678,544,119,26
673,543,116,24
671,542,107,23
673,542,111,23
674,543,106,21
677,542,111,20
676,543,115,20
680,542,118,20
675,543,120,20
677,542,113,19
674,542,121,21
678,542,126,22
676,542,127,24
678,541,130,24
676,543,121,23
678,540,130,25
676,541,126,25
673,541,118,25
674,541,116,25
674,540,124,27
675,540,122,28
675,540,117,27
673,539,110,28
672,539,106,29
671,539,101,28
672,538,103,30
669,538,101,31
670,537,102,32
674,538,96,30
673,538,95,31
679,538,102,31
676,538,97,32
675,537,106,35
673,538,105,34
673,538,109,35
673,538,104,34
672,539,112,36
625,542,226,32
664,540,120,36
667,540,131,39
669,541,124,40
666,541,135,41
664,543,128,42
629,551,229,33
661,546,122,39
661,547,121,38
661,549,122,39
661,550,117,39
659,551,115,39
657,552,106,35
659,553,103,36
655,554,107,35
653,556,106,34
656,557,104,33
650,558,98,33
608,565,216,31
656,561,102,33
653,563,96,33
654,563,100,33
657,562,107,33
651,565,107,34
646,568,103,33
647,568,109,36
645,567,105,35
650,564,112,36
597,576,214,31
643,569,111,35
643,570,120,37
638,574,109,36
636,576,100,33
638,576,105,34
642,572,116,37
657,554,124,36
656,556,121,35
657,555,137,40
624,555,217,31
661,551,150,40
659,553,143,38
656,554,134,38
657,553,151,41
646,554,150,45
610,559,221,32
612,554,218,31
609,559,218,31
645,550,143,39
644,550,153,41
597,572,219,31
632,590,128,41
635,591,123,39
628,590,131,41
629,589,130,42
628,585,132,42
626,584,127,41
588,590,211,31
627,583,126,42
628,578,142,47
624,577,138,48
625,577,130,47
600,583,214,32
626,573,131,48
625,572,133,47
625,571,135,48
623,571,126,46
593,578,221,33
620,569,128,48
620,570,138,52
617,567,132,51
618,565,133,50
617,566,133,49
617,568,130,47
584,574,232,34
622,578,131,46
622,578,119,42
574,587,237,35
620,578,131,44
622,578,128,43
617,570,146,42
615,534,148,46
616,531,149,44
614,531,157,44
619,537,142,44
619,525,145,46
617,524,146,47
618,525,144,45
579,524,232,34
618,536,154,47
614,522,154,47
605,508,172,53
611,519,166,52
600,502,179,52
627,550,153,46
582,555,243,37
630,556,157,46
593,566,239,36
625,546,162,47
629,552,162,43
628,549,163,44
628,547,171,45
633,550,158,42
589,547,247,36
638,547,162,45
634,541,174,49
639,540,166,51
600,547,260,38
631,523,184,52
640,529,174,54
644,529,176,55
646,525,176,53
644,520,182,55
645,525,180,58
647,521,181,59
646,514,180,59
648,513,177,60
644,504,188,64
646,503,184,61
645,520,185,63
641,509,200,64
643,506,202,60
646,507,193,60
642,498,216,62
641,491,218,57
638,489,210,54
641,491,220,56
641,492,213,56
641,491,208,55
640,489,205,56
640,490,200,55
638,491,193,53
638,490,202,54
640,488,188,51
635,483,194,53
634,479,198,56
632,476,199,55
582,478,299,45
628,475,210,57
625,465,217,55
626,480,222,57
625,464,212,54
623,462,212,53
626,471,208,57
630,479,207,56
638,494,214,55
645,508,192,51
581,499,317,49
642,496,196,53
641,493,193,53
643,500,196,54
642,498,203,54
644,498,195,53
641,500,196,53
642,489,200,57
644,494,196,58
643,495,185,57
579,496,329,50
638,493,200,63
644,485,192,61
643,484,196,63
645,480,198,63
644,483,189,62
641,483,195,64
642,488,194,60
647,487,188,58
648,487,186,58
650,473,203,60
650,475,196,60
652,471,200,62
648,467,197,63
646,465,200,61
645,465,199,59
639,462,205,63
638,459,208,60
637,462,193,60
634,461,202,63
632,455,221,59
630,457,206,58
628,449,232,57
624,452,223,59
624,449,223,58
626,452,215,57
623,446,231,60
618,444,230,60
617,435,255,64
615,431,240,59
612,428,246,56
613,427,241,58
614,430,246,64
611,426,259,66
606,421,255,60
605,421,254,59
596,419,249,56
599,421,248,59
591,418,263,58
606,449,228,64
597,433,246,61
600,444,224,63
623,489,183,69
623,494,198,67
625,494,195,67
626,489,194,66
623,490,194,66
619,493,201,69
612,492,196,70
613,491,189,68
615,488,191,67
619,482,201,66
631,457,244,61
631,457,232,59
627,459,241,62
628,460,235,62
621,459,234,64
618,454,241,63
620,459,228,64
618,461,210,61
621,460,215,60
615,463,204,62
619,459,212,60
612,460,202,61
619,451,222,65
618,453,209,61
615,450,214,65
613,450,213,62
609,443,210,61
609,440,224,65
604,437,224,66
603,436,232,66
599,429,225,66
593,426,229,68
582,415,243,72
590,426,231,68
585,428,225,66
575,409,245,72
520,407,405,61
569,399,247,75
577,401,248,77
525,401,392,59
567,398,241,72
565,404,246,66
558,386,254,62
563,381,255,65
563,408,236,68
564,376,259,62
578,420,235,74
591,456,198,75
493,475,404,61
588,453,210,77
595,429,231,87
593,434,228,85
589,432,233,83
591,424,248,85
591,421,262,88
588,430,266,90
590,418,265,86
589,420,248,79
588,419,263,82
591,423,237,75
588,424,244,81
581,418,250,84
581,425,236,83
578,424,235,83
576,427,233,83
572,429,239,84
575,427,248,88
568,418,259,91
573,423,261,91
567,423,255,87
566,412,253,84
558,404,258,86
549,396,270,88
558,401,271,87
549,400,270,87
540,391,287,92
525,392,270,87
522,393,277,86
522,397,269,87
514,393,276,88
515,395,267,85
514,386,265,87
515,384,256,80
516,383,265,85
514,377,268,86
442,373,482,73
507,365,278,84
505,361,269,87
445,372,471,72
511,362,271,91
508,362,263,88
514,366,277,96
526,412,245,96
523,416,250,96
526,427,243,97
513,431,233,96
507,432,231,93
498,435,231,90
511,424,240,93
491,440,228,90
521,374,277,92
515,389,244,89
521,374,272,93
520,377,261,93
518,382,249,88
515,385,246,90
513,386,244,88
512,385,234,83
512,378,255,88
503,382,244,89
514,363,260,90
525,347,292,98
526,341,285,100
530,342,302,103
527,346,269,98
525,341,255,95
522,334,274,102
524,334,271,101
523,328,274,97
528,321,270,95
539,310,303,96
530,310,304,96
545,304,300,94
539,303,304,95
556,294,309,95
570,276,330,103
581,271,321,102
577,265,298,108
589,261,325,110
576,267,296,105
580,251,314,112
579,248,324,112
540,248,325,119
542,254,324,119
403,297,593,93
475,275,299,145
461,279,286,137
454,275,290,137
470,276,305,140
477,250,335,129
482,247,337,126
490,233,348,136
490,231,350,134
494,227,340,128
494,217,330,128
502,210,328,128
501,194,333,124
504,198,332,130
504,197,322,123
516,189,327,129
480,190,299,122
480,182,307,128
482,178,318,126
486,166,334,132
489,161,341,132
507,152,351,124
499,145,339,127
511,147,352,132
512,140,355,137
513,143,355,137
518,122,368,137
509,123,365,128
512,137,363,133
510,161,345,122
507,170,323,122
505,172,300,110
509,153,314,121
511,148,307,123
520,136,327,130
524,123,324,133
516,133,317,121
509,132,284,118
508,134,282,115
511,117,288,125
504,113,294,127
503,112,297,124
492,103,287,124
503,98,309,132
498,96,299,130
500,92,304,125
500,85,313,129
496,82,308,125
501,73,337,135
493,76,336,125
482,76,333,129
473,81,335,122
467,80,356,126
462,78,345,116
457,89,354,114
440,110,325,115
458,93,332,100
453,111,309,104
446,117,312,112
456,110,320,113
479,77,341,109
472,84,333,111
478,65,335,107
439,122,296,106
474,76,346,109
446,110,318,110
468,90,342,118
485,56,364,114
465,88,344,115
448,128,313,125
426,141,304,123
444,134,330,130
439,141,336,124
430,137,332,128
413,145,329,118
385,145,313,117
372,149,303,112
371,168,305,97
350,171,290,95
366,168,309,95
317,184,252,77
323,186,252,76
302,186,250,72
307,186,257,71
294,190,249,64
311,185,268,64
308,186,271,58
308,179,275,64
311,175,280,68
305,179,271,57
286,180,262,53
313,170,279,61
305,159,278,66
307,163,272,62
306,155,263,61
148,114,702,104
296,129,264,71
295,125,264,69
290,115,269,78
297,124,248,64
311,95,293,85
314,72,341,99
305,77,303,85
308,75,317,88
311,70,347,90
314,66,349,89
313,54,358,93
168,32,691,101
293,37,324,93
287,22,328,100
283,15,320,100
267,17,324,101
297,3,308,101
276,-1,332,91
292,-5,342,91
166,-9,685,99
306,-7,323,82
348,-1,357,98
343,0,354,99
409,29,372,107
381,3,362,104
466,51,406,94
477,48,419,97
479,51,407,93
403,52,665,96
451,27,392,108
427,15,361,106
429,31,355,103
394,-6,318,100
379,-12,316,90
380,-11,319,86
378,-17,340,99
390,-13,369,91
386,-15,389,94
255,-27,718,104
387,-11,374,87
402,-16,399,98
394,-14,396,94
389,-15,356,91
386,-14,376,87
389,-15,401,95
391,-14,401,96
391,-18,382,103
385,-16,395,98
386,-14,400,88
385,-17,396,92
384,-14,385,86
379,-18,408,100
376,-14,376,86
381,-17,398,97
375,-15,388,94
374,-13,372,92
381,-16,395,99
371,-9,344,75
387,-15,404,104
391,-12,413,97
380,-10,410,90
367,-11,408,89
366,-10,422,90
367,-10,415,92
361,-11,404,101
342,-6,407,84
339,-10,405,99
339,-12,400,101
348,-8,435,95
335,-14,426,117
315,-9,390,86
319,-15,474,104
293,-13,455,95
296,-16,462,103
289,-14,432,98
310,2,438,124
268,-9,399,92
277,-13,437,102
267,-14,423,97
276,-17,438,107
280,-16,443,104
281,-15,424,103
279,-15,413,103
279,-17,424,112
284,-17,456,110
289,-18,467,110
305,-25,487,133
301,-20,504,124
307,-15,505,115
306,-15,507,116
305,-17,569,118
309,-14,539,119
299,-13,551,120
288,-14,537,119
288,-17,512,124
273,-14,477,111
277,-13,500,119
274,-13,485,114
274,-10,485,108
262,-9,523,115
266,-10,480,107
262,-10,507,107
245,-8,470,103
254,-12,484,123
252,-13,502,120
244,-8,495,112
230,-8,479,111
245,-11,537,117
245,-6,494,106
244,-10,462,122
231,-7,452,103
241,-6,486,101
239,-5,470,102
244,-4,481,102
238,-6,447,105
257,-11,501,110
252,-13,490,118
250,-8,489,101
252,-12,476,111
241,-9,493,103
261,-6,482,110
257,-9,467,119
261,-9,511,113
254,-9,480,123
252,-6,478,125
259,-6,512,127
246,-4,475,122
248,-6,486,131
245,1,471,106
254,-4,501,121
245,1,450,115
228,-4,424,127
234,-1,460,120
222,-1,453,119
241,-2,449,122
221,-1,444,109
211,0,437,106
237,2,432,107
211,1,452,100
224,-2,451,109
221,-0,463,101
205,2,431,105
237,-5,481,116
233,-1,470,101
227,-6,506,105
242,-10,468,126
241,-6,488,117
213,-1,441,102
220,-5,459,106
223,-3,440,109
238,0,446,113
230,3,428,109
244,1,420,118
244,1,451,110
251,4,440,118
256,5,468,115
238,9,441,115
240,9,442,124
232,7,463,119
235,6,480,120
234,7,476,126
223,7,487,128
237,15,482,133
226,16,494,142
213,7,513,154
212,19,458,158
221,31,448,149
220,31,462,152
230,42,447,144
244,44,507,153
247,46,503,152
240,53,491,149
254,56,513,154
250,55,513,152
182,77,415,137
209,85,420,135
207,79,408,135
249,84,470,142
260,92,480,143
226,105,404,135
248,106,424,131
272,99,472,139
241,110,455,140
222,125,408,129
245,129,418,131
239,129,454,139
242,131,419,133
213,134,416,135
237,129,449,140
187,151,415,135
189,159,404,131
230,142,450,144
215,148,447,147
154,181,378,124
171,179,401,134
146,190,373,126
175,170,414,145
134,194,373,126
119,201,372,123
111,210,357,118
81,214,354,118
103,209,358,125
89,223,341,115
98,230,341,111
116,236,341,112
82,251,319,96
88,250,318,96
111,254,335,99
75,267,314,85
66,273,302,82
80,277,311,83
85,276,320,81
46,285,300,73
46,289,294,68
-46,294,299,75
20,296,293,70
-4,295,299,70
-9,297,310,77
-16,299,311,82
6,301,305,81
13,299,306,86
17,297,325,86
17,304,303,85
63,304,290,83
-10,306,312,91
-6,307,318,91
4,308,302,90
-11,315,315,89
15,306,316,97
41,308,316,95
9,319,291,91
79,311,325,91
115,301,349,99
207,295,406,100
226,281,433,113
194,297,407,104
189,302,394,100
192,311,388,94
180,316,377,93
177,317,371,95
159,326,355,92
157,336,346,82
158,339,341,81
145,340,336,83
168,333,363,88
165,348,355,79
148,359,339,69
167,350,348,78
159,357,332,73
203,341,375,89
183,364,330,76
162,348,337,80
199,337,355,94
203,341,351,88
225,336,365,94
212,329,373,100
207,327,358,99
