600,262,34,84
601,261,34,84
602,260,33,82
602,259,34,82
602,257,36,80
604,254,36,81
606,253,35,78
606,251,37,78
607,247,37,81
609,245,35,80
609,243,36,78
610,241,35,80
611,236,35,82
611,236,35,79
612,236,33,78
614,222,33,87
612,221,34,87
613,212,35,85
613,210,35,83
608,208,34,83
609,190,35,86
620,180,36,102
614,179,36,105
602,194,35,98
593,184,34,98
595,181,37,101
596,189,37,92
594,195,39,93
594,191,40,94
592,190,40,95
588,191,40,94
584,192,39,94
580,192,40,92
576,199,37,86
573,198,37,86
571,197,38,88
567,195,38,89
561,196,39,88
560,195,37,88
558,198,36,86
556,196,36,85
556,194,36,79
552,196,36,83
549,196,34,83
546,194,36,83
544,187,39,79
542,186,39,80
540,178,36,87
540,178,36,87
535,185,44,77
534,184,44,78
533,184,43,77
530,182,44,79
528,182,44,79
526,182,45,79
524,183,46,77
522,180,48,78
523,177,47,80
522,180,45,75
521,179,44,72
518,180,44,75
519,173,45,80
516,175,45,80
515,173,45,81
514,173,45,85
510,179,44,86
508,181,43,87
506,181,45,87
506,177,47,89
508,173,45,90
508,172,44,92
506,174,44,91
504,175,44,94
504,173,43,99
503,174,42,100
501,175,44,100
501,174,44,101
500,172,45,105
499,174,45,104
498,174,46,105
498,174,45,106
499,172,44,106
498,174,45,106
497,175,44,108
498,173,44,106
498,169,44,106
497,171,44,106
497,168,43,105
496,165,45,105
495,163,44,105
495,164,45,105
494,165,45,100
493,163,45,104
493,161,45,107
492,164,46,104
492,162,45,103
491,161,45,106
490,160,46,105
488,161,48,102
487,160,50,100
488,158,48,99
488,158,46,96
488,157,47,99
487,158,48,101
487,158,48,102
487,158,46,100
487,159,46,99
487,161,45,97
486,158,46,105
488,157,43,110
488,158,41,106
488,159,42,102
486,157,44,101
486,155,44,104
485,158,43,104
484,158,45,103
483,161,44,107
483,165,42,107
483,168,41,106
482,169,42,106
482,169,42,109
480,173,43,107
480,172,44,107
481,174,43,106
480,174,43,110
481,176,43,108
483,175,42,106
482,176,43,106
481,176,44,111
479,177,47,111
478,181,46,109
477,185,45,105
475,185,48,110
478,183,44,110
477,186,44,107
475,187,45,108
473,187,48,112
472,188,48,110
471,189,47,111
471,189,48,110
468,189,49,116
467,190,48,114
467,191,49,112
464,186,52,124
463,187,52,127
463,189,49,121
462,191,50,120
461,191,50,120
461,190,48,124
461,191,48,120
461,195,47,118
460,195,47,121
459,196,47,123
457,202,48,120
456,203,48,121
457,203,47,119
454,202,50,127
453,205,49,128
453,207,49,126
452,208,50,126
452,208,48,127
456,207,46,120
456,208,46,121
454,211,47,125
454,212,46,125
454,215,47,124
455,218,46,120
455,221,47,126
455,220,47,130
455,220,49,129
455,223,49,126
455,226,48,123
456,226,50,123
458,227,50,121
459,229,49,121
462,226,51,120
464,225,52,121
466,227,52,119
470,226,52,118
473,227,51,118
473,229,51,120
475,231,51,123
478,232,50,122
483,229,51,119
484,232,53,123
489,230,51,121
492,232,50,121
494,234,50,123
497,231,50,125
504,228,49,121
504,232,49,124
508,229,50,126
510,231,49,129
512,229,50,134
515,229,51,133
518,231,51,134
520,231,52,137
524,232,50,138
525,234,51,138
526,236,52,139
529,236,52,140
533,235,51,138
534,236,51,143
535,238,52,142
538,237,50,141
541,237,49,141
543,235,48,140
545,234,48,137
546,234,47,135
547,234,47,135
548,234,45,132
546,236,47,131
547,234,46,129
545,233,46,127
545,229,45,130
544,228,46,127
544,222,47,131
542,225,45,141
539,228,47,146
542,224,49,133
541,227,48,135
538,228,51,139
540,227,49,137
540,228,48,137
537,230,49,142
538,231,46,135
539,229,45,133
537,228,45,135
533,228,47,140
533,228,47,134
532,231,45,130
529,236,48,129
530,233,48,133
527,236,49,134
529,238,48,128
526,239,51,133
527,237,51,136
527,240,50,137
527,241,50,135
527,239,51,136
528,240,51,133
529,240,51,136
529,239,50,140
531,239,48,139
532,238,49,142
533,239,49,143
534,237,49,146
536,236,48,148
536,235,49,152
536,236,49,154
537,237,49,154
538,237,49,154
539,238,49,153
541,240,47,151
541,244,47,156
540,241,48,157
542,240,46,154
541,245,46,151
541,245,45,153
544,242,43,140
542,243,44,145
542,239,44,146
541,243,43,140
539,241,44,140
539,243,43,135
536,246,42,135
533,245,44,131
531,245,47,126
529,247,47,121
524,250,44,125
523,252,44,121
522,247,44,116
520,246,44,118
521,240,46,125
522,234,44,130
522,228,43,126
521,223,45,135
519,216,47,134
517,218,47,138
515,217,49,142
515,219,47,139
514,218,47,139
511,219,48,142
511,218,46,136
507,223,46,136
506,220,45,138
504,219,45,139
502,217,46,137
500,215,47,135
498,214,48,132
498,210,51,129
497,210,52,129
498,207,51,126
497,198,48,127
500,203,48,122
503,201,45,115
504,196,45,115
505,194,44,115
505,195,44,115
506,190,44,119
508,187,42,115
507,184,44,121
506,187,45,122
505,192,44,116
504,193,48,120
504,190,48,122
507,189,46,119
506,190,48,121
505,192,48,120
504,192,51,120
506,192,49,123
506,194,48,121
507,191,49,127
508,193,48,125
509,192,48,127
509,192,48,127
510,188,48,132
511,185,48,134
511,187,48,135
513,187,47,135
512,185,49,139
513,181,50,143
514,183,49,140
514,183,49,142
515,181,49,144
518,180,46,140
518,183,48,142
518,178,50,144
518,176,52,147
520,173,51,146
521,175,52,144
521,174,52,145
523,171,54,154
523,172,56,152
525,172,54,147
529,170,50,146
529,171,53,150
532,172,51,147
533,172,50,147
534,171,52,151
536,168,52,158
538,171,53,155
540,170,52,155
541,173,52,154
543,172,52,154
546,170,51,161
548,171,51,159
550,169,51,161
551,172,52,162
555,170,50,156
556,172,50,155
558,177,50,150
560,174,52,158
565,175,50,157
565,178,52,158
567,180,52,158
568,178,55,158
572,178,53,158
574,178,54,159
577,177,54,161
578,177,55,163
582,175,53,164
585,175,53,165
589,174,53,163
592,173,52,165
595,174,52,165
598,172,53,165
601,172,52,162
603,170,53,167
606,165,53,174
609,165,53,174
612,166,54,171
615,165,53,171
619,165,52,163
622,166,51,161
623,168,53,160
626,164,52,162
629,160,50,165
632,162,50,165
633,159,52,166
634,159,53,165
638,159,49,166
639,158,49,171
640,155,49,180
643,158,47,172
643,161,45,160
644,159,46,157
644,159,46,156
643,160,46,154
641,156,48,161
640,158,46,153
637,158,49,153
635,158,48,145
633,157,45,146
630,154,45,140
626,145,46,139
619,141,47,142
613,134,51,150
608,137,48,144
597,128,52,152
598,120,49,151
603,139,49,143
600,142,53,140
602,142,50,143
597,144,51,143
593,144,52,147
587,148,53,146
583,148,53,149
579,147,53,145
575,150,50,142
571,151,52,142
567,157,50,139
564,155,53,140
560,160,52,136
556,161,54,136
554,161,55,143
555,155,54,142
555,160,52,138
554,161,53,141
550,165,55,144
550,170,54,140
552,169,54,137
550,169,54,146
551,172,55,140
549,176,55,146
553,175,55,133
553,175,57,135
554,175,57,137
556,174,57,134
557,174,55,140
559,172,55,136
559,171,56,142
561,171,56,138
562,167,58,141
563,166,57,143
564,166,57,144
568,160,58,141
570,159,55,140
571,162,56,142
573,159,56,139
574,158,56,143
577,154,55,137
578,156,54,139
579,155,55,137
582,146,54,139
583,148,53,139
584,152,53,139
587,150,51,137
590,148,51,136
592,148,49,135
593,152,50,136
595,150,50,135
596,151,52,136
597,152,51,138
601,154,50,135
602,155,51,135
603,156,51,137
605,159,49,134
608,161,49,134
610,164,47,130
611,162,50,133
614,160,50,130
616,166,48,131
618,164,49,129
619,164,49,135
622,162,49,132
623,165,48,134
625,164,48,138
626,164,50,138
629,165,50,136
631,166,51,134
632,169,51,136
634,169,51,140
637,168,52,134
640,166,54,130
643,163,54,132
648,155,56,126
652,154,57,124
656,153,56,124
662,149,55,121
663,150,55,120
664,152,57,120
671,148,53,118
675,149,53,115
677,149,54,115
681,144,53,115
684,145,53,114
686,143,54,116
687,145,53,116
692,140,52,114
695,139,52,114
697,138,53,115
700,137,53,113
704,131,52,109
703,138,51,108
706,137,51,110
709,133,51,112
711,132,51,114
711,130,52,116
712,134,50,116
714,129,53,117
717,125,52,115
719,125,51,112
721,120,52,114
721,118,54,115
723,118,53,119
723,118,52,115
726,115,51,118
727,116,51,118
727,110,56,123
727,109,57,123
726,110,57,124
729,106,57,125
729,101,59,131
729,103,58,129
732,100,58,124
731,101,59,125
734,100,57,124
734,100,57,125
736,101,53,128
737,100,53,129
735,108,53,118
739,105,50,116
739,105,50,116
738,105,51,118
739,106,51,118
739,108,51,119
741,102,50,127
742,100,52,130
743,95,54,134
745,98,52,127
744,103,52,130
740,106,57,129
742,106,58,124
744,107,57,120
741,112,58,128
740,115,58,125
743,112,59,122
751,100,61,121
756,103,57,117
756,101,57,119
755,102,60,122
758,101,61,126
759,105,59,128
759,104,60,132
761,105,61,137
764,104,59,140
763,107,60,138
768,107,58,133
770,108,58,132
771,110,58,134
774,114,54,131
776,110,56,139
778,109,58,137
780,108,57,142
781,106,57,147
783,103,57,152
786,104,56,153
788,104,56,153
789,105,56,156
790,106,54,157
793,102,53,161
796,99,52,164
798,98,52,162
799,98,54,162
801,97,53,156
802,100,53,151
803,102,53,161
803,102,55,165
805,104,57,162
805,110,57,157
807,110,57,157
809,108,56,158
812,110,52,151
813,109,52,152
815,111,50,151
816,112,51,147
816,113,50,148
817,112,52,148
818,113,50,152
819,111,50,156
819,110,51,153
820,109,51,149
818,110,52,160
817,110,54,155
817,109,53,146
816,107,55,149
815,108,54,144
814,105,55,147
814,102,55,146
815,94,53,149
813,93,54,147
814,91,54,148
813,94,57,142
810,98,55,145
810,97,56,145
807,97,58,148
808,95,56,148
808,92,54,153
808,96,51,149
806,98,51,148
807,98,52,142
806,99,50,147
801,101,53,147
799,99,57,148
796,97,60,156
795,97,60,159
791,94,63,163
791,95,63,155
791,96,60,160
793,94,58,162
793,97,56,159
791,96,59,159
792,101,58,162
792,102,55,152
792,104,56,158
795,110,52,153
794,108,55,161
796,108,53,166
796,110,54,166
797,108,55,166
797,103,53,164
797,105,55,167
797,103,56,168
801,104,55,171
801,106,55,163
802,107,57,169
803,105,57,155
803,106,57,148
808,113,53,149
806,109,55,150
808,111,54,152
810,107,56,150
813,104,57,148
814,105,58,152
817,106,57,154
819,103,53,158
822,107,51,167
823,105,51,165
824,104,54,170
826,105,53,171
826,103,56,179
826,105,57,177
831,108,52,164
830,106,55,171
833,105,52,165
835,108,51,163
836,108,52,167
837,112,51,158
837,110,53,165
840,108,51,159
842,111,50,161
843,110,51,166
845,113,49,156
846,112,48,156
844,111,53,152
844,110,53,154
844,112,54,151
846,118,49,148
844,114,52,153
845,115,51,150
846,116,50,150
845,112,51,155
844,112,51,152
841,111,54,152
838,109,55,141
838,111,53,135
831,107,57,137
831,108,53,142
826,105,54,140
821,104,57,139
817,104,56,134
811,103,54,126
809,100,57,136
810,98,55,140
806,97,55,138
805,98,55,141
799,100,55,137
800,101,49,143
800,104,44,139
793,99,44,139
785,94,50,123
778,92,51,127
777,99,51,142
771,98,54,142
769,93,53,153
763,97,52,151
760,99,49,148
756,87,52,154
749,90,56,148
744,94,55,145
738,91,58,149
732,92,58,145
728,88,62,151
726,88,60,151
725,96,57,148
723,96,55,151
720,96,57,148
718,101,57,152
718,103,55,152
715,106,57,156
712,100,56,154
711,101,56,156
709,105,57,155
707,105,57,151
706,105,58,158
705,107,58,158
702,106,59,160
700,107,60,164
701,107,58,162
702,111,56,161
701,108,56,166
701,109,55,166
699,112,56,170
698,111,56,167
697,113,54,163
694,113,55,160
694,115,52,166
692,110,54,171
690,108,55,172
690,109,52,164
691,112,52,164
689,112,51,153
687,115,50,147
688,112,50,155
681,104,54,142
680,104,54,138
677,104,55,143
678,105,53,141
674,107,56,141
673,108,56,137
674,108,57,136
667,101,57,132
667,103,58,129
667,101,59,135
669,101,58,131
670,101,55,127
671,100,56,129
669,99,60,131
668,100,59,135
669,101,59,139
671,100,57,141
672,99,55,142
672,100,55,145
673,102,52,141
672,102,55,145
673,110,54,140
674,106,53,144
673,104,55,149
673,106,54,141
673,108,56,141
672,104,59,142
673,105,59,142
674,108,60,145
673,110,60,140
677,114,60,139
674,115,62,140
681,119,55,129
684,117,55,128
684,112,57,132
685,114,57,129
689,115,57,131
693,115,56,139
692,113,58,139
696,116,58,145
700,115,56,150
702,115,57,155
704,115,58,158
707,117,55,153
713,118,51,154
714,114,51,159
717,113,52,160
720,112,52,159
723,112,52,155
725,113,52,152
725,110,58,152
729,111,56,151
734,112,54,149
737,113,56,153
738,113,55,152
739,113,55,148
743,112,53,153
748,113,51,154
747,109,59,154
749,110,58,153
755,110,58,148
756,109,58,148
759,109,61,150
763,107,58,155
767,107,57,157
769,105,58,153
769,106,62,149
775,105,61,156
780,108,60,157
780,106,63,150
785,106,64,153
788,111,66,147
795,112,61,141
800,116,60,137
808,120,58,146
808,112,58,144
811,111,60,144
815,110,60,150
820,109,57,152
824,111,59,156
827,112,59,151
830,110,60,153
834,111,60,158
837,112,59,151
839,112,60,150
842,113,61,149
843,116,64,149
846,115,65,151
849,114,65,156
852,113,62,151
856,113,62,160
862,111,55,143
865,112,56,139
870,113,53,141
872,112,55,142
876,111,57,146
879,106,59,159
881,107,61,164
883,104,61,164
885,104,61,157
890,103,61,159
893,105,59,153
896,107,57,148
898,105,55,150
902,102,53,147
905,104,51,140
905,100,54,143
908,102,53,142
909,101,55,139
909,96,56,138
911,95,54,139
912,97,56,135
912,93,55,138
915,97,55,136
916,93,59,140
916,98,58,129
917,97,63,136
915,93,66,141
915,94,65,137
916,97,67,139
916,98,64,133
914,98,63,133
910,96,62,128
910,98,61,120
911,91,58,126
908,90,52,126
903,84,54,127
902,83,53,129
901,81,55,132
912,79,54,136
913,78,54,140
907,75,53,135
912,81,49,131
912,89,51,136
904,77,54,131
901,80,51,127
897,84,51,123
894,84,50,123
890,83,51,121
884,84,52,120
884,85,50,120
883,87,49,118
881,91,49,119
878,97,49,115
876,85,52,120
875,83,53,127
872,81,54,128
870,79,55,126
866,78,56,123
867,78,56,121
868,80,55,120
867,79,56,120
865,75,56,126
867,77,54,123
867,77,54,124
869,81,54,118
870,79,56,115
869,78,59,118
869,77,57,116
869,79,58,116
876,85,58,123
893,103,49,137
893,100,50,136
891,95,50,132
891,93,52,136
891,94,54,133
884,86,60,135
885,86,61,134
886,86,63,133
889,89,61,133
892,92,59,133
896,93,57,132
894,81,57,133
889,77,58,131
889,78,59,129
891,80,59,127
891,82,60,121
882,74,60,114
878,72,64,121
879,72,61,121
881,71,58,124
883,76,57,123
883,79,57,118
881,79,58,116
880,78,53,108
878,79,51,102
878,74,56,112
878,77,56,114
878,74,52,115
879,78,49,114
879,79,52,115
880,83,50,110
878,87,51,108
878,90,52,108
878,92,54,106
880,91,55,108
879,94,54,110
883,99,52,110
885,101,53,118
891,112,51,113
892,116,51,114
894,119,51,116
894,125,50,115
892,131,52,115
893,135,52,114
893,141,51,115
890,137,52,114
890,142,52,114
888,144,54,115
883,136,55,113
880,139,58,109
890,149,46,106
879,136,55,96
878,139,55,95
875,138,57,96
877,141,52,95
873,144,53,92
886,157,49,99
898,170,44,108
896,172,43,104
895,172,42,104
883,155,45,106
886,156,43,109
888,161,43,110
886,161,42,112
885,164,43,114
884,170,42,108
876,163,45,103
869,162,47,98
867,162,45,95
865,159,47,99
863,161,45,97
861,160,44,98
862,164,43,102
861,162,43,103
857,162,41,102
852,159,44,104
847,159,46,100
845,159,46,101
841,160,45,99
840,157,45,96
837,160,43,94
836,159,44,97
834,160,45,99
832,161,44,97
832,163,44,94
829,168,45,89
827,168,47,89
830,172,36,85
836,177,37,87
842,188,37,87
850,217,37,88
855,225,41,104
856,224,40,104
853,223,41,102
854,224,41,102
842,194,45,103
837,189,47,107
835,193,49,110
835,192,49,106
834,191,49,101
831,191,51,105
834,195,51,108
833,194,53,110
833,193,52,113
834,195,55,115
835,196,53,114
838,200,53,115
838,200,53,117
841,202,53,116
839,201,54,120
842,206,55,118
840,206,54,119
842,210,54,116
841,213,55,114
841,213,53,110
842,214,53,108
842,210,53,112
843,211,51,110
842,213,57,110
847,213,54,110
846,215,56,109
844,216,58,109
847,220,57,108
844,217,61,111
844,217,61,112
843,220,59,110
845,223,59,109
847,225,58,111
847,228,57,109
849,229,56,115
851,229,55,119
851,231,56,115
851,236,56,112
850,235,58,119
853,240,55,117
850,238,58,118
849,237,59,117
850,236,57,122
851,239,56,120
854,243,55,118
856,246,55,120
856,248,56,119
857,249,55,125
857,250,56,123
855,250,56,124
859,254,52,125
858,256,52,120
857,259,52,115
855,260,53,113
853,262,53,110
851,263,54,108
851,261,53,109
851,262,50,108
850,263,50,112
847,265,51,113
844,263,51,104
840,267,52,107
834,271,55,114
832,274,51,111
823,275,55,113
817,278,51,111
816,284,50,122
810,284,50,128
808,284,48,108
819,281,47,107
814,264,48,108
810,246,48,108
807,258,48,112
815,243,45,120
807,243,47,123
798,246,48,127
789,250,49,123
782,249,51,128
777,252,51,128
772,253,53,127
766,253,53,126
763,253,52,126
758,253,55,128
755,252,54,129
751,255,54,130
747,255,55,130
745,257,53,131
741,255,55,127
741,255,52,125
739,258,51,124
737,261,50,124
736,258,52,124
737,260,49,123
736,263,49,125
736,265,49,125
735,264,50,126
736,263,51,125
737,265,51,122
737,268,51,123
735,270,52,123
736,272,53,124
737,272,52,122
738,273,53,124
739,271,53,122
741,273,54,122
742,274,54,126
742,275,56,127
747,276,53,126
749,274,54,128
749,277,57,136
751,276,58,133
754,275,57,135
758,274,55,139
759,276,56,142
762,277,56,144
764,274,54,142
766,274,53,140
768,275,53,144
769,275,55,144
772,274,55,146
773,273,56,148
775,275,55,149
776,272,55,153
780,272,54,157
783,271,52,151
783,272,54,152
784,274,56,152
785,276,56,149
789,283,52,139
791,285,52,139
795,289,49,137
796,284,51,137
795,277,53,131
798,276,53,128
800,275,53,130
801,273,53,131
803,272,52,127
804,273,51,122
806,273,50,124
806,271,53,128
807,272,54,129
806,268,54,124
808,269,55,127
809,267,58,137
811,265,56,141
813,267,56,141
814,265,56,144
814,264,59,142
816,263,58,139
819,263,57,142
821,263,56,141
821,259,59,138
822,255,60,138
825,257,57,138
824,253,62,141
824,254,62,135
824,255,62,134
827,254,60,134
829,255,59,133
831,255,59,130
833,254,59,140
833,255,58,136
834,256,60,138
835,258,62,132
838,261,60,134
839,261,61,131
842,263,61,127
843,262,62,131
846,260,61,131
846,262,61,129
847,261,64,127
850,261,63,128
853,261,63,127
855,262,62,128
858,259,63,136
859,260,63,140
862,259,62,139
866,258,57,136
868,257,58,143
870,258,57,145
872,256,56,145
875,254,56,150
877,257,56,139
878,256,56,141
879,254,58,139
882,253,57,140
885,244,54,152
886,243,56,146
889,243,56,141
891,242,56,139
893,238,56,137
895,237,58,138
899,237,55,138
901,235,54,136
903,235,53,133
905,235,53,130
907,230,55,139
906,231,54,131
910,230,55,134
911,232,55,128
914,234,52,124
915,230,53,126
917,233,52,121
918,236,54,120
920,233,53,118
919,232,53,114
919,230,54,111
914,229,56,109
915,230,57,108
914,230,58,105
913,229,57,102
913,228,59,96
914,229,57,89
915,227,54,85
917,225,51,86
920,223,47,92
923,223,42,97
927,225,41,105
924,217,44,111
917,211,45,111
914,212,44,111
910,206,42,111
911,206,40,110
908,205,39,109
905,212,41,106
902,210,41,106
898,207,42,103
894,207,43,98
891,207,43,95
889,204,45,95
886,203,44,91
885,203,41,91
884,209,41,87
880,211,42,92
877,214,42,93
877,215,39,90
870,217,39,96
882,202,39,95
882,198,39,94
882,198,39,95
885,195,39,95
873,198,55,99
874,204,56,98
877,205,56,99
877,209,53,94
876,207,55,98
882,206,54,94
881,208,54,94
882,196,54,96
884,196,50,93
882,196,52,96
883,194,51,96
887,193,49,95
886,191,51,99
888,187,51,105
889,186,54,105
891,190,53,98
892,189,52,97
888,183,56,99
889,181,55,93
889,182,54,88
889,180,56,92
891,180,55,92
889,176,58,95
888,171,56,95
890,170,54,95
890,167,54,97
890,165,53,97
894,162,52,102
894,160,51,103
898,162,48,103
895,160,50,99
896,160,49,96
896,157,48,97
895,157,50,98
893,152,51,95
893,151,51,91
894,150,49,92
895,151,49,92
894,150,50,90
895,150,49,91
897,148,46,90
896,151,47,86
893,151,46,84
892,150,46,84
894,152,46,82
895,154,46,80
895,155,48,78
892,153,36,86
888,154,36,87
890,149,36,87
915,172,36,87
919,178,36,86
908,159,36,86
901,148,36,86
904,158,36,86
892,143,36,87
891,137,36,88
885,139,36,89
898,150,36,89
927,172,37,90
928,165,37,85
927,166,36,85
921,163,39,83
927,163,38,85
929,162,41,82
928,162,41,81
931,159,41,80
934,160,43,82
932,151,35,85
929,155,35,85
927,150,34,82
924,150,35,83
932,150,35,83
935,155,35,83
903,139,35,84
894,143,45,73
891,141,45,75
894,141,44,77
894,138,44,80
896,140,43,80
909,144,40,75
904,140,41,77
902,139,43,78
898,138,45,74
898,136,43,71
900,136,43,73
892,130,42,74
891,131,43,72
890,130,44,71
892,123,34,81
884,129,46,67
878,130,42,67
880,128,42,66
878,127,42,65
876,123,43,67
877,122,45,67
880,120,44,66
880,122,42,65
912,132,40,68
915,132,39,66
913,131,37,65
908,130,37,65
908,131,37,66
906,131,37,67
903,129,38,69
903,130,38,69
902,134,38,70
