639,206,211,144
638,206,211,145
640,207,210,144
640,207,212,144
641,207,211,145
641,209,213,144
641,210,214,145
644,211,212,145
644,210,213,145
645,210,212,145
646,211,213,146
647,211,215,146
648,212,215,145
649,213,215,144
650,213,213,144
652,215,211,144
652,214,214,146
655,215,213,145
656,214,212,146
656,215,215,147
659,216,214,145
662,216,215,145
664,216,214,144
665,215,215,145
668,216,215,143
672,215,213,143
674,213,212,144
678,212,209,143
680,212,209,142
681,211,211,141
682,210,211,140
684,208,210,141
685,207,210,141
687,205,209,141
686,204,212,141
686,202,213,142
685,201,212,141
684,199,209,141
682,197,209,140
680,196,208,141
676,193,210,141
670,192,215,142
666,190,218,143
665,190,213,143
663,189,211,144
661,188,211,143
658,188,209,143
655,188,209,143
654,189,207,141
652,188,209,141
650,186,208,143
647,185,210,142
645,183,211,143
644,183,210,141
641,181,210,142
638,179,213,143
638,179,210,143
637,179,210,141
633,178,213,142
632,177,211,142
631,176,210,142
630,175,208,142
627,173,211,144
626,173,210,141
624,172,209,143
622,172,210,142
622,171,209,144
621,172,207,142
619,171,209,142
619,172,207,141
618,171,207,142
616,171,209,142
616,171,208,142
614,170,207,142
613,170,209,143
613,172,209,140
612,171,209,141
610,171,210,142
610,171,208,142
608,170,211,143
609,171,210,141
607,172,210,141
606,172,211,141
606,172,209,141
608,172,208,142
610,171,207,143
613,171,206,142
615,170,206,142
618,170,205,143
621,170,207,143
626,170,204,142
630,170,204,142
633,170,206,141
638,170,205,140
641,169,205,142
644,168,205,142
647,167,206,143
649,167,207,142
652,167,207,141
655,166,207,140
657,166,207,138
659,165,206,140
661,164,205,140
663,164,205,142
665,163,206,142
668,162,206,142
667,162,208,143
669,161,209,144
673,163,207,142
674,163,207,142
673,163,207,143
676,162,205,145
678,162,205,145
679,163,207,144
681,162,208,142
684,162,206,141
685,163,206,140
686,162,206,141
688,161,205,141
688,160,205,143
688,160,204,142
690,159,204,143
690,158,205,143
691,157,205,143
691,156,206,144
692,158,204,141
693,159,204,140
692,159,204,141
692,158,204,142
692,158,205,144
693,157,205,143
696,157,202,142
698,158,201,142
697,158,202,142
698,159,203,141
698,159,203,141
700,159,202,142
701,159,202,142
701,160,202,143
703,161,201,142
704,162,201,143
705,162,201,142
707,163,201,143
707,164,202,143
709,165,202,143
708,167,202,143
709,168,202,143
711,169,199,140
712,169,201,143
713,169,202,143
713,169,205,142
713,169,205,143
715,170,204,141
715,170,205,141
718,171,203,141
719,171,204,141
719,170,204,143
720,170,204,143
723,170,202,141
724,170,204,142
725,170,205,142
725,170,203,141
725,170,204,142
725,170,205,143
728,170,202,143
729,169,203,144
728,169,204,144
727,169,209,144
728,169,208,144
729,169,207,143
730,169,207,143
729,168,207,145
730,167,208,145
730,167,207,144
731,166,207,145
733,167,207,144
734,165,208,145
735,165,208,145
734,165,210,144
734,165,210,144
736,165,208,146
738,165,206,144
741,165,205,145
742,164,207,146
741,164,209,146
743,165,210,145
743,165,211,145
744,164,211,146
746,163,211,147
747,164,210,147
748,163,211,148
749,162,212,148
755,162,207,148
756,161,208,148
759,162,206,147
758,161,209,148
759,161,210,147
760,160,210,149
764,159,208,149
764,160,209,148
767,160,209,149
768,159,210,149
767,159,213,150
768,159,216,149
771,158,214,149
771,157,216,151
774,157,215,150
775,157,215,149
777,156,212,150
780,156,209,148
782,155,210,147
785,155,208,145
787,152,210,148
789,152,209,147
788,151,213,150
790,150,211,150
791,149,209,150
791,149,211,151
791,149,214,149
792,149,215,150
790,150,217,150
787,152,216,151
785,152,217,151
785,153,214,150
782,154,214,150
779,154,212,150
777,154,211,150
775,156,207,149
770,155,209,149
768,156,207,148
761,156,211,150
756,156,211,151
753,157,210,150
750,158,208,149
748,157,209,149
744,156,209,150
740,157,211,150
735,157,213,150
732,157,212,150
728,158,212,149
725,157,212,150
721,158,213,149
719,157,212,152
716,158,211,150
714,158,210,150
714,158,211,151
714,158,211,151
714,159,208,150
712,159,210,150
710,159,211,150
706,160,212,150
705,159,206,150
703,159,207,150
702,160,208,149
699,159,208,150
696,160,209,150
696,162,209,148
694,163,208,148
692,163,207,149
690,164,207,148
689,165,205,148
688,165,203,150
688,164,203,151
686,165,203,150
683,165,205,150
681,167,206,150
679,167,207,150
676,168,208,150
676,169,205,149
676,168,204,150
675,170,205,150
672,172,207,149
669,172,208,150
667,175,207,150
666,177,209,150
663,178,208,151
662,179,208,153
659,181,209,152
658,183,207,153
656,185,206,152
654,186,207,153
652,188,206,152
648,188,210,154
645,190,212,153
645,192,209,153
644,193,207,153
641,193,207,154
640,194,208,156
637,195,209,156
635,195,211,155
632,196,213,155
631,197,211,155
628,199,210,154
628,200,209,155
624,201,211,154
622,201,210,155
620,201,209,154
619,201,208,156
619,203,207,155
616,203,208,155
613,203,210,154
611,205,208,153
610,204,207,155
609,204,207,155
605,205,210,155
605,206,210,156
604,208,208,153
603,209,209,151
602,210,207,151
599,211,208,153
599,211,207,155
597,212,209,153
596,213,208,154
594,212,209,154
593,214,206,153
593,215,204,153
593,215,201,153
591,216,201,151
587,215,204,153
585,216,203,151
585,216,201,151
584,215,200,152
582,216,199,151
579,215,200,152
577,216,201,151
575,216,201,152
573,215,199,152
569,215,200,151
568,215,200,150
567,214,199,151
565,214,199,150
564,213,196,149
562,212,197,152
560,212,197,150
559,212,194,149
555,211,198,149
553,210,198,151
552,209,196,151
549,209,196,150
548,209,197,150
545,209,198,151
543,209,196,150
541,208,197,151
540,208,197,150
539,207,197,151
538,206,200,151
535,205,201,151
535,205,199,150
536,204,199,151
538,205,196,148
539,204,197,148
540,202,196,149
539,201,197,150
537,199,200,153
536,198,200,154
538,197,198,153
539,196,197,154
539,195,200,154
539,194,199,154
540,193,198,153
541,191,198,154
541,191,198,153
540,190,200,154
539,189,201,155
540,188,200,154
538,186,203,155
541,186,199,154
543,185,198,153
544,185,198,153
544,183,198,153
545,182,202,155
547,182,201,154
549,182,200,155
552,180,200,156
554,179,201,156
558,180,199,154
561,177,200,155
563,176,202,156
567,176,200,156
569,175,199,156
570,175,202,155
573,173,202,156
576,172,201,155
578,171,202,157
582,171,198,155
585,170,200,155
587,170,200,155
590,170,200,155
590,172,202,156
593,173,201,157
595,177,200,155
595,178,201,158
596,181,204,157
598,184,203,157
600,187,203,159
600,190,201,157
599,192,203,158
601,196,200,156
601,200,200,157
600,201,202,158
599,203,203,158
597,204,204,158
596,206,203,159
595,207,202,160
594,208,202,159
593,209,201,158
591,210,202,158
589,211,205,158
587,210,205,160
587,212,202,159
583,212,205,159
585,213,202,159
585,213,201,158
584,214,202,159
584,214,203,160
584,214,202,159
582,214,203,159
582,214,203,159
582,213,204,161
582,213,203,161
582,213,203,160
583,214,200,159
585,214,198,159
584,215,199,158
585,212,201,160
586,212,201,160
586,213,203,159
586,213,202,160
587,213,201,161
588,214,199,160
591,213,198,160
592,213,198,162
592,212,202,162
594,214,200,160
593,214,202,161
594,215,202,160
594,215,203,160
596,213,202,162
596,211,202,164
597,211,202,164
598,211,201,162
599,210,200,162
600,208,202,162
601,207,202,162
599,206,205,163
600,207,204,162
601,207,202,163
600,206,203,165
603,207,199,164
603,207,199,163
603,207,201,163
604,207,201,163
603,208,202,163
602,207,203,164
601,207,204,165
602,207,202,163
603,207,203,165
602,206,204,165
602,208,204,164
603,208,204,164
603,207,203,164
602,207,203,164
602,207,204,164
602,207,205,163
602,207,205,164
602,206,207,166
601,208,206,165
600,208,206,165
600,209,206,165
602,209,203,165
602,208,203,166
602,208,202,166
600,210,206,165
600,210,206,167
599,211,206,167
598,211,207,168
597,212,208,168
597,213,208,168
597,214,207,167
597,215,207,167
596,215,207,168
596,217,206,167
596,218,205,166
596,219,207,166
597,220,205,167
596,220,207,166
596,221,206,165
596,221,207,169
595,221,207,169
596,222,204,167
595,222,205,168
595,223,205,168
595,223,206,168
594,223,206,169
594,223,204,167
594,222,204,169
594,222,207,171
594,222,205,170
593,221,208,170
595,222,204,167
595,223,203,165
594,222,207,167
593,222,207,167
595,221,204,167
594,221,205,168
594,220,206,168
594,219,205,167
594,217,205,170
594,217,205,169
595,217,204,168
593,216,207,168
594,214,207,168
593,214,207,170
594,214,204,168
593,212,206,170
591,212,207,171
592,211,206,172
591,210,207,173
591,210,206,170
591,209,208,171
591,209,207,171
590,209,210,171
592,209,209,171
591,210,211,170
593,211,210,171
592,211,209,172
592,211,211,173
594,211,208,171
593,210,209,173
593,211,209,172
593,210,209,173
592,210,209,173
591,210,209,174
592,211,208,173
590,209,211,173
590,211,209,173
590,210,209,175
590,210,210,175
588,212,210,173
589,211,208,174
588,210,210,175
588,212,209,173
587,210,212,175
586,210,211,176
585,209,212,176
585,212,210,172
585,211,209,174
582,210,211,176
583,211,211,174
580,211,213,176
579,212,214,176
576,212,216,178
576,213,216,177
573,214,217,177
572,214,219,179
571,216,217,178
570,217,217,176
568,215,218,179
567,216,219,179
564,216,221,178
564,218,219,179
563,218,219,178
562,219,215,179
562,220,214,176
560,220,215,178
561,221,215,178
560,221,215,179
560,221,214,180
558,221,216,180
557,223,214,180
554,222,217,179
554,224,215,178
551,223,217,179
551,224,217,180
548,224,219,180
548,224,219,181
547,225,218,184
545,225,220,184
545,225,220,183
543,225,221,185
540,226,224,185
540,227,223,187
538,227,222,189
536,227,222,187
535,230,220,189
535,226,220,190
533,228,220,190
533,229,221,188
535,229,221,189
534,231,220,188
535,232,216,188
531,234,219,187
529,236,219,184
530,237,218,184
529,236,220,187
531,238,217,185
530,239,218,186
530,241,220,185
529,241,219,186
528,242,221,185
527,243,222,186
526,243,222,186
526,245,220,186
526,244,219,186
525,244,218,187
525,244,217,185
525,245,216,184
525,244,216,187
526,243,217,187
525,243,218,188
528,245,215,186
528,243,218,187
528,244,219,186
528,245,218,184
528,245,217,185
528,245,217,186
528,245,219,188
528,244,220,189
527,244,220,190
527,244,222,190
528,243,223,193
526,244,226,191
526,244,226,190
528,244,225,190
530,244,222,189
531,244,221,190
530,242,220,190
532,244,217,189
533,243,218,189
533,241,220,190
533,241,220,189
535,240,220,190
534,239,221,191
537,239,220,190
538,238,217,190
537,236,219,189
538,234,217,189
541,232,215,189
540,231,217,189
542,229,217,189
543,227,216,190
545,226,215,189
544,225,217,187
545,224,217,190
545,221,219,191
544,220,221,191
546,217,221,191
546,215,221,192
546,215,219,190
548,213,219,190
548,211,221,191
550,210,220,191
550,209,224,191
551,209,223,193
551,210,222,193
550,212,221,193
551,215,219,192
551,216,219,193
552,219,220,192
551,221,220,193
550,226,220,194
549,230,220,192
548,233,221,193
548,237,221,194
547,242,221,193
548,247,218,193
548,251,219,194
546,257,217,194
547,262,216,194
545,266,216,194
544,270,218,195
545,275,215,195
544,279,218,195
544,282,217,195
546,284,219,194
544,287,221,195
543,289,221,194
546,288,219,196
548,288,215,194
549,285,219,196
552,284,218,194
552,281,219,196
553,278,219,198
555,273,221,197
556,272,221,196
556,267,224,197
559,266,221,197
557,259,228,202
559,259,227,200
560,257,226,199
561,254,225,200
561,253,224,201
562,251,224,201
564,250,222,199
563,246,226,203
561,244,228,203
563,243,228,202
564,244,225,199
563,242,225,201
563,241,222,199
561,239,223,200
560,235,226,199
560,236,225,197
559,234,224,200
558,232,226,199
556,234,224,200
555,232,225,200
553,231,227,202
552,230,229,204
552,229,230,204
551,229,229,206
551,228,231,204
551,230,229,206
550,232,228,206
549,231,229,208
548,233,230,206
548,233,230,205
549,234,229,204
548,234,228,202
546,236,227,203
545,237,229,203
546,235,228,204
546,238,225,202
547,237,226,203
547,237,226,204
548,237,226,201
547,238,225,202
548,238,225,202
547,239,228,203
546,239,229,205
544,238,232,207
544,238,234,209
544,238,234,210
545,239,232,207
548,242,226,205
548,241,226,204
550,243,225,203
549,242,227,204
550,244,226,203
550,245,227,205
551,247,229,205
549,249,229,206
547,252,229,204
549,254,225,204
549,256,225,203
549,259,224,204
550,257,225,204
551,259,226,203
548,258,231,206
550,263,227,205
548,262,231,206
547,263,230,208
546,263,234,210
549,264,231,208
549,262,233,209
551,263,230,208
553,261,228,209
555,261,228,210
557,258,228,208
559,256,229,210
561,255,228,209
564,254,228,207
564,252,230,209
567,251,227,209
568,249,229,209
569,246,230,210
570,244,231,211
573,241,229,211
575,239,230,211
579,240,226,208
580,237,226,210
582,236,227,209
582,235,229,210
582,231,235,212
584,227,235,214
586,228,234,215
590,225,231,214
593,227,227,212
595,226,228,213
597,224,228,213
597,224,229,213
599,223,230,215
601,224,230,215
601,222,232,214
603,225,229,215
602,226,232,215
601,226,234,217
601,226,234,218
603,226,232,217
605,228,231,217
603,228,233,219
604,226,234,220
605,233,232,217
606,235,229,217
605,233,233,219
605,237,232,219
602,234,238,220
601,235,240,219
600,238,239,220
602,238,236,220
603,240,233,217
602,241,233,219
604,241,231,218
604,243,230,218
605,246,228,218
604,244,231,217
603,243,234,222
601,245,236,221
602,246,236,220
602,250,235,220
600,249,236,222
601,253,233,221
600,252,237,220
600,253,235,220
601,255,235,220
601,257,234,219
599,263,232,220
599,262,232,218
597,264,234,222
595,263,238,224
594,266,239,224
593,267,240,224
594,272,235,222
592,272,237,223
593,275,235,221
594,277,233,224
594,278,233,221
594,279,233,222
593,278,235,222
591,278,237,222
592,281,232,221
592,278,235,220
593,277,232,221
593,274,233,220
593,273,232,219
592,273,231,220
591,271,232,218
589,266,236,222
590,266,233,220
589,262,233,222
589,259,232,221
588,254,234,223
590,248,235,223
589,248,234,221
589,246,234,223
588,240,236,224
588,240,234,223
589,237,232,223
588,238,231,219
589,233,233,221
588,234,232,218
586,233,232,221
584,231,235,223
583,228,236,221
581,226,237,224
581,224,236,224
579,223,237,222
578,221,237,222
575,220,240,224
576,217,239,223
574,218,237,223
572,214,241,225
569,213,244,226
568,210,245,228
566,210,244,228
567,211,241,225
565,210,242,225
563,209,244,227
565,209,241,225
564,206,244,225
564,206,240,229
564,205,243,226
564,205,241,226
564,205,239,226
565,201,242,226
565,199,240,226
566,198,240,224
566,196,242,226
565,199,240,225
563,196,240,227
562,198,239,225
560,195,244,225
561,197,240,225
561,197,240,224
560,197,237,225
558,198,238,224
559,198,237,223
559,198,233,222
558,196,234,222
555,191,236,227
553,189,237,227
553,189,236,226
551,188,237,225
551,185,236,227
548,185,238,227
549,184,237,224
549,183,235,225
548,182,235,224
544,178,239,227
545,177,239,225
542,172,245,227
539,170,246,229
539,170,243,228
537,167,245,228
535,165,246,228
535,166,243,227
533,162,245,229
532,158,245,230
531,155,248,230
528,155,248,228
525,150,251,232
525,145,251,233
522,146,251,232
521,142,252,234
523,140,248,232
520,138,249,234
519,136,250,231
518,134,249,232
516,135,249,227
515,132,249,229
514,132,248,226
513,130,247,229
511,129,248,229
510,127,247,230
508,127,247,231
508,126,246,232
506,127,247,228
504,130,244,229
502,129,246,229
501,126,247,229
500,128,246,227
500,128,248,228
499,130,246,229
498,132,246,228
498,131,248,229
498,134,245,229
498,133,246,229
497,133,246,231
497,133,247,229
495,131,248,231
495,131,246,233
492,131,250,233
492,131,250,232
491,132,249,233
488,131,253,234
487,136,248,233
485,136,251,236
484,138,249,235
483,141,246,235
483,140,245,234
480,142,243,236
482,145,237,235
479,146,240,234
478,147,241,232
476,147,244,235
475,149,245,237
477,149,247,234
476,150,246,235
479,149,246,235
480,146,245,238
480,148,245,237
482,150,243,233
482,147,245,233
484,146,244,231
484,143,246,234
485,142,245,234
483,142,245,233
484,134,247,234
483,133,246,235
480,135,247,237
479,130,251,240
478,127,254,239
479,127,252,239
478,128,251,238
480,126,250,238
478,124,252,243
478,121,252,243
475,123,253,244
475,122,255,243
473,123,258,246
476,123,255,241
475,128,252,248
474,130,253,248
473,132,252,246
472,134,254,248
472,133,255,248
475,139,250,243
471,139,254,246
470,143,254,248
468,142,258,248
469,148,256,247
467,148,256,245
471,154,252,241
470,159,252,242
471,163,248,243
473,163,248,241
472,167,247,243
469,170,251,245
469,171,252,246
469,173,253,245
474,175,246,243
475,176,245,241
476,179,245,243
475,182,245,243
475,184,247,244
477,185,245,243
478,181,247,241
481,182,244,239
480,185,246,240
481,182,246,242
481,183,247,241
485,183,244,239
484,183,245,242
484,184,245,242
488,181,243,240
487,186,245,240
491,183,242,239
492,183,242,239
493,186,240,237
493,186,241,239
494,189,239,237
494,185,241,240
494,185,242,239
494,184,242,240
495,187,241,240
495,188,243,239
495,189,242,239
496,189,241,237
496,189,241,238
495,191,242,240
493,190,244,243
494,194,242,242
496,192,240,239
494,193,242,241
493,190,244,241
494,190,243,241
494,195,242,241
495,194,242,242
495,196,241,239
495,193,244,240
498,196,241,242
499,193,243,242
500,197,244,243
505,197,243,242
509,196,242,240
513,198,241,240
517,198,240,239
520,199,240,241
523,198,239,241
526,200,237,241
528,200,237,239
531,201,237,240
533,200,238,239
537,204,236,238
539,200,238,240
542,201,237,240
545,202,235,239
547,202,235,237
550,201,236,237
553,200,235,235
556,202,234,235
559,199,234,235
561,197,235,232
565,198,233,233
568,200,232,234
566,197,238,238
568,198,238,237
570,196,239,242
573,195,237,240
576,195,237,241
577,194,238,241
577,195,239,242
579,192,239,240
579,194,240,243
583,192,237,239
580,186,243,245
581,183,242,244
582,184,241,246
582,182,241,248
581,181,242,246
583,181,240,244
582,179,241,247
582,177,243,247
583,180,241,244
583,175,241,243
584,174,240,242
586,174,239,243
585,174,240,245
585,172,240,243
585,170,240,244
585,171,241,245
587,169,239,248
583,170,242,247
582,167,243,249
581,167,244,251
582,166,242,249
580,161,244,252
575,157,247,253
573,158,245,250
570,158,244,252
566,155,245,249
564,155,245,253
563,151,246,252
558,152,246,253
555,149,248,256
552,146,249,254
552,147,247,255
546,151,251,258
545,150,251,257
542,152,254,262
538,152,253,258
539,157,250,258
535,162,250,256
532,164,252,257
529,172,253,261
527,177,250,258
525,181,251,258
520,186,253,260
518,190,253,260
516,197,253,263
514,198,253,263
515,203,253,261
515,205,252,260
516,206,251,258
517,207,254,261
524,212,247,259
529,213,247,256
533,212,247,256
539,212,247,255
541,213,248,254
547,213,246,252
552,214,246,249
556,216,246,253
557,212,250,250
562,213,249,253
563,215,252,254
567,214,254,255
570,217,254,257
575,216,251,256
579,221,250,255
582,220,248,253
583,220,248,251
586,220,248,253
589,219,247,252
587,217,250,250
588,218,252,251
593,220,249,254
595,219,248,253
595,219,249,252
597,220,252,255
598,215,252,254
598,221,252,255
599,216,253,256
600,215,253,255
599,216,253,253
598,214,253,255
603,213,251,254
602,213,251,254
601,212,252,255
603,210,250,255
597,209,254,255
600,207,252,255
602,210,248,254
600,208,249,255
599,208,251,256
602,212,247,254
602,212,244,251
601,211,245,251
602,211,244,250
599,211,246,250
597,211,245,247
598,211,243,249
595,209,244,247
594,210,244,250
593,212,242,247
590,209,244,246
590,211,242,249
587,208,246,251
584,207,246,248
585,208,246,251
586,211,243,253
579,208,249,253
579,208,247,252
576,207,248,252
576,210,246,249
575,211,248,254
574,210,247,252
573,209,245,253
571,209,248,254
569,208,252,257
569,206,251,254
567,206,251,256
564,207,252,255
563,206,253,253
562,206,251,257
564,208,249,257
560,209,253,257
563,211,250,253
562,209,250,251
562,212,250,253
562,214,250,253
562,211,248,252
561,213,249,253
561,216,249,256
559,212,249,254
559,211,249,254
559,216,247,252
559,217,247,255
558,212,249,254
557,212,249,252
557,214,248,253
556,215,248,251
558,216,245,252
555,218,247,254
555,218,244,248
555,220,245,255
553,217,247,254
550,216,250,253
551,217,248,254
550,218,249,250
549,215,250,247
550,217,250,254
551,217,247,252
552,217,245,249
554,217,245,248
553,219,244,250
552,218,246,248
552,214,246,250
553,218,245,249
552,216,245,247
551,216,246,248
552,214,244,248
554,215,245,253
551,213,246,247
553,215,245,250
554,213,244,249
554,211,245,249
555,214,245,249
555,212,245,249
558,212,243,249
557,211,244,249
556,213,244,245
558,212,243,248
558,212,245,248
560,214,242,245
561,214,243,247
561,211,243,244
561,214,243,242
560,210,243,241
562,212,244,247
563,212,244,247
565,212,247,250
568,215,247,255
571,213,247,254
574,213,247,254
578,213,246,257
580,213,249,255
584,213,249,252
588,214,249,254
592,211,251,260
593,212,253,262
599,213,253,262
601,209,253,259
605,212,256,262
607,213,253,256
611,212,251,255
616,214,252,257
619,216,249,254
622,218,251,253
625,219,249,253
631,220,250,255
632,221,251,256
637,219,249,257
638,218,252,255
642,219,253,257
644,215,251,257
646,219,252,261
648,216,251,254
649,217,254,261
648,214,256,257
654,216,251,261
657,217,250,260
660,220,251,256
658,219,251,256
660,219,249,258
661,216,250,260
661,216,248,256
659,214,248,255
658,213,249,254
659,212,250,260
658,210,251,258
657,209,254,261
656,207,254,260
657,204,253,261
653,201,255,263
656,201,254,264
653,199,253,260
652,201,252,258
654,199,252,261
654,195,249,264
648,196,251,256
648,199,249,259
644,194,248,252
642,196,247,254
641,194,247,258
637,196,247,253
634,192,247,254
631,196,247,254
628,197,246,253
627,194,244,250
626,196,241,250
619,194,242,246
614,195,240,240
612,196,241,244
611,200,241,250
603,193,244,243
602,198,243,246
601,199,243,250
594,198,243,248
594,198,241,249
586,194,242,242
585,196,239,245
580,198,239,243
577,198,238,245
574,199,239,248
571,196,238,248
566,194,238,241
562,191,238,239
560,193,237,242
558,194,235,241
552,192,236,237
550,191,237,240
544,189,239,237
546,190,237,240
542,188,237,239
540,188,232,231
536,185,236,234
536,183,233,233
538,181,234,237
532,182,232,235
535,184,232,234
533,179,231,232
533,180,232,233
532,180,229,233
533,180,228,233
527,178,227,228
525,179,228,229
523,176,228,226
524,176,227,228
522,175,228,229
518,172,226,227
514,170,228,228
515,171,226,228
513,172,226,223
510,171,225,221
509,175,225,226
506,175,224,222
506,173,223,223
502,172,224,222
498,172,224,219
496,170,225,222
494,175,222,221
494,175,220,222
492,175,220,221
489,172,221,221
488,174,221,220
489,176,217,221
487,175,218,218
482,174,218,218
481,173,217,218
478,173,217,217
480,174,214,216
477,170,216,215
480,171,214,216
481,170,213,212
481,172,211,214
481,170,211,211
481,170,211,210
480,168,212,208
483,168,212,213
484,166,209,211
489,167,208,214
485,161,209,210
488,162,207,209
489,161,205,205
492,161,205,208
489,156,205,200
493,157,204,205
492,156,205,207
490,155,207,206
492,155,207,210
490,153,207,209
493,154,207,210
491,152,207,207
490,152,206,208
489,150,208,208
487,146,209,207
492,147,207,209
490,147,207,208
492,147,208,211
489,144,206,205
491,143,207,210
492,142,206,210
492,144,206,208
491,143,205,204
494,142,205,205
495,142,207,210
494,138,208,207
495,137,208,209
493,141,210,211
495,140,208,210
494,139,209,211
496,137,208,210
495,139,209,210
495,137,209,207
497,138,210,210
500,141,208,212
497,138,209,207
500,137,209,213
498,137,210,213
501,141,208,212
501,140,210,213
500,140,209,211
501,143,213,217
498,141,213,216
500,141,214,215
503,143,212,213
505,144,210,213
507,147,208,211
510,146,207,207
511,149,206,209
512,148,207,209
513,149,206,209
512,147,206,205
516,152,205,208
514,150,208,208
516,153,208,212
517,153,209,212
516,151,209,209
517,153,209,210
518,156,209,211
520,157,209,212
515,156,212,213
518,157,210,213
516,157,210,210
516,159,213,216
515,160,213,215
513,161,213,216
516,161,211,210
517,165,209,211
515,163,210,209
516,165,209,211
514,166,211,210
512,166,210,209
514,168,208,210
512,167,208,205
511,168,206,204
511,169,207,205
512,171,206,206
510,170,206,202
508,171,207,204
509,170,208,205
508,171,208,207
508,172,209,209
507,172,211,213
501,168,214,208
507,171,212,211
507,169,211,211
505,167,212,208
509,168,211,206
511,170,210,209
510,168,208,204
512,170,209,207
510,170,210,206
511,167,210,203
512,168,208,204
513,169,207,204
515,170,207,204
515,171,209,207
513,167,208,202
516,172,207,207
517,170,208,207
516,168,209,204
517,168,208,202
520,170,207,203
519,169,206,203
519,170,206,200
520,170,207,201
517,169,205,200
521,168,205,198
523,173,201,197
523,171,203,197
522,172,203,196
524,173,199,192
522,172,198,189
524,173,200,192
525,173,198,192
525,176,200,194
525,175,198,190
526,172,197,188
526,174,198,190
524,174,196,186
523,176,199,191
522,175,199,190
522,173,198,191
522,172,198,188
525,174,193,186
523,173,195,186
522,173,195,184
522,175,194,187
521,173,195,183
523,175,191,180
521,173,192,181
521,173,191,178
525,175,189,179
522,178,190,179
523,177,191,181
523,176,192,179
523,175,192,177
525,177,192,177
524,176,194,179
523,176,194,178
524,175,194,177
525,176,195,180
526,175,194,177
526,176,194,178
527,176,196,183
529,176,196,182
529,178,196,186
531,180,195,185
529,176,197,182
531,176,196,180
536,177,194,181
533,178,197,180
536,177,195,178
538,178,194,177
540,178,192,176
540,178,191,173
540,179,193,179
537,177,196,177
538,176,196,175
541,178,194,177
542,178,193,174
546,180,194,179
545,179,195,179
546,181,195,179
543,178,197,177
547,181,194,179
549,178,193,176
550,179,194,180
548,179,196,180
547,175,197,178
547,177,197,181
550,178,198,186
551,176,196,179
548,175,197,178
548,175,198,180
553,174,197,183
549,174,198,181
551,173,200,184
550,170,198,178
553,172,198,181
554,170,196,179
554,172,197,182
553,171,198,179
552,173,199,181
554,175,197,180
549,175,201,185
546,173,201,180
547,173,200,179
545,173,199,175
549,173,197,175
548,174,198,177
548,173,197,176
546,175,198,177
546,178,197,181
545,178,198,182
541,177,201,181
537,176,203,179
540,179,200,183
540,179,199,176
538,179,198,175
536,179,201,179
535,180,201,181
532,181,202,180
530,181,203,179
530,183,203,183
528,184,205,184
531,187,204,187
527,186,205,183
530,189,201,185
528,187,203,183
525,189,202,184
531,193,201,187
526,192,202,185
534,195,198,184
532,195,199,181
533,196,197,182
528,196,202,182
535,199,199,187
536,201,200,189
536,201,200,185
534,202,204,188
537,205,201,186
539,204,200,183
544,206,198,184
543,207,200,185
541,207,199,182
541,208,199,182
544,208,199,179
549,210,197,184
547,210,197,177
552,212,195,177
553,213,195,179
556,214,196,180
554,213,197,179
557,212,198,181
554,212,200,181
557,213,199,181
559,211,199,180
561,214,200,182
560,212,204,184
560,215,204,186
564,212,203,181
566,210,204,181
569,211,202,182
572,212,204,185
577,213,200,180
578,213,203,183
582,213,203,182
581,209,203,179
585,211,204,182
586,212,204,183
591,210,202,179
594,211,202,183
600,210,199,180
600,210,200,181
598,208,201,179
602,207,201,180
601,205,200,173
606,206,201,178
605,205,201,178
611,207,200,182
615,205,198,181
614,204,199,180
618,203,196,178
616,200,197,179
615,199,197,178
617,199,199,179
616,197,200,181
617,196,201,179
620,197,199,181
617,192,201,178
620,192,200,178
627,194,197,182
623,190,200,182
622,190,200,182
622,188,201,181
622,189,201,182
621,188,202,184
624,186,202,187
620,184,203,185
622,185,203,186
625,184,200,183
625,183,201,184
625,183,200,183
626,181,198,180
630,184,200,185
629,182,200,183
630,181,199,180
628,181,199,180
632,183,199,184
630,181,200,183
632,181,200,183
634,181,198,182
634,179,198,182
636,180,198,183
639,181,197,183
639,182,196,178
641,181,195,181
638,180,196,179
641,181,197,184
641,183,198,186
638,180,196,180
642,182,199,187
643,183,199,189
642,184,198,185
643,184,198,184
643,185,199,186
642,184,199,183
645,187,200,187
644,187,200,188
643,186,202,189
641,187,202,186
643,188,201,188
641,189,204,190
643,191,204,191
641,193,200,184
636,192,201,183
639,196,203,190
640,195,203,189
635,197,205,186
639,199,203,190
633,198,204,183
635,201,203,187
634,202,205,192
633,203,204,190
631,205,204,186
631,206,203,187
627,206,202,184
625,208,202,185
623,209,201,185
620,213,201,181
622,215,201,188
623,215,200,188
612,215,203,186
611,215,205,186
612,218,200,182
610,219,201,184
603,217,207,187
599,218,209,189
594,216,210,190
591,215,210,190
592,220,210,193
583,215,213,189
585,216,210,192
584,219,213,194
580,218,215,195
578,219,214,195
577,220,213,195
574,221,212,192
573,223,212,192
574,225,211,189
574,227,210,190
574,229,208,189
569,228,210,191
574,231,205,188
570,234,205,189
568,233,208,192
567,232,206,190
568,235,205,190
560,234,208,191
565,239,206,190
567,239,202,187
560,236,205,185
562,238,201,184
565,240,199,183
562,240,200,183
557,239,200,181
556,239,199,182
554,240,200,181
556,241,198,181
556,241,199,182
549,241,200,184
549,239,199,180
552,241,198,181
548,240,200,184
549,241,197,182
543,236,199,180
546,238,195,176
544,238,198,182
541,237,198,181
541,237,198,178
534,233,200,179
538,236,199,181
539,236,199,181
535,235,199,180
534,235,201,183
534,234,200,183
530,231,202,183
530,230,200,183
530,232,199,182
530,229,199,182
533,228,194,176
535,229,195,180
536,228,194,181
532,224,195,181
535,226,195,182
532,222,196,182
531,221,197,180
532,222,196,181
531,220,197,183
532,219,196,182
532,217,195,181
533,218,195,183
531,214,197,182
533,215,196,183
529,212,197,179
530,212,197,184
529,209,198,181
529,208,198,180
529,207,197,180
530,204,195,174
533,204,194,175
534,206,192,174
534,203,192,173
539,204,189,174
539,202,190,172
537,200,191,172
535,198,193,171
535,197,191,170
534,196,189,170
537,194,191,173
536,193,191,173
535,191,193,176
532,189,194,174
534,189,192,173
534,190,193,175
536,192,190,174
536,191,189,174
534,191,189,172
534,190,189,173
531,189,192,173
529,188,192,172
530,190,191,172
531,191,189,172
530,190,187,170
530,189,186,168
530,188,183,166
528,189,185,168
529,190,183,169
529,189,183,169
526,188,183,167
524,186,185,168
523,184,186,168
521,184,186,166
521,183,187,168
522,185,183,169
521,184,184,168
522,183,182,167
521,180,183,166
519,179,185,167
519,182,184,169
521,184,180,166
523,184,178,165
521,183,178,165
523,183,177,164
524,184,175,162
522,183,175,160
527,183,174,162
527,180,175,164
525,181,175,160
527,182,175,164
527,181,177,164
529,181,175,162
532,181,174,162
534,180,174,157
536,181,174,158
536,182,173,155
535,181,173,150
536,181,173,150
539,182,172,152
536,182,174,151
539,182,172,152
543,183,169,152
541,184,169,149
540,182,170,150
541,183,168,147
541,182,168,148
541,182,169,147
542,182,167,146
543,181,165,143
544,183,164,143
544,182,166,145
545,182,166,143
547,183,163,142
543,182,163,138
548,184,161,141
547,182,163,140
548,182,162,140
546,181,161,138
549,181,162,138
550,181,158,135
553,182,158,136
554,181,156,133
557,185,154,134
557,184,153,135
559,183,152,135
556,183,154,133
559,183,152,128
557,183,153,129
560,182,153,131
556,180,157,129
559,179,156,130
556,180,157,129
554,178,158,129
556,177,156,129
559,175,156,131
560,175,156,132
561,175,154,133
560,175,154,132
562,175,154,131
562,173,153,131
562,174,153,132
560,171,156,134
561,169,154,133
560,170,155,131
562,170,154,131
560,169,153,130
561,167,152,129
560,167,153,131
561,167,154,132
562,168,155,134
565,168,151,131
566,167,147,130
569,168,145,131
569,169,144,131
571,167,141,132
571,167,142,133
572,166,141,131
575,165,139,131
574,166,140,131
577,167,137,130
575,165,139,132
574,164,139,132
576,164,137,128
578,165,137,131
578,165,136,130
579,165,135,130
578,163,136,128
579,164,135,125
579,165,136,126
580,166,136,126
578,163,137,124
579,163,138,127
580,165,137,127
579,163,139,126
577,164,139,123
580,162,139,124
580,164,140,129
583,161,138,130
582,164,139,129
585,161,139,131
580,159,141,129
583,160,141,132
581,159,143,132
584,158,140,132
587,157,138,130
586,156,139,131
587,157,139,130
586,156,141,131
588,156,142,133
588,154,144,134
590,154,144,135
589,153,143,133
589,151,143,131
590,150,144,132
592,149,144,132
593,150,146,135
594,149,145,135
597,149,143,134
597,148,146,136
597,148,146,136
598,145,146,138
603,145,143,136
604,144,144,137
604,143,144,135
606,142,143,133
606,141,144,134
609,142,144,136
610,139,144,135
612,140,143,135
613,138,142,132
615,137,142,133
618,138,139,132
619,137,141,132
619,135,142,132
622,134,139,130
621,133,143,132
623,131,142,131
625,132,142,134
627,131,141,132
627,131,141,132
627,127,139,129
628,127,137,125
631,126,138,128
629,124,140,130
631,124,140,129
631,124,141,131
632,121,142,133
632,121,142,133
633,121,141,132
635,121,140,131
638,120,138,127
639,120,138,128
640,120,138,127
642,122,137,128
644,121,136,127
644,121,138,128
644,119,137,126
646,119,138,128
648,120,137,127
649,120,137,128
650,119,133,123
654,120,134,126
654,121,134,126
655,121,134,124
657,121,134,126
657,121,134,126
658,122,134,124
659,123,135,125
659,123,136,127
659,122,137,128
662,123,135,125
663,123,135,126
665,124,134,126
666,124,134,125
667,124,132,125
668,126,133,126
669,126,133,126
670,125,132,124
673,129,132,125
673,127,132,124
673,128,133,124
673,127,133,123
675,128,134,124
677,130,131,121
678,132,130,121
679,133,130,122
680,133,130,121
681,132,130,118
684,134,132,122
682,133,133,122
684,134,135,125
684,134,134,122
685,135,135,122
686,136,132,119
687,138,134,121
688,137,133,120
691,138,131,120
693,140,132,122
693,140,132,121
695,142,131,120
698,142,130,118
697,141,130,117
699,143,129,115
698,144,130,118
699,143,130,117
700,143,132,119
701,143,131,119
701,144,131,119
703,146,129,117
702,147,131,121
703,147,130,121
705,147,130,121
706,148,130,121
707,148,131,122
708,148,130,121
707,150,130,120
708,150,131,121
711,150,129,121
710,150,131,121
711,150,131,122
712,151,131,120
713,153,131,122
713,152,132,121
714,152,132,123
715,152,133,124
716,152,133,126
716,152,133,123
718,154,133,126
718,154,134,125
718,153,132,121
719,154,132,123
720,156,134,125
720,156,132,124
720,155,133,124
723,156,132,124
724,157,133,125
724,157,135,126
724,157,135,127
725,155,133,124
725,156,134,127
725,156,133,126
723,156,135,126
724,154,135,126
723,154,134,125
723,155,136,127
723,154,135,126
723,155,138,129
722,155,138,130
723,154,138,128
723,154,137,127
724,154,134,126
725,154,133,125
724,154,135,127
723,153,134,125
723,154,135,125
725,155,134,124
723,154,135,127
722,153,133,124
720,152,136,127
721,152,135,126
721,153,134,125
719,153,137,125
718,152,137,126
717,153,135,125
718,152,134,123
717,152,134,125
715,151,136,126
714,151,138,128
712,151,139,128
711,150,138,128
712,150,135,126
713,151,134,125
711,150,134,126
710,149,135,125
710,149,135,124
707,149,133,122
708,151,134,125
707,149,131,122
708,150,131,123
704,147,132,120
703,146,132,121
703,146,132,123
703,145,131,123
702,146,131,122
701,146,130,122
700,145,131,121
699,146,132,123
699,145,132,123
698,145,131,123
698,144,130,122
696,144,132,124
695,143,130,123
695,143,132,125
693,143,131,122
692,143,133,126
692,145,131,125
692,145,130,124
691,144,131,124
689,144,130,122
689,145,131,123
688,145,130,122
689,147,129,123
689,146,130,123
688,148,130,125
686,148,133,125
685,148,132,124
683,149,134,127
685,150,132,126
683,150,132,124
683,151,132,125
683,152,132,128
680,151,135,128
682,153,131,125
681,153,133,127
680,154,133,126
679,154,134,128
678,155,134,127
676,155,136,128
676,156,135,128
678,157,132,128
678,158,133,128
676,158,135,128
675,160,134,126
675,160,133,124
677,161,132,123
677,162,132,125
675,162,134,127
676,163,132,125
676,163,131,123
676,164,131,124
675,165,132,124
676,167,131,124
675,168,131,122
676,169,129,121
674,169,130,122
676,170,130,124
675,172,132,126
674,171,134,125
674,171,134,127
674,171,133,125
676,173,132,125
673,173,133,125
674,174,134,126
676,174,133,124
675,175,131,125
673,175,133,126
674,175,132,124
673,175,132,124
674,176,132,126
673,176,132,125
673,178,134,127
674,178,132,125
673,178,133,128
673,179,131,127
671,178,132,126
672,178,132,127
671,177,132,128
672,178,131,128
671,177,133,128
673,178,131,128
671,177,133,128
671,178,133,129
673,178,131,126
673,178,130,124
672,178,131,127
673,179,131,128
672,178,132,128
672,178,132,127
673,179,129,126
671,178,131,126
671,178,132,128
673,180,129,127
671,177,131,126
669,177,133,127
670,177,132,126
670,177,131,127
670,176,131,127
670,176,130,126
669,176,131,126
668,175,132,127
670,175,131,127
668,175,131,126
667,174,132,126
668,174,129,123
670,174,129,124
667,173,130,123
667,173,130,125
666,173,129,122
666,172,129,122
666,172,128,122
666,171,129,125
664,169,128,122
663,168,130,123
664,167,129,122
665,167,128,123
663,165,129,123
663,164,129,122
665,165,127,122
665,164,128,122
666,164,127,121
666,161,126,121
665,158,129,120
665,158,129,123
665,157,130,122
664,154,131,122
665,154,130,122
668,153,126,116
668,152,128,120
668,151,127,118
668,152,127,118
669,150,127,119
669,148,126,119
669,147,127,119
669,146,128,121
671,147,125,118
670,145,127,120
671,144,128,119
671,142,127,118
673,142,126,117
674,141,126,117
673,140,126,117
674,138,125,117
674,138,127,120
675,136,126,118
676,135,127,118
678,135,125,117
678,134,125,115
677,131,126,115
679,131,126,118
679,129,126,119
679,127,126,118
678,125,127,117
678,125,128,119
681,125,127,119
680,123,129,119
681,121,128,121
680,120,129,120
680,119,129,120
680,118,128,119
682,116,129,120
682,115,128,121
684,115,126,121
682,111,130,123
681,111,128,120
682,111,129,120
682,109,129,120
683,109,127,119
685,110,127,120
686,110,125,119
684,107,124,113
684,107,124,114
686,109,123,115
685,108,126,116
684,106,126,116
683,105,128,117
684,105,126,115
682,105,128,117
683,105,127,119
684,104,126,118
684,104,126,117
684,103,126,119
684,104,126,117
683,103,128,118
682,103,127,117
684,104,126,117
684,105,127,118
685,105,127,119
683,105,126,114
684,105,126,114
685,106,127,116
686,105,127,117
684,105,128,117
685,106,128,117
686,107,127,119
686,106,127,119
686,105,128,119
686,107,126,117
685,106,128,117
686,107,127,117
686,108,124,112
685,109,125,113
688,109,124,115
686,109,125,114
686,111,126,116
684,111,126,113
687,112,124,115
686,113,124,114
685,113,126,115
684,115,126,113
682,114,126,111
682,115,126,114
683,116,124,112
685,117,124,114
684,119,125,115
682,119,124,112
683,120,124,113
681,120,126,112
679,121,125,110
681,124,125,115
679,124,125,112
680,126,124,110
679,127,125,110
678,129,125,111
677,130,125,112
676,132,125,112
675,134,124,107
676,136,124,109
676,137,123,107
675,138,123,107
676,139,123,108
674,142,122,107
674,144,123,104
674,145,122,105
672,146,121,104
672,148,121,106
671,149,122,106
669,149,124,108
669,151,125,109
669,152,123,107
669,153,124,109
668,156,123,107
667,157,123,106
668,157,122,105
668,158,123,107
666,160,124,107
664,162,126,110
664,165,126,109
663,164,126,110
663,166,124,108
661,167,125,107
662,169,125,108
661,169,126,108
660,171,127,112
661,172,126,111
661,174,126,112
659,174,127,111
658,175,127,110
660,175,126,112
659,177,127,112
660,179,127,113
660,180,127,113
658,180,129,113
658,182,130,115
659,182,128,115
658,184,129,116
657,183,130,116
656,183,130,116
658,184,132,120
655,183,132,121
656,185,132,120
659,185,129,117
656,185,131,117
658,186,131,117
658,186,129,115
659,186,129,115
659,186,129,115
658,187,129,113
660,187,130,114
660,186,128,113
659,187,130,116
662,187,128,115
661,188,128,114
661,187,129,115
659,187,132,118
660,187,131,118
660,187,129,115
660,187,128,114
661,188,126,113
661,187,129,116
661,187,129,117
660,186,128,113
662,187,128,115
660,188,129,115
661,186,127,113
661,189,127,113
661,189,126,113
663,189,125,113
662,190,124,111
662,190,124,112
663,190,123,112
660,192,124,111
660,191,125,111
662,192,123,110
662,193,124,113
662,193,122,111
663,195,122,111
662,195,122,109
662,194,122,110
660,194,123,110
660,196,123,107
661,196,121,108
660,198,122,108
660,199,122,109
659,199,123,110
657,200,123,108
659,202,122,108
658,204,122,107
658,204,122,107
658,205,122,108
657,206,121,107
660,209,119,106
657,208,121,107
657,210,121,108
658,211,122,109
657,211,121,109
657,214,122,109
658,214,119,106
658,216,120,107
661,218,118,106
659,219,119,106
658,219,119,106
659,221,119,108
658,221,119,107
660,223,117,107
659,224,118,107
661,226,117,106
660,226,116,105
662,229,114,103
661,230,115,104
663,232,114,104
662,233,113,103
660,233,113,104
661,235,112,102
662,237,112,102
662,239,111,101
664,241,110,99
662,242,109,99
664,244,107,96
661,245,108,96
660,246,108,96
661,249,108,95
662,250,105,95
664,253,104,95
663,254,103,93
660,255,105,92
663,259,103,92
661,258,102,90
662,262,102,91
659,261,102,91
659,263,104,91
660,265,103,92
661,266,101,91
661,267,102,91
661,268,101,91
662,271,101,91
661,270,103,91
661,273,103,91
662,276,101,88
661,277,98,85
661,280,98,84
661,280,101,84
662,280,100,82
663,282,100,82
662,282,101,83
664,281,98,84
665,283,97,85
667,285,95,84
666,285,95,84
667,287,95,82
668,288,94,83
669,288,94,83
671,290,92,80
670,291,93,82
670,289,93,81
669,290,94,82
670,291,94,83
671,291,93,82
671,292,92,81
672,292,91,79
672,292,92,79
673,293,91,79
672,295,92,79
672,293,92,77
672,294,93,78
674,295,92,78
674,295,91,78
675,296,90,76
674,296,90,75
674,296,90,76
674,298,91,77
675,297,90,76
678,299,88,76
677,297,88,73
676,298,88,74
677,298,89,74
677,298,88,74
679,299,88,74
679,298,88,75
679,299,88,73
679,297,88,72
680,298,87,73
680,296,87,73
679,295,89,74
678,296,89,74
677,294,89,74
678,295,89,74
678,293,89,74
678,291,90,76
678,291,90,77
676,290,92,77
677,289,91,77
677,289,91,78
677,288,90,77
678,287,90,76
679,286,88,75
677,286,88,74
679,285,88,75
679,284,88,76
677,281,90,76
677,280,89,75
676,280,90,77
676,280,91,78
676,279,90,77
675,277,90,78
676,276,89,77
675,274,90,78
675,273,89,78
674,272,88,76
672,270,90,78
675,270,87,76
673,269,89,77
675,268,88,77
674,267,88,76
674,266,88,77
673,264,89,77
673,263,89,78
672,261,90,78
673,261,89,76
676,261,87,77
673,260,89,77
673,258,88,77
673,257,88,77
674,255,86,76
674,254,87,77
673,252,87,77
673,251,86,76
674,251,88,78
673,248,87,77
672,247,88,77
673,245,87,77
674,243,85,76
673,242,87,78
673,240,87,77
674,239,87,78
673,237,87,77
674,235,87,78
675,235,86,79
674,233,85,77
675,232,85,77
675,231,86,76
675,229,86,77
676,228,86,77
677,227,86,78
675,225,87,78
676,222,88,79
676,221,88,79
677,220,87,79
678,219,87,79
677,217,87,79
677,215,88,80
677,214,89,80
680,213,87,80
681,212,88,81
679,210,90,81
679,208,90,82
680,206,90,80
681,207,91,81
683,206,90,80
682,205,89,81
683,203,89,81
683,202,89,80
683,202,89,80
685,200,88,79
684,198,89,79
685,198,88,79
685,197,89,80
685,196,89,80
684,195,89,81
685,193,90,81
687,194,87,79
686,192,88,79
686,191,89,79
686,190,88,79
686,191,88,78
687,190,87,79
687,190,87,78
687,189,87,79
687,188,87,78
687,188,86,77
687,188,86,75
687,188,86,74
687,187,86,76
688,187,84,75
689,187,83,74
687,185,85,76
687,187,84,75
685,185,86,76
686,185,84,75
686,186,84,75
686,185,84,74
684,185,85,76
683,185,85,75
683,185,85,76
684,186,84,75
683,186,84,74
682,185,85,74
681,184,86,76
681,185,85,76
680,186,86,76
680,187,84,75
679,186,84,73
679,188,83,74
680,189,82,72
678,189,83,73
678,190,83,73
676,189,83,72
676,190,83,73
675,190,83,74
673,191,83,74
673,192,84,75
672,192,84,74
671,193,84,73
671,194,84,74
669,193,84,73
670,195,83,74
669,196,83,74
669,195,82,73
668,197,83,72
668,198,82,72
667,198,83,72
667,200,82,71
666,200,82,71
665,202,82,69
666,203,81,70
666,203,80,70
664,203,80,69
663,203,82,69
663,204,81,70
664,203,82,71
663,205,82,72
662,204,83,71
662,205,83,72
660,204,84,72
659,205,85,73
659,205,85,73
660,206,84,73
659,206,83,70
660,206,83,71
661,206,83,73
661,206,83,72
661,209,83,73
660,207,84,73
662,209,81,73
661,209,82,73
661,209,82,73
662,209,82,73
661,209,83,73
661,208,84,73
662,212,82,72
660,210,83,71
661,210,83,72
660,210,83,71
663,211,81,71
662,210,82,71
661,211,82,72
662,211,82,72
663,210,82,72
663,212,83,71
663,210,83,72
663,211,84,73
662,211,85,74
662,210,85,74
663,211,85,75
662,211,85,74
663,212,85,74
664,213,85,75
664,212,84,74
664,212,83,72
663,212,85,73
665,213,85,74
665,211,85,73
665,212,85,74
666,214,86,75
666,213,87,75
667,213,87,75
667,213,86,75
668,214,86,76
669,215,86,75
669,213,88,77
670,213,87,77
671,214,88,75
671,214,87,74
672,213,87,75
672,215,89,77
675,214,87,76
676,214,86,75
676,214,87,75
676,213,88,74
677,214,88,74
678,214,86,74
680,214,85,75
680,212,86,74
681,213,85,75
681,212,85,74
682,213,85,74
682,213,85,73
684,214,85,74
682,213,86,73
686,215,83,70
685,213,85,72
685,213,85,71
685,214,86,72
686,215,86,72
686,213,85,71
687,213,86,72
686,213,86,70
688,213,84,71
688,213,84,71
688,212,84,70
689,212,83,70
688,212,83,69
688,212,84,70
690,212,83,71
690,212,81,69
691,212,82,69
690,211,83,70
687,211,84,71
688,210,85,72
687,210,85,72
686,209,86,72
687,210,85,73
687,209,85,72
687,208,85,72
688,208,85,73
688,209,84,73
687,208,85,73
688,208,86,74
686,207,86,73
689,208,84,72
689,207,83,71
688,208,84,74
689,208,83,71
689,209,84,72
689,209,83,71
690,210,83,71
688,209,84,71
688,209,84,71
689,209,83,71
690,208,81,71
688,208,82,70
689,208,83,71
686,207,84,71
689,208,83,72
689,208,83,73
689,208,82,71
688,208,82,70
689,208,81,71
688,209,83,72
689,208,82,72
690,209,81,72
690,210,82,73
690,209,81,72
689,209,82,71
690,210,81,71
689,209,81,70
689,210,81,70
690,210,81,69
691,211,80,70
690,210,80,70
690,211,81,70
689,211,82,71
688,212,83,71
687,213,82,69
689,213,81,69
689,214,81,69
688,215,82,70
689,217,81,70
690,217,79,67
688,217,81,69
686,218,83,69
686,218,84,70
687,219,82,69
687,220,83,70
687,220,82,70
687,221,83,71
687,222,84,71
686,223,82,70
688,225,82,70
688,224,83,72
688,226,83,71
688,227,84,72
688,228,84,72
688,229,84,73
687,229,85,74
684,231,87,73
686,232,86,75
684,231,87,74
683,233,88,75
685,234,87,76
683,235,88,78
681,235,90,79
680,235,89,78
679,237,90,78
679,238,90,78
679,239,91,81
677,240,92,82
676,242,93,83
675,244,92,81
674,244,92,81
673,246,94,83
670,246,96,84
672,249,93,81
672,249,93,82
671,251,94,83
669,251,94,82
668,252,95,83
666,254,95,82
667,256,95,83
664,256,97,85
665,257,96,84
661,257,99,87
658,257,101,88
656,257,101,89
653,256,102,88
653,257,104,91
652,259,104,92
651,259,104,92
649,259,104,92
648,260,106,94
646,261,107,96
644,261,108,95
642,262,108,97
641,262,109,98
636,262,112,98
635,262,114,100
633,262,113,99
631,262,114,100
629,263,116,102
626,262,118,102
624,264,118,103
621,263,120,104
621,263,119,104
619,264,122,109
615,263,122,106
613,263,124,108
609,262,127,108
609,262,128,111
607,262,130,112
604,261,130,110
602,262,133,112
604,263,131,114
601,261,133,113
597,260,136,115
595,262,136,117
593,260,138,118
592,261,139,120
587,259,143,121
587,260,141,123
582,258,144,123
581,259,145,123
578,257,143,118
579,259,144,122
577,258,147,124
577,259,147,126
575,257,149,128
572,259,151,129
569,257,154,129
567,256,154,127
566,256,157,127
568,257,158,133
565,255,161,133
563,255,162,134
565,256,162,137
563,254,163,135
562,254,164,136
564,254,165,137
562,252,168,138
562,252,168,139
563,253,168,140
563,252,170,140
558,249,172,140
559,248,174,143
558,249,176,146
555,247,179,144
554,247,182,148
555,247,182,150
551,245,183,151
551,244,182,148
550,243,184,151
546,243,189,156
543,241,192,156
542,240,192,156
541,240,195,158
538,238,195,156
535,239,199,161
534,239,205,170
531,236,203,166
528,236,207,166
527,235,211,173
524,235,210,172
526,235,214,177
521,233,218,181
518,232,217,177
516,232,222,182
516,231,223,179
514,232,227,186
513,231,227,184
511,231,229,187
514,230,233,192
511,230,231,186
511,229,228,178
508,228,227,179
507,228,232,178
503,228,233,180
505,228,239,188
502,226,242,191
501,226,247,198
500,223,249,200
496,222,252,200
493,221,254,199
496,223,261,212
492,218,261,204
492,219,268,216
491,218,273,220
491,219,272,220
487,216,279,226
488,214,277,223
486,214,275,215
486,215,279,222
486,215,285,229
483,212,289,231
486,214,284,230
481,213,290,234
479,212,294,235
477,213,297,238
475,212,299,239
475,211,301,242
473,213,306,249
473,210,306,244
473,211,305,241
471,211,302,237
472,210,309,245
471,210,318,253
471,210,321,256
470,207,320,252
470,209,326,261
472,209,320,257
469,207,327,260
466,206,325,256
462,207,336,267
463,208,342,277
463,205,343,279
466,205,341,280
462,205,349,282
457,202,351,283
456,202,355,287
459,205,353,285
459,203,353,280
461,202,355,283
459,204,356,286
459,203,359,289
457,202,357,288
455,203,367,296
453,204,374,305
446,200,386,310
447,200,378,306
444,201,385,310
443,200,384,309
438,199,393,313
438,202,394,316
437,201,389,308
434,203,393,309
436,203,398,321
435,201,399,315
431,203,401,317
434,200,397,314
432,201,390,304
434,200,393,315
432,200,401,317
432,200,396,315
429,198,401,316
430,197,402,321
424,194,408,319
424,192,405,318
423,190,405,318
423,188,402,314
422,191,412,332
417,185,419,330
416,181,415,324
417,179,407,320
414,177,417,329
411,173,420,333
406,171,427,338
410,171,417,332
413,173,419,337
410,167,424,333
406,161,429,339
407,162,431,340
408,160,424,338
407,161,426,338
411,158,420,332
404,159,429,338
403,161,430,341
401,156,430,337
403,155,429,341
400,154,432,343
399,150,433,344
400,152,434,346
400,154,437,353
395,150,444,352
387,152,451,353
390,148,445,353
390,147,442,354
388,151,444,353
389,149,447,359
387,148,449,358
384,151,452,358
382,148,453,362
380,150,450,357
380,152,447,356
378,149,447,351
377,149,450,358
376,151,454,359
375,151,453,360
369,149,456,360
367,146,457,365
366,153,458,363
367,153,453,359
367,152,451,358
363,147,457,358
364,148,450,351
359,153,454,359
361,154,442,354
363,153,442,356
362,151,443,353
364,155,442,352
359,153,438,344
357,153,444,350
354,152,448,353
355,153,447,354
355,156,444,351
358,154,440,349
358,151,442,350
353,149,452,356
351,152,453,359
351,152,448,356
352,152,439,350
355,152,446,359
351,149,447,355
350,149,445,354
348,148,450,361
347,145,447,357
348,144,448,359
351,148,443,356
350,143,441,351
350,144,442,355
357,143,436,348
358,143,437,349
356,145,438,347
350,139,441,352
349,140,444,353
348,140,444,354
354,140,440,347
354,139,443,352
352,140,447,355
353,138,446,353
354,134,447,355
350,137,446,355
352,139,449,356
355,141,446,356
354,135,444,353
361,137,441,351
361,135,447,352
361,137,447,350
364,135,441,348
365,134,437,348
369,135,441,350
369,134,441,350
368,134,443,348
376,134,434,344
375,134,443,348
376,133,442,347
380,133,442,347
379,134,441,349
384,133,437,345
389,136,431,343
386,134,438,341
384,134,441,346
383,133,445,349
388,132,437,345
387,129,440,351
388,131,444,348
394,133,439,350
390,132,441,348
393,133,438,345
392,134,443,345
395,135,440,346
395,136,440,343
395,135,437,345
393,137,444,352
390,135,447,348
387,137,444,345
388,136,445,349
390,137,440,348
387,133,444,351
390,135,447,350
393,135,444,353
390,135,441,347
390,140,440,350
385,137,444,348
386,136,444,352
384,137,444,350
389,138,439,349
390,143,431,339
388,141,433,338
387,142,424,331
384,141,425,328
382,142,430,332
383,141,430,333
381,138,430,329
381,142,432,335
378,141,425,328
383,140,422,327
383,142,417,324
381,138,433,334
385,136,436,333
378,136,429,323
386,140,431,318
380,143,419,307
382,136,422,319
375,140,416,319
370,133,407,322
364,140,400,328
305,134,443,298
298,163,436,293
228,183,434,292
129,279,431,290
48,366,438,295
113,304,434,292
261,200,433,291
199,352,428,288
88,398,433,291
95,399,441,297
83,388,449,302
35,351,449,302
-5,378,448,301
-33,360,440,296
-35,375,442,297
-62,391,444,299
-94,438,441,297
-74,421,448,302
122,281,455,307
177,300,461,311
16,322,462,312
-19,394,455,307
108,200,459,310
226,-2,459,310
132,53,451,305
163,50,456,308
105,68,450,304
39,234,453,306
-6,261,450,304
25,170,443,299
-31,295,447,302
30,302,443,300
-19,277,448,303
70,218,448,303
362,28,456,308
481,-22,461,311
446,-4,455,307
296,13,457,308
300,31,457,308
250,89,455,307
208,131,453,305
150,169,447,301
145,196,452,304
145,232,451,304
150,254,455,307
184,268,456,307
361,226,458,309
404,269,414,318
417,277,398,307
455,278,363,290
454,280,359,290
462,282,349,282
468,279,347,284
479,281,336,276
483,285,331,270
486,290,324,261
497,292,310,255
496,291,310,256
497,291,311,255
499,294,306,251
499,297,303,244
500,298,300,243
500,301,298,239
501,301,297,239
502,303,292,235
500,303,290,235
502,301,291,234
503,301,291,235
499,301,296,239
501,303,293,234
502,304,288,234
506,304,285,231
505,301,287,235
504,302,289,232
504,302,287,232
502,302,288,232
506,301,284,230
505,300,287,234
507,300,283,229
502,300,284,230
502,299,284,228
501,296,289,232
504,295,287,230
503,296,287,225
503,294,283,228
503,294,282,225
505,291,282,225
501,289,287,228
501,287,288,226
501,286,285,225
504,284,284,224
506,282,282,222
506,279,281,225
505,278,281,224
504,274,283,225
505,271,286,227
508,270,284,224
506,267,285,224
508,266,280,222
511,261,278,223
512,258,277,224
509,253,282,228
510,251,281,226
509,248,284,225
510,243,281,225
511,242,282,225
510,239,281,222
512,238,276,220
512,234,275,218
511,230,275,218
512,226,277,218
511,226,275,216
513,225,270,216
514,222,270,217
514,219,268,218
512,216,273,218
511,213,277,220
511,211,276,221
510,209,276,221
512,208,273,220
513,207,270,217
512,205,269,218
511,205,268,216
512,202,269,216
508,202,274,215
509,202,272,214
508,202,271,213
509,201,266,214
511,201,262,211
508,200,267,210
507,199,267,211
505,199,266,212
503,200,269,212
504,200,264,211
502,199,265,209
500,199,267,210
501,200,263,208
500,199,262,207
498,198,265,210
495,198,267,211
492,196,271,212
494,196,264,213
496,198,260,212
491,198,265,212
488,198,270,213
488,199,269,213
489,200,265,212
489,200,265,213
488,200,265,212
488,201,265,210
488,203,264,208
490,203,262,209
490,204,262,207
485,202,269,211
485,205,267,211
486,207,263,209
486,207,260,208
486,208,262,210
482,206,266,211
480,205,269,210
480,207,269,211
482,210,264,208
478,209,269,209
482,210,264,209
480,209,262,205
480,210,263,207
479,209,264,208
476,209,266,207
475,209,267,211
474,210,267,210
477,210,260,209
474,210,261,209
472,208,263,208
472,210,261,211
468,210,265,210
471,211,261,208
468,210,262,209
467,208,264,211
469,210,261,207
470,211,256,205
468,211,258,205
467,210,262,209
466,211,265,209
464,213,266,207
465,212,265,204
467,212,261,204
469,213,259,201
464,208,267,212
466,207,267,213
467,208,266,212
469,209,262,210
469,209,259,212
467,208,263,212
469,209,258,210
468,211,258,208
471,211,258,207
468,209,265,211
468,208,270,213
469,210,266,211
472,212,254,205
472,214,252,199
477,219,259,194
480,217,253,188
480,209,250,191
479,206,258,200
483,208,257,203
487,207,254,204
487,205,254,206
488,205,253,204
492,204,252,206
495,202,254,204
496,202,256,203
498,202,255,204
501,200,252,203
506,201,248,203
505,198,255,204
507,198,253,205
508,198,256,205
510,198,254,206
511,198,253,207
511,197,257,206
513,197,252,205
516,197,251,205
512,196,254,204
515,196,254,205
516,197,254,204
514,196,256,204
519,198,250,205
519,196,250,203
519,197,252,206
518,197,254,207
519,197,256,208
520,198,254,208
521,198,252,204
521,198,255,208
523,200,253,204
525,201,250,204
530,201,247,201
532,203,246,200
532,204,248,203
530,203,250,202
533,204,247,201
536,206,242,200
534,205,247,200
536,208,244,201
535,206,247,203
538,209,245,202
538,210,243,199
540,208,243,197
542,209,238,192
543,214,233,190
542,212,239,192
541,212,242,194
539,215,246,202
542,216,242,198
543,218,240,199
544,219,240,200
542,218,244,200
538,220,247,198
541,222,245,200
538,222,249,201
541,224,244,200
537,223,248,200
538,225,247,199
538,228,244,202
541,228,242,199
541,230,243,199
540,231,246,196
541,233,247,201
542,235,243,198
546,235,238,201
546,235,238,200
543,237,243,201
542,237,243,202
541,237,243,203
539,238,246,204
543,239,245,205
543,239,244,204
543,239,245,203
542,241,244,202
543,240,243,203
545,244,239,201
541,243,243,199
542,245,243,200
541,243,247,203
540,245,245,203
540,244,245,200
539,245,242,201
538,246,244,201
538,246,244,202
538,246,245,202
540,247,243,204
544,246,241,203
543,246,240,201
546,246,236,198
546,248,237,196
547,247,238,198
548,246,238,195
549,247,238,196
547,246,240,197
548,246,240,199
553,244,238,197
552,245,235,193
552,245,239,196
551,245,240,199
552,243,240,199
553,244,239,198
555,242,239,201
552,242,241,201
558,241,238,201
560,241,236,197
558,242,241,199
557,243,241,200
557,241,241,200
559,242,236,201
564,241,234,200
563,242,235,202
560,241,239,203
561,243,239,203
561,241,240,203
563,245,237,202
560,244,239,201
562,243,239,204
566,245,236,201
565,246,236,202
566,246,237,201
562,247,243,202
560,249,242,201
566,249,235,201
566,247,236,202
565,250,239,203
565,250,238,201
564,252,236,197
566,252,236,198
565,253,234,196
567,252,235,197
568,253,233,198
568,253,232,196
567,253,235,196
566,254,233,194
567,255,235,194
567,257,235,198
564,257,238,196
563,259,238,196
566,258,235,195
567,260,232,195
566,260,232,194
567,261,231,191
568,262,231,193
566,263,232,194
569,264,227,190
567,263,232,191
569,266,225,189
571,266,225,191
569,267,224,187
568,267,228,190
566,267,230,189
564,269,231,190
566,271,228,191
566,270,227,191
568,271,228,192
567,271,228,191
567,273,229,192
564,273,231,195
569,273,226,194
568,272,228,196
567,271,229,193
568,274,226,194
571,272,225,193
568,271,229,192
569,270,231,193
567,271,232,194
569,271,228,191
571,269,227,191
574,270,225,193
573,266,229,193
572,267,227,192
571,267,228,195
572,264,228,197
572,263,230,197
574,261,227,194
574,262,227,193
573,261,229,192
574,262,227,191
574,260,229,192
575,260,228,191
573,259,228,189
575,258,226,191
578,257,223,191
576,256,223,187
579,258,223,192
577,255,226,190
577,253,223,188
579,252,226,193
579,252,225,191
580,251,224,190
581,250,218,186
580,250,220,183
580,249,224,189
581,249,223,187
579,249,226,190
579,248,226,188
579,248,222,187
581,248,220,190
580,245,225,189
580,245,222,186
579,245,223,188
580,245,222,189
579,243,223,189
579,246,223,191
579,245,221,188
579,243,223,187
578,246,220,189
582,246,221,190
577,247,224,190
574,245,223,189
577,244,222,194
576,247,219,192
575,246,220,193
573,245,221,193
572,246,224,195
569,246,224,196
569,245,222,193
568,245,221,191
566,244,223,191
564,244,223,192
563,244,221,192
563,245,221,189
565,244,220,191
560,243,222,184
559,243,222,191
557,242,223,189
557,241,221,190
556,240,222,187
557,241,219,188
554,241,222,191
550,241,222,193
550,240,221,191
549,240,222,194
548,238,221,191
547,238,221,190
547,239,221,193
544,236,222,191
542,236,224,191
542,236,224,190
539,234,228,192
537,235,229,193
541,234,222,195
544,235,219,188
544,234,218,188
539,230,226,187
539,232,227,193
540,233,218,189
541,232,218,191
543,231,217,189
542,233,217,187
539,230,218,186
539,230,216,186
539,227,216,186
543,227,216,188
537,226,220,190
535,224,223,191
540,223,218,192
540,223,216,187
540,221,218,189
539,221,219,192
535,218,221,189
538,217,217,191
536,215,219,189
536,217,216,191
536,215,218,189
535,214,220,190
536,213,218,188
538,213,220,192
539,211,218,188
538,209,222,192
540,210,220,188
543,210,217,186
544,208,216,185
547,208,217,187
548,207,217,189
548,208,219,190
549,206,220,189
552,208,213,186
553,206,215,185
555,206,216,191
556,206,216,188
555,206,217,188
558,208,214,189
560,206,216,189
561,206,219,190
561,207,219,188
562,208,219,189
562,208,218,189
566,205,215,188
568,204,214,183
568,205,215,185
569,206,214,184
571,207,214,187
571,205,213,186
573,205,213,186
573,205,217,190
575,205,215,187
578,204,213,187
576,205,212,180
579,205,215,183
578,206,214,182
579,207,214,181
576,206,213,181
576,203,214,182
579,205,211,183
580,207,213,186
578,204,215,185
580,207,212,184
579,205,214,184
580,207,212,183
579,207,213,183
580,210,209,180
581,209,212,184
581,208,212,184
578,205,218,184
575,206,220,184
574,209,222,185
576,212,218,189
577,212,214,185
578,211,211,182
577,211,214,184
577,212,215,186
579,216,213,186
577,215,212,185
578,217,213,191
575,217,219,190
577,219,215,188
576,221,215,185
577,224,210,186
580,225,210,185
580,228,209,186
578,226,212,184
576,227,211,181
577,228,211,182
576,227,209,181
578,230,210,184
574,228,211,183
576,230,210,182
573,230,211,182
573,230,211,186
573,231,207,181
573,228,209,180
572,229,207,176
574,232,205,180
575,230,207,179
573,229,206,177
572,228,209,181
570,227,212,179
571,229,211,179
572,231,205,177
576,230,201,179
573,227,204,179
571,227,205,179
570,226,207,177
569,228,205,178
568,228,205,178
568,228,205,180
567,227,208,178
569,228,207,181
568,231,206,179
563,230,210,176
564,234,206,178
561,232,212,179
561,235,208,178
559,236,205,171
563,239,204,181
561,238,203,173
563,240,200,175
563,242,199,175
565,245,192,172
564,245,193,171
566,248,192,173
565,249,191,176
564,248,192,169
563,249,193,170
557,249,194,165
564,252,192,169
563,254,192,169
560,253,192,163
559,253,191,162
563,255,189,165
563,258,185,160
564,259,185,164
564,259,185,165
562,260,185,163
563,264,182,159
563,265,181,160
562,265,183,157
560,268,179,150
564,270,176,153
564,270,176,152
563,270,177,149
565,272,172,147
565,274,170,146
567,275,169,145
568,277,167,142
569,277,168,146
571,279,165,144
570,280,164,141
571,281,163,143
571,283,162,139
572,282,161,136
574,286,158,135
573,288,156,137
574,287,157,133
574,287,158,131
575,290,155,133
574,290,156,134
575,291,154,130
574,292,155,130
576,295,152,129
576,295,152,127
577,296,149,130
577,297,149,130
578,297,147,129
578,298,146,127
577,298,147,129
578,300,146,129
577,300,146,128
576,300,145,125
577,301,146,124
578,303,146,122
581,302,142,120
577,306,144,120
578,306,141,117
584,308,141,118
585,313,134,116
580,319,133,112
578,326,133,108
559,333,154,102
554,339,153,102
549,348,151,101
539,323,154,103
559,319,155,103
576,304,153,102
577,316,146,109
578,317,140,111
581,317,134,111
582,318,132,112
585,320,130,110
587,320,128,111
587,320,126,111
590,320,125,111
589,321,124,110
588,320,124,109
589,319,124,110
592,318,123,109
593,317,123,109
594,316,122,108
596,314,122,107
596,314,121,107
595,312,123,109
597,310,121,109
601,310,121,109
601,308,120,107
603,306,121,108
604,305,118,107
605,305,119,107
607,301,119,107
608,299,120,107
609,297,119,107
612,296,119,106
614,295,118,106
616,295,117,105
617,293,117,104
618,291,117,104
620,290,116,103
621,288,115,102
622,286,115,102
623,284,115,101
625,284,113,100
625,282,114,100
627,282,113,100
628,280,112,97
631,280,112,97
632,278,110,96
630,276,111,95
633,275,108,94
634,274,108,93
636,273,108,94
636,272,107,94
637,270,106,93
638,269,106,92
638,266,105,91
639,264,107,93
639,263,106,92
642,264,104,93
643,263,103,91
643,260,105,92
644,260,103,91
643,257,103,92
644,258,102,92
645,257,101,91
645,255,103,92
643,254,102,91
645,254,100,90
646,253,100,89
648,253,99,87
650,252,98,86
651,251,98,86
651,249,100,86
652,249,98,86
652,248,98,85
653,247,97,84
654,246,96,83
654,244,97,83
654,244,96,83
655,244,95,84
656,243,94,84
655,241,95,84
657,241,94,83
658,241,93,82
657,239,92,82
659,239,92,82
658,237,92,81
660,239,91,81
659,238,90,80
661,237,89,78
662,237,89,78
661,236,89,78
662,235,90,78
662,234,89,78
664,233,88,78
663,232,89,78
663,232,87,77
664,231,88,78
665,230,87,78
664,228,89,77
665,228,87,76
666,227,87,77
666,227,88,77
666,225,88,76
665,223,89,76
667,225,86,76
667,224,86,75
668,223,87,76
669,221,87,77
667,222,86,76
666,221,87,76
666,219,88,77
666,218,89,79
667,217,89,78
667,216,88,77
666,216,88,77
667,216,86,76
664,215,87,75
665,214,88,77
665,215,87,77
664,214,88,77
663,214,88,78
662,212,89,77
661,212,89,77
661,212,89,76
660,212,89,78
660,210,89,76
659,210,90,77
659,210,89,76
659,210,88,76
658,209,89,77
657,208,90,79
656,208,89,78
656,208,90,79
655,208,89,79
654,207,89,78
654,207,89,78
654,206,89,78
651,206,89,77
652,206,89,77
651,205,89,77
651,206,89,76
650,205,88,76
651,205,88,75
649,203,88,75
650,203,88,75
649,203,87,75
648,203,87,74
647,202,88,76
647,200,89,76
647,200,89,77
646,200,88,75
646,200,88,75
645,198,88,75
647,197,88,75
646,197,88,75
646,197,87,75
646,197,88,75
646,195,89,75
647,196,88,73
646,194,88,73
646,195,87,73
645,194,88,73
645,195,88,74
644,194,88,75
642,194,89,75
642,193,89,74
642,193,88,75
643,192,87,73
643,193,86,73
644,193,87,75
644,192,87,74
645,193,86,74
644,193,87,74
644,192,87,74
646,192,88,76
644,193,87,75
643,192,89,75
646,193,89,75
645,195,89,76
645,195,89,75
645,193,90,75
644,193,90,74
647,194,89,76
646,194,89,75
647,196,88,76
647,195,87,74
648,196,87,73
650,195,87,74
650,197,86,74
650,197,86,73
651,199,85,73
650,199,85,73
652,200,86,74
651,200,85,73
653,202,84,75
653,203,84,73
652,203,84,72
653,203,84,73
652,203,85,72
653,205,85,73
653,205,84,71
653,208,83,71
654,207,84,73
653,208,85,72
654,209,84,72
655,211,83,73
654,210,83,71
656,212,82,73
656,214,81,71
657,214,81,70
658,215,80,71
657,215,82,70
656,216,82,71
657,218,81,71
659,218,82,72
657,218,82,71
658,219,82,71
658,219,82,70
658,220,81,71
659,220,81,70
658,220,82,70
658,221,82,72
659,223,81,71
657,222,83,71
658,223,82,71
659,222,82,73
658,221,83,74
657,223,84,75
657,221,85,74
657,222,85,75
656,222,86,76
656,222,86,75
657,224,85,76
657,223,85,74
658,224,85,75
657,224,85,75
657,222,85,74
659,223,85,76
658,222,85,75
656,222,86,75
658,223,84,75
656,223,85,75
658,223,84,74
658,223,84,73
658,222,84,73
659,223,83,74
657,221,86,74
659,222,85,74
657,222,86,75
657,222,86,74
658,222,86,75
658,222,85,75
658,223,84,74
659,222,85,74
659,222,85,74
659,222,84,74
659,221,83,72
659,222,85,75
659,221,85,74
660,222,84,73
661,221,84,73
659,222,84,71
661,222,83,71
661,221,83,72
660,222,84,72
660,222,84,72
661,222,83,72
660,222,83,72
662,220,83,73
661,221,82,71
662,221,81,70
664,220,80,71
663,219,81,72
663,220,81,72
664,217,82,71
666,218,81,71
666,218,81,70
665,218,80,68
667,218,79,68
667,218,79,67
668,219,77,66
667,219,77,65
668,217,78,67
666,217,79,66
668,215,79,67
666,214,81,67
666,214,80,67
666,215,78,68
667,213,79,69
666,213,80,70
666,213,79,69
666,213,80,71
664,212,81,70
666,211,80,69
664,210,82,68
664,210,82,69
664,210,82,70
662,210,83,70
664,210,82,71
662,211,82,71
663,212,82,71
663,211,83,73
664,211,83,74
662,211,83,73
662,210,83,74
662,210,84,74
663,211,83,75
662,211,83,73
663,210,84,75
663,212,83,75
663,211,83,75
663,212,83,75
664,211,83,75
664,212,82,74
664,211,83,74
665,211,83,74
664,213,82,74
664,212,84,74
664,212,83,73
664,212,83,74
664,211,84,74
663,213,83,72
664,211,83,72
664,211,84,75
664,210,84,75
664,212,82,74
665,211,83,76
664,210,84,76
664,210,85,76
665,210,83,75
665,210,84,75
664,211,83,73
664,211,84,74
665,211,84,75
664,212,85,76
663,211,84,75
664,212,85,75
663,212,85,75
663,212,85,77
663,211,87,78
662,211,87,77
663,210,86,77
661,212,86,76
662,212,86,77
662,212,85,76
662,211,86,75
660,213,86,76
660,212,86,75
660,213,86,76
659,212,87,75
660,213,86,76
659,214,87,77
657,214,87,78
657,213,89,78
657,212,89,79
656,213,88,77
655,213,89,78
655,214,90,78
655,212,90,77
654,213,90,77
656,215,90,79
656,215,89,77
656,216,89,78
656,215,90,78
655,217,90,80
655,216,90,79
655,216,89,79
655,217,89,79
654,216,89,79
654,218,89,80
653,218,90,80
654,218,87,76
654,218,87,77
654,218,88,78
654,220,88,78
653,219,89,77
653,220,89,77
654,220,89,77
653,221,89,76
655,223,87,75
655,222,87,74
655,223,87,75
653,222,88,73
655,224,86,74
654,224,87,73
655,223,87,74
655,224,86,74
655,226,87,74
654,225,87,73
654,226,87,74
654,225,87,73
653,226,87,72
656,226,87,73
656,228,87,74
656,227,86,72
657,226,87,72
658,228,87,73
658,229,86,74
659,229,85,73
660,229,85,73
660,230,86,73
659,229,87,72
660,230,86,74
660,230,86,72
661,231,86,76
661,230,88,77
662,230,87,76
660,232,87,73
661,230,86,71
663,233,86,75
663,232,86,74
662,232,87,76
660,232,87,73
662,233,86,74
659,231,87,73
661,232,87,75
660,233,87,75
660,234,87,77
660,233,87,75
660,232,87,76
660,233,86,75
660,235,85,76
661,232,86,76
658,234,87,77
657,234,87,76
658,233,87,76
657,233,87,76
658,234,85,77
659,234,85,77
658,235,84,77
658,235,85,77
656,234,85,75
659,234,84,77
657,234,84,76
656,234,84,76
656,234,84,75
657,235,83,75
657,234,83,76
656,233,84,77
655,235,84,77
654,234,85,75
655,234,84,76
653,233,85,76
653,234,85,76
653,233,85,76
652,234,86,77
653,232,86,77
652,232,86,77
651,233,85,76
652,233,85,77
653,232,84,76
653,232,83,73
652,232,83,73
653,233,83,74
652,232,82,73
654,232,83,76
653,232,83,75
654,233,82,75
653,233,83,73
654,232,83,74
655,231,83,74
655,233,83,75
654,232,83,74
653,232,82,72
654,231,83,74
654,231,84,75
654,230,83,75
655,231,83,77
654,230,83,76
655,230,82,75
655,230,82,73
655,230,81,73
655,231,80,72
655,230,81,72
655,228,81,72
655,230,80,73
655,229,81,72
655,228,81,73
656,228,80,72
654,227,82,73
654,227,81,73
655,226,81,75
655,226,81,74
655,225,82,74
656,225,81,74
657,224,81,73
657,224,80,73
659,223,80,73
657,221,80,71
657,222,80,72
658,220,80,72
658,221,81,74
658,219,82,74
658,219,81,73
659,219,81,74
659,219,80,73
659,217,80,72
661,217,80,72
660,216,80,72
661,216,80,72
661,214,80,71
661,213,80,73
661,213,81,73
663,212,79,72
664,211,79,72
662,210,80,71
663,209,80,71
663,209,79,70
664,209,80,72
665,209,80,71
663,207,81,72
665,207,79,73
665,205,79,70
665,206,78,71
667,205,79,72
666,204,79,71
667,204,78,72
665,204,79,71
666,202,80,73
665,201,81,72
666,202,80,72
665,203,80,73
666,202,82,75
667,201,83,74
667,200,82,74
666,202,82,74
666,202,83,75
667,202,83,75
668,201,81,74
667,204,83,74
669,203,82,74
668,204,82,75
668,206,82,75
669,205,81,74
669,206,81,75
668,206,82,75
669,207,83,76
668,207,84,76
668,208,83,75
667,206,82,73
668,209,83,76
667,209,83,75
669,210,82,76
667,210,83,76
668,209,82,77
667,210,83,77
665,210,83,76
664,212,84,76
665,211,84,78
664,211,83,78
665,211,83,78
664,212,84,78
663,211,83,78
665,211,82,77
662,212,83,77
662,212,83,76
662,213,83,77
660,214,83,75
659,213,85,77
659,213,85,78
658,213,85,77
657,215,86,79
657,214,86,79
656,217,85,79
657,216,85,80
655,216,86,80
654,215,86,79
655,216,86,81
653,214,86,80
652,217,86,80
651,216,85,78
650,215,86,80
651,213,85,80
650,212,85,79
649,213,85,79
649,212,83,76
649,213,83,77
649,212,83,76
647,211,83,75
647,211,82,75
647,210,82,76
647,209,82,76
645,210,81,75
646,206,83,76
645,204,83,76
643,203,83,76
642,203,83,78
641,202,83,77
642,200,84,78
640,198,84,77
639,195,84,76
640,196,83,76
638,196,84,77
638,193,83,77
636,192,83,76
637,189,83,76
637,189,84,78
637,189,83,78
637,188,83,78
637,188,83,79
634,186,83,77
635,186,83,77
637,184,83,78
637,184,83,78
636,184,82,75
635,183,83,76
635,182,82,76
634,181,83,77
633,180,83,76
634,181,81,76
634,181,82,77
634,179,82,76
635,180,81,77
635,180,81,77
634,178,82,76
635,179,81,76
637,178,80,75
637,179,80,75
637,178,80,75
636,178,81,75
636,177,81,76
636,174,82,76
636,175,82,78
635,174,82,76
637,175,82,77
638,175,80,75
640,174,79,74
640,173,81,76
639,172,80,74
642,173,80,76
643,173,79,76
643,175,79,74
644,174,80,76
645,174,80,76
646,174,81,78
647,173,80,75
648,174,79,75
649,174,79,75
649,175,78,73
649,175,80,75
650,173,80,75
652,174,79,76
651,172,80,75
653,175,80,78
654,175,80,77
655,175,80,78
654,174,81,78
657,175,81,78
657,174,82,76
659,175,81,76
660,177,81,77
662,176,82,79
662,175,83,81
663,175,83,80
663,176,83,79
664,177,84,79
667,175,83,81
667,176,83,80
668,178,82,79
667,179,82,77
669,178,83,77
669,178,82,76
670,178,83,78
670,178,83,77
674,178,83,80
674,179,83,80
673,179,85,82
672,179,86,81
673,179,86,82
674,179,85,81
675,179,86,81
676,179,86,81
679,180,83,80
680,180,84,80
678,182,84,78
679,181,86,81
679,182,86,80
680,181,85,79
682,181,84,79
681,183,85,80
682,183,85,80
684,183,85,82
682,183,84,78
684,185,83,79
685,185,83,79
686,184,82,78
686,184,82,77
686,184,83,80
687,184,83,80
687,184,83,81
687,184,82,78
688,184,83,80
689,185,82,79
691,184,82,79
690,186,81,79
689,185,82,76
690,185,81,76
692,187,80,77
692,187,80,75
693,184,81,76
692,186,80,76
692,186,81,78
692,185,82,77
693,186,81,78
693,186,81,77
693,185,82,77
693,185,81,78
693,184,82,78
693,184,80,75
692,183,81,76
694,182,80,75
694,182,80,77
693,182,80,75
692,182,80,76
691,180,81,75
690,179,82,76
690,178,83,77
689,178,83,77
688,176,84,77
689,175,83,77
688,174,85,79
688,172,85,79
686,171,86,78
684,169,87,78
684,170,86,77
683,169,86,78
683,168,86,77
683,168,84,76
682,166,84,77
683,165,86,80
681,164,86,79
680,163,87,80
679,161,87,80
680,161,85,78
679,160,85,77
680,161,85,77
678,160,85,76
679,162,83,75
679,162,83,74
679,161,84,74
681,161,83,74
678,159,85,74
679,160,84,76
679,157,83,74
680,159,83,77
681,157,83,77
680,158,82,74
681,158,82,75
682,158,83,75
682,158,82,74
680,157,83,74
681,157,83,74
682,158,82,75
680,156,81,73
680,156,82,72
681,157,81,73
682,157,80,73
681,157,81,73
679,157,81,75
679,156,81,74
678,157,82,76
678,158,82,76
677,158,81,76
676,159,81,76
677,160,81,77
676,158,81,76
676,159,81,75
676,159,82,75
675,160,82,74
674,160,83,75
674,159,83,74
676,161,82,75
673,161,82,75
673,159,82,73
673,161,82,73
673,161,81,74
672,159,82,74
672,160,82,75
671,159,81,73
672,160,81,75
671,159,81,73
672,160,81,75
672,157,81,75
672,158,81,75
672,158,81,76
671,158,82,76
670,157,82,74
672,157,81,74
672,157,81,75
670,158,82,77
671,157,83,78
671,158,81,76
671,157,82,77
670,157,82,75
669,157,82,76
669,156,84,77
668,156,85,78
669,157,84,78
669,156,85,79
669,155,85,79
669,156,85,79
667,157,86,79
669,155,85,78
666,155,85,77
667,154,87,80
669,154,86,79
668,153,86,78
668,153,86,78
670,154,86,80
667,152,85,77
670,153,83,76
668,151,84,74
668,153,83,75
668,154,84,77
670,152,84,78
671,154,83,78
669,154,84,79
669,153,84,79
669,151,84,77
671,153,82,76
671,152,83,77
670,152,83,77
670,153,83,77
671,152,83,77
671,153,83,78
671,150,83,77
669,151,84,78
668,152,84,77
670,151,83,77
670,150,83,75
669,151,82,75
670,149,82,75
670,149,82,76
669,150,82,76
669,149,83,77
668,148,83,77
669,149,82,76
669,147,81,75
668,148,83,77
667,148,82,76
668,147,82,76
666,146,84,78
667,145,84,79
667,146,84,80
666,143,85,78
666,143,85,79
665,143,85,78
668,143,85,80
666,144,85,80
666,142,84,78
666,145,84,80
665,144,84,79
666,145,84,79
665,144,83,77
663,146,82,77
665,144,83,77
665,143,82,76
665,145,81,76
664,147,82,76
666,146,81,76
666,147,81,75
666,146,81,75
665,146,81,76
665,146,80,75
664,147,80,74
668,148,79,75
667,149,79,75
667,147,78,72
668,148,78,74
669,149,78,73
667,148,78,73
667,150,78,73
669,150,77,72
668,150,76,70
669,150,75,68
668,151,76,69
668,151,75,69
668,151,75,70
669,152,75,70
669,153,74,70
668,155,74,68
669,154,75,69
668,154,74,67
670,156,74,68
668,155,73,67
671,156,73,68
670,158,73,67
671,157,72,67
671,159,73,68
673,158,72,67
673,158,72,67
672,158,73,67
671,158,73,68
671,158,73,67
673,158,71,66
674,156,71,65
674,155,72,65
676,157,71,66
674,155,72,66
675,154,71,66
677,153,70,66
676,153,71,66
676,154,70,65
677,155,70,65
678,155,69,65
676,153,71,65
678,154,70,65
677,154,70,66
678,155,69,65
677,154,68,62
678,153,68,62
680,155,69,64
682,154,67,64
681,152,67,62
682,152,67,63
682,154,68,64
681,155,67,63
682,154,67,62
680,155,68,64
681,155,68,64
680,154,67,62
682,157,67,63
681,156,67,62
680,159,67,61
680,159,67,60
679,159,66,59
682,161,66,61
682,161,68,62
682,162,67,61
681,163,66,59
681,162,67,60
680,158,67,60
681,161,67,60
683,164,65,57
681,168,66,58
680,169,66,58
679,171,68,59
681,175,68,60
679,183,67,58
671,190,72,57
673,191,68,60
670,194,71,63
672,194,71,63
673,198,69,61
669,204,69,59
669,212,68,56
663,219,72,56
668,225,69,54
662,229,71,55
662,242,71,55
659,251,71,55
667,263,71,55
666,263,71,55
668,268,71,55
663,273,71,55
662,280,73,56
662,267,74,57
654,288,74,57
655,275,75,57
665,230,68,60
671,194,75,57
677,180,69,62
677,181,70,63
677,180,70,63
675,181,68,61
676,181,69,62
676,181,69,62
675,182,67,60
675,183,69,61
675,183,67,62
673,184,67,61
671,185,66,60
673,185,67,60
672,184,68,61
672,187,67,61
671,188,67,61
670,190,67,60
670,190,67,60
670,192,68,62
668,192,68,62
667,195,67,61
666,197,68,62
664,198,68,62
666,199,67,61
665,201,67,61
665,200,66,59
665,201,67,60
665,203,67,60
665,205,67,60
663,205,67,60
663,207,67,60
663,208,68,61
663,209,68,59
662,211,68,59
663,209,68,59
662,212,66,59
661,214,66,59
661,214,67,61
662,215,67,61
661,217,66,60
660,214,67,59
661,218,67,60
660,218,67,61
660,219,68,61
661,219,67,61
660,221,67,60
661,223,66,60
661,223,67,61
661,224,66,60
661,224,66,60
661,226,67,61
661,227,68,62
660,228,69,63
661,230,68,63
661,230,69,63
660,231,69,63
662,231,69,64
660,232,70,63
662,234,70,64
661,234,69,63
661,236,70,64
663,237,70,65
662,238,68,64
664,238,67,63
662,239,69,63
663,240,68,64
662,240,68,63
662,243,68,64
663,243,67,62
664,244,67,61
661,245,66,62
661,245,67,63
660,244,69,65
660,246,70,66
658,246,69,65
659,249,68,65
658,249,68,65
659,250,67,64
659,247,67,63
