273,89,615,628
271,89,620,628
272,85,621,628
272,86,620,627
272,89,624,625
270,90,624,625
275,80,620,630
275,83,619,630
284,84,610,632
286,85,611,630
282,86,615,630
284,81,615,631
285,76,623,629
286,74,625,635
286,70,627,633
297,71,606,630
293,71,620,639
293,72,621,630
300,68,609,630
295,65,617,632
297,70,615,632
296,67,616,630
296,65,613,629
293,63,619,631
299,64,612,632
297,61,612,633
299,64,616,635
297,62,624,632
299,63,617,635
303,62,618,630
306,59,617,632
303,58,621,633
304,60,617,629
305,57,616,634
305,57,618,632
306,56,617,637
308,53,620,637
308,58,617,633
307,55,616,633
308,52,623,638
308,55,623,634
312,50,614,638
314,50,622,637
313,51,622,633
312,49,630,636
313,49,629,640
317,52,630,632
316,48,625,639
317,47,627,640
323,45,623,638
322,49,627,637
320,51,635,633
318,48,637,640
321,49,635,635
320,48,633,637
326,44,631,638
322,45,633,639
325,43,634,638
325,46,631,639
323,47,632,639
324,45,633,642
327,44,629,640
326,47,631,639
329,47,627,638
330,46,630,638
336,44,624,642
332,44,630,637
331,44,633,642
333,44,631,640
335,44,630,636
337,45,627,638
334,40,629,637
336,44,630,637
341,39,629,638
336,40,632,642
345,43,624,634
341,39,626,641
343,42,629,636
347,41,618,636
344,40,622,642
342,37,632,642
345,38,625,638
342,40,631,634
337,33,643,643
344,38,629,639
341,41,631,640
345,38,626,639
345,40,627,640
342,38,632,642
346,30,627,646
347,36,628,639
345,39,629,636
344,37,624,640
349,37,622,638
351,38,620,638
351,38,623,637
347,35,623,640
350,34,624,638
351,35,624,637
352,41,621,629
354,37,620,637
351,36,623,633
355,36,608,631
356,38,605,627
359,46,601,622
355,41,606,620
358,46,605,620
355,41,597,618
356,42,600,619
360,38,594,623
365,39,601,621
361,40,599,624
361,40,599,625
361,40,595,625
356,42,597,621
360,39,600,624
359,37,605,619
362,46,597,620
363,42,597,619
362,44,597,614
363,45,599,619
362,38,595,623
363,42,591,622
368,37,585,615
363,42,595,619
363,42,589,617
364,43,588,616
360,35,592,612
361,44,586,613
360,31,587,623
360,39,598,615
359,33,595,617
359,33,594,625
358,31,593,626
356,28,599,631
349,38,604,631
353,34,613,627
354,37,600,621
350,25,610,630
349,29,613,629
348,26,607,633
348,23,610,634
348,28,612,633
347,22,613,638
351,26,613,635
351,27,609,636
351,24,613,635
352,19,612,641
352,24,614,640
343,20,617,641
349,17,616,644
347,24,619,636
350,27,618,634
355,16,611,636
352,24,616,635
352,21,615,636
353,20,608,632
352,21,605,634
356,23,606,630
359,19,604,639
357,19,605,637
358,22,613,633
358,22,597,636
366,25,588,631
360,23,596,624
360,24,590,623
360,26,585,618
356,27,585,616
359,22,589,619
355,26,585,608
366,27,573,611
362,32,586,612
356,32,585,609
363,28,582,609
358,28,590,610
358,28,588,618
362,22,576,613
366,22,576,613
360,22,573,615
361,23,587,626
356,21,595,621
360,19,582,622
355,14,584,624
351,12,586,632
358,15,583,621
352,15,583,622
351,10,588,626
349,17,591,619
350,14,585,630
351,13,589,624
347,19,596,628
348,18,590,625
346,11,602,634
346,14,602,633
348,16,595,623
350,17,596,631
345,16,596,637
346,17,599,634
344,16,598,636
350,15,591,626
346,19,597,626
348,17,590,628
342,13,600,640
340,19,598,634
342,20,594,632
343,19,594,635
340,23,598,632
342,22,595,636
342,24,594,626
336,22,598,629
336,24,599,631
337,21,595,628
338,24,594,631
332,24,602,632
336,23,594,632
334,27,599,633
331,27,600,632
335,27,597,628
329,25,595,633
326,30,602,629
324,27,593,633
323,26,597,630
321,24,597,629
322,28,593,634
318,35,596,619
313,31,600,627
312,25,599,630
306,30,603,625
311,28,594,633
300,27,599,635
300,28,602,635
299,27,605,632
302,29,604,635
298,32,599,630
286,36,612,628
283,27,610,637
276,33,618,630
274,25,620,635
272,25,623,632
271,28,619,629
268,32,619,628
267,26,624,622
255,32,622,640
254,24,629,634
253,27,624,640
250,20,619,646
244,29,617,636
238,22,623,646
232,26,617,639
240,19,600,643
237,23,607,646
229,26,609,642
217,32,622,642
204,30,649,647
198,29,652,652
192,30,649,658
192,30,649,654
187,34,647,656
190,36,649,648
177,42,659,646
174,47,664,645
176,45,661,654
172,46,664,649
173,48,674,643
172,44,700,640
165,49,722,644
176,51,689,628
181,51,690,635
166,46,709,638
172,54,705,636
166,55,712,634
172,55,695,632
180,62,694,627
181,66,699,631
177,66,708,633
186,72,690,621
194,74,685,623
196,77,691,618
207,75,692,614
218,77,698,613
218,75,705,615
227,75,704,614
232,70,707,609
243,73,692,600
258,66,673,610
273,66,642,601
263,67,664,605
288,64,626,604
285,64,631,604
294,64,625,611
291,67,637,611
302,72,639,605
305,72,634,602
313,75,643,604
316,79,634,599
330,72,634,604
335,72,640,600
336,65,647,604
341,67,650,603
349,72,649,608
374,73,635,601
370,75,646,602
402,80,602,601
398,78,602,596
405,78,594,592
430,79,570,591
435,83,569,584
437,85,562,591
446,85,556,587
460,73,542,586
451,77,542,586
468,85,528,586
488,79,512,586
496,81,486,582
528,77,457,579
529,77,446,577
529,73,446,576
516,79,445,568
514,73,443,558
508,91,442,560
498,103,439,555
493,119,440,552
512,125,435,550
485,109,430,550
451,121,547,549
505,101,415,557
511,102,409,556
474,105,417,547
498,115,409,545
517,121,392,541
483,116,410,541
482,94,412,547
448,121,427,527
436,128,435,523
437,119,437,532
442,116,436,539
436,128,448,536
431,114,446,546
424,118,448,545
450,130,434,535
429,134,443,529
466,133,415,532
435,140,442,529
452,136,426,534
444,133,438,541
427,136,455,542
425,145,455,533
433,133,453,542
454,129,434,545
429,120,464,552
452,126,450,549
447,123,442,553
458,116,442,558
447,126,449,550
456,128,449,550
454,129,441,551
473,142,432,540
465,152,423,526
498,148,398,526
479,159,403,517
501,153,389,521
488,169,396,507
477,146,407,527
473,139,416,538
495,156,400,522
481,140,416,532
499,139,409,531
481,152,424,522
502,137,413,540
516,141,406,538
508,156,407,521
502,152,412,523
500,167,413,508
499,160,417,514
489,169,424,506
491,149,427,522
502,150,416,526
491,154,427,518
509,167,415,510
511,161,414,515
513,166,409,508
517,142,410,532
513,165,413,510
514,174,408,501
516,175,403,502
529,178,393,498
514,180,401,498
518,157,402,522
501,162,418,515
517,163,404,515
516,178,406,500
513,168,409,510
539,180,398,497
503,176,417,501
512,169,408,511
520,167,406,513
510,161,417,520
511,158,413,524
501,174,427,510
515,158,417,523
529,181,400,502
514,168,410,519
520,172,408,509
505,186,408,494
511,186,403,500
538,203,390,484
521,202,394,483
518,200,394,485
507,200,402,482
515,192,405,492
510,208,410,482
507,179,415,504
500,199,423,493
506,183,421,506
522,181,414,508
522,194,420,502
515,196,421,497
521,198,412,498
537,199,405,495
522,184,407,504
550,187,393,505
555,171,388,523
518,182,415,514
515,176,415,521
518,179,410,521
519,189,409,516
518,190,413,520
530,180,409,526
520,167,416,531
504,190,427,519
518,162,421,539
513,157,424,544
505,148,434,546
499,160,440,543
508,147,435,555
498,140,437,561
511,141,438,560
500,137,440,571
515,136,430,570
509,160,434,553
513,156,434,561
520,139,431,567
513,145,435,568
516,143,431,570
528,151,422,562
523,130,423,575
520,132,428,573
524,129,423,573
514,148,436,567
523,165,425,550
513,149,425,559
511,142,425,563
510,146,434,561
515,154,432,554
512,150,432,556
510,153,436,555
516,161,430,548
522,158,432,554
532,178,425,538
524,179,429,540
532,170,430,548
532,171,427,545
527,161,433,552
531,156,432,559
531,174,436,544
531,173,435,544
530,155,444,553
538,168,439,546
530,156,445,560
537,161,446,553
548,161,440,555
547,160,450,552
544,163,449,551
538,158,452,563
544,176,454,544
531,172,467,558
542,179,468,544
554,181,462,542
553,177,468,544
552,190,476,532
563,180,478,540
561,181,476,543
564,182,482,544
559,195,485,531
560,190,488,536
545,190,503,538
548,196,503,532
554,193,502,529
556,188,500,528
570,188,491,525
552,185,499,534
581,190,483,527
590,193,484,521
577,192,487,524
599,207,475,504
582,211,482,504
584,211,482,504
575,213,473,505
605,219,451,497
575,228,448,488
589,222,440,493
577,220,447,490
587,224,446,488
609,206,448,499
606,212,454,493
584,213,455,491
581,207,452,499
606,225,443,486
592,210,453,497
582,213,458,488
570,218,456,489
599,194,445,505
561,209,462,490
582,200,456,500
575,189,454,501
584,186,464,502
572,196,471,494
575,186,466,506
577,197,476,501
540,216,489,492
544,219,486,489
567,205,474,504
579,208,482,498
577,202,488,504
582,200,485,510
621,196,469,511
606,185,484,517
574,191,499,514
555,187,504,514
579,187,487,517
542,187,495,513
586,191,483,510
508,187,491,515
499,191,486,507
465,192,494,514
484,193,498,515
475,198,491,510
443,192,485,516
441,199,484,515
398,188,481,522
423,196,480,518
412,207,483,507
415,192,483,521
385,192,498,521
394,179,492,527
398,176,506,531
440,175,500,531
396,175,508,528
395,183,514,519
399,184,502,516
414,178,501,519
437,184,488,519
474,180,479,525
565,181,450,527
533,185,456,521
530,175,465,532
546,179,455,527
487,178,477,519
444,171,488,528
481,176,480,530
543,200,458,511
532,172,463,530
536,179,457,523
457,166,490,534
501,178,467,527
553,182,445,527
500,184,461,519
524,185,446,518
569,194,430,513
527,185,449,514
547,193,442,512
529,206,449,499
582,198,424,510
534,199,448,500
610,197,415,510
607,207,414,496
598,202,424,497
583,196,430,504
582,201,434,499
590,205,428,497
569,196,437,502
585,199,437,501
570,200,442,497
576,197,435,500
585,202,432,494
535,196,459,498
571,203,440,493
590,205,428,492
574,210,431,488
545,200,453,493
595,204,430,493
569,197,441,498
535,195,459,496
539,193,461,495
555,189,452,505
553,179,462,517
601,177,440,522
604,191,441,507
560,182,461,512
589,176,451,521
597,178,445,522
595,184,448,522
575,173,456,526
584,190,445,515
568,185,450,519
547,189,456,521
587,188,445,520
583,182,447,522
616,177,437,522
585,188,452,518
593,184,447,521
571,183,449,526
548,200,445,506
539,178,457,528
559,194,455,517
519,180,463,531
528,186,463,524
520,171,465,545
471,175,485,540
457,181,484,535
446,179,489,537
457,183,492,538
496,176,484,545
499,178,474,537
488,184,477,532
500,185,474,534
516,190,473,530
512,184,471,533
455,192,487,520
517,192,469,529
469,184,486,532
522,196,467,523
541,206,462,515
547,197,461,522
507,207,474,513
570,202,451,514
546,207,459,510
565,201,450,508
572,200,447,514
566,197,444,519
582,201,439,514
565,195,447,520
569,212,439,505
570,202,437,503
560,193,439,508
541,187,451,506
538,192,455,505
535,185,461,514
533,179,462,522
527,192,471,513
521,180,470,530
530,186,467,522
539,186,458,524
501,188,474,522
489,180,462,528
526,186,452,520
481,185,454,523
509,173,454,529
498,178,460,524
481,176,460,527
508,179,461,529
485,162,464,542
476,160,458,539
486,155,455,542
469,162,458,533
455,152,458,540
449,161,457,535
466,155,445,541
469,166,439,525
448,154,423,541
470,155,424,540
444,161,423,534
443,146,428,544
444,133,424,552
416,152,422,546
396,145,430,548
403,140,428,551
388,138,442,554
403,137,447,557
397,144,446,553
380,140,453,543
367,138,461,539
378,130,459,546
358,129,463,541
371,108,457,556
380,106,445,560
404,109,436,552
404,92,427,571
425,100,434,566
424,100,441,567
430,98,441,565
414,93,448,565
409,104,449,558
410,104,454,562
399,105,456,559
395,96,462,559
377,97,478,558
388,85,482,564
402,81,497,567
388,79,489,570
417,77,492,575
394,65,488,580
393,63,490,584
393,70,493,587
394,50,499,589
414,58,508,593
383,51,504,591
399,45,514,596
416,45,531,598
412,42,541,602
384,43,526,596
394,37,539,600
396,40,535,606
412,38,549,598
413,45,554,588
426,52,564,586
416,47,574,594
414,45,583,589
415,56,570,588
415,53,568,585
403,53,576,585
370,46,575,590
407,54,562,579
409,53,582,573
420,51,571,573
417,57,580,562
395,59,608,573
396,63,595,571
401,61,582,570
398,62,581,571
395,61,584,575
394,58,577,576
398,62,559,578
400,61,550,583
378,57,565,579
386,64,544,585
396,64,531,587
374,63,550,582
372,64,543,574
366,60,532,578
366,66,521,574
363,67,518,569
359,71,522,567
360,68,513,569
353,70,514,569
350,75,513,563
350,71,503,557
342,75,506,565
355,80,494,564
354,81,492,567
349,93,475,560
357,102,476,557
355,104,470,555
351,117,473,542
352,121,470,539
348,121,481,539
356,120,478,538
343,118,483,546
349,125,485,544
361,125,487,540
372,125,473,545
381,127,461,545
372,129,475,545
370,132,469,543
367,131,470,553
364,124,477,552
372,129,471,550
378,134,468,541
373,144,474,536
370,142,472,538
371,151,472,529
384,153,462,529
376,153,472,530
375,148,468,532
381,149,467,533
391,142,467,549
389,142,465,546
397,131,463,556
399,136,459,550
406,137,452,548
405,146,454,539
414,151,448,532
428,141,430,536
450,146,422,532
453,146,418,530
454,149,417,534
460,157,416,527
459,151,420,530
450,151,426,528
452,142,420,531
449,152,426,524
462,149,412,527
459,156,418,525
466,140,413,546
474,146,407,535
476,145,415,534
482,150,409,528
480,147,416,532
487,146,423,536
483,150,441,535
495,146,444,537
496,150,449,540
509,153,436,532
509,147,441,535
502,132,441,550
534,126,446,558
531,116,449,555
520,121,458,551
549,115,452,558
538,117,461,556
488,114,482,563
525,103,497,565
534,101,495,571
519,107,506,569
522,107,496,567
490,119,509,568
494,125,506,563
495,107,495,574
440,112,502,568
451,97,529,578
464,92,524,584
427,95,528,576
413,85,516,583
444,78,525,582
408,85,542,584
535,78,566,579
466,72,571,593
477,68,574,597
481,58,578,598
475,59,581,595
414,58,560,594
450,55,574,593
417,53,576,594
362,47,566,601
349,48,566,600
361,43,544,600
357,30,558,613
341,26,563,614
334,30,567,615
333,24,567,617
384,24,573,608
374,21,551,609
383,19,553,614
443,22,588,604
370,17,544,601
371,15,559,605
389,22,570,602
390,18,580,593
388,16,590,599
357,14,576,600
356,12,577,600
295,27,569,593
312,28,575,592
301,29,580,597
315,27,578,593
302,34,589,587
299,30,586,592
307,24,596,590
308,27,609,593
360,26,607,598
404,31,603,595
351,26,617,592
391,31,609,597
369,26,620,607
365,26,613,600
337,24,625,589
322,29,621,587
270,32,624,585
238,33,618,585
261,32,633,588
232,29,612,595
249,18,594,596
249,19,588,605
217,22,584,597
245,18,585,599
258,26,603,594
288,33,627,593
283,28,626,593
277,32,628,587
266,23,643,595
285,25,628,596
266,24,640,594
245,28,646,594
209,24,643,600
210,24,644,598
191,30,631,588
200,33,636,588
209,35,642,581
202,31,644,588
199,35,656,580
201,32,659,583
208,33,663,579
212,38,639,577
201,35,649,577
202,34,649,583
201,30,659,583
209,32,630,585
228,35,613,579
207,34,630,578
223,36,611,571
236,35,589,568
252,45,566,564
229,44,577,566
241,50,570,561
272,47,541,560
250,55,560,566
251,51,558,566
236,53,558,565
238,48,558,564
267,52,542,564
245,50,554,564
279,55,538,563
275,50,540,562
264,52,547,564
310,57,520,561
300,62,529,560
281,58,537,560
276,53,547,560
293,51,537,563
279,58,553,562
315,61,524,558
316,66,529,553
293,60,541,559
313,63,527,554
302,68,538,552
298,70,545,554
302,71,543,553
276,69,559,552
317,75,538,550
317,68,532,555
295,74,550,550
316,82,532,549
319,76,529,550
335,76,526,557
327,78,525,547
327,77,526,554
338,79,518,550
308,75,542,560
337,86,521,556
361,94,518,556
393,94,505,551
350,86,529,559
356,88,524,563
357,96,522,558
360,87,518,561
361,94,523,562
354,99,517,561
369,95,513,562
374,97,508,559
349,95,525,566
351,96,526,566
358,88,518,570
334,94,535,576
320,90,548,575
339,90,540,577
376,95,525,577
363,100,518,574
347,100,524,571
343,103,529,571
331,105,532,570
347,106,520,575
331,106,534,570
344,101,524,572
329,104,535,573
345,110,525,571
341,109,527,566
343,114,528,570
331,107,540,578
309,115,555,571
331,112,546,568
317,114,554,570
305,109,557,569
302,111,560,573
314,111,559,576
313,126,562,566
313,120,563,573
306,127,559,569
336,122,546,570
327,122,555,568
312,123,559,571
326,115,561,571
323,126,562,565
314,126,566,566
322,125,566,575
325,118,562,574
323,129,564,569
291,111,585,577
308,114,571,571
301,121,575,571
291,118,582,574
314,124,570,568
305,130,567,565
333,137,552,560
309,130,568,565
353,130,540,564
308,132,573,565
310,127,576,567
304,124,577,568
345,140,552,563
365,142,539,553
365,151,541,549
367,151,537,549
372,149,535,547
437,170,497,532
436,165,500,528
476,160,486,536
447,165,496,534
492,166,489,533
438,161,515,538
475,161,499,532
437,159,508,535
421,156,517,541
433,166,508,535
454,159,512,548
382,153,544,552
388,157,538,548
415,154,527,548
391,147,533,554
409,148,526,556
391,152,533,553
389,142,535,558
389,140,541,557
384,152,542,556
387,145,547,558
378,149,553,555
393,150,554,559
382,141,559,565
362,145,571,562
365,141,570,564
385,137,557,567
378,136,561,564
363,131,574,568
411,147,539,558
397,146,544,560
408,138,544,559
393,139,554,559
407,141,539,555
386,141,557,557
401,142,546,560
409,134,545,564
405,133,549,566
401,143,552,560
404,131,557,568
384,130,573,570
409,132,564,574
385,138,577,565
416,131,550,568
408,131,556,567
413,131,557,564
399,127,574,567
440,140,540,565
409,132,559,564
441,133,545,564
406,135,558,568
427,134,548,566
406,129,568,567
405,142,566,562
443,141,541,567
447,133,534,567
434,142,525,560
422,143,538,558
433,140,535,560
440,132,530,569
423,140,540,558
442,133,537,566
437,142,530,561
443,143,536,561
424,141,541,559
441,133,530,566
418,137,551,569
408,126,570,575
410,132,571,571
390,130,581,571
409,124,576,581
391,122,593,579
405,123,574,578
417,124,574,575
392,131,596,575
401,123,593,580
393,121,598,582
394,120,596,582
393,124,592,577
402,122,586,576
394,122,597,575
408,124,588,578
426,119,575,579
405,118,590,577
436,129,559,568
421,118,579,575
419,125,575,569
424,123,571,573
447,126,553,571
421,124,571,573
421,119,572,573
429,124,567,569
425,126,566,568
443,118,562,573
406,118,582,579
412,120,579,575
397,122,585,575
433,124,564,569
416,120,572,574
450,126,549,568
428,117,565,567
455,124,545,570
423,127,563,567
431,126,560,568
449,120,555,572
424,117,565,575
440,123,552,569
443,131,546,566
440,125,550,568
437,125,550,570
431,132,554,569
424,134,555,568
436,130,544,569
425,136,554,567
452,131,528,561
455,136,525,560
444,127,533,566
445,125,536,574
438,126,546,575
452,125,536,574
419,129,555,571
426,129,547,566
421,131,547,566
425,126,544,566
412,130,553,571
422,133,546,567
461,131,527,563
441,129,531,563
458,143,525,558
459,138,517,560
462,138,515,552
474,136,514,559
460,142,512,551
454,137,508,553
455,140,507,553
458,136,512,555
443,132,512,557
451,130,510,555
451,136,508,553
445,137,501,555
438,135,507,554
462,130,490,556
450,135,495,551
449,137,501,548
437,137,507,555
463,138,495,550
448,127,504,562
465,132,500,551
441,132,500,555
424,136,511,552
433,129,506,554
419,124,510,553
443,125,500,557
451,124,505,553
424,122,512,557
431,118,511,562
439,116,509,564
428,118,513,562
413,117,521,569
419,114,522,571
405,111,529,578
399,111,529,573
423,104,517,579
444,111,505,573
413,124,512,565
432,117,499,561
416,117,513,561
425,133,504,553
407,129,514,553
402,132,512,549
402,124,516,559
422,120,512,561
415,124,505,559
431,121,500,566
431,119,518,564
457,125,529,566
446,113,540,570
452,111,540,577
486,113,519,582
490,111,527,589
499,111,531,586
472,116,536,581
478,131,517,562
454,116,533,572
482,127,541,571
463,118,555,580
480,116,565,598
503,110,568,589
466,120,541,588
477,122,541,583
477,119,524,586
482,111,537,595
483,107,523,596
474,104,524,598
444,103,521,592
453,104,522,597
447,105,516,597
436,111,504,585
447,119,494,581
459,105,486,590
469,115,483,586
473,122,488,581
448,118,488,590
445,129,489,564
452,114,486,579
445,132,495,579
441,132,525,582
425,147,536,572
448,136,522,571
439,131,516,573
439,147,517,569
450,128,510,576
441,140,513,564
443,140,509,569
471,129,490,567
433,133,493,561
429,128,487,560
447,127,477,569
442,120,478,570
461,121,481,570
464,124,469,567
446,132,479,564
419,141,482,560
394,141,479,559
385,143,485,562
400,146,483,562
397,144,476,567
366,133,489,574
394,138,477,579
326,143,488,562
363,133,467,577
359,133,471,579
336,145,477,563
352,140,468,564
327,139,474,565
345,133,481,577
329,138,488,570
332,136,485,568
315,133,492,567
311,129,484,573
285,158,486,548
336,169,450,544
315,182,461,540
350,179,442,536
323,197,466,533
345,188,459,541
370,180,466,543
350,198,486,527
376,197,488,524
359,194,493,525
376,183,505,536
390,163,509,561
385,154,516,569
398,172,530,550
392,160,540,561
411,154,544,567
408,167,560,558
432,179,560,553
429,159,564,564
454,195,567,547
467,185,556,550
459,143,558,583
461,191,578,550
464,161,572,572
473,160,584,576
487,165,568,571
511,150,568,583
518,165,568,573
512,156,578,585
519,186,573,573
528,176,611,581
548,142,626,611
576,162,617,596
621,163,605,592
599,154,624,601
633,156,631,592
698,177,608,573
671,187,615,557
708,186,614,561
718,184,625,561
717,205,606,547
631,189,610,562
489,152,561,585
562,197,565,557
565,195,563,554
658,204,579,544
584,207,551,541
561,206,561,547
568,223,558,533
588,237,529,512
672,256,579,505
677,254,576,499
706,252,577,495
668,252,562,490
631,244,529,496
638,255,539,491
645,259,554,500
638,258,553,503
659,262,560,490
661,272,550,483
667,268,527,488
672,275,521,480
677,265,502,488
675,270,500,483
689,273,489,477
714,269,468,474
716,268,445,474
740,269,429,477
736,270,428,480
740,267,424,476
729,277,423,475
728,272,405,470
739,272,397,466
736,285,391,459
719,288,391,454
724,296,383,444
725,301,392,443
719,298,393,439
742,276,383,459
737,299,382,440
720,300,382,437
739,298,379,443
736,292,373,440
744,291,374,445
744,280,377,450
727,274,390,451
711,268,405,451
706,274,406,447
698,287,426,432
687,283,425,436
670,287,434,440
713,285,433,445
735,284,432,445
732,290,431,441
738,288,426,444
758,307,423,433
739,306,422,432
758,289,412,435
770,299,406,430
764,295,407,429
753,303,409,424
737,300,421,431
709,300,428,434
708,294,428,433
684,297,431,439
703,296,433,434
701,302,433,434
688,312,423,429
678,308,414,431
688,304,402,430
671,305,395,426
676,303,395,428
682,304,382,431
666,305,385,429
610,307,404,430
675,306,378,433
629,309,412,425
616,308,408,425
641,307,394,423
608,299,409,431
604,299,412,432
565,308,420,418
615,318,386,411
635,323,372,408
626,337,377,396
607,329,399,404
534,310,425,416
578,309,401,419
531,320,425,409
561,314,419,411
578,324,400,404
590,317,395,415
624,335,375,410
557,312,410,422
545,320,411,415
511,316,430,416
525,316,419,413
520,321,419,410
533,315,405,410
502,329,407,405
487,315,417,411
479,326,422,405
523,336,396,397
542,340,387,389
559,345,382,381
538,344,388,382
527,356,394,373
532,347,383,376
532,341,377,376
556,343,358,372
529,355,351,369
558,363,336,357
513,354,365,371
553,366,345,362
544,355,354,372
546,356,363,376
467,348,390,386
438,362,391,377
458,367,368,372
461,363,367,372
424,359,369,369
400,352,378,368
314,334,426,390
315,332,422,391
306,328,425,392
321,328,416,391
356,341,383,381
322,337,412,385
324,322,419,393
336,333,400,390
305,338,394,394
323,329,386,395
294,322,405,403
247,315,442,407
241,317,439,405
279,325,401,401
280,324,392,405
266,319,410,407
256,314,420,407
292,307,408,412
306,329,381,393
280,325,389,398
273,324,381,398
299,323,367,396
269,324,374,401
272,321,389,398
270,310,398,404
263,305,398,405
273,311,369,396
240,306,388,405
234,302,385,414
217,313,390,407
241,302,383,413
229,296,381,418
248,297,384,423
234,295,388,422
262,303,386,414
232,302,400,425
237,298,393,422
236,303,386,417
229,296,394,419
224,292,401,424
226,296,400,418
228,305,397,412
220,298,408,420
215,298,409,417
229,298,394,415
217,298,406,417
229,288,397,426
215,299,401,426
217,298,412,424
217,288,426,435
221,286,427,436
225,287,426,430
221,278,440,437
220,274,450,444
241,275,452,442
237,276,455,437
239,277,445,442
233,276,451,441
248,274,449,440
247,274,449,439
242,278,434,429
237,282,420,428
252,285,403,428
250,281,402,428
244,288,389,422
220,293,385,426
192,297,374,423
250,281,387,440
246,285,384,431
239,284,387,433
244,281,382,440
245,278,374,435
218,282,364,430
227,277,371,438
237,273,369,430
226,264,367,435
251,265,381,436
245,277,386,430
254,266,389,443
264,268,401,447
256,270,399,442
267,268,391,443
288,270,394,446
273,265,388,443
314,255,405,455
314,251,396,458
334,254,388,458
327,254,390,459
346,246,384,465
310,258,391,452
323,243,387,476
313,245,398,472
298,228,403,480
306,231,401,482
305,231,412,486
310,221,411,489
303,227,424,484
303,224,416,487
311,225,413,489
309,229,412,488
314,221,416,493
314,230,415,486
308,216,424,495
315,233,421,485
313,221,428,493
307,224,424,487
310,226,423,487
307,220,430,493
309,225,431,486
302,222,432,489
288,233,437,480
297,230,442,483
292,229,446,485
303,223,446,492
306,228,452,491
317,227,465,495
328,226,444,496
325,233,455,487
336,225,446,493
346,231,446,489
350,232,445,483
349,224,449,484
360,238,447,473
349,231,450,479
359,230,445,478
369,234,442,476
372,217,438,484
383,220,434,487
387,215,420,493
383,221,424,487
388,219,417,487
387,223,426,489
388,221,439,489
401,227,442,488
413,227,435,485
406,231,434,478
433,246,420,467
440,240,419,475
448,239,420,475
441,234,414,473
408,237,424,466
415,235,420,468
423,240,417,468
433,246,409,463
451,234,399,468
444,237,398,473
454,253,385,449
457,251,386,456
485,248,380,462
474,247,375,462
484,249,372,458
493,248,367,458
502,254,360,456
490,257,363,455
494,256,366,459
501,258,366,461
503,252,363,461
524,259,360,454
486,266,364,443
484,256,360,449
489,257,369,451
522,256,352,452
511,249,352,457
512,258,359,451
511,244,370,461
512,241,366,468
502,243,369,462
480,246,375,456
498,256,367,450
499,250,362,455
520,256,361,449
525,249,363,460
482,245,372,460
482,249,369,454
502,248,375,458
500,231,372,468
522,225,382,475
510,226,383,475
512,242,392,462
505,243,389,460
519,234,399,468
495,236,413,463
501,240,419,457
490,235,422,463
478,249,427,453
458,246,430,455
453,254,427,441
466,256,435,441
486,248,443,438
504,242,441,447
550,215,465,474
564,217,485,478
587,214,502,485
593,212,500,488
600,209,489,490
576,222,478,476
609,208,510,481
580,218,496,476
594,209,528,486
606,212,518,483
607,212,526,487
611,225,515,481
638,201,521,493
648,205,513,493
651,195,519,496
656,193,514,495
658,183,505,504
651,183,515,506
650,186,521,510
624,183,549,512
633,176,513,515
630,180,506,518
629,183,502,513
614,179,508,516
631,175,506,527
634,169,498,523
601,174,472,520
612,180,458,515
614,178,457,519
612,181,457,514
603,186,445,513
581,187,437,510
576,180,429,512
580,186,420,508
569,184,423,504
577,189,421,502
584,175,424,506
558,174,443,507
571,177,441,509
565,172,444,517
554,173,448,518
572,194,452,505
562,180,458,511
518,183,476,511
545,201,518,518
549,163,482,523
529,168,506,519
527,163,501,522
533,174,523,516
543,166,537,515
545,170,550,511
569,194,532,504
560,191,540,508
587,202,520,497
584,194,516,506
581,193,516,505
558,187,509,505
566,175,497,507
568,182,483,496
602,185,464,497
541,173,510,498
530,188,497,490
549,188,492,486
547,190,480,484
531,199,467,475
551,216,450,464
547,203,456,469
570,216,436,458
582,239,420,442
591,233,419,444
545,224,438,438
585,230,420,431
548,239,425,432
543,238,437,434
518,219,444,450
487,213,446,454
474,216,439,450
491,215,438,448
473,209,447,453
489,211,441,456
489,207,445,465
488,204,437,471
515,216,408,461
514,218,411,456
506,203,410,464
517,197,407,483
518,197,425,482
535,195,431,486
526,188,456,489
526,196,454,484
514,185,473,485
537,182,487,489
536,179,490,491
527,179,499,493
532,181,495,492
528,180,503,495
543,178,490,492
530,177,497,493
560,177,455,490
547,182,463,488
577,179,439,483
571,181,438,479
567,183,434,481
570,184,426,481
545,179,431,492
541,187,414,484
538,183,404,487
550,183,403,490
546,173,415,506
530,159,418,508
533,166,407,501
513,188,405,480
533,181,401,484
535,175,395,488
530,168,395,502
566,166,378,505
567,171,388,495
550,162,410,503
550,165,422,503
551,169,421,497
542,172,422,495
548,174,408,490
552,161,430,496
549,151,442,501
525,168,433,495
547,168,436,492
530,176,440,490
513,179,438,487
537,169,446,484
539,175,450,483
565,162,449,489
536,177,436,474
544,182,436,467
542,181,429,466
544,189,414,462
559,178,432,470
579,174,444,474
586,170,457,480
611,171,467,483
649,158,489,498
650,144,492,510
652,130,492,522
669,127,482,525
659,134,495,519
642,127,507,534
661,122,486,539
660,117,497,539
684,116,482,535
683,113,487,538
684,110,491,539
670,116,495,531
676,119,485,538
670,115,469,546
673,110,464,551
682,106,468,550
682,109,465,548
691,109,452,547
697,113,434,543
697,100,426,560
693,103,424,556
697,100,430,554
691,103,430,547
707,119,421,548
706,110,423,549
712,120,435,549
683,110,440,546
674,109,441,547
701,109,426,554
718,119,442,553
738,111,444,548
739,115,449,546
749,119,452,545
715,110,470,550
725,118,466,548
738,115,454,548
735,109,457,548
750,124,464,540
748,97,469,564
732,100,488,560
711,91,491,567
708,99,488,560
733,104,496,562
721,108,507,556
709,106,509,554
720,108,518,559
704,109,515,555
705,118,506,552
714,115,514,554
734,121,521,556
745,136,514,547
715,130,524,540
717,134,534,537
756,136,511,541
756,151,494,529
755,154,488,522
709,135,503,530
704,157,495,519
736,166,479,514
716,145,508,525
703,143,527,525
678,158,531,516
690,162,527,513
682,171,531,502
689,162,529,512
698,185,514,495
693,184,517,494
685,179,522,497
688,177,517,497
657,164,519,508
664,174,513,496
663,170,509,504
664,192,490,488
635,182,494,496
640,197,484,479
631,193,484,483
603,193,504,485
592,187,508,491
526,181,550,502
521,176,539,503
496,169,540,510
529,171,483,496
522,167,489,495
498,169,494,501
483,165,504,502
479,177,486,495
440,169,505,503
424,174,502,501
411,169,510,505
391,166,512,510
390,181,495,502
378,175,488,513
373,173,482,513
370,179,458,508
362,177,465,504
344,176,461,505
332,196,462,493
320,194,431,498
319,196,431,491
310,188,437,491
302,190,439,487
304,201,427,484
300,205,420,487
302,200,408,499
286,214,404,490
274,208,405,487
266,209,400,486
229,206,404,487
223,207,404,489
213,229,383,480
212,206,380,496
183,196,396,506
166,196,398,507
161,203,405,505
163,201,401,504
147,189,432,509
133,217,430,487
118,233,414,472
116,233,410,471
109,222,414,485
103,224,412,474
93,212,406,479
86,204,412,488
66,214,425,477
73,217,430,475
70,212,432,477
64,213,434,480
52,232,422,460
59,230,439,469
55,240,409,460
58,230,414,469
40,240,420,456
44,236,418,459
54,227,432,470
98,218,444,474
105,217,450,472
114,215,451,473
124,222,469,469
145,210,481,480
162,200,503,495
195,191,508,502
189,188,523,511
178,198,509,505
215,184,531,521
244,176,531,521
232,183,565,517
238,178,570,519
254,180,554,518
256,181,552,521
263,172,548,526
278,175,539,523
283,177,538,523
303,175,519,529
315,166,509,537
323,165,507,538
340,164,486,542
339,166,496,545
355,155,498,538
351,169,506,537
380,156,493,544
375,160,500,535
392,163,497,542
423,157,485,547
429,155,482,546
430,161,473,532
433,168,471,536
435,169,471,535
441,158,472,537
448,150,473,539
471,143,457,547
464,149,467,540
493,146,448,545
483,160,461,537
495,150,453,544
472,146,456,541
515,152,453,543
523,152,460,532
546,152,448,536
528,148,464,545
545,156,458,534
529,158,473,528
559,161,469,529
579,167,478,527
570,164,488,528
575,171,487,523
555,162,502,526
561,169,502,519
574,169,503,519
599,181,488,516
622,185,489,506
629,188,483,506
618,181,495,507
611,180,515,520
619,179,510,515
584,181,531,510
575,182,531,513
561,179,526,512
602,189,531,510
565,190,541,506
558,188,551,509
547,189,563,504
539,194,565,501
529,187,568,507
537,205,557,497
524,193,567,502
512,190,566,505
523,192,562,504
530,200,551,499
553,193,538,498
520,198,545,506
549,202,517,495
552,204,510,488
515,202,524,494
514,192,519,503
497,200,524,496
484,201,513,493
498,211,491,488
480,209,497,489
454,207,487,498
450,204,473,494
456,201,476,502
467,202,451,490
433,203,452,495
438,215,433,478
449,210,420,488
464,228,407,477
468,221,402,481
447,222,408,481
453,228,388,483
453,214,384,495
437,222,394,482
403,237,396,475
411,236,397,479
400,228,405,479
396,229,403,485
380,211,403,487
350,208,400,483
364,211,389,489
376,215,380,485
349,212,403,495
349,213,400,491
329,223,398,478
333,233,390,477
317,235,395,477
323,235,386,467
325,242,376,460
325,236,395,466
297,237,401,467
293,226,413,478
280,237,417,465
314,222,424,483
304,231,430,469
298,222,446,482
290,209,448,490
310,213,437,486
259,223,438,470
272,223,439,472
269,219,445,471
260,224,451,467
275,210,439,479
290,231,442,459
293,216,452,472
300,218,450,469
353,207,470,489
380,216,481,478
386,205,497,485
368,208,511,489
400,206,508,489
396,207,506,493
414,210,514,480
433,182,510,502
444,182,509,501
450,182,503,502
458,173,505,504
456,177,510,502
467,176,504,505
484,171,488,513
491,166,479,525
505,161,457,532
512,163,461,540
510,155,461,544
526,159,454,541
534,161,450,533
544,171,443,523
535,163,465,533
555,161,454,538
539,158,461,541
559,141,446,545
574,138,449,546
577,130,439,549
574,132,443,555
581,127,446,554
564,129,458,556
601,139,440,547
601,130,438,542
610,141,435,533
622,143,422,533
592,141,455,533
595,142,454,538
604,132,461,543
618,133,453,539
633,146,452,535
662,132,442,541
646,138,465,542
658,147,459,537
675,153,462,541
673,141,472,545
662,144,491,528
676,146,497,534
713,149,492,533
661,158,491,528
718,155,486,531
719,144,496,537
726,143,518,527
747,144,522,528
762,154,518,522
757,160,518,518
780,173,511,511
798,175,497,517
804,170,491,512
791,169,491,515
758,161,512,520
778,170,505,519
764,172,502,514
757,164,506,516
747,165,515,514
731,174,530,508
698,168,552,512
712,166,547,514
701,160,550,514
681,163,568,518
675,170,572,516
662,162,564,514
676,159,543,516
673,150,553,516
651,147,554,522
632,149,540,514
615,154,550,509
604,157,560,506
626,165,528,500
592,162,551,507
576,161,547,507
585,162,526,507
561,150,531,509
527,167,533,506
542,151,510,510
553,170,502,497
535,175,483,492
539,173,462,496
518,180,450,492
513,179,443,500
500,172,428,505
519,174,422,502
513,177,422,502
521,173,408,504
518,182,406,500
500,177,406,507
508,167,415,522
499,173,422,522
485,156,428,523
457,166,418,515
460,166,406,520
449,159,408,519
425,160,409,511
436,160,405,512
415,167,432,510
406,175,442,496
404,169,452,501
406,165,453,506
411,169,462,510
386,177,459,503
386,174,459,499
356,180,453,492
354,178,455,495
361,162,455,503
366,161,453,508
360,174,453,498
360,158,441,507
340,176,450,490
342,170,459,492
326,169,466,485
354,173,480,485
361,173,483,489
372,170,478,489
422,154,487,509
413,148,507,519
427,153,526,522
437,144,533,536
431,145,532,527
427,147,537,531
457,142,530,523
473,145,536,521
473,140,523,524
483,140,517,529
480,144,529,524
501,134,503,527
484,130,508,536
500,123,508,544
519,124,482,549
518,116,482,553
528,113,475,552
537,120,478,552
535,111,471,557
537,117,476,551
527,109,471,556
515,101,478,564
529,104,474,564
522,107,465,557
547,105,445,559
538,86,433,566
532,98,445,559
573,94,431,561
571,94,432,562
560,95,442,560
557,102,449,557
564,101,455,563
578,93,463,559
575,108,475,548
560,99,480,560
572,96,481,564
588,112,478,559
587,104,481,570
584,108,497,552
582,92,492,566
580,90,491,569
598,108,501,558
595,101,519,555
612,116,525,547
600,115,510,546
565,117,497,545
608,118,520,541
661,110,537,546
630,113,527,550
683,125,528,548
635,122,539,536
643,125,534,540
648,130,534,539
636,132,543,537
629,129,549,536
605,129,557,532
611,131,551,533
585,123,560,530
565,119,563,535
570,122,570,533
562,129,575,523
556,138,572,521
567,155,549,509
553,154,551,510
553,153,554,507
550,151,545,511
533,156,542,514
541,170,511,508
512,141,515,522
527,153,493,517
539,159,486,509
515,170,483,504
490,167,478,492
498,173,454,485
490,170,453,489
473,155,437,503
478,167,432,494
455,173,423,497
487,173,425,506
452,170,410,500
459,185,404,495
472,187,393,499
467,184,395,498
449,170,389,513
410,178,381,498
404,180,378,495
374,169,395,492
355,166,410,502
377,154,406,514
366,166,402,506
338,170,412,499
343,140,419,512
331,156,405,508
321,180,395,488
329,174,393,495
341,184,375,482
330,183,373,475
333,193,378,468
317,191,385,471
322,192,390,476
319,180,397,488
333,177,393,487
296,184,407,471
300,166,438,487
295,176,432,481
306,174,440,492
310,169,445,496
298,166,445,505
313,152,463,521
326,145,452,526
348,142,466,525
338,151,477,522
321,150,480,514
354,154,476,522
370,147,480,522
378,137,492,528
374,133,507,537
387,144,513,536
380,141,523,542
392,134,541,539
417,138,527,535
408,144,539,535
406,148,544,533
418,142,534,539
412,148,541,530
434,144,519,530
445,142,513,530
454,136,503,538
460,133,491,543
451,143,489,547
459,137,480,543
469,137,483,532
465,140,486,528
463,134,495,530
475,143,476,536
479,140,469,544
485,146,463,542
502,153,451,540
491,139,455,550
502,144,450,540
494,123,460,546
509,129,441,541
507,118,438,548
492,133,444,544
482,126,467,544
497,120,477,550
513,119,464,542
519,125,471,534
545,135,457,531
522,129,476,531
501,125,490,544
470,127,516,542
484,125,521,547
479,128,531,550
456,120,525,557
434,132,539,552
431,127,538,552
444,130,546,554
452,127,538,554
493,133,559,545
536,148,532,541
518,140,561,531
541,161,544,521
572,171,520,508
549,175,522,507
516,165,535,518
510,165,537,517
531,180,514,504
524,177,520,505
504,171,534,512
493,153,539,528
485,166,544,517
470,160,550,518
468,165,557,510
443,170,577,510
432,172,572,507
448,178,553,506
422,179,564,506
428,185,560,505
423,176,535,504
426,184,512,494
417,182,511,498
415,194,497,491
384,191,500,497
414,185,482,494
386,194,490,495
367,188,478,494
352,185,469,497
369,190,452,491
367,191,429,490
376,199,422,482
352,202,426,483
338,195,436,494
364,202,420,492
371,190,413,504
330,192,427,499
320,203,428,494
344,208,410,503
312,206,402,500
309,195,416,502
298,210,408,491
300,193,409,497
267,189,420,507
300,190,406,499
300,192,425,509
280,222,425,480
267,209,440,497
279,197,451,496
249,207,450,483
270,190,463,499
255,195,442,494
244,200,457,496
198,193,467,498
194,189,471,502
187,194,463,498
185,195,458,497
188,202,458,487
207,211,461,486
198,194,463,502
192,204,470,491
188,207,463,493
212,203,461,493
187,200,470,487
199,202,469,491
224,188,473,503
225,192,476,498
204,202,474,485
261,183,485,507
263,194,471,495
292,190,483,501
304,189,495,503
310,189,508,507
322,182,505,508
314,179,527,515
319,179,522,515
317,179,529,516
323,174,532,518
326,173,531,523
326,178,527,519
339,167,524,530
356,174,521,520
367,173,519,524
369,175,523,518
381,178,522,513
379,177,519,512
378,171,521,518
378,162,504,524
399,165,479,519
397,163,484,532
408,166,471,530
400,169,480,533
394,174,486,528
402,175,477,528
399,164,479,531
404,163,477,530
409,147,463,548
399,155,472,544
431,152,447,542
419,151,457,538
436,149,455,537
408,145,447,545
416,138,432,540
422,141,431,539
442,172,437,514
436,155,455,524
467,154,447,519
454,148,453,522
481,160,448,523
452,154,453,522
443,166,461,515
480,164,466,521
456,180,476,517
444,183,463,515
468,173,484,517
469,170,488,524
434,171,489,529
424,158,503,531
417,155,504,539
455,168,511,529
471,169,518,528
455,180,525,517
445,175,545,515
471,184,547,514
471,189,554,519
460,190,554,512
417,181,555,518
411,180,559,523
409,173,565,524
415,172,572,527
404,171,592,531
388,182,603,519
404,187,569,513
396,191,579,511
379,188,573,514
400,182,552,513
393,195,534,500
412,205,519,492
377,206,513,492
423,221,496,479
412,227,489,473
363,216,481,477
356,205,459,491
365,225,459,472
333,212,468,479
316,219,468,478
331,220,442,475
303,224,429,479
300,217,435,492
316,204,443,518
308,215,437,506
296,213,428,507
285,214,424,500
296,209,419,512
289,206,429,511
261,222,420,489
270,207,413,506
263,215,413,494
235,211,433,492
240,213,428,492
250,212,437,493
251,221,444,491
242,221,451,489
248,232,460,481
246,231,465,475
303,216,461,492
241,216,468,494
250,222,455,484
256,223,445,482
268,217,448,489
293,217,457,480
327,215,476,486
316,227,475,473
334,217,487,482
341,226,483,475
337,222,487,475
329,218,499,484
335,207,505,494
354,201,507,505
359,203,514,505
366,189,533,517
367,198,534,503
374,202,522,505
370,203,520,503
384,203,509,504
396,201,499,500
384,199,514,504
395,194,507,512
405,190,500,516
411,186,493,523
425,188,489,520
423,189,499,518
443,188,487,520
442,188,487,514
451,199,484,508
441,192,476,510
436,195,467,524
442,202,463,513
452,188,451,523
455,190,448,521
466,193,437,527
483,194,424,526
495,189,419,529
504,189,419,526
503,207,420,509
500,205,416,507
521,198,405,509
529,206,407,489
519,207,402,507
530,191,396,517
531,199,393,503
536,195,392,507
552,213,386,491
559,227,387,485
587,211,373,495
573,202,390,503
553,193,402,511
568,196,392,506
553,193,406,509
558,194,411,515
565,202,405,508
587,204,403,513
583,201,407,512
586,198,412,516
573,201,420,515
590,208,419,505
577,207,422,502
574,197,435,513
549,202,449,507
569,181,447,525
548,198,464,512
556,195,471,515
560,185,478,526
530,184,487,525
568,187,483,520
559,184,479,522
550,187,494,519
544,185,502,515
527,178,518,527
553,201,498,508
585,213,489,490
585,213,491,489
557,195,510,505
533,201,500,506
511,201,497,510
575,209,486,502
558,206,490,503
560,201,494,507
579,208,490,500
566,205,514,500
536,200,522,504
555,202,513,503
548,206,524,505
565,213,506,505
585,223,495,501
561,212,517,503
544,210,525,505
527,220,518,500
505,208,540,506
507,207,538,504
493,205,545,507
491,204,547,505
496,202,538,507
476,203,541,506
468,210,547,497
473,212,537,495
464,215,541,500
447,209,563,506
435,209,581,507
456,211,558,498
444,207,568,501
467,204,545,501
430,204,576,505
468,192,542,511
447,201,546,499
428,204,550,498
409,212,566,495
435,208,543,492
422,210,553,494
439,206,530,497
401,210,534,498
419,212,521,491
421,217,513,490
415,220,515,491
422,215,502,488
405,219,484,487
393,212,490,492
402,224,483,478
394,226,467,472
389,240,466,464
390,228,464,470
394,229,449,471
403,226,442,474
397,227,427,479
404,214,429,490
404,220,430,490
404,212,414,496
387,223,409,491
360,231,410,490
384,235,407,481
380,229,410,493
367,228,407,488
360,249,397,471
341,239,383,466
356,219,383,490
352,208,384,501
339,209,384,501
341,215,379,488
328,196,403,499
312,192,420,497
321,212,400,489
320,220,386,474
336,222,388,470
310,225,390,464
331,210,391,476
349,208,395,479
336,204,398,482
348,210,391,479
311,217,383,469
335,223,382,470
322,219,391,465
329,212,407,470
342,203,387,478
338,199,405,489
332,209,421,487
344,204,427,495
349,196,433,497
376,180,433,507
385,177,426,503
377,184,455,497
393,174,454,502
393,179,465,509
410,159,471,516
412,159,482,507
435,155,498,524
433,142,512,532
435,138,514,532
430,135,523,537
433,142,519,534
444,136,545,541
456,125,560,544
460,130,568,545
463,132,563,542
459,132,570,547
456,138,573,539
482,127,550,548
485,119,555,549
489,119,557,549
506,121,547,543
508,118,546,543
510,116,557,547
539,121,534,542
536,123,546,541
542,119,546,538
539,122,539,542
530,119,550,554
528,115,534,550
562,115,514,548
556,101,531,558
580,114,519,543
575,110,506,554
598,114,498,550
612,104,484,555
615,116,478,562
612,100,460,557
638,97,473,565
618,87,454,560
621,89,456,562
622,93,450,561
608,85,455,573
607,92,447,565
617,88,458,569
615,79,470,571
599,86,470,567
628,82,478,575
599,79,483,567
603,85,464,568
576,99,465,556
589,104,455,565
596,110,454,556
596,109,468,554
584,92,480,562
577,102,491,551
591,101,489,556
578,106,491,548
576,110,493,546
598,123,485,535
612,136,494,520
600,129,498,521
600,113,489,528
581,124,501,528
587,121,500,529
571,128,514,519
570,135,511,514
552,134,521,515
537,122,536,531
523,126,535,526
534,124,532,529
508,120,544,535
499,113,543,538
513,117,526,534
460,102,575,546
430,114,610,540
424,109,612,542
424,124,609,537
409,136,603,528
406,137,598,532
398,164,581,524
386,140,579,529
387,146,577,522
376,143,567,525
331,126,585,535
345,132,559,525
337,128,539,526
343,148,523,515
343,145,519,515
350,150,488,498
332,158,477,507
330,154,472,511
333,152,465,510
335,164,458,503
327,146,457,509
334,167,431,499
326,182,399,485
289,181,404,492
280,175,408,495
288,183,391,484
299,180,380,487
305,182,377,487
272,192,382,479
308,163,362,503
277,174,375,493
277,184,367,487
286,181,365,489
264,188,373,489
258,199,377,474
272,193,380,480
273,182,387,483
284,177,396,492
283,173,394,492
278,184,407,489
251,183,395,486
251,192,411,477
285,180,437,489
298,173,461,494
303,167,471,501
306,170,467,497
242,179,444,488
279,175,446,494
279,179,426,494
274,178,415,492
257,178,423,488
290,169,437,497
273,192,433,480
301,186,438,482
321,175,461,484
338,174,458,489
334,172,467,488
340,180,467,486
375,177,481,495
401,156,507,508
438,164,519,508
460,156,531,526
448,161,530,521
477,153,521,523
475,144,546,531
465,155,547,528
493,141,548,534
486,148,550,534
499,147,547,537
523,146,536,542
519,150,548,534
537,152,557,531
541,151,558,532
564,140,542,541
566,138,543,544
594,142,523,540
575,127,556,553
591,130,546,552
604,136,544,551
613,145,547,545
617,139,546,547
632,146,539,536
657,141,533,538
663,145,546,528
669,143,547,534
673,143,533,541
678,146,525,533
699,139,511,542
711,141,504,545
698,142,488,540
703,148,477,532
699,157,482,522
699,158,486,523
703,167,478,519
711,166,478,520
753,155,459,532
755,151,452,530
761,150,452,539
757,143,456,543
767,135,458,549
785,142,453,542
791,141,430,537
774,152,428,544
778,156,436,538
804,150,424,546
808,157,449,535
802,132,463,550
797,139,465,535
822,138,450,539
828,158,439,531
830,159,436,526
806,161,443,525
808,158,437,528
794,163,451,530
793,163,458,536
747,141,472,555
775,164,473,539
778,152,485,547
771,156,514,554
758,152,525,546
765,166,529,539
811,182,501,528
772,174,516,528
789,176,500,524
778,197,483,506
771,176,487,523
757,188,477,515
780,191,472,519
789,197,468,515
753,188,479,516
738,202,482,505
759,214,473,499
693,197,489,496
660,190,505,503
663,196,495,497
640,191,500,503
636,189,511,498
625,192,505,500
586,203,526,496
586,213,522,489
573,205,535,491
542,208,567,495
534,206,557,495
561,212,504,489
535,219,500,479
481,212,539,489
498,206,531,494
445,195,577,501
432,204,572,504
429,210,569,494
422,213,569,491
405,218,572,486
424,211,550,492
399,216,559,492
382,210,556,494
364,215,553,493
376,210,516,487
365,219,520,481
365,202,520,494
342,207,524,489
344,221,519,483
333,224,521,480
306,225,526,478
298,229,517,478
309,225,506,482
281,230,522,479
286,229,502,478
279,237,478,468
262,225,468,485
264,236,452,471
256,227,451,473
253,243,441,461
247,235,429,474
238,230,436,484
251,240,414,481
247,246,418,474
242,234,422,483
255,241,429,478
224,236,420,479
246,238,414,488
230,255,410,476
225,242,393,485
227,241,400,487
218,245,390,490
230,240,386,493
225,247,387,486
207,237,378,492
165,248,382,483
188,240,372,489
201,245,363,487
202,215,383,487
182,236,384,482
184,229,384,481
171,239,390,474
170,240,389,476
182,243,382,472
171,246,376,482
196,248,369,478
186,253,383,472
196,252,386,475
202,253,391,476
189,257,392,470
202,255,386,473
179,259,385,466
196,255,390,468
198,252,392,477
186,254,387,471
198,246,402,480
187,249,399,478
184,240,404,484
163,264,420,471
180,249,429,480
196,245,443,487
211,243,449,482
188,247,446,474
180,257,426,466
215,247,425,470
184,257,432,462
202,249,435,469
195,248,446,473
214,239,447,474
209,245,437,467
208,243,426,463
207,266,425,442
212,259,426,451
223,246,431,456
240,248,448,458
283,239,457,468
360,220,482,482
357,220,489,485
356,213,500,491
376,201,504,511
361,204,497,506
354,205,505,505
373,199,516,515
370,204,532,507
354,199,545,514
369,197,567,517
386,200,558,511
389,207,556,502
420,204,525,507
427,202,523,500
424,200,527,509
434,196,516,510
448,193,512,511
464,198,497,515
454,192,521,518
472,184,511,530
475,182,512,534
490,182,503,530
515,185,499,526
535,186,499,525
540,181,510,527
553,186,507,534
553,182,499,535
566,186,495,538
585,179,469,542
598,172,458,549
600,172,447,559
615,169,451,558
614,173,451,556
632,179,426,552
624,183,426,549
645,179,415,547
653,193,409,542
663,196,407,535
679,187,394,541
692,168,406,560
686,182,426,542
687,176,422,547
706,166,426,554
714,151,425,582
716,151,425,578
712,154,437,575
712,143,444,591
723,150,446,590
729,134,450,592
747,153,448,582
744,134,435,590
749,148,441,588
748,149,446,583
779,157,443,594
774,166,440,582
794,168,436,580
777,158,440,590
784,183,447,580
800,189,443,567
779,179,463,574
789,176,464,575
782,159,476,578
794,155,473,582
781,161,476,581
759,165,510,577
751,169,535,572
738,168,535,575
716,166,553,574
716,163,554,580
708,167,577,572
724,193,564,552
696,185,593,558
720,181,583,562
725,248,540,540
712,172,594,575
703,173,608,565
706,168,605,567
763,176,556,565
787,182,535,557
813,177,513,556
846,183,496,554
788,181,535,546
784,183,535,547
805,196,525,535
823,225,546,546
797,181,547,548
794,176,541,550
774,173,546,551
786,198,541,545
665,171,610,566
722,184,587,559
707,185,595,553
663,176,610,563
699,173,619,564
687,162,619,567
722,180,607,553
725,168,603,562
793,164,603,561
609,157,633,577
396,147,661,587
377,151,672,588
369,145,668,591
375,154,644,579
370,161,634,576
376,177,629,563
370,156,615,571
361,162,615,565
350,173,606,561
331,167,620,564
315,170,627,564
316,156,626,576
308,180,632,563
301,169,636,577
292,163,635,583
286,153,645,582
291,170,631,571
284,166,636,576
286,141,610,592
282,152,628,587
275,167,631,582
259,145,636,595
254,144,620,595
249,153,626,589
254,153,606,578
243,153,599,585
231,165,595,571
215,143,596,589
212,141,590,586
221,131,586,595
212,133,590,586
209,140,593,579
202,151,595,573
161,142,587,586
149,149,574,578
156,130,602,594
156,129,586,589
172,146,573,583
157,125,567,598
144,136,566,588
149,133,565,584
139,142,560,589
132,131,550,593
137,144,534,580
116,150,522,568
120,152,509,565
103,146,509,571
123,134,499,573
101,145,497,568
85,140,498,569
97,140,492,569
86,141,496,569
88,152,497,565
86,151,502,567
91,161,495,559
90,151,496,561
95,158,495,562
84,153,500,564
89,135,498,578
83,143,502,576
82,140,508,578
74,131,501,581
70,150,507,565
76,137,500,574
77,135,497,580
81,135,495,579
77,138,500,580
73,143,504,575
66,144,507,574
61,128,515,588
42,142,507,575
44,129,510,581
48,133,503,582
36,129,506,579
37,153,502,573
27,128,509,585
25,145,509,575
34,112,500,598
29,114,503,599
30,140,494,577
29,135,488,582
25,130,484,581
25,124,481,584
15,124,487,584
12,122,491,588
-4,214,543,543
15,138,485,574
9,141,486,580
17,113,482,590
13,133,484,580
16,131,480,579
20,133,484,578
21,138,493,575
11,150,504,579
6,142,511,579
-4,198,553,553
-5,155,508,579
11,142,516,577
22,149,519,569
30,132,513,573
24,129,523,577
21,132,520,575
29,135,522,581
19,135,506,575
14,170,501,562
22,121,515,596
18,121,513,598
30,128,523,594
23,127,517,595
26,108,521,604
-3,125,515,596
27,113,530,598
27,125,534,590
18,126,531,589
29,133,544,587
31,140,524,575
