592,345,104,96
591.8,344.8,104,96
591.22,344.61,104,96
591.41,344.02,104,96
591.22,344.22,104,96
591.02,344.41,104,96
590.82,344.22,104,96
590.24,344.02,104,96
590.43,343.82,104,96
590.63,343.63,104,96
590.04,343.04,104,96
590.24,343.24,104,96
590.43,343.43,104,96
590.63,343.63,104,96
590.04,343.04,104,96
590.24,343.24,104,96
590.43,343.43,104,96
590.63,343.63,104,96
590.04,343.04,104,96
590.24,343.24,104,96
590.43,343.43,104,96
590.63,343.63,104,96
590.04,343.43,104,96
590.63,344.02,104,96
590.43,343.82,104,96
591.41,344.02,104,96
591.61,344.22,104,96
591.02,344.41,104,96
591.22,344.61,104,96
591.41,344.41,104,96
592,345,104,96
591.8,344.8,104,96
592,345,104,96
592.2,345.2,104,96
592.78,345.39,104,96
592.98,345.59,104,96
593.57,345,104,96
593.37,345.59,104,96
594.35,345.39,104,96
594.55,345.98,104,96
594.35,345.78,104,96
594.94,345.59,104,96
595.14,345.39,104,96
595.33,345.98,104,96
595.53,345.78,104,96
594.94,345.59,104,96
595.53,345.39,104,96
595.33,345.98,104,96
596.31,345.78,104,96
596.51,345.59,104,96
595.92,345.39,104,96
596.12,345.98,104,96
596.31,345.78,104,96
596.9,345.59,104,96
596.7,345.39,104,96
596.51,345.98,104,96
596.31,345.78,104,96
596.9,345.59,104,96
596.7,345.39,104,96
596.9,345.98,104,96
597.1,345.78,104,96
597.29,345.98,104,96
597.49,346.18,104,96
597.69,346.37,104,96
597.1,346.57,104,96
597.29,346.37,104,96
597.49,346.96,104,96
597.69,347.16,104,96
597.1,347.35,104,96
597.29,347.55,104,96
597.49,346.96,104,96
598.08,347.55,104,96
597.88,347.35,104,96
597.69,348.33,104,96
597.88,348.53,104,96
598.08,348.33,104,96
598.27,348.92,104,96
598.86,349.12,104,96
598.67,349.31,104,96
598.47,349.9,104,96
599.45,349.7,104,96
599.65,349.9,104,96
598.67,350.1,104,96
598.86,350.69,104,96
599.06,350.49,104,96
599.25,351.47,104,96
599.45,352.06,104,96
600.04,351.86,104,96
599.84,352.06,104,96
599.65,352.65,104,96
599.45,352.84,104,96
600.04,353.43,104,96
599.84,354.41,104,96
599.65,354.61,104,96
599.45,354.41,104,96
599.65,355.39,104,96
599.06,355.59,104,96
599.25,355,104,96
599.45,355.19,104,96
599.25,355.78,104,96
599.06,355.59,104,96
598.86,355.39,104,96
598.27,355.98,104,96
598.47,356.17,104,96
598.67,356.76,104,96
597.69,357.35,104,96
597.88,358.33,104,96
598.08,358.92,104,96
597.11,358.46,107.11,98.87
597.31,359.47,107.11,98.87
597.51,360.08,107.11,98.87
596.91,360.28,107.11,98.87
597.11,360.89,107.11,98.87
597.31,361.09,107.11,98.87
597.51,361.29,107.11,98.87
596.91,361.9,107.11,98.87
595.11,361.43,110.31,101.83
594.9,361.22,110.31,101.83
594.69,361.84,110.31,101.83
593.25,362.61,113.61,104.87
593.46,362.82,113.61,104.87
593.68,363.89,113.61,104.87
593.89,364.54,113.61,104.87
593.68,365.61,113.61,104.87
593.89,367.11,113.61,104.87
593.68,367.75,113.61,104.87
594.32,369.25,113.61,104.87
594.1,370.32,113.61,104.87
593.89,370.96,113.61,104.87
591.55,371.32,117.01,108.01
591.77,371.54,117.01,108.01
591.99,372.64,117.01,108.01
591.77,373.31,117.01,108.01
591.55,373.53,117.01,108.01
591.33,374.19,117.01,108.01
589.8,374.12,120.51,111.24
589.57,374.8,120.51,111.24
589.8,377.3,120.51,111.24
590.03,377.98,120.51,111.24
588.91,377.91,124.11,114.56
589.14,379.07,124.11,114.56
588.91,380.24,124.11,114.56
589.61,381.41,124.11,114.56
589.38,382.58,124.11,114.56
589.14,383.29,124.11,114.56
587.52,382.27,127.82,117.99
588.24,383,127.82,117.99
586.09,382.92,131.64,121.52
587.33,383.17,131.64,121.52
587.08,383.91,131.64,121.52
587.83,384.16,131.64,121.52
588.08,384.91,131.64,121.52
588.32,385.65,131.64,121.52
588.08,386.39,131.64,121.52
588.32,386.64,131.64,121.52
588.08,386.39,131.64,121.52
588.32,386.64,131.64,121.52
588.08,386.39,131.64,121.52
588.82,386.64,131.64,121.52
586.6,385.07,135.58,125.15
586.35,385.33,135.58,125.15
586.09,385.07,135.58,125.15
586.86,384.31,135.58,125.15
586.6,384.05,135.58,125.15
586.35,382.77,135.58,125.15
586.09,382.01,135.58,125.15
586.35,381.24,135.58,125.15
585.58,380.47,135.58,125.15
585.33,379.2,135.58,125.15
585.07,378.94,135.58,125.15
585.33,377.66,135.58,125.15
585.07,375.87,135.58,125.15
585.84,375.11,135.58,125.15
585.58,374.34,135.58,125.15
585.33,373.06,135.58,125.15
585.07,371.27,135.58,125.15
585.33,370,135.58,125.15
585.07,368.21,135.58,125.15
585.33,367.44,135.58,125.15
585.07,365.14,135.58,125.15
585.33,364.88,135.58,125.15
585.07,363.61,135.58,125.15
585.33,362.84,135.58,125.15
585.07,361.56,135.58,125.15
585.33,360.28,135.58,125.15
585.07,360.03,135.58,125.15
585.33,358.24,135.58,125.15
584.56,356.96,135.58,125.15
584.3,355.68,135.58,125.15
584.05,354.92,135.58,125.15
584.3,354.15,135.58,125.15
584.05,353.9,135.58,125.15
584.3,352.62,135.58,125.15
584.05,351.34,135.58,125.15
584.3,351.08,135.58,125.15
584.05,350.32,135.58,125.15
584.82,349.55,135.58,125.15
584.56,348.27,135.58,125.15
584.3,348.02,135.58,125.15
584.05,347.76,135.58,125.15
584.3,346.48,135.58,125.15
583.54,345.72,135.58,125.15
583.28,345.46,135.58,125.15
583.03,344.7,135.58,125.15
583.28,344.95,135.58,125.15
582,344.7,135.58,125.15
582.26,344.95,135.58,125.15
581.49,345.21,135.58,125.15
581.24,345.46,135.58,125.15
580.47,344.7,135.58,125.15
580.22,344.95,135.58,125.15
579.45,345.21,135.58,125.15
579.19,345.46,135.58,125.15
579.45,344.7,135.58,125.15
578.17,344.44,135.58,125.15
578.43,344.18,135.58,125.15
577.66,344.44,135.58,125.15
577.4,344.18,135.58,125.15
577.15,344.44,135.58,125.15
577.4,344.18,135.58,125.15
576.64,344.44,135.58,125.15
575.87,343.67,135.58,125.15
575.62,343.42,135.58,125.15
574.85,344.18,135.58,125.15
575.1,343.93,135.58,125.15
575.36,343.16,135.58,125.15
574.08,342.91,135.58,125.15
574.34,342.65,135.58,125.15
574.08,342.4,135.58,125.15
574.34,343.16,135.58,125.15
574.08,342.4,135.58,125.15
574.34,342.14,135.58,125.15
573.57,341.37,135.58,125.15
573.32,341.12,135.58,125.15
573.06,340.86,135.58,125.15
573.83,340.61,135.58,125.15
573.06,339.84,135.58,125.15
573.32,339.58,135.58,125.15
572.04,338.82,135.58,125.15
572.29,338.56,135.58,125.15
571.53,338.31,135.58,125.15
571.27,338.56,135.58,125.15
571.02,337.28,135.58,125.15
571.27,337.03,135.58,125.15
571.02,336.77,135.58,125.15
571.27,336.52,135.58,125.15
570.5,335.24,135.58,125.15
570.25,335.49,135.58,125.15
569.48,334.73,135.58,125.15
569.23,334.98,135.58,125.15
568.46,334.73,135.58,125.15
568.2,334.47,135.58,125.15
568.97,333.71,135.58,125.15
568.2,333.96,135.58,125.15
567.44,333.19,135.58,125.15
566.16,332.94,135.58,125.15
565.39,332.68,135.58,125.15
563.09,332.43,135.58,125.15
562.33,332.17,135.58,125.15
562.45,334.2,131.74,121.61
561.21,333.95,131.74,121.61
559.47,334.69,131.74,121.61
557.74,334.94,131.74,121.61
556.99,335.19,131.74,121.61
555.75,335.44,131.74,121.61
554.51,334.2,131.74,121.61
552.77,333.95,131.74,121.61
551.53,334.2,131.74,121.61
550.29,333.45,131.74,121.61
548.55,333.7,131.74,121.61
547.8,333.95,131.74,121.61
547.55,333.7,131.74,121.61
545.32,332.96,131.74,121.61
544.57,332.71,131.74,121.61
542.84,332.46,131.74,121.61
541.59,331.71,131.74,121.61
539.85,331.47,131.74,121.61
539.11,330.72,131.74,121.61
537.37,330.97,131.74,121.61
535.14,330.72,131.74,121.61
533.89,330.47,131.74,121.61
533.15,330.22,131.74,121.61
531.41,329.98,131.74,121.61
530.67,330.22,131.74,121.61
529.92,329.98,131.74,121.61
528.68,330.22,131.74,121.61
527.93,328.98,131.74,121.61
527.19,329.23,131.74,121.61
525.45,327.99,131.74,121.61
525.2,328.24,131.74,121.61
523.96,327.49,131.74,121.61
523.71,327.74,131.74,121.61
523.46,327.99,131.74,121.61
522.72,328.24,131.74,121.61
522.47,327,131.74,121.61
522.22,327.24,131.74,121.61
521.97,326,131.74,121.61
522.22,326.25,131.74,121.61
523.84,327.22,128.02,118.17
524.08,327.47,128.02,118.17
523.35,327.71,128.02,118.17
523.6,328.43,128.02,118.17
523.84,328.19,128.02,118.17
524.08,327.95,128.02,118.17
523.35,327.71,128.02,118.17
523.6,329.4,128.02,118.17
523.84,329.64,128.02,118.17
524.08,329.88,128.02,118.17
522.39,330.6,128.02,118.17
522.15,330.36,128.02,118.17
521.42,330.12,128.02,118.17
521.18,329.4,128.02,118.17
519.98,329.16,128.02,118.17
520.22,328.91,128.02,118.17
519.01,328.67,128.02,118.17
518.29,326.98,128.02,118.17
517.56,324.81,128.02,118.17
516.84,324.57,128.02,118.17
516.12,322.88,128.02,118.17
514.43,321.67,128.02,118.17
514.18,319.5,128.02,118.17
512.01,318.3,128.02,118.17
509.84,317.57,128.02,118.17
509.6,316.37,128.02,118.17
508.88,313.23,128.02,118.17
508.15,310.57,128.02,118.17
506.46,308.4,128.02,118.17
505.26,306.71,128.02,118.17
503.57,305.02,128.02,118.17
501.39,303.33,128.02,118.17
499.71,301.65,128.02,118.17
495.14,300.6,131.85,121.71
491.41,298.86,131.85,121.71
488.68,299.11,131.85,121.71
485.94,299.86,131.85,121.71
483.21,300.6,131.85,121.71
478.98,302.34,131.85,121.71
475.25,304.58,131.85,121.71
471.03,307.81,131.85,121.71
467.3,312.03,131.85,121.71
463.57,316.76,131.85,121.71
459.85,322.47,131.85,121.71
455.12,330.18,131.85,121.71
450.4,338.88,131.85,121.71
448.66,347.57,131.85,121.71
447.42,353.79,131.85,121.71
444.21,358.68,135.79,125.34
441.9,363.03,135.79,125.34
441.65,365.33,135.79,125.34
440.37,366.61,135.79,125.34
437.57,365.51,139.85,129.09
435.72,365.77,139.85,129.09
435.46,367.09,139.85,129.09
433.61,368.93,139.85,129.09
432.3,370.25,139.85,129.09
430.45,371.57,139.85,129.09
429.13,372.36,139.85,129.09
427.29,373.68,139.85,129.09
425.44,373.94,139.85,129.09
424.65,375.26,139.85,129.09
423.33,377.11,139.85,129.09
421.49,378.43,139.85,129.09
420.17,380.27,139.85,129.09
417.8,381.59,139.85,129.09
416.48,381.32,139.85,129.09
414.11,383.17,139.85,129.09
412.26,383.96,139.85,129.09
410.42,384.22,139.85,129.09
409.1,384.49,139.85,129.09
407.25,382.12,139.85,129.09
405.93,380.27,139.85,129.09
405.14,377.37,139.85,129.09
403.83,372.89,139.85,129.09
402.51,368.41,139.85,129.09
401.72,363.93,139.85,129.09
403.03,357.34,139.85,129.09
404.88,352.85,139.85,129.09
406.73,348.9,139.85,129.09
408.04,346.53,139.85,129.09
410.81,346.51,135.9,125.44
412.6,344.2,135.9,125.44
414.91,343.43,135.9,125.44
418.11,343.41,132.05,121.9
419.36,343.66,132.05,121.9
421.6,343.41,132.05,121.9
423.84,343.66,132.05,121.9
426.57,344.41,132.05,121.9
429.81,345.65,132.05,121.9
434.91,350.12,128.32,118.45
438.06,353.26,128.32,118.45
440.72,355.92,128.32,118.45
442.77,359.77,124.69,115.1
444.89,362.83,124.69,115.1
445.6,366.35,124.69,115.1
447.71,370.82,124.69,115.1
448.42,374.34,124.69,115.1
449.59,379.28,124.69,115.1
451.12,386.78,121.17,111.85
449.52,391.12,121.17,111.85
449.18,397.96,117.74,108.68
446.29,404.84,117.74,108.68
442.96,410.39,117.74,108.68
439.63,415.49,117.74,108.68
435.42,421.04,117.74,108.68
432.09,426.59,117.74,108.68
426.54,431.69,117.74,108.68
421.88,436.35,117.74,108.68
415,440.13,117.74,108.68
408.12,444.34,117.74,108.68
399.46,447.23,117.74,108.68
391.7,450.56,117.74,108.68
382.15,453.89,117.74,108.68
371.72,456.77,117.74,108.68
359.51,459.66,117.74,108.68
349.08,461.21,117.74,108.68
338.21,462.32,117.74,108.68
324.24,464.02,121.26,111.93
312.13,465.62,121.26,111.93
298.66,465.09,124.89,115.28
285.71,465.8,124.89,115.28
274.17,466.51,124.89,115.28
262.18,465.02,128.62,118.73
252.24,463.32,128.62,118.73
241.84,461.79,132.47,122.28
234.09,459.54,132.47,122.28
227.85,458.29,132.47,122.28
223.61,457.04,132.47,122.28
219.86,455.8,132.47,122.28
218.61,455.05,132.47,122.28
218.36,453.8,132.47,122.28
219.61,452.05,132.47,122.28
223.36,450.3,132.47,122.28
226.62,446.73,136.43,125.93
233.05,444.41,136.43,125.93
241.54,443.13,136.43,125.93
249.51,441.33,136.43,125.93
258.51,440.04,136.43,125.93
269.05,438.24,136.43,125.93
280.11,436.95,136.43,125.93
291.17,436.18,136.43,125.93
301.2,435.93,136.43,125.93
311.74,435.67,136.43,125.93
320.74,435.41,136.43,125.93
330.26,435.67,136.43,125.93
339.77,435.41,136.43,125.93
347.74,435.67,136.43,125.93
355.2,434.9,136.43,125.93
362.15,434.64,136.43,125.93
367.55,434.38,136.43,125.93
369.88,433.79,140.51,129.7
374.91,433.52,140.51,129.7
379.41,432.73,140.51,129.7
381.29,430.52,144.71,133.58
384.83,428.61,144.71,133.58
385.67,426.89,149.03,137.57
387.07,426.05,149.03,137.57
387.92,426.33,149.03,137.57
389.88,426.61,149.03,137.57
390.73,428.01,149.03,137.57
390.44,428.29,149.03,137.57
389.62,428.2,153.49,141.68
391.07,428.49,153.49,141.68
390.8,429.56,158.08,145.92
392.29,430.45,158.08,145.92
392.01,432.74,162.81,150.28
393.55,434.27,162.81,150.28
396.31,437.65,162.81,150.28
398.46,441.02,162.81,150.28
400.01,443.38,167.67,154.78
405.38,447.49,167.67,154.78
406.99,449.92,172.69,159.4
412.52,453.5,172.69,159.4
417.4,458.38,172.69,159.4
421.01,460.88,177.85,164.17
429.39,465.24,177.85,164.17
436.43,468.93,177.85,164.17
441.48,470.83,183.17,169.08
449.42,475.32,183.17,169.08
459.43,480.5,183.17,169.08
466.71,481.77,188.64,174.13
477.02,486.39,188.64,174.13
486.62,490.3,188.64,174.13
497.64,492.08,188.64,174.13
504.42,492.68,194.29,179.34
513.58,494.51,194.29,179.34
520.56,492.19,200.09,184.7
531.5,489.55,200.09,184.7
537.94,487.17,206.08,190.23
549.21,485.23,206.08,190.23
560.47,481.73,206.08,190.23
570.18,476.68,206.08,190.23
573.7,468.79,212.24,195.91
562.1,442.78,212.24,195.91
562.5,429.58,212.24,195.91
573.3,421.98,212.24,195.91
585.71,418.38,212.24,195.91
598.91,415.58,212.24,195.91
612.11,413.58,212.24,195.91
626.11,409.18,212.24,195.91
640.12,405.58,212.24,195.91
653.32,399.58,212.24,195.91
665.72,391.97,212.24,195.91
680.32,383.94,206.24,190.37
689.26,373.45,206.24,190.37
698.21,362.17,206.24,190.37
721.92,351.67,206.24,190.37
746.99,343.87,200.41,184.99
758.71,337.45,200.41,184.99
767.2,329.86,194.74,179.76
771.24,322.89,194.74,179.76
773.81,312.98,194.74,179.76
775.65,303.8,194.74,179.76
776.01,295.36,194.74,179.76
775.65,286.91,194.74,179.76
772.34,278.47,194.74,179.76
766.84,270.76,194.74,179.76
759.86,264.52,194.74,179.76
749.95,256.81,194.74,179.76
742.06,251.65,189.23,174.68
732.96,247.34,183.88,169.74
722.22,241.45,183.88,169.74
711.3,235.87,178.68,164.94
700.86,230.15,178.68,164.94
691.09,223.07,178.68,164.94
681.83,221.7,173.63,160.28
670.37,217.45,173.63,160.28
659.57,213.19,173.63,160.28
651.88,213.82,168.72,155.74
641.38,210.32,168.72,155.74
631.53,208.73,168.72,155.74
621.67,205.87,168.72,155.74
611.81,205.55,168.72,155.74
602.58,205.87,168.72,155.74
595.11,207.75,163.95,151.34
586.15,207.44,163.95,151.34
577.8,207.13,163.95,151.34
570.08,207.44,163.95,151.34
565.9,210.51,159.32,147.06
559,210.81,159.32,147.06
552.69,211.71,159.32,147.06
546.38,212.61,159.32,147.06
539.48,212.91,159.32,147.06
534.22,215.89,154.81,142.9
528.09,218.52,154.81,142.9
520.8,220.56,154.81,142.9
512.34,223.77,154.81,142.9
503.87,226.98,154.81,142.9
496.58,230.19,154.81,142.9
487.53,232.24,154.81,142.9
479.07,235.45,154.81,142.9
471.19,239.24,154.81,142.9
461.56,241.87,154.81,142.9
452.51,245.66,154.81,142.9
444.05,249.45,154.81,142.9
435.59,252.66,154.81,142.9
426.54,257.04,154.81,142.9
417.49,260.83,154.81,142.9
409.03,264.63,154.81,142.9
401.15,268.42,154.81,142.9
393.27,271.63,154.81,142.9
386.56,275.42,154.81,142.9
380.43,279.22,154.81,142.9
374.89,283.01,154.81,142.9
370.51,287.97,154.81,142.9
364.97,291.18,154.81,142.9
360.59,294.39,154.81,142.9
355.63,298.19,154.81,142.9
351.25,301.98,154.81,142.9
346.87,306.36,154.81,142.9
343.66,309.57,154.81,142.9
340.45,313.36,154.81,142.9
336.66,315.99,154.81,142.9
332.87,319.78,154.81,142.9
329.07,323.57,154.81,142.9
324.69,326.2,154.81,142.9
319.73,328.24,154.81,142.9
314.77,330.87,154.81,142.9
309.81,334.08,154.81,142.9
306.02,336.71,154.81,142.9
301.06,339.92,154.81,142.9
295.51,343.13,154.81,142.9
288.22,345.75,154.81,142.9
282.09,350.13,154.81,142.9
278.3,353.92,154.81,142.9
274.5,358.89,154.81,142.9
271.88,363.26,154.81,142.9
269.25,366.47,154.81,142.9
266.62,370.27,154.81,142.9
264,374.06,154.81,142.9
260.2,377.85,154.81,142.9
254.07,381.65,154.81,142.9
249.7,384.27,154.81,142.9
245.76,387.17,150.44,138.86
241.5,391.42,150.44,138.86
235.55,393.97,150.44,138.86
230.16,395.96,150.44,138.86
223.07,397.38,150.44,138.86
216.55,399.36,150.44,138.86
210.03,400.78,150.44,138.86
202.37,402.77,150.44,138.86
194.71,404.18,150.44,138.86
187.06,406.74,150.44,138.86
178.83,408.15,150.44,138.86
171.18,409.57,150.44,138.86
163.52,409.85,150.44,138.86
157,409.57,150.44,138.86
149.34,408.72,150.44,138.86
143.39,407.87,150.44,138.86
138,405.88,150.44,138.86
133.18,403.9,150.44,138.86
127.79,401.35,150.44,138.86
121.84,399.93,150.44,138.86
117.58,396.24,150.44,138.86
113.33,393.12,150.44,138.86
109.64,389.44,150.44,138.86
106.52,385.75,150.44,138.86
102.84,380.93,150.44,138.86
99.719,376.11,150.44,138.86
98.868,370.15,150.44,138.86
96.316,364.77,150.44,138.86
97.025,359.64,146.18,134.94
96.75,354.96,146.18,134.94
97.025,349.17,146.18,134.94
97.301,342.28,146.18,134.94
97.438,338.4,142.05,131.12
98.108,331.96,138.03,127.41
99.929,326.49,138.03,127.41
100.19,321.03,138.03,127.41
99.799,315.8,134.13,123.81
99.546,310.49,134.13,123.81
99.799,305.69,134.13,123.81
102.96,300.11,130.34,120.31
105.66,294.95,130.34,120.31
106.89,288.32,130.34,120.31
107.63,283.16,130.34,120.31
107.87,277.01,130.34,120.31
110.08,270.87,130.34,120.31
111.8,264.24,130.34,120.31
112.54,258.59,130.34,120.31
112.79,252.94,130.34,120.31
114.02,248.76,130.34,120.31
112.8,242.29,134.23,123.91
113.56,237.49,134.23,123.91
116.87,231.84,138.25,127.61
123.91,224.8,138.25,127.61
129.4,216.38,142.38,131.43
132.35,210.74,142.38,131.43
133.69,205.64,142.38,131.43
136.64,201.62,142.38,131.43
138.52,197.06,142.38,131.43
140.94,193.03,142.38,131.43
143.89,189,142.38,131.43
145.77,185.51,142.38,131.43
147.65,182.56,142.38,131.43
150.06,180.15,142.38,131.43
153.01,176.66,142.38,131.43
157.98,177.17,138.36,127.71
159.28,174.31,138.36,127.71
164.63,173.24,134.44,124.1
166.4,171.97,134.44,124.1
168.18,170.71,134.44,124.1
171.47,169.44,134.44,124.1
173.25,169.69,134.44,124.1
178.44,170.18,130.64,120.59
180.17,170.43,130.64,120.59
183.74,171.89,126.95,117.18
184.45,172.6,126.95,117.18
187.09,172.84,126.95,117.18
190.56,175.22,123.36,113.87
193.46,177.99,119.87,110.65
194.59,179.12,119.87,110.65
197.87,183.17,116.48,107.52
198.97,184.71,116.48,107.52
202.15,189.08,113.19,104.48
202.36,190.57,113.19,104.48
203.43,193.78,113.19,104.48
206.1,198.03,109.99,101.53
206.3,201.55,109.99,101.53
207.34,203.83,109.99,101.53
208.38,207.36,109.99,101.53
209,210.88,109.99,101.53
210.45,214.82,109.99,101.53
212.21,219.78,106.88,98.657
212.82,223.61,106.88,98.657
214.23,227.03,106.88,98.657
214.43,231.26,106.88,98.657
214.63,234.69,106.88,98.657
215.24,238.52,106.88,98.657
216.14,242.93,103.86,95.868
217.81,247.62,100.92,93.157
218,250.85,100.92,93.157
218.19,254.08,100.92,93.157
217.62,256.56,100.92,93.157
218.85,260.73,98.067,90.523
220.42,264.41,95.294,87.964
220.24,266.39,95.294,87.964
221.5,267.64,95.294,87.964
221.32,268.54,95.294,87.964
222.94,270.16,95.294,87.964
223.12,270.7,95.294,87.964
224.73,272.67,95.294,87.964
226.26,274.1,92.6,85.477
227.83,275.67,92.6,85.477
230.36,277.4,89.981,83.06
232.23,278.59,89.981,83.06
233.76,279.77,89.981,83.06
234.6,280.62,89.981,83.06
235.45,281.13,89.981,83.06
238.93,281.8,87.437,80.711
239.75,282.29,87.437,80.711
240.58,283.11,87.437,80.711
241.4,283.94,87.437,80.711
242.55,284.76,87.437,80.711
245.27,286.4,84.965,78.429
245.75,287.2,84.965,78.429
247.2,289.6,84.965,78.429
247.36,290.4,84.965,78.429
248.16,291.2,84.965,78.429
248.64,293.29,84.965,78.429
250.32,294.87,82.563,76.212
251.1,296.9,82.563,76.212
250.94,297.68,82.563,76.212
251.1,299.7,82.563,76.212
251.25,301.41,82.563,76.212
251.41,302.81,82.563,76.212
251.56,304.83,82.563,76.212
251.72,306.24,82.563,76.212
250.63,307.32,82.563,76.212
251.1,308.73,82.563,76.212
250.63,310.75,82.563,76.212
251.1,312.46,82.563,76.212
250.63,313.24,82.563,76.212
250.79,314.02,82.563,76.212
250.32,315.11,82.563,76.212
250.47,316.2,82.563,76.212
250.63,317.6,82.563,76.212
250.79,319,82.563,76.212
250.86,319.61,80.228,74.057
251.62,321.27,80.228,74.057
251.47,322.93,80.228,74.057
251.62,323.39,80.228,74.057
251.77,324.45,80.228,74.057
251.92,325.2,80.228,74.057
252.38,325.35,80.228,74.057
253.13,326.11,80.228,74.057
253.28,326.26,80.228,74.057
253.74,326.72,80.228,74.057
253.89,326.87,80.228,74.057
254.34,327.62,80.228,74.057
255.1,328.38,80.228,74.057
255.55,329.74,80.228,74.057
255.4,330.5,80.228,74.057
255.55,331.25,80.228,74.057
256.01,333.22,80.228,74.057
256.76,333.67,80.228,74.057
256.91,334.13,80.228,74.057
257.37,335.18,80.228,74.057
258.12,335.64,80.228,74.057
258.27,335.18,80.228,74.057
258.43,335.64,80.228,74.057
257.97,335.49,80.228,74.057
258.12,335.64,80.228,74.057
258.58,334.88,80.228,74.057
258.73,335.34,80.228,74.057
259.18,335.49,80.228,74.057
259.64,334.43,80.228,74.057
259.48,335.18,80.228,74.057
259.03,335.64,80.228,74.057
258.58,335.79,80.228,74.057
258.43,335.64,80.228,74.057
259.71,335.93,77.96,71.963
259.86,335.49,77.96,71.963
260.3,335.63,77.96,71.963
261.03,334.9,77.96,71.963
260.59,335.05,77.96,71.963
260.45,335.19,77.96,71.963
261.18,335.63,77.96,71.963
261.33,335.19,77.96,71.963
261.47,335.93,77.96,71.963
261.92,336.37,77.96,71.963
262.06,337.1,77.96,71.963
262.21,337.25,77.96,71.963
262.65,337.99,77.96,71.963
263.09,338.43,77.96,71.963
263.83,339.46,77.96,71.963
264.56,340.19,77.96,71.963
265.3,340.63,77.96,71.963
266.62,340.78,77.96,71.963
267.06,341.51,77.96,71.963
267.5,343.13,77.96,71.963
269.12,343.28,77.96,71.963
269.26,344.31,77.96,71.963
270.29,344.45,77.96,71.963
271.61,345.48,77.96,71.963
270.88,345.04,77.96,71.963
272.2,344.31,77.96,71.963
273.52,343.86,77.96,71.963
273.67,342.54,77.96,71.963
274.11,341.51,77.96,71.963
275.43,341.07,77.96,71.963
276.46,340.34,77.96,71.963
277.49,339.31,77.96,71.963
277.93,338.57,77.96,71.963
278.08,337.25,77.96,71.963
278.52,336.52,77.96,71.963
278.67,335.78,77.96,71.963
279.11,333.87,77.96,71.963
279.84,333.43,77.96,71.963
279.99,333.58,77.96,71.963
280.43,332.84,77.96,71.963
280.87,332.7,77.96,71.963
280.73,332.55,77.96,71.963
280.87,332.4,77.96,71.963
281.02,333.43,77.96,71.963
281.46,333.58,77.96,71.963
281.9,333.14,77.96,71.963
281.75,334.17,77.96,71.963
281.61,334.9,77.96,71.963
281.46,335.05,77.96,71.963
281.9,335.19,77.96,71.963
281.75,335.05,77.96,71.963
281.61,334.9,77.96,71.963
281.46,334.46,77.96,71.963
282.19,334.31,77.96,71.963
282.64,333.58,77.96,71.963
282.49,331.96,77.96,71.963
282.93,331.81,77.96,71.963
283.08,331.37,77.96,71.963
283.22,331.52,77.96,71.963
283.37,330.79,77.96,71.963
284.11,330.64,77.96,71.963
284.25,330.49,77.96,71.963
284.4,331.23,77.96,71.963
284.84,331.67,77.96,71.963
284.99,331.52,77.96,71.963
285.13,331.96,77.96,71.963
285.57,333.28,77.96,71.963
285.43,334.31,77.96,71.963
286.16,335.34,77.96,71.963
286.31,336.66,77.96,71.963
287.34,336.81,77.96,71.963
287.78,337.84,77.96,71.963
287.93,338.87,77.96,71.963
288.37,339.9,77.96,71.963
289.69,340.93,77.96,71.963
289.84,341.95,77.96,71.963
290.28,342.39,77.96,71.963
291.6,343.72,77.96,71.963
291.75,343.86,77.96,71.963
292.48,344.89,77.96,71.963
294.1,345.63,77.96,71.963
294.54,346.36,77.96,71.963
294.69,347.68,77.96,71.963
295.13,347.83,77.96,71.963
295.86,348.86,77.96,71.963
296.3,349.6,77.96,71.963
296.74,350.33,77.96,71.963
296.89,351.95,77.96,71.963
297.33,352.68,77.96,71.963
298.07,353.12,77.96,71.963
297.92,354.15,77.96,71.963
298.07,355.18,77.96,71.963
298.21,356.21,77.96,71.963
298.36,356.65,77.96,71.963
298.21,357.09,77.96,71.963
298.07,358.12,77.96,71.963
297.05,358.37,80.291,74.115
296.9,359.12,80.291,74.115
296.74,359.27,80.291,74.115
296.9,359.73,80.291,74.115
297.05,359.88,80.291,74.115
297.2,360.03,80.291,74.115
297.35,360.48,80.291,74.115
297.5,360.03,80.291,74.115
297.05,360.48,80.291,74.115
297.5,360.33,80.291,74.115
295.85,360.28,82.692,76.331
295.69,360.44,82.692,76.331
295.54,360.6,82.692,76.331
295.69,361.06,82.692,76.331
294.91,360.91,82.692,76.331
294.76,361.06,82.692,76.331
293.98,361.53,82.692,76.331
293.82,362,82.692,76.331
293.04,361.53,82.692,76.331
292.89,362,82.692,76.331
292.11,361.53,82.692,76.331
291.64,362,82.692,76.331
291.79,361.53,82.692,76.331
289.16,360.55,85.164,78.613
288.35,359.74,85.164,78.613
287.87,359.9,85.164,78.613
287.39,359.74,85.164,78.613
285.62,358.62,85.164,78.613
284.82,358.14,85.164,78.613
284.02,357.98,85.164,78.613
281.93,356.53,85.164,78.613
280.81,355.09,85.164,78.613
280.65,355.25,85.164,78.613
279.2,353.48,85.164,78.613
277.76,353,85.164,78.613
277.28,352.52,85.164,78.613
275.83,351.4,85.164,78.613
275.35,350.59,85.164,78.613
274.23,349.79,85.164,78.613
273.42,349.31,85.164,78.613
272.94,347.86,85.164,78.613
271.82,347.7,85.164,78.613
272.3,347.22,85.164,78.613
271.5,345.78,85.164,78.613
271.34,345.94,85.164,78.613
271.18,345.46,85.164,78.613
271.01,344.97,85.164,78.613
271.18,345.46,85.164,78.613
271.34,345.3,85.164,78.613
271.5,345.13,85.164,78.613
271.66,346.26,85.164,78.613
271.82,346.1,85.164,78.613
272.3,347.54,85.164,78.613
272.14,347.38,85.164,78.613
271.98,347.54,85.164,78.613
272.14,347.7,85.164,78.613
272.62,347.54,85.164,78.613
273.42,347.06,85.164,78.613
273.58,346.58,85.164,78.613
274.06,345.46,85.164,78.613
274.23,344.65,85.164,78.613
274.71,343.85,85.164,78.613
275.19,343.37,85.164,78.613
275.03,342.89,85.164,78.613
275.19,343.05,85.164,78.613
275.67,343.21,85.164,78.613
276.15,342.73,85.164,78.613
275.99,344.17,85.164,78.613
275.83,345.94,85.164,78.613
276.31,347.06,85.164,78.613
274.88,347.97,87.711,80.964
273.73,348.58,90.333,83.384
273.56,349.09,90.333,83.384
273.39,350.62,90.333,83.384
273.22,350.45,90.333,83.384
272.71,349.94,90.333,83.384
272.2,349.43,90.333,83.384
271.01,346.88,90.333,83.384
270.16,345.35,90.333,83.384
269.65,342.79,90.333,83.384
269.14,341.94,90.333,83.384
267.94,340.75,90.333,83.384
267.43,340.24,90.333,83.384
267.26,340.07,90.333,83.384
266.75,339.9,90.333,83.384
266.58,340.07,90.333,83.384
266.41,341.6,90.333,83.384
265.9,342.45,90.333,83.384
265.05,343.98,90.333,83.384
264.54,346.2,90.333,83.384
265.05,347.73,90.333,83.384
264.54,349.26,90.333,83.384
265.05,352.5,90.333,83.384
264.88,355.05,90.333,83.384
265.05,358.29,90.333,83.384
265.56,360.84,90.333,83.384
266.07,362.71,90.333,83.384
264.89,362.32,93.034,85.878
264.03,361.56,95.816,88.445
263.84,361.02,95.816,88.445
263.3,360.48,95.816,88.445
263.48,358.13,95.816,88.445
263.66,356.87,95.816,88.445
262.4,354.88,95.816,88.445
260.79,352.29,98.681,91.09
260.23,350.25,98.681,91.09
258.93,348.94,98.681,91.09
259.11,348.39,98.681,91.09
258.93,347.08,98.681,91.09
258.37,346.53,98.681,91.09
257.81,346.71,98.681,91.09
258,346.53,98.681,91.09
258.18,346.71,98.681,91.09
257.62,346.9,98.681,91.09
257.81,347.83,98.681,91.09
258,349.13,98.681,91.09
258.18,350.06,98.681,91.09
257.62,351.73,98.681,91.09
258.55,353.41,98.681,91.09
259.11,354.34,98.681,91.09
260.79,356.01,98.681,91.09
261.34,357.31,98.681,91.09
262.27,359.36,98.681,91.09
263.58,360.66,98.681,91.09
265.25,362.34,98.681,91.09
265.81,363.64,98.681,91.09
267.86,365.31,98.681,91.09
268.05,364.14,101.63,93.813
269.01,364.33,101.63,93.813
268.07,362.73,104.67,96.618
270.24,361.35,104.67,96.618
270.43,359.18,104.67,96.618
271.42,358.99,104.67,96.618
272.41,357.6,104.67,96.618
272.61,355.04,104.67,96.618
273.2,354.05,104.67,96.618
273.39,353.07,104.67,96.618
273.99,352.08,104.67,96.618
275.37,351.49,104.67,96.618
275.56,350.11,104.67,96.618
276.95,350.7,104.67,96.618
278.33,350.5,104.67,96.618
278.92,350.7,104.67,96.618
280.69,352.08,104.67,96.618
281.29,353.46,104.67,96.618
281.88,354.05,104.67,96.618
283.26,355.83,104.67,96.618
281.89,355.37,107.8,99.507
283.31,357.2,107.8,99.507
284.74,357.4,107.8,99.507
284.94,358.42,107.8,99.507
285.96,359.44,107.8,99.507
286.97,360.45,107.8,99.507
287.58,361.06,107.8,99.507
286.99,359.78,111.02,102.48
288.03,359.99,111.02,102.48
289.08,360.61,111.02,102.48
290.54,360.82,111.02,102.48
289.51,359.5,114.34,105.55
291.88,359.72,114.34,105.55
292.96,359.93,114.34,105.55
295.76,360.15,114.34,105.55
298.56,360.36,114.34,105.55
300.5,360.58,114.34,105.55
303.31,360.79,114.34,105.55
305.68,361.44,114.34,105.55
308.91,361.22,114.34,105.55
311.71,361.87,114.34,105.55
315.38,362.09,114.34,105.55
318.61,362.3,114.34,105.55
323.57,361.66,114.34,105.55
327.66,362.73,114.34,105.55
332.19,365.1,114.34,105.55
335,366.76,117.76,108.7
339.67,368.31,117.76,108.7
344.33,370.31,117.76,108.7
350.32,370.98,117.76,108.7
356.31,372.97,117.76,108.7
363.2,374.97,117.76,108.7
369.19,378.3,117.76,108.7
375.18,380.74,117.76,108.7
381.62,383.19,117.76,108.7
387.61,384.74,117.76,108.7
394.05,387.62,117.76,108.7
399.16,389.18,117.76,108.7
404.71,390.73,117.76,108.7
409.81,392.73,117.76,108.7
414.92,395.62,117.76,108.7
420.47,398.5,117.76,108.7
425.57,401.39,117.76,108.7
430.68,403.83,117.76,108.7
433.12,407.6,117.76,108.7
436.45,411.38,117.76,108.7
439.78,415.15,117.76,108.7
441.33,419.37,117.76,108.7
442.01,421.96,121.28,111.95
442.7,427.68,121.28,111.95
443.84,432.48,121.28,111.95
444.99,438.65,121.28,111.95
445.21,442.54,121.28,111.95
445.9,447.79,121.28,111.95
446.13,452.59,121.28,111.95
445.44,457.85,121.28,111.95
446.13,463.11,121.28,111.95
444.09,465.78,124.91,115.3
444.32,469.78,124.91,115.3
442.69,473,128.64,118.75
441.96,477.13,128.64,118.75
440.28,479.96,132.49,122.3
439.53,483.71,132.49,122.3
439.78,487.45,132.49,122.3
440.03,490.7,132.49,122.3
440.78,493.94,132.49,122.3
441.53,497.19,132.49,122.3
441.3,498.61,136.45,125.96
440.03,499.04,140.53,129.72
441.35,501.96,140.53,129.72
443.21,503.81,140.53,129.72
445.59,505.13,140.53,129.72
447.98,506.99,140.53,129.72
449.3,508.31,140.53,129.72
450.11,506.64,144.73,133.6
450.95,505.46,149.06,137.59
454.04,505.74,149.06,137.59
456.57,505.46,149.06,137.59
460.22,505.74,149.06,137.59
463.88,504.9,149.06,137.59
468.65,504.05,149.06,137.59
470.64,501.15,153.52,141.71
474.98,499.13,153.52,141.71
479.9,497.68,153.52,141.71
484.24,494.5,153.52,141.71
487.44,490.93,158.11,145.95
492.51,487.06,158.11,145.95
496.98,483.18,158.11,145.95
502.64,479.31,158.11,145.95
507.71,475.44,158.11,145.95
513.37,471.56,158.11,145.95
519.03,465.9,158.11,145.95
524.7,461.43,158.11,145.95
529.17,455.77,158.11,145.95
534.83,449.51,158.11,145.95
539.9,444.44,158.11,145.95
544.96,438.18,158.11,145.95
547.67,429.74,162.84,150.31
552.27,422.07,162.84,150.31
556.87,415.62,162.84,150.31
562.09,409.18,162.84,150.31
565.47,402.73,162.84,150.31
570.07,394.44,162.84,150.31
574.68,387.38,162.84,150.31
578.67,380.32,162.84,150.31
582.66,373.88,162.84,150.31
586.65,366.82,162.84,150.31
590.02,360.37,162.84,150.31
594.01,353.31,162.84,150.31
597.39,346.87,162.84,150.31
600.77,339.81,162.84,150.31
604.76,332.75,162.84,150.31
608.13,325.07,162.84,150.31
610.9,318.63,162.84,150.31
614.27,310.95,162.84,150.31
617.04,305.12,162.84,150.31
621.03,299.29,162.84,150.31
623.17,293.46,162.84,150.31
625.94,287.01,162.84,150.31
629.31,281.8,162.84,150.31
631.46,275.96,162.84,150.31
633.61,270.13,162.84,150.31
635.76,265.53,162.84,150.31
638.52,259.7,162.84,150.31
640.67,255.09,162.84,150.31
642.82,249.87,162.84,150.31
644.97,244.66,162.84,150.31
647.12,239.44,162.84,150.31
650.34,236.34,158.23,146.06
651.83,231.87,158.23,146.06
653.32,227.99,158.23,146.06
654.22,223.52,158.23,146.06
654.51,220.24,158.23,146.06
657.65,219.62,153.76,141.93
656.78,215.85,153.76,141.93
659.82,215.25,149.41,137.92
660.1,212.71,149.41,137.92
659.82,210.74,149.41,137.92
658.98,208.77,149.41,137.92
658.13,207.93,149.41,137.92
657.29,207.08,149.41,137.92
655.88,204.55,149.41,137.92
654.47,203.7,149.41,137.92
653.06,202.86,149.41,137.92
651.65,202.57,149.41,137.92
649.12,201.17,149.41,137.92
649.82,202.27,145.19,134.02
647.91,202,145.19,134.02
645.44,201.72,145.19,134.02
642.43,201.45,145.19,134.02
639.97,201.72,145.19,134.02
636.96,201.45,145.19,134.02
636.55,203.62,141.08,130.23
634.69,203.88,141.08,130.23
632.83,204.15,141.08,130.23
630.96,204.95,141.08,130.23
627.51,205.75,141.08,130.23
628.17,208.38,137.09,126.55
625.33,209.68,137.09,126.55
622.49,211.49,137.09,126.55
620.16,212.26,137.09,126.55
617.32,213.04,137.09,126.55
616.41,216.12,133.22,122.97
614.66,216.87,133.22,122.97
612.4,218.63,133.22,122.97
611.01,221.12,129.45,119.49
608.33,221.85,129.45,119.49
606.62,223.56,129.45,119.49
604.43,226.24,129.45,119.49
602.23,227.46,129.45,119.49
600.52,229.66,129.45,119.49
598.81,231.37,129.45,119.49
596.13,232.1,129.45,119.49
594.91,232.83,129.45,119.49
593.2,233.56,129.45,119.49
592.47,235.27,129.45,119.49
591.25,236.49,129.45,119.49
592.35,239.4,125.79,116.11
590.21,240.11,125.79,116.11
589.5,240.35,125.79,116.11
587.84,241.06,125.79,116.11
587.13,242.25,125.79,116.11
585,243.43,125.79,116.11
586.54,246.26,122.23,112.83
585.39,246.95,122.23,112.83
584.7,248.56,122.23,112.83
584.46,249.26,122.23,112.83
583.31,249.95,122.23,112.83
583.54,252.02,122.23,112.83
582.39,252.71,122.23,112.83
581.7,253.4,122.23,112.83
581.47,253.63,122.23,112.83
580.78,254.32,122.23,112.83
580.55,254.09,122.23,112.83
579.86,254.32,122.23,112.83
579.63,255.02,122.23,112.83
579.4,256.63,122.23,112.83
578.7,256.86,122.23,112.83
578.47,257.55,122.23,112.83
577.78,257.78,122.23,112.83
579.28,260.07,118.78,109.64
581.18,262.74,115.42,106.54
580.97,262.52,115.42,106.54
580.31,262.3,115.42,106.54
580.53,262.52,115.42,106.54
580.75,263.17,115.42,106.54
580.97,264.26,115.42,106.54
579.88,263.61,115.42,106.54
579.66,264.26,115.42,106.54
579.88,264.04,115.42,106.54
579.23,265.13,115.42,106.54
581.51,267.72,112.15,103.53
580.88,267.09,112.15,103.53
581.09,267.72,112.15,103.53
579.61,267.93,112.15,103.53
579.82,268.15,112.15,103.53
580.03,268.36,112.15,103.53
578.55,268.15,112.15,103.53
578.76,269.2,112.15,103.53
578.55,269.41,112.15,103.53
577.92,269.63,112.15,103.53
577.7,270.26,112.15,103.53
576.65,270.47,112.15,103.53
576.01,271.11,112.15,103.53
574.53,272.59,112.15,103.53
574.32,272.37,112.15,103.53
573.27,273.01,112.15,103.53
572.63,274.07,112.15,103.53
572,274.7,112.15,103.53
570.09,275.33,112.15,103.53
569.04,275.55,112.15,103.53
567.56,276.6,112.15,103.53
566.5,277.24,112.15,103.53
565.44,277.87,112.15,103.53
563.54,279.35,112.15,103.53
562.06,279.56,112.15,103.53
560.58,280.2,112.15,103.53
559.52,280.83,112.15,103.53
558.47,281.04,112.15,103.53
557.41,281.68,112.15,103.53
555.93,282.31,112.15,103.53
554.03,282.52,112.15,103.53
554.56,285.89,108.98,100.6
553.84,287.11,105.9,97.756
554.34,290.68,102.91,94.992
553.37,291.65,102.91,94.992
551.62,292.23,102.91,94.992
550.65,292.04,102.91,94.992
549.29,291.85,102.91,94.992
547.55,292.04,102.91,94.992
546.58,290.68,102.91,94.992
545.99,290.1,102.91,94.992
545.41,289.52,102.91,94.992
543.67,290.1,102.91,94.992
542.7,290.3,102.91,94.992
541.34,291.26,102.91,94.992
539.59,291.46,102.91,94.992
538.62,292.43,102.91,94.992
536.1,292.23,102.91,94.992
533.97,292.43,102.91,94.992
532.61,293.01,102.91,94.992
531.64,292.43,102.91,94.992
529.13,290.04,105.98,97.832
526.53,289.84,105.98,97.832
523.94,289.24,105.98,97.832
522.54,289.44,105.98,97.832
519.94,289.64,105.98,97.832
518.14,289.44,105.98,97.832
515.95,289.64,105.98,97.832
513.35,289.44,105.98,97.832
511.55,290.04,105.98,97.832
508.95,289.44,105.98,97.832
507.16,289.24,105.98,97.832
505.36,288.64,105.98,97.832
503.56,288.04,105.98,97.832
500.56,287.44,105.98,97.832
498.76,287.24,105.98,97.832
497.77,287.44,105.98,97.832
495.97,287.24,105.98,97.832
495.37,286.64,105.98,97.832
494.77,285.24,105.98,97.832
492.57,285.44,105.98,97.832
491.17,285.24,105.98,97.832
490.57,284.64,105.98,97.832
487.59,282.18,109.15,100.76
486.97,282.39,109.15,100.76
486.36,282.18,109.15,100.76
485.74,281.98,109.15,100.76
483.48,281.77,109.15,100.76
482.45,281.98,109.15,100.76
481.42,282.59,109.15,100.76
481.93,284.64,106.07,97.908
482.53,284.84,106.07,97.908
482.33,285.84,106.07,97.908
481.73,286.04,106.07,97.908
482.73,286.64,106.07,97.908
484.13,286.84,106.07,97.908
484.73,287.04,106.07,97.908
486.53,286.84,106.07,97.908
487.53,286.64,106.07,97.908
489.33,286.04,106.07,97.908
491.43,288.42,103.07,95.14
494.34,286.67,103.07,95.14
496.09,284.53,103.07,95.14
498.62,282.79,103.07,95.14
500.37,281.81,103.07,95.14
503.67,280.84,103.07,95.14
505.42,279.48,103.07,95.14
509.01,280.63,100.15,92.45
510.71,280.44,100.15,92.45
513.17,279.88,100.15,92.45
514.86,278.18,100.15,92.45
518.73,278.92,97.322,89.836
520.02,279.1,97.322,89.836
522.04,278.19,97.322,89.836
523.32,278,97.322,89.836
524.97,278.19,97.322,89.836
525.89,278,97.322,89.836
526.81,278.92,97.322,89.836
528.73,280.37,94.571,87.296
529.27,280.2,94.571,87.296
530.16,282.16,94.571,87.296
531.05,283.4,94.571,87.296
532.3,283.58,94.571,87.296
533.19,284.47,94.571,87.296
533.72,285.01,94.571,87.296
535.24,287.85,91.897,84.828
536.45,288.02,91.897,84.828
537.66,288.54,91.897,84.828
537.49,288.37,91.897,84.828
538.96,289.74,89.298,82.429
538.8,291.59,89.298,82.429
538.96,293.44,89.298,82.429
538.8,294.62,89.298,82.429
538.29,295.13,89.298,82.429
538.46,295.29,89.298,82.429
537.62,295.46,89.298,82.429
538.04,296.46,86.774,80.099
538.86,296.3,86.774,80.099
538.94,296.28,84.32,77.834
539.97,296.91,81.936,75.633
540.12,296.44,81.936,75.633
540.28,296.29,81.936,75.633
540.12,295.83,81.936,75.633
539.66,294.44,81.936,75.633
538.89,294.59,81.936,75.633
538.73,294.13,81.936,75.633
537.65,293.97,81.936,75.633
536.57,293.2,81.936,75.633
535.8,293.05,81.936,75.633
534.95,293.34,79.619,73.495
534.5,293.19,79.619,73.495
532.85,293.34,79.619,73.495
531.5,293.19,79.619,73.495
529.55,293.64,79.619,73.495
527.9,293.19,79.619,73.495
527.67,294.08,77.368,71.417
526.36,292.77,77.368,71.417
524.76,292.91,77.368,71.417
524.03,291.31,77.368,71.417
521.84,291.46,77.368,71.417
519.94,291.6,77.368,71.417
518.92,292.04,77.368,71.417
517.32,291.6,77.368,71.417
516.81,293.63,75.181,69.397
515.81,293.77,75.181,69.397
514.26,293.92,75.181,69.397
511.85,293.21,75.181,69.397
510.57,293.35,75.181,69.397
508.45,293.77,75.181,69.397
506.6,295.05,75.181,69.397
504.76,295.47,75.181,69.397
503.2,297.03,75.181,69.397
501.08,297.74,75.181,69.397
499.23,299.58,75.181,69.397
498.24,299.73,75.181,69.397
496.68,299.87,75.181,69.397
496.26,298.88,75.181,69.397
495.27,297.6,75.181,69.397
494.27,298.03,75.181,69.397
493.28,297.32,75.181,69.397
492.01,297.17,75.181,69.397
491.51,298.58,73.055,67.435
491.1,299.55,73.055,67.435
489.58,300.51,73.055,67.435
489.17,301.47,73.055,67.435
487.93,302.99,73.055,67.435
487.79,304.5,73.055,67.435
486.55,306.84,73.055,67.435
485.31,308.36,73.055,67.435
484.07,310.97,73.055,67.435
483.59,313.44,70.989,65.529
482.92,314.65,70.989,65.529
482.25,316.39,70.989,65.529
481.59,317.32,70.989,65.529
480.11,317.46,70.989,65.529
479.98,318.39,70.989,65.529
480.05,320.79,68.982,63.676
479.4,321.96,68.982,63.676
479.27,322.35,68.982,63.676
478.88,323.52,68.982,63.676
478.42,325.07,67.032,61.875
479.56,326.72,67.032,61.875
478.42,328.86,67.032,61.875
478.74,330.62,65.137,60.126
478.55,332.33,63.295,58.426
478.61,333.52,61.505,56.774
478.5,337.11,61.505,56.774
477.45,340.24,61.505,56.774
476.18,340.36,61.505,56.774
474.44,341.17,61.505,56.774
472.24,341.05,61.505,56.774
470.03,340.47,61.505,56.774
468.24,339.3,59.766,55.169
466.32,338.52,59.766,55.169
463.9,338.28,58.076,53.609
462.42,337.84,56.434,52.093
460.35,338.04,54.839,50.62
458.38,337.94,54.839,50.62
455.8,338.66,54.839,50.62
450.73,338.76,54.839,50.62
446.91,338.87,54.839,50.62
442.67,337.52,54.839,50.62
438.64,337.21,54.839,50.62
435.03,336.35,56.478,52.134
432.58,337.52,56.478,52.134
430.13,335.71,56.478,52.134
429.33,334,54.881,50.66
426.33,334.31,54.881,50.66
423.33,335.66,54.881,50.66
420.12,337,54.881,50.66
416.3,338.14,54.881,50.66
412.47,339.49,54.881,50.66
408.85,340.21,54.881,50.66
404.61,340.73,54.881,50.66
400.57,341.24,54.881,50.66
396.95,341.97,54.881,50.66
393.54,342.9,54.881,50.66
390.74,344.45,54.881,50.66
386.92,346.21,54.881,50.66
383.92,347.55,54.881,50.66
381.12,348.9,54.881,50.66
378.54,349,54.881,50.66
376.16,349.52,54.881,50.66
373.16,350.66,54.881,50.66
370.99,351.8,54.881,50.66
368.61,351.69,54.881,50.66
366.03,350.63,56.522,52.175
364.43,350.73,56.522,52.175
362.4,351.05,56.522,52.175
361.23,351.16,56.522,52.175
360.91,351.69,56.522,52.175
359.53,351.37,56.522,52.175
357.93,352.12,56.522,52.175
357.4,352.44,56.522,52.175
355.8,352.33,56.522,52.175
355.05,353.72,56.522,52.175
354.73,354.03,56.522,52.175
353.99,354.99,56.522,52.175
353.67,356.38,56.522,52.175
352.71,357.98,56.522,52.175
351.96,359.15,56.522,52.175
351.43,360.32,56.522,52.175
350.47,361.71,56.522,52.175
349.73,362.1,58.212,53.735
348.53,362.06,59.953,55.341
345.49,361.12,61.746,56.996
344.44,361.94,61.746,56.996
343.86,363.45,61.746,56.996
343.28,364.73,61.746,56.996
342.7,365.55,61.746,56.996
342.11,365.2,61.746,56.996
341.53,365.08,61.746,56.996
340.25,364.73,61.746,56.996
339.21,364.61,61.746,56.996
338.39,363.57,61.746,56.996
337.34,362.75,61.746,56.996
336.76,362.87,61.746,56.996
336.18,362.29,61.746,56.996
335.13,362.4,61.746,56.996
333.85,362.05,61.746,56.996
333.97,361.47,61.746,56.996
333.85,361.36,61.746,56.996
333.27,361.01,61.746,56.996
332.92,360.42,61.746,56.996
333.27,360.31,61.746,56.996
332.92,359.73,61.746,56.996
333.27,359.38,61.746,56.996
332.92,359.96,61.746,56.996
333.5,360.07,61.746,56.996
333.39,360.66,61.746,56.996
333.5,360.77,61.746,56.996
333.62,361.59,61.746,56.996
333.04,360.85,63.592,58.7
333.16,362.41,63.592,58.7
333.28,362.53,63.592,58.7
333.4,363.37,63.592,58.7
334,363.97,63.592,58.7
333.88,365.05,63.592,58.7
334.24,365.65,63.592,58.7
335.56,366.01,63.592,58.7
336.64,367.09,63.592,58.7
337.72,367.68,63.592,58.7
338.56,367.56,63.592,58.7
340.36,367.92,63.592,58.7
341.91,368.52,63.592,58.7
343.71,368.4,63.592,58.7
345.99,368.04,63.592,58.7
348.75,368.64,63.592,58.7
351.02,368.76,63.592,58.7
354.26,368.88,63.592,58.7
357.74,369.24,63.592,58.7
361.21,368.88,63.592,58.7
365.65,369.24,63.592,58.7
370.08,368.88,63.592,58.7
373.8,369,63.592,58.7
378,368.88,63.592,58.7
382.67,368.52,63.592,58.7
387.83,368.64,63.592,58.7
392.74,369.72,63.592,58.7
398.61,370.32,63.592,58.7
404.97,370.44,63.592,58.7
410.84,371.04,63.592,58.7
417.19,371.88,63.592,58.7
424.03,372.96,63.592,58.7
430.38,374.28,63.592,58.7
437.21,375.12,63.592,58.7
444.04,377.15,63.592,58.7
450.4,378.47,63.592,58.7
457.71,380.99,63.592,58.7
464.06,383.51,63.592,58.7
471.13,385.31,63.592,58.7
478.69,387.1,63.592,58.7
486.24,389.86,63.592,58.7
492.35,392.14,63.592,58.7
499.42,394.66,63.592,58.7
507.46,396.21,63.592,58.7
515.01,396.57,63.592,58.7
522.56,396.93,63.592,58.7
531.55,395.13,63.592,58.7
538.86,392.62,63.592,58.7
544.97,388.66,63.592,58.7
551.57,383.99,63.592,58.7
559.36,378.11,63.592,58.7
565.96,371.12,65.493,60.455
573.25,364.91,67.451,62.263
583.55,359.19,67.451,62.263
594.1,353.72,67.451,62.263
603.39,347.83,69.468,64.124
614.79,342.99,69.468,64.124
625.39,341.02,69.468,64.124
635.22,337.58,71.545,66.042
645.88,334.74,71.545,66.042
655.18,333.53,71.545,66.042
664.49,333.13,71.545,66.042
673.25,333.8,71.545,66.042
680.67,334.74,71.545,66.042
688.36,337.31,71.545,66.042
694.97,340.95,71.545,66.042
701.31,345.4,71.545,66.042
707.38,351.2,71.545,66.042
712.37,355.74,73.685,68.016
717.52,361.25,75.888,70.05
722.83,366.64,78.157,72.145
728.28,373.56,78.157,72.145
733.44,380,80.494,74.302
737.85,383.59,82.9,76.523
743.32,387.19,82.9,76.523
747.54,391.09,82.9,76.523
748.96,391.67,85.379,78.811
751.37,389.9,85.379,78.811
752.18,388.45,85.379,78.811
752.66,387.97,85.379,78.811
750.26,384.7,87.932,81.168
749.1,384.2,87.932,81.168
747.61,383.7,87.932,81.168
745.12,383.54,87.932,81.168
741.31,382.38,87.932,81.168
737.16,382.21,87.932,81.168
732.69,382.04,87.932,81.168
727.22,381.55,87.932,81.168
722.08,381.05,87.932,81.168
716.28,380.88,87.932,81.168
711.14,380.39,87.932,81.168
703.69,379.01,90.561,83.595
696.36,377.93,93.269,86.094
690.21,377.75,93.269,86.094
684.76,376.87,93.269,86.094
679.66,375.64,93.269,86.094
674.92,373.71,93.269,86.094
670.87,372.83,93.269,86.094
667.18,371.95,93.269,86.094
663.84,370.37,93.269,86.094
660.15,369.14,93.269,86.094
657.16,368.26,93.269,86.094
654.52,367.73,93.269,86.094
650.83,368.26,93.269,86.094
648.19,367.73,93.269,86.094
646.61,367.91,93.269,86.094
644.32,368.79,93.269,86.094
643.45,369.67,93.269,86.094
641.51,370.9,93.269,86.094
640.28,372.83,93.269,86.094
640.11,374.41,93.269,86.094
639.58,375.64,93.269,86.094
639.4,377.93,93.269,86.094
639.58,380.21,93.269,86.094
640.81,382.15,93.269,86.094
642.39,384.43,93.269,86.094
643.62,387.07,93.269,86.094
645.91,389,93.269,86.094
648.54,391.29,93.269,86.094
651.18,393.93,93.269,86.094
654.87,397.27,93.269,86.094
658.57,399.9,93.269,86.094
662.26,402.89,93.269,86.094
667,405.88,93.269,86.094
671.05,409.22,93.269,86.094
675.44,411.51,93.269,86.094
679.84,414.5,93.269,86.094
684.94,417.84,93.269,86.094
690.04,421.18,93.269,86.094
695.13,424.17,93.269,86.094
700.58,427.86,93.269,86.094
705.68,432.61,93.269,86.094
710.09,434.66,96.058,88.669
716.79,438.1,96.058,88.669
723.13,441.54,96.058,88.669
730.19,444.26,96.058,88.669
737.61,446.61,96.058,88.669
744.67,449.69,96.058,88.669
752.1,451.68,96.058,88.669
760.25,453.31,96.058,88.669
768.03,454.58,96.058,88.669
775.46,455.48,96.058,88.669
781.44,454.7,98.93,91.32
787.24,454.27,101.89,94.05
793.59,452.67,104.93,96.862
800.91,452.07,104.93,96.862
809.02,451.09,104.93,96.862
816.34,450.1,104.93,96.862
823.26,448.71,104.93,96.862
830.18,446.54,104.93,96.862
838.29,443.96,104.93,96.862
845.61,441,104.93,96.862
852.93,438.03,104.93,96.862
859.85,435.06,104.93,96.862
865.98,431.31,104.93,96.862
871.72,426.76,104.93,96.862
875.49,421.15,108.07,99.758
880.18,415.65,108.07,99.758
885.68,411.38,108.07,99.758
890.36,405.47,108.07,99.758
894.23,400.38,108.07,99.758
898.51,394.47,108.07,99.758
901.17,387.07,111.3,102.74
904.74,380.15,111.3,102.74
907.47,373.64,111.3,102.74
909.36,366.3,111.3,102.74
911.24,359.79,111.3,102.74
913.13,352.45,111.3,102.74
913.76,345.11,111.3,102.74
913.97,336.93,111.3,102.74
914.18,328.74,111.3,102.74
914.39,320.56,111.3,102.74
912.5,312.8,111.3,102.74
911.03,303.78,111.3,102.74
909.15,295.17,111.3,102.74
907.26,286.99,111.3,102.74
904.11,278.81,111.3,102.74
900.12,270.63,111.3,102.74
895.72,263.7,111.3,102.74
890.89,255.52,111.3,102.74
885.65,248.6,111.3,102.74
879.98,241.67,111.3,102.74
874.32,233.49,111.3,102.74
868.23,227.83,111.3,102.74
861.73,220.9,111.3,102.74
854.81,214.82,111.3,102.74
847.88,209.15,111.3,102.74
840.12,204.33,111.3,102.74
832.36,199.92,111.3,102.74
823.76,195.52,111.3,102.74
815.57,192.37,111.3,102.74
806.97,189.22,111.3,102.74
798.79,186.49,111.3,102.74
789.77,184.61,111.3,102.74
781.16,183.56,111.3,102.74
772.14,182.93,111.3,102.74
763.12,181.88,111.3,102.74
754.1,182.09,111.3,102.74
745.08,182.72,111.3,102.74
736.06,182.93,111.3,102.74
727.03,183.98,111.3,102.74
718.01,184.61,111.3,102.74
708.99,186.49,111.3,102.74
699.97,187.96,111.3,102.74
692.1,191.3,108.16,99.836
683.34,191.92,108.16,99.836
674.57,194.16,108.16,99.836
666.21,195.18,108.16,99.836
657.44,196.2,108.16,99.836
648.68,197.62,108.16,99.836
641.13,200.27,108.16,99.836
631.96,201.7,108.16,99.836
623.19,203.54,108.16,99.836
615.65,204.96,108.16,99.836
607.7,206.8,108.16,99.836
599.75,208.63,108.16,99.836
591.8,210.47,108.16,99.836
584.56,212.49,105.1,97.014
576.83,215.07,105.1,97.014
569.9,216.06,105.1,97.014
562.97,217.84,105.1,97.014
556.03,220.02,105.1,97.014
549.89,222.2,105.1,97.014
542.96,224.38,105.1,97.014
536.42,226.56,105.1,97.014
530.67,227.94,105.1,97.014
524.14,230.52,105.1,97.014
518.79,231.91,105.1,97.014
513.04,234.88,105.1,97.014
507.69,237.45,105.1,97.014
503.43,241.4,102.13,94.271
499.78,243.9,102.13,94.271
495.35,246.02,102.13,94.271
490.54,248.52,102.13,94.271
486.49,251.41,102.13,94.271
482.45,253.91,102.13,94.271
479.47,256.98,99.239,91.605
475.54,260.16,99.239,91.605
471.98,262.59,99.239,91.605
469.18,264.65,99.239,91.605
466.37,266.33,99.239,91.605
463.57,268.39,99.239,91.605
460.01,270.07,99.239,91.605
457.58,272.88,99.239,91.605
454.4,274.94,99.239,91.605
451.97,276.25,99.239,91.605
449.91,276.81,99.239,91.605
448.23,278.12,99.239,91.605
446.54,279.05,99.239,91.605
444.49,279.61,99.239,91.605
443.18,279.8,99.239,91.605
442.24,280.36,99.239,91.605
440.93,280.17,99.239,91.605
439.62,281.11,99.239,91.605
437.94,281.3,99.239,91.605
437,280.74,99.239,91.605
436.44,280.92,99.239,91.605
435.51,281.11,99.239,91.605
434.94,281.67,99.239,91.605
434.76,281.86,99.239,91.605
433.82,282.42,99.239,91.605
433.26,282.23,99.239,91.605
434.48,283.34,96.433,89.015
434.66,284.98,96.433,89.015
434.11,285.16,96.433,89.015
433.2,285.7,96.433,89.015
432.66,285.52,96.433,89.015
432.48,285.34,96.433,89.015
431.93,285.52,96.433,89.015
431.39,284.25,96.433,89.015
431.21,284.07,96.433,89.015
430.3,283.16,96.433,89.015
430.48,282.25,96.433,89.015
430.3,281.34,96.433,89.015
429.39,280.43,96.433,89.015
428.48,279.89,96.433,89.015
428.3,278.61,96.433,89.015
427.39,276.61,96.433,89.015
427.21,275.71,96.433,89.015
426.3,275.16,96.433,89.015
425.75,274.98,96.433,89.015
425.57,274.43,96.433,89.015
425.02,273.89,96.433,89.015
423.75,272.98,96.433,89.015
423.93,272.8,96.433,89.015
422.66,272.25,96.433,89.015
422.84,272.43,96.433,89.015
421.93,272.62,96.433,89.015
421.39,270.98,96.433,89.015
421.21,270.07,96.433,89.015
420.3,269.52,96.433,89.015
420.03,270.24,93.706,86.498
419.5,270.06,93.706,86.498
418.97,268.82,93.706,86.498
417.99,264.22,91.057,84.053
418.08,262.83,88.482,81.676
418.25,262,88.482,81.676
418.08,262.17,88.482,81.676
417.91,262,88.482,81.676
418,264.99,85.981,79.367
418.16,264.83,85.981,79.367
418.32,265.64,85.981,79.367
418.81,266.77,85.981,79.367
418.65,267.58,85.981,79.367
418.81,268.39,85.981,79.367
419.54,269.68,83.55,77.123
420.32,269.83,83.55,77.123
420.8,269.99,83.55,77.123
422.77,271.24,81.187,74.942
423.84,271.09,81.187,74.942
424.6,270.93,81.187,74.942
425.06,271.39,81.187,74.942
425.21,270.93,81.187,74.942
425.67,271.7,81.187,74.942
427.05,271.85,81.187,74.942
427.2,272,81.187,74.942
428.27,272.16,81.187,74.942
429.04,272,81.187,74.942
429.5,272.46,81.187,74.942
430.57,272,81.187,74.942
431.64,272.46,81.187,74.942
432.94,272.76,78.892,72.823
433.69,272.61,78.892,72.823
434.43,272.16,78.892,72.823
436.36,272.31,78.892,72.823
437.4,272.46,78.892,72.823
438.44,272.31,78.892,72.823
439.49,271.86,78.892,72.823
440.23,270.53,78.892,72.823
440.97,270.97,78.892,72.823
441.42,270.53,78.892,72.823
442.46,270.67,78.892,72.823
444.32,270.66,76.661,70.764
445.91,271.1,76.661,70.764
446.34,271.53,76.661,70.764
448.22,272.25,76.661,70.764
449.52,272.4,76.661,70.764
451.11,272.83,76.661,70.764
451.83,272.4,76.661,70.764
452.56,273.12,76.661,70.764
454.43,273.26,76.661,70.764
455.45,273.99,76.661,70.764
457.03,274.42,76.661,70.764
457.76,275.43,76.661,70.764
459.35,276.44,76.661,70.764
460.94,277.17,76.661,70.764
462.16,277.73,74.494,68.763
463.99,278.44,74.494,68.763
464.41,278.58,74.494,68.763
464.83,279.28,74.494,68.763
466.1,279.42,74.494,68.763
467.36,279.84,74.494,68.763
467.5,280.54,74.494,68.763
468.48,280.68,74.494,68.763
469.96,282.36,72.387,66.819
471.19,282.49,72.387,66.819
471.87,282.9,72.387,66.819
472.28,283.31,72.387,66.819
473.23,282.63,72.387,66.819
473.64,281.4,72.387,66.819
473.78,278.81,72.387,66.819
474.19,275.4,72.387,66.819
474.6,270.89,72.387,66.819
474.19,266.39,72.387,66.819
474.6,261.62,72.387,66.819
474.46,257.11,72.387,66.819
474.05,251.25,72.387,66.819
474.19,246.2,72.387,66.819
474.05,241.15,72.387,66.819
474.19,236.65,72.387,66.819
474.6,233.51,72.387,66.819
474.94,230.77,70.341,64.93
475.6,229.04,70.341,64.93
475.73,227.59,70.341,64.93
476.66,227.19,70.341,64.93
478.32,228.24,68.352,63.094
478.71,229.4,68.352,63.094
479.8,232.48,66.419,61.31
479.68,236.36,66.419,61.31
479.8,239.99,66.419,61.31
480.68,243.62,66.419,61.31
481.3,248.51,66.419,61.31
481.43,254.39,66.419,61.31
481.55,260.78,66.419,61.31
481.93,269.16,66.419,61.31
482.81,277.3,66.419,61.31
483.62,287.06,64.541,59.577
483.25,295.94,64.541,59.577
482.16,305.31,64.541,59.577
482.77,313.7,64.541,59.577
482.89,322.34,64.541,59.577
482.77,329.76,64.541,59.577
481.92,335.72,64.541,59.577
480.58,340.22,64.541,59.577
479.48,343.75,64.541,59.577
478.39,345.33,64.541,59.577
477.29,346.67,64.541,59.577
476.44,346.31,64.541,59.577
474.86,344.24,64.541,59.577
473.77,342.17,64.541,59.577
472.18,340.34,64.541,59.577
471.09,338.28,64.541,59.577
469.75,335.48,64.541,59.577
467.68,333.41,64.541,59.577
465.61,331.1,64.541,59.577
463.79,328.3,64.541,59.577
461.96,326.23,64.541,59.577
459.9,324.16,64.541,59.577
457.58,323.56,64.541,59.577
455.03,322.46,64.541,59.577
452.96,321.37,64.541,59.577
450.41,320.51,64.541,59.577
447.37,320.88,64.541,59.577
444.57,320.76,64.541,59.577
441.53,321.12,64.541,59.577
438.97,322.46,64.541,59.577
436.9,324.04,64.541,59.577
434.35,324.65,64.541,59.577
430.33,325.5,64.541,59.577
427.05,326.35,64.541,59.577
424.49,327.21,64.541,59.577
420.72,328.54,64.541,59.577
417.68,330.37,64.541,59.577
413.91,331.46,64.541,59.577
410.14,332.56,64.541,59.577
406.61,333.65,64.541,59.577
402.59,334.5,64.541,59.577
398.58,334.87,64.541,59.577
394.56,334.75,64.541,59.577
390.55,334.63,64.541,59.577
386.54,335.48,64.541,59.577
382.52,335.6,64.541,59.577
378.75,335.48,64.541,59.577
374.98,335.6,64.541,59.577
371.69,335.96,64.541,59.577
367.92,335.6,64.541,59.577
364.64,336.69,64.541,59.577
361.35,337.3,64.541,59.577
358.31,337.91,64.541,59.577
355.27,338.52,64.541,59.577
352.23,339.86,64.541,59.577
350.65,339.98,64.541,59.577
347.6,340.34,64.541,59.577
344.81,340.71,64.541,59.577
341.29,340.91,66.471,61.358
338.15,340.29,66.471,61.358
336.02,339.91,66.471,61.358
333.89,339.28,66.471,61.358
331.26,338.41,66.471,61.358
329.13,337.28,66.471,61.358
326.5,335.9,66.471,61.358
323.87,334.52,66.471,61.358
321.99,334.4,66.471,61.358
320.36,333.52,66.471,61.358
317.98,333.15,66.471,61.358
317.1,332.52,66.471,61.358
315.73,332.64,66.471,61.358
314.35,332.52,66.471,61.358
312.97,332.64,66.471,61.358
312.34,333.27,66.471,61.358
310.96,333.15,66.471,61.358
310.59,333.77,66.471,61.358
309.46,335.65,66.471,61.358
308.58,336.78,66.471,61.358
308.21,337.91,66.471,61.358
308.08,338.03,66.471,61.358
307.46,338.91,66.471,61.358
306.08,339.03,66.471,61.358
305.95,338.91,66.471,61.358
304.82,337.53,66.471,61.358
303.2,337.15,66.471,61.358
302.32,335.78,66.471,61.358
299.45,334.98,68.459,63.193
298.03,332.79,68.459,63.193
296.86,332.15,68.459,63.193
295.45,330.98,68.459,63.193
293.77,329.56,68.459,63.193
293.12,329.18,68.459,63.193
292.22,328.53,68.459,63.193
291.06,328.66,68.459,63.193
289.9,329.05,68.459,63.193
288.73,329.44,68.459,63.193
287.57,330.86,68.459,63.193
286.41,332.53,68.459,63.193
285.77,333.44,68.459,63.193
285.64,335.37,68.459,63.193
285.51,338.08,68.459,63.193
285.64,340.53,68.459,63.193
285.51,342.73,68.459,63.193
285.38,344.66,68.459,63.193
284.99,345.31,68.459,63.193
285.64,345.44,68.459,63.193
285.77,345.57,68.459,63.193
285.9,345.18,68.459,63.193
286.54,344.53,68.459,63.193
287.19,344.92,68.459,63.193
289.38,344.28,68.459,63.193
289.77,344.15,68.459,63.193
291.19,343.5,68.459,63.193
292.86,343.37,68.459,63.193
294.03,342.73,68.459,63.193
294.42,341.91,70.505,65.082
294.3,340.81,72.614,67.028
296.62,339.85,72.614,67.028
298.95,338.89,72.614,67.028
300.73,337.66,72.614,67.028
302.78,336.15,72.614,67.028
304.84,335.74,72.614,67.028
304.97,335.33,72.614,67.028
309.76,334.37,72.614,67.028
312.37,333.14,72.614,67.028
315.51,332.18,72.614,67.028
318.11,331.22,72.614,67.028
320.44,331.09,72.614,67.028
323.59,330.13,72.614,67.028
326.19,329.99,72.614,67.028
326.05,329.86,72.614,67.028
331.12,329.17,72.614,67.028
333.99,329.31,72.614,67.028
334.13,329.44,72.614,67.028
340.01,330.13,72.614,67.028
342.89,329.99,72.614,67.028
345.49,329.86,72.614,67.028
349.19,329.72,72.614,67.028
349.05,329.31,72.614,67.028
352.75,329.54,74.785,69.032
355.71,328.83,74.785,69.032
355.85,328.97,74.785,69.032
360.22,329.68,74.785,69.032
362.9,329.82,74.785,69.032
364.74,329.96,74.785,69.032
366.57,330.95,74.785,69.032
367.56,331.09,74.785,69.032
371.08,332.64,74.785,69.032
372.07,332.78,74.785,69.032
371.37,332.73,77.021,71.096
373.84,334.62,77.021,71.096
375.73,335.64,77.021,71.096
375.58,335.78,77.021,71.096
378.05,337.67,77.021,71.096
377.61,337.82,77.021,71.096
380.37,339.99,77.021,71.096
381.39,340.43,77.021,71.096
381.53,340.87,77.021,71.096
384,343.33,77.021,71.096
384.73,344.64,77.021,71.096
385.45,344.79,77.021,71.096
387.63,348.71,77.021,71.096
387.78,348.85,77.021,71.096
388.79,350.74,77.021,71.096
390.1,354.08,77.021,71.096
389.66,353.64,77.021,71.096
390.69,356.5,79.324,73.222
389.65,357.35,81.695,75.411
388.28,356.37,84.138,77.666
389.39,357.17,84.138,77.666
389.55,357.01,84.138,77.666
389.39,357.48,84.138,77.666
389.24,358.7,86.654,79.988
389.4,358.54,86.654,79.988
388.93,357.18,89.245,82.38
388.08,356,89.245,82.38
388.25,355.16,89.245,82.38
386.41,352.42,91.913,84.843
386.93,351.55,91.913,84.843
385.39,350.11,94.662,87.38
386.28,349.22,94.662,87.38
386.46,349.39,94.662,87.38
386.28,348.86,94.662,87.38
386.46,347.61,94.662,87.38
386.64,346.72,94.662,87.38
386.1,343.68,94.662,87.38
385.56,343.51,94.662,87.38
385.39,342.26,94.662,87.38
384.14,342.08,94.662,87.38
383.96,341.9,94.662,87.38
383.42,341.72,94.662,87.38
382.53,342.97,94.662,87.38
382.71,343.15,94.662,87.38
380.75,345.11,94.662,87.38
380.21,346.72,94.662,87.38
380.03,347.25,94.662,87.38
377.71,349.93,94.662,87.38
377.54,350.11,94.662,87.38
377.36,351,94.662,87.38
374.34,352.37,97.492,89.993
373.78,352.19,97.492,89.993
372.87,352.74,97.492,89.993
370.84,353.66,97.492,89.993
368.46,353.47,97.492,89.993
362.76,353.29,97.492,89.993
362.57,353.1,97.492,89.993
359.45,353.29,97.492,89.993
354.12,353.47,97.492,89.993
354.3,353.66,97.492,89.993
351.18,354.21,97.492,89.993
348.06,353.66,97.492,89.993
344.2,353.84,97.492,89.993
340.71,353.66,97.492,89.993
336.48,353.1,97.492,89.993
332.99,352.19,97.492,89.993
326.92,352.37,97.492,89.993
326.74,352.55,97.492,89.993
323.25,352.37,97.492,89.993
320.12,351.82,97.492,89.993
316.63,352,97.492,89.993
312.77,351.82,97.492,89.993
309.28,351.63,97.492,89.993
305.42,351.45,97.492,89.993
302.3,350.53,97.492,89.993
298.81,350.35,97.492,89.993
295.68,349.06,97.492,89.993
292.19,348.14,97.492,89.993
289.43,347.59,97.492,89.993
285.21,347.41,97.492,89.993
282.45,346.49,97.492,89.993
278.59,345.2,97.492,89.993
275.1,344.28,97.492,89.993
272.34,343.37,97.492,89.993
268.48,342.81,97.492,89.993
264.64,341.65,100.41,92.683
262.55,341.08,100.41,92.683
260.85,340.52,100.41,92.683
258.39,339.95,100.41,92.683
256.69,339,100.41,92.683
253.48,337.43,103.41,95.455
250.56,335.28,103.41,95.455
248.8,333.92,103.41,95.455
247.83,333.72,103.41,95.455
246.86,331.58,103.41,95.455
245.49,329.83,103.41,95.455
244.52,328.07,103.41,95.455
243.54,325.93,103.41,95.455
242.96,323.39,103.41,95.455
243.15,320.47,103.41,95.455
243.35,317.93,103.41,95.455
241.61,315.14,106.5,98.309
241.81,312.13,106.5,98.309
242.81,309.92,106.5,98.309
243.41,307.31,106.5,98.309
244.02,305.91,106.5,98.309
246.22,302.9,106.5,98.309
247.63,300.69,106.5,98.309
248.23,298.48,106.5,98.309
251.94,298.06,103.49,95.529
252.14,296.7,103.49,95.529
253.9,294.55,103.49,95.529
255.26,292.41,103.49,95.529
255.85,291.04,103.49,95.529
258.38,290.46,103.49,95.529
259.36,288.7,103.49,95.529
261.5,287.72,103.49,95.529
262.87,286.75,103.49,95.529
265.02,285.77,103.49,95.529
266.77,284.8,103.49,95.529
268.14,284.21,103.49,95.529
270.28,284.02,103.49,95.529
271.26,283.43,103.49,95.529
272.62,282.46,103.49,95.529
274.38,281.48,103.49,95.529
275.35,280.9,103.49,95.529
276.72,280.31,103.49,95.529
278.09,278.95,103.49,95.529
279.45,279.14,103.49,95.529
280.04,278.95,103.49,95.529
281.79,277.97,103.49,95.529
282.77,277.78,103.49,95.529
283.74,277.19,103.49,95.529
284.33,277,103.49,95.529
285.3,276.8,103.49,95.529
286.28,276.22,103.49,95.529
286.86,276.41,103.49,95.529
287.84,275.83,103.49,95.529
289.2,276.02,103.49,95.529
290.57,275.83,103.49,95.529
291.16,275.63,103.49,95.529
292.13,275.43,103.49,95.529
293.11,275.24,103.49,95.529
294.08,275.43,103.49,95.529
294.67,275.63,103.49,95.529
295.25,275.83,103.49,95.529
297.01,276.41,103.49,95.529
297.2,276.22,103.49,95.529
298.18,277.58,103.49,95.529
299.54,277.39,103.49,95.529
299.74,277.58,103.49,95.529
301.1,278.17,103.49,95.529
302.47,279.53,103.49,95.529
303.06,279.73,103.49,95.529
304.81,281.09,103.49,95.529
305.79,282.46,103.49,95.529
306.76,283.04,103.49,95.529
307.74,284.41,103.49,95.529
308.71,284.6,103.49,95.529
309.3,285.97,103.49,95.529
309.88,288.11,103.49,95.529
311.64,289.48,103.49,95.529
312.61,290.07,103.49,95.529
313.59,291.82,103.49,95.529
314.17,292.8,103.49,95.529
315.93,293.77,103.49,95.529
316.52,295.14,103.49,95.529
316.71,296.5,103.49,95.529
317.69,296.31,103.49,95.529
318.27,296.89,103.49,95.529
318.86,298.65,103.49,95.529
319.83,299.23,103.49,95.529
320.42,300.6,103.49,95.529
321,301.19,103.49,95.529
322.37,302.94,103.49,95.529
322.95,303.92,103.49,95.529
323.93,305.28,103.49,95.529
324.9,306.26,103.49,95.529
325.88,308.01,103.49,95.529
326.85,310.16,103.49,95.529
327.44,311.52,103.49,95.529
328.03,312.5,103.49,95.529
328.23,312.05,106.58,98.385
328.03,314.26,106.58,98.385
327.85,313.39,109.77,101.33
325.98,313.6,109.77,101.33
325.36,313.8,109.77,101.33
324.33,314.42,109.77,101.33
323.29,315.04,109.77,101.33
322.67,315.66,109.77,101.33
320.4,316.7,109.77,101.33
318.53,317.32,109.77,101.33
315.84,317.94,109.77,101.33
312.33,318.56,109.77,101.33
309.64,320.01,109.77,101.33
306.12,321.04,109.77,101.33
302.6,322.08,109.77,101.33
299.08,323.53,109.77,101.33
294.33,326.22,109.77,101.33
290.39,328.08,109.77,101.33
286.77,329.72,106.67,98.462
284.46,331.31,103.65,95.678
280.75,333.07,103.65,95.678
275.08,334.83,103.65,95.678
269.81,337.37,103.65,95.678
264.53,341.86,103.65,95.678
258.47,346.75,103.65,95.678
251.25,350.46,103.65,95.678
244.8,353.78,103.65,95.678
238.74,355.54,103.65,95.678
232.29,357.69,103.65,95.678
225.45,358.28,103.65,95.678
218.62,359.25,103.65,95.678
212.56,359.84,103.65,95.678
205.33,360.42,103.65,95.678
197.32,361.4,103.65,95.678
188.92,362.38,103.65,95.678
178.95,364.53,103.65,95.678
170.55,365.11,103.65,95.678
162.54,365.7,103.65,95.678
154.92,366.29,103.65,95.678
146.13,368.04,103.65,95.678
138.41,368.81,100.72,92.973
129.49,370.52,100.72,92.973
122.08,371.47,100.72,92.973
115.44,372.8,100.72,92.973
108.41,375.27,100.72,92.973
102.91,377.73,100.72,92.973
98.162,379.82,100.72,92.973
93.796,381.15,100.72,92.973
90.948,381.72,100.72,92.973
87.34,384.95,100.72,92.973
83.733,388.18,100.72,92.973
81.645,389.88,100.72,92.973
71.962,384,100.72,92.973
69.114,380.77,100.72,92.973
69.684,380.58,100.72,92.973
73.576,380.57,97.873,90.344
76.251,380.18,95.106,87.79
79.926,381.25,92.417,85.308
87.678,385.06,89.804,82.896
95.973,385.23,89.804,82.896
104.27,387.77,89.804,82.896
112.22,390.65,89.804,82.896
119.85,392.29,92.489,85.374
126.65,395.6,92.489,85.374
132.41,399.61,92.489,85.374
139.2,403.27,92.489,85.374
148.1,406.24,92.489,85.374
158.73,409.9,92.489,85.374
165.18,412.16,92.489,85.374
171.98,413.38,92.489,85.374
181.22,415.65,92.489,85.374
189.41,419.31,92.489,85.374
201.44,424.72,92.489,85.374
210.34,430.82,92.489,85.374
220.27,436.92,92.489,85.374
230.47,442.49,89.874,82.96
240.81,446.38,89.874,82.96
249.45,451.63,89.874,82.96
259.1,457.56,89.874,82.96
268.76,463.15,89.874,82.96
279.43,467.39,89.874,82.96
289.78,471.4,92.561,85.441
299.73,475.18,95.328,87.995
310.71,479.8,98.179,90.627
323.11,488.5,98.179,90.627
334.4,496.45,98.179,90.627
349.39,501.45,98.179,90.627
366.24,502.87,101.11,93.336
384.36,502.43,104.14,96.127
401.45,502.37,107.25,99.001
419.05,501.09,110.46,101.96
438.02,498.52,113.76,105.01
457.12,495.02,117.16,108.15
478.11,487,120.67,111.38
498.37,476.92,124.27,114.71
515.96,467.48,127.99,118.14
534.07,458.71,131.82,121.68
551.23,446.21,135.76,125.31
570.42,435.21,135.76,125.31
587.57,424.2,135.76,125.31
604.2,412.17,135.76,125.31
619.81,397.59,135.76,125.31
635.42,382.49,135.76,125.31
649.5,401.68,135.76,125.31
661.52,389.14,135.76,125.31
672.53,371.49,135.76,125.31
681.48,352.29,135.76,125.31
689.42,333.1,135.76,125.31
693.78,308.45,139.82,129.06
700.39,283.07,144,132.92
703.4,258.55,148.3,136.89
703.14,237.77,152.74,140.99
704,217.33,152.74,140.99
701.98,198.04,152.74,140.99
696.51,178.75,152.74,140.99
692.05,159.15,148.42,137
685.48,144.02,144.22,133.13
678,127.69,140.14,129.36
670.21,113.93,136.18,125.71
662.12,101.08,132.33,122.15
649.27,88.588,128.59,118.7
634.37,77.42,124.95,115.34
621.3,71.749,121.42,112.08
604.47,61.203,117.99,108.91
588.57,54.068,114.65,105.83
570.63,49.962,114.65,105.83
550.97,46.72,114.65,105.83
529.14,44.775,114.65,105.83
507.31,43.263,114.65,105.83
486.35,43.911,114.65,105.83
467.11,44.992,114.65,105.83
448.31,48.666,114.65,105.83
431.13,53.403,111.41,102.84
416.22,59.074,111.41,102.84
399.52,66.618,108.26,99.932
384.63,72.944,108.26,99.932
370.14,81.311,108.26,99.932
353.91,89.05,105.2,97.107
340.63,97.18,105.2,97.107
326.45,106.68,102.22,94.361
317.3,115.92,99.334,91.693
317.39,119.27,96.526,89.101
268.46,127.58,99.412,91.765
257.04,133.15,102.38,94.509
246.05,141.19,105.45,97.334
237.9,150.53,105.45,97.334
228.57,157.62,108.6,100.24
220.59,165.61,108.6,100.24
213.84,173.18,108.6,100.24
207.9,181.16,108.6,100.24
202.78,187.92,108.6,100.24
198.07,193.86,108.6,100.24
195,200.2,108.6,100.24
189.48,203.68,108.6,100.24
185.19,205.66,111.85,103.24
180.78,207.28,115.19,106.33
180.99,208.37,115.19,106.33
178.19,210.47,118.63,109.51
175.3,213.98,122.18,112.78
183.24,217.64,118.73,109.59
191.41,223.45,115.37,106.49
198.91,228.21,112.11,103.48
207.05,233.69,108.94,100.56
214.95,239.84,105.86,97.715
224.23,245.41,102.86,94.952
230.24,248.32,102.86,94.952
236.64,250.84,102.86,94.952
243.43,253.74,102.86,94.952
250.99,255.88,102.86,94.952
259.72,259.17,102.86,94.952
266.89,261.31,102.86,94.952
273.68,263.83,102.86,94.952
282.01,265.57,102.86,94.952
290.74,268.09,102.86,94.952
300.92,271.57,99.956,92.267
307.51,273.26,99.956,92.267
317.03,277.77,97.13,89.658
325.54,280.69,94.384,87.123
335.24,281.74,91.715,84.66
343.97,282.76,89.122,82.266
352.45,284.1,86.602,79.94
360.7,282.45,84.153,77.68
365.61,281.02,84.153,77.68
371.4,281.01,81.774,75.484
374.87,282.54,79.462,73.349
381.61,281.19,79.462,73.349
388.35,280.74,79.462,73.349
391.42,286.42,77.215,71.276
393.9,292.1,77.215,71.276
400.74,291.95,77.215,71.276
410.49,291.23,77.215,71.276
421.41,290.5,77.215,71.276
431.45,289.48,77.215,71.276
441.78,288.46,77.215,71.276
452.99,285.11,77.215,71.276
464.49,279.73,77.215,71.276
476.28,274.92,77.215,71.276
487.2,270.41,77.215,71.276
498.4,265.9,77.215,71.276
509.03,260.52,77.215,71.276
519.07,253.97,77.215,71.276
528.24,247.71,77.215,71.276
537.41,242.03,77.215,71.276
545.12,235.77,77.215,71.276
551.38,228.35,77.215,71.276
557.36,218.11,79.524,73.407
561.72,207.87,81.902,75.602
565.27,200.62,81.902,75.602
568.2,194.29,81.902,75.602
568.67,187.96,81.902,75.602
566.98,179.26,84.351,77.862
565.24,169.03,86.873,80.19
562.8,161.12,89.47,82.588
561.28,154.21,89.47,82.588
559.76,149.65,89.47,82.588
557.9,145.77,89.47,82.588
555.04,142.23,89.47,82.588
550.82,139.7,89.47,82.588
545.59,138.86,89.47,82.588
540.03,136.67,89.47,82.588
533.79,136.5,89.47,82.588
527.21,136.33,89.47,82.588
520.97,136.84,89.47,82.588
513.04,138.02,89.47,82.588
506.47,138.86,89.47,82.588
501.91,140.72,89.47,82.588
497.27,143.06,86.94,80.253
490.47,146.33,84.482,77.984
483.86,149.18,82.094,75.779
475.9,152.27,79.772,73.636
467.93,154.22,79.772,73.636
459.05,156.48,79.772,73.636
450.41,159.47,77.517,71.554
441.13,161.8,75.325,69.531
432.68,164.63,73.195,67.565
424.19,167.93,71.126,65.655
414.94,170.21,71.126,65.655
404.62,172.75,71.126,65.655
395.37,174.5,71.126,65.655
386.59,178.24,69.115,63.798
377.79,181.62,67.161,61.995
368.49,184.14,65.262,60.242
358.77,187.22,65.262,60.242
348.81,189.8,65.262,60.242
339.09,191.89,65.262,60.242
329.37,194.97,65.262,60.242
320.88,198.04,65.262,60.242
311.65,200.62,65.262,60.242
303.9,203.21,65.262,60.242
296.15,206.53,65.262,60.242
289.88,208.87,65.262,60.242
283.36,212.93,65.262,60.242
276.35,215.76,65.262,60.242
269.58,216.86,65.262,60.242
262.82,219.45,65.262,60.242
257.28,221.05,65.262,60.242
254.39,224.23,63.417,58.538
250.68,226.03,63.417,58.538
248.59,227.93,61.624,56.883
246.79,230.25,59.881,55.275
245.04,232.04,58.188,53.712
241.64,233.25,58.188,53.712
239.94,233.9,56.543,52.193
238.29,237.3,54.944,50.718
237.56,240.3,54.944,50.718
237.82,242.78,53.391,49.284
239.69,246,51.881,47.89
242.08,247.55,50.414,46.536
246.69,249.45,48.989,45.22
250.25,251.47,47.604,43.942
255.14,251.1,46.258,42.699
258.71,249.97,46.258,42.699
264.38,250.93,46.258,42.699
270.87,253.54,44.95,41.492
279.22,256.41,43.679,40.319
285.85,257.89,42.444,39.179
293.09,260.12,41.244,38.071
