576,231,94,116
581.96,220.1,94,116
582.58,219.9,94,116
572.09,225.45,94,116
571.48,225.24,94,116
572.09,228.33,94,116
571.89,228.53,94,116
588.95,230.79,94,116
589.16,231,94,116
599.23,230.79,94,116
599.44,230.59,94,116
569.63,227.5,94,116
569.42,227.3,94,116
543.31,224.22,94,116
543.1,224.01,94,116
543.31,242.72,94,116
543.52,243.34,94,116
544.95,248.48,94,116
545.16,248.68,94,116
547.11,237.78,91.342,112.72
547.71,238.78,91.342,112.72
508.75,238.58,91.342,112.72
508.55,238.38,91.342,112.72
531.12,242.57,91.342,112.72
531.32,242.77,91.342,112.72
557.19,231.38,88.76,109.53
555.83,231.58,88.76,109.53
542.43,212.74,88.76,109.53
541.46,212.16,88.76,109.53
503.99,161.49,88.76,109.53
504.58,162.46,88.76,109.53
490.4,170.81,88.76,109.53
490.21,170.23,88.76,109.53
500.5,201.48,88.76,109.53
500.69,202.07,88.76,109.53
488.46,195.66,88.76,109.53
487.88,196.24,88.76,109.53
488.07,208.86,88.76,109.53
488.27,209.06,88.76,109.53
503.61,233.32,88.76,109.53
503.8,233.52,88.76,109.53
516.42,239.15,88.76,109.53
516.61,238.57,88.76,109.53
509.43,234.49,88.76,109.53
509.24,234.29,88.76,109.53
495.45,232.55,88.76,109.53
495.26,232.74,88.76,109.53
477.2,241.87,88.76,109.53
477.01,242.06,88.76,109.53
484.19,255.07,88.76,109.53
483.61,255.26,88.76,109.53
495.84,263.22,88.76,109.53
496.42,263.41,88.76,109.53
492.73,255.46,88.76,109.53
492.54,255.26,88.76,109.53
470.21,232.16,88.76,109.53
471.66,233.51,86.25,106.44
432.61,222.38,86.25,106.44
432.42,222.19,86.25,106.44
438.65,240.49,86.25,106.44
438.84,240.3,86.25,106.44
452.99,262.38,86.25,106.44
453.18,262.56,86.25,106.44
455.63,261.24,86.25,106.44
455.44,261.81,86.25,106.44
466.19,264.26,86.25,106.44
467.14,264.45,86.25,106.44
491.09,273.7,86.25,106.44
491.28,273.88,86.25,106.44
503.17,279.35,86.25,106.44
503.36,278.79,86.25,106.44
514.86,283.5,86.25,106.44
514.67,283.32,86.25,106.44
521.65,296.71,86.25,106.44
521.84,297.28,86.25,106.44
525.52,295.57,83.811,103.43
525.7,295.02,83.811,103.43
513.78,283.48,83.811,103.43
513.6,282.93,83.811,103.43
522.58,288.97,83.811,103.43
522.77,289.16,83.811,103.43
529.18,289.34,83.811,103.43
529,288.79,83.811,103.43
533.21,285.31,83.811,103.43
532.66,284.76,83.811,103.43
535.41,272.11,83.811,103.43
535.23,271.93,83.811,103.43
524.42,257.08,83.811,103.43
524.23,257.26,83.811,103.43
516.72,246.45,83.811,103.43
516.9,245.53,83.811,103.43
498.75,238.01,83.811,103.43
498.57,238.2,83.811,103.43
485.55,224.81,83.811,103.43
485.37,224.26,83.811,103.43
485.19,227.38,83.811,103.43
485,226.83,83.811,103.43
496.18,238.01,83.811,103.43
495.63,238.2,83.811,103.43
502.78,241.31,83.811,103.43
502.97,240.76,83.811,103.43
498.38,227.01,83.811,103.43
497.83,226.83,83.811,103.43
509.75,216.02,83.811,103.43
509.93,215.83,83.811,103.43
524.78,222.61,83.811,103.43
524.97,222.8,83.811,103.43
534.77,229.58,81.442,100.5
533.88,229.4,81.442,100.5
529.07,219.6,81.442,100.5
529.24,219.78,81.442,100.5
529.07,234.21,81.442,100.5
528.89,235.1,81.442,100.5
532.27,240.26,81.442,100.5
532.81,240.09,81.442,100.5
528.71,242.4,81.442,100.5
528.53,242.58,81.442,100.5
543.76,236.7,79.139,97.661
543.58,236.52,79.139,97.661
552.76,239.47,79.139,97.661
552.93,239.64,79.139,97.661
573.87,254.7,79.139,97.661
574.05,253.83,79.139,97.661
598.45,235.31,79.139,97.661
598.97,235.49,79.139,97.661
602,213.5,76.901,94.9
603.17,214.34,76.901,94.9
602.67,202.06,76.901,94.9
602.84,201.56,76.901,94.9
589.55,172.12,76.901,94.9
589.38,171.28,76.901,94.9
592.24,184.23,76.901,94.9
592.07,184.4,76.901,94.9
595.6,171.45,76.901,94.9
596.11,171.28,76.901,94.9
574.41,142.85,76.901,94.9
574.58,143.02,76.901,94.9
563.98,161.36,76.901,94.9
564.49,161.19,76.901,94.9
602,181.54,76.901,94.9
602.84,181.71,76.901,94.9
609.06,194.66,76.901,94.9
608.56,194.83,76.901,94.9
600.31,196.01,76.901,94.9
599.81,196.17,76.901,94.9
613.43,218.54,76.901,94.9
613.6,219.05,76.901,94.9
610.74,242.09,76.901,94.9
610.57,241.59,76.901,94.9
603,238.73,76.901,94.9
603.17,238.9,76.901,94.9
620.16,263.29,76.901,94.9
620.33,263.12,76.901,94.9
628.91,259.92,76.901,94.9
629.75,260.43,76.901,94.9
598.63,245.79,76.901,94.9
598.46,245.96,76.901,94.9
587.19,251.85,76.901,94.9
586.69,252.02,76.901,94.9
611.49,258.91,74.727,92.216
610.68,257.76,74.727,92.216
591.55,231.78,74.727,92.216
592.04,231.61,74.727,92.216
557.56,205.3,74.727,92.216
557.72,204.81,74.727,92.216
581.42,237.99,74.727,92.216
582.24,237.5,74.727,92.216
590.24,245.51,74.727,92.216
590.41,245.67,74.727,92.216
582.07,223.28,74.727,92.216
581.58,222.79,74.727,92.216
597.76,211.84,74.727,92.216
597.27,211.67,74.727,92.216
606.26,222.3,74.727,92.216
606.43,222.46,74.727,92.216
596.13,225.57,74.727,92.216
595.64,225.73,74.727,92.216
582.07,222.62,74.727,92.216
581.91,222.46,74.727,92.216
575.86,224.26,74.727,92.216
575.7,224.09,74.727,92.216
576.19,250.08,74.727,92.216
576.68,250.57,74.727,92.216
579.46,247.14,74.727,92.216
580.6,246.32,74.727,92.216
590.9,255.64,74.727,92.216
590.41,256.13,74.727,92.216
585.01,245.83,74.727,92.216
584.52,246.32,74.727,92.216
577.82,241.26,74.727,92.216
577.33,241.09,74.727,92.216
580.76,258.25,74.727,92.216
580.6,258.75,74.727,92.216
585.67,261.2,74.727,92.216
584.85,260.71,74.727,92.216
573.9,260.54,74.727,92.216
573.74,260.38,74.727,92.216
557.88,251.72,74.727,92.216
557.72,251.88,74.727,92.216
567.04,269.7,74.727,92.216
567.53,269.86,74.727,92.216
596.2,301.07,72.614,89.609
593.82,299.33,72.614,89.609
593.98,279.16,72.614,89.609
594.14,279,72.614,89.609
579.05,244.21,72.614,89.609
578.89,244.37,72.614,89.609
577.46,230.87,72.614,89.609
577.3,230.08,72.614,89.609
572.06,234.69,72.614,89.609
572.54,235.16,72.614,89.609
567.93,251.2,72.614,89.609
568.09,251.36,72.614,89.609
566.98,262.64,72.614,89.609
566.82,263.11,72.614,89.609
581.27,275.98,72.614,89.609
580.8,276.14,72.614,89.609
616.61,284.23,70.561,87.075
614.6,284.08,70.561,87.075
620.93,283.62,70.561,87.075
620.47,283.15,70.561,87.075
626.18,283.93,70.561,87.075
626.02,283.77,70.561,87.075
637.91,288.86,70.561,87.075
637.75,289.02,70.561,87.075
631.42,271.89,70.561,87.075
631.89,271.42,70.561,87.075
601.79,264.48,70.561,87.075
601.64,263.71,70.561,87.075
612.29,288.25,70.561,87.075
612.13,289.02,70.561,87.075
647.47,306.77,70.561,87.075
647.63,306.61,70.561,87.075
626.79,302.75,70.561,87.075
625.71,302.91,70.561,87.075
612.29,289.17,70.561,87.075
610.77,288.33,72.671,89.679
641.45,317.42,72.671,89.679
641.29,317.58,72.671,89.679
626.58,317.1,70.616,87.143
626.73,316.64,70.616,87.143
608.73,295.78,68.619,84.679
568.53,261.05,70.671,87.211
570.11,252.79,72.784,89.819
571.22,251.99,72.784,89.819
574.75,241.26,74.961,92.504
574.78,237.74,77.202,95.27
577.98,230.14,77.202,95.27
579.17,229.64,77.202,95.27
585.95,210.14,79.51,98.119
587.51,207.54,79.51,98.119
591.17,202.14,79.51,98.119
592.38,201.27,79.51,98.119
578.64,197.62,79.51,98.119
577.77,196.75,79.51,98.119
592.41,192.68,81.888,101.05
635.93,239.42,81.888,101.05
610.4,267.9,79.572,98.196
613.1,268.76,77.322,95.419
609.96,270.62,75.136,92.721
610.2,271.77,73.012,90.1
600.21,231.36,70.947,87.552
600.06,233.07,70.947,87.552
588.42,218.64,70.947,87.552
588.58,219.1,70.947,87.552
598.66,178.6,70.947,87.552
598.82,180.31,70.947,87.552
609.84,175.19,70.947,87.552
610.3,174.72,70.947,87.552
608.9,171.77,70.947,87.552
609.37,171,70.947,87.552
589.97,160.6,70.947,87.552
590.13,160.75,70.947,87.552
575.7,168.36,70.947,87.552
576.16,169.13,70.947,87.552
578.8,185.43,70.947,87.552
579.27,185.89,70.947,87.552
578.8,176.12,70.947,87.552
579.27,175.96,70.947,87.552
556.45,167.74,70.947,87.552
555.99,167.58,70.947,87.552
564.39,206.78,73.069,90.17
564.23,208.53,73.069,90.17
581.97,217.64,73.069,90.17
581.81,217.8,73.069,90.17
587.09,204.86,73.069,90.17
582.45,192.87,73.069,90.17
582.61,192.71,73.069,90.17
575.1,184.24,73.069,90.17
575.26,183.44,73.069,90.17
564.87,182,73.069,90.17
564.39,181.52,73.069,90.17
543.46,194.79,73.069,90.17
543.3,195.27,73.069,90.17
538.98,197.67,73.069,90.17
538.82,198.14,73.069,90.17
555.6,212.69,73.069,90.17
555.76,213.17,73.069,90.17
560.4,233.46,73.069,90.17
560.88,233.94,73.069,90.17
575.74,239.22,73.069,90.17
575.9,239.7,73.069,90.17
585.01,242.41,73.069,90.17
585.17,242.25,73.069,90.17
570.95,229.63,73.069,90.17
570.47,229.79,73.069,90.17
562.64,219.72,73.069,90.17
562.48,219.56,73.069,90.17
586.93,237.3,73.069,90.17
587.41,237.14,73.069,90.17
612.18,252.96,73.069,90.17
612.02,252.8,73.069,90.17
621.77,249.77,73.069,90.17
621.61,249.61,73.069,90.17
641.59,233.78,73.069,90.17
641.75,233.62,73.069,90.17
651.18,230.91,73.069,90.17
651.34,231.07,73.069,90.17
649.26,215.25,73.069,90.17
649.42,215.09,73.069,90.17
637.43,189.99,73.069,90.17
637.27,189.83,73.069,90.17
625.29,184.88,73.069,90.17
625.13,184.72,73.069,90.17
640.31,211.41,73.069,90.17
640.79,211.25,73.069,90.17
662.36,234.1,73.069,90.17
662.84,233.94,73.069,90.17
658.39,232.12,75.253,92.866
657.9,232.61,75.253,92.866
681.44,253.19,75.253,92.866
681.27,253.68,75.253,92.866
716.66,263.39,75.253,92.866
716.5,264.21,75.253,92.866
719.29,265.69,75.253,92.866
720.12,265.2,75.253,92.866
724.23,243.64,75.253,92.866
724.4,242.82,75.253,92.866
731.67,217.89,77.504,95.643
733.19,216.03,77.504,95.643
707.93,248.74,77.504,95.643
707.76,248.57,77.504,95.643
697.76,275.53,77.504,95.643
697.59,275.7,77.504,95.643
693.36,272.81,77.504,95.643
692.85,272.98,77.504,95.643
684.54,256.2,77.504,95.643
684.71,256.03,77.504,95.643
682.51,230.77,77.504,95.643
682.34,230.26,77.504,95.643
689.97,205.35,77.504,95.643
689.8,205.18,77.504,95.643
705.22,187.38,77.504,95.643
705.73,187.21,77.504,95.643
707.79,177.81,79.821,98.502
707.62,176.24,79.821,98.502
705,184.09,79.821,98.502
705.17,183.92,79.821,98.502
702.55,191.78,79.821,98.502
702.73,191.6,79.821,98.502
699.06,169.78,79.821,98.502
699.24,168.91,79.821,98.502
701.51,174.32,79.821,98.502
701.68,175.19,79.821,98.502
707.79,183.75,79.821,98.502
707.97,184.62,79.821,98.502
700.11,175.71,79.821,98.502
699.59,175.54,79.821,98.502
721.76,204.35,79.821,98.502
722.28,204.17,79.821,98.502
744.46,197.36,79.821,98.502
744.98,197.19,79.821,98.502
743.41,202.95,79.821,98.502
742.88,203.12,79.821,98.502
745.5,206.09,79.821,98.502
743.79,205.14,82.208,101.45
773.81,229.78,82.208,101.45
773.99,229.24,82.208,101.45
784.24,233.37,82.208,101.45
783.19,231.32,84.666,104.48
765.23,220.02,84.666,104.48
765.05,219.47,84.666,104.48
753.38,240.02,84.666,104.48
753.56,239.84,84.666,104.48
744.49,240.02,84.666,104.48
744.3,240.21,84.666,104.48
727.45,235.58,84.666,104.48
727.27,235.76,84.666,104.48
723.01,256.32,84.666,104.48
722.82,257.24,84.666,104.48
734.12,271.5,84.666,104.48
734.68,272.06,84.666,104.48
741.53,275.95,84.666,104.48
742.45,275.76,84.666,104.48
740.05,261.5,84.666,104.48
739.49,262.06,84.666,104.48
735.23,262.61,84.666,104.48
734.68,263.17,84.666,104.48
732.64,275.58,84.666,104.48
733.56,276.13,84.666,104.48
726.34,277.06,84.666,104.48
726.16,277.24,84.666,104.48
720.42,276.32,84.666,104.48
720.6,276.13,84.666,104.48
713.75,270.76,84.666,104.48
712.82,270.58,84.666,104.48
713.01,282.98,84.666,104.48
713.19,282.8,84.666,104.48
717.82,282.24,84.666,104.48
717.64,282.43,84.666,104.48
715.23,259.65,84.666,104.48
715.05,259.47,84.666,104.48
711.16,247.8,84.666,104.48
710.97,246.87,84.666,104.48
713.6,237.72,87.197,107.6
713.79,237.53,87.197,107.6
713.6,227.8,87.197,107.6
713.4,227.61,87.197,107.6
694.9,217.88,87.197,107.6
694.71,218.07,87.197,107.6
670.87,217.88,87.197,107.6
670.68,217.69,87.197,107.6
645.7,209.49,87.197,107.6
645.51,209.3,87.197,107.6
620.14,214.07,87.197,107.6
619.95,214.64,87.197,107.6
618.24,220.17,87.197,107.6
618.43,220.74,87.197,107.6
612.51,201.1,87.197,107.6
612.7,200.91,87.197,107.6
604.12,200.72,87.197,107.6
604.31,200.53,87.197,107.6
618.46,196.44,89.804,110.82
619.44,196.64,89.804,110.82
637.71,208.62,89.804,110.82
637.9,208.81,89.804,110.82
653.03,206.65,89.804,110.82
653.22,206.46,89.804,110.82
645.17,188.58,89.804,110.82
644.97,188.39,89.804,110.82
637.31,185.05,89.804,110.82
636.33,184.85,89.804,110.82
634.79,186.14,92.489,114.14
634.99,186.34,92.489,114.14
627.91,171.58,92.489,114.14
627.71,171.78,92.489,114.14
626.3,214.06,92.489,114.14
625.69,213.86,92.489,114.14
638.03,214.46,92.489,114.14
637.83,214.26,92.489,114.14
636.82,220.53,92.489,114.14
636.61,220.73,92.489,114.14
640.05,207.58,92.489,114.14
639.45,207.38,92.489,114.14
643.29,181.29,92.489,114.14
641.7,179.38,95.255,117.55
647.33,175.42,95.255,117.55
647.12,175.21,95.255,117.55
646.91,184.17,95.255,117.55
646.7,183.96,95.255,117.55
638.16,181.25,95.255,117.55
637.54,181.46,95.255,117.55
630.66,175.42,95.255,117.55
630.45,175.21,95.255,117.55
610.66,153.75,95.255,117.55
610.45,153.13,95.255,117.55
601.49,165,95.255,117.55
599.86,163.87,98.103,121.06
605.9,182.87,101.04,124.68
606.57,183.09,101.04,124.68
597.95,240.77,101.04,124.68
597.73,241.88,101.04,124.68
620.49,280.99,101.04,124.68
620.71,280.77,101.04,124.68
643.47,288.06,101.04,124.68
644.58,288.28,101.04,124.68
640.82,285.41,101.04,124.68
641.04,285.63,101.04,124.68
645.68,267.73,101.04,124.68
645.46,267.07,101.04,124.68
645.68,265.52,101.04,124.68
645.02,265.74,101.04,124.68
634.63,254.92,101.04,124.68
634.41,254.69,101.04,124.68
625.35,231.49,101.04,124.68
625.57,232.15,101.04,124.68
626.68,228.84,101.04,124.68
626.9,228.62,101.04,124.68
630.21,246.96,101.04,124.68
630.43,246.74,101.04,124.68
638.17,251.38,101.04,124.68
638.39,252.04,101.04,124.68
642.59,254.92,101.04,124.68
642.37,254.69,101.04,124.68
632.42,241.21,101.04,124.68
632.64,241.43,101.04,124.68
625.35,230.16,101.04,124.68
626.01,229.5,101.04,124.68
620.05,227.07,101.04,124.68
620.27,226.85,101.04,124.68
614.74,236.79,101.04,124.68
614.52,237.02,101.04,124.68
624.03,252.71,101.04,124.68
624.69,252.48,101.04,124.68
633.31,261.99,101.04,124.68
633.97,261.77,101.04,124.68
622.26,250.5,101.04,124.68
622.04,251.16,101.04,124.68
616.77,242.44,104.06,128.41
615.63,241.31,104.06,128.41
618.59,236.53,104.06,128.41
618.82,236.3,104.06,128.41
615.4,228.33,104.06,128.41
615.63,228.11,104.06,128.41
604.48,226.51,104.06,128.41
604.25,225.83,104.06,128.41
596.55,215.94,107.17,132.25
595.85,214.77,107.17,132.25
594.21,228.13,107.17,132.25
593.5,228.37,107.17,132.25
592.8,229.07,107.17,132.25
593.03,228.84,107.17,132.25
588.11,221.1,107.17,132.25
587.88,221.33,107.17,132.25
585.3,222.51,107.17,132.25
584.6,221.8,107.17,132.25
585.77,222.98,107.17,132.25
586,223.21,107.17,132.25
589.05,240.32,107.17,132.25
588.82,240.56,107.17,132.25
585.3,252.98,107.17,132.25
585.07,253.68,107.17,132.25
582.49,246.42,107.17,132.25
581.59,244.2,110.37,136.2
577.97,246.86,110.37,136.2
577.24,246.62,110.37,136.2
576.52,245.89,110.37,136.2
576.76,246.14,110.37,136.2
571.21,244.45,110.37,136.2
570.48,244.69,110.37,136.2
560.59,244.93,110.37,136.2
560.83,244.2,110.37,136.2
555.76,252.17,110.37,136.2
556.48,252.41,110.37,136.2
559.14,271.97,110.37,136.2
558.9,272.21,110.37,136.2
560.87,272.34,113.67,140.28
561.11,272.1,113.67,140.28
560.87,271.85,113.67,140.28
560.62,272.1,113.67,140.28
562.86,258.42,113.67,140.28
563.1,258.17,113.67,140.28
552.41,252.45,113.67,140.28
551.67,252.7,113.67,140.28
544.95,243.5,113.67,140.28
545.2,243.25,113.67,140.28
536.5,242.51,113.67,140.28
536.25,242.76,113.67,140.28
526.85,239.91,117.07,144.47
526.59,239.15,117.07,144.47
538.62,254.25,117.07,144.47
538.37,254,117.07,144.47
548.87,282.42,117.07,144.47
548.61,283.19,117.07,144.47
551.94,292.66,117.07,144.47
552.2,293.43,117.07,144.47
564.74,284.47,117.07,144.47
564.49,284.21,117.07,144.47
571.91,269.62,117.07,144.47
572.68,269.87,117.07,144.47
561.16,259.38,117.07,144.47
561.41,259.63,117.07,144.47
550.4,249.13,117.07,144.47
550.15,248.36,117.07,144.47
545.07,245.95,120.57,148.79
544.28,245.68,120.57,148.79
552.98,263.88,120.57,148.79
552.72,264.15,120.57,148.79
561.95,267.57,120.57,148.79
562.74,267.84,120.57,148.79
549.81,248.06,120.57,148.79
549.55,247.79,120.57,148.79
545.6,234.87,120.57,148.79
545.86,234.61,120.57,148.79
548.76,259.66,120.57,148.79
548.5,260.45,120.57,148.79
543.27,261.13,124.18,153.24
542.99,260.31,124.18,153.24
534.03,247.01,124.18,153.24
533.76,246.73,124.18,153.24
533.49,243.75,124.18,153.24
533.22,243.48,124.18,153.24
529.14,239.4,124.18,153.24
528.87,239.13,124.18,153.24
519.36,231.25,124.18,153.24
519.09,231.52,124.18,153.24
508.27,232.76,127.89,157.82
507.43,233.04,127.89,157.82
512.75,245.07,127.89,157.82
513.03,244.79,127.89,157.82
518.9,258.5,127.89,157.82
518.62,258.22,127.89,157.82
525.62,248.43,127.89,157.82
525.9,248.15,127.89,157.82
526.18,247.87,127.89,157.82
525.34,248.71,127.89,157.82
536.25,247.31,127.89,157.82
536.53,247.03,127.89,157.82
536.81,247.31,127.89,157.82
537.08,247.03,127.89,157.82
534.89,239.36,131.71,162.54
534.6,237.34,131.71,162.54
541.81,237.63,131.71,162.54
541.52,237.92,131.71,162.54
541.81,238.78,131.71,162.54
541.52,238.49,131.71,162.54
534.32,238.78,131.71,162.54
534.03,239.07,131.71,162.54
533.74,239.36,131.71,162.54
533.45,239.07,131.71,162.54
535.8,255.94,135.65,167.4
535.51,256.83,135.65,167.4
530.46,257.72,135.65,167.4
530.76,257.42,135.65,167.4
544.71,266.62,135.65,167.4
545,266.92,135.65,167.4
541.74,254.16,135.65,167.4
541.44,253.86,135.65,167.4
529.03,227.33,139.71,172.41
528.72,225.19,139.71,172.41
523.27,227.19,143.89,177.56
522.96,226.88,143.89,177.56
520.13,234.12,143.89,177.56
520.44,234.43,143.89,177.56
538.38,244.19,143.89,177.56
538.69,244.5,143.89,177.56
541.53,244.82,143.89,177.56
542.47,244.5,143.89,177.56
545.67,266.08,148.19,182.87
545.99,266.41,148.19,182.87
549.29,287.33,152.62,188.34
550.29,288.33,152.62,188.34
558.64,286,152.62,188.34
558.97,285.66,152.62,188.34
553.96,270.64,152.62,188.34
553.63,270.31,152.62,188.34
567.98,300.02,152.62,188.34
567.65,300.35,152.62,188.34
600.7,288,152.62,188.34
600.36,287.67,152.62,188.34
616.05,267.3,152.62,188.34
607.43,252.81,157.18,193.97
607.08,251.09,157.18,193.97
609.49,276.18,157.18,193.97
609.83,276.53,157.18,193.97
625.99,314.69,157.18,193.97
624.96,315.72,157.18,193.97
643.87,300.25,157.18,193.97
644.9,300.59,157.18,193.97
648.68,300.94,157.18,193.97
649.03,301.28,157.18,193.97
632.58,276.72,161.88,199.77
632.94,275.66,161.88,199.77
614.17,260.43,161.88,199.77
613.11,260.08,161.88,199.77
607.5,256.03,166.72,205.74
607.87,255.67,166.72,205.74
610.42,271.35,166.72,205.74
610.05,271.71,166.72,205.74
606.04,256.76,166.72,205.74
606.41,257.13,166.72,205.74
606.04,250.93,166.72,205.74
606.41,250.56,166.72,205.74
600.21,233.42,166.72,205.74
599.84,233.06,166.72,205.74
589.27,205.71,166.72,205.74
585.68,201.54,171.71,211.89
576.29,191.4,171.71,211.89
576.67,191.02,171.71,211.89
581.24,186.73,176.84,218.23
581.62,186.34,176.84,218.23
575.05,200.65,176.84,218.23
575.43,200.27,176.84,218.23
582.78,209.94,176.84,218.23
583.17,209.55,176.84,218.23
578.92,206.84,176.84,218.23
579.3,207.23,176.84,218.23
575.05,212.26,176.84,218.23
576.21,212.64,176.84,218.23
573.5,216.12,176.84,218.23
573.89,215.74,176.84,218.23
575.82,222.31,176.84,218.23
576.21,222.7,176.84,218.23
568.86,210.71,176.84,218.23
566.6,207.83,182.13,224.75
543.1,207.44,182.13,224.75
541.9,207.04,182.13,224.75
532.41,206.47,187.57,231.47
532,206.88,187.57,231.47
518.46,200.72,187.57,231.47
518.05,201.95,187.57,231.47
505.33,201.54,187.57,231.47
505.74,201.95,187.57,231.47
510.25,193.34,187.57,231.47
510.66,192.93,187.57,231.47
507.79,198.26,187.57,231.47
506.56,197.85,187.57,231.47
483.65,175.93,193.18,238.4
481.54,174.66,193.18,238.4
468.94,180.81,198.96,245.52
468.5,180.38,198.96,245.52
474.16,186.91,198.96,245.52
473.72,187.34,198.96,245.52
483.73,187.78,198.96,245.52
484.17,187.34,198.96,245.52
490.69,177.33,198.96,245.52
491.13,176.9,198.96,245.52
502.52,180.62,204.91,252.87
503.86,180.18,204.91,252.87
522.24,197.66,204.91,252.87
521.79,198.1,204.91,252.87
525.82,201.24,204.91,252.87
526.27,200.79,204.91,252.87
529.03,236.9,211.03,260.43
528.57,237.36,211.03,260.43
538.26,237.82,211.03,260.43
538.72,238.29,211.03,260.43
542.88,220.28,211.03,260.43
542.42,219.82,211.03,260.43
537.34,210.13,211.03,260.43
537.8,209.67,211.03,260.43
526.26,183.36,211.03,260.43
523.57,179,217.34,268.21
532.6,185.18,217.34,268.21
533.08,185.66,217.34,268.21
537.35,196.59,217.34,268.21
536.88,197.07,217.34,268.21
526.5,188.78,223.84,276.23
522.66,184.16,230.54,284.49
530.23,195.76,230.54,284.49
529.72,195.25,230.54,284.49
522.16,189.71,230.54,284.49
521.65,190.21,230.54,284.49
499.97,167.52,230.54,284.49
499.47,167.02,230.54,284.49
471.74,147.35,230.54,284.49
471.23,146.85,230.54,284.49
454.17,158.22,237.43,293
453.65,158.74,237.43,293
438.16,191.23,244.53,301.76
437.62,192.84,244.53,301.76
442.44,190.16,244.53,301.76
439.32,186.19,251.84,310.78
442.07,186.74,251.84,310.78
442.62,187.29,251.84,310.78
456.39,193.35,251.84,310.78
456.94,192.8,251.84,310.78
458.59,199.96,251.84,310.78
458.04,199.41,251.84,310.78
468.51,204.37,251.84,310.78
467.96,204.92,251.84,310.78
464.1,197.76,251.84,310.78
462.45,198.31,251.84,310.78
465.2,176.82,251.84,310.78
464.65,175.17,251.84,310.78
466.31,114.03,251.84,310.78
466.86,111.27,251.84,310.78
443.81,93.96,259.37,320.07
438.23,87.473,267.12,329.64
460.53,124.03,275.11,339.5
461.13,125.83,275.11,339.5
493.03,144.49,275.11,339.5
493.63,145.09,275.11,339.5
499.04,109.59,275.11,339.5
498.44,108.98,275.11,339.5
498.54,117.75,283.34,349.65
494.92,113.14,291.81,360.11
501.94,103.57,291.81,360.11
502.58,104.2,291.81,360.11
486.63,104.84,291.81,360.11
485.99,105.48,291.81,360.11
466.2,108.67,291.81,360.11
465.56,108.03,291.81,360.11
454.71,99.737,291.81,360.11
454.08,101.65,291.81,360.11
425.35,90.802,291.81,360.11
419.08,84.78,300.53,370.87
400.78,90.41,309.52,381.96
398.75,89.733,309.52,381.96
412.97,121.55,309.52,381.96
413.64,122.23,309.52,381.96
426.51,132.38,309.52,381.96
427.18,133.06,309.52,381.96
444.11,110.72,309.52,381.96
443.43,111.4,309.52,381.96
442.75,91.764,309.52,381.96
443.43,92.441,309.52,381.96
442.75,94.472,309.52,381.96
442.08,95.149,309.52,381.96
435.42,79.284,318.78,393.38
436.12,78.586,318.78,393.38
422.29,77.586,328.31,405.14
424.44,78.304,328.31,405.14
420.85,80.458,328.31,405.14
420.13,81.176,328.31,405.14
397.27,78.71,338.12,417.26
395.05,77.97,338.12,417.26
375.95,63.597,348.23,429.73
373.66,62.836,348.23,429.73
360.71,78.831,348.23,429.73
359.95,79.592,348.23,429.73
344.84,84.593,358.64,442.58
345.63,85.377,358.64,442.58
334.77,77.976,369.37,455.82
333.97,75.552,369.37,455.82
336.39,105.44,369.37,455.82
331.68,101.05,380.41,469.45
334.17,101.89,380.41,469.45
335,102.72,380.41,469.45
339.16,103.55,380.41,469.45
340,102.72,380.41,469.45
337.5,101.89,380.41,469.45
336.67,101.05,380.41,469.45
315.17,78.227,391.79,483.48
306.74,71.856,403.5,497.94
307.63,78.033,403.5,497.94
306.74,77.151,403.5,497.94
312.92,83.329,403.5,497.94
312.04,84.211,403.5,497.94
305.86,70.973,403.5,497.94
304.98,71.856,403.5,497.94
287.47,77.65,415.57,512.83
288.38,76.741,415.57,512.83
292.93,103.1,415.57,512.83
293.84,104.01,415.57,512.83
282.02,95.828,415.57,512.83
282.93,94.919,415.57,512.83
263.84,72.196,415.57,512.83
261.11,71.287,415.57,512.83
248.54,77.254,427.99,528.16
237.46,70.294,440.79,543.95
241.48,84.337,453.97,560.22
242.47,85.33,453.97,560.22
229.56,74.408,453.97,560.22
228.57,73.415,453.97,560.22
215.66,58.521,453.97,560.22
216.65,57.528,453.97,560.22
192.99,42.202,467.54,576.97
180.88,34.599,481.52,594.22
190.13,56.187,481.52,594.22
189.11,57.215,481.52,594.22
164.43,45.247,495.92,611.98
158.05,35.07,510.75,630.28
140.57,21.706,510.75,630.28
139.54,22.734,510.75,630.28
114.43,10.227,526.02,649.13
105.54,-0.50503,541.75,668.54
82.02,-9.4717,557.94,688.53
72.65,-20.793,574.63,709.11
50.696,-32.422,591.81,730.32
40.82,-44.369,609.5,752.15
10.12,-71.033,627.73,774.64
-0.29235,-83.642,646.5,797.8
-21.265,-96.597,665.83,821.66
-32.248,-111.97,685.73,846.23
-25.023,-111.25,706.24,871.53
-32.498,-125.31,727.35,897.59
-27.952,-123.31,749.1,924.42
-40.179,-136.1,771.5,952.06
-44.517,-153.42,794.57,980.53
-55.367,-169.1,818.33,1009.8
-43.957,-174.95,842.79,1040
-53.473,-189.47,867.99,1071.1
-28.414,-190.06,893.95,1103.2
-38.694,-205.53,920.68,1136.2
-37.038,-235.88,948.2,1170.1
-50.186,-254.4,976.55,1205.1
-65.813,-289.89,1005.8,1241.1
-81.877,-309.48,1035.8,1278.3
-79.887,-339.89,1066.8,1316.5
-94.808,-360.6,1098.7,1355.8
-99.925,-392.18,1131.5,1396.4
-117.87,-412.03,1165.4,1438.1
-93.144,-403.72,1200.2,1481.1
-81.836,-408.86,1200.2,1481.1
-96.696,-432.03,1236.1,1525.4
-114.15,-453.8,1273.1,1571
-130.1,-521.49,1311.1,1618
-150.73,-550.82,1350.3,1666.4
-190.44,-580.88,1390.7,1716.2
-214.32,-607.56,1432.3,1767.5
-249.1,-665.85,1475.1,1820.4
-272.18,-694.1,1519.2,1874.8
-318.53,-725.21,1564.7,1930.8
-347.07,-753.05,1611.4,1988.6
-382.46,-785.86,1659.6,2048
-408.3,-817.51,1709.2,2109.3
-418.44,-837.73,1760.3,2172.3
-441.67,-869.18,1813,2237.3
-445.13,-903.65,1867.2,2304.2
-472.02,-937.07,1923,2373.1
-479.18,-983.86,1980.5,2444
-509.81,-1023.5,2039.7,2517.1
-516.66,-1064.2,2100.7,2592.4
-542.93,-1104,2163.5,2669.9
-547.52,-1144.9,2228.2,2749.7
-579.8,-1187.1,2294.8,2831.9
-569.91,-1230.4,2363.5,2916.6
-602.16,-1275.1,2434.1,3003.8
-614.9,-1316.9,2506.9,3093.6
-647.24,-1364.2,2581.9,3186.1
-674.53,-1416.9,2659.1,3281.4
-715.31,-1465,2738.6,3379.5
-759.34,-1504.2,2820.5,3480.6
-800.48,-1557.2,2904.8,3584.6
-863.44,-1616,2991.6,3691.8
-909.19,-1672.2,3081.1,3802.2
-960.39,-1707.4,3173.2,3915.9
-1006.8,-1765,3268.1,4033
-1050.5,-1828.3,3365.8,4153.5
-1099.8,-1891.5,3466.4,4277.7
-1171.2,-1946.2,3570.1,4405.6
-1221.5,-2015.1,3676.8,4537.4
-1287.7,-2084,3786.8,4673
-1347.4,-2154.9,3900,4812.8
-1404.7,-2231.9,4016.6,4956.7
-1465.8,-2305,4136.7,5104.9
-1536.9,-2396.8,4260.4,5257.5
-1533.8,-2401.9,4260.4,5257.5
-1608.8,-2473.3,4387.8,5414.7
-1675.4,-2555.3,4519,5576.6
-1733.7,-2623.2,4654.1,5743.3
-1804.3,-2706,4793.2,5915.1
-1866.7,-2797.5,4936.6,6091.9
-1941.6,-2889.6,5084.2,6274.1
-2016.5,-2986.5,5236.2,6461.7
-2095.9,-3082.1,5392.7,6654.9
-2150.8,-3168.2,5554,6853.9
-2147.7,-3169.2,5554,6853.9
-2221.5,-3264.5,5720.1,7058.8
-2308,-3369,5891.1,7269.8
-2405.3,-3484.9,6067.2,7487.2
-2404.3,-3488,6067.2,7487.2
-2504.3,-3605,6248.6,7711.1
-2600.8,-3721.4,6435.5,7941.6
-2597.7,-3732.7,6435.5,7941.6
-2598.7,-3733.7,6435.5,7941.6
-2616.2,-3724.4,6435.5,7941.6
-2615.2,-3725.5,6435.5,7941.6
-2720.6,-3830.8,6627.9,8179.1
-2820.7,-3952.1,6826.1,8423.7
-2921.8,-4064.7,7030.2,8675.5
-3023.8,-4195.4,7240.4,8934.9
-3131,-4323.8,7456.9,9202.1
-3127.9,-4324.8,7456.9,9202.1
-3238.4,-4447,7679.8,9477.2
-3235.3,-4450.1,7679.8,9477.2
-3232.2,-4449,7679.8,9477.2
-3233.2,-4448,7679.8,9477.2
-3232.2,-4455.2,7679.8,9477.2
-3233.2,-4454.2,7679.8,9477.2
-3248.6,-4457.3,7679.8,9477.2
-3366.5,-4597.9,7909.4,9760.6
-3363.5,-4603.1,7909.4,9760.6
-3364.5,-4604.1,7909.4,9760.6
-3375.8,-4605.1,7909.4,9760.6
-3376.8,-4604.1,7909.4,9760.6
-3377.8,-4592.8,7909.4,9760.6
-3376.8,-4593.8,7909.4,9760.6
-3377.8,-4578.4,7909.4,9760.6
-3376.8,-4577.4,7909.4,9760.6
-3382,-4564,7909.4,9760.6
-3380.9,-4563,7909.4,9760.6
-3382,-4576.3,7909.4,9760.6
-3383,-4577.4,7909.4,9760.6
-3384,-4578.4,7909.4,9760.6
-3385,-4579.4,7909.4,9760.6
-3398.4,-4588.7,7909.4,9760.6
-3397.4,-4589.7,7909.4,9760.6
-3414.9,-4609.2,7909.4,9760.6
-3413.8,-4608.2,7909.4,9760.6
-3419,-4611.3,7909.4,9760.6
-3420,-4612.3,7909.4,9760.6
-3431.3,-4629.8,7909.4,9760.6
-3432.3,-4630.8,7909.4,9760.6
-3431.3,-4629.8,7909.4,9760.6
-3430.3,-4628.8,7909.4,9760.6
-3439.5,-4627.7,7909.4,9760.6
-3440.6,-4626.7,7909.4,9760.6
-3443.6,-4603.1,7909.4,9760.6
-3446.7,-4602,7909.4,9760.6
-3445.7,-4582.5,7909.4,9760.6
-3444.7,-4583.5,7909.4,9760.6
-3441.6,-4582.5,7909.4,9760.6
-3440.6,-4583.5,7909.4,9760.6
-3443.6,-4582.5,7909.4,9760.6
-3444.7,-4581.5,7909.4,9760.6
-3307.2,-4434.2,7685.8,9484.6
-3312.1,-4435.2,7685.8,9484.6
-3319.1,-4442.2,7685.8,9484.6
-3320.1,-4443.2,7685.8,9484.6
-3311.1,-4458.2,7685.8,9484.6
-3312.1,-4457.2,7685.8,9484.6
-3303.2,-4476.2,7685.8,9484.6
-3304.2,-4477.2,7685.8,9484.6
-3309.2,-4496.2,7685.8,9484.6
-3308.2,-4497.2,7685.8,9484.6
-3291.2,-4478.2,7685.8,9484.6
-3288.2,-4479.2,7685.8,9484.6
-3273.2,-4464.2,7685.8,9484.6
-3272.2,-4465.2,7685.8,9484.6
-3281.2,-4478.2,7685.8,9484.6
-3282.2,-4477.2,7685.8,9484.6
-3291.2,-4494.2,7685.8,9484.6
-3292.2,-4495.2,7685.8,9484.6
-3295.2,-4500.2,7685.8,9484.6
-3296.2,-4501.2,7685.8,9484.6
-3315.1,-4520.2,7685.8,9484.6
-3286.2,-4473.2,7685.8,9484.6
-3285.2,-4474.2,7685.8,9484.6
-3266.2,-4459.2,7685.8,9484.6
-3265.2,-4460.2,7685.8,9484.6
-3141.6,-4323.1,7468.5,9216.4
-3146.4,-4326,7468.5,9216.4
-3157.1,-4350.3,7468.5,9216.4
-3044.7,-4217.1,7257.3,8955.9
-3066.4,-4235,7257.3,8955.9
-3067.3,-4234.1,7257.3,8955.9
-3090.9,-4253.9,7257.3,8955.9
-3091.9,-4253,7257.3,8955.9
-3090.9,-4242.6,7257.3,8955.9
-3090,-4241.6,7257.3,8955.9
-3075.8,-4229.4,7257.3,8955.9
-3076.8,-4230.3,7257.3,8955.9
-3068.3,-4229.4,7257.3,8955.9
-3067.3,-4228.4,7257.3,8955.9
-3079.6,-4248.2,7257.3,8955.9
-3080.6,-4249.2,7257.3,8955.9
-3089,-4248.2,7257.3,8955.9
-3090,-4249.2,7257.3,8955.9
-3094.7,-4267.1,7257.3,8955.9
-3093.8,-4268,7257.3,8955.9
-3089,-4255.8,7257.3,8955.9
-3090,-4254.8,7257.3,8955.9
-3079.6,-4252,7257.3,8955.9
-3080.6,-4251.1,7257.3,8955.9
-3104.1,-4244.5,7257.3,8955.9
-3105.1,-4243.5,7257.3,8955.9
-3089,-4223.7,7257.3,8955.9
-3088.1,-4222.8,7257.3,8955.9
-2982.7,-4119.7,7052.1,8702.6
-2985.4,-4120.7,7052.1,8702.6
-2892.1,-4004,6852.7,8456.6
-2896.6,-4004.9,6852.7,8456.6
-2895.7,-3984.4,6852.7,8456.6
-2894.8,-3983.6,6852.7,8456.6
-2895.7,-3968.4,6852.7,8456.6
-2896.6,-3967.5,6852.7,8456.6
-2908.2,-3977.3,6852.7,8456.6
-2909.1,-3976.4,6852.7,8456.6
-2888.6,-3955.9,6852.7,8456.6
-2889.5,-3955.1,6852.7,8456.6
-2779.2,-3827.5,6659,8217.5
-2783.6,-3831.8,6659,8217.5
-2784.4,-3834.4,6659,8217.5
-2785.3,-3835.3,6659,8217.5
-2760.2,-3848.3,6659,8217.5
-2761.1,-3849.1,6659,8217.5
-2755,-3863.8,6659,8217.5
-2754.1,-3864.7,6659,8217.5
-2655.7,-3780.6,6470.7,7985.1
-2659.9,-3781.4,6470.7,7985.1
-2650.6,-3802.4,6470.7,7985.1
-2651.5,-3803.3,6470.7,7985.1
-2638.8,-3785.6,6470.7,7985.1
-2639.7,-3784.8,6470.7,7985.1
-2628.8,-3787.3,6470.7,7985.1
-2627.9,-3786.4,6470.7,7985.1
-2628.8,-3787.3,6470.7,7985.1
-2631.3,-3786.4,6470.7,7985.1
-2643.9,-3785.6,6470.7,7985.1
-2643.1,-3784.8,6470.7,7985.1
-2640.5,-3785.6,6470.7,7985.1
-2639.7,-3786.4,6470.7,7985.1
-2633.8,-3772.1,6470.7,7985.1
-2634.6,-3773,6470.7,7985.1
-2622,-3780.6,6470.7,7985.1
-2621.2,-3779.7,6470.7,7985.1
-2622,-3780.6,6470.7,7985.1
-2622.9,-3779.7,6470.7,7985.1
-2632.1,-3792.3,6470.7,7985.1
-2633,-3791.5,6470.7,7985.1
-2637.2,-3804.1,6470.7,7985.1
-2638,-3804.9,6470.7,7985.1
-2642.2,-3810.8,6470.7,7985.1
-2643.1,-3811.7,6470.7,7985.1
-2635.5,-3802.4,6470.7,7985.1
-2634.6,-3801.6,6470.7,7985.1
-2627.1,-3785.6,6470.7,7985.1
-2626.2,-3784.8,6470.7,7985.1
-2596.8,-3780.6,6470.7,7985.1
-2596,-3779.7,6470.7,7985.1
-2581.7,-3768.8,6470.7,7985.1
-2580.8,-3769.6,6470.7,7985.1
-2478.4,-3660.9,6287.8,7759.4
-2480.9,-3661.8,6287.8,7759.4
-2493.1,-3656,6287.8,7759.4
-2492.3,-3655.2,6287.8,7759.4
-2517.6,-3659.3,6287.8,7759.4
-2518.5,-3658.5,6287.8,7759.4
-2532.3,-3623.3,6287.8,7759.4
-2533.2,-3622.5,6287.8,7759.4
-2535.6,-3626.6,6287.8,7759.4
-2536.4,-3627.4,6287.8,7759.4
-2451.6,-3513.7,6110,7540
-2455.6,-3514.4,6110,7540
-2483.4,-3537.5,6110,7540
-2484.2,-3538.3,6110,7540
-2505.6,-3534.3,6110,7540
-2504.8,-3533.5,6110,7540
-2505.6,-3537.5,6110,7540
-2506.4,-3538.3,6110,7540
-2508.8,-3513.7,6110,7540
-2509.6,-3512.9,6110,7540
-2505.6,-3507.3,6110,7540
-2506.4,-3506.5,6110,7540
-2513.6,-3521.6,6110,7540
-2514.4,-3522.4,6110,7540
-2516.7,-3523.2,6110,7540
-2515.9,-3524,6110,7540
-2504,-3507.3,6110,7540
-2503.2,-3506.5,6110,7540
-2414.5,-3389.6,5937.2,7326.8
-2416.8,-3391.9,5937.2,7326.8
-2436.1,-3435.9,5937.2,7326.8
-2436.9,-3436.7,5937.2,7326.8
-2434.5,-3414.3,5937.2,7326.8
-2433.8,-3413.5,5937.2,7326.8
-2409.9,-3394.2,5937.2,7326.8
-2410.6,-3395,5937.2,7326.8
-2308.9,-3267.5,5769.3,7119.6
-2312.7,-3269.7,5769.3,7119.6
-2316.4,-3282.5,5769.3,7119.6
-2317.2,-3283.2,5769.3,7119.6
-2317.9,-3267.5,5769.3,7119.6
-2318.7,-3266.7,5769.3,7119.6
-2317.9,-3267.5,5769.3,7119.6
-2318.7,-3268.2,5769.3,7119.6
-2328.4,-3279.5,5769.3,7119.6
-2327.7,-3278.7,5769.3,7119.6
-2340.4,-3297.5,5769.3,7119.6
-2339.7,-3296.7,5769.3,7119.6
-2355.4,-3336.5,5769.3,7119.6
-2356.2,-3335.7,5769.3,7119.6
-2371.9,-3377,5769.3,7119.6
-2372.7,-3377.7,5769.3,7119.6
-2364.4,-3354.5,5769.3,7119.6
-2365.2,-3353.7,5769.3,7119.6
-2352.4,-3356,5769.3,7119.6
-2351.7,-3356.7,5769.3,7119.6
-2355.4,-3336.5,5769.3,7119.6
-2356.2,-3335.7,5769.3,7119.6
-2343.4,-3320,5769.3,7119.6
-2342.7,-3319.2,5769.3,7119.6
-2335.9,-3296,5769.3,7119.6
-2336.7,-3295.2,5769.3,7119.6
-2326.9,-3299,5769.3,7119.6
-2327.7,-3299.7,5769.3,7119.6
-2331.4,-3287,5769.3,7119.6
-2332.2,-3286.2,5769.3,7119.6
-2237.9,-3174.3,5606.2,6918.3
-2157.9,-3077.3,5447.7,6722.7
-2182.7,-3093.5,5447.7,6722.7
-2184.8,-3092.8,5447.7,6722.7
-2202.5,-3116.2,5447.7,6722.7
-2203.2,-3116.9,5447.7,6722.7
-2178.4,-3097.8,5447.7,6722.7
-2177.7,-3097.1,5447.7,6722.7
-2167.1,-3076.6,5447.7,6722.7
-2166.4,-3075.8,5447.7,6722.7
-2177,-3109.1,5447.7,6722.7
-2177.7,-3111.2,5447.7,6722.7
-2182.7,-3116.2,5447.7,6722.7
-2183.4,-3115.5,5447.7,6722.7
-2172.8,-3128.9,5447.7,6722.7
-2172.1,-3129.7,5447.7,6722.7
-2179.8,-3150.2,5447.7,6722.7
-2180.6,-3150.9,5447.7,6722.7
-2258.5,-3249.3,5610.6,6923.7
-2259.2,-3250,5610.6,6923.7
-2235.1,-3215.7,5610.6,6923.7
-2234.4,-3215,5610.6,6923.7
-2115,-3084.3,5452,6728
-2119.9,-3087.8,5452,6728
-2122.1,-3087.1,5452,6728
-2121.3,-3086.4,5452,6728
-2126.3,-3098.5,5452,6728
-2127,-3097.8,5452,6728
-2120.6,-3107,5452,6728
-2121.3,-3106.3,5452,6728
-2054.9,-3033.1,5297.8,6537.7
-2057,-3033.8,5297.8,6537.7
-2056.3,-3045.5,5297.8,6537.7
-2057,-3046.2,5297.8,6537.7
-2030.1,-3044.1,5297.8,6537.7
-2029.4,-3043.5,5297.8,6537.7
-1929,-2953.1,5148,6352.9
-1932.4,-2955.1,5148,6352.9
-1919.7,-2941.1,5148,6352.9
-1919,-2940.4,5148,6352.9
-1907.6,-2918.3,5148,6352.9
-1908.3,-2917.6,5148,6352.9
-1909,-2915.6,5148,6352.9
-1909.6,-2915,5148,6352.9
-1921,-2929,5148,6352.9
-1921.7,-2929.7,5148,6352.9
-1931.7,-2927.7,5148,6352.9
-1931.1,-2927,5148,6352.9
-1937.1,-2937,5148,6352.9
-1937.7,-2936.4,5148,6352.9
-1950.5,-2962.5,5148,6352.9
-1951.1,-2963.1,5148,6352.9
-1930.4,-2925,5148,6352.9
-1929.7,-2924.3,5148,6352.9
-1816.1,-2816.4,5002.5,6173.3
-1819.4,-2818.4,5002.5,6173.3
-1820,-2825.5,5002.5,6173.3
-1819.4,-2826.2,5002.5,6173.3
-1751.9,-2773.4,4861,5998.7
-1755.1,-2774,4861,5998.7
-1757,-2799.9,4861,5998.7
-1758.9,-2799.3,4861,5998.7
-1764.5,-2812.6,4861,5998.7
-1763.9,-2813.2,4861,5998.7
-1765.8,-2810,4861,5998.7
-1765.2,-2810.7,4861,5998.7
-1741.8,-2797.4,4861,5998.7
-1742.4,-2796.8,4861,5998.7
-1710.2,-2764.5,4861,5998.7
-1709.6,-2763.9,4861,5998.7
-1702.6,-2770.9,4861,5998.7
-1703.3,-2770.2,4861,5998.7
-1702.6,-2764.5,4861,5998.7
-1703.3,-2765.2,4861,5998.7
-1712.7,-2774.7,4861,5998.7
-1713.4,-2775.3,4861,5998.7
-1741.8,-2775.9,4861,5998.7
-1742.4,-2775.3,4861,5998.7
-1772.1,-2768.3,4861,5998.7
-1772.8,-2769,4861,5998.7
-1718.6,-2679.7,4723.6,5829.1
-1720.4,-2681.6,4723.6,5829.1
-1724.7,-2662.5,4723.6,5829.1
-1724.1,-2663.2,4723.6,5829.1
-1664.1,-2581.4,4590,5664.3
-1665.9,-2582,4590,5664.3
-1668.8,-2580.2,4590,5664.3
-1668.2,-2580.8,4590,5664.3
-1655.7,-2576.6,4590,5664.3
-1655.1,-2576,4590,5664.3
-1557.4,-2484.6,4460.2,5504.1
-1560.3,-2485.2,4460.2,5504.1
-1555.1,-2500.8,4460.2,5504.1
-1554.5,-2500.2,4460.2,5504.1
-1538.9,-2512.4,4460.2,5504.1
-1538.3,-2513,4460.2,5504.1
-1459.6,-2432.3,4334.1,5348.5
-1460.1,-2431.7,4334.1,5348.5
-1459.6,-2440.2,4334.1,5348.5
-1460.1,-2440.7,4334.1,5348.5
-1477.6,-2460.4,4334.1,5348.5
-1478.2,-2461,4334.1,5348.5
-1425.3,-2419.8,4211.6,5197.3
-1425.9,-2417,4211.6,5197.3
-1429.7,-2422,4211.6,5197.3
-1430.3,-2422.5,4211.6,5197.3
-1438.5,-2384.7,4211.6,5197.3
-1439,-2383.1,4211.6,5197.3
-1388.8,-2302.5,4092.5,5050.3
-1390.4,-2304.1,4092.5,5050.3
-1397.3,-2295,4092.5,5050.3
-1396.8,-2294.5,4092.5,5050.3
-1321.4,-2225.8,3976.8,4907.5
-1322.9,-2225.3,3976.8,4907.5
-1309,-2218.5,3976.8,4907.5
-1308.4,-2219.1,3976.8,4907.5
-1247.6,-2156.4,3864.4,4768.8
-1249.1,-2155.9,3864.4,4768.8
-1261.6,-2155.4,3864.4,4768.8
-1261.1,-2154.9,3864.4,4768.8
-1253.6,-2145.4,3864.4,4768.8
-1253.1,-2144.8,3864.4,4768.8
-1236.5,-2108.2,3864.4,4768.8
-1236,-2107.7,3864.4,4768.8
-1162.8,-2022.7,3755.1,4634
-1163.3,-2023.2,3755.1,4634
-1119.5,-1975.7,3648.9,4502.9
-1119,-1976.2,3648.9,4502.9
-1130.9,-2004.2,3648.9,4502.9
-1131.3,-2003.7,3648.9,4502.9
-1140.3,-2010.8,3648.9,4502.9
-1140.8,-2010.3,3648.9,4502.9
-1151.7,-2009.9,3648.9,4502.9
-1152.2,-2008.4,3648.9,4502.9
-1136.6,-1985.2,3648.9,4502.9
-1084.5,-1922,3545.8,4375.6
-1023.8,-1858.8,3445.5,4251.9
-1025.1,-1859.2,3445.5,4251.9
-1047.1,-1890.1,3445.5,4251.9
-996.1,-1830.5,3348.1,4131.7
-1012.2,-1836.1,3348.1,4131.7
-1012.6,-1836.6,3348.1,4131.7
-1005.2,-1850,3348.1,4131.7
-1005.7,-1850.5,3348.1,4131.7
-985.23,-1817,3348.1,4131.7
-985.66,-1817.4,3348.1,4131.7
-972.17,-1818.7,3348.1,4131.7
-972.61,-1819.2,3348.1,4131.7
-974.78,-1830.9,3348.1,4131.7
-976.09,-1830.5,3348.1,4131.7
-920.49,-1765.5,3253.4,4014.9
-921.76,-1766,3253.4,4014.9
-920.49,-1767.2,3253.4,4014.9
-920.91,-1767.6,3253.4,4014.9
-883.8,-1728.2,3161.4,3901.3
-885.03,-1727.8,3161.4,3901.3
-878.04,-1734,3161.4,3901.3
-878.45,-1735.2,3161.4,3901.3
-858.32,-1724.1,3161.4,3901.3
-857.09,-1725.3,3161.4,3901.3
-851.75,-1730.7,3161.4,3901.3
-851.34,-1730.3,3161.4,3901.3
-850.92,-1742.2,3161.4,3901.3
-851.34,-1741.8,3161.4,3901.3
-847.64,-1725.8,3161.4,3901.3
-847.23,-1724.5,3161.4,3901.3
-806.23,-1662.4,3072,3791
-807.43,-1662.8,3072,3791
-811.82,-1652.8,3072,3791
-811.42,-1652.4,3072,3791
-817.41,-1634.4,3072,3791
-817.81,-1634,3072,3791
-828.59,-1640,3072,3791
-828.19,-1640.4,3072,3791
-803.53,-1624.8,2985.2,3683.8
-760.16,-1572.3,2900.8,3579.7
-767.32,-1611.9,2900.8,3579.7
-811.07,-1665,2987.5,3686.7
-806.8,-1596.3,2987.5,3686.7
-806.41,-1595.9,2987.5,3686.7
-757.57,-1526.3,2903,3582.5
-758.71,-1528.2,2903,3582.5
-759.84,-1521.8,2903,3582.5
-760.21,-1521.4,2903,3582.5
-777.19,-1550.5,2903,3582.5
-777.57,-1550.8,2903,3582.5
-761.06,-1490,2821,3481.2
-760.69,-1491.1,2821,3481.2
-766.19,-1483.4,2821,3481.2
-765.82,-1483.8,2821,3481.2
-775.72,-1461.4,2821,3481.2
-775.35,-1461,2821,3481.2
-776.45,-1448.2,2821,3481.2
-776.09,-1447.8,2821,3481.2
-737.31,-1398.3,2741.2,3382.8
-738.38,-1397.9,2741.2,3382.8
-740.16,-1393.3,2741.2,3382.8
-739.8,-1393.6,2741.2,3382.8
-707.82,-1349,2663.7,3287.1
-709.55,-1350.1,2663.7,3287.1
-725.82,-1369.8,2663.7,3287.1
-726.17,-1369.4,2663.7,3287.1
-743.13,-1395.4,2663.7,3287.1
-743.48,-1395.7,2663.7,3287.1
-744.52,-1382.2,2663.7,3287.1
-744.86,-1381.2,2663.7,3287.1
-738.28,-1355.2,2663.7,3287.1
-738.63,-1355.6,2663.7,3287.1
-723.05,-1338.6,2663.7,3287.1
-723.4,-1338.3,2663.7,3287.1
-719.59,-1344.2,2663.7,3287.1
-719.94,-1344.5,2663.7,3287.1
-718.2,-1335.2,2663.7,3287.1
-727.55,-1369.4,2663.7,3287.1
-727.21,-1370.5,2663.7,3287.1
-740.71,-1372.2,2663.7,3287.1
-740.36,-1372.6,2663.7,3287.1
-744.17,-1375,2663.7,3287.1
-744.52,-1376,2663.7,3287.1
-705.82,-1335.4,2588.4,3194.2
-706.16,-1335.1,2588.4,3194.2
-707.17,-1352.3,2588.4,3194.2
-707.5,-1352.6,2588.4,3194.2
-707.84,-1360.3,2588.4,3194.2
-706.83,-1361.3,2588.4,3194.2
-702.46,-1343.5,2588.4,3194.2
-703.47,-1343.2,2588.4,3194.2
-657.12,-1290.3,2515.2,3103.9
-657.44,-1290.6,2515.2,3103.9
-646,-1316.4,2515.2,3103.9
-646.33,-1316.8,2515.2,3103.9
-630.96,-1292.2,2515.2,3103.9
-631.29,-1292.6,2515.2,3103.9
-614.62,-1339.3,2515.2,3103.9
-614.29,-1340.3,2515.2,3103.9
-611.35,-1303.4,2515.2,3103.9
-611.02,-1303,2515.2,3103.9
-603.5,-1315.1,2515.2,3103.9
-603.18,-1315.4,2515.2,3103.9
-622.47,-1320.4,2515.2,3103.9
-622.79,-1321.3,2515.2,3103.9
-648.62,-1374,2515.2,3103.9
-648.29,-1374.3,2515.2,3103.9
-636.2,-1338,2515.2,3103.9
-635.87,-1337.7,2515.2,3103.9
-616.58,-1290.3,2515.2,3103.9
-616.25,-1290.6,2515.2,3103.9
-607.43,-1254.3,2515.2,3103.9
-607.75,-1254.6,2515.2,3103.9
-598.93,-1249.7,2515.2,3103.9
-599.25,-1249.4,2515.2,3103.9
-579.72,-1247,2444.1,3016.1
-579.4,-1244.2,2444.1,3016.1
-619.11,-1280.1,2444.1,3016.1
-618.79,-1280.4,2444.1,3016.1
-633.08,-1301.1,2444.1,3016.1
-632.76,-1301.4,2444.1,3016.1
-641.34,-1292.8,2444.1,3016.1
-641.66,-1292.5,2444.1,3016.1
-643.88,-1271.8,2444.1,3016.1
-644.2,-1270.9,2444.1,3016.1
-617.2,-1251.5,2444.1,3016.1
-616.88,-1251.8,2444.1,3016.1
-607.03,-1233.1,2444.1,3016.1
-607.35,-1234,2444.1,3016.1
-618.47,-1262.9,2444.1,3016.1
-618.79,-1263.2,2444.1,3016.1
-636.26,-1290.3,2444.1,3016.1
-636.58,-1290.6,2444.1,3016.1
-646.42,-1290.9,2444.1,3016.1
-647.38,-1291.2,2444.1,3016.1
-637.53,-1257.2,2444.1,3016.1
-637.85,-1256.9,2444.1,3016.1
-622.92,-1240.1,2444.1,3016.1
-622.6,-1240.4,2444.1,3016.1
-622.28,-1259.1,2444.1,3016.1
-622.6,-1258.8,2444.1,3016.1
-618.47,-1229.9,2444.1,3016.1
-619.42,-1230.2,2444.1,3016.1
-619.74,-1229.9,2444.1,3016.1
-619.42,-1229.6,2444.1,3016.1
-629.27,-1252.1,2444.1,3016.1
-628.95,-1253.1,2444.1,3016.1
-620.38,-1253.4,2444.1,3016.1
-620.69,-1253.7,2444.1,3016.1
-606.4,-1243.9,2444.1,3016.1
-606.72,-1243.6,2444.1,3016.1
-603.22,-1254.7,2444.1,3016.1
-603.54,-1255,2444.1,3016.1
-601.32,-1297.9,2444.1,3016.1
-601,-1298.2,2444.1,3016.1
-642.3,-1360.8,2517.2,3106.3
-642.63,-1362.4,2517.2,3106.3
-616.13,-1310.4,2517.2,3106.3
-615.8,-1310,2517.2,3106.3
-609.59,-1309.7,2517.2,3106.3
-609.26,-1309.4,2517.2,3106.3
-614.82,-1318.2,2517.2,3106.3
-615.15,-1318.6,2517.2,3106.3
-611.55,-1352.9,2517.2,3106.3
-611.88,-1353.2,2517.2,3106.3
-593.88,-1354.9,2517.2,3106.3
-593.56,-1354.5,2517.2,3106.3
-558.55,-1352.9,2517.2,3106.3
-557.57,-1351.9,2517.2,3106.3
-524.53,-1337.2,2517.2,3106.3
-523.54,-1337.5,2517.2,3106.3
-514.06,-1333.3,2517.2,3106.3
-514.38,-1332.9,2517.2,3106.3
-509.48,-1327.4,2517.2,3106.3
-509.8,-1327.7,2517.2,3106.3
-509.48,-1310.4,2517.2,3106.3
-509.15,-1310.7,2517.2,3106.3
-507.51,-1320.8,2517.2,3106.3
-507.84,-1321.2,2517.2,3106.3
-502.28,-1333.3,2517.2,3106.3
-501.95,-1333.6,2517.2,3106.3
-506.54,-1376.4,2592.4,3199.2
-504.18,-1376.1,2592.4,3199.2
-492.39,-1376.4,2592.4,3199.2
-492.05,-1376.8,2592.4,3199.2
-477.56,-1387.9,2592.4,3199.2
-477.9,-1388.2,2592.4,3199.2
-473.52,-1413.5,2592.4,3199.2
-473.86,-1414.5,2592.4,3199.2
-485.65,-1414.2,2592.4,3199.2
-486.66,-1413.8,2592.4,3199.2
-487.67,-1423.6,2592.4,3199.2
-488.01,-1423.3,2592.4,3199.2
-478.91,-1433.7,2592.4,3199.2
-479.25,-1434.1,2592.4,3199.2
-475.54,-1438.4,2592.4,3199.2
-475.88,-1438.1,2592.4,3199.2
-475.54,-1441.1,2592.4,3199.2
-475.88,-1440.8,2592.4,3199.2
-505.54,-1492.3,2669.9,3294.8
-545.8,-1541.9,2749.8,3393.3
-553.31,-1538.7,2749.8,3393.3
-553.66,-1539.1,2749.8,3393.3
-566.17,-1535.9,2749.8,3393.3
-566.53,-1536.2,2749.8,3393.3
-576.89,-1543.7,2749.8,3393.3
-577.25,-1544.8,2749.8,3393.3
-587.62,-1538,2749.8,3393.3
-587.26,-1537.6,2749.8,3393.3
-582.61,-1500.8,2749.8,3393.3
-582.25,-1499.8,2749.8,3393.3
-582.61,-1478.7,2749.8,3393.3
-582.25,-1478.3,2749.8,3393.3
-571.89,-1437.9,2749.8,3393.3
-572.25,-1437.6,2749.8,3393.3
-587.62,-1427.9,2749.8,3393.3
-587.26,-1428.3,2749.8,3393.3
-617.64,-1450.1,2749.8,3393.3
-617.99,-1450.4,2749.8,3393.3
-647.66,-1473.7,2749.8,3393.3
-648.01,-1474,2749.8,3393.3
-674.1,-1473.7,2749.8,3393.3
-674.46,-1472.6,2749.8,3393.3
-666.96,-1467.2,2749.8,3393.3
-667.31,-1466.9,2749.8,3393.3
-696.63,-1511.5,2832,3494.8
-694.05,-1511.2,2832,3494.8
-684.85,-1508.6,2832,3494.8
-685.22,-1509,2832,3494.8
-676.02,-1524.1,2832,3494.8
-675.65,-1524.4,2832,3494.8
-684.11,-1534.4,2832,3494.8
-685.22,-1534,2832,3494.8
-679.7,-1523.3,2832,3494.8
-723.14,-1575.9,2916.7,3599.3
-700.02,-1589.2,2916.7,3599.3
-699.64,-1588.8,2916.7,3599.3
-722.39,-1640.7,3003.9,3706.9
-720.44,-1640.3,3003.9,3706.9
-697.4,-1652.4,3003.9,3706.9
-697.79,-1652.8,3003.9,3706.9
-681.79,-1651.7,3003.9,3706.9
-682.18,-1651.3,3003.9,3706.9
-666.17,-1647.8,3003.9,3706.9
-712.25,-1703.6,3093.7,3817.7
-705.41,-1701.6,3093.7,3817.7
-705.01,-1701.2,3093.7,3817.7
-705.41,-1712.8,3093.7,3817.7
-705.82,-1713.2,3093.7,3817.7
-738.8,-1769.9,3186.2,3931.9
-736.73,-1769.5,3186.2,3931.9
-714.78,-1755.8,3186.2,3931.9
-715.19,-1755.4,3186.2,3931.9
-711.47,-1761.6,3186.2,3931.9
-711.88,-1761.2,3186.2,3931.9
-708.98,-1776.5,3186.2,3931.9
-709.4,-1776.9,3186.2,3931.9
-713.12,-1779,3186.2,3931.9
-761.17,-1837.4,3281.5,4049.5
-765.86,-1842.1,3281.5,4049.5
-765.44,-1841.6,3281.5,4049.5
-772.69,-1845.5,3281.5,4049.5
-773.11,-1845,3281.5,4049.5
-765.01,-1842.9,3281.5,4049.5
-765.44,-1842.5,3281.5,4049.5
-766.72,-1825,3281.5,4049.5
-767.14,-1823.7,3281.5,4049.5
-760.74,-1821.6,3281.5,4049.5
-760.32,-1821.2,3281.5,4049.5
-774.39,-1814.8,3281.5,4049.5
-774.82,-1814.3,3281.5,4049.5
-800.84,-1836.1,3281.5,4049.5
-801.26,-1836.5,3281.5,4049.5
-825.57,-1856.6,3281.5,4049.5
-875.91,-1916.7,3379.6,4170.5
-878.11,-1893.4,3379.6,4170.5
-878.54,-1893,3379.6,4170.5
-878.98,-1858.3,3379.6,4170.5
-878.54,-1857.8,3379.6,4170.5
-878.11,-1853,3379.6,4170.5
-877.67,-1853.4,3379.6,4170.5
-884.25,-1858.3,3379.6,4170.5
-883.82,-1858.7,3379.6,4170.5
-900.07,-1865.3,3379.6,4170.5
-900.51,-1864.8,3379.6,4170.5
-910.61,-1871.4,3379.6,4170.5
-911.05,-1871,3379.6,4170.5
-912.37,-1859.1,3379.6,4170.5
-912.81,-1858.7,3379.6,4170.5
-930.81,-1875.8,3379.6,4170.5
-931.25,-1876.3,3379.6,4170.5
-949.26,-1873.2,3379.6,4170.5
-949.7,-1871.9,3379.6,4170.5
-947.51,-1869.7,3379.6,4170.5
-947.07,-1869.2,3379.6,4170.5
-947.51,-1824.9,3379.6,4170.5
-947.95,-1824.4,3379.6,4170.5
-968.59,-1849.5,3379.6,4170.5
-921.25,-1791,3284,4052.6
-941.31,-1812.7,3284,4052.6
-941.74,-1813.1,3284,4052.6
-969.07,-1846.8,3382.2,4173.8
-966.87,-1845.5,3382.2,4173.8
-911.58,-1759.7,3286.6,4055.8
-912.86,-1761,3286.6,4055.8
-927.81,-1810.1,3286.6,4055.8
-928.24,-1811.4,3286.6,4055.8
-932.94,-1805,3286.6,4055.8
-933.37,-1804.6,3286.6,4055.8
-944.05,-1793.9,3286.6,4055.8
-943.62,-1794.3,3286.6,4055.8
-967.97,-1812.7,3286.6,4055.8
-968.39,-1813.1,3286.6,4055.8
-985.91,-1809.3,3286.6,4055.8
-985.48,-1809.7,3286.6,4055.8
-973.09,-1779.4,3286.6,4055.8
-972.67,-1778.9,3286.6,4055.8
-993.6,-1780.2,3286.6,4055.8
-994.02,-1780.6,3286.6,4055.8
-975.33,-1763.9,3193.7,3941.1
-974.91,-1762.6,3193.7,3941.1
-947.93,-1734.8,3193.7,3941.1
-947.52,-1734.4,3193.7,3941.1
-934.65,-1696.6,3193.7,3941.1
-935.06,-1694.6,3193.7,3941.1
-945.44,-1707.4,3193.7,3941.1
-945.86,-1707.8,3193.7,3941.1
-958.72,-1714.9,3193.7,3941.1
-959.97,-1715.3,3193.7,3941.1
-978.65,-1734.8,3193.7,3941.1
-979.89,-1734.4,3193.7,3941.1
-986.12,-1739,3193.7,3941.1
-986.53,-1738.6,3193.7,3941.1
-1005.2,-1771.3,3193.7,3941.1
-1004.8,-1771.8,3193.7,3941.1
-1006.9,-1786.3,3193.7,3941.1
-1006.5,-1786.7,3193.7,3941.1
-994.42,-1784.6,3193.7,3941.1
-1042.6,-1843.1,3289.1,4058.9
-1020.8,-1834.2,3289.1,4058.9
-1020.4,-1833.7,3289.1,4058.9
-1004.5,-1849.5,3289.1,4058.9
-1004.1,-1849.1,3289.1,4058.9
-984.01,-1802.5,3289.1,4058.9
-984.44,-1803,3289.1,4058.9
-969.48,-1803.4,3289.1,4058.9
-969.05,-1803.8,3289.1,4058.9
-982.3,-1798.2,3289.1,4058.9
-981.88,-1797.8,3289.1,4058.9
-976.32,-1789.7,3289.1,4058.9
-975.89,-1788.4,3289.1,4058.9
-966.06,-1776,3289.1,4058.9
-965.63,-1775.6,3289.1,4058.9
-928.97,-1752,3196.1,3944.2
-930.21,-1752.4,3196.1,3944.2
-936.44,-1797.7,3196.1,3944.2
-936.86,-1798.1,3196.1,3944.2
-981.73,-1825.9,3291.7,4062.1
-981.3,-1823.8,3291.7,4062.1
-981.73,-1778,3291.7,4062.1
-981.3,-1777.6,3291.7,4062.1
-979.17,-1782.3,3291.7,4062.1
-978.74,-1782.7,3291.7,4062.1
-975.74,-1778.8,3291.7,4062.1
-976.17,-1779.3,3291.7,4062.1
-989.43,-1807.9,3291.7,4062.1
-988.15,-1808.4,3291.7,4062.1
-985.15,-1830.2,3291.7,4062.1
-984.73,-1830.6,3291.7,4062.1
-967.19,-1798.5,3291.7,4062.1
-966.76,-1798.1,3291.7,4062.1
-946.65,-1782.3,3291.7,4062.1
-946.22,-1781.8,3291.7,4062.1
-956.92,-1815.6,3291.7,4062.1
-956.49,-1815.2,3291.7,4062.1
-948.36,-1822.5,3291.7,4062.1
-947.93,-1822.1,3291.7,4062.1
-953.5,-1813.9,3291.7,4062.1
-953.07,-1813.5,3291.7,4062.1
-950.93,-1784.8,3291.7,4062.1
-951.36,-1782.7,3291.7,4062.1
-967.19,-1787.4,3291.7,4062.1
-968.47,-1787.8,3291.7,4062.1
-974.89,-1791.7,3291.7,4062.1
-975.31,-1791.2,3291.7,4062.1
-995.42,-1805.4,3291.7,4062.1
-994.99,-1805.8,3291.7,4062.1
-998.85,-1806.2,3291.7,4062.1
-998.42,-1806.7,3291.7,4062.1
-970.61,-1766.9,3291.7,4062.1
-970.18,-1766.4,3291.7,4062.1
-975.74,-1768.6,3291.7,4062.1
-975.31,-1768.1,3291.7,4062.1
-981.73,-1803.7,3291.7,4062.1
-981.3,-1804.1,3291.7,4062.1
-1025,-1878.1,3390.1,4183.6
-1023.6,-1878.5,3390.1,4183.6
-941.24,-1799.6,3390.1,4183.6
-941.68,-1799.2,3390.1,4183.6
-939.47,-1827.8,3390.1,4183.6
-939.91,-1827.4,3390.1,4183.6
-940.35,-1897.5,3390.1,4183.6
-939.91,-1897.9,3390.1,4183.6
-941.24,-1886.9,3390.1,4183.6
-993.24,-1949,3491.5,4308.7
-943.78,-1862.3,3491.5,4308.7
-943.32,-1862.8,3491.5,4308.7
-872.64,-1730.6,3392.8,4186.8
-874.84,-1731.9,3392.8,4186.8
-904.38,-1744.7,3392.8,4186.8
-905.71,-1745.2,3392.8,4186.8
-938.78,-1758,3392.8,4186.8
-940.1,-1757.5,3392.8,4186.8
-965.24,-1752.7,3392.8,4186.8
-967.44,-1752.2,3392.8,4186.8
-974.94,-1749.1,3392.8,4186.8
-975.38,-1749.6,3392.8,4186.8
-979.35,-1752.7,3392.8,4186.8
-979.79,-1752.2,3392.8,4186.8
-971.41,-1765,3392.8,4186.8
-970.97,-1764.6,3392.8,4186.8
-967.88,-1780,3392.8,4186.8
-968.32,-1780.4,3392.8,4186.8
-974.06,-1787.1,3392.8,4186.8
-973.62,-1787.5,3392.8,4186.8
-965.24,-1795,3392.8,4186.8
-965.68,-1796.3,3392.8,4186.8
-947.6,-1796.8,3392.8,4186.8
-947.16,-1796.3,3392.8,4186.8
-927.31,-1795.9,3392.8,4186.8
-978.48,-1858,3494.2,4312
-945.32,-1856.7,3494.2,4312
-944.87,-1856.2,3494.2,4312
-927.16,-1849.4,3494.2,4312
-926.7,-1849.9,3494.2,4312
-926.25,-1865.7,3494.2,4312
-925.8,-1866.2,3494.2,4312
-938.97,-1881.2,3494.2,4312
-939.42,-1881.6,3494.2,4312
-1003,-1940.2,3598.7,4440.9
-1002.5,-1939.7,3598.7,4440.9
-1018.9,-1962.7,3598.7,4440.9
-1018.4,-1962.2,3598.7,4440.9
-1045.1,-2014.1,3598.7,4440.9
-1046.5,-2037,3598.7,4440.9
-1047,-2037.5,3598.7,4440.9
-1019.4,-1997.7,3598.7,4440.9
-1074.6,-2063.7,3706.3,4573.7
-1053.9,-2052.6,3706.3,4573.7
-1054.4,-2052.1,3706.3,4573.7
-1044.2,-2057.4,3706.3,4573.7
-1044.7,-2057.9,3706.3,4573.7
-1031.7,-2070.9,3706.3,4573.7
-1032.2,-2070.4,3706.3,4573.7
-1071.7,-2150.8,3817.1,4710.5
-1070.2,-2150.3,3817.1,4710.5
-1056.8,-2148.8,3817.1,4710.5
-1057.3,-2148.3,3817.1,4710.5
-1047.9,-2152.8,3817.1,4710.5
-1048.4,-2151.3,3817.1,4710.5
-1045.9,-2161.7,3817.1,4710.5
-1104.5,-2232.7,3931.3,4851.3
-1081.5,-2218.9,3931.3,4851.3
-1081,-2218.3,3931.3,4851.3
-1060,-2224,3931.3,4851.3
-1059.5,-2225.5,3931.3,4851.3
-1118.8,-2297.5,4048.8,4996.4
-1119.3,-2298,4048.8,4996.4
-1128.8,-2391.2,4169.9,5145.8
-1123.9,-2395,4169.9,5145.8
-1086.5,-2396.6,4169.9,5145.8
-1086,-2397.1,4169.9,5145.8
-1077.9,-2394.4,4169.9,5145.8
-1077.3,-2395,4169.9,5145.8
-1077.9,-2395.5,4169.9,5145.8
-1077.3,-2395,4169.9,5145.8
-1140.2,-2532,4294.5,5299.6
-1140.8,-2537.1,4294.5,5299.6
-1133.5,-2522,4294.5,5299.6
-1132.9,-2521.4,4294.5,5299.6
-1148,-2463.9,4294.5,5299.6
-1212.8,-2540.4,4422.9,5458.1
-1213.3,-2541,4422.9,5458.1
-1213.9,-2541.5,4422.9,5458.1
-1251.3,-2520.3,4422.9,5458.1
-1251.9,-2519.7,4422.9,5458.1
-1285.8,-2522.6,4422.9,5458.1
-1286.3,-2522,4422.9,5458.1
-1311.1,-2543.3,4422.9,5458.1
-1311.6,-2542.7,4422.9,5458.1
-1311.1,-2543.3,4422.9,5458.1
-1311.6,-2542.7,4422.9,5458.1
-1338.7,-2496.1,4422.9,5458.1
-1405.4,-2574.8,4555.2,5621.3
-1416.6,-2518.6,4555.2,5621.3
-1417.2,-2518,4555.2,5621.3
-1342.7,-2409.5,4426.4,5462.4
-1345.6,-2410.1,4426.4,5462.4
-1298.6,-2316.2,4301.2,5307.9
-1299.1,-2317.9,4301.2,5307.9
-1329.9,-2338.6,4301.2,5307.9
-1331.6,-2339.1,4301.2,5307.9
-1357.8,-2349.7,4301.2,5307.9
-1358.4,-2350.3,4301.2,5307.9
-1376.8,-2395.6,4301.2,5307.9
-1377.4,-2396.1,4301.2,5307.9
-1400.3,-2368.7,4301.2,5307.9
-1399.8,-2368.2,4301.2,5307.9
-1407,-2348.6,4301.2,5307.9
-1407.6,-2348.1,4301.2,5307.9
-1414.9,-2369.9,4301.2,5307.9
-1414.3,-2370.4,4301.2,5307.9
-1411.5,-2363.2,4301.2,5307.9
-1412.1,-2363.7,4301.2,5307.9
-1384.7,-2376.6,4301.2,5307.9
-1384.1,-2376,4301.2,5307.9
-1362.3,-2330.7,4301.2,5307.9
-1360.6,-2329.1,4301.2,5307.9
-1342.2,-2328.5,4301.2,5307.9
-1341.6,-2327.9,4301.2,5307.9
-1331,-2325.1,4301.2,5307.9
-1330.4,-2325.7,4301.2,5307.9
-1310.9,-2326.3,4301.2,5307.9
-1310.3,-2326.8,4301.2,5307.9
-1224.3,-2280.3,4179.6,5157.8
-1228.1,-2280.8,4179.6,5157.8
-1242.8,-2290.1,4179.6,5157.8
-1242.3,-2290.6,4179.6,5157.8
-1265.6,-2324.8,4179.6,5157.8
-1266.2,-2325.4,4179.6,5157.8
-1259.1,-2293.3,4179.6,5157.8
-1258.6,-2292.8,4179.6,5157.8
-1165.3,-2173.7,4061.4,5012
-1166.8,-2175.3,4061.4,5012
-1170.5,-2189.5,4061.4,5012
-1171.1,-2189,4061.4,5012
-1157.9,-2208.5,4061.4,5012
-1158.4,-2209.1,4061.4,5012
-1123,-2188.5,4061.4,5012
-1122.5,-2187.9,4061.4,5012
-1103,-2184.3,4061.4,5012
-1102.4,-2184.8,4061.4,5012
-1075.5,-2219.1,4061.4,5012
-1075,-2219.6,4061.4,5012
-1049.1,-2244.4,4061.4,5012
-1048.6,-2245,4061.4,5012
-1044.9,-2283.5,4061.4,5012
-1045.4,-2284,4061.4,5012
-1038.6,-2293,4061.4,5012
-1039.1,-2293.5,4061.4,5012
-1013.2,-2326.8,4061.4,5012
-1011.6,-2327.3,4061.4,5012
-1002.7,-2334.2,4061.4,5012
-1002.1,-2333.6,4061.4,5012
-1004.8,-2358.4,4061.4,5012
-1005.3,-2359,4061.4,5012
-1016.4,-2341.6,4061.4,5012
-1016.9,-2341,4061.4,5012
-1025.9,-2342.6,4061.4,5012
-1026.4,-2342.1,4061.4,5012
-1019.6,-2326.8,4061.4,5012
-1020.1,-2327.3,4061.4,5012
-1011.1,-2346.8,4061.4,5012
-1010.6,-2346.3,4061.4,5012
-1012.2,-2333.1,4061.4,5012
-1012.7,-2332.6,4061.4,5012
-1006.9,-2332.1,4061.4,5012
-1007.4,-2331.5,4061.4,5012
-1011.1,-2324.7,4061.4,5012
-1011.6,-2325.2,4061.4,5012
-1024.8,-2322.6,4061.4,5012
-1024.3,-2322,4061.4,5012
-1036.5,-2314.1,4061.4,5012
-1037,-2313.6,4061.4,5012
-1068.1,-2304.6,4061.4,5012
-1068.7,-2304.1,4061.4,5012
-1103,-2284.5,4061.4,5012
-1104.6,-2284,4061.4,5012
-1060.3,-2183.1,3946.6,4870.3
-1059.8,-2184.6,3946.6,4870.3
-1066.5,-2193.3,3946.6,4870.3
-1067,-2193.8,3946.6,4870.3
-1063.4,-2202.6,3946.6,4870.3
-1062.9,-2203.1,3946.6,4870.3
-1062.4,-2203.6,3946.6,4870.3
-1007.1,-2134.2,3835,4732.6
-996.64,-2129.7,3835,4732.6
-996.14,-2129.2,3835,4732.6
-996.64,-2129.7,3835,4732.6
-996.14,-2129.2,3835,4732.6
-988.66,-2147.7,3835,4732.6
-987.17,-2148.2,3835,4732.6
-995.64,-2180.6,3835,4732.6
-995.14,-2180.1,3835,4732.6
-995.64,-2180.6,3835,4732.6
-995.14,-2180.1,3835,4732.6
-995.64,-2167.6,3835,4732.6
-995.14,-2167.1,3835,4732.6
-995.64,-2167.6,3835,4732.6
-995.14,-2167.1,3835,4732.6
-1029.5,-2202.5,3835,4732.6
-1029,-2203,3835,4732.6
-1030.5,-2236.4,3835,4732.6
-1030,-2236.9,3835,4732.6
-1030.5,-2236.4,3835,4732.6
-1030,-2235.9,3835,4732.6
-1020.6,-2261.3,3835,4732.6
-1020.1,-2261.8,3835,4732.6
-1008.6,-2261.3,3835,4732.6
-1008.1,-2260.8,3835,4732.6
-1015.6,-2266.3,3835,4732.6
-1015.1,-2265.8,3835,4732.6
-1008.6,-2259.3,3835,4732.6
-1008.1,-2258.8,3835,4732.6
-947.41,-2191.4,3726.6,4598.8
-948.86,-2191.9,3726.6,4598.8
-942.56,-2173,3726.6,4598.8
-943.05,-2172.5,3726.6,4598.8
-939.66,-2149.8,3726.6,4598.8
-940.14,-2149.3,3726.6,4598.8
-944.5,-2153.7,3726.6,4598.8
-944.02,-2153.2,3726.6,4598.8
-961.94,-2165.3,3726.6,4598.8
-962.42,-2165.8,3726.6,4598.8
-910.22,-2085.7,3621.2,4468.7
-911.63,-2086.2,3621.2,4468.7
-915.87,-2098.9,3621.2,4468.7
-916.34,-2098.4,3621.2,4468.7
-928.11,-2099.9,3621.2,4468.7
-928.58,-2100.3,3621.2,4468.7
-921.52,-2096.1,3621.2,4468.7
-921.99,-2096.6,3621.2,4468.7
-931.87,-2112.1,3621.2,4468.7
-931.4,-2112.6,3621.2,4468.7
-943.17,-2103.6,3621.2,4468.7
-942.7,-2103.2,3621.2,4468.7
-938.46,-2107.4,3621.2,4468.7
-938.93,-2106.9,3621.2,4468.7
-943.17,-2104.6,3621.2,4468.7
-942.7,-2104.1,3621.2,4468.7
-938.46,-2125.3,3621.2,4468.7
-938.93,-2125.7,3621.2,4468.7
-935.64,-2136.6,3621.2,4468.7
-935.17,-2137,3621.2,4468.7
-941.28,-2127.2,3621.2,4468.7
-941.76,-2126.7,3621.2,4468.7
-939.4,-2135.6,3621.2,4468.7
-939.87,-2136.1,3621.2,4468.7
-965.76,-2120.6,3621.2,4468.7
-966.23,-2119.2,3621.2,4468.7
-958.23,-2098.9,3621.2,4468.7
-957.76,-2099.4,3621.2,4468.7
-947.87,-2058.4,3621.2,4468.7
-948.34,-2057,3621.2,4468.7
-949.76,-2052.8,3621.2,4468.7
-949.29,-2053.3,3621.2,4468.7
-970.47,-2049,3621.2,4468.7
-970.94,-2049.5,3621.2,4468.7
-934.33,-1996.2,3518.8,4342.4
-933.88,-1996.7,3518.8,4342.4
-934.33,-2010.8,3518.8,4342.4
-933.88,-2010.4,3518.8,4342.4
-912.38,-2016.3,3518.8,4342.4
-911.92,-2015.9,3518.8,4342.4
-891.34,-2012.7,3518.8,4342.4
-891.8,-2014,3518.8,4342.4
-865.73,-2010.8,3518.8,4342.4
-865.27,-2010.4,3518.8,4342.4
-852.92,-2002.6,3518.8,4342.4
-852.47,-2003.1,3518.8,4342.4
-869.39,-2019.1,3518.8,4342.4
-869.85,-2019.5,3518.8,4342.4
-871.22,-2028.2,3518.8,4342.4
-871.68,-2027.8,3518.8,4342.4
-927.48,-2084,3624.1,4472.2
-927.96,-2084.5,3624.1,4472.2
-942.56,-2078.3,3624.1,4472.2
-942.09,-2077.9,3624.1,4472.2
-955.75,-2084.9,3624.1,4472.2
-956.22,-2085.4,3624.1,4472.2
-967.99,-2090.6,3624.1,4472.2
-968.46,-2090.1,3624.1,4472.2
-975.53,-2096.2,3624.1,4472.2
-976,-2094.8,3624.1,4472.2
-979.3,-2084,3624.1,4472.2
-978.83,-2083.5,3624.1,4472.2
-979.3,-2082.1,3624.1,4472.2
-978.83,-2082.6,3624.1,4472.2
-981.18,-2072.7,3624.1,4472.2
-980.71,-2072.2,3624.1,4472.2
-972.7,-2064.2,3624.1,4472.2
-972.23,-2063.7,3624.1,4472.2
-950.09,-2050.1,3624.1,4472.2
-949.62,-2050.5,3624.1,4472.2
-910.53,-2046.3,3624.1,4472.2
-910.06,-2045.8,3624.1,4472.2
-865.31,-2015.2,3624.1,4472.2
-864.84,-2013.8,3624.1,4472.2
-859.66,-2025.6,3624.1,4472.2
-860.13,-2025.1,3624.1,4472.2
-865.31,-2060.4,3624.1,4472.2
-865.78,-2060,3624.1,4472.2
-922.31,-2120.7,3732.4,4606
-922.8,-2121.2,3732.4,4606
-916.49,-2118.8,3732.4,4606
-916.98,-2118.3,3732.4,4606
-930.08,-2119.7,3732.4,4606
-930.56,-2119.2,3732.4,4606
-916.49,-2130.4,3732.4,4606
-916.01,-2130.9,3732.4,4606
-902.91,-2112,3732.4,4606
-902.43,-2111.5,3732.4,4606
-880.6,-2140.1,3732.4,4606
-880.11,-2140.6,3732.4,4606
-885.45,-2126.5,3732.4,4606
-885.93,-2127,3732.4,4606
-926.69,-2198.3,3844,4743.7
-925.19,-2199.8,3844,4743.7
-937.68,-2183.3,3844,4743.7
-937.18,-2183.8,3844,4743.7
-954.67,-2200.3,3844,4743.7
-955.17,-2200.8,3844,4743.7
-970.66,-2198.3,3844,4743.7
-970.16,-2198.8,3844,4743.7
-945.29,-2140.2,3735.3,4609.5
-943.84,-2139.7,3735.3,4609.5
-962.77,-2140.2,3735.3,4609.5
-963.26,-2139.7,3735.3,4609.5
-966.65,-2124.7,3735.3,4609.5
-967.14,-2124.2,3735.3,4609.5
-968.6,-2133.4,3735.3,4609.5
-969.08,-2133.9,3735.3,4609.5
-988.02,-2166.4,3735.3,4609.5
-987.53,-2166.9,3735.3,4609.5
-998.7,-2196.5,3735.3,4609.5
-998.21,-2196.1,3735.3,4609.5
-999.67,-2210.1,3735.3,4609.5
-1000.2,-2210.6,3735.3,4609.5
-985.1,-2195.6,3735.3,4609.5
-984.62,-2196.1,3735.3,4609.5
-976.36,-2193.6,3735.3,4609.5
-975.88,-2194.1,3735.3,4609.5
-955.97,-2209.2,3735.3,4609.5
-956.46,-2209.7,3735.3,4609.5
-958.89,-2210.1,3735.3,4609.5
-958.4,-2209.7,3735.3,4609.5
-944.32,-2197.5,3735.3,4609.5
-943.84,-2198,3735.3,4609.5
-945.29,-2184.9,3735.3,4609.5
-945.78,-2185.4,3735.3,4609.5
-967.63,-2195.6,3735.3,4609.5
-968.11,-2196.1,3735.3,4609.5
-974.42,-2182.9,3735.3,4609.5
-974.91,-2182.5,3735.3,4609.5
-967.63,-2164.5,3735.3,4609.5
-968.11,-2164,3735.3,4609.5
-986.07,-2171.3,3735.3,4609.5
-986.56,-2170.8,3735.3,4609.5
-1002.6,-2160.6,3735.3,4609.5
-1003.1,-2161.1,3735.3,4609.5
-1008.4,-2143.1,3735.3,4609.5
-1008.9,-2142.7,3735.3,4609.5
-1018.1,-2144.1,3735.3,4609.5
-1018.6,-2144.6,3735.3,4609.5
-1034.6,-2149,3735.3,4609.5
-1035.1,-2148.5,3735.3,4609.5
-1045.3,-2147,3735.3,4609.5
-1045.8,-2146.5,3735.3,4609.5
-1055,-2148,3735.3,4609.5
-1056.5,-2147.5,3735.3,4609.5
-1061.8,-2162.6,3735.3,4609.5
-1061.3,-2163,3735.3,4609.5
-1064.7,-2139.3,3735.3,4609.5
-1064.2,-2138.8,3735.3,4609.5
-1064.7,-2137.3,3735.3,4609.5
-1065.2,-2136.8,3735.3,4609.5
-1063.8,-2149.9,3735.3,4609.5
-1063.3,-2150.4,3735.3,4609.5
-1059.9,-2158.7,3735.3,4609.5
-1059.4,-2159.2,3735.3,4609.5
-1044.3,-2158.7,3735.3,4609.5
-1043.8,-2159.2,3735.3,4609.5
-1036.6,-2154.8,3735.3,4609.5
-1038,-2154.3,3735.3,4609.5
-1031.7,-2162.6,3735.3,4609.5
-1031.2,-2163,3735.3,4609.5
-1032.7,-2145.1,3735.3,4609.5
-1032.2,-2144.6,3735.3,4609.5
-1035.6,-2134.4,3735.3,4609.5
-1035.1,-2133.9,3735.3,4609.5
-1041.4,-2146.1,3735.3,4609.5
-1041.9,-2146.5,3735.3,4609.5
-1057,-2149,3735.3,4609.5
-1056.5,-2149.5,3735.3,4609.5
-1071.5,-2173.2,3735.3,4609.5
-1072,-2173.7,3735.3,4609.5
-1083.2,-2173.2,3735.3,4609.5
-1083.7,-2172.8,3735.3,4609.5
-1067.6,-2147,3735.3,4609.5
-1067.1,-2145.6,3735.3,4609.5
-1048.2,-2116,3735.3,4609.5
-1047.7,-2115.5,3735.3,4609.5
-1057.9,-2120.8,3735.3,4609.5
-1005.6,-2056.1,3629.7,4479.2
-1017.4,-2079.2,3629.7,4479.2
-1017.9,-2079.7,3629.7,4479.2
-1015.5,-2093.4,3629.7,4479.2
-1016,-2092.9,3629.7,4479.2
-1001.4,-2085.8,3629.7,4479.2
-980.13,-2081.6,3629.7,4479.2
-979.66,-2082.1,3629.7,4479.2
-958.43,-2087.3,3629.7,4479.2
-1012.2,-2153.8,3738.2,4613.1
-1000.1,-2138.7,3738.2,4613.1
-1000.6,-2139.2,3738.2,4613.1
-990.36,-2145.5,3738.2,4613.1
-989.87,-2145,3738.2,4613.1
-980.64,-2151.3,3738.2,4613.1
-979.18,-2150.8,3738.2,4613.1
-1019,-2221.3,3850,4751.1
-1017.5,-2221.8,3850,4751.1
-1015,-2224.3,3850,4751.1
-1014.5,-2224.8,3850,4751.1
-1016,-2216.3,3850,4751.1
-1015.5,-2216.8,3850,4751.1
-1040.1,-2232.3,3850,4751.1
-1040.6,-2232.8,3850,4751.1
-1071.1,-2265.3,3850,4751.1
-1070.6,-2266.8,3850,4751.1
-1103.1,-2277.3,3850,4751.1
-1102.6,-2277.8,3850,4751.1
-1094.1,-2244.3,3850,4751.1
-1092.6,-2243.8,3850,4751.1
-1081.1,-2237.3,3850,4751.1
-1080.6,-2237.8,3850,4751.1
-1078.1,-2230.3,3850,4751.1
-1077.6,-2230.8,3850,4751.1
-1066.1,-2224.3,3850,4751.1
-1065.6,-2224.8,3850,4751.1
-1062.1,-2235.3,3850,4751.1
-1061.6,-2235.8,3850,4751.1
-1059.1,-2254.3,3850,4751.1
-1058.6,-2254.8,3850,4751.1
-1059.1,-2256.3,3850,4751.1
-1058.6,-2256.8,3850,4751.1
-1065.1,-2264.3,3850,4751.1
-1064.6,-2264.8,3850,4751.1
-1077.1,-2275.3,3850,4751.1
-1076.6,-2275.8,3850,4751.1
-1095.1,-2283.3,3850,4751.1
-1095.6,-2283.8,3850,4751.1
-1127.1,-2246.3,3850,4751.1
-1127.6,-2245.8,3850,4751.1
-1127.1,-2229.3,3850,4751.1
-1126.6,-2229.8,3850,4751.1
-1136.1,-2209.3,3850,4751.1
-1081.2,-2141.6,3741.2,4616.7
-1074.9,-2128.5,3741.2,4616.7
-1074.4,-2128,3741.2,4616.7
-1070,-2096.4,3741.2,4616.7
-1069.5,-2095.9,3741.2,4616.7
-1062.2,-2068.2,3741.2,4616.7
-1062.7,-2068.7,3741.2,4616.7
-1009.3,-1985.4,3635.4,4486.2
-1010.8,-1986.8,3635.4,4486.2
-1026.4,-2015.6,3635.4,4486.2
-1026.8,-2016.1,3635.4,4486.2
-1038.6,-2000.5,3635.4,4486.2
-1039.1,-2000,3635.4,4486.2
-1023.5,-1979.7,3635.4,4486.2
-1024,-1979.3,3635.4,4486.2
-1023.5,-1986.3,3635.4,4486.2
-1024,-1985.9,3635.4,4486.2
-1029.2,-1983.5,3635.4,4486.2
-1028.7,-1983,3635.4,4486.2
-1025.4,-1982.6,3635.4,4486.2
-1025.9,-1982.1,3635.4,4486.2
-1014.1,-1970.3,3635.4,4486.2
-1014.5,-1969.8,3635.4,4486.2
-1016.9,-1969.3,3635.4,4486.2
-1016.4,-1968.9,3635.4,4486.2
-1031.1,-1975.9,3635.4,4486.2
-1030.6,-1975.5,3635.4,4486.2
-1043.4,-1970.3,3635.4,4486.2
-1043.8,-1970.7,3635.4,4486.2
-1035.8,-1962.7,3635.4,4486.2
-1035.3,-1963.2,3635.4,4486.2
-1035.8,-1967.4,3635.4,4486.2
-1035.3,-1967.9,3635.4,4486.2
-1029.2,-1957,3635.4,4486.2
-1029.7,-1956.6,3635.4,4486.2
-1031.1,-1950.4,3635.4,4486.2
-1030.6,-1950.9,3635.4,4486.2
-1030.1,-1958,3635.4,4486.2
-1029.7,-1957.5,3635.4,4486.2
-1043.4,-1963.7,3635.4,4486.2
-1042.9,-1963.2,3635.4,4486.2
-1047.1,-1964.6,3635.4,4486.2
-1046.7,-1965.1,3635.4,4486.2
-1052.8,-1958,3635.4,4486.2
-1052.3,-1957.5,3635.4,4486.2
-1051.9,-1971.2,3635.4,4486.2
-1051.4,-1970.7,3635.4,4486.2
-1054.7,-1966.5,3635.4,4486.2
-1054.2,-1967,3635.4,4486.2
-1068.9,-1976.9,3635.4,4486.2
-1068.4,-1977.4,3635.4,4486.2
-1092.5,-1997.7,3635.4,4486.2
-1093,-1997.2,3635.4,4486.2
-1101,-1992,3635.4,4486.2
-1101.5,-1992.5,3635.4,4486.2
-1113.3,-1999.6,3635.4,4486.2
-1113.8,-1999.1,3635.4,4486.2
-1135,-2013.7,3635.4,4486.2
-1135.5,-2013.3,3635.4,4486.2
-1155.8,-2013.7,3635.4,4486.2
-1155.3,-2014.2,3635.4,4486.2
-1154.9,-2022.2,3635.4,4486.2
-1154.4,-2022.7,3635.4,4486.2
-1143.5,-2027,3635.4,4486.2
-1144,-2027.4,3635.4,4486.2
-1137.9,-2018.5,3635.4,4486.2
-1138.3,-2018,3635.4,4486.2
-1127.5,-2013.7,3635.4,4486.2
-1127.9,-2014.2,3635.4,4486.2
-1126.5,-2025.1,3635.4,4486.2
-1127,-2026.5,3635.4,4486.2
-1128.4,-2035.5,3635.4,4486.2
-1128.9,-2036,3635.4,4486.2
-1132.2,-2060,3635.4,4486.2
-1132.7,-2060.5,3635.4,4486.2
-1131.2,-2071.4,3635.4,4486.2
-1130.8,-2071.9,3635.4,4486.2
-1120.9,-2088.4,3635.4,4486.2
-1120.4,-2088.9,3635.4,4486.2
-1123.7,-2098.8,3635.4,4486.2
-1124.2,-2099.3,3635.4,4486.2
-1123.7,-2101.6,3635.4,4486.2
-1123.2,-2102.1,3635.4,4486.2
-1125.6,-2102.6,3635.4,4486.2
-1126.1,-2102.1,3635.4,4486.2
-1107.6,-2094.1,3635.4,4486.2
-1108.1,-2093.6,3635.4,4486.2
-1106.7,-2073.3,3635.4,4486.2
-1107.2,-2072.8,3635.4,4486.2
-1046.8,-2016.5,3532.6,4359.4
-1048.2,-2016,3532.6,4359.4
-1033.9,-2014.6,3532.6,4359.4
-1033.5,-2014.2,3532.6,4359.4
-1031.2,-2010,3532.6,4359.4
-1030.7,-2010.5,3532.6,4359.4
-1008.2,-2011,3532.6,4359.4
-1007.8,-2011.4,3532.6,4359.4
-1006.4,-2002.7,3532.6,4359.4
-1005.9,-2002.2,3532.6,4359.4
-985.26,-1989.8,3532.6,4359.4
-985.72,-1990.3,3532.6,4359.4
-961.38,-1964.1,3532.6,4359.4
-960,-1964.6,3532.6,4359.4
-953.12,-1957.7,3532.6,4359.4
-953.58,-1957.2,3532.6,4359.4
-924.3,-1929.1,3432.7,4236.1
-923.85,-1929.6,3432.7,4236.1
-945.71,-1957.7,3432.7,4236.1
-946.16,-1958.1,3432.7,4236.1
-951.96,-1931.8,3432.7,4236.1
-952.4,-1931.4,3432.7,4236.1
-976.05,-1930.9,3432.7,4236.1
-976.5,-1930.5,3432.7,4236.1
-996.57,-1937.2,3432.7,4236.1
-997.02,-1937.6,3432.7,4236.1
-1006.4,-1932.7,3432.7,4236.1
-1006.8,-1933.1,3432.7,4236.1
-1018,-1947,3432.7,4236.1
-968.12,-1886.6,3335.7,4116.3
-964.22,-1901,3335.7,4116.3
-964.65,-1901.4,3335.7,4116.3
-972.89,-1897.5,3335.7,4116.3
-972.46,-1897,3335.7,4116.3
-982.43,-1873.2,3335.7,4116.3
-982.86,-1871.9,3335.7,4116.3
-990.23,-1865.4,3335.7,4116.3
-990.67,-1865,3335.7,4116.3
-1004.1,-1872.3,3335.7,4116.3
-1004.5,-1872.8,3335.7,4116.3
-999.77,-1874.1,3335.7,4116.3
-953.91,-1816.3,3241.3,4000
-947.6,-1822.6,3241.3,4000
-948.02,-1822.2,3241.3,4000
-955.18,-1819.3,3241.3,4000
-955.6,-1818.8,3241.3,4000
-927.37,-1800.7,3241.3,4000
-926.95,-1801.1,3241.3,4000
-860.49,-1724.8,3149.7,3886.9
-861.71,-1726.8,3149.7,3886.9
-859.67,-1750.2,3149.7,3886.9
-859.26,-1750.6,3149.7,3886.9
-864.58,-1767.4,3149.7,3886.9
-864.99,-1767.8,3149.7,3886.9
-865.4,-1768.2,3149.7,3886.9
-865.81,-1768.6,3149.7,3886.9
-877.68,-1770.6,3149.7,3886.9
-877.27,-1771.1,3149.7,3886.9
-877.68,-1782.1,3149.7,3886.9
-878.09,-1782.5,3149.7,3886.9
-867.04,-1776.4,3149.7,3886.9
-866.63,-1776.8,3149.7,3886.9
-873.59,-1769,3149.7,3886.9
-873.18,-1769.4,3149.7,3886.9
-867.04,-1760.8,3149.7,3886.9
-866.63,-1760.4,3149.7,3886.9
-840.84,-1755.1,3149.7,3886.9
-795.08,-1698.9,3060.6,3777
-799.46,-1711.2,3060.6,3777
-799.85,-1710.8,3060.6,3777
-775.59,-1724,3060.6,3777
-775.99,-1724.4,3060.6,3777
-745.36,-1724.8,3060.6,3777
-744.96,-1725.2,3060.6,3777
-730.24,-1720,3060.6,3777
-729.84,-1719.6,3060.6,3777
-717.51,-1728,3060.6,3777
-717.91,-1728.4,3060.6,3777
-734.22,-1701.7,3060.6,3777
-734.62,-1702.1,3060.6,3777
-736.61,-1721.6,3060.6,3777
-737,-1722,3060.6,3777
-726.26,-1728.7,3060.6,3777
-726.66,-1729.1,3060.6,3777
-707.17,-1725.6,3060.6,3777
-705.98,-1726.8,3060.6,3777
-699.21,-1685.8,3060.6,3777
-698.81,-1684.6,3060.6,3777
-646.4,-1661,2974.1,3670.2
-646.78,-1659.9,2974.1,3670.2
-650.26,-1658.7,2974.1,3670.2
-650.65,-1659.1,2974.1,3670.2
-627.07,-1697.4,2974.1,3670.2
-626.68,-1698.5,2974.1,3670.2
-603.88,-1691.2,2974.1,3670.2
-604.26,-1690.8,2974.1,3670.2
-594.6,-1649.4,2974.1,3670.2
-594.21,-1649,2974.1,3670.2
-594.6,-1637.1,2974.1,3670.2
-594.21,-1636.7,2974.1,3670.2
-596.15,-1625.5,2974.1,3670.2
-596.53,-1625.9,2974.1,3670.2
-620.11,-1586.8,2974.1,3670.2
-620.5,-1586.4,2974.1,3670.2
-634.8,-1555.9,2974.1,3670.2
-592.37,-1502.8,2890,3566.4
-604.76,-1483.7,2890,3566.4
-604.39,-1484.1,2890,3566.4
-545.88,-1430.3,2808.3,3465.6
-546.24,-1430.6,2808.3,3465.6
-527.63,-1437.6,2808.3,3465.6
-527.26,-1437.9,2808.3,3465.6
-523.98,-1402.5,2808.3,3465.6
-524.34,-1402.9,2808.3,3465.6
-510.84,-1399.6,2808.3,3465.6
-510.47,-1400.7,2808.3,3465.6
-494.05,-1412.7,2808.3,3465.6
-494.41,-1413.1,2808.3,3465.6
-499.89,-1413.5,2808.3,3465.6
-500.25,-1413.8,2808.3,3465.6
-486.75,-1442.7,2808.3,3465.6
-487.11,-1443.8,2808.3,3465.6
-497.7,-1466.8,2808.3,3465.6
-497.33,-1467.1,2808.3,3465.6
-501.35,-1504.7,2808.3,3465.6
-500.98,-1505.8,2808.3,3465.6
-521.06,-1516.4,2808.3,3465.6
-521.42,-1516.8,2808.3,3465.6
-543.69,-1527.4,2808.3,3465.6
-543.32,-1527,2808.3,3465.6
-588.95,-1512,2808.3,3465.6
-589.31,-1511.7,2808.3,3465.6
-625.45,-1480.6,2808.3,3465.6
-625.81,-1480.3,2808.3,3465.6
-658.3,-1486.5,2808.3,3465.6
-658.66,-1486.8,2808.3,3465.6
-675.09,-1514.9,2808.3,3465.6
-675.45,-1515.3,2808.3,3465.6
-718.16,-1531,2808.3,3465.6
-718.52,-1531.4,2808.3,3465.6
-783.5,-1612.7,2892.3,3569.2
-786.13,-1614.6,2892.3,3569.2
-819.59,-1590.9,2892.3,3569.2
-819.96,-1591.3,2892.3,3569.2
-844.4,-1527.8,2892.3,3569.2
-845.53,-1528.2,2892.3,3569.2
-866.95,-1530,2892.3,3569.2
-866.58,-1530.4,2892.3,3569.2
-863.95,-1549.6,2892.3,3569.2
-863.57,-1550,2892.3,3569.2
-869.96,-1557.9,2892.3,3569.2
-869.58,-1558.2,2892.3,3569.2
-860.94,-1525.5,2892.3,3569.2
-903.8,-1578.5,2978.7,3675.9
-909.61,-1559.5,2978.7,3675.9
-910,-1559.2,2978.7,3675.9
-879.41,-1561.9,2978.7,3675.9
-878.25,-1563,2978.7,3675.9
-856.96,-1558,2978.7,3675.9
-856.57,-1558.4,2978.7,3675.9
-827.53,-1560.3,2978.7,3675.9
-827.15,-1560.7,2978.7,3675.9
-814.37,-1555.7,2978.7,3675.9
-814.76,-1556.1,2978.7,3675.9
-795.79,-1544.1,2978.7,3675.9
-795.4,-1543.7,2978.7,3675.9
-784.95,-1549.5,2978.7,3675.9
-785.33,-1549.9,2978.7,3675.9
-760.17,-1542.5,2978.7,3675.9
-759.78,-1542.1,2978.7,3675.9
-766.36,-1544.1,2978.7,3675.9
-767.52,-1543.7,2978.7,3675.9
-771.01,-1567.3,2978.7,3675.9
-770.62,-1566.9,2978.7,3675.9
-775.65,-1580.5,2978.7,3675.9
-776.04,-1580.8,2978.7,3675.9
-787.27,-1608.3,2978.7,3675.9
-787.66,-1608.7,2978.7,3675.9
-795.01,-1620.7,2978.7,3675.9
-795.4,-1621.1,2978.7,3675.9
-838.77,-1693.5,3067.8,3785.8
-839.17,-1694.7,3067.8,3785.8
-879.05,-1739.7,3159.5,3899
-879.46,-1740.1,3159.5,3899
-864.27,-1715.1,3159.5,3899
-863.86,-1715.5,3159.5,3899
-856.88,-1726.6,3159.5,3899
-856.47,-1727,3159.5,3899
-844.56,-1727.4,3159.5,3899
-844.97,-1727,3159.5,3899
-826.49,-1748.7,3159.5,3899
-826.08,-1749.2,3159.5,3899
-828.95,-1731.5,3159.5,3899
-828.54,-1731.9,3159.5,3899
-841.27,-1720.8,3159.5,3899
-840.86,-1721.2,3159.5,3899
-852.77,-1712.6,3159.5,3899
-853.18,-1713,3159.5,3899
-851.13,-1698.6,3159.5,3899
-850.72,-1698.2,3159.5,3899
-854.41,-1699.5,3159.5,3899
-854,-1699.9,3159.5,3899
-865.09,-1708.5,3159.5,3899
-864.68,-1708.9,3159.5,3899
-883.16,-1717.5,3159.5,3899
-883.57,-1717.1,3159.5,3899
-896.3,-1742.2,3159.5,3899
-943.12,-1800.1,3254,4015.6
-955.39,-1788.6,3254,4015.6
-954.97,-1789.1,3254,4015.6
-968.92,-1776.8,3254,4015.6
-968.5,-1777.2,3254,4015.6
-977.38,-1773.4,3254,4015.6
-977.8,-1773.8,3254,4015.6
-991.76,-1770.9,3254,4015.6
-991.34,-1771.3,3254,4015.6
-999.37,-1759,3254,4015.6
-999.8,-1758.6,3254,4015.6
-1008.7,-1742.1,3254,4015.6
-1008.3,-1741.7,3254,4015.6
-1015.4,-1741.3,3254,4015.6
-1015,-1740.8,3254,4015.6
-1014.6,-1742.1,3254,4015.6
-1015,-1742.5,3254,4015.6
-1029,-1752.3,3254,4015.6
-1029.4,-1751.8,3254,4015.6
-1075.9,-1814.8,3351.3,4135.6
-1075.5,-1815.3,3351.3,4135.6
-1069,-1787.8,3351.3,4135.6
-1049.4,-1772.6,3351.3,4135.6
-1048.9,-1773,3351.3,4135.6
-1031.1,-1776.1,3351.3,4135.6
-1031.5,-1776.5,3351.3,4135.6
-1011,-1797.8,3351.3,4135.6
-1010.6,-1797.4,3351.3,4135.6
-996.22,-1824.9,3351.3,4135.6
-994.92,-1825.3,3351.3,4135.6
-982.29,-1844,3351.3,4135.6
-982.72,-1843.6,3351.3,4135.6
-976.19,-1868.4,3351.3,4135.6
-976.62,-1868.8,3351.3,4135.6
-972.7,-1881.5,3351.3,4135.6
-972.27,-1881.9,3351.3,4135.6
-975.32,-1896.3,3351.3,4135.6
-975.75,-1896.7,3351.3,4135.6
-969.22,-1902.4,3351.3,4135.6
-969.65,-1901.9,3351.3,4135.6
-963.99,-1914.6,3351.3,4135.6
-964.43,-1915,3351.3,4135.6
-1005.4,-1985.1,3451.5,4259.3
-1004.9,-1987.4,3451.5,4259.3
-1013.5,-2007.5,3451.5,4259.3
-1014.8,-2008,3451.5,4259.3
-1064.2,-2079.3,3554.7,4386.7
-1063.7,-2080.7,3554.7,4386.7
-1049.4,-2084.8,3554.7,4386.7
-1103,-2150,3661,4517.8
-1095.8,-2148.5,3661,4517.8
-1096.3,-2148.1,3661,4517.8
-1086.3,-2144.7,3661,4517.8
-1086.8,-2144.3,3661,4517.8
-1080.6,-2136.2,3661,4517.8
-1080.1,-2136.6,3661,4517.8
-1078.7,-2140.9,3661,4517.8
-1079.2,-2140.4,3661,4517.8
-1125.8,-2197,3770.5,4652.9
-1125.3,-2196.6,3770.5,4652.9
-1127.8,-2196.1,3770.5,4652.9
-1127.3,-2195.6,3770.5,4652.9
-1127.8,-2190.2,3770.5,4652.9
-1183.7,-2259.3,3883.2,4792
-1200.3,-2252.7,3883.2,4792
-1200.8,-2253.2,3883.2,4792
-1207.4,-2250.7,3883.2,4792
-1264.9,-2322.8,3999.3,4935.3
-1272.7,-2324.4,3999.3,4935.3
-1272.2,-2323.9,3999.3,4935.3
-1281.1,-2319.2,3999.3,4935.3
-1342.4,-2392.4,4118.9,5082.9
-1406.7,-2469,4242,5234.8
-1407.2,-2468.4,4242,5234.8
-1397.8,-2459,4242,5234.8
-1398.4,-2458.5,4242,5234.8
-1382.4,-2435.9,4242,5234.8
-1446.4,-2514.7,4368.9,5391.4
-1427.6,-2508.5,4368.9,5391.4
-1425.9,-2509,4368.9,5391.4
-1464.6,-2572,4499.5,5552.6
-1464,-2571.4,4499.5,5552.6
-1523.6,-2616.4,4634,5718.6
-1524.2,-2612.2,4634,5718.6
-1523.6,-2583.9,4634,5718.6
-1523,-2583.3,4634,5718.6
-1533.3,-2570.7,4634,5718.6
-1532.7,-2571.3,4634,5718.6
-1539.3,-2563.4,4634,5718.6
-1539.9,-2562.8,4634,5718.6
-1611,-2647.7,4772.6,5889.6
-1611.6,-2648.3,4772.6,5889.6
-1617.2,-2650.2,4772.6,5889.6
-1615.3,-2650.8,4772.6,5889.6
-1687.3,-2740.7,4915.3,6065.7
-1687.9,-2742.6,4915.3,6065.7
-1687.3,-2751,4915.3,6065.7
-1686.7,-2750.3,4915.3,6065.7
-1755.7,-2844.2,5062.3,6247
-1755,-2843.5,5062.3,6247
-1749.1,-2849.5,5062.3,6247
-1748.4,-2850.1,5062.3,6247
-1814.2,-2948.1,5213.6,6433.8
-1814.9,-2948.8,5213.6,6433.8
-1818.3,-2963,5213.6,6433.8
-1819,-2963.7,5213.6,6433.8
-1822.4,-2971.2,5213.6,6433.8
-1821.7,-2970.5,5213.6,6433.8
-1823.7,-2971.2,5213.6,6433.8
-1824.4,-2971.8,5213.6,6433.8
-1823.7,-2977.9,5213.6,6433.8
-1823,-2977.2,5213.6,6433.8
-1834.6,-2988.8,5213.6,6433.8
-1833.9,-2989.4,5213.6,6433.8
-1837.3,-3003.7,5213.6,6433.8
-1836.6,-3004.4,5213.6,6433.8
-1841.3,-2999.6,5213.6,6433.8
-1920,-3095.1,5369.5,6626.2
-1936,-3077.7,5369.5,6626.2
-1936.7,-3077,5369.5,6626.2
-1943,-3065.1,5369.5,6626.2
-1943.7,-3064.4,5369.5,6626.2
-1958.3,-3041.4,5369.5,6626.2
-1959,-3040.7,5369.5,6626.2
-1890.8,-2933.7,5217.7,6438.8
-1891.5,-2935.8,5217.7,6438.8
-1901.7,-2951.4,5217.7,6438.8
-1901,-2952.1,5217.7,6438.8
-1919.3,-2986.6,5217.7,6438.8
-1920,-2987.3,5217.7,6438.8
-1927.4,-3009.7,5217.7,6438.8
-1926.8,-3011.7,5217.7,6438.8
-1935.6,-2993.4,5217.7,6438.8
-1934.9,-2994.1,5217.7,6438.8
-1931.5,-2989.4,5217.7,6438.8
-1930.8,-2990,5217.7,6438.8
-1938.3,-2979.9,5217.7,6438.8
-1939,-2980.5,5217.7,6438.8
-1942.4,-2983.9,5217.7,6438.8
-1943,-2983.3,5217.7,6438.8
-1932.9,-3001.6,5217.7,6438.8
-1932.2,-3000.9,5217.7,6438.8
-1919.3,-2997.5,5217.7,6438.8
-1918.6,-2998.2,5217.7,6438.8
-1841.5,-2906.5,5070.2,6256.8
-1842.1,-2907.1,5070.2,6256.8
-1845.4,-2906.5,5070.2,6256.8
-1844.8,-2907.1,5070.2,6256.8
-1845.4,-2889.3,5070.2,6256.8
-1846.1,-2890,5070.2,6256.8
-1841.5,-2870.9,5070.2,6256.8
-1842.1,-2871.5,5070.2,6256.8
-1765.8,-2782.4,4926.8,6079.9
-1766.5,-2783.1,4926.8,6079.9
-1762,-2787.6,4926.8,6079.9
-1691.7,-2701,4787.5,5908
-1689.8,-2721.5,4787.5,5908
-1690.5,-2720.9,4787.5,5908
-1692.3,-2701.6,4787.5,5908
-1692.9,-2701,4787.5,5908
-1699.8,-2687.9,4787.5,5908
-1700.4,-2687.3,4787.5,5908
-1649.5,-2591.9,4652.1,5740.9
-1650.1,-2592.5,4652.1,5740.9
-1653.2,-2608.9,4652.1,5740.9
-1653.8,-2609.5,4652.1,5740.9
-1654.4,-2634.3,4652.1,5740.9
-1586.8,-2552.5,4520.6,5578.6
-1585,-2553.1,4520.6,5578.6
-1585.6,-2553.7,4520.6,5578.6
-1585,-2543.7,4520.6,5578.6
-1585.6,-2543.1,4520.6,5578.6
-1593.2,-2546,4520.6,5578.6
-1593.8,-2546.6,4520.6,5578.6
-1599.1,-2546,4520.6,5578.6
-1599.7,-2546.6,4520.6,5578.6
-1544.6,-2475.4,4392.8,5420.9
-1544,-2474.8,4392.8,5420.9
-1542.3,-2502.8,4392.8,5420.9
-1542.9,-2503.4,4392.8,5420.9
-1485.9,-2462.7,4268.6,5267.6
-1487.6,-2463.2,4268.6,5267.6
-1482.6,-2500.4,4268.6,5267.6
-1545.9,-2579.7,4396.2,5425.1
-1539.6,-2571.2,4396.2,5425.1
-1540.2,-2571.7,4396.2,5425.1
-1527,-2534.6,4396.2,5425.1
-1527.6,-2534,4396.2,5425.1
-1513.3,-2503.7,4396.2,5425.1
-1512.7,-2503.2,4396.2,5425.1
-1500.7,-2485.4,4396.2,5425.1
-1500.2,-2484.9,4396.2,5425.1
-1485.9,-2490,4396.2,5425.1
-1423.2,-2412.8,4271.9,5271.7
-1427,-2432.2,4271.9,5271.7
-1426.5,-2433.9,4271.9,5271.7
-1427,-2433.3,4271.9,5271.7
-1427.6,-2433.9,4271.9,5271.7
-1439.3,-2448.8,4271.9,5271.7
-1439.8,-2449.4,4271.9,5271.7
-1447,-2418.9,4271.9,5271.7
-1446.5,-2418.3,4271.9,5271.7
-1463.7,-2406.6,4271.9,5271.7
-1464.2,-2406.1,4271.9,5271.7
-1468.1,-2404.4,4271.9,5271.7
-1468.7,-2403.9,4271.9,5271.7
-1459.2,-2397.8,4271.9,5271.7
-1459.8,-2398.3,4271.9,5271.7
-1387.7,-2349.9,4151.1,5122.7
-1389.4,-2350.4,4151.1,5122.7
-1374.8,-2370.4,4151.1,5122.7
-1374.3,-2370.9,4151.1,5122.7
-1358.6,-2383.3,4151.1,5122.7
-1358.1,-2383.9,4151.1,5122.7
-1350,-2375.8,4151.1,5122.7
-1349.4,-2375.2,4151.1,5122.7
-1351.1,-2365,4151.1,5122.7
-1350.5,-2364.5,4151.1,5122.7
-1359.7,-2344.5,4151.1,5122.7
-1359.2,-2343.9,4151.1,5122.7
-1372.6,-2331.5,4151.1,5122.7
-1372.1,-2331,4151.1,5122.7
-1382.4,-2330.5,4151.1,5122.7
-1382.9,-2329.9,4151.1,5122.7
-1399.6,-2351,4151.1,5122.7
-1339.3,-2276.9,4033.8,4977.8
-1332.5,-2272.2,4033.8,4977.8
-1333,-2272.7,4033.8,4977.8
-1323.1,-2286.9,4033.8,4977.8
-1323.6,-2287.4,4033.8,4977.8
-1317.8,-2291.1,4033.8,4977.8
-1318.3,-2290.6,4033.8,4977.8
-1310.5,-2299.5,4033.8,4977.8
-1311,-2300,4033.8,4977.8
-1318.9,-2298.4,4033.8,4977.8
-1319.4,-2298.9,4033.8,4977.8
-1323.1,-2316.2,4033.8,4977.8
-1322.5,-2316.8,4033.8,4977.8
-1323.1,-2343.5,4033.8,4977.8
-1322.5,-2344,4033.8,4977.8
-1327.3,-2311,4033.8,4977.8
-1326.7,-2310.5,4033.8,4977.8
-1332.5,-2323.6,4033.8,4977.8
-1333,-2324.1,4033.8,4977.8
-1338.8,-2301.6,4033.8,4977.8
-1339.3,-2302.1,4033.8,4977.8
-1341.9,-2303.7,4033.8,4977.8
-1342.5,-2304.2,4033.8,4977.8
-1340.9,-2330.9,4033.8,4977.8
-1340.4,-2330.4,4033.8,4977.8
-1339.8,-2376,4033.8,4977.8
-1339.3,-2376.5,4033.8,4977.8
-1335.6,-2343.5,4033.8,4977.8
-1336.2,-2344,4033.8,4977.8
-1322,-2335.1,4033.8,4977.8
-1322.5,-2334.6,4033.8,4977.8
-1323.1,-2301.6,4033.8,4977.8
-1322.5,-2301,4033.8,4977.8
-1327.3,-2310,4033.8,4977.8
-1326.7,-2310.5,4033.8,4977.8
-1330.4,-2333,4033.8,4977.8
-1330.9,-2332.5,4033.8,4977.8
-1329.4,-2350.8,4033.8,4977.8
-1329.9,-2351.4,4033.8,4977.8
-1345.1,-2335.1,4033.8,4977.8
-1344.6,-2334.6,4033.8,4977.8
-1329.4,-2317.3,4033.8,4977.8
-1328.8,-2316.8,4033.8,4977.8
-1272.3,-2235.4,3919.7,4837.1
-1271.8,-2235.9,3919.7,4837.1
-1266.2,-2228.3,3919.7,4837.1
-1265.7,-2228.8,3919.7,4837.1
-1276.4,-2235.4,3919.7,4837.1
-1276.9,-2235.9,3919.7,4837.1
-1286.6,-2229.3,3919.7,4837.1
-1287.1,-2229.8,3919.7,4837.1
-1306,-2239.5,3919.7,4837.1
-1305.4,-2240,3919.7,4837.1
-1296.8,-2242.5,3919.7,4837.1
-1297.3,-2243,3919.7,4837.1
-1284.6,-2229.3,3919.7,4837.1
-1284,-2229.8,3919.7,4837.1
-1283.5,-2215,3919.7,4837.1
-1284,-2215.5,3919.7,4837.1
-1283.5,-2207.9,3919.7,4837.1
-1284,-2207.4,3919.7,4837.1
-1294.7,-2188.5,3919.7,4837.1
-1241.9,-2120.6,3808.9,4700.3
-1252.3,-2143.9,3808.9,4700.3
-1252.8,-2144.4,3808.9,4700.3
-1261.2,-2158.8,3808.9,4700.3
-1261.7,-2159.3,3808.9,4700.3
-1266.1,-2164.7,3808.9,4700.3
-1266.6,-2165.2,3808.9,4700.3
-1281,-2184.5,3808.9,4700.3
-1280.5,-2185,3808.9,4700.3
-1272.1,-2200.3,3808.9,4700.3
-1271.6,-2199.9,3808.9,4700.3
-1266.1,-2226.1,3808.9,4700.3
-1266.6,-2227.6,3808.9,4700.3
-1314.2,-2262.7,3922.8,4840.9
-1313.7,-2261.2,3922.8,4840.9
-1313.1,-2253.5,3922.8,4840.9
-1313.7,-2253,3922.8,4840.9
-1312.1,-2230.1,3922.8,4840.9
-1312.6,-2230.6,3922.8,4840.9
-1315.2,-2221.9,3922.8,4840.9
-1315.7,-2222.4,3922.8,4840.9
-1320.3,-2251.5,3922.8,4840.9
-1320.8,-2251,3922.8,4840.9
-1309.1,-2248.4,3922.8,4840.9
-1309.6,-2248.9,3922.8,4840.9
-1300.9,-2232.1,3922.8,4840.9
-1300.4,-2231.6,3922.8,4840.9
-1309.1,-2210.7,3922.8,4840.9
-1309.6,-2211.2,3922.8,4840.9
-1320.3,-2212.7,3922.8,4840.9
-1321.8,-2213.2,3922.8,4840.9
-1325.4,-2234.1,3922.8,4840.9
-1326.9,-2233.6,3922.8,4840.9
-1320.3,-2250.5,3922.8,4840.9
-1320.8,-2251,3922.8,4840.9
-1308,-2274.9,3922.8,4840.9
-1308.6,-2274.4,3922.8,4840.9
-1296.8,-2257.6,3922.8,4840.9
-1297.3,-2256.1,3922.8,4840.9
-1300.9,-2271.9,3922.8,4840.9
-1300.4,-2271.4,3922.8,4840.9
-1368.7,-2351.4,4040.1,4985.6
-1370.3,-2351.9,4040.1,4985.6
-1379.2,-2343,4040.1,4985.6
-1378.7,-2342.5,4040.1,4985.6
-1393.9,-2337.7,4040.1,4985.6
-1394.5,-2338.3,4040.1,4985.6
-1404.4,-2326.2,4040.1,4985.6
-1405,-2326.7,4040.1,4985.6
-1401.3,-2323,4040.1,4985.6
-1400.8,-2322.5,4040.1,4985.6
-1395,-2310.4,4040.1,4985.6
-1395.5,-2309.9,4040.1,4985.6
-1390.8,-2315.7,4040.1,4985.6
-1391.3,-2316.2,4040.1,4985.6
-1392.9,-2322,4040.1,4985.6
-1393.4,-2321.5,4040.1,4985.6
-1397.1,-2322,4040.1,4985.6
-1457,-2396,4160.9,5134.7
-1459.7,-2424.6,4160.9,5134.7
-1460.2,-2426.3,4160.9,5134.7
-1461.8,-2450.6,4160.9,5134.7
-1462.4,-2451.1,4160.9,5134.7
-1515.4,-2523,4285.3,5288.2
-1515.9,-2523.6,4285.3,5288.2
-1518.7,-2510.8,4285.3,5288.2
-1519.3,-2510.2,4285.3,5288.2
-1519.8,-2501.9,4285.3,5288.2
-1520.4,-2501.3,4285.3,5288.2
-1527.6,-2511.9,4285.3,5288.2
-1528.2,-2511.3,4285.3,5288.2
-1529.9,-2519.7,4285.3,5288.2
-1530.4,-2519.1,4285.3,5288.2
-1524.3,-2567.6,4285.3,5288.2
-1524.8,-2568.2,4285.3,5288.2
-1508.7,-2588.8,4285.3,5288.2
-1508.1,-2589.3,4285.3,5288.2
-1507.6,-2582.1,4285.3,5288.2
-1508.1,-2581.5,4285.3,5288.2
-1582.8,-2646.7,4413.4,5446.3
-1585.7,-2646.1,4413.4,5446.3
-1595.4,-2623.7,4413.4,5446.3
-1594.8,-2623.1,4413.4,5446.3
-1595.4,-2595,4413.4,5446.3
-1594.8,-2594.5,4413.4,5446.3
-1592,-2542.3,4413.4,5446.3
-1592.5,-2541.7,4413.4,5446.3
-1583.9,-2526.2,4413.4,5446.3
-1584.5,-2526.8,4413.4,5446.3
-1573.6,-2531.9,4413.4,5446.3
-1573,-2532.5,4413.4,5446.3
-1553,-2542.3,4413.4,5446.3
-1552.4,-2542.8,4413.4,5446.3
-1558.7,-2581.3,4413.4,5446.3
-1558.1,-2583,4413.4,5446.3
-1571.3,-2608.8,4413.4,5446.3
-1570.7,-2609.4,4413.4,5446.3
-1574.8,-2623.7,4413.4,5446.3
-1575.3,-2623.1,4413.4,5446.3
-1558.7,-2637.5,4413.4,5446.3
-1558.1,-2638.1,4413.4,5446.3
-1607.5,-2714.3,4545.4,5609.2
-1615.1,-2701.9,4545.4,5609.2
-1615.7,-2702.5,4545.4,5609.2
-1619.9,-2706.6,4545.4,5609.2
-1620.5,-2706,4545.4,5609.2
-1676,-2763.3,4681.3,5776.9
-1676.6,-2762.7,4681.3,5776.9
-1676,-2725.6,4681.3,5776.9
-1675.4,-2725,4681.3,5776.9
-1676,-2717.1,4681.3,5776.9
-1675.4,-2717.7,4681.3,5776.9
-1674.8,-2712.2,4681.3,5776.9
-1674.2,-2712.8,4681.3,5776.9
-1680.9,-2706.1,4681.3,5776.9
-1680.3,-2706.7,4681.3,5776.9
-1685.7,-2712.2,4681.3,5776.9
-1685.1,-2712.8,4681.3,5776.9
-1765.5,-2794.9,4821.2,5949.6
-1767.3,-2795.6,4821.2,5949.6
-1789.3,-2802.4,4821.2,5949.6
-1789.9,-2801.8,4821.2,5949.6
-1785.5,-2786.2,4821.2,5949.6
-1784.9,-2785.5,4821.2,5949.6
-1771.7,-2754.8,4821.2,5949.6
-1771.1,-2754.2,4821.2,5949.6
-1761.7,-2754.8,4821.2,5949.6
-1761.1,-2754.2,4821.2,5949.6
-1756.7,-2753.6,4821.2,5949.6
-1756.1,-2752.9,4821.2,5949.6
-1739.1,-2771.1,4821.2,5949.6
-1810.6,-2859.4,4965.4,6127.5
-1802.2,-2860.1,4965.4,6127.5
-1801.6,-2859.4,4965.4,6127.5
-1784.1,-2851,4965.4,6127.5
-1783.5,-2850.4,4965.4,6127.5
-1826.1,-2933.6,5113.9,6310.7
-1824.1,-2934.3,5113.9,6310.7
-1816.8,-2911,5113.9,6310.7
-1816.1,-2910.4,5113.9,6310.7
-1804.8,-2897.7,5113.9,6310.7
-1805.5,-2897.1,5113.9,6310.7
-1787.6,-2904.4,5113.9,6310.7
-1786.9,-2905,5113.9,6310.7
-1774.3,-2907,5113.9,6310.7
-1850,-3002,5266.8,6499.4
-1842.5,-3027.4,5266.8,6499.4
-1841.8,-3028,5266.8,6499.4
-1838.4,-3046.5,5266.8,6499.4
-1839.1,-3045.8,5266.8,6499.4
-1841.1,-3064.3,5266.8,6499.4
-1919.2,-3162.2,5424.2,6693.7
-1928.4,-3158.7,5424.2,6693.7
-1929.1,-3157.9,5424.2,6693.7
-2010.9,-3250.3,5586.4,6893.9
-2011.6,-3252.4,5586.4,6893.9
-2025.4,-3238.6,5586.4,6893.9
-2026.1,-3237.9,5586.4,6893.9
-2029.7,-3251.7,5586.4,6893.9
-2030.5,-3252.4,5586.4,6893.9
-2037,-3270.6,5586.4,6893.9
-2036.3,-3269.9,5586.4,6893.9
-2117.6,-3360.6,5753.5,7100
-2118.4,-3359.8,5753.5,7100
-2113.1,-3333.7,5753.5,7100
-2113.9,-3332.9,5753.5,7100
-2107.2,-3323.2,5753.5,7100
-2106.4,-3323.9,5753.5,7100
-2102.7,-3336.7,5753.5,7100
-2101.9,-3335.9,5753.5,7100
-2098.2,-3357.6,5753.5,7100
-2097.4,-3356.9,5753.5,7100
-2172.2,-3465.2,5925.5,7312.3
-2260,-3575.3,6102.7,7530.9
-2259.3,-3549.2,6102.7,7530.9
-2258.5,-3548.4,6102.7,7530.9
-2264,-3572.9,6102.7,7530.9
-2266.4,-3572.2,6102.7,7530.9
-2265.6,-3584.1,6102.7,7530.9
-2266.4,-3583.3,6102.7,7530.9
-2264,-3599.9,6102.7,7530.9
-2263.2,-3600.7,6102.7,7530.9
-2355.2,-3674.4,6285.1,7756.1
-2356.1,-3673.6,6285.1,7756.1
-2363.4,-3658.1,6285.1,7756.1
-2364.2,-3657.3,6285.1,7756.1
-2363.4,-3654.8,6285.1,7756.1
-2364.2,-3654,6285.1,7756.1
-2360.1,-3667.9,6285.1,7756.1
-2359.3,-3668.7,6285.1,7756.1
-2350.3,-3685.9,6285.1,7756.1
-2349.5,-3686.7,6285.1,7756.1
-2355.2,-3703.8,6285.1,7756.1
-2354.4,-3704.7,6285.1,7756.1
-2347.1,-3713.6,6285.1,7756.1
-2438.6,-3828.8,6473,7988
-2436.1,-3801,6473,7988
-2436.9,-3800.2,6473,7988
-2439.4,-3792.6,6473,7988
-2438.6,-3793.4,6473,7988
-2353,-3716.7,6290,7762.2
-2353.8,-3715.9,6290,7762.2
-2371,-3747.8,6290,7762.2
-2371.8,-3748.6,6290,7762.2
-2379.1,-3754.3,6290,7762.2
-2378.3,-3753.5,6290,7762.2
-2392.2,-3731.4,6290,7762.2
-2393,-3732.2,6290,7762.2
-2413.5,-3690.5,6290,7762.2
-2414.3,-3691.4,6290,7762.2
-2428.2,-3666,6290,7762.2
-2429,-3666.8,6290,7762.2
-2421.6,-3641.5,6290,7762.2
-2422.5,-3640.7,6290,7762.2
-2413.5,-3649.7,6290,7762.2
-2412.6,-3648.8,6290,7762.2
-2388.9,-3626.8,6290,7762.2
-2388.1,-3627.6,6290,7762.2
-2382.4,-3646.4,6290,7762.2
-2381.6,-3645.6,6290,7762.2
-2379.1,-3654.6,6290,7762.2
-2378.3,-3655.4,6290,7762.2
-2364.4,-3657.8,6290,7762.2
-2363.6,-3658.6,6290,7762.2
-2356.2,-3666,6290,7762.2
-2355.4,-3665.2,6290,7762.2
-2349.7,-3664.4,6290,7762.2
-2348.9,-3665.2,6290,7762.2
-2353,-3667.6,6290,7762.2
-2353.8,-3668.5,6290,7762.2
-2354.6,-3675.8,6290,7762.2
-2355.4,-3676.6,6290,7762.2
-2349.7,-3670.9,6290,7762.2
-2350.5,-3671.7,6290,7762.2
-2335,-3654.6,6290,7762.2
-2334.2,-3653.7,6290,7762.2
-2338.3,-3605.5,6290,7762.2
-2339.1,-3606.3,6290,7762.2
-2262.4,-3495.8,6112.2,7542.7
-2263.2,-3498.2,6112.2,7542.7
-2281.5,-3516.4,6112.2,7542.7
-2282.3,-3517.2,6112.2,7542.7
-2278.3,-3508.5,6112.2,7542.7
-2277.5,-3509.3,6112.2,7542.7
-2299,-3486.2,6112.2,7542.7
-2298.2,-3487,6112.2,7542.7
-2311.7,-3459.2,6112.2,7542.7
-2310.9,-3458.4,6112.2,7542.7
-2247.5,-3374.8,5939.4,7329.4
-2245.2,-3374.1,5939.4,7329.4
-2253.7,-3398,5939.4,7329.4
-2252.9,-3397.2,5939.4,7329.4
-2247.5,-3427.3,5939.4,7329.4
-2246.7,-3428.1,5939.4,7329.4
-2252.1,-3438.1,5939.4,7329.4
-2252.9,-3437.4,5939.4,7329.4
-2256.8,-3419.6,5939.4,7329.4
-2344.8,-3530,6117,7548.6
-2353.5,-3500.5,6117,7548.6
-2352.7,-3499.8,6117,7548.6
-2356.7,-3487.8,6117,7548.6
-2357.5,-3487,6117,7548.6
-2356.7,-3483.1,6117,7548.6
-2355.9,-3482.3,6117,7548.6
-2345.6,-3487.8,6117,7548.6
-2346.4,-3487,6117,7548.6
-2337.6,-3518,6117,7548.6
-2336.8,-3518.8,6117,7548.6
-2326.5,-3521.2,6117,7548.6
-2327.3,-3522,6117,7548.6
-2329.7,-3479.9,6117,7548.6
-2328.9,-3479.1,6117,7548.6
-2260.7,-3406.6,5944,7335.1
-2261.5,-3407.3,5944,7335.1
-2262.2,-3466.8,5944,7335.1
-2263,-3467.6,5944,7335.1
-2245.2,-3499.3,5944,7335.1
-2244.5,-3500,5944,7335.1
-2332.6,-3598.1,6121.7,7554.5
-2334.9,-3598.9,6121.7,7554.5
-2337.3,-3564.7,6121.7,7554.5
-2338.1,-3563.9,6121.7,7554.5
-2342.1,-3558.3,6121.7,7554.5
-2342.9,-3557.5,6121.7,7554.5
-2338.9,-3547.2,6121.7,7554.5
-2338.1,-3548,6121.7,7554.5
-2335.7,-3523.3,6121.7,7554.5
-2334.9,-3524.1,6121.7,7554.5
-2335.7,-3542.4,6121.7,7554.5
-2336.5,-3543.2,6121.7,7554.5
-2350.1,-3566.3,6121.7,7554.5
-2350.9,-3565.5,6121.7,7554.5
-2348.5,-3548.8,6121.7,7554.5
-2347.7,-3548,6121.7,7554.5
-2350.1,-3515.4,6121.7,7554.5
-2349.3,-3514.6,6121.7,7554.5
-2356.4,-3502.6,6121.7,7554.5
-2357.2,-3501.8,6121.7,7554.5
-2367.6,-3505.8,6121.7,7554.5
-2368.4,-3506.6,6121.7,7554.5
-2367.6,-3528.1,6121.7,7554.5
-2366.8,-3528.9,6121.7,7554.5
-2364.4,-3564.7,6121.7,7554.5
-2363.6,-3565.5,6121.7,7554.5
-2359.6,-3575.8,6121.7,7554.5
-2360.4,-3576.6,6121.7,7554.5
-2367.6,-3547.2,6121.7,7554.5
-2366.8,-3546.4,6121.7,7554.5
-2394.6,-3596.5,6121.7,7554.5
-2393.8,-3595.7,6121.7,7554.5
-2402.6,-3617.2,6121.7,7554.5
-2401.8,-3616.4,6121.7,7554.5
-2412.1,-3614,6121.7,7554.5
-2411.3,-3614.8,6121.7,7554.5
-2502.1,-3728.5,6304.8,7780.3
-2504.5,-3727.7,6304.8,7780.3
-2508.6,-3730.2,6304.8,7780.3
-2509.4,-3729.4,6304.8,7780.3
-2511.9,-3736.7,6304.8,7780.3
-2512.7,-3735.9,6304.8,7780.3
-2508.6,-3713.8,6304.8,7780.3
-2507.8,-3713,6304.8,7780.3
-2520.1,-3708.9,6304.8,7780.3
-2520.9,-3708.1,6304.8,7780.3
-2510.2,-3708.9,6304.8,7780.3
-2511.1,-3709.7,6304.8,7780.3
-2513.5,-3728.5,6304.8,7780.3
-2512.7,-3727.7,6304.8,7780.3
-2505.3,-3782.6,6304.8,7780.3
-2507.8,-3783.5,6304.8,7780.3
-2507,-3777.7,6304.8,7780.3
-2507.8,-3778.5,6304.8,7780.3
-2591.4,-3858,6493.3,8013
-2592.2,-3857.1,6493.3,8013
-2604.9,-3804,6493.3,8013
-2605.7,-3804.8,6493.3,8013
-2610,-3790.5,6493.3,8013
-2610.8,-3791.3,6493.3,8013
-2598.1,-3787.1,6493.3,8013
-2599,-3786.2,6493.3,8013
-2566.1,-3782,6493.3,8013
-2565.2,-3781.2,6493.3,8013
-2427,-3656.9,6309.7,7786.4
-2431.1,-3659.4,6309.7,7786.4
-2407.3,-3663.5,6309.7,7786.4
-2408.2,-3664.3,6309.7,7786.4
-2413.9,-3663.5,6309.7,7786.4
-2414.7,-3662.7,6309.7,7786.4
-2422.1,-3678.2,6309.7,7786.4
-2422.9,-3679.1,6309.7,7786.4
-2427,-3679.9,6309.7,7786.4
-2427.8,-3680.7,6309.7,7786.4
-2430.3,-3666.8,6309.7,7786.4
-2431.1,-3665.9,6309.7,7786.4
-2431.9,-3652,6309.7,7786.4
-2431.1,-3651.2,6309.7,7786.4
-2435.2,-3652,6309.7,7786.4
-2436,-3652.8,6309.7,7786.4
-2438.5,-3643.8,6309.7,7786.4
-2439.3,-3644.6,6309.7,7786.4
-2428.7,-3625.8,6309.7,7786.4
-2427.8,-3624.9,6309.7,7786.4
-2423.7,-3604.4,6309.7,7786.4
-2424.6,-3605.3,6309.7,7786.4
-2415.5,-3597.9,6309.7,7786.4
-2416.4,-3597.1,6309.7,7786.4
-2413.9,-3583.1,6309.7,7786.4
-2414.7,-3582.3,6309.7,7786.4
-2409,-3583.1,6309.7,7786.4
-2408.2,-3583.9,6309.7,7786.4
-2405.7,-3597.9,6309.7,7786.4
-2406.5,-3597.1,6309.7,7786.4
-2384.4,-3597.9,6309.7,7786.4
-2385.2,-3598.7,6309.7,7786.4
-2384.4,-3583.1,6309.7,7786.4
-2383.6,-3582.3,6309.7,7786.4
-2382.7,-3606.1,6309.7,7786.4
-2383.6,-3605.3,6309.7,7786.4
-2382.7,-3629,6309.7,7786.4
-2381.9,-3628.2,6309.7,7786.4
-2386,-3634,6309.7,7786.4
-2386.8,-3634.8,6309.7,7786.4
-2397.5,-3612.6,6309.7,7786.4
-2487.7,-3728.2,6498.3,8019.2
-2507.1,-3702,6498.3,8019.2
-2508,-3702.9,6498.3,8019.2
-2503.8,-3675,6498.3,8019.2
-2502.9,-3675.9,6498.3,8019.2
-2503.8,-3661.5,6498.3,8019.2
-2502.9,-3660.7,6498.3,8019.2
-2503.8,-3666.6,6498.3,8019.2
-2412.7,-3552.4,6314.6,7792.5
-2402.1,-3590.9,6314.6,7792.5
-2402.9,-3590.1,6314.6,7792.5
-2390.6,-3623.8,6314.6,7792.5
-2391.4,-3622.9,6314.6,7792.5
-2356.1,-3640.2,6314.6,7792.5
-2355.3,-3641,6314.6,7792.5
-2421,-3704.1,6503.4,8025.5
-2517.4,-3821.6,6697.9,8265.5
-2416.6,-3710.8,6508.5,8031.8
-2325.4,-3598.1,6324.5,7804.7
-2341,-3623.6,6324.5,7804.7
-2341.8,-3624.4,6324.5,7804.7
-2388.7,-3607.2,6324.5,7804.7
-2389.5,-3606.4,6324.5,7804.7
-2375.6,-3620.3,6324.5,7804.7
-2376.4,-3621.2,6324.5,7804.7
-2383.8,-3628.6,6324.5,7804.7
-2382.9,-3629.4,6324.5,7804.7
-2387.1,-3622,6324.5,7804.7
-2482.4,-3739.5,6513.6,8038
-2464.7,-3713.2,6513.6,8038
-2463.8,-3712.4,6513.6,8038
-2377.6,-3581,6329.4,7810.8
-2378.5,-3581.8,6329.4,7810.8
-2472.3,-3725.7,6518.7,8044.3
-2474.8,-3726.6,6518.7,8044.3
-2458.7,-3732.5,6518.7,8044.3
-2457.9,-3733.3,6518.7,8044.3
-2448.6,-3737.6,6518.7,8044.3
-2447.7,-3738.4,6518.7,8044.3
-2458.7,-3724,6518.7,8044.3
-2457.9,-3724.9,6518.7,8044.3
-2453.6,-3739.3,6518.7,8044.3
-2452.8,-3738.4,6518.7,8044.3
-2465.5,-3757.9,6518.7,8044.3
-2464.6,-3758.8,6518.7,8044.3
-2576.5,-3903.6,6713.6,8284.8
-2579.1,-3906.2,6713.6,8284.8
-2604.4,-3915.8,6713.6,8284.8
-2605.3,-3916.7,6713.6,8284.8
-2628.9,-3949,6713.6,8284.8
-2631.5,-3948.1,6713.6,8284.8
-2644.6,-3962.9,6713.6,8284.8
-2645.4,-3963.8,6713.6,8284.8
-2658.5,-3973.4,6713.6,8284.8
-2659.4,-3972.5,6713.6,8284.8
-2667.3,-3994.3,6713.6,8284.8
-2668.1,-3993.5,6713.6,8284.8
-2764.1,-4113,6914.3,8532.5
-2765,-4112.1,6914.3,8532.5
-2764.1,-4113,6914.3,8532.5
-2765,-4112.1,6914.3,8532.5
-2771.3,-4145.3,6914.3,8532.5
-2772.2,-4146.2,6914.3,8532.5
-2773.1,-4145.3,6914.3,8532.5
-2772.2,-4146.2,6914.3,8532.5
-2789.3,-4080.6,6914.3,8532.5
-2790.2,-4079.7,6914.3,8532.5
-2792.9,-4030.3,6914.3,8532.5
-2793.8,-4029.4,6914.3,8532.5
-2792.9,-4030.3,6914.3,8532.5
-2793.8,-4029.4,6914.3,8532.5
-2780.3,-3999.7,6914.3,8532.5
-2781.2,-3998.8,6914.3,8532.5
-2767.7,-4008.7,6914.3,8532.5
-2766.8,-4009.6,6914.3,8532.5
-2748,-4006.9,6914.3,8532.5
-2747.1,-4006,6914.3,8532.5
-2746.2,-4005.1,6914.3,8532.5
-2745.3,-4004.2,6914.3,8532.5
-2748,-4012.3,6914.3,8532.5
-2747.1,-4013.2,6914.3,8532.5
-2719.2,-4019.5,6914.3,8532.5
-2718.3,-4020.4,6914.3,8532.5
-2710.2,-3983.6,6914.3,8532.5
-2700.3,-3982.7,6914.3,8532.5
-2701.2,-3981.8,6914.3,8532.5
-2689.5,-3982.7,6914.3,8532.5
-2688.6,-3981.8,6914.3,8532.5
-2694.9,-3980.9,6914.3,8532.5
-2695.8,-3980,6914.3,8532.5
-2712.9,-4000.6,6914.3,8532.5
-2713.8,-4001.5,6914.3,8532.5
-2712.9,-3988,6914.3,8532.5
-2713.8,-3987.1,6914.3,8532.5
-2693.1,-3955.7,6914.3,8532.5
-2694,-3954.8,6914.3,8532.5
-2689.5,-3937.7,6914.3,8532.5
-2688.6,-3938.6,6914.3,8532.5
-2678.8,-3946.7,6914.3,8532.5
-2677.9,-3947.6,6914.3,8532.5
-2662.6,-3930.5,6914.3,8532.5
-2663.5,-3929.6,6914.3,8532.5
-2639.2,-3921.5,6914.3,8532.5
-2638.3,-3920.6,6914.3,8532.5
-2630.2,-3926.9,6914.3,8532.5
-2629.3,-3926,6914.3,8532.5
-2626.6,-3939.5,6914.3,8532.5
-2625.7,-3940.4,6914.3,8532.5
-2633.8,-3955.7,6914.3,8532.5
-2634.7,-3956.6,6914.3,8532.5
-2624.8,-3953.9,6914.3,8532.5
-2623.9,-3953,6914.3,8532.5
-2606.9,-3923.3,6914.3,8532.5
-2606,-3924.2,6914.3,8532.5
-2623,-3953.9,6914.3,8532.5
-2623.9,-3954.8,6914.3,8532.5
-2624.8,-3968.3,6914.3,8532.5
-2623.9,-3969.2,6914.3,8532.5
-2590.7,-3943.1,6914.3,8532.5
-2589.8,-3944,6914.3,8532.5
-2594.3,-3939.5,6914.3,8532.5
-2595.2,-3938.6,6914.3,8532.5
-2623,-3975.5,6914.3,8532.5
-2524.4,-3853.9,6718.8,8291.3
-2539.2,-3910.7,6718.8,8291.3
-2540.1,-3911.6,6718.8,8291.3
-2655.4,-4010.2,6919.7,8539.2
-2659.9,-4009.3,6919.7,8539.2
-2561.2,-3864.3,6724,8297.8
-2562.1,-3866.9,6724,8297.8
-2564.7,-3874.8,6724,8297.8
-2565.5,-3873.9,6724,8297.8
-2583.9,-3860.8,6724,8297.8
-2584.8,-3861.7,6724,8297.8
-2611.9,-3855.6,6724,8297.8
-2611,-3856.4,6724,8297.8
-2529,-3740,6533.9,8063.1
-2528.2,-3742.6,6533.9,8063.1
-2549.4,-3758.7,6533.9,8063.1
-2548.6,-3757.8,6533.9,8063.1
-2496.1,-3682.1,6349.2,7835.2
-2495.3,-3681.2,6349.2,7835.2
-2509.3,-3726.6,6349.2,7835.2
-2508.5,-3725.8,6349.2,7835.2
-2617.4,-3824,6539,8069.4
-2620,-3823.1,6539,8069.4
-2625.9,-3803.6,6539,8069.4
-2625.1,-3802.7,6539,8069.4
-2632.7,-3781.5,6539,8069.4
-2633.6,-3780.6,6539,8069.4
-2646.3,-3783.2,6539,8069.4
-2645.5,-3784,6539,8069.4
-2641.2,-3781.5,6539,8069.4
-2640.4,-3780.6,6539,8069.4
-2642.9,-3747.5,6539,8069.4
-2643.8,-3746.6,6539,8069.4
-2615.7,-3715.2,6539,8069.4
-2614.9,-3714.3,6539,8069.4
-2506.3,-3602.8,6354.1,7841.3
-2505.5,-3603.6,6354.1,7841.3
-2504.7,-3649,6354.1,7841.3
-2503.8,-3651.5,6354.1,7841.3
-2499.7,-3657.3,6354.1,7841.3
-2498.9,-3658.1,6354.1,7841.3
-2484.8,-3655.6,6354.1,7841.3
-2485.7,-3654.8,6354.1,7841.3
-2496.4,-3640.8,6354.1,7841.3
-2497.2,-3640,6354.1,7841.3
-2506.3,-3650.7,6354.1,7841.3
-2507.1,-3649.9,6354.1,7841.3
-2508,-3660.6,6354.1,7841.3
-2507.1,-3659.8,6354.1,7841.3
-2511.3,-3647.4,6354.1,7841.3
-2512.1,-3648.2,6354.1,7841.3
-2509.6,-3650.7,6354.1,7841.3
-2510.4,-3651.5,6354.1,7841.3
-2516.2,-3675.5,6354.1,7841.3
-2517,-3676.3,6354.1,7841.3
-2504.7,-3644.1,6354.1,7841.3
-2598.8,-3762.1,6544.1,8075.7
-2584.4,-3715.4,6544.1,8075.7
-2583.5,-3714.5,6544.1,8075.7
-2486.7,-3596.1,6359.1,7847.4
-2396,-3484.3,6179.3,7625.5
-2412.9,-3539.7,6179.3,7625.5
-2410.5,-3543.8,6179.3,7625.5
-2438.6,-3567,6179.3,7625.5
-2439.4,-3566.2,6179.3,7625.5
-2445,-3534.9,6179.3,7625.5
-2445.8,-3534.1,6179.3,7625.5
-2438.6,-3542.9,6179.3,7625.5
-2437.8,-3542.1,6179.3,7625.5
-2420.9,-3542.9,6179.3,7625.5
-2420.1,-3543.8,6179.3,7625.5
-2393.6,-3515.6,6179.3,7625.5
-2392.8,-3514.8,6179.3,7625.5
-2379.1,-3489.9,6179.3,7625.5
-2380,-3490.7,6179.3,7625.5
-2372.7,-3491.5,6179.3,7625.5
-2373.5,-3490.7,6179.3,7625.5
-2375.9,-3499.6,6179.3,7625.5
-2375.1,-3500.4,6179.3,7625.5
-2398.4,-3486.7,6179.3,7625.5
-2399.2,-3487.5,6179.3,7625.5
-2416.1,-3494.8,6179.3,7625.5
-2416.9,-3494,6179.3,7625.5
-2435.4,-3507.6,6179.3,7625.5
-2436.2,-3508.4,6179.3,7625.5
-2449.8,-3489.9,6179.3,7625.5
-2450.6,-3489.1,6179.3,7625.5
-2449.8,-3504.4,6179.3,7625.5
-2449,-3505.2,6179.3,7625.5
-2453,-3506,6179.3,7625.5
-2453.8,-3506.8,6179.3,7625.5
-2453,-3478.7,6179.3,7625.5
-2453.8,-3477.9,6179.3,7625.5
-2441.8,-3477.1,6179.3,7625.5
-2442.6,-3477.9,6179.3,7625.5
-2344.8,-3385.4,6004.6,7409.9
-2345.6,-3387.7,6004.6,7409.9
-2351,-3405.6,6004.6,7409.9
-2351.8,-3404.9,6004.6,7409.9
-2346.4,-3393.2,6004.6,7409.9
-2345.6,-3392.4,6004.6,7409.9
-2333.9,-3366.6,6004.6,7409.9
-2333.1,-3367.4,6004.6,7409.9
-2239.6,-3268.1,5834.8,7200.4
-2241.9,-3270.4,5834.8,7200.4
-2241.1,-3280.2,5834.8,7200.4
-2241.9,-3281,5834.8,7200.4
-2238.1,-3275.7,5834.8,7200.4
-2238.9,-3274.9,5834.8,7200.4
-2242.7,-3303,5834.8,7200.4
-2243.4,-3303.8,5834.8,7200.4
-2260.9,-3343.9,5834.8,7200.4
-2261.6,-3344.7,5834.8,7200.4
-2276,-3395.5,5834.8,7200.4
-2278.3,-3396.3,5834.8,7200.4
-2268.4,-3386.4,5834.8,7200.4
-2267.7,-3387.2,5834.8,7200.4
-2283.6,-3366.7,5834.8,7200.4
-2284.4,-3365.9,5834.8,7200.4
-2295.7,-3372.8,5834.8,7200.4
