549,552.5,168,165
545.41,547.6,168,165
541.82,544.01,168,165
542.14,544.34,168,165
540.51,540.75,168,165
540.84,537.81,168,165
541.82,535.52,168,165
540.84,530.63,168,165
540.51,530.3,168,165
538.88,529.32,168,165
537.9,527.69,168,165
535.61,524.75,168,165
532.68,523.77,168,165
532.35,523.44,168,165
531.37,523.12,168,165
531.04,519.53,168,165
528.11,516.59,168,165
526.47,513,168,165
526.8,513.32,168,165
529.5,509.45,163.25,160.33
526.65,506.6,163.25,160.33
524.43,503.74,163.25,160.33
521.57,500.25,163.25,160.33
521.89,499.94,163.25,160.33
520.94,496.45,163.25,160.33
520.62,494.86,163.25,160.33
519.03,490.1,163.25,160.33
519.75,488.88,158.63,155.8
519.45,489.8,158.63,155.8
512.36,484.56,158.63,155.8
508.35,483.02,158.63,155.8
503.72,479.01,158.63,155.8
502.18,474.39,158.63,155.8
501.88,474.7,158.63,155.8
501.57,468.23,158.63,155.8
498.18,462.37,158.63,155.8
496.02,455.89,158.63,155.8
492.01,449.42,158.63,155.8
492.32,449.73,158.63,155.8
485.23,440.17,158.63,155.8
483.69,436.78,158.63,155.8
481.53,432.77,158.63,155.8
479.76,430.35,154.15,151.4
480.06,431.25,154.15,151.4
477.37,429.75,154.15,151.4
476.47,430.05,154.15,151.4
474.97,427.36,154.15,151.4
474.67,424.66,154.15,151.4
474.37,424.96,154.15,151.4
476.47,421.07,154.15,151.4
474.37,416.57,154.15,151.4
475.27,416.87,154.15,151.4
474.37,418.37,154.15,151.4
474.07,418.67,154.15,151.4
470.18,421.37,154.15,151.4
468.08,424.66,154.15,151.4
467.18,428.56,154.15,151.4
469.28,431.85,154.15,151.4
469.58,431.55,154.15,151.4
472.28,434.85,154.15,151.4
479.17,439.34,154.15,151.4
486.65,441.44,154.15,151.4
492.35,444.73,154.15,151.4
493.24,445.03,154.15,151.4
498.34,448.33,154.15,151.4
502.23,451.62,154.15,151.4
504.93,456.71,154.15,151.4
511.22,462.41,154.15,151.4
511.52,462.11,154.15,151.4
517.81,467.2,154.15,151.4
520.6,474.22,158.76,155.92
532.01,494.89,158.76,155.92
536.64,500.75,158.76,155.92
536.33,501.06,158.76,155.92
540.34,510.01,158.76,155.92
543.21,517.86,163.5,160.59
549.88,530.88,163.5,160.59
554.65,529.93,163.5,160.59
555.6,530.25,163.5,160.59
558.46,529.93,163.5,160.59
555.06,536.11,168.39,165.39
560.63,537.75,168.39,165.39
561.61,543.31,168.39,165.39
561.28,542.98,168.39,165.39
559.65,543.31,168.39,165.39
558.01,542.98,168.39,165.39
557.68,542.65,168.39,165.39
561.28,542.33,168.39,165.39
559.09,541.49,173.43,170.33
573.58,545.87,173.43,170.33
586.73,546.88,173.43,170.33
589.76,535.09,173.43,170.33
589.42,535.42,173.43,170.33
589.09,535.76,173.43,170.33
592.12,539.47,173.43,170.33
585.82,536.58,178.61,175.42
586.17,537.63,178.61,175.42
595.54,553.94,178.61,175.42
595.19,554.29,178.61,175.42
597.62,543.53,178.61,175.42
591.72,520.27,178.61,175.42
584.43,513.68,178.61,175.42
590.44,536.39,183.95,180.67
590.08,537.46,183.95,180.67
601.88,543.54,183.95,180.67
612.96,544.61,183.95,180.67
617.61,563.56,183.95,180.67
612.24,568.21,183.95,180.67
611.89,567.85,183.95,180.67
609.38,556.05,183.95,180.67
609.03,555.7,183.95,180.67
608.67,556.05,183.95,180.67
597.59,567.13,183.95,180.67
597.23,567.49,183.95,180.67
591.15,580,183.95,180.67
596.52,581.79,183.95,180.67
604.74,579.29,183.95,180.67
604.38,584.65,183.95,180.67
603.31,584.29,183.95,180.67
607.95,584.65,183.95,180.67
614.03,582.15,183.95,180.67
620.82,576.07,183.95,180.67
626.9,563.56,183.95,180.67
627.26,563.2,183.95,180.67
624.76,564.99,183.95,180.67
620.11,563.2,183.95,180.67
624.76,561.41,183.95,180.67
630.12,556.77,183.95,180.67
629.76,556.41,183.95,180.67
632.98,552.48,183.95,180.67
639.05,547.83,183.95,180.67
644.42,538.18,183.95,180.67
644.77,537.11,183.95,180.67
645.13,536.75,183.95,180.67
644.77,542.11,183.95,180.67
645.85,542.47,183.95,180.67
649.06,541.4,183.95,180.67
647.99,551.05,183.95,180.67
648.35,550.69,183.95,180.67
647.28,553.91,183.95,180.67
647.63,554.98,183.95,180.67
656.57,556.05,183.95,180.67
663.36,553.55,183.95,180.67
663.72,553.91,183.95,180.67
674.09,549.26,183.95,180.67
674.44,546.76,183.95,180.67
674.8,547.83,183.95,180.67
676.59,548.9,183.95,180.67
676.23,549.26,183.95,180.67
675.87,548.19,183.95,180.67
676.23,549.98,183.95,180.67
675.87,548.9,183.95,180.67
676.95,542.11,183.95,180.67
677.3,542.47,183.95,180.67
679.81,539.25,183.95,180.67
683.02,533.89,183.95,180.67
685.53,532.82,183.95,180.67
690.17,532.46,183.95,180.67
689.82,532.82,183.95,180.67
693.03,530.31,183.95,180.67
691.25,534.25,183.95,180.67
688.03,534.6,183.95,180.67
684.81,536.39,183.95,180.67
685.17,536.03,183.95,180.67
682.67,541.4,183.95,180.67
682.31,537.46,183.95,180.67
682.67,537.82,183.95,180.67
678.73,539.61,183.95,180.67
678.38,540.68,183.95,180.67
673.01,542.47,183.95,180.67
667.65,542.11,183.95,180.67
653.82,540.48,189.45,186.07
637.99,545.27,189.45,186.07
637.62,545.64,189.45,186.07
621.79,551.9,189.45,186.07
611.11,555.21,189.45,186.07
598.23,561.47,189.45,186.07
591.97,566.25,189.45,186.07
591.6,566.62,189.45,186.07
590.5,567.73,189.45,186.07
590.86,568.09,189.45,186.07
594.65,568.88,184.1,180.81
592.14,568.53,184.1,180.81
591.79,568.88,184.1,180.81
592.14,565.66,184.1,180.81
590.35,563.88,184.1,180.81
584.27,561.37,184.1,180.81
582.48,559.58,184.1,180.81
582.84,559.23,184.1,180.81
578.91,557.44,184.1,180.81
579.26,554.93,184.1,180.81
578.19,554.57,184.1,180.81
575.69,555.65,184.1,180.81
576.04,554.57,184.1,180.81
576.4,556.36,184.1,180.81
580.34,554.57,184.1,180.81
581.41,557.08,184.1,180.81
581.77,559.58,184.1,180.81
582.13,559.94,184.1,180.81
578.19,561.01,184.1,180.81
574.26,564.23,184.1,180.81
576.76,563.88,184.1,180.81
578.55,564.23,184.1,180.81
578.19,564.59,184.1,180.81
578.55,565.66,184.1,180.81
583.2,561.73,184.1,180.81
584.99,561.37,184.1,180.81
588.21,556.72,184.1,180.81
588.57,556.36,184.1,180.81
588.21,556.72,184.1,180.81
584.99,557.79,184.1,180.81
582.48,557.44,184.1,180.81
584.27,557.08,184.1,180.81
583.92,556.72,184.1,180.81
584.99,556.36,184.1,180.81
582.48,559.58,184.1,180.81
582.84,557.79,184.1,180.81
587.49,548.85,184.1,180.81
587.14,548.49,184.1,180.81
591.79,542.41,184.1,180.81
595.01,539.19,184.1,180.81
594.65,540.26,184.1,180.81
595.72,539.19,184.1,180.81
596.08,538.83,184.1,180.81
596.44,538.48,184.1,180.81
598.94,538.12,184.1,180.81
600.01,537.76,184.1,180.81
596.79,540.26,184.1,180.81
597.15,540.62,184.1,180.81
598.23,536.69,184.1,180.81
597.87,536.33,184.1,180.81
591.79,541.7,184.1,180.81
585.7,542.77,184.1,180.81
586.06,543.13,184.1,180.81
587.14,538.48,184.1,180.81
592.5,533.11,184.1,180.81
591.43,533.47,184.1,180.81
586.78,535.26,184.1,180.81
587.14,534.9,184.1,180.81
588.21,534.54,184.1,180.81
587.85,535.61,184.1,180.81
586.06,537.4,184.1,180.81
585.7,541.34,184.1,180.81
586.06,540.98,184.1,180.81
586.42,538.48,184.1,180.81
586.78,540.98,184.1,180.81
586.42,542.77,184.1,180.81
587.49,539.55,184.1,180.81
587.85,540.62,184.1,180.81
588.92,537.4,184.1,180.81
590.71,537.04,184.1,180.81
591.07,538.83,184.1,180.81
584.99,544.2,184.1,180.81
584.63,544.56,184.1,180.81
581.41,548.49,184.1,180.81
581.77,549.57,184.1,180.81
579.98,549.21,184.1,180.81
578.91,549.57,184.1,180.81
579.98,549.92,184.1,180.81
581.77,545.99,184.1,180.81
584.27,542.77,184.1,180.81
583.92,540.26,184.1,180.81
586.42,536.33,184.1,180.81
586.06,536.69,184.1,180.81
586.42,534.18,184.1,180.81
582.48,535.97,184.1,180.81
579.26,537.04,184.1,180.81
583.2,530.25,184.1,180.81
582.84,530.61,184.1,180.81
584.63,526.67,184.1,180.81
582.84,527.03,184.1,180.81
585.35,526.67,184.1,180.81
585.7,526.31,184.1,180.81
586.06,526.67,184.1,180.81
583.56,525.6,184.1,180.81
583.92,524.52,184.1,180.81
585.7,523.45,184.1,180.81
586.78,523.09,184.1,180.81
586.42,522.73,184.1,180.81
586.06,523.09,184.1,180.81
586.42,524.88,184.1,180.81
586.78,526.67,184.1,180.81
587.14,526.31,184.1,180.81
586.78,526.67,184.1,180.81
587.85,524.17,184.1,180.81
587.49,523.81,184.1,180.81
587.85,521.3,184.1,180.81
591.79,517.37,184.1,180.81
592.14,517.73,184.1,180.81
596.08,511.64,184.1,180.81
599.3,509.14,184.1,180.81
604.66,506.64,184.1,180.81
608.6,504.13,184.1,180.81
608.96,504.49,184.1,180.81
610.75,502.7,184.1,180.81
611.82,502.34,184.1,180.81
612.18,503.42,184.1,180.81
613.97,500.91,184.1,180.81
614.32,500.55,184.1,180.81
616.83,500.2,184.1,180.81
616.47,501.27,184.1,180.81
618.26,500.91,184.1,180.81
622.19,499.12,184.1,180.81
621.84,498.77,184.1,180.81
623.63,497.69,184.1,180.81
623.98,497.33,184.1,180.81
625.06,495.55,184.1,180.81
625.41,492.33,184.1,180.81
625.77,491.97,184.1,180.81
626.85,490.89,184.1,180.81
630.07,489.82,184.1,180.81
630.42,488.75,184.1,180.81
630.78,486.96,184.1,180.81
631.14,487.32,184.1,180.81
630.78,484.1,184.1,180.81
630.42,481.59,184.1,180.81
627.2,482.67,184.1,180.81
622.55,483.74,184.1,180.81
622.91,483.38,184.1,180.81
623.27,483.02,184.1,180.81
625.06,479.8,184.1,180.81
626.85,478.73,184.1,180.81
627.92,479.8,184.1,180.81
628.28,480.16,184.1,180.81
629.35,476.94,184.1,180.81
629.71,475.87,184.1,180.81
627.92,477.66,184.1,180.81
627.56,476.58,184.1,180.81
627.2,477.66,184.1,180.81
626.13,478.02,184.1,180.81
622.19,481.95,184.1,180.81
621.12,482.31,184.1,180.81
622.19,480.52,184.1,180.81
622.55,480.16,184.1,180.81
623.63,480.52,184.1,180.81
623.98,480.88,184.1,180.81
626.49,479.09,184.1,180.81
630.42,478.02,184.1,180.81
630.07,477.66,184.1,180.81
629.71,477.3,184.1,180.81
630.78,477.66,184.1,180.81
631.85,473.72,184.1,180.81
632.21,471.22,184.1,180.81
631.85,471.58,184.1,180.81
630.78,469.79,184.1,180.81
627.56,470.15,184.1,180.81
624.34,471.22,184.1,180.81
625.41,470.15,184.1,180.81
625.77,469.79,184.1,180.81
631.14,464.42,184.1,180.81
634.36,461.92,184.1,180.81
636.86,457.98,184.1,180.81
640.8,454.05,184.1,180.81
641.16,453.69,184.1,180.81
646.52,444.03,184.1,180.81
644.73,445.82,184.1,180.81
642.23,446.18,184.1,180.81
639.01,447.25,184.1,180.81
639.37,447.61,184.1,180.81
635.43,449.4,184.1,180.81
630.78,453.33,184.1,180.81
626.85,456.55,184.1,180.81
622.19,461.2,184.1,180.81
621.84,460.84,184.1,180.81
617.9,463.35,184.1,180.81
618.26,460.13,184.1,180.81
614.32,460.49,184.1,180.81
611.1,461.56,184.1,180.81
611.46,461.92,184.1,180.81
608.24,460.84,184.1,180.81
605.74,459.77,184.1,180.81
605.38,457.27,184.1,180.81
605.02,457.62,184.1,180.81
604.66,457.27,184.1,180.81
602.88,456.19,184.1,180.81
597.51,455.84,184.1,180.81
592.86,457.62,184.1,180.81
590.35,457.98,184.1,180.81
590,458.34,184.1,180.81
590.35,455.12,184.1,180.81
592.14,451.18,184.1,180.81
591.07,448.68,184.1,180.81
589.28,447.61,184.1,180.81
589.64,447.25,184.1,180.81
589.28,447.61,184.1,180.81
588.92,443.67,184.1,180.81
589.28,438.31,184.1,180.81
583.92,438.66,184.1,180.81
584.27,438.31,184.1,180.81
578.19,435.09,184.1,180.81
573.54,431.15,184.1,180.81
571.04,425.78,184.1,180.81
571.39,418.99,184.1,180.81
571.75,418.63,184.1,180.81
575.69,411.83,184.1,180.81
579.62,404.32,184.1,180.81
590.71,387.5,184.1,180.81
591.79,379.99,184.1,180.81
592.14,379.63,184.1,180.81
585.35,377.13,184.1,180.81
577.83,376.06,184.1,180.81
586.52,371.82,178.89,175.7
605.05,358.41,184.24,180.95
607.67,352.48,189.75,186.36
618.47,344.17,195.42,191.93
627.32,334.84,201.27,197.67
630.56,348.2,195.58,192.08
632.18,349.01,190.05,186.65
638.19,349.07,184.67,181.38
633.53,338.66,184.67,181.38
539.86,356.24,184.67,181.38
527.76,354.86,179.45,176.25
524.37,354.21,174.38,171.26
525.14,355.62,169.45,166.42
525.23,351.71,164.66,161.72
524.68,349.2,160,157.14
522.28,353.6,155.48,152.7
512.31,274.74,155.48,152.7
512.61,275.65,155.48,152.7
508.17,267.63,160.13,157.27
498,260.61,164.91,161.97
497.78,249.53,169.84,166.81
498.11,239.96,169.84,166.81
497.78,236.99,169.84,166.81
491.5,236,169.84,166.81
493.81,230.39,169.84,166.81
498.11,228.74,169.84,166.81
488.53,227.09,169.84,166.81
484.24,226.76,169.84,166.81
483.25,224.45,169.84,166.81
482.92,223.46,169.84,166.81
481.93,222.47,169.84,166.81
482.68,223.18,165.04,162.1
481.49,222.58,160.38,157.51
485.94,225.74,155.84,153.06
483.82,227.86,155.84,153.06
485.33,228.17,155.84,153.06
486.85,226.65,155.84,153.06
487.75,226.95,155.84,153.06
486.85,225.44,155.84,153.06
488.36,223.93,155.84,153.06
486.85,223.62,155.84,153.06
485.94,223.32,155.84,153.06
486.85,223.02,155.84,153.06
489.35,220.64,151.44,148.73
489.74,217.53,155.96,153.18
488.83,218.44,155.96,153.18
487.92,218.74,155.96,153.18
488.83,219.05,155.96,153.18
484.98,220.7,160.63,157.76
484.67,221.01,160.63,157.76
484.36,220.7,160.63,157.76
487.79,216.02,160.63,157.76
488.73,215.7,160.63,157.76
490.29,211.65,160.63,157.76
488.73,211.33,160.63,157.76
489.04,212.27,160.63,157.76
489.97,212.58,160.63,157.76
490.29,212.89,160.63,157.76
489.35,213.21,160.63,157.76
489.04,214.14,160.63,157.76
487.48,216.33,160.63,157.76
484.67,217.26,160.63,157.76
485.6,216.95,160.63,157.76
485.29,217.26,160.63,157.76
481.23,218.82,160.63,157.76
473.43,222.26,160.63,157.76
469.37,225.07,160.63,157.76
469.69,224.76,160.63,157.76
465.63,225.07,160.63,157.76
448.46,229.75,160.63,157.76
443.15,228.81,160.63,157.76
440.34,227.88,160.63,157.76
440.03,226.94,160.63,157.76
437.85,224.13,160.63,157.76
435.66,224.44,160.63,157.76
434.1,224.13,160.63,157.76
431.92,228.19,160.63,157.76
432.23,227.88,160.63,157.76
430.04,231.31,160.63,157.76
436.6,236.62,160.63,157.76
436.29,240.05,160.63,157.76
434.73,240.99,160.63,157.76
435.04,240.67,160.63,157.76
434.73,240.99,160.63,157.76
433.79,240.67,160.63,157.76
430.36,239.74,160.63,157.76
423.8,240.67,160.63,157.76
423.49,240.99,160.63,157.76
418.81,241.92,160.63,157.76
415.37,240.99,160.63,157.76
415.69,239.43,160.63,157.76
416,239.11,160.63,157.76
416.31,238.8,160.63,157.76
412.25,240.36,160.63,157.76
410.07,241.3,160.63,157.76
411.63,242.86,160.63,157.76
407.57,245.04,160.63,157.76
407.26,245.98,160.63,157.76
402.58,248.17,160.63,157.76
401.64,250.35,160.63,157.76
401.95,248.79,160.63,157.76
401.01,248.48,160.63,157.76
401.33,249.41,160.63,157.76
400.39,249.1,160.63,157.76
397.58,251.29,160.63,157.76
397.27,250.97,160.63,157.76
396.96,249.41,160.63,157.76
397.89,249.73,160.63,157.76
393.84,247.54,160.63,157.76
391.65,247.23,160.63,157.76
395.71,242.55,160.63,157.76
396.65,242.86,160.63,157.76
396.96,241.92,160.63,157.76
397.27,244.11,160.63,157.76
395.08,246.29,160.63,157.76
395.4,247.23,160.63,157.76
396.33,246.29,160.63,157.76
396.65,245.98,160.63,157.76
398.83,244.42,160.63,157.76
399.14,244.11,160.63,157.76
395.8,242.06,165.43,162.48
392.27,237.24,165.43,162.48
392.59,237.56,165.43,162.48
395.25,236.32,160.75,157.88
399.41,227.4,165.56,162.6
372.7,143.43,165.56,162.6
369.16,128.31,165.56,162.6
372.47,125.14,160.88,158
374.66,112.32,160.88,158
379.97,100.13,160.88,158
386.31,90.172,156.33,153.54
382.36,73.463,156.33,153.54
382.06,71.944,156.33,153.54
377.5,65.565,156.33,153.54
372.34,59.793,156.33,153.54
366.57,51.591,156.33,153.54
358.36,40.35,156.33,153.54
357.45,39.439,156.33,153.54
340.84,24.688,161,158.13
331.76,3.1005,161,158.13
325.82,-18.488,161,158.13
354.92,-5.6599,161,158.13
356.48,-4.7213,161,158.13
347.81,-21.571,156.45,153.66
342.42,-40.984,152.03,149.31
343.89,-44.825,152.03,149.31
347.83,-40.262,156.57,153.78
350.05,-39.214,161.25,158.37
352.24,-41.408,161.25,158.37
360.08,-42.975,161.25,158.37
403.73,36.444,166.08,163.11
416.41,51.11,171.04,167.99
413.53,50.926,176.16,173.01
427.67,38.412,181.42,178.18
428.83,31.87,186.85,183.51
430.65,24.971,186.85,183.51
433.19,12.263,186.85,183.51
434.28,11.174,186.85,183.51
439,-2.2607,186.85,183.51
444.44,-17.874,186.85,183.51
450.62,-29.129,186.85,183.51
452.43,-38.933,186.85,183.51
454.25,-38.57,186.85,183.51
491.03,31.668,192.43,189
491.4,31.294,192.43,189
491.78,24.189,192.43,189
494.4,19.328,192.43,189
494.02,19.702,192.43,189
495.89,17.084,192.43,189
495.52,12.971,192.43,189
493.65,14.093,192.43,189
494.02,13.719,192.43,189
494.4,14.093,192.43,189
497.01,13.719,192.43,189
502.62,14.093,192.43,189
507.48,12.223,192.43,189
512.35,11.101,192.43,189
511.97,10.727,192.43,189
513.09,11.849,192.43,189
513.47,12.223,192.43,189
518.33,12.597,192.43,189
521.69,12.971,192.43,189
521.32,14.093,192.43,189
519.45,17.458,192.43,189
519.83,21.572,192.43,189
520.2,22.693,192.43,189
519.83,23.815,192.43,189
519.45,24.189,192.43,189
519.83,24.563,192.43,189
519.45,24.937,192.43,189
517.58,25.311,192.43,189
517.21,23.441,192.43,189
517.58,23.815,192.43,189
516.57,19.868,198.19,194.65
524.38,22.235,192.58,189.14
521.76,25.603,192.58,189.14
522.14,25.228,192.58,189.14
522.51,25.603,192.58,189.14
523.63,26.725,192.58,189.14
523.26,29.345,192.58,189.14
522.14,31.965,192.58,189.14
522.51,33.087,192.58,189.14
522.89,33.462,192.58,189.14
523.26,33.836,192.58,189.14
524.38,34.959,192.58,189.14
524.76,39.824,192.58,189.14
521.39,43.94,192.58,189.14
521.76,44.315,192.58,189.14
521.39,44.689,192.58,189.14
527,43.566,192.58,189.14
525.88,43.192,192.58,189.14
519.52,46.56,192.58,189.14
519.89,46.186,192.58,189.14
517.27,45.812,192.58,189.14
517.65,45.437,192.58,189.14
515.03,48.806,192.58,189.14
512.41,50.677,192.58,189.14
512.03,51.051,192.58,189.14
512.41,52.922,192.58,189.14
513.53,53.296,192.58,189.14
513.9,54.419,192.58,189.14
513.53,54.793,192.58,189.14
513.9,54.419,192.58,189.14
512.78,57.787,192.58,189.14
513.16,58.162,192.58,189.14
514.28,59.284,192.58,189.14
514.65,62.652,192.58,189.14
514.28,62.278,192.58,189.14
513.9,63.401,192.58,189.14
514.28,64.524,192.58,189.14
516.15,64.149,192.58,189.14
517.27,66.021,192.58,189.14
517.65,65.646,192.58,189.14
515.78,69.015,192.58,189.14
510.91,72.383,192.58,189.14
513.53,72.757,192.58,189.14
520.64,66.395,192.58,189.14
521.01,66.769,192.58,189.14
522.14,65.646,192.58,189.14
529.25,60.033,192.58,189.14
535.61,55.916,192.58,189.14
536.73,54.793,192.58,189.14
536.36,54.419,192.58,189.14
530.74,55.542,192.58,189.14
525.13,55.168,192.58,189.14
522.51,55.542,192.58,189.14
530.37,49.928,192.58,189.14
530.74,50.303,192.58,189.14
536.36,47.683,192.58,189.14
541.97,45.812,192.58,189.14
549.08,40.947,192.58,189.14
557.69,39.075,192.58,189.14
558.81,38.701,192.58,189.14
565.17,39.075,192.58,189.14
572.29,38.701,192.58,189.14
578.65,39.075,192.58,189.14
583.51,40.947,192.58,189.14
583.14,41.321,192.58,189.14
592.49,40.947,192.58,189.14
600.35,39.824,192.58,189.14
605.22,39.45,192.58,189.14
605.71,38.493,198.34,194.8
606.86,38.878,198.34,194.8
611.87,39.264,198.34,194.8
615.34,41.962,198.34,194.8
618.04,46.973,198.34,194.8
624.59,49.671,198.34,194.8
625.75,49.285,198.34,194.8
635.39,55.837,198.34,194.8
638.85,58.535,198.34,194.8
645.41,58.921,198.34,194.8
649.65,59.306,198.34,194.8
650.03,59.692,198.34,194.8
649.65,60.848,198.34,194.8
651.57,61.233,198.34,194.8
655.04,60.848,198.34,194.8
655.43,60.463,198.34,194.8
655.81,60.848,198.34,194.8
656.97,60.463,198.34,194.8
657.36,66.244,198.34,194.8
656.97,69.713,198.34,194.8
658.9,70.098,198.34,194.8
659.28,70.484,198.34,194.8
664.29,70.869,198.34,194.8
665.45,71.255,198.34,194.8
670.46,70.098,198.34,194.8
673.16,72.025,198.34,194.8
672.77,72.411,198.34,194.8
673.93,75.88,198.34,194.8
676.63,79.349,198.34,194.8
678.55,81.276,198.34,194.8
676.63,84.745,198.34,194.8
676.24,84.359,198.34,194.8
676.63,85.516,198.34,194.8
680.87,85.13,198.34,194.8
678.94,87.828,198.34,194.8
674.7,92.839,198.34,194.8
675.86,92.453,198.34,194.8
673.93,95.151,198.34,194.8
675.86,103.25,198.34,194.8
681.64,108.26,198.34,194.8
684.34,115.58,198.34,194.8
683.95,115.96,198.34,194.8
683.56,121.75,198.34,194.8
688.58,126.76,198.34,194.8
693.59,131,198.34,194.8
694.74,136.78,198.34,194.8
695.13,136.39,198.34,194.8
692.43,143.72,198.34,194.8
690.5,149.5,198.34,194.8
686.26,157.59,198.34,194.8
679.71,163.37,198.34,194.8
680.1,162.99,198.34,194.8
673.54,164.91,198.34,194.8
672.39,165.3,198.34,194.8
670.46,165.68,198.34,194.8
665.45,166.84,198.34,194.8
665.83,167.23,198.34,194.8
661.6,168.38,198.34,194.8
661.21,168,198.34,194.8
663.14,167.61,198.34,194.8
661.98,168.77,198.34,194.8
661.6,169.15,198.34,194.8
660.44,172.62,198.34,194.8
657.74,174.55,198.34,194.8
657.36,178.79,198.34,194.8
656.2,182.26,198.34,194.8
655.81,182.64,198.34,194.8
653.12,188.43,198.34,194.8
648.1,194.98,198.34,194.8
649.26,196.13,198.34,194.8
649.65,201.14,198.34,194.8
650.03,200.76,198.34,194.8
648.1,204.23,198.34,194.8
646.95,209.24,198.34,194.8
645.79,213.48,198.34,194.8
648.49,213.86,198.34,194.8
648.88,213.48,198.34,194.8
649.26,214.63,198.34,194.8
648.1,219.65,198.34,194.8
649.26,221.57,198.34,194.8
655.04,227.35,198.34,194.8
654.66,226.97,198.34,194.8
652.73,233.52,198.34,194.8
655.43,234.68,198.34,194.8
660.44,233.52,198.34,194.8
660.82,236.22,198.34,194.8
661.21,235.83,198.34,194.8
659.28,236.99,198.34,194.8
661.21,237.37,198.34,194.8
662.37,239.3,198.34,194.8
658.13,245.08,198.34,194.8
657.74,245.47,198.34,194.8
657.36,248.94,198.34,194.8
656.2,249.32,198.34,194.8
655.04,254.33,198.34,194.8
654.66,260.12,198.34,194.8
655.04,259.73,198.34,194.8
653.89,266.28,198.34,194.8
653.5,272.83,198.34,194.8
654.66,280.93,198.34,194.8
653.5,293.65,198.34,194.8
653.12,293.26,198.34,194.8
658.13,311.38,198.34,194.8
664.68,319.47,198.34,194.8
670.46,325.25,198.34,194.8
673.93,331.03,198.34,194.8
673.54,330.65,198.34,194.8
679.32,335.66,198.34,194.8
682.79,339.13,198.34,194.8
686.26,342.6,198.34,194.8
689.73,348.38,198.34,194.8
692.92,350.75,192.73,189.29
698.54,364.61,192.73,189.29
704.91,370.97,192.73,189.29
705.28,381.83,192.73,189.29
707.9,394.19,192.73,189.29
707.53,394.57,192.73,189.29
714.64,401.68,192.73,189.29
716.52,409.55,192.73,189.29
716.89,420.41,192.73,189.29
718.01,427.53,192.73,189.29
718.39,427.9,192.73,189.29
719.51,434.27,192.73,189.29
714.64,448.13,192.73,189.29
709.77,453.74,192.73,189.29
704.16,460.86,192.73,189.29
704.53,461.23,192.73,189.29
700.41,467.6,192.73,189.29
697.79,472.47,192.73,189.29
695.92,472.1,192.73,189.29
694.79,473.97,192.73,189.29
694.42,474.34,192.73,189.29
694.79,473.97,192.73,189.29
690.67,469.85,192.73,189.29
686.55,466.48,192.73,189.29
681.68,461.61,192.73,189.29
680.56,461.98,192.73,189.29
673.45,462.36,192.73,189.29
663.33,463.48,192.73,189.29
654.72,468.35,192.73,189.29
643.86,474.72,192.73,189.29
643.48,474.34,192.73,189.29
634.12,479.96,192.73,189.29
619.51,485.58,192.73,189.29
613.15,489.7,192.73,189.29
608.28,494.57,192.73,189.29
608.65,494.19,192.73,189.29
606.78,494.57,192.73,189.29
601.16,500.93,192.73,189.29
597.04,506.55,192.73,189.29
592.92,507.68,192.73,189.29
592.55,508.05,192.73,189.29
588.43,514.42,192.73,189.29
584.31,520.79,192.73,189.29
577.94,525.65,192.73,189.29
577.56,524.53,192.73,189.29
577.94,524.16,192.73,189.29
573.82,528.28,192.73,189.29
573.45,530.15,192.73,189.29
576.07,530.52,192.73,189.29
575.69,533.89,192.73,189.29
575.32,533.52,192.73,189.29
575.69,538.39,192.73,189.29
578.31,538.76,192.73,189.29
583.18,542.88,192.73,189.29
581.31,547.75,192.73,189.29
581.68,548.13,192.73,189.29
580.56,550.75,192.73,189.29
584.68,552.62,192.73,189.29
587.78,559.42,187.28,183.94
590.06,563.11,181.99,178.74
589.71,563.46,181.99,178.74
591.48,559.57,181.99,178.74
595.37,558.51,181.99,178.74
602.8,551.08,181.99,178.74
612.34,542.24,181.99,178.74
612.7,541.18,181.99,178.74
606.69,547.9,181.99,178.74
602.8,559.57,181.99,178.74
607.14,562.45,176.84,173.69
609.29,563.88,171.84,168.78
609.63,563.54,171.84,168.78
610.63,563.21,171.84,168.78
606.29,569.55,171.84,168.78
601.95,575.23,171.84,168.78
598.27,580.24,171.84,168.78
597.94,579.91,171.84,168.78
593.6,591.59,171.84,168.78
585.92,606.62,171.84,168.78
577.57,618.98,171.84,168.78
573.9,629.33,171.84,168.78
573.56,630.33,171.84,168.78
578.57,635.34,171.84,168.78
587.59,635.67,171.84,168.78
593.26,635.34,171.84,168.78
590.26,642.35,171.84,168.78
590.59,642.69,171.84,168.78
589.59,641.68,171.84,168.78
586.59,637.34,171.84,168.78
581.58,636.34,171.84,168.78
578.57,630,171.84,168.78
578.9,628.99,171.84,168.78
573.23,623.32,171.84,168.78
570.22,624.32,171.84,168.78
570.56,615.3,171.84,168.78
570.22,610.96,171.84,168.78
569.89,610.63,171.84,168.78
572.89,600.94,171.84,168.78
571.89,599.94,171.84,168.78
576.23,599.61,171.84,168.78
587.25,591.93,171.84,168.78
587.59,590.93,171.84,168.78
593.26,586.58,171.84,168.78
598.27,589.59,171.84,168.78
606.38,590.97,166.99,164
604.76,593.25,166.99,164
604.43,592.92,166.99,164
595.67,603.63,166.99,164
590.8,601.36,166.99,164
593.08,595.19,166.99,164
593.4,598.11,166.99,164
593.72,598.44,166.99,164
588.21,598.76,166.99,164
584.64,599.09,166.99,164
575.88,600.06,166.99,164
565.17,604.28,166.99,164
565.49,603.95,166.99,164
565.17,604.28,166.99,164
573.28,592.92,166.99,164
575.55,588.05,166.99,164
573.28,587.73,166.99,164
573.61,588.05,166.99,164
571.33,582.54,166.99,164
571.01,582.86,166.99,164
571.33,591.62,166.99,164
576.2,594.54,166.99,164
576.53,594.22,166.99,164
576.2,597.14,166.99,164
577.17,597.46,166.99,164
578.8,598.44,166.99,164
578.47,603.3,166.99,164
578.8,603.63,166.99,164
579.77,607.2,166.99,164
580.74,606.87,166.99,164
576.53,613.69,166.99,164
577.5,619.21,166.99,164
577.82,618.88,166.99,164
580.74,624.4,166.99,164
579.77,627.97,166.99,164
574.9,628.29,166.99,164
568.74,623.42,166.99,164
568.41,623.75,166.99,164
560.3,624.07,166.99,164
552.19,622.45,166.99,164
546.67,622.77,166.99,164
544.4,621.8,166.99,164
545.37,621.48,166.99,164
544.4,617.26,166.99,164
544.73,616.28,166.99,164
544.4,613.36,166.99,164
545.37,607.85,166.99,164
545.7,608.17,166.99,164
546.67,603.3,166.99,164
548.94,600.38,166.99,164
547.32,606.55,166.99,164
545.05,610.12,166.99,164
544.73,609.79,166.99,164
542.45,616.61,166.99,164
538.24,625.37,166.99,164
539.21,625.05,166.99,164
542.78,622.77,166.99,164
542.45,623.1,166.99,164
546.02,622.13,166.99,164
549.59,616.61,166.99,164
549.92,611.74,166.99,164
548.29,615.31,166.99,164
548.62,614.99,166.99,164
546.35,615.96,166.99,164
546.02,613.69,166.99,164
543.75,612.72,166.99,164
541.48,614.99,166.99,164
541.8,615.31,166.99,164
543.43,614.34,166.99,164
546.35,610.77,166.99,164
547.32,607.85,166.99,164
548.29,606.87,166.99,164
548.62,606.55,166.99,164
547.65,606.23,166.99,164
546.02,606.55,166.99,164
545.05,606.87,166.99,164
544.73,606.55,166.99,164
544.4,606.23,166.99,164
546.02,605.25,166.99,164
545.7,604.93,166.99,164
544.08,606.55,166.99,164
546.35,605.58,166.99,164
546.67,605.25,166.99,164
550.24,600.38,166.99,164
549.92,602.01,166.99,164
549.59,602.98,166.99,164
550.57,603.95,166.99,164
550.89,604.28,166.99,164
550.57,603.95,166.99,164
549.59,604.28,166.99,164
549.92,603.95,166.99,164
549.59,606.87,166.99,164
549.27,606.55,166.99,164
547.65,610.12,166.99,164
546.02,610.44,166.99,164
543.75,611.42,166.99,164
542.78,611.74,166.99,164
543.1,612.07,166.99,164
542.78,611.74,166.99,164
541.16,613.36,166.99,164
540.18,613.04,166.99,164
539.86,612.72,166.99,164
539.53,613.04,166.99,164
539.21,610.77,166.99,164
538.88,610.44,166.99,164
539.21,608.17,166.99,164
539.53,608.5,166.99,164
539.21,608.82,166.99,164
538.88,610.44,166.99,164
538.56,610.77,166.99,164
538.88,611.74,166.99,164
537.91,612.72,166.99,164
537.59,613.04,166.99,164
535.96,612.72,166.99,164
537.59,613.04,166.99,164
539.21,611.42,166.99,164
539.53,611.09,166.99,164
539.21,610.77,166.99,164
538.88,613.04,166.99,164
538.56,610.77,166.99,164
538.88,611.74,166.99,164
539.86,612.07,166.99,164
540.18,611.09,166.99,164
541.16,612.07,166.99,164
542.78,612.39,166.99,164
542.45,614.01,166.99,164
542.78,613.04,166.99,164
542.45,612.72,166.99,164
546.02,611.74,166.99,164
545.7,611.42,166.99,164
544.08,611.09,166.99,164
544.4,610.77,166.99,164
544.73,611.74,166.99,164
544.4,610.77,166.99,164
546.02,611.09,166.99,164
545.05,611.42,166.99,164
544.08,614.99,166.99,164
543.75,615.31,166.99,164
540.83,618.23,166.99,164
538.56,622.45,166.99,164
538.24,627.97,166.99,164
540.51,628.29,166.99,164
540.83,627.97,166.99,164
539.86,630.24,166.99,164
539.53,629.91,166.99,164
539.21,631.54,166.99,164
539.53,631.86,166.99,164
542.87,633.85,162.26,159.37
542.55,632.91,162.26,159.37
544.13,629.44,162.26,159.37
544.44,628.49,162.26,159.37
544.13,626.92,162.26,159.37
543.81,627.23,162.26,159.37
540.34,626.92,162.26,159.37
536.25,618.4,162.26,159.37
531.52,612.41,162.26,159.37
531.2,610.21,162.26,159.37
531.52,610.52,162.26,159.37
531.2,602.01,162.26,159.37
526.47,597.28,162.26,159.37
515.43,584.35,162.26,159.37
504.4,565.11,162.26,159.37
504.08,565.43,162.26,159.37
499.35,556.92,162.26,159.37
497.78,559.12,162.26,159.37
498.09,557.55,162.26,159.37
498.41,549.66,162.26,159.37
498.72,549.98,162.26,159.37
499.67,544.62,162.26,159.37
503.77,539.89,162.26,159.37
507.24,530.74,162.26,159.37
506.92,526.02,162.26,159.37
506.61,526.33,162.26,159.37
506.92,519.08,162.26,159.37
505.34,514.98,162.26,159.37
505.03,507.1,162.26,159.37
503.45,493.54,162.26,159.37
503.77,493.22,162.26,159.37
502.82,487.86,162.26,159.37
500.61,485.65,162.26,159.37
498.41,480.29,162.26,159.37
499.35,471.15,162.26,159.37
499.67,470.83,162.26,159.37
499.98,457.91,162.26,159.37
499.04,453.18,162.26,159.37
499.98,445.92,162.26,159.37
500.93,433.63,162.26,159.37
500.61,433.31,162.26,159.37
502.82,429.21,162.26,159.37
505.66,423.85,162.26,159.37
505.98,415.97,162.26,159.37
506.92,412.5,162.26,159.37
506.61,412.18,162.26,159.37
506.29,408.72,162.26,159.37
502.82,402.72,162.26,159.37
503.14,398.63,162.26,159.37
500.3,397.68,162.26,159.37
500.61,397.36,162.26,159.37
499.04,393.27,162.26,159.37
497.46,392.95,162.26,159.37
493.36,395.79,162.26,159.37
493.68,395.47,162.26,159.37
493.99,395.16,162.26,159.37
487.37,401.78,162.26,159.37
482.64,406.51,162.26,159.37
475.39,409.98,162.26,159.37
467.51,413.45,162.26,159.37
467.19,413.13,162.26,159.37
459.31,417.86,162.26,159.37
454.58,418.18,162.26,159.37
453,418.49,162.26,159.37
448.27,420.7,162.26,159.37
448.59,421.01,162.26,159.37
443.86,424.48,162.26,159.37
442.91,426.06,162.26,159.37
443.23,430.79,162.26,159.37
442.91,438.04,162.26,159.37
441.97,438.36,162.26,159.37
441.02,439.3,162.26,159.37
444.49,444.03,162.26,159.37
448.59,448.76,162.26,159.37
451.42,454.12,162.26,159.37
451.11,454.44,162.26,159.37
452.06,461.06,162.26,159.37
