935,349.5,198,271
934.54,352.71,198,271
934.08,355,198,271
933.62,360.04,198,271
935,364.17,198,271
936.17,364.24,203.92,279.1
938.31,362.43,210.02,287.45
940.52,358.62,216.3,296.04
947.03,357.12,216.3,296.04
955.54,353.61,216.3,296.04
967.06,350.11,216.3,296.04
971.57,343.6,216.3,296.04
978.08,336.09,216.3,296.04
858.39,423.72,216.3,296.04
860.67,418.79,222.76,304.89
862.21,415.18,222.76,304.89
865.82,414.67,222.76,304.89
868.4,414.15,222.76,304.89
869.72,411.14,229.42,314.01
870.25,410.61,229.42,314.01
871.84,410.08,229.42,314.01
875.56,410.61,229.42,314.01
876.91,405.38,236.28,323.4
876.11,400,243.35,333.07
880.06,400.57,243.35,333.07
881.75,401.13,243.35,333.07
883.44,403.95,243.35,333.07
885.13,406.76,243.35,333.07
886.82,409.58,243.35,333.07
886.25,414.65,243.35,333.07
885.69,417.47,243.35,333.07
884,421.41,243.35,333.07
883.44,423.1,243.35,333.07
881.75,422.54,243.35,333.07
881.18,420.85,243.35,333.07
880.62,419.16,243.35,333.07
875.29,412.49,250.63,343.03
878.19,413.07,250.63,343.03
879.93,414.81,250.63,343.03
882.83,418.87,250.63,343.03
885.73,422.93,250.63,343.03
888.64,424.67,250.63,343.03
889.22,421.77,250.63,343.03
874.71,411.91,250.63,343.03
870.65,406.69,250.63,343.03
872.39,402.62,250.63,343.03
871.81,402.04,250.63,343.03
871.23,402.62,250.63,343.03
872.97,406.69,250.63,343.03
872.39,410.75,250.63,343.03
871.81,415.97,250.63,343.03
868.91,418.87,250.63,343.03
866.01,418.29,250.63,343.03
863.1,414.23,250.63,343.03
857.88,410.17,250.63,343.03
852.66,407.27,250.63,343.03
849.49,403.88,258.12,353.28
848.9,405.67,258.12,353.28
847.1,412.25,258.12,353.28
846.51,418.82,258.12,353.28
842.05,421.31,265.84,363.85
840.2,429.31,265.84,363.85
835.89,434.85,265.84,363.85
836.51,435.46,265.84,363.85
835.89,432.38,265.84,363.85
835.28,424.38,265.84,363.85
832.2,413.92,265.84,363.85
835.34,409.83,258.32,353.56
834.81,401.07,251.02,343.56
833.07,388.87,251.02,343.56
829,377.83,251.02,343.56
827.26,369.11,251.02,343.56
827.84,363.88,251.02,343.56
827.26,359.81,251.02,343.56
826.67,358.07,251.02,343.56
826.09,357.49,251.02,343.56
825.51,360.39,251.02,343.56
827.26,363.3,251.02,343.56
827.84,369.69,251.02,343.56
829.58,377.25,251.02,343.56
831.32,385.96,251.02,343.56
833.07,394.68,251.02,343.56
833.38,401.75,258.52,353.84
835.18,411.93,258.52,353.84
835.78,413.72,258.52,353.84
836.37,409.53,258.52,353.84
832.18,401.75,258.52,353.84
829.19,391.58,258.52,353.84
827.46,386.4,251.21,343.83
825.72,376.52,251.21,343.83
822.81,367.79,251.21,343.83
822.23,361.39,251.21,343.83
821.64,358.49,251.21,343.83
822.23,357.9,251.21,343.83
820.48,358.49,251.21,343.83
822.23,361.39,251.21,343.83
822.81,365.46,251.21,343.83
824.55,371.86,251.21,343.83
827.46,379.42,251.21,343.83
830.37,388.15,251.21,343.83
834.44,400.36,251.21,343.83
838.51,414.9,251.21,343.83
844.97,434.3,244.11,334.11
847.8,438.26,244.11,334.11
848.36,436.56,244.11,334.11
848.93,430.35,244.11,334.11
849.49,421.87,244.11,334.11
847.8,413.39,244.11,334.11
847.23,407.17,244.11,334.11
846.67,405.48,244.11,334.11
847.23,406.04,244.11,334.11
847.8,407.74,244.11,334.11
849.49,410.57,244.11,334.11
850.06,414.52,244.11,334.11
850.62,415.09,244.11,334.11
848.67,409.53,251.41,344.1
848.09,407.78,251.41,344.1
848.67,406.03,251.41,344.1
849.25,405.45,251.41,344.1
851,406.03,251.41,344.1
851.58,406.62,251.41,344.1
852.16,407.2,251.41,344.1
852.74,405.45,251.41,344.1
854.49,402.54,251.41,344.1
855.07,400.8,251.41,344.1
853.32,399.05,251.41,344.1
853.91,398.47,251.41,344.1
854.49,400.21,251.41,344.1
856.23,400.8,251.41,344.1
856.82,401.38,251.41,344.1
857.4,400.8,251.41,344.1
857.98,399.05,251.41,344.1
858.56,397.3,251.41,344.1
861.47,396.72,251.41,344.1
869.04,397.3,251.41,344.1
874.28,397.89,251.41,344.1
878.35,398.47,251.41,344.1
878.94,396.72,251.41,344.1
880.68,396.14,251.41,344.1
881.26,394.39,251.41,344.1
883.01,394.97,251.41,344.1
883.59,395.56,251.41,344.1
883.01,397.3,251.41,344.1
883.59,397.89,251.41,344.1
883.01,396.14,251.41,344.1
883.59,393.23,251.41,344.1
883.01,390.32,251.41,344.1
881.26,389.74,251.41,344.1
878.35,389.15,251.41,344.1
870.52,385.76,258.93,354.39
861.25,382.26,266.67,364.98
859.4,381.64,266.67,364.98
868.66,382.26,266.67,364.98
890.34,391.74,259.13,354.67
892.14,391.14,259.13,354.67
893.94,391.74,259.13,354.67
895.74,392.34,259.13,354.67
899.94,394.14,259.13,354.67
900.54,399.54,259.13,354.67
904.8,409.95,251.8,344.64
908.94,417.74,244.68,334.89
910.64,414.91,244.68,334.89
911.21,414.34,244.68,334.89
917.5,419.64,237.76,325.42
915.85,419.09,237.76,325.42
916.4,418.54,237.76,325.42
915.85,420.19,237.76,325.42
907.34,414.77,244.87,335.15
905.64,415.34,244.87,335.15
898.01,409.76,252.19,345.18
893.65,402.85,259.74,355.5
891.85,403.45,259.74,355.5
891.25,404.05,259.74,355.5
887.04,405.86,259.74,355.5
886.44,406.46,259.74,355.5
885.84,409.47,259.74,355.5
885.24,412.47,259.74,355.5
885.84,415.48,259.74,355.5
886.44,416.08,259.74,355.5
887.04,415.48,259.74,355.5
887.64,414.88,259.74,355.5
887.04,411.87,259.74,355.5
887.64,408.87,259.74,355.5
889.45,405.86,259.74,355.5
892.45,402.85,259.74,355.5
896.66,401.05,259.74,355.5
902.07,400.45,259.74,355.5
907.49,399.85,259.74,355.5
914.1,399.24,259.74,355.5
918.31,398.64,259.74,355.5
922.52,398.04,259.74,355.5
927.93,395.03,259.74,355.5
930.94,392.03,259.74,355.5
931.54,387.82,259.74,355.5
933.34,383.61,259.74,355.5
940.02,388.03,252.39,345.44
940.61,386.28,252.39,345.44
941.19,383.36,252.39,345.44
938.27,382.77,252.39,345.44
936.52,383.36,252.39,345.44
931.26,385.11,252.39,345.44
924.83,389.2,252.39,345.44
918.4,392.12,252.39,345.44
914.31,395.05,252.39,345.44
907.88,396.8,252.39,345.44
902.62,396.21,252.39,345.44
900.87,395.63,252.39,345.44
896.78,393.88,252.39,345.44
895.03,390.96,252.39,345.44
892.11,389.2,252.39,345.44
890.35,387.45,252.39,345.44
889.77,384.53,252.39,345.44
890.35,382.77,252.39,345.44
888.6,379.85,252.39,345.44
889.18,378.1,252.39,345.44
889.77,376.35,252.39,345.44
893.92,379.48,245.26,335.68
895.62,376.64,245.26,335.68
896.19,372.66,245.26,335.68
899.03,368.69,245.26,335.68
900.73,365.85,245.26,335.68
901.3,364.15,245.26,335.68
904.14,362.44,245.26,335.68
905.85,360.74,245.26,335.68
908.68,361.31,245.26,335.68
909.25,360.74,245.26,335.68
913.23,362.44,245.26,335.68
914.93,364.15,245.26,335.68
914.36,365.85,245.26,335.68
914.93,364.15,245.26,335.68
913.23,363.58,245.26,335.68
910.39,363.01,245.26,335.68
906.41,362.44,245.26,335.68
901.3,361.87,245.26,335.68
896.19,362.44,245.26,335.68
891.08,361.87,245.26,335.68
885.97,361.31,245.26,335.68
879.73,360.74,245.26,335.68
875.49,355.15,252.59,345.71
869.06,355.74,252.59,345.71
868.47,355.15,252.59,345.71
872.57,356.91,252.59,345.71
869.38,352.32,260.14,356.05
869.98,356.54,260.14,356.05
868.17,358.35,260.14,356.05
866.36,360.15,260.14,356.05
865.76,363.16,260.14,356.05
865.16,366.18,260.14,356.05
864.56,367.98,260.14,356.05
863.96,369.79,260.14,356.05
863.35,374.01,260.14,356.05
862.75,374.61,260.14,356.05
863.35,377.62,260.14,356.05
861.55,380.63,260.14,356.05
860.94,382.44,260.14,356.05
860.34,385.45,260.14,356.05
859.74,387.26,260.14,356.05
859.14,389.06,260.14,356.05
858.53,390.87,260.14,356.05
857.93,391.47,260.14,356.05
853.44,385.55,267.92,366.7
851.58,386.17,267.92,366.7
854.75,394.45,260.34,356.33
859.03,400.09,252.98,346.25
862.02,406.74,245.83,336.46
861.45,406.18,245.83,336.46
859.75,405.61,245.83,336.46
859.18,406.18,245.83,336.46
858.61,406.74,245.83,336.46
858.04,407.31,245.83,336.46
858.61,407.88,245.83,336.46
858.04,407.31,245.83,336.46
854.93,403.99,253.18,346.52
854.35,404.58,253.18,346.52
854.93,405.16,253.18,346.52
854.35,405.75,253.18,346.52
854.93,406.34,253.18,346.52
855.52,408.09,253.18,346.52
856.1,408.68,253.18,346.52
856.69,409.27,253.18,346.52
856.1,409.85,253.18,346.52
855.52,410.44,253.18,346.52
854.93,411.03,253.18,346.52
854.35,410.44,253.18,346.52
853.76,409.85,253.18,346.52
853.17,408.09,253.18,346.52
852.59,407.51,253.18,346.52
852,405.75,253.18,346.52
851.41,402.82,253.18,346.52
850.83,401.06,253.18,346.52
850.24,399.3,253.18,346.52
845.87,393.54,260.75,356.89
845.27,392.93,260.75,356.89
844.66,393.54,260.75,356.89
844.06,394.14,260.75,356.89
844.66,395.95,260.75,356.89
844.06,398.97,260.75,356.89
843.46,400.78,260.75,356.89
841.65,402.59,260.75,356.89
839.83,403.19,260.75,356.89
838.02,403.8,260.75,356.89
836.21,405.61,260.75,356.89
833.19,406.21,260.75,356.89
830.18,406.82,260.75,356.89
828.36,407.42,260.75,356.89
825.35,408.02,260.75,356.89
822.33,408.63,260.75,356.89
820.52,409.23,260.75,356.89
818.71,409.83,260.75,356.89
818.1,410.44,260.75,356.89
816.29,412.25,260.75,356.89
815.69,412.85,260.75,356.89
816.29,414.66,260.75,356.89
815.69,415.27,260.75,356.89
816.29,414.66,260.75,356.89
815.69,416.48,260.75,356.89
815.08,415.87,260.75,356.89
814.48,415.27,260.75,356.89
813.88,414.66,260.75,356.89
813.27,414.06,260.75,356.89
812.67,413.46,260.75,356.89
813.27,411.65,260.75,356.89
813.88,409.83,260.75,356.89
816.89,408.02,260.75,356.89
818.71,407.42,260.75,356.89
820.52,404.4,260.75,356.89
822.33,402.59,260.75,356.89
825.35,401.99,260.75,356.89
828.36,401.38,260.75,356.89
830.18,400.78,260.75,356.89
831.99,400.18,260.75,356.89
833.8,398.36,260.75,356.89
833.19,397.76,260.75,356.89
832.59,397.16,260.75,356.89
830.78,395.35,260.75,356.89
828.97,393.54,260.75,356.89
827.16,392.93,260.75,356.89
824.14,392.33,260.75,356.89
821.12,389.31,260.75,356.89
819.31,387.5,260.75,356.89
815.08,385.69,260.75,356.89
812.06,383.88,260.75,356.89
809.05,382.07,260.75,356.89
804.82,380.25,260.75,356.89
798.18,378.44,260.75,356.89
792.75,377.84,260.75,356.89
787.31,377.24,260.75,356.89
781.88,375.42,260.75,356.89
776.45,376.03,260.75,356.89
771.01,376.63,260.75,356.89
766.79,376.03,260.75,356.89
761.35,376.63,260.75,356.89
758.34,377.24,260.75,356.89
755.32,376.63,260.75,356.89
753.51,377.24,260.75,356.89
751.7,377.84,260.75,356.89
749.88,378.44,260.75,356.89
749.28,377.84,260.75,356.89
747.47,377.24,260.75,356.89
746.87,376.63,260.75,356.89
747.47,376.03,260.75,356.89
746.87,375.42,260.75,356.89
747.47,373.61,260.75,356.89
748.07,373.01,260.75,356.89
748.68,372.41,260.75,356.89
749.28,373.01,260.75,356.89
748.68,373.61,260.75,356.89
748.07,373.01,260.75,356.89
747.47,373.61,260.75,356.89
746.87,373.01,260.75,356.89
743.85,374.82,260.75,356.89
740.83,375.42,260.75,356.89
737.81,377.24,260.75,356.89
734.79,380.25,260.75,356.89
731.77,382.07,260.75,356.89
727.55,383.88,260.75,356.89
724.53,386.89,260.75,356.89
721.51,388.71,260.75,356.89
717.29,389.31,260.75,356.89
714.27,388.71,260.75,356.89
711.25,389.31,260.75,356.89
709.44,388.71,260.75,356.89
706.42,388.1,260.75,356.89
704.61,387.5,260.75,356.89
702.8,386.89,260.75,356.89
702.19,386.29,260.75,356.89
700.38,385.69,260.75,356.89
700.99,385.08,260.75,356.89
701.59,384.48,260.75,356.89
700.99,385.08,260.75,356.89
702.8,384.48,260.75,356.89
703.4,383.88,260.75,356.89
704,384.48,260.75,356.89
705.82,382.67,260.75,356.89
705.21,380.86,260.75,356.89
704.61,379.05,260.75,356.89
704,377.24,260.75,356.89
703.4,375.42,260.75,356.89
702.8,374.82,260.75,356.89
702.19,375.42,260.75,356.89
700.38,376.03,260.75,356.89
699.78,376.63,260.75,356.89
697.97,376.03,260.75,356.89
697.36,376.63,260.75,356.89
695.55,377.24,260.75,356.89
692.53,376.63,260.75,356.89
690.72,376.03,260.75,356.89
688.91,376.63,260.75,356.89
684.69,377.24,260.75,356.89
681.67,377.84,260.75,356.89
678.65,379.65,260.75,356.89
676.84,381.46,260.75,356.89
675.03,383.27,260.75,356.89
674.42,385.08,260.75,356.89
673.82,386.89,260.75,356.89
674.42,389.91,260.75,356.89
673.82,391.72,260.75,356.89
676.84,393.54,260.75,356.89
681.06,394.14,260.75,356.89
684.08,394.74,260.75,356.89
687.1,395.35,260.75,356.89
688.91,393.54,260.75,356.89
690.72,392.93,260.75,356.89
693.74,392.33,260.75,356.89
694.35,390.52,260.75,356.89
694.95,389.91,260.75,356.89
696.76,390.52,260.75,356.89
696.16,389.91,260.75,356.89
694.35,390.52,260.75,356.89
691.33,391.12,260.75,356.89
690.72,391.72,260.75,356.89
690.12,393.54,260.75,356.89
688.31,394.14,260.75,356.89
685.29,393.54,260.75,356.89
683.48,392.93,260.75,356.89
680.46,391.12,260.75,356.89
677.44,386.89,260.75,356.89
675.63,385.08,260.75,356.89
673.82,382.07,260.75,356.89
673.22,379.05,260.75,356.89
671.41,377.24,260.75,356.89
670.8,374.22,260.75,356.89
672.61,373.61,260.75,356.89
673.22,373.01,260.75,356.89
673.82,372.41,260.75,356.89
674.42,371.8,260.75,356.89
675.03,372.41,260.75,356.89
676.84,371.8,260.75,356.89
678.65,372.41,260.75,356.89
679.25,370.6,260.75,356.89
679.86,369.99,260.75,356.89
680.46,369.39,260.75,356.89
681.06,367.58,260.75,356.89
680.46,365.77,260.75,356.89
678.65,363.95,260.75,356.89
684.15,369.6,253.38,346.79
681.21,367.84,253.38,346.79
679.45,366.08,253.38,346.79
677.69,364.32,253.38,346.79
675.93,362.56,253.38,346.79
673,360.8,253.38,346.79
671.24,360.22,253.38,346.79
670.65,357.28,253.38,346.79
668.89,354.35,253.38,346.79
665.96,351.42,253.38,346.79
664.2,349.66,253.38,346.79
661.27,346.73,253.38,346.79
659.51,346.14,253.38,346.79
657.75,345.55,253.38,346.79
655.99,346.14,253.38,346.79
653.06,346.73,253.38,346.79
652.47,347.31,253.38,346.79
651.88,349.07,253.38,346.79
651.3,353.18,253.38,346.79
653.06,356.11,253.38,346.79
652.47,357.87,253.38,346.79
654.23,361.98,253.38,346.79
655.99,363.74,253.38,346.79
657.75,365.5,253.38,346.79
661.86,367.26,253.38,346.79
664.79,369.02,253.38,346.79
667.72,370.78,253.38,346.79
669.48,371.36,253.38,346.79
671.24,371.95,253.38,346.79
673,372.54,253.38,346.79
673.59,373.12,253.38,346.79
675.35,372.54,253.38,346.79
675.93,373.12,253.38,346.79
676.52,372.54,253.38,346.79
675.93,371.95,253.38,346.79
675.35,371.36,253.38,346.79
674.76,369.6,253.38,346.79
675.35,369.02,253.38,346.79
669.8,360.9,260.95,357.16
671.61,361.5,260.95,357.16
673.42,362.11,260.95,357.16
677.65,362.71,260.95,357.16
679.47,363.32,260.95,357.16
682.49,365.13,260.95,357.16
686.72,365.73,260.95,357.16
689.74,366.34,260.95,357.16
692.76,366.94,260.95,357.16
698.2,367.54,260.95,357.16
703.63,368.15,260.95,357.16
707.86,368.75,260.95,357.16
712.09,366.94,260.95,357.16
717.53,365.13,260.95,357.16
720.55,363.32,260.95,357.16
724.78,361.5,260.95,357.16
729.01,359.69,260.95,357.16
734.44,357.88,260.95,357.16
738.67,357.27,260.95,357.16
737.79,350.12,268.76,367.84
742.15,349.5,268.76,367.84
744.02,350.12,268.76,367.84
747.13,350.74,268.76,367.84
747.75,351.37,268.76,367.84
749.62,351.99,268.76,367.84
750.24,352.61,268.76,367.84
749.62,351.99,268.76,367.84
746.22,344.62,276.79,378.84
744.3,345.26,276.79,378.84
741.09,344.62,276.79,378.84
739.17,345.26,276.79,378.84
738.53,344.62,276.79,378.84
739.17,345.26,276.79,378.84
739.81,345.9,276.79,378.84
741.73,347.83,276.79,378.84
742.37,348.47,276.79,378.84
743.02,349.11,276.79,378.84
742.37,348.47,276.79,378.84
741.73,349.11,276.79,378.84
741.09,349.75,276.79,378.84
740.45,350.39,276.79,378.84
738.53,351.03,276.79,378.84
737.89,351.67,276.79,378.84
735.97,352.31,276.79,378.84
734.04,351.67,276.79,378.84
733.4,353.59,276.79,378.84
731.48,355.52,276.79,378.84
729.56,357.44,276.79,378.84
730.2,358.08,276.79,378.84
729.56,357.44,276.79,378.84
728.92,356.8,276.79,378.84
728.28,357.44,276.79,378.84
727.64,358.08,276.79,378.84
727,358.72,276.79,378.84
726.35,360.64,276.79,378.84
725.71,361.28,276.79,378.84
725.07,360.64,276.79,378.84
723.15,361.28,276.79,378.84
722.51,361.93,276.79,378.84
720.59,363.85,276.79,378.84
719.95,364.49,276.79,378.84
719.31,365.13,276.79,378.84
718.66,365.77,276.79,378.84
719.31,366.41,276.79,378.84
719.95,365.77,276.79,378.84
720.59,366.41,276.79,378.84
721.23,365.77,276.79,378.84
720.59,366.41,276.79,378.84
721.23,364.49,276.79,378.84
721.87,362.57,276.79,378.84
723.79,360.64,276.79,378.84
724.43,358.72,276.79,378.84
725.07,358.08,276.79,378.84
725.71,357.44,276.79,378.84
726.35,356.8,276.79,378.84
725.71,357.44,276.79,378.84
726.35,356.8,276.79,378.84
725.71,357.44,276.79,378.84
725.07,356.8,276.79,378.84
723.15,356.16,276.79,378.84
722.51,355.52,276.79,378.84
721.87,356.16,276.79,378.84
721.23,354.24,276.79,378.84
719.31,353.59,276.79,378.84
716.1,354.24,276.79,378.84
714.18,353.59,276.79,378.84
710.97,354.24,276.79,378.84
707.77,354.88,276.79,378.84
705.85,356.8,276.79,378.84
703.93,358.72,276.79,378.84
700.72,361.93,276.79,378.84
697.52,365.13,276.79,378.84
694.31,367.05,276.79,378.84
692.39,371.54,276.79,378.84
690.47,376.02,276.79,378.84
685.98,379.23,276.79,378.84
682.78,381.15,276.79,378.84
678.29,380.51,276.79,378.84
673.81,379.87,276.79,378.84
673.17,377.95,276.79,378.84
669.96,373.46,276.79,378.84
666.76,371.54,276.79,378.84
664.83,369.62,276.79,378.84
661.63,368.97,276.79,378.84
659.71,368.33,276.79,378.84
659.07,366.41,276.79,378.84
659.71,364.49,276.79,378.84
660.35,363.85,276.79,378.84
662.27,361.93,276.79,378.84
660.35,358.72,276.79,378.84
660.99,356.8,276.79,378.84
661.63,353.59,276.79,378.84
660.99,350.39,276.79,378.84
661.63,348.47,276.79,378.84
659.71,343.98,276.79,378.84
659.07,342.06,276.79,378.84
657.14,338.86,276.79,378.84
655.22,335.65,276.79,378.84
653.3,333.73,276.79,378.84
651.38,330.52,276.79,378.84
652.02,329.88,276.79,378.84
652.66,329.24,276.79,378.84
652.02,328.6,276.79,378.84
655.29,337.16,268.97,368.13
654.67,336.54,268.97,368.13
652.8,337.16,268.97,368.13
650.93,337.78,268.97,368.13
650.31,339.65,268.97,368.13
648.44,341.52,268.97,368.13
647.82,342.14,268.97,368.13
645.95,341.52,268.97,368.13
645.33,342.14,268.97,368.13
645.95,341.52,268.97,368.13
645.33,342.14,268.97,368.13
647.2,341.52,268.97,368.13
649.06,343.39,268.97,368.13
652.18,345.26,268.97,368.13
655.29,347.13,268.97,368.13
657.16,347.75,268.97,368.13
657.78,349.62,268.97,368.13
658.4,350.24,268.97,368.13
659.03,350.86,268.97,368.13
659.65,351.48,268.97,368.13
660.27,353.35,268.97,368.13
660.89,353.98,268.97,368.13
660.27,354.6,268.97,368.13
660.89,355.22,268.97,368.13
661.52,354.6,268.97,368.13
664.63,352.73,268.97,368.13
671.55,357.31,261.36,357.72
672.15,355.5,261.36,357.72
672.76,354.89,261.36,357.72
674.57,354.29,261.36,357.72
673.97,356.1,261.36,357.72
673.36,356.71,261.36,357.72
672.76,358.52,261.36,357.72
679.48,365.39,253.97,347.61
675.36,363.63,253.97,347.61
673.6,364.22,253.97,347.61
673.01,362.45,253.97,347.61
671.25,361.87,253.97,347.61
669.48,361.28,253.97,347.61
668.89,360.69,253.97,347.61
665.95,361.28,253.97,347.61
665.37,361.87,253.97,347.61
662.43,362.45,253.97,347.61
661.84,363.04,253.97,347.61
661.25,364.81,253.97,347.61
660.66,366.57,253.97,347.61
660.07,367.16,253.97,347.61
658.31,370.1,253.97,347.61
656.55,371.86,253.97,347.61
655.96,373.63,253.97,347.61
654.19,375.39,253.97,347.61
652.43,375.98,253.97,347.61
650.67,377.74,253.97,347.61
650.08,378.33,253.97,347.61
649.49,378.92,253.97,347.61
650.08,379.51,253.97,347.61
649.49,380.09,253.97,347.61
651.25,381.86,253.97,347.61
651.84,382.45,253.97,347.61
652.43,383.03,253.97,347.61
653.02,384.8,253.97,347.61
653.61,386.56,253.97,347.61
654.19,388.33,253.97,347.61
653.61,391.27,253.97,347.61
654.19,395.38,253.97,347.61
653.61,397.15,253.97,347.61
653.02,400.09,253.97,347.61
651.25,401.85,253.97,347.61
650.67,402.44,253.97,347.61
650.08,403.03,253.97,347.61
649.49,404.79,253.97,347.61
650.08,406.55,253.97,347.61
650.67,407.14,253.97,347.61
654.78,407.73,253.97,347.61
657.72,408.32,253.97,347.61
655.69,402.53,261.57,358
657.51,403.14,261.57,358
660.53,403.74,261.57,358
662.35,404.35,261.57,358
661.74,404.96,261.57,358
658.72,403.14,261.57,358
658.11,401.32,261.57,358
657.51,398.29,261.57,358
658.11,395.27,261.57,358
658.72,393.45,261.57,358
660.53,391.63,261.57,358
662.35,389.82,261.57,358
664.17,389.21,261.57,358
664.77,387.39,261.57,358
665.38,386.79,261.57,358
667.19,386.18,261.57,358
669.01,385.58,261.57,358
665.71,377.2,269.39,368.71
666.05,369.81,277.44,379.73
667.97,367.89,277.44,379.73
668.61,365.96,277.44,379.73
669.26,362.75,277.44,379.73
669.9,359.54,277.44,379.73
667.68,349.36,285.74,391.08
667.02,346.06,285.74,391.08
667.68,345.39,285.74,391.08
665.69,343.41,285.74,391.08
666.36,342.75,285.74,391.08
664.37,342.09,285.74,391.08
665.03,342.75,285.74,391.08
667.02,342.09,285.74,391.08
669,340.1,285.74,391.08
669.66,339.44,285.74,391.08
670.32,338.78,285.74,391.08
668.34,336.79,285.74,391.08
666.36,336.13,285.74,391.08
665.69,335.47,285.74,391.08
662.39,333.49,285.74,391.08
660.4,332.82,285.74,391.08
659.74,330.84,285.74,391.08
665.76,337.03,277.66,380.03
665.12,333.82,277.66,380.03
664.48,330.6,277.66,380.03
665.12,328.67,277.66,380.03
665.76,325.46,277.66,380.03
665.12,324.82,277.66,380.03
664.48,324.17,277.66,380.03
665.12,323.53,277.66,380.03
664.48,322.89,277.66,380.03
663.84,323.53,277.66,380.03
661.91,324.17,277.66,380.03
661.26,324.82,277.66,380.03
659.34,324.17,277.66,380.03
658.69,323.53,277.66,380.03
656.76,322.89,277.66,380.03
656.12,322.25,277.66,380.03
655.48,322.89,277.66,380.03
654.84,323.53,277.66,380.03
652.91,324.17,277.66,380.03
650.98,326.1,277.66,380.03
649.05,328.03,277.66,380.03
648.41,328.67,277.66,380.03
647.76,329.32,277.66,380.03
647.12,329.96,277.66,380.03
646.48,331.89,277.66,380.03
647.12,332.53,277.66,380.03
646.48,333.17,277.66,380.03
647.12,333.82,277.66,380.03
647.76,334.46,277.66,380.03
647.12,336.39,277.66,380.03
646.48,338.32,277.66,380.03
648.41,338.96,277.66,380.03
649.05,338.32,277.66,380.03
649.69,338.96,277.66,380.03
651.62,338.32,277.66,380.03
654.84,338.96,277.66,380.03
660.69,344.97,269.81,369.28
663.81,344.35,269.81,369.28
664.44,343.72,269.81,369.28
665.06,343.1,269.81,369.28
668.19,343.72,269.81,369.28
667.56,344.35,269.81,369.28
670.68,344.97,269.81,369.28
671.31,344.35,269.81,369.28
671.93,344.97,269.81,369.28
675.06,344.35,269.81,369.28
676.93,344.97,269.81,369.28
677.56,344.35,269.81,369.28
678.18,344.97,269.81,369.28
678.8,344.35,269.81,369.28
679.43,344.97,269.81,369.28
678.8,344.35,269.81,369.28
678.18,344.97,269.81,369.28
678.8,344.35,269.81,369.28
678.18,344.97,269.81,369.28
677.56,345.6,269.81,369.28
678.18,344.97,269.81,369.28
677.56,344.35,269.81,369.28
676.93,343.72,269.81,369.28
676.31,343.1,269.81,369.28
675.68,344.97,269.81,369.28
675.06,346.85,269.81,369.28
674.43,348.72,269.81,369.28
672.56,350.6,269.81,369.28
669.43,353.72,269.81,369.28
667.56,355.59,269.81,369.28
666.94,357.47,269.81,369.28
666.31,358.09,269.81,369.28
663.19,359.97,269.81,369.28
662.56,360.59,269.81,369.28
663.19,362.46,269.81,369.28
662.56,363.09,269.81,369.28
663.19,364.96,269.81,369.28
661.31,365.59,269.81,369.28
660.69,366.21,269.81,369.28
661.31,368.09,269.81,369.28
661.94,367.46,269.81,369.28
662.56,366.84,269.81,369.28
661.94,367.46,269.81,369.28
661.31,368.09,269.81,369.28
659.44,368.71,269.81,369.28
657.57,368.09,269.81,369.28
656.94,367.46,269.81,369.28
657.57,366.84,269.81,369.28
656.94,366.21,269.81,369.28
657.57,365.59,269.81,369.28
652.91,358.19,277.87,380.32
653.55,357.55,277.87,380.32
654.19,356.91,277.87,380.32
653.55,354.98,277.87,380.32
654.19,354.33,277.87,380.32
654.84,353.69,277.87,380.32
655.48,353.05,277.87,380.32
656.12,351.12,277.87,380.32
655.48,350.47,277.87,380.32
656.12,349.83,277.87,380.32
656.77,349.19,277.87,380.32
657.41,348.54,277.87,380.32
658.05,349.19,277.87,380.32
659.98,348.54,277.87,380.32
660.63,349.19,277.87,380.32
661.27,348.54,277.87,380.32
660.63,347.9,277.87,380.32
661.27,347.26,277.87,380.32
663.2,347.9,277.87,380.32
665.13,347.26,277.87,380.32
667.06,346.61,277.87,380.32
667.7,345.97,277.87,380.32
668.35,344.04,277.87,380.32
668.99,342.11,277.87,380.32
669.63,341.47,277.87,380.32
671.56,339.54,277.87,380.32
672.21,337.61,277.87,380.32
672.85,335.68,277.87,380.32
673.49,333.75,277.87,380.32
674.14,330.53,277.87,380.32
674.78,328.6,277.87,380.32
675.42,327.96,277.87,380.32
674.78,326.03,277.87,380.32
675.42,326.67,277.87,380.32
673.49,326.03,277.87,380.32
672.85,326.67,277.87,380.32
672.21,327.31,277.87,380.32
670.28,327.96,277.87,380.32
669.63,328.6,277.87,380.32
668.99,330.53,277.87,380.32
668.35,332.46,277.87,380.32
667.7,334.39,277.87,380.32
668.35,336.32,277.87,380.32
668.99,338.25,277.87,380.32
669.63,338.89,277.87,380.32
670.28,339.54,277.87,380.32
672.21,341.47,277.87,380.32
672.85,342.11,277.87,380.32
674.78,342.75,277.87,380.32
675.42,343.4,277.87,380.32
674.78,344.04,277.87,380.32
675.42,344.68,277.87,380.32
676.07,346.61,277.87,380.32
676.71,347.26,277.87,380.32
677.35,347.9,277.87,380.32
676.71,348.54,277.87,380.32
677.35,349.19,277.87,380.32
678,348.54,277.87,380.32
678.64,349.19,277.87,380.32
679.28,348.54,277.87,380.32
679.93,347.9,277.87,380.32
681.86,344.68,277.87,380.32
683.79,344.04,277.87,380.32
685.72,340.82,277.87,380.32
687.65,338.89,277.87,380.32
689.58,335.68,277.87,380.32
692.79,333.75,277.87,380.32
694.72,331.82,277.87,380.32
695.37,328.6,277.87,380.32
697.3,326.67,277.87,380.32
697.94,326.03,277.87,380.32
697.3,326.67,277.87,380.32
696.65,328.6,277.87,380.32
694.72,329.24,277.87,380.32
692.79,329.89,277.87,380.32
690.86,330.53,277.87,380.32
688.93,331.17,277.87,380.32
687,329.24,277.87,380.32
685.07,329.89,277.87,380.32
684.5,335.91,270.02,369.57
680.12,335.28,270.02,369.57
674.5,335.91,270.02,369.57
668.87,337.78,270.02,369.57
661.99,339.66,270.02,369.57
652.62,340.28,270.02,369.57
645.74,340.91,270.02,369.57
636.36,342.78,270.02,369.57
624.49,339.66,270.02,369.57
612.61,335.28,270.02,369.57
603.23,327.15,270.02,369.57
595.1,320.28,270.02,369.57
595.8,319.88,262.38,359.12
589.11,313.19,262.38,359.12
586.08,307.73,262.38,359.12
581.82,307.12,262.38,359.12
577.57,306.51,262.38,359.12
572.1,308.33,262.38,359.12
567.85,310.16,262.38,359.12
562.39,311.98,262.38,359.12
555.7,313.8,262.38,359.12
550.24,314.41,262.38,359.12
547.2,313.8,262.38,359.12
542.95,313.19,262.38,359.12
536.26,311.37,262.38,359.12
529.58,310.76,262.38,359.12
524.11,310.16,262.38,359.12
522.29,309.55,262.38,359.12
517.76,303.57,270.23,369.86
515.89,302.95,270.23,369.86
515.26,302.32,270.23,369.86
517.14,302.95,270.23,369.86
519.01,302.32,270.23,369.86
520.89,301.7,270.23,369.86
524.02,301.07,270.23,369.86
527.15,300.44,270.23,369.86
526.23,295.54,278.31,380.92
529.46,294.9,278.31,380.92
532.68,295.54,278.31,380.92
538.48,296.19,278.31,380.92
541.7,295.54,278.31,380.92
546.21,296.19,278.31,380.92
546.85,295.54,278.31,380.92
550.08,293.61,278.31,380.92
552.01,292.96,278.31,380.92
553.94,292.32,278.31,380.92
555.87,291.68,278.31,380.92
557.81,291.03,278.31,380.92
557.16,291.68,278.31,380.92
557.81,291.03,278.31,380.92
557.16,290.39,278.31,380.92
557.81,289.74,278.31,380.92
555.87,290.39,278.31,380.92
553.94,291.03,278.31,380.92
550.72,291.68,278.31,380.92
547.5,292.32,278.31,380.92
546.85,291.68,278.31,380.92
544.92,291.03,278.31,380.92
542.99,290.39,278.31,380.92
542.34,289.74,278.31,380.92
540.41,287.81,278.31,380.92
537.19,285.88,278.31,380.92
535.26,283.94,278.31,380.92
530.45,276.32,286.63,392.31
529.79,274.32,286.63,392.31
526.47,271.01,286.63,392.31
527.13,269.02,286.63,392.31
526.47,265.7,286.63,392.31
525.81,265.03,286.63,392.31
525.14,261.72,286.63,392.31
527.13,259.73,286.63,392.31
527.8,257.73,286.63,392.31
533.84,263.94,278.52,381.21
534.48,260.72,278.52,381.21
535.13,258.79,278.52,381.21
535.77,258.14,278.52,381.21
533.84,257.5,278.52,381.21
531.9,256.85,278.52,381.21
529.97,256.21,278.52,381.21
526.75,256.85,278.52,381.21
522.23,256.21,278.52,381.21
521.59,258.14,278.52,381.21
518.36,260.08,278.52,381.21
516.43,263.3,278.52,381.21
514.49,266.52,278.52,381.21
511.27,269.75,278.52,381.21
506.76,272.97,278.52,381.21
503.53,276.2,278.52,381.21
500.31,278.13,278.52,381.21
497.08,280.07,278.52,381.21
495.15,282,278.52,381.21
491.92,282.64,278.52,381.21
489.99,283.29,278.52,381.21
488.06,285.22,278.52,381.21
487.41,285.87,278.52,381.21
488.06,286.51,278.52,381.21
486.12,285.87,278.52,381.21
485.48,286.51,278.52,381.21
484.83,287.16,278.52,381.21
484.19,286.51,278.52,381.21
491.35,293.84,270.65,370.43
493.23,290.7,270.65,370.43
495.11,290.08,270.65,370.43
495.73,285.69,270.65,370.43
497.61,285.06,270.65,370.43
500.75,281.93,270.65,370.43
501.37,281.31,270.65,370.43
502,279.43,270.65,370.43
502.63,278.8,270.65,370.43
502,278.17,270.65,370.43
502.63,277.55,270.65,370.43
503.25,279.43,270.65,370.43
502.63,281.31,270.65,370.43
502,283.18,270.65,370.43
501.37,285.06,270.65,370.43
499.49,286.94,270.65,370.43
498.87,287.57,270.65,370.43
498.24,289.45,270.65,370.43
496.36,290.08,270.65,370.43
495.73,289.45,270.65,370.43
496.36,290.08,270.65,370.43
498.24,290.7,270.65,370.43
501.37,292.58,270.65,370.43
502,294.46,270.65,370.43
502.63,295.09,270.65,370.43
505.76,295.72,270.65,370.43
507.64,296.34,270.65,370.43
510.77,296.97,270.65,370.43
513.91,297.6,270.65,370.43
518.29,298.22,270.65,370.43
520.17,297.6,270.65,370.43
523.31,298.22,270.65,370.43
527.69,297.6,270.65,370.43
529.57,298.22,270.65,370.43
535.28,306.59,263,359.96
535.89,307.2,263,359.96
537.71,309.03,263,359.96
539.54,309.64,263,359.96
540.15,310.25,263,359.96
540.76,310.86,263,359.96
542.58,311.46,263,359.96
543.19,312.07,263,359.96
543.8,312.68,263,359.96
545.63,313.29,263,359.96
547.46,313.9,263,359.96
550.5,314.51,263,359.96
549.89,313.9,263,359.96
550.5,313.29,263,359.96
552.33,315.12,263,359.96
552.94,316.94,263,359.96
552.33,318.77,263,359.96
551.72,323.03,263,359.96
551.11,327.3,263,359.96
550.5,331.56,263,359.96
549.89,334.6,263,359.96
550.5,336.43,263,359.96
551.11,338.26,263,359.96
550.5,336.43,263,359.96
551.11,335.82,263,359.96
551.72,333.99,263,359.96
554.76,332.17,263,359.96
557.81,331.56,263,359.96
560.85,329.73,263,359.96
563.9,330.34,263,359.96
564.5,330.95,263,359.96
565.11,331.56,263,359.96
566.94,333.38,263,359.96
571.2,335.21,263,359.96
573.03,337.04,263,359.96
576.07,337.65,263,359.96
576.68,338.26,263,359.96
579.73,338.86,263,359.96
581.55,338.26,263,359.96
582.16,338.86,263,359.96
581.55,340.69,263,359.96
582.16,343.74,263,359.96
581.55,348,263,359.96
582.16,353.48,263,359.96
581.55,358.96,263,359.96
580.94,363.22,263,359.96
581.55,367.48,263,359.96
582.16,371.74,263,359.96
582.77,373.57,263,359.96
583.38,377.83,263,359.96
582.77,380.88,263,359.96
583.38,382.7,263,359.96
583.99,385.75,263,359.96
584.6,390.01,263,359.96
585.21,393.06,263,359.96
585.82,396.1,263,359.96
587.64,399.14,263,359.96
588.25,402.19,263,359.96
588.86,406.45,263,359.96
590.69,409.5,263,359.96
591.3,412.54,263,359.96
593.12,414.37,263,359.96
596.17,416.19,263,359.96
597.99,418.02,263,359.96
598.6,419.85,263,359.96
599.21,421.67,263,359.96
598.6,423.5,263,359.96
597.99,426.55,263,359.96
598.6,425.94,263,359.96
599.21,425.33,263,359.96
601.04,424.72,263,359.96
602.86,424.11,263,359.96
605.91,423.5,263,359.96
607.74,424.11,263,359.96
610.78,423.5,263,359.96
615.04,424.11,263,359.96
616.87,424.72,263,359.96
621.13,426.55,263,359.96
622.96,425.94,263,359.96
624.78,426.55,263,359.96
626.61,424.72,263,359.96
627.22,425.33,263,359.96
626.61,424.72,263,359.96
627.22,422.89,263,359.96
627.83,422.28,263,359.96
629.66,421.67,263,359.96
632.7,418.63,263,359.96
634.53,416.8,263,359.96
637.57,413.76,263,359.96
640.62,413.15,263,359.96
643.66,412.54,263,359.96
645.49,410.71,263,359.96
647.31,411.32,263,359.96
650.36,411.93,263,359.96
650.97,413.76,263,359.96
652.79,415.58,263,359.96
654.62,418.63,263,359.96
651.3,413.86,270.86,370.72
653.18,413.23,270.86,370.72
655.06,411.35,270.86,370.72
656.94,408.21,270.86,370.72
657.57,405.08,270.86,370.72
661.96,401.94,270.86,370.72
661.33,401.31,270.86,370.72
663.21,400.69,270.86,370.72
663.84,400.06,270.86,370.72
666.97,400.69,270.86,370.72
668.86,401.31,270.86,370.72
669.48,401.94,270.86,370.72
672.62,401.31,270.86,370.72
673.25,403.2,270.86,370.72
675.13,403.82,270.86,370.72
675.75,404.45,270.86,370.72
676.38,407.59,270.86,370.72
677.01,408.21,270.86,370.72
676.38,407.59,270.86,370.72
675.75,408.21,270.86,370.72
673.87,407.59,270.86,370.72
673.25,406.96,270.86,370.72
672.62,405.08,270.86,370.72
670.74,404.45,270.86,370.72
668.86,402.57,270.86,370.72
668.23,400.69,270.86,370.72
667.6,398.81,270.86,370.72
665.72,396.93,270.86,370.72
663.84,395.04,270.86,370.72
661.96,393.16,270.86,370.72
661.33,391.28,270.86,370.72
657.91,383.86,278.96,381.81
655.97,380.63,278.96,381.81
655.32,379.98,278.96,381.81
654.68,379.34,278.96,381.81
654.03,378.69,278.96,381.81
652.1,378.05,278.96,381.81
650.16,377.4,278.96,381.81
645.64,376.75,278.96,381.81
644.99,376.11,278.96,381.81
643.05,375.46,278.96,381.81
641.12,374.82,278.96,381.81
636.3,367.17,287.3,393.22
636.97,366.51,287.3,393.22
636.3,365.84,287.3,393.22
635.63,365.17,287.3,393.22
636.3,361.85,287.3,393.22
634.3,361.18,287.3,393.22
629.34,353.31,295.89,404.98
628.66,351.25,295.89,404.98
626.6,350.57,295.89,404.98
627.29,349.88,295.89,404.98
627.97,349.2,295.89,404.98
625.92,349.88,295.89,404.98
625.23,350.57,295.89,404.98
627.29,351.25,295.89,404.98
626.6,351.94,295.89,404.98
625.92,353.99,295.89,404.98
627.97,354.68,295.89,404.98
627.29,355.36,295.89,404.98
629.34,356.05,295.89,404.98
631.4,358.11,295.89,404.98
632.08,360.16,295.89,404.98
632.77,364.96,295.89,404.98
636.19,368.38,295.89,404.98
636.88,370.44,295.89,404.98
637.56,372.49,295.89,404.98
638.25,375.92,295.89,404.98
638.93,377.97,295.89,404.98
639.62,380.03,295.89,404.98
638.93,379.34,295.89,404.98
639.62,378.66,295.89,404.98
640.3,377.97,295.89,404.98
640.99,377.29,295.89,404.98
641.67,375.23,295.89,404.98
642.36,374.55,295.89,404.98
644.42,373.86,295.89,404.98
646.47,373.18,295.89,404.98
648.53,369.75,295.89,404.98
650.58,369.07,295.89,404.98
651.27,365.64,295.89,404.98
653.32,362.22,295.89,404.98
655.38,358.79,295.89,404.98
656.06,358.11,295.89,404.98
656.75,354.68,295.89,404.98
657.43,353.99,295.89,404.98
663.67,360.41,287.52,393.53
663,355.75,287.52,393.53
667.73,361.97,279.4,382.4
667.09,357.45,279.4,382.4
667.73,356.8,279.4,382.4
669.67,352.27,279.4,382.4
671.62,347.74,279.4,382.4
672.26,340.63,279.4,382.4
672.91,332.22,279.4,382.4
673.56,326.4,279.4,382.4
674.2,320.58,279.4,382.4
674.85,314.75,279.4,382.4
675.5,310.23,279.4,382.4
677.44,305.7,279.4,382.4
676.79,302.46,279.4,382.4
677.44,299.23,279.4,382.4
676.79,294.7,279.4,382.4
677.44,294.05,279.4,382.4
676.79,292.11,279.4,382.4
677.44,292.76,279.4,382.4
678.08,293.41,279.4,382.4
678.73,292.76,279.4,382.4
678.08,292.11,279.4,382.4
677.44,290.17,279.4,382.4
676.79,289.53,279.4,382.4
676.14,287.59,279.4,382.4
675.5,286.94,279.4,382.4
673.56,286.29,279.4,382.4
672.91,286.94,279.4,382.4
670.97,286.29,279.4,382.4
670.32,285.65,279.4,382.4
669.67,286.29,279.4,382.4
667.73,285.65,279.4,382.4
665.79,285,279.4,382.4
663.85,284.35,279.4,382.4
660.62,283.7,279.4,382.4
657.38,284.35,279.4,382.4
656.74,283.7,279.4,382.4
654.8,283.06,279.4,382.4
654.15,282.41,279.4,382.4
653.5,281.76,279.4,382.4
651.56,282.41,279.4,382.4
650.92,283.06,279.4,382.4
650.27,283.7,279.4,382.4
650.92,285.65,279.4,382.4
648.98,286.29,279.4,382.4
649.62,286.94,279.4,382.4
648.98,286.29,279.4,382.4
649.62,285.65,279.4,382.4
650.27,283.7,279.4,382.4
650.92,281.76,279.4,382.4
650.27,279.82,279.4,382.4
650.92,277.88,279.4,382.4
650.27,278.53,279.4,382.4
650.92,279.18,279.4,382.4
650.27,279.82,279.4,382.4
649.62,280.47,279.4,382.4
647.68,281.12,279.4,382.4
647.03,280.47,279.4,382.4
647.68,279.82,279.4,382.4
647.03,277.88,279.4,382.4
647.68,277.24,279.4,382.4
648.33,276.59,279.4,382.4
647.68,275.94,279.4,382.4
648.33,275.3,279.4,382.4
647.68,275.94,279.4,382.4
648.33,277.88,279.4,382.4
648.98,282.41,279.4,382.4
649.62,286.94,279.4,382.4
651.56,288.88,279.4,382.4
652.21,289.53,279.4,382.4
655.44,288.88,279.4,382.4
656.09,284.35,279.4,382.4
658.03,282.41,279.4,382.4
659.97,280.47,279.4,382.4
660.62,279.82,279.4,382.4
659.97,279.18,279.4,382.4
660.62,281.12,279.4,382.4
659.97,283.06,279.4,382.4
659.32,286.29,279.4,382.4
658.68,289.53,279.4,382.4
659.32,292.76,279.4,382.4
658.68,293.41,279.4,382.4
658.03,292.76,279.4,382.4
657.38,292.11,279.4,382.4
658.03,287.59,279.4,382.4
658.68,284.35,279.4,382.4
658.03,281.12,279.4,382.4
659.97,279.18,279.4,382.4
660.62,278.53,279.4,382.4
661.27,279.18,279.4,382.4
661.91,279.82,279.4,382.4
662.56,280.47,279.4,382.4
663.21,283.7,279.4,382.4
663.85,285.65,279.4,382.4
664.5,287.59,279.4,382.4
662.56,288.23,279.4,382.4
663.21,287.59,279.4,382.4
662.56,285.65,279.4,382.4
661.91,281.12,279.4,382.4
661.27,276.59,279.4,382.4
661.91,274.65,279.4,382.4
659.97,271.41,279.4,382.4
659.32,272.06,279.4,382.4
658.68,271.41,279.4,382.4
658.03,273.36,279.4,382.4
657.38,275.3,279.4,382.4
656.74,278.53,279.4,382.4
654.8,280.47,279.4,382.4
654.15,283.7,279.4,382.4
653.5,286.94,279.4,382.4
651.56,287.59,279.4,382.4
650.92,288.23,279.4,382.4
650.27,286.29,279.4,382.4
649.62,283.06,279.4,382.4
650.27,281.12,279.4,382.4
650.92,279.18,279.4,382.4
650.27,277.24,279.4,382.4
650.92,277.88,279.4,382.4
651.56,281.12,279.4,382.4
652.21,285.65,279.4,382.4
652.86,291.47,279.4,382.4
653.5,296,279.4,382.4
654.15,300.52,279.4,382.4
656.09,302.46,279.4,382.4
656.74,304.4,279.4,382.4
656.09,306.34,279.4,382.4
656.74,306.99,279.4,382.4
654.8,307.64,279.4,382.4
654.15,309.58,279.4,382.4
653.5,311.52,279.4,382.4
651.56,316.05,279.4,382.4
650.92,324.46,279.4,382.4
651.56,336.75,279.4,382.4
652.21,347.74,279.4,382.4
652.86,357.45,279.4,382.4
654.8,365.86,279.4,382.4
655.44,371.68,279.4,382.4
656.09,378.79,279.4,382.4
658.03,382.03,279.4,382.4
658.68,383.97,279.4,382.4
659.32,387.2,279.4,382.4
658.68,387.85,279.4,382.4
660.62,387.2,279.4,382.4
662.56,385.26,279.4,382.4
663.21,383.32,279.4,382.4
665.15,380.09,279.4,382.4
668.38,378.15,279.4,382.4
669.03,377.5,279.4,382.4
672.26,378.15,279.4,382.4
670.03,371.78,287.75,393.84
670.69,371.12,287.75,393.84
670.03,371.78,287.75,393.84
670.69,372.45,287.75,393.84
671.36,373.11,287.75,393.84
673.36,372.45,287.75,393.84
674.02,373.11,287.75,393.84
673.36,373.78,287.75,393.84
674.02,373.11,287.75,393.84
673.36,372.45,287.75,393.84
671.36,373.11,287.75,393.84
670.69,372.45,287.75,393.84
670.03,371.78,287.75,393.84
669.36,371.12,287.75,393.84
668.69,370.45,287.75,393.84
668.03,368.45,287.75,393.84
668.69,367.78,287.75,393.84
666.69,364.45,287.75,393.84
667.36,362.46,287.75,393.84
666.69,360.46,287.75,393.84
663.36,355.79,287.75,393.84
664.03,349.8,287.75,393.84
663.36,343.8,287.75,393.84
662.7,336.47,287.75,393.84
660.7,330.48,287.75,393.84
660.03,324.48,287.75,393.84
659.37,318.49,287.75,393.84
658.7,313.82,287.75,393.84
658.03,310.49,287.75,393.84
657.37,309.83,287.75,393.84
656.7,307.83,287.75,393.84
654.7,307.16,287.75,393.84
655.37,307.83,287.75,393.84
654.7,309.83,287.75,393.84
655.37,311.82,287.75,393.84
656.04,313.82,287.75,393.84
652.4,308.6,296.35,405.61
650.34,310.66,296.35,405.61
649.66,311.35,296.35,405.61
646.22,309.29,296.35,405.61
645.54,307.23,296.35,405.61
643.48,305.17,296.35,405.61
642.79,304.48,296.35,405.61
642.11,302.43,296.35,405.61
641.42,299,296.35,405.61
642.11,298.31,296.35,405.61
642.79,294.88,296.35,405.61
642.11,294.19,296.35,405.61
641.42,292.13,296.35,405.61
640.74,291.45,296.35,405.61
637.31,289.39,296.35,405.61
636.62,288.7,296.35,405.61
634.56,289.39,296.35,405.61
632.5,288.7,296.35,405.61
631.82,288.02,296.35,405.61
629.76,287.33,296.35,405.61
629.07,286.65,296.35,405.61
628.39,285.96,296.35,405.61
629.07,286.65,296.35,405.61
629.76,285.96,296.35,405.61
630.44,286.65,296.35,405.61
631.13,287.33,296.35,405.61
631.82,286.65,296.35,405.61
632.5,287.33,296.35,405.61
633.19,288.02,296.35,405.61
633.87,290.08,296.35,405.61
634.56,290.76,296.35,405.61
636.62,292.82,296.35,405.61
637.31,293.51,296.35,405.61
636.62,294.19,296.35,405.61
637.31,296.25,296.35,405.61
636.62,296.94,296.35,405.61
635.93,297.62,296.35,405.61
636.62,298.31,296.35,405.61
637.31,299,296.35,405.61
637.99,301.05,296.35,405.61
638.68,301.74,296.35,405.61
639.36,301.05,296.35,405.61
638.68,300.37,296.35,405.61
639.36,298.31,296.35,405.61
638.68,296.25,296.35,405.61
639.36,294.19,296.35,405.61
637.31,292.13,296.35,405.61
636.62,290.08,296.35,405.61
635.93,288.02,296.35,405.61
633.87,285.96,296.35,405.61
633.19,285.27,296.35,405.61
632.5,284.59,296.35,405.61
631.82,285.27,296.35,405.61
631.13,284.59,296.35,405.61
629.07,285.27,296.35,405.61
627.01,285.96,296.35,405.61
624.96,286.65,296.35,405.61
622.9,288.7,296.35,405.61
620.84,290.76,296.35,405.61
618.78,294.19,296.35,405.61
616.72,297.62,296.35,405.61
614.66,299.68,296.35,405.61
612.61,300.37,296.35,405.61
610.55,302.43,296.35,405.61
608.49,303.11,296.35,405.61
607.8,303.8,296.35,405.61
605.74,304.48,296.35,405.61
605.06,303.8,296.35,405.61
603,304.48,296.35,405.61
602.31,303.8,296.35,405.61
601.63,303.11,296.35,405.61
600.94,302.43,296.35,405.61
600.26,300.37,296.35,405.61
599.57,296.94,296.35,405.61
598.88,294.88,296.35,405.61
596.82,291.45,296.35,405.61
596.14,289.39,296.35,405.61
595.45,285.96,296.35,405.61
594.77,283.9,296.35,405.61
594.08,281.84,296.35,405.61
593.39,281.16,296.35,405.61
592.71,280.47,296.35,405.61
593.39,281.16,296.35,405.61
592.71,281.84,296.35,405.61
592.02,283.9,296.35,405.61
591.34,285.96,296.35,405.61
592.02,288.02,296.35,405.61
592.71,290.08,296.35,405.61
594.77,292.13,296.35,405.61
595.45,292.82,296.35,405.61
597.51,293.51,296.35,405.61
599.57,292.82,296.35,405.61
603,292.13,296.35,405.61
605.06,292.82,296.35,405.61
607.12,292.13,296.35,405.61
607.8,292.82,296.35,405.61
609.86,292.13,296.35,405.61
610.55,292.82,296.35,405.61
612.61,293.51,296.35,405.61
611.92,294.19,296.35,405.61
612.61,294.88,296.35,405.61
613.29,295.57,296.35,405.61
611.23,296.25,296.35,405.61
609.17,295.57,296.35,405.61
607.12,296.25,296.35,405.61
605.06,296.94,296.35,405.61
603,296.25,296.35,405.61
599.57,295.57,296.35,405.61
597.51,296.25,296.35,405.61
595.45,295.57,296.35,405.61
597.58,307.47,287.97,394.15
594.25,305.47,287.97,394.15
593.58,307.47,287.97,394.15
592.92,310.81,287.97,394.15
592.25,314.14,287.97,394.15
592.92,317.48,287.97,394.15
592.25,320.81,287.97,394.15
592.92,324.14,287.97,394.15
593.58,327.48,287.97,394.15
592.92,326.81,287.97,394.15
593.58,326.14,287.97,394.15
594.25,326.81,287.97,394.15
594.92,326.14,287.97,394.15
595.58,325.48,287.97,394.15
596.25,324.81,287.97,394.15
599.58,325.48,287.97,394.15
600.25,324.81,287.97,394.15
602.25,325.48,287.97,394.15
604.25,324.81,287.97,394.15
604.92,324.14,287.97,394.15
605.58,324.81,287.97,394.15
607.58,325.48,287.97,394.15
606.92,324.81,287.97,394.15
608.92,324.14,287.97,394.15
609.58,324.81,287.97,394.15
607.58,322.81,287.97,394.15
608.25,322.14,287.97,394.15
608.92,322.81,287.97,394.15
608.25,322.14,287.97,394.15
607.58,322.81,287.97,394.15
606.92,323.48,287.97,394.15
607.58,324.14,287.97,394.15
606.92,327.48,287.97,394.15
607.58,329.48,287.97,394.15
605.58,331.48,287.97,394.15
606.25,334.81,287.97,394.15
605.58,336.81,287.97,394.15
604.92,338.81,287.97,394.15
604.25,339.48,287.97,394.15
604.92,340.14,287.97,394.15
605.58,339.48,287.97,394.15
604.92,338.81,287.97,394.15
605.58,338.14,287.97,394.15
606.25,338.81,287.97,394.15
606.92,339.48,287.97,394.15
608.92,340.14,287.97,394.15
612.25,342.14,287.97,394.15
612.92,344.14,287.97,394.15
614.92,343.48,287.97,394.15
616.92,342.81,287.97,394.15
618.92,343.48,287.97,394.15
622.25,342.81,287.97,394.15
625.59,343.48,287.97,394.15
627.59,341.48,287.97,394.15
630.92,340.81,287.97,394.15
635.59,338.81,287.97,394.15
645.66,346.38,279.83,383
650.19,344.44,279.83,383
656.02,342.5,279.83,383
660.56,339.26,279.83,383
672.94,345.32,271.92,372.17
676.08,343.43,271.92,372.17
683.01,341.54,271.92,372.17
687.42,340.91,271.92,372.17
693.08,342.8,271.92,372.17
697.49,343.43,271.92,372.17
709.52,353.1,264.23,361.65
711.35,352.49,264.23,361.65
715.64,353.1,264.23,361.65
719.92,353.71,264.23,361.65
721.75,356.77,264.23,361.65
730.99,368.61,256.76,351.42
732.78,369.2,256.76,351.42
733.37,372.18,256.76,351.42
735.15,375.15,256.76,351.42
738.13,380.5,256.76,351.42
741.1,384.66,256.76,351.42
750.08,398.55,249.5,341.49
750.66,402.59,249.5,341.49
754.7,408.94,249.5,341.49
758.74,414.14,249.5,341.49
760.48,419.34,249.5,341.49
762.21,423.38,249.5,341.49
763.94,427.43,249.5,341.49
765.68,429.16,249.5,341.49
767.41,429.74,249.5,341.49
771.51,438.61,242.45,331.83
770.95,434.68,242.45,331.83
770.39,434.12,242.45,331.83
772.07,434.68,242.45,331.83
776,435.24,242.45,331.83
783.36,443.86,235.59,322.45
788.27,441.13,235.59,322.45
794.27,440.59,235.59,322.45
799.18,438.95,235.59,322.45
804.09,437.32,235.59,322.45
807.91,435.68,235.59,322.45
811.72,432.95,235.59,322.45
815.54,429.13,235.59,322.45
818.27,426.41,235.59,322.45
821,422.59,235.59,322.45
823.72,419.86,235.59,322.45
825.36,417.14,235.59,322.45
825.91,415.5,235.59,322.45
826.45,414.95,235.59,322.45
827,412.23,235.59,322.45
828.63,411.68,235.59,322.45
828.09,410.04,235.59,322.45
829.72,408.41,235.59,322.45
829.18,405.68,235.59,322.45
828.63,404.04,235.59,322.45
828.09,401.32,235.59,322.45
827.54,399.68,235.59,322.45
827,398.04,235.59,322.45
825.36,395.32,235.59,322.45
823.72,393.68,235.59,322.45
823.18,393.14,235.59,322.45
822.63,392.59,235.59,322.45
822.09,392.04,235.59,322.45
821.54,391.5,235.59,322.45
821,393.14,235.59,322.45
820.45,393.68,235.59,322.45
821,396.41,235.59,322.45
820.45,398.04,235.59,322.45
819.91,399.68,235.59,322.45
819.36,402.41,235.59,322.45
818.81,402.95,235.59,322.45
821.6,410.24,228.93,313.33
818.95,409.71,228.93,313.33
818.42,409.18,228.93,313.33
817.89,410.77,228.93,313.33
815.24,412.36,228.93,313.33
814.71,412.89,228.93,313.33
812.06,414.48,228.93,313.33
811.53,413.95,228.93,313.33
811,414.48,228.93,313.33
810.47,412.89,228.93,313.33
809.94,410.24,228.93,313.33
809.41,408.65,228.93,313.33
808.88,404.94,228.93,313.33
807.29,403.35,228.93,313.33
806.76,399.64,228.93,313.33
804.11,396.99,228.93,313.33
803.58,394.34,228.93,313.33
800.93,390.63,228.93,313.33
799.34,389.04,228.93,313.33
796.69,387.45,228.93,313.33
795.1,385.86,228.93,313.33
792.45,385.33,228.93,313.33
790.86,385.86,228.93,313.33
789.27,385.33,228.93,313.33
786.62,386.92,228.93,313.33
781.85,387.45,228.93,313.33
777.08,387.98,228.93,313.33
771.25,388.51,228.93,313.33
765.42,387.98,228.93,313.33
759.59,387.45,228.93,313.33
751.64,385.86,228.93,313.33
744.75,386.39,228.93,313.33
738.92,385.86,228.93,313.33
734.15,386.39,228.93,313.33
729.38,386.92,228.93,313.33
724.61,389.57,228.93,313.33
719.84,391.16,228.93,313.33
716.13,392.75,228.93,313.33
712.42,394.34,228.93,313.33
709.77,395.93,228.93,313.33
706.06,397.52,228.93,313.33
703.41,399.11,228.93,313.33
700.76,399.64,228.93,313.33
697.05,399.11,228.93,313.33
695.46,398.58,228.93,313.33
693.87,396.99,228.93,313.33
692.27,396.46,228.93,313.33
690.68,394.87,228.93,313.33
689.09,394.34,228.93,313.33
688.56,392.75,228.93,313.33
688.03,393.28,228.93,313.33
688.56,394.87,228.93,313.33
688.03,395.4,228.93,313.33
688.56,396.99,228.93,313.33
689.09,400.7,228.93,313.33
690.68,403.35,228.93,313.33
692.27,406,228.93,313.33
694.93,408.65,228.93,313.33
696.52,411.3,228.93,313.33
699.17,413.95,228.93,313.33
700.76,415.54,228.93,313.33
702.35,416.07,228.93,313.33
703.94,417.66,228.93,313.33
706.59,418.19,228.93,313.33
707.12,419.78,228.93,313.33
709.77,420.31,228.93,313.33
711.36,422.96,228.93,313.33
714.01,424.55,228.93,313.33
714.54,425.08,228.93,313.33
715.07,428.79,228.93,313.33
716.66,429.32,228.93,313.33
718.25,431.97,228.93,313.33
719.84,432.5,228.93,313.33
720.37,431.97,228.93,313.33
721.96,431.44,228.93,313.33
722.49,430.91,228.93,313.33
725.14,431.44,228.93,313.33
724.61,430.91,228.93,313.33
725.14,431.44,228.93,313.33
727.79,430.91,228.93,313.33
727.26,432.5,228.93,313.33
728.85,433.03,228.93,313.33
730.44,433.56,228.93,313.33
730.97,434.09,228.93,313.33
731.5,435.68,228.93,313.33
732.03,435.15,228.93,313.33
731.5,434.62,228.93,313.33
729.91,434.09,228.93,313.33
729.38,433.56,228.93,313.33
727.79,431.97,228.93,313.33
726.2,430.38,228.93,313.33
725.67,427.73,228.93,313.33
724.08,426.14,228.93,313.33
722.49,424.55,228.93,313.33
720.9,421.9,228.93,313.33
718.25,421.37,228.93,313.33
716.66,420.84,228.93,313.33
714.01,422.43,228.93,313.33
711.36,422.96,228.93,313.33
709.77,424.55,228.93,313.33
706.06,425.08,228.93,313.33
703.41,426.67,228.93,313.33
698.64,427.2,228.93,313.33
694.93,428.79,228.93,313.33
691.21,428.26,228.93,313.33
688.56,428.79,228.93,313.33
684.85,428.26,228.93,313.33
682.2,427.73,228.93,313.33
680.61,427.2,228.93,313.33
677.96,426.67,228.93,313.33
676.37,426.14,228.93,313.33
674.78,425.61,228.93,313.33
673.19,425.08,228.93,313.33
671.6,424.55,228.93,313.33
670.01,422.96,228.93,313.33
669.48,422.43,228.93,313.33
666.83,420.84,228.93,313.33
664.18,420.31,228.93,313.33
662.59,419.78,228.93,313.33
659.94,417.13,228.93,313.33
658.35,416.6,228.93,313.33
655.7,413.95,228.93,313.33
651.99,413.42,228.93,313.33
649.34,411.83,228.93,313.33
646.69,412.36,228.93,313.33
642.98,411.83,228.93,313.33
640.09,406.61,235.77,322.7
635.18,407.16,235.77,322.7
633.54,408.8,235.77,322.7
630.81,411.53,235.77,322.7
628.08,414.26,235.77,322.7
626.44,415.89,235.77,322.7
624.81,418.62,235.77,322.7
624.26,419.17,235.77,322.7
622.62,419.72,235.77,322.7
619.89,422.45,235.77,322.7
619.35,424.08,235.77,322.7
618.8,425.72,235.77,322.7
616.07,427.36,235.77,322.7
615.53,427.9,235.77,322.7
614.98,430.63,235.77,322.7
613.34,431.18,235.77,322.7
612.8,432.82,235.77,322.7
611.16,434.45,235.77,322.7
610.61,435,235.77,322.7
608.98,436.64,235.77,322.7
609.52,436.09,235.77,322.7
608.98,435.55,235.77,322.7
608.43,433.91,235.77,322.7
608.98,432.27,235.77,322.7
608.43,430.63,235.77,322.7
608.98,429,235.77,322.7
609.52,427.36,235.77,322.7
611.16,425.72,235.77,322.7
610.61,425.17,235.77,322.7
611.16,424.63,235.77,322.7
612.8,425.17,235.77,322.7
612.25,424.63,235.77,322.7
616.13,433.01,229.11,313.58
616.66,432.48,229.11,313.58
617.19,430.89,229.11,313.58
617.72,429.3,229.11,313.58
618.25,425.59,229.11,313.58
617.72,422.93,229.11,313.58
615.07,420.28,229.11,313.58
612.42,416.57,229.11,313.58
610.83,416.04,229.11,313.58
608.17,414.45,229.11,313.58
607.64,412.86,229.11,313.58
607.11,412.32,229.11,313.58
606.58,410.73,229.11,313.58
607.11,410.2,229.11,313.58
608.7,410.73,229.11,313.58
611.36,410.2,229.11,313.58
615.07,410.73,229.11,313.58
616.66,409.14,229.11,313.58
617.19,407.55,229.11,313.58
619.84,405.96,229.11,313.58
620.37,404.37,229.11,313.58
620.9,402.78,229.11,313.58
620.37,402.25,229.11,313.58
620.9,400.66,229.11,313.58
620.37,400.12,229.11,313.58
620.9,400.66,229.11,313.58
620.37,400.12,229.11,313.58
619.84,400.66,229.11,313.58
618.25,400.12,229.11,313.58
617.72,401.72,229.11,313.58
617.19,402.25,229.11,313.58
617.72,402.78,229.11,313.58
617.19,404.37,229.11,313.58
617.72,404.9,229.11,313.58
617.19,407.55,229.11,313.58
617.72,409.14,229.11,313.58
618.25,410.73,229.11,313.58
618.78,411.26,229.11,313.58
620.37,411.79,229.11,313.58
621.97,412.32,229.11,313.58
624.62,411.79,229.11,313.58
627.27,413.39,229.11,313.58
632.04,412.86,229.11,313.58
634.7,412.32,229.11,313.58
639.47,411.79,229.11,313.58
643.18,411.26,229.11,313.58
646.9,410.73,229.11,313.58
649.55,410.2,229.11,313.58
652.2,409.67,229.11,313.58
655.91,409.14,229.11,313.58
657.5,408.61,229.11,313.58
658.03,408.08,229.11,313.58
660.69,407.55,229.11,313.58
664.46,412.51,222.63,304.71
664.97,412,222.63,304.71
666.52,411.48,222.63,304.71
668.06,413.03,222.63,304.71
670.64,413.55,222.63,304.71
673.22,415.09,222.63,304.71
673.73,416.64,222.63,304.71
680.49,423.52,216.34,296.1
680.99,424.02,216.34,296.1
681.49,424.52,216.34,296.1
682.99,426.03,216.34,296.1
683.49,426.53,216.34,296.1
684,428.03,216.34,296.1
682.49,428.53,216.34,296.1
681.99,429.03,216.34,296.1
679.49,429.53,216.34,296.1
677.99,430.03,216.34,296.1
675.48,430.53,216.34,296.1
674.98,430.03,216.34,296.1
672.48,429.53,216.34,296.1
671.97,429.03,216.34,296.1
669.47,427.53,216.34,296.1
668.97,426.03,216.34,296.1
667.47,424.52,216.34,296.1
665.96,424.02,216.34,296.1
663.46,421.52,216.34,296.1
661.96,421.02,216.34,296.1
658.45,417.51,216.34,296.1
654.95,417.01,216.34,296.1
652.44,414.51,216.34,296.1
648.94,414.01,216.34,296.1
644.43,412.5,216.34,296.1
642.92,412,216.34,296.1
639.42,411.5,216.34,296.1
638.92,411,216.34,296.1
635.41,411.5,216.34,296.1
632.91,412,216.34,296.1
630.4,412.5,216.34,296.1
627.9,414.01,216.34,296.1
625.39,413.51,216.34,296.1
623.89,413,216.34,296.1
619.38,412.5,216.34,296.1
617.88,412,216.34,296.1
614.38,411.5,216.34,296.1
611.87,412,216.34,296.1
607.36,411.5,216.34,296.1
605.86,412,216.34,296.1
602.36,412.5,216.34,296.1
600.85,413,216.34,296.1
597.35,412.5,216.34,296.1
594.84,413,216.34,296.1
591.34,413.51,216.34,296.1
589.83,414.01,216.34,296.1
587.33,413.51,216.34,296.1
585.83,413,216.34,296.1
584.32,411.5,216.34,296.1
581.82,411,216.34,296.1
581.32,410.5,216.34,296.1
578.81,410,216.34,296.1
578.31,409.5,216.34,296.1
577.81,410,216.34,296.1
577.31,410.5,216.34,296.1
577.81,411,216.34,296.1
578.31,412.5,216.34,296.1
578.81,415.01,216.34,296.1
580.32,416.51,216.34,296.1
579.82,419.02,216.34,296.1
580.32,420.52,216.34,296.1
579.82,424.02,216.34,296.1
581.32,426.53,216.34,296.1
582.82,429.03,216.34,296.1
583.09,426.11,222.8,304.95
585.67,430.75,222.8,304.95
587.22,432.3,222.8,304.95
591.86,435.91,222.8,304.95
594.44,438.49,222.8,304.95
598.05,443.13,222.8,304.95
600.63,446.74,222.8,304.95
602.18,452.42,222.8,304.95
604.76,458.09,222.8,304.95
605.27,463.76,222.8,304.95
605.79,469.44,222.8,304.95
604.24,475.11,222.8,304.95
601.66,476.66,222.8,304.95
595.99,477.18,222.8,304.95
591.35,475.63,222.8,304.95
588.77,472.02,222.8,304.95
584.13,466.34,222.8,304.95
579.48,461.7,222.8,304.95
574.6,449.4,229.47,314.07
570.89,442.5,229.47,314.07
569.29,433.47,229.47,314.07
568.52,421.86,236.33,323.46
568.81,408.82,243.39,333.13
570.5,401.5,243.39,333.13
574.45,394.17,243.39,333.13
579.52,390.23,243.39,333.13
585.72,386.28,243.39,333.13
593.04,382.34,243.39,333.13
598.12,378.39,243.39,333.13
603.19,375.58,243.39,333.13
607.13,372.76,243.39,333.13
609.95,372.19,243.39,333.13
611.64,373.88,243.39,333.13
609.69,371.72,250.67,343.09
606.53,370.66,258.17,353.35
602.34,376.03,258.17,353.35
600.55,381.41,258.17,353.35
596.36,386.79,258.17,353.35
593.38,390.98,258.17,353.35
590.39,395.16,258.17,353.35
586.2,399.35,258.17,353.35
582.02,404.72,258.17,353.35
580.23,410.1,258.17,353.35
577.24,414.29,258.17,353.35
576.64,417.28,258.17,353.35
574.85,420.26,258.17,353.35
574.25,423.25,258.17,353.35
574.85,425.05,258.17,353.35
577.84,425.64,258.17,353.35
580.82,423.85,258.17,353.35
583.81,419.67,258.17,353.35
588,415.48,258.17,353.35
590.98,412.49,258.17,353.35
596.36,410.7,258.17,353.35
602.94,407.71,258.17,353.35
605.93,404.72,258.17,353.35
610.11,400.54,258.17,353.35
609.24,391.07,265.89,363.91
611.09,385.53,265.89,363.91
611.42,374.55,273.84,374.79
612.06,370.12,273.84,374.79
613.96,365.68,273.84,374.79
614.59,361.24,273.84,374.79
617.76,359.34,273.84,374.79
620.93,358.7,273.84,374.79
622.83,356.8,273.84,374.79
627.27,357.44,273.84,374.79
627.9,358.07,273.84,374.79
631.07,357.44,273.84,374.79
631.42,352.47,282.02,386
630.47,344.74,290.46,397.54
629.79,344.06,290.46,397.54
630.47,343.39,290.46,397.54
631.14,341.37,290.46,397.54
630.47,339.36,290.46,397.54
629.79,338.68,290.46,397.54
627.47,332.07,299.14,409.43
626.78,329.99,299.14,409.43
624.7,329.3,299.14,409.43
620.92,322.49,308.08,421.67
618.78,321.77,308.08,421.67
618.07,319.63,308.08,421.67
617.35,318.92,308.08,421.67
615.21,315.35,308.08,421.67
613.07,311.79,308.08,421.67
609.51,303.94,308.08,421.67
605.94,296.09,308.08,421.67
602.37,289.67,308.08,421.67
600.23,280.4,308.08,421.67
596.67,273.98,308.08,421.67
590.25,267.56,308.08,421.67
584.93,256.27,317.3,434.28
577.98,243.16,326.78,447.26
568.15,236.35,326.78,447.26
562.51,227.4,336.55,460.64
555.14,218.17,346.62,474.41
547.91,215.77,346.62,474.41
542.3,216.57,346.62,474.41
538.28,218.98,346.62,474.41
535.88,221.38,346.62,474.41
533.47,227,346.62,474.41
532.67,232.62,346.62,474.41
531.86,238.23,346.62,474.41
527.85,242.25,346.62,474.41
525.44,247.86,346.62,474.41
524.64,251.88,346.62,474.41
520.63,259.1,346.62,474.41
518.22,266.32,346.62,474.41
512.6,275.15,346.62,474.41
503.41,276.88,356.98,488.59
492.29,277.02,367.65,503.2
482.54,275.45,378.65,518.25
397.1,287.87,389.97,533.75
388.97,295.99,389.97,533.75
395.29,300.51,389.97,533.75
401.2,295.24,401.63,549.7
409.14,289.81,413.64,566.14
415.41,282.3,426.01,583.07
415.95,274.57,438.74,600.5
416.96,277.62,438.74,600.5
424.07,278.64,438.74,600.5
427.12,281.68,438.74,600.5
432.2,284.73,438.74,600.5
435.25,289.81,438.74,600.5
438.29,292.86,438.74,600.5
443.37,297.94,438.74,600.5
450.48,303.01,438.74,600.5
455.56,308.09,438.74,600.5
468.3,308.26,451.86,618.46
481.9,313.49,451.86,618.46
497.12,315.75,465.37,636.95
508.97,314.67,465.37,636.95
520.82,313.6,465.37,636.95
530.52,316.83,465.37,636.95
540.21,315.75,465.37,636.95
552.06,312.52,465.37,636.95
559.61,309.29,465.37,636.95
575.77,303.9,465.37,636.95
581.15,294.2,465.37,636.95
584.39,284.5,465.37,636.95
587.62,279.12,465.37,636.95
593.01,275.88,465.37,636.95
602.7,272.65,465.37,636.95
608.09,269.42,465.37,636.95
613.48,268.34,465.37,636.95
618.86,265.11,465.37,636.95
622.1,259.72,465.37,636.95
623.17,256.49,465.37,636.95
626.41,251.1,465.37,636.95
627.48,243.56,465.37,636.95
625.91,224.34,479.29,655.99
622.08,202.33,493.62,675.61
618.13,184.23,508.38,695.81
616.95,173.64,508.38,695.81
618.13,167.75,508.38,695.81
619.3,161.87,508.38,695.81
618.13,160.69,508.38,695.81
619.3,159.51,508.38,695.81
622.83,158.34,508.38,695.81
624.01,154.8,508.38,695.81
627.54,155.98,508.38,695.81
626.37,154.8,508.38,695.81
625.19,151.27,508.38,695.81
624.01,140.68,508.38,695.81
622.83,130.09,508.38,695.81
616.41,106.74,523.58,716.61
612.77,93.405,523.58,716.61
611.56,84.919,523.58,716.61
612.77,76.434,523.58,716.61
613.99,72.797,523.58,716.61
612.77,71.585,523.58,716.61
611.56,70.373,523.58,716.61
607.37,58.448,539.23,738.04
608.62,59.696,539.23,738.04
609.87,58.448,539.23,738.04
611.12,59.696,539.23,738.04
614.86,60.944,539.23,738.04
616.11,62.193,539.23,738.04
617.36,63.441,539.23,738.04
621.1,64.69,539.23,738.04
622.35,63.441,539.23,738.04
623.6,64.69,539.23,738.04
624.85,65.938,539.23,738.04
631.09,69.683,539.23,738.04
632.34,75.926,539.23,738.04
638.58,82.168,539.23,738.04
642.33,88.41,539.23,738.04
646.07,97.149,539.23,738.04
649.82,103.39,539.23,738.04
656.06,112.13,539.23,738.04
662.3,118.37,539.23,738.04
666.05,124.61,539.23,738.04
667.3,128.36,539.23,738.04
671.04,129.61,539.23,738.04
674.79,128.36,539.23,738.04
678.53,129.61,539.23,738.04
