642.5,194,313,268
641.93,209.37,313,268
635.67,198.55,313,268
633.96,196.85,313,268
633.39,206.52,313,268
632.82,211.64,313,268
628.84,205.38,313,268
624.86,202.54,313,268
620.87,208.8,313,268
621.44,218.47,313,268
622.01,225.87,313,268
619.16,226.44,313,268
619.73,227.01,313,268
618.03,228.72,313,268
618.59,230.43,313,268
620.3,229.86,313,268
622.01,229.29,313,268
621.44,228.72,313,268
619.73,225.87,313,268
618.03,218.47,313,268
615.18,211.08,313,268
615.75,197.98,313,268
614.04,197.42,313,268
613.47,192.29,313,268
614.04,190.58,313,268
612.33,191.15,313,268
609.49,194,313,268
606.64,193.43,313,268
602.66,194,313,268
598.67,195.71,313,268
598.1,198.55,313,268
595.26,196.85,313,268
593.55,200.83,313,268
590.7,202.54,313,268
591.27,201.97,313,268
591.84,210.51,313,268
591.27,214.49,313,268
589.57,217.34,313,268
587.86,222.46,313,268
588.43,223.03,313,268
594.56,225.11,304.15,260.42
595.11,220.13,304.15,260.42
595.67,214.05,304.15,260.42
597.33,211.28,304.15,260.42
601.2,208.52,304.15,260.42
606.05,206.11,295.55,253.06
613.04,204.5,295.55,253.06
617.87,200.74,295.55,253.06
610.89,205.58,295.55,253.06
597.45,205.04,295.55,253.06
587.24,214.18,295.55,253.06
568.43,221.16,295.55,253.06
525.97,235.67,295.55,253.06
497.49,283.51,295.55,253.06
485.12,309.84,295.55,253.06
482.44,307.15,295.55,253.06
475.45,299.09,295.55,253.06
470.61,300.71,295.55,253.06
469,291.57,295.55,253.06
469.54,274.91,295.55,253.06
473.18,253.23,287.19,245.9
480.89,241.56,279.07,238.95
487.38,225.14,271.18,232.2
491.82,208.87,271.18,232.2
499.21,192.6,271.18,232.2
498.72,187.17,271.18,232.2
490.34,196.54,271.18,232.2
484.91,190.13,271.18,232.2
475.54,177.8,271.18,232.2
467.16,170.4,271.18,232.2
462.72,170.9,271.18,232.2
458.28,170.4,271.18,232.2
457.79,163.01,271.18,232.2
449.41,163.5,271.18,232.2
452.86,169.91,271.18,232.2
461.24,176.32,271.18,232.2
473.57,182.73,271.18,232.2
485.9,183.23,271.18,232.2
500.2,191.61,271.18,232.2
514.5,198.02,271.18,232.2
527.81,202.46,271.18,232.2
544.09,209.86,271.18,232.2
561.35,211.33,271.18,232.2
580.58,210.84,271.18,232.2
597.84,201.47,271.18,232.2
608.2,194.07,271.18,232.2
617.57,195.55,271.18,232.2
622,209.86,271.18,232.2
621.51,215.28,271.18,232.2
605.24,229.58,271.18,232.2
590.94,238.95,271.18,232.2
579.59,235.5,271.18,232.2
572.2,229.09,271.18,232.2
563.81,242.4,271.18,232.2
549.51,248.81,271.18,232.2
544.09,221.69,271.18,232.2
553.46,181.75,271.18,232.2
559.87,174.35,271.18,232.2
553.35,185.18,279.29,239.14
550.81,192.8,279.29,239.14
553.35,168.93,279.29,239.14
565.03,151.15,279.29,239.14
585.85,112.04,279.29,239.14
613.79,96.299,279.29,239.14
648.83,84.618,279.29,239.14
677.78,80.047,279.29,239.14
702.67,103.92,279.29,239.14
729.58,115.6,279.29,239.14
754.47,116.11,279.29,239.14
771.23,147.09,279.29,239.14
787.99,171.97,279.29,239.14
794.59,194.83,279.29,239.14
799.16,209.56,279.29,239.14
801.7,226.32,279.29,239.14
799.16,243.08,279.29,239.14
789.51,257.81,279.29,239.14
778.85,261.36,279.29,239.14
755.99,265.93,279.29,239.14
731.11,280.66,279.29,239.14
697.08,296.41,279.29,239.14
660,296.91,279.29,239.14
636.13,284.22,279.29,239.14
611.25,293.87,279.29,239.14
584.33,315.7,279.29,239.14
556.4,325.35,279.29,239.14
531.51,314.69,279.29,239.14
505.61,304.02,279.29,239.14
482.75,302.5,279.29,239.14
469.04,294.88,279.29,239.14
456.34,290.31,279.29,239.14
447.71,294.88,279.29,239.14
446.19,297.42,279.29,239.14
446.69,304.02,279.29,239.14
445.17,304.53,279.29,239.14
447.71,305.04,279.29,239.14
451.26,297.42,279.29,239.14
457.87,293.87,279.29,239.14
460.41,301.48,279.29,239.14
468.02,301.99,279.29,239.14
479.71,304.53,279.29,239.14
488.34,306.06,279.29,239.14
501.04,302.5,279.29,239.14
516.78,288.79,279.29,239.14
530.49,272.03,279.29,239.14
545.22,268.47,279.29,239.14
559.95,272.03,279.29,239.14
561.48,266.44,279.29,239.14
554.87,250.7,279.29,239.14
548.27,243.08,279.29,239.14
538.62,258.82,279.29,239.14
524.91,264.41,279.29,239.14
512.21,265.93,279.29,239.14
498.5,276.6,279.29,239.14
486.82,285.23,279.29,239.14
481.23,299.96,279.29,239.14
478.69,309.61,279.29,239.14
480.21,322.31,279.29,239.14
487.83,343.13,279.29,239.14
484.16,354.28,287.64,246.29
480.39,373.09,296.24,253.65
481.88,416.17,305.1,261.24
475.78,466.66,305.1,261.24
480.77,455.01,305.1,261.24
502.41,425.6,305.1,261.24
515.05,431.13,314.22,269.05
529.21,450.53,323.62,277.09
545.1,453.48,323.62,277.09
556.28,452.89,323.62,277.09
553.34,452.3,323.62,277.09
548.04,435.23,323.62,277.09
541.44,404.61,333.29,285.38
539.62,384.61,333.29,285.38
531.74,387.64,333.29,285.38
511.61,380.34,343.26,293.91
497.11,365.34,353.52,302.7
492.61,353.12,353.52,302.7
473.97,352.48,353.52,302.7
438.47,340.88,364.09,311.75
419.27,321.68,364.09,311.75
402.57,313.71,374.98,321.07
385.52,308.94,374.98,321.07
383.47,294.62,374.98,321.07
397.79,272.11,374.98,321.07
406.66,260.52,374.98,321.07
427.8,251.66,374.98,321.07
446.06,224.35,386.19,330.67
466.42,211.01,386.19,330.67
482.42,195.53,397.74,340.56
506.29,165.88,397.74,340.56
530.16,149.24,397.74,340.56
545.35,144.18,397.74,340.56
557.64,147.8,397.74,340.56
561.1,143.43,409.63,350.74
561.84,144.17,409.63,350.74
564.08,140.45,409.63,350.74
558.86,139.7,409.63,350.74
546.03,130.74,421.88,361.23
543.73,123.83,421.88,361.23
535.29,127.67,421.88,361.23
534.53,126.9,421.88,361.23
539.9,129.2,421.88,361.23
545.27,139.18,421.88,361.23
549.1,139.94,421.88,361.23
556.01,133.04,421.88,361.23
564.45,133.81,421.88,361.23
574.42,140.71,421.88,361.23
585.93,147.61,421.88,361.23
595.9,154.52,421.88,361.23
594.96,154.49,434.49,372.03
597.16,171.84,447.49,383.15
606.11,190.56,447.49,383.15
613.43,201.14,447.49,383.15
617.5,205.2,447.49,383.15
618.32,212.53,447.49,383.15
619.13,213.34,447.49,383.15
626.45,215.78,447.49,383.15
627.27,226.36,447.49,383.15
629.71,228.8,447.49,383.15
633.78,229.62,447.49,383.15
632.96,227.17,447.49,383.15
633.78,223.11,447.49,383.15
632.96,219.04,447.49,383.15
630.52,213.34,447.49,383.15
629.71,207.65,447.49,383.15
624.01,206.83,447.49,383.15
621.57,202.76,447.49,383.15
615.88,201.95,447.49,383.15
608.37,197.03,460.87,394.61
604.18,194.52,460.87,394.61
603.34,195.36,460.87,394.61
600.83,199.55,460.87,394.61
598.32,200.39,460.87,394.61
599.15,199.55,460.87,394.61
598.32,202.06,460.87,394.61
597.48,202.9,460.87,394.61
596.64,203.74,460.87,394.61
599.15,206.25,460.87,394.61
599.99,208.77,460.87,394.61
595.8,202.9,460.87,394.61
594.96,198.71,460.87,394.61
592.45,197.87,460.87,394.61
593.29,197.03,460.87,394.61
594.13,197.87,460.87,394.61
593.29,205.42,460.87,394.61
594.13,209.61,460.87,394.61
594.96,213.8,460.87,394.61
595.8,216.31,460.87,394.61
598.32,220.5,460.87,394.61
602.51,226.37,460.87,394.61
610.05,232.23,460.87,394.61
614.24,234.75,460.87,394.61
618.43,242.29,460.87,394.61
619.27,248.16,460.87,394.61
620.11,247.32,460.87,394.61
619.27,248.16,460.87,394.61
618.43,250.67,460.87,394.61
619.27,253.19,460.87,394.61
618.43,257.38,460.87,394.61
617.59,269.95,460.87,394.61
616.75,277.49,460.87,394.61
615.91,285.03,460.87,394.61
615.08,287.55,460.87,394.61
610.89,293.41,460.87,394.61
606.7,294.25,460.87,394.61
602.51,291.74,460.87,394.61
599.99,290.9,460.87,394.61
597.48,283.36,460.87,394.61
591.61,279.17,460.87,394.61
587.42,274.97,460.87,394.61
589.93,265.76,460.87,394.61
589.1,263.24,460.87,394.61
586.58,257.38,460.87,394.61
585.74,246.48,460.87,394.61
584.91,238.94,460.87,394.61
585.74,229.72,460.87,394.61
584.91,223.85,460.87,394.61
584.07,214.63,460.87,394.61
583.23,205.42,460.87,394.61
579.04,197.87,460.87,394.61
573.17,190.33,460.87,394.61
567.31,186.14,460.87,394.61
563.12,183.63,460.87,394.61
562.28,179.44,460.87,394.61
554.55,174.37,474.65,406.41
551.96,168.33,474.65,406.41
545.92,165.74,474.65,406.41
541.6,161.43,474.65,406.41
537.29,158.84,474.65,406.41
534.7,156.25,474.65,406.41
533.84,151.93,474.65,406.41
531.25,151.07,474.65,406.41
528.66,151.93,474.65,406.41
534.5,160.27,461.22,394.91
533.66,164.46,461.22,394.91
531.15,168.65,461.22,394.91
528.63,167.82,461.22,394.91
526.12,163.62,461.22,394.91
523.6,159.43,461.22,394.91
524.44,158.59,461.22,394.91
525.28,157.75,461.22,394.91
524.44,151.88,461.22,394.91
523.6,149.36,461.22,394.91
522.76,146.85,461.22,394.91
523.6,142.65,461.22,394.91
527.79,141.82,461.22,394.91
531.99,140.98,461.22,394.91
534.5,135.11,461.22,394.91
540.37,134.27,461.22,394.91
542.89,140.14,461.22,394.91
543.73,139.3,461.22,394.91
547.92,143.49,461.22,394.91
540.19,140.11,475.02,406.72
539.33,139.24,475.02,406.72
540.19,138.38,475.02,406.72
541.05,142.7,475.02,406.72
541.92,145.29,475.02,406.72
541.05,149.61,475.02,406.72
541.92,150.47,475.02,406.72
544.51,156.52,475.02,406.72
547.1,167.75,475.02,406.72
549.69,173.79,475.02,406.72
548.83,174.66,475.02,406.72
547.96,175.52,475.02,406.72
548.83,178.11,475.02,406.72
547.96,178.98,475.02,406.72
545.37,181.57,475.02,406.72
544.51,184.16,475.02,406.72
541.92,185.02,475.02,406.72
534.14,191.07,475.02,406.72
529.82,191.93,475.02,406.72
523.78,192.8,475.02,406.72
519.46,197.12,475.02,406.72
515.14,199.71,475.02,406.72
510.82,202.3,475.02,406.72
506.5,204.89,475.02,406.72
503.91,205.75,475.02,406.72
503.05,204.89,475.02,406.72
500.45,205.75,475.02,406.72
496.14,203.16,475.02,406.72
491.82,197.12,475.02,406.72
485.77,192.8,475.02,406.72
477.8,185.85,489.22,418.88
476.91,177.85,489.22,418.88
476.03,173.4,489.22,418.88
478.69,168.95,489.22,418.88
481.36,160.94,489.22,418.88
485.81,154.72,489.22,418.88
484.92,150.27,489.22,418.88
482.25,138.7,489.22,418.88
477.8,128.92,489.22,418.88
475.14,119.13,489.22,418.88
470.69,111.12,489.22,418.88
469.8,106.68,489.22,418.88
468.91,98.669,489.22,418.88
471.58,94.221,489.22,418.88
474.25,91.552,489.22,418.88
476.91,88.883,489.22,418.88
479.58,84.435,489.22,418.88
485.81,83.545,489.22,418.88
492.04,87.993,489.22,418.88
498.27,90.662,489.22,418.88
497.38,95.11,489.22,418.88
494.71,104.9,489.22,418.88
490.26,109.34,489.22,418.88
487.59,110.23,489.22,418.88
484.92,107.57,489.22,418.88
484.03,104.9,489.22,418.88
483.14,104.01,489.22,418.88
482.25,99.559,489.22,418.88
483.14,96.89,489.22,418.88
484.03,88.883,489.22,418.88
484.92,82.656,489.22,418.88
484.03,74.649,489.22,418.88
484.92,64.863,489.22,418.88
489.37,56.856,489.22,418.88
490.26,48.85,489.22,418.88
491.15,47.96,489.22,418.88
493.82,43.512,489.22,418.88
492.93,44.402,489.22,418.88
492.04,43.512,489.22,418.88
491.15,40.843,489.22,418.88
495.6,39.954,489.22,418.88
498.27,40.843,489.22,418.88
500.93,41.733,489.22,418.88
500.05,42.622,489.22,418.88
493.62,39.029,503.85,431.41
489.04,39.945,503.85,431.41
488.12,40.861,503.85,431.41
483.54,41.778,503.85,431.41
480.79,44.526,503.85,431.41
474.38,43.61,503.85,431.41
467.97,42.694,503.85,431.41
463.39,43.61,503.85,431.41
460.64,42.694,503.85,431.41
457.89,41.778,503.85,431.41
456.97,42.694,503.85,431.41
457.89,41.778,503.85,431.41
456.97,42.694,503.85,431.41
457.89,41.778,503.85,431.41
458.8,46.359,503.85,431.41
459.72,49.108,503.85,431.41
462.47,59.186,503.85,431.41
463.39,69.265,503.85,431.41
464.3,73.846,503.85,431.41
463.39,76.594,503.85,431.41
462.47,77.511,503.85,431.41
463.39,76.594,503.85,431.41
464.3,75.678,503.85,431.41
465.22,78.427,503.85,431.41
466.13,77.511,503.85,431.41
463.39,74.762,503.85,431.41
460.64,73.846,503.85,431.41
457.89,72.929,503.85,431.41
456.97,68.348,503.85,431.41
456.06,65.6,503.85,431.41
453.31,59.186,503.85,431.41
450.56,52.772,503.85,431.41
445.98,46.359,503.85,431.41
445.06,39.945,503.85,431.41
442.31,35.364,503.85,431.41
437.73,30.783,503.85,431.41
436.81,26.202,503.85,431.41
432.23,21.621,503.85,431.41
427.65,15.207,503.85,431.41
424.9,10.626,503.85,431.41
425.82,7.8772,503.85,431.41
428.57,6.961,503.85,431.41
429.48,7.8772,503.85,431.41
434.07,6.961,503.85,431.41
442.31,2.3799,503.85,431.41
446.89,3.2961,503.85,431.41
453.31,2.3799,503.85,431.41
457.89,1.4636,503.85,431.41
464.3,0.54742,503.85,431.41
467.05,-0.36881,503.85,431.41
473.46,2.3799,503.85,431.41
474.38,1.4636,503.85,431.41
477.13,-3.1175,503.85,431.41
479.88,-4.0337,503.85,431.41
486.29,-8.6149,503.85,431.41
487.21,-11.364,503.85,431.41
491.79,-8.6149,503.85,431.41
494.54,-4.0337,503.85,431.41
495.45,4.2123,503.85,431.41
490.87,14.291,503.85,431.41
491.79,13.375,503.85,431.41
489.04,1.4636,503.85,431.41
486.29,-1.285,503.85,431.41
481.71,8.7935,503.85,431.41
475.3,18.872,503.85,431.41
470.72,21.621,503.85,431.41
462.27,16.087,518.91,444.31
455.66,17.031,518.91,444.31
447.17,19.862,518.91,444.31
438.68,20.805,518.91,444.31
433.96,17.975,518.91,444.31
429.24,13.256,518.91,444.31
420.75,10.426,518.91,444.31
408.48,17.031,518.91,444.31
405.65,25.524,518.91,444.31
404.71,26.467,518.91,444.31
401.87,36.847,518.91,444.31
402.82,41.565,518.91,444.31
403.76,44.396,518.91,444.31
404.71,45.34,518.91,444.31
403.76,46.283,518.91,444.31
402.82,47.227,518.91,444.31
399.99,46.283,518.91,444.31
399.04,49.114,518.91,444.31
401.87,44.396,518.91,444.31
402.82,43.452,518.91,444.31
405.65,42.509,518.91,444.31
406.59,41.565,518.91,444.31
407.54,38.734,518.91,444.31
406.59,39.678,518.91,444.31
403.76,40.622,518.91,444.31
402.82,41.565,518.91,444.31
399.99,40.622,518.91,444.31
400.93,39.678,518.91,444.31
399.99,36.847,518.91,444.31
400.93,34.016,518.91,444.31
401.87,33.073,518.91,444.31
402.82,32.129,518.91,444.31
407.54,29.298,518.91,444.31
410.37,32.129,518.91,444.31
409.42,29.298,518.91,444.31
408.48,22.693,518.91,444.31
407.54,19.862,518.91,444.31
406.59,15.144,518.91,444.31
405.65,12.313,518.91,444.31
406.59,9.482,518.91,444.31
411.31,4.7639,518.91,444.31
414.14,3.8202,518.91,444.31
418.86,4.7639,518.91,444.31
419.8,9.482,518.91,444.31
422.63,8.5384,518.91,444.31
421.69,9.482,518.91,444.31
435.63,14.82,504.24,431.74
431.05,15.737,504.24,431.74
431.96,18.487,504.24,431.74
434.71,19.404,504.24,431.74
433.8,23.989,504.24,431.74
431.05,23.072,504.24,431.74
428.3,22.155,504.24,431.74
427.38,23.072,504.24,431.74
426.46,22.155,504.24,431.74
427.38,19.404,504.24,431.74
426.46,20.321,504.24,431.74
423.71,21.238,504.24,431.74
424.63,22.155,504.24,431.74
425.55,21.238,504.24,431.74
426.46,22.155,504.24,431.74
427.38,23.072,504.24,431.74
442.76,35.594,489.98,419.54
436.52,36.485,489.98,419.54
433.85,37.376,489.98,419.54
431.18,40.049,489.98,419.54
426.72,40.94,489.98,419.54
424.05,38.267,489.98,419.54
419.59,33.812,489.98,419.54
427.41,38.852,476.13,407.68
428.28,32.792,476.13,407.68
429.14,31.926,476.13,407.68
430.01,31.06,476.13,407.68
432.61,30.194,476.13,407.68
435.2,25.865,476.13,407.68
434.34,19.804,476.13,407.68
431.74,17.207,476.13,407.68
425.68,14.609,476.13,407.68
421.35,12.012,476.13,407.68
415.29,14.609,476.13,407.68
407.5,22.402,476.13,407.68
399.71,30.194,476.13,407.68
390.18,39.718,476.13,407.68
382.39,42.316,476.13,407.68
378.06,37.986,476.13,407.68
373.73,35.389,476.13,407.68
372.86,27.597,476.13,407.68
383.93,29.031,462.67,396.15
381.4,26.507,462.67,396.15
380.56,23.983,462.67,396.15
381.4,23.141,462.67,396.15
383.93,23.983,462.67,396.15
384.77,23.141,462.67,396.15
382.24,20.617,462.67,396.15
379.72,14.728,462.67,396.15
378.88,10.521,462.67,396.15
379.72,7.9972,462.67,396.15
378.88,5.4732,462.67,396.15
379.72,2.9491,462.67,396.15
380.56,-1.2576,462.67,396.15
379.72,-3.7816,462.67,396.15
373.83,-1.2576,462.67,396.15
366.26,11.363,462.67,396.15
363.73,10.521,462.67,396.15
364.57,-2.0989,462.67,396.15
370.46,-7.9883,462.67,396.15
378.04,-12.195,462.67,396.15
385.61,-13.036,462.67,396.15
399.91,-18.926,462.67,396.15
410.85,-18.084,462.67,396.15
416.55,-26.531,476.5,407.99
429.55,-37.795,476.5,407.99
442.55,-43.861,476.5,407.99
455.54,-49.926,476.5,407.99
458.14,-43.861,476.5,407.99
464.21,-41.261,476.5,407.99
478.94,-45.594,476.5,407.99
488.47,-49.926,476.5,407.99
499.74,-55.992,476.5,407.99
507.53,-53.392,476.5,407.99
510.13,-42.128,476.5,407.99
517.93,-41.261,476.5,407.99
525.73,-42.128,476.5,407.99
531.8,-42.994,476.5,407.99
537.86,-40.395,476.5,407.99
542.19,-39.528,476.5,407.99
549.99,-42.128,476.5,407.99
557.79,-46.46,476.5,407.99
567.32,-52.526,476.5,407.99
571.66,-53.392,476.5,407.99
574.25,-49.06,476.5,407.99
575.12,-44.727,476.5,407.99
577.72,-45.594,476.5,407.99
576.85,-46.46,476.5,407.99
574.25,-50.793,476.5,407.99
573.39,-49.926,476.5,407.99
574.25,-45.594,476.5,407.99
575.12,-39.528,476.5,407.99
579.45,-35.196,476.5,407.99
585.52,-34.329,476.5,407.99
584.65,-29.997,476.5,407.99
582.05,-27.397,476.5,407.99
581.19,-26.531,476.5,407.99
576.85,-20.465,476.5,407.99
572.52,-19.599,476.5,407.99
566.46,-13.533,476.5,407.99
558.66,-10.934,476.5,407.99
552.59,-10.067,476.5,407.99
546.53,-9.2009,476.5,407.99
540.46,-6.6014,476.5,407.99
534.4,-12.667,476.5,407.99
530.06,-15.266,476.5,407.99
522.07,-25.698,490.75,420.19
519.4,-30.16,490.75,420.19
516.72,-31.053,490.75,420.19
514.04,-30.16,490.75,420.19
513.15,-31.053,490.75,420.19
512.26,-31.945,490.75,420.19
509.58,-32.838,490.75,420.19
506.9,-33.73,490.75,420.19
506.01,-36.407,490.75,420.19
506.9,-35.515,490.75,420.19
507.79,-34.622,490.75,420.19
510.47,-30.16,490.75,420.19
511.36,-23.914,490.75,420.19
510.47,-21.236,490.75,420.19
511.36,-18.559,490.75,420.19
512.26,-15.882,490.75,420.19
514.93,-13.205,490.75,420.19
517.61,-12.312,490.75,420.19
518.5,-11.42,490.75,420.19
519.4,-6.9578,490.75,420.19
520.29,1.0738,490.75,420.19
519.4,3.7511,490.75,420.19
518.5,2.8587,490.75,420.19
517.61,3.7511,490.75,420.19
522.07,4.6435,490.75,420.19
528.32,5.5359,490.75,420.19
532.78,4.6435,490.75,420.19
539.03,3.7511,490.75,420.19
545.28,6.4283,490.75,420.19
551.52,12.675,490.75,420.19
552.41,15.352,490.75,420.19
553.31,14.46,490.75,420.19
552.41,11.783,490.75,420.19
553.31,18.03,490.75,420.19
554.2,18.922,490.75,420.19
556.88,23.384,490.75,420.19
559.55,29.631,490.75,420.19
562.23,30.523,490.75,420.19
563.12,31.416,490.75,420.19
565.8,30.523,490.75,420.19
564.91,33.201,490.75,420.19
562.23,35.878,490.75,420.19
561.34,36.77,490.75,420.19
555.09,41.232,490.75,420.19
554.2,42.125,490.75,420.19
553.31,43.017,490.75,420.19
554.2,45.694,490.75,420.19
553.31,46.587,490.75,420.19
548.85,47.479,490.75,420.19
547.95,43.017,490.75,420.19
547.06,40.34,490.75,420.19
544.38,39.447,490.75,420.19
541.71,38.555,490.75,420.19
537.24,39.447,490.75,420.19
531,40.34,490.75,420.19
528.32,41.232,490.75,420.19
522.07,40.34,490.75,420.19
519.4,39.447,490.75,420.19
518.5,40.34,490.75,420.19
515.83,39.447,490.75,420.19
514.93,36.77,490.75,420.19
515.83,39.447,490.75,420.19
514.93,42.125,490.75,420.19
515.83,43.017,490.75,420.19
514.93,42.125,490.75,420.19
517.61,39.447,490.75,420.19
518.5,42.125,490.75,420.19
521.18,39.447,490.75,420.19
525.64,33.201,490.75,420.19
530.1,34.093,490.75,420.19
538.14,29.631,490.75,420.19
540.81,25.169,490.75,420.19
547.06,18.922,490.75,420.19
549.74,16.245,490.75,420.19
554.2,2.8587,490.75,420.19
555.09,-8.7427,490.75,420.19
557.77,-14.99,490.75,420.19
560.45,-17.667,490.75,420.19
564.91,-20.344,490.75,420.19
572.94,-26.591,490.75,420.19
575.62,-32.838,490.75,420.19
574.72,-35.515,490.75,420.19
573.83,-36.407,490.75,420.19
571.16,-35.515,490.75,420.19
568.48,-38.192,490.75,420.19
572.94,-39.085,490.75,420.19
573.83,-34.622,490.75,420.19
574.72,-26.591,490.75,420.19
573.83,-23.914,490.75,420.19
574.72,-14.097,490.75,420.19
575.62,-0.71098,490.75,420.19
574.72,10.89,490.75,420.19
573.83,15.352,490.75,420.19
572.94,14.46,490.75,420.19
572.05,11.783,490.75,420.19
571.16,9.1055,490.75,420.19
561.14,0.14641,505.42,432.76
558.38,-6.2872,505.42,432.76
555.63,-5.3681,505.42,432.76
552.87,-6.2872,505.42,432.76
550.11,-7.2063,505.42,432.76
547.36,-8.1254,505.42,432.76
542.76,-5.3681,505.42,432.76
541.84,-4.449,505.42,432.76
537.25,-3.53,505.42,432.76
532.65,1.0655,505.42,432.76
529.89,1.9846,505.42,432.76
525.3,4.7419,505.42,432.76
524.38,11.176,505.42,432.76
523.46,21.286,505.42,432.76
518.86,25.881,505.42,432.76
516.11,32.315,505.42,432.76
513.35,36.91,505.42,432.76
508.75,37.829,505.42,432.76
509.67,42.425,505.42,432.76
510.59,48.858,505.42,432.76
511.51,51.616,505.42,432.76
510.59,54.373,505.42,432.76
513.35,53.454,505.42,432.76
516.11,52.535,505.42,432.76
517.03,47.939,505.42,432.76
517.94,41.506,505.42,432.76
518.86,38.748,505.42,432.76
519.78,34.153,505.42,432.76
522.54,29.557,505.42,432.76
523.46,28.638,505.42,432.76
518.86,27.719,505.42,432.76
516.11,23.124,505.42,432.76
509.67,20.366,505.42,432.76
515.9,31.08,491.13,420.52
513.22,28.4,491.13,420.52
510.54,25.721,491.13,420.52
513.22,23.042,491.13,420.52
512.33,25.721,491.13,420.52
513.22,24.828,491.13,420.52
512.33,27.507,491.13,420.52
511.43,30.187,491.13,420.52
508.75,32.866,491.13,420.52
506.07,35.545,491.13,420.52
503.39,36.438,491.13,420.52
502.5,39.118,491.13,420.52
503.39,41.797,491.13,420.52
502.5,49.835,491.13,420.52
492.68,70.376,491.13,420.52
490,76.628,491.13,420.52
490.89,73.949,491.13,420.52
488.21,71.27,491.13,420.52
487.32,61.445,491.13,420.52
488.21,60.552,491.13,420.52
483.75,59.659,491.13,420.52
468.56,71.27,491.13,420.52
456.95,73.949,491.13,420.52
454.27,62.338,491.13,420.52
451.59,56.087,491.13,420.52
448.92,51.621,491.13,420.52
449.81,40.011,491.13,420.52
450.7,24.828,491.13,420.52
451.59,13.218,491.13,420.52
456.06,5.1798,491.13,420.52
462.31,-2.8582,491.13,420.52
470.35,-10.896,491.13,420.52
476.6,-17.148,491.13,420.52
484.64,-26.972,491.13,420.52
496.25,-36.796,491.13,420.52
504.29,-43.048,491.13,420.52
514.11,-43.941,491.13,420.52
522.15,-44.834,491.13,420.52
524.83,-43.941,491.13,420.52
525.72,-43.048,491.13,420.52
524.83,-43.941,491.13,420.52
523.94,-43.048,491.13,420.52
515.9,-40.369,491.13,420.52
509.65,-39.475,491.13,420.52
499.82,-36.796,491.13,420.52
493.57,-35.903,491.13,420.52
481.96,-33.224,491.13,420.52
475.71,-28.758,491.13,420.52
465.88,-29.651,491.13,420.52
457.85,-32.331,491.13,420.52
449.81,-38.582,491.13,420.52
445.34,-39.475,491.13,420.52
440.88,-42.155,491.13,420.52
438.2,-44.834,491.13,420.52
431.95,-42.155,491.13,420.52
429.27,-39.475,491.13,420.52
421.23,-36.796,491.13,420.52
416.76,-37.689,491.13,420.52
419.44,-38.582,491.13,420.52
432.64,-37.103,477.24,408.63
431.77,-39.707,477.24,408.63
436.11,-40.574,477.24,408.63
440.45,-41.442,477.24,408.63
444.79,-42.31,477.24,408.63
449.13,-44.914,477.24,408.63
455.2,-52.724,477.24,408.63
456.07,-55.328,477.24,408.63
458.67,-57.931,477.24,408.63
461.28,-58.799,477.24,408.63
463.88,-63.139,477.24,408.63
466.48,-64.006,477.24,408.63
469.09,-64.874,477.24,408.63
475.16,-65.742,477.24,408.63
477.77,-64.874,477.24,408.63
478.63,-64.006,477.24,408.63
477.77,-64.874,477.24,408.63
478.63,-67.478,477.24,408.63
481.24,-70.081,477.24,408.63
483.84,-69.214,477.24,408.63
486.44,-70.081,477.24,408.63
489.05,-70.949,477.24,408.63
493.39,-71.817,477.24,408.63
492.52,-70.949,477.24,408.63
493.39,-73.553,477.24,408.63
492.52,-74.421,477.24,408.63
493.39,-75.288,477.24,408.63
494.26,-76.156,477.24,408.63
500.33,-77.024,477.24,408.63
504.67,-77.892,477.24,408.63
507.27,-78.76,477.24,408.63
508.14,-74.421,477.24,408.63
510.74,-70.081,477.24,408.63
513.35,-67.478,477.24,408.63
519.42,-64.874,477.24,408.63
528.97,-65.742,477.24,408.63
550.67,-75.288,477.24,408.63
568.89,-86.571,477.24,408.63
585.38,-83.967,477.24,408.63
615.75,-93.513,477.24,408.63
658.28,-111.74,477.24,408.63
664.35,-110.87,477.24,408.63
668.69,-110,477.24,408.63
681.71,-114.34,477.24,408.63
691.26,-111.74,477.24,408.63
690.39,-103.93,477.24,408.63
689.52,-101.32,477.24,408.63
683.45,-90.042,477.24,408.63
677.37,-83.967,477.24,408.63
673.03,-77.892,477.24,408.63
658.28,-68.346,477.24,408.63
647,-51.856,477.24,408.63
642.66,-45.781,477.24,408.63
636.58,-37.971,477.24,408.63
630.51,-31.896,477.24,408.63
620.96,-27.557,477.24,408.63
613.15,-24.953,477.24,408.63
608.81,-20.614,477.24,408.63
604.47,-18.01,477.24,408.63
607.08,-15.407,477.24,408.63
604.47,-11.067,477.24,408.63
600.13,-17.142,477.24,408.63
602.74,-21.482,477.24,408.63
603.61,-20.614,477.24,408.63
595.79,-14.539,477.24,408.63
591.46,-13.671,477.24,408.63
594.06,-16.274,477.24,408.63
593.19,-17.142,477.24,408.63
592.32,-18.01,477.24,408.63
589.72,-20.614,477.24,408.63
585.38,-21.482,477.24,408.63
584.51,-20.614,477.24,408.63
583.64,-24.953,477.24,408.63
584.51,-29.292,477.24,408.63
585.38,-30.16,477.24,408.63
586.25,-32.764,477.24,408.63
595.79,-35.367,477.24,408.63
600.13,-31.028,477.24,408.63
601,-26.689,477.24,408.63
601.87,-24.085,477.24,408.63
606.21,-26.689,477.24,408.63
614.02,-18.878,477.24,408.63
614.89,-9.3317,477.24,408.63
610.55,1.9504,477.24,408.63
614.89,-0.65312,477.24,408.63
622.7,0.21473,477.24,408.63
628.77,2.8183,477.24,408.63
627.9,3.6861,477.24,408.63
628.77,8.0254,477.24,408.63
633.11,10.629,477.24,408.63
635.72,14.968,477.24,408.63
633.11,17.572,477.24,408.63
637.45,16.704,477.24,408.63
645.26,15.836,477.24,408.63
649.6,23.647,477.24,408.63
655.68,27.986,477.24,408.63
658.28,27.118,477.24,408.63
664.35,29.722,477.24,408.63
672.17,34.061,477.24,408.63
676.5,36.665,477.24,408.63
677.37,37.532,477.24,408.63
678.24,36.665,477.24,408.63
675.64,39.268,477.24,408.63
671.3,40.136,477.24,408.63
660.02,42.74,477.24,408.63
645.26,43.607,477.24,408.63
630.51,42.74,477.24,408.63
615.75,38.4,477.24,408.63
597.53,39.268,477.24,408.63
581.04,33.193,477.24,408.63
568.02,27.118,477.24,408.63
555.01,24.515,477.24,408.63
547.19,18.44,477.24,408.63
539.38,15.836,477.24,408.63
533.31,14.968,477.24,408.63
537.65,8.8933,477.24,408.63
543.72,-0.65312,477.24,408.63
553.27,1.9504,477.24,408.63
554.14,14.968,477.24,408.63
561.95,21.043,477.24,408.63
573.23,25.382,477.24,408.63
575.83,27.986,477.24,408.63
580.17,28.854,477.24,408.63
589.72,31.457,477.24,408.63
595.79,37.532,477.24,408.63
603.61,45.343,477.24,408.63
607.94,56.625,477.24,408.63
608.81,62.7,477.24,408.63
609.68,63.568,477.24,408.63
607.08,64.436,477.24,408.63
606.21,65.304,477.24,408.63
605.34,69.643,477.24,408.63
606.21,70.511,477.24,408.63
605.34,73.114,477.24,408.63
607.94,77.454,477.24,408.63
610.55,74.85,477.24,408.63
614.89,63.568,477.24,408.63
622.7,60.964,477.24,408.63
632.24,56.625,477.24,408.63
643.53,48.815,477.24,408.63
649.6,44.475,477.24,408.63
655.68,40.136,477.24,408.63
656.35,27.952,491.51,420.85
662.61,25.271,491.51,420.85
667.08,20.802,491.51,420.85
669.76,18.12,491.51,420.85
672.44,15.439,491.51,420.85
671.55,14.545,491.51,420.85
672.44,17.226,491.51,420.85
673.33,18.12,491.51,420.85
676.02,22.589,491.51,420.85
678.7,25.271,491.51,420.85
677.8,29.74,491.51,420.85
680.48,34.209,491.51,420.85
679.59,44.04,491.51,420.85
678.7,53.872,491.51,420.85
679.59,65.492,491.51,420.85
676.91,78.899,491.51,420.85
674.23,88.731,491.51,420.85
673.33,96.775,491.51,420.85
665.29,106.61,491.51,420.85
657.25,114.65,491.51,420.85
649.2,120.91,491.51,420.85
644.73,132.53,491.51,420.85
643.84,140.57,491.51,420.85
644.73,145.04,491.51,420.85
645.63,147.72,491.51,420.85
644.73,148.62,491.51,420.85
643.84,147.72,491.51,420.85
646.52,146.83,491.51,420.85
649.2,144.15,491.51,420.85
651.88,141.46,491.51,420.85
652.78,140.57,491.51,420.85
655.46,137.89,491.51,420.85
658.14,135.21,491.51,420.85
660.82,132.53,491.51,420.85
659.93,131.63,491.51,420.85
657.25,120.01,491.51,420.85
650.99,119.12,491.51,420.85
646.52,120.01,491.51,420.85
640.26,119.12,491.51,420.85
630.43,121.8,491.51,420.85
624.18,119.12,491.51,420.85
625.07,111.08,491.51,420.85
624.18,110.18,491.51,420.85
623.28,103.93,491.51,420.85
625.96,99.456,491.51,420.85
628.64,98.562,491.51,420.85
627.75,101.24,491.51,420.85
626.86,98.562,491.51,420.85
627.75,101.24,491.51,420.85
626.86,102.14,491.51,420.85
627.75,103.03,491.51,420.85
625.07,103.93,491.51,420.85
625.96,106.61,491.51,420.85
630.43,111.08,491.51,420.85
645.42,123.28,477.62,408.95
648.03,122.41,477.62,408.95
650.64,123.28,477.62,408.95
658.45,124.15,477.62,408.95
666.27,131.97,477.62,408.95
674.09,143.26,477.62,408.95
681.9,151.07,477.62,408.95
689.72,160.63,477.62,408.95
694.06,164.97,477.62,408.95
693.19,165.84,477.62,408.95
688.85,166.71,477.62,408.95
684.51,171.05,477.62,408.95
673.22,178.87,477.62,408.95
658.45,181.47,477.62,408.95
633.27,184.08,477.62,408.95
601.13,186.68,477.62,408.95
563.78,185.82,477.62,408.95
536.86,179.74,477.62,408.95
535.99,159.76,477.62,408.95
533.38,141.52,477.62,408.95
537.73,130.23,477.62,408.95
543.81,108.52,477.62,408.95
542.94,97.226,477.62,408.95
542.07,92.883,477.62,408.95
548.15,92.015,477.62,408.95
550.75,78.987,477.62,408.95
551.62,65.959,477.62,408.95
545.54,56.405,477.62,408.95
537.73,55.536,477.62,408.95
522.96,54.668,477.62,408.95
515.15,53.799,477.62,408.95
516.01,63.353,477.62,408.95
516.88,69.433,477.62,408.95
517.75,68.564,477.62,408.95
523.83,76.381,477.62,408.95
533.38,94.62,477.62,408.95
537.73,109.39,477.62,408.95
542.07,111.99,477.62,408.95
542.94,112.86,477.62,408.95
540.33,117.2,477.62,408.95
541.2,121.54,477.62,408.95
542.07,120.68,477.62,408.95
546.41,123.28,477.62,408.95
547.28,132.84,477.62,408.95
551.62,135.44,477.62,408.95
557.7,127.62,477.62,408.95
567.26,142.39,477.62,408.95
568.13,165.84,477.62,408.95
567.26,177.13,477.62,408.95
573.34,176.26,477.62,408.95
582.89,197.98,477.62,408.95
590.51,216.78,464.11,397.39
589.67,209.19,464.11,397.39
592.2,201.59,464.11,397.39
596.42,205.81,464.11,397.39
607.2,225.78,450.99,386.15
594.9,216.76,450.99,386.15
590.61,208.27,438.24,375.23
577.06,209.07,438.24,375.23
560.33,209.87,438.24,375.23
537.22,202.7,438.24,375.23
533.23,197.12,438.24,375.23
560.95,200.03,425.85,364.62
584.95,216.29,425.85,364.62
605.86,244.95,425.85,364.62
648.28,275.66,413.81,354.31
673.11,305,413.81,354.31
709.81,333.34,402.11,344.3
729.56,356.01,402.11,344.3
750.76,372.83,402.11,344.3
758.8,377.94,402.11,344.3
759.54,374.29,402.11,344.3
782.2,373.56,402.11,344.3
790.25,340.65,402.11,344.3
785.13,301.9,402.11,344.3
780.01,258.76,402.11,344.3
754.42,220,402.11,344.3
736.14,182.71,402.11,344.3
728.09,145.42,402.11,344.3
708.35,100.81,402.11,344.3
685.68,57.67,402.11,344.3
661.55,21.84,402.11,344.3
641.81,-2.2901,402.11,344.3
629.38,-19.108,402.11,344.3
615.49,-33.001,402.11,344.3
604.52,-29.345,402.11,344.3
592.09,-15.452,402.11,344.3
578.03,-8.1685,414.13,354.59
566.74,4.6339,414.13,354.59
561.46,11.412,414.13,354.59
560.71,21.202,414.13,354.59
564.48,29.486,414.13,354.59
565.06,32.468,426.51,365.19
578.25,41,426.51,365.19
592.98,46.429,426.51,365.19
612.37,61.166,426.51,365.19
625.56,69.697,426.51,365.19
638.74,78.229,426.51,365.19
651.93,82.107,426.51,365.19
665.11,84.434,426.51,365.19
679.85,83.658,426.51,365.19
691.48,89.087,426.51,365.19
704.67,92.965,426.51,365.19
717.86,93.741,426.51,365.19
726.39,92.965,426.51,365.19
734.92,89.087,426.51,365.19
740.35,88.312,426.51,365.19
744.23,84.434,426.51,365.19
748.1,83.658,426.51,365.19
755.08,84.434,426.51,365.19
751.03,82.852,439.27,376.11
750.24,82.053,439.27,376.11
754.23,76.462,439.27,376.11
756.63,75.663,439.27,376.11
755.83,73.266,439.27,376.11
755.03,72.468,439.27,376.11
754.23,73.266,439.27,376.11
753.43,72.468,439.27,376.11
752.63,71.669,439.27,376.11
751.83,66.077,439.27,376.11
747.84,57.291,439.27,376.11
742.25,54.894,439.27,376.11
743.05,52.498,439.27,376.11
743.85,50.102,439.27,376.11
743.05,50.9,439.27,376.11
740.65,56.492,439.27,376.11
741.45,62.083,439.27,376.11
745.44,61.285,439.27,376.11
746.24,66.876,439.27,376.11
750.24,67.675,439.27,376.11
752.63,70.071,439.27,376.11
753.43,75.663,439.27,376.11
757.42,81.254,439.27,376.11
755.03,88.443,439.27,376.11
755.83,92.437,439.27,376.11
755.03,96.431,439.27,376.11
755.83,102.02,439.27,376.11
753.43,107.61,439.27,376.11
751.03,108.41,439.27,376.11
745.44,109.21,439.27,376.11
741.45,113.21,439.27,376.11
737.46,114,439.27,376.11
736.66,111.61,439.27,376.11
735.86,115.6,439.27,376.11
728.67,114.8,439.27,376.11
721.48,107.61,439.27,376.11
717.49,106.82,439.27,376.11
713.49,114,439.27,376.11
711.1,118,439.27,376.11
707.1,121.99,439.27,376.11
701.51,125.99,439.27,376.11
697.52,128.38,439.27,376.11
693.52,132.38,439.27,376.11
692.72,134.77,439.27,376.11
690.33,145.16,439.27,376.11
687.93,150.75,439.27,376.11
683.94,154.74,439.27,376.11
678.34,158.74,439.27,376.11
679.14,161.13,439.27,376.11
678.34,165.13,439.27,376.11
677.55,164.33,439.27,376.11
676.75,161.93,439.27,376.11
679.14,159.54,439.27,376.11
684.73,157.14,439.27,376.11
687.13,156.34,439.27,376.11
691.13,152.35,439.27,376.11
686.95,145.92,452.4,387.36
689.42,146.75,452.4,387.36
688.6,145.92,452.4,387.36
689.42,143.46,452.4,387.36
690.25,140.99,452.4,387.36
691.07,141.81,452.4,387.36
691.89,144.28,452.4,387.36
691.07,140.17,452.4,387.36
690.25,134.41,452.4,387.36
687.78,131.94,452.4,387.36
683.66,127.83,452.4,387.36
681.2,125.36,452.4,387.36
683.66,124.54,452.4,387.36
682.84,128.65,452.4,387.36
680.37,127.83,452.4,387.36
677.91,122.07,452.4,387.36
677.08,121.24,452.4,387.36
676.26,125.36,452.4,387.36
675.44,126.18,452.4,387.36
672.97,125.36,452.4,387.36
670.5,126.18,452.4,387.36
664.74,128.65,452.4,387.36
658.98,129.47,452.4,387.36
648.29,130.29,452.4,387.36
640.88,127.83,452.4,387.36
635.13,123.71,452.4,387.36
635.95,122.89,452.4,387.36
641.71,127,452.4,387.36
647.47,132.76,452.4,387.36
649.93,141.81,452.4,387.36
650.76,139.34,452.4,387.36
651.58,135.23,452.4,387.36
652.4,131.12,452.4,387.36
653.23,128.65,452.4,387.36
655.69,126.18,452.4,387.36
656.52,127,452.4,387.36
655.69,124.54,452.4,387.36
654.87,127,452.4,387.36
654.05,131.12,452.4,387.36
653.23,135.23,452.4,387.36
652.4,139.34,452.4,387.36
649.93,143.46,452.4,387.36
647.47,149.22,452.4,387.36
646.64,153.33,452.4,387.36
644.18,155.8,452.4,387.36
645,158.27,452.4,387.36
644.18,164.02,452.4,387.36
640.06,164.85,452.4,387.36
635.95,165.67,452.4,387.36
631.84,169.78,452.4,387.36
626.08,172.25,452.4,387.36
625.25,171.43,452.4,387.36
626.08,172.25,452.4,387.36
631.84,171.43,452.4,387.36
635.95,173.9,452.4,387.36
638.42,169.78,452.4,387.36
640.88,167.31,452.4,387.36
636.59,154.12,465.93,398.94
639.13,151.58,465.93,398.94
638.28,154.12,465.93,398.94
639.13,154.97,465.93,398.94
639.98,157.51,465.93,398.94
642.52,160.05,465.93,398.94
641.67,162.59,465.93,398.94
642.52,161.74,465.93,398.94
641.67,167.68,465.93,398.94
640.83,175.3,465.93,398.94
643.37,182.93,465.93,398.94
649.3,188.86,465.93,398.94
656.92,198.18,465.93,398.94
664.55,202.41,465.93,398.94
658.43,205.77,479.86,410.87
662.79,211.88,479.86,410.87
665.41,211.01,479.86,410.87
671.52,208.39,479.86,410.87
681.12,204.02,479.86,410.87
688.97,201.41,479.86,410.87
698.57,200.53,479.86,410.87
709.91,199.66,479.86,410.87
716.02,204.02,479.86,410.87
723.88,204.9,479.86,410.87
728.24,204.02,479.86,410.87
729.11,197.92,479.86,410.87
722.81,190.9,494.2,423.15
716.32,183.68,508.98,435.81
726.5,179.05,508.98,435.81
740.39,161.46,508.98,435.81
739.46,160.54,508.98,435.81
736.68,157.76,508.98,435.81
737.61,153.13,508.98,435.81
740.39,148.5,508.98,435.81
750.57,145.73,508.98,435.81
758.9,139.25,508.98,435.81
763.53,138.32,508.98,435.81
775.56,133.7,508.98,435.81
783.89,132.77,508.98,435.81
790.37,131.84,508.98,435.81
794.99,130.92,508.98,435.81
797.77,131.84,508.98,435.81
794.99,136.47,508.98,435.81
797.77,137.4,508.98,435.81
802.4,136.47,508.98,435.81
808.88,135.55,508.98,435.81
813.51,132.77,508.98,435.81
816.28,129.99,508.98,435.81
822.76,121.66,508.98,435.81
823.69,117.04,508.98,435.81
830.17,110.56,508.98,435.81
832.94,107.78,508.98,435.81
835.72,105,508.98,435.81
834.79,104.08,508.98,435.81
833.87,108.71,508.98,435.81
831.09,109.63,508.98,435.81
828.31,112.41,508.98,435.81
825.54,111.48,508.98,435.81
822.76,112.41,508.98,435.81
821.84,113.33,508.98,435.81
820.91,112.41,508.98,435.81
819.98,111.48,508.98,435.81
820.91,110.56,508.98,435.81
814.43,107.78,508.98,435.81
813.51,103.15,508.98,435.81
812.58,98.524,508.98,435.81
807.95,97.599,508.98,435.81
808.88,94.822,508.98,435.81
809.8,95.747,508.98,435.81
806.82,88.307,524.2,448.84
811.59,89.26,524.2,448.84
816.35,90.213,524.2,448.84
819.21,89.26,524.2,448.84
822.07,90.213,524.2,448.84
817.1,80.643,539.87,462.26
820.04,73.771,539.87,462.26
824.95,66.899,539.87,462.26
827.9,60.027,539.87,462.26
830.84,57.081,539.87,462.26
835.75,56.1,539.87,462.26
844.59,57.081,539.87,462.26
849.49,58.063,539.87,462.26
852.44,55.118,539.87,462.26
855.38,54.136,539.87,462.26
858.33,55.118,539.87,462.26
861.28,60.027,539.87,462.26
864.22,66.899,539.87,462.26
863.24,71.808,539.87,462.26
862.26,78.68,539.87,462.26
861.28,81.625,539.87,462.26
860.29,88.497,539.87,462.26
857.35,91.442,539.87,462.26
856.37,98.315,539.87,462.26
855.38,103.22,539.87,462.26
852.44,106.17,539.87,462.26
851.46,107.15,539.87,462.26
852.44,106.17,539.87,462.26
853.42,107.15,539.87,462.26
858.33,110.1,539.87,462.26
859.31,111.08,539.87,462.26
860.29,110.1,539.87,462.26
861.28,111.08,539.87,462.26
862.26,115.99,539.87,462.26
865.2,120.89,539.87,462.26
866.18,127.77,539.87,462.26
867.17,132.68,539.87,462.26
879.71,150.01,524.61,449.19
878.75,152.87,524.61,449.19
877.8,157.64,524.61,449.19
874.94,160.5,524.61,449.19
873.98,157.64,524.61,449.19
871.12,156.69,524.61,449.19
868.26,157.64,524.61,449.19
865.4,158.6,524.61,449.19
864.44,155.73,524.61,449.19
861.58,156.69,524.61,449.19
858.72,157.64,524.61,449.19
855.86,158.6,524.61,449.19
854.9,163.37,524.61,449.19
855.86,168.14,524.61,449.19
854.9,172.91,524.61,449.19
855.86,177.68,524.61,449.19
856.81,178.63,524.61,449.19
857.77,185.31,524.61,449.19
858.72,191.99,524.61,449.19
859.67,192.94,524.61,449.19
850.88,190.99,540.29,462.62
849.89,191.98,540.29,462.62
848.91,190.99,540.29,462.62
845.96,195.91,540.29,462.62
846.95,194.92,540.29,462.62
849.89,195.91,540.29,462.62
862.44,207.36,525.02,449.54
863.4,204.49,525.02,449.54
877.5,213.71,510.17,436.83
878.43,214.64,510.17,436.83
881.22,215.57,510.17,436.83
884,222.06,510.17,436.83
883.07,228.56,510.17,436.83
884,235.05,510.17,436.83
888.64,235.98,510.17,436.83
887.71,231.34,510.17,436.83
888.64,232.27,510.17,436.83
887.71,238.76,510.17,436.83
888.64,245.26,510.17,436.83
904.2,261.64,495.75,424.48
903.3,262.54,495.75,424.48
907.81,268.85,495.75,424.48
915.92,273.36,495.75,424.48
916.82,283.27,495.75,424.48
917.72,293.19,495.75,424.48
906,306.71,495.75,424.48
897.89,323.84,495.75,424.48
884.17,331.02,510.57,437.17
886.95,339.37,510.57,437.17
909.95,346.48,496.14,424.81
907.25,336.56,496.14,424.81
909.95,344.68,496.14,424.81
923.28,380.46,482.11,412.8
930.98,385.42,468.48,401.12
940.15,373.2,455.23,389.78
934.36,352.5,455.23,389.78
931.88,358.3,455.23,389.78
927.74,374.02,455.23,389.78
913.66,345.05,455.23,389.78
901.25,319.39,455.23,389.78
882.21,330.15,455.23,389.78
874.76,344.22,455.23,389.78
897.11,328.49,455.23,389.78
921.11,301.18,455.23,389.78
931.88,298.69,455.23,389.78
929.39,276.34,455.23,389.78
923.6,229.16,455.23,389.78
926.08,196.87,455.23,389.78
926.91,187.76,455.23,389.78
939.14,184.17,442.36,378.76
931.9,184.97,442.36,378.76
932.7,208.3,442.36,378.76
935.12,197.84,442.36,378.76
937.53,140.73,442.36,378.76
935.12,78.79,442.36,378.76
932.7,58.679,442.36,378.76
923.86,14.436,442.36,378.76
895.52,-53.166,455.59,390.09
858.24,-90.447,455.59,390.09
825.93,-86.305,455.59,390.09
805.22,-77.192,455.59,390.09
789.48,-81.334,455.59,390.09
783.68,-123.59,455.59,390.09
786.17,-145.95,455.59,390.09
826.76,-102.05,455.59,390.09
872.33,-76.363,455.59,390.09
914.58,-97.075,455.59,390.09
918.54,-97.108,469.21,401.75
956.74,3.2817,455.94,390.39
899.53,-116.94,455.94,390.39
956.55,-137.12,443.05,379.35
978.12,-135.79,430.52,368.63
989.69,-96.913,418.35,358.2
991.8,-121.52,406.52,348.08
987.94,-161.69,395.03,338.24
992.8,-147.57,383.86,328.67
998.93,-146.42,373.01,319.38
998.25,-155.23,373.01,319.38
996.22,-154.56,373.01,319.38
973.83,-159.3,373.01,319.38
966.22,-124.26,362.46,310.35
943,-123.17,352.21,301.57
909.05,-104.6,352.21,301.57
871.27,2.3619,352.21,301.57
866.78,45.274,352.21,301.57
867.42,36.948,352.21,301.57
856.39,51.014,362.74,310.59
851.77,146.66,362.74,310.59
865.63,164.47,362.74,310.59
878.16,167.77,362.74,310.59
854.93,219.19,373.59,319.88
827.07,260.64,373.59,319.88
797.86,278.98,373.59,319.88
761.7,306.13,384.76,329.44
735.66,320.09,396.26,339.29
723.41,335.22,396.26,339.29
719.81,357.56,396.26,339.29
716.21,381.34,396.26,339.29
721.25,406.56,396.26,339.29
730.62,413.05,396.26,339.29
744.31,406.56,396.26,339.29
750.79,407.28,396.26,339.29
760.16,405.12,396.26,339.29
760.88,418.81,396.26,339.29
806.28,399.36,396.26,339.29
856,290.55,396.26,339.29
871.13,250.92,396.26,339.29
868.97,208.4,396.26,339.29
852.24,190.86,385.06,329.7
803.92,190.16,385.06,329.7
780.66,118.71,396.57,339.56
784.26,47.314,396.57,339.56
766.08,24.209,408.43,349.71
817.16,-13.182,396.88,339.82
846.58,-100.04,385.66,330.21
1007,-138.15,374.76,320.88
834.46,-150.65,364.16,311.8
738.29,-128.36,353.86,302.99
673.29,-136.73,353.86,302.99
548.95,-121.5,343.86,294.42
439.39,-145.48,334.14,286.1
432.57,-129.7,344.13,294.65
406.77,-77.354,334.4,286.32
459.54,-79.995,324.94,278.22
447,-84.746,334.66,286.54
475.46,-81.303,325.2,278.44
487.88,-72.433,325.2,278.44
502.53,-61.992,316,270.57
493.91,-62.566,316,270.57
493.21,-61.614,307.07,262.92
492.52,-68.337,316.25,270.78
472.27,-71.81,325.7,278.88
462.07,-78.941,335.44,287.22
307.6,-73.05,325.96,279.09
325.98,-53.49,325.96,279.09
343.04,-65.368,335.7,287.44
293.46,-58.066,345.74,296.03
275.22,25.553,345.74,296.03
275.85,82.767,345.74,296.03
285.28,123.63,345.74,296.03
303.51,116.72,345.74,296.03
304.14,88.425,345.74,296.03
305.89,82.114,356.08,304.89
307.83,98.301,356.08,304.89
309.78,88.589,356.08,304.89
310.42,85.351,356.08,304.89
311.07,124.85,356.08,304.89
292.15,152.02,366.73,314
270.14,148.69,366.73,314
252.14,117.34,366.73,314
206.12,139.35,366.73,314
162.77,165.36,366.73,314
165.96,87.973,377.69,323.39
146.04,17.231,377.69,323.39
101.4,56.38,377.69,323.39
165.28,-87.165,377.69,323.39
168.56,-85.818,388.98,333.06
173.51,-93.599,388.98,333.06
184.12,-104.21,388.98,333.06
182,-79.452,388.98,333.06
201.1,-91.477,388.98,333.06
207.46,-93.599,388.98,333.06
227.97,-82.989,388.98,333.06
227.11,-77.573,377.99,323.64
198.93,-78.261,377.99,323.64
159.75,-77.573,377.99,323.64
154.94,-86.509,377.99,323.64
132.25,-80.323,377.99,323.64
119.04,-108.05,367.3,314.49
92.989,-98.034,367.3,314.49
100.34,-88.015,367.3,314.49
117.03,-95.362,367.3,314.49
120.37,-93.359,367.3,314.49
110.36,-111.39,367.3,314.49
5.3409,-107.61,356.91,305.6
-52.423,-103.07,356.91,305.6
-90.716,-102.42,356.91,305.6
-95.406,-77.982,346.82,296.96
-105.01,-88.289,337.02,288.56
-108.21,-82.371,327.49,280.4
-95.84,-79.003,318.23,272.48
-90.762,-75.729,309.23,264.77
-82.455,-77.047,300.49,257.29
-83.001,-80.872,300.49,257.29
-92.29,-78.14,300.49,257.29
-87.496,-76.142,291.99,250.01
-84.961,-73.139,283.73,242.94
-76.189,-71.591,283.73,242.94
-79.918,-71.768,275.71,236.07
-84.43,-70.264,275.71,236.07
-82.036,-69.433,267.92,229.4
-79.71,-64.729,260.34,222.91
-78.397,-58.263,252.98,216.61
-77.121,-63.022,245.83,210.48
-69.622,-62.281,238.88,204.53
-69.286,-61.562,232.12,198.75
-63.894,-61.707,225.56,193.13
-68.498,-55.285,219.18,187.67
-68.19,-53.827,212.99,182.36
-64.017,-54.735,206.96,177.21
-57.619,-53.606,206.96,177.21
-57.995,-55.488,206.96,177.21
-60.715,-54.112,201.11,172.2
-58.886,-50.82,201.11,172.2
-57.14,-50.946,195.43,167.33
-54.022,-49.646,189.9,162.6
-52.986,-50.682,189.9,162.6
-57.553,-48.038,184.53,158
-57.889,-45.018,184.53,158
-54.273,-43.12,179.31,153.53
-50.034,-46.055,179.31,153.53
-45.217,-46.167,174.24,149.19
-48.14,-43.741,169.32,144.97
-49.68,-41.586,169.32,144.97
-47.594,-40.46,164.53,140.87
-47.295,-41.357,164.53,140.87
-48.192,-42.853,164.53,140.87
-46.764,-42.358,159.88,136.89
-46.539,-41.876,155.36,133.02
-46.821,-41.594,155.36,133.02
-45.409,-40.181,155.36,133.02
-45.126,-38.204,155.36,133.02
-43.777,-39.431,150.96,129.26
-41.856,-39.156,150.96,129.26
-41.032,-37.234,150.96,129.26
-43.503,-39.156,150.96,129.26
-42.13,-37.234,150.96,129.26
-44.052,-37.509,150.96,129.26
-45.425,-37.783,150.96,129.26
-45.15,-38.058,150.96,129.26
-44.876,-36.685,150.96,129.26
-43.503,-38.058,150.96,129.26
-42.679,-38.333,150.96,129.26
-41.307,-39.156,150.96,129.26
-42.13,-38.882,150.96,129.26
-42.954,-39.156,150.96,129.26
-41.032,-38.333,150.96,129.26
-44.601,-39.156,150.96,129.26
-44.876,-39.431,150.96,129.26
-42.405,-38.058,150.96,129.26
-42.679,-37.783,150.96,129.26
-42.405,-36.96,150.96,129.26
-43.777,-36.136,150.96,129.26
-42.467,-38.427,146.7,125.61
-43.267,-36.026,146.7,125.61
-43.594,-38.252,142.55,122.05
-43.853,-36.437,142.55,122.05
-43.076,-36.178,142.55,122.05
-42.298,-35.919,142.55,122.05
-42.039,-37.733,142.55,122.05
-41.78,-37.992,142.55,122.05
-42.557,-39.289,142.55,122.05
-43.335,-37.992,142.55,122.05
-41.52,-38.252,142.55,122.05
-41.78,-37.992,142.55,122.05
-41.52,-38.252,142.55,122.05
-41.78,-39.029,142.55,122.05
-42.039,-38.252,142.55,122.05
-43.335,-38.511,142.55,122.05
-43.076,-37.215,142.55,122.05
-43.335,-36.437,142.55,122.05
-42.557,-37.733,142.55,122.05
-43.853,-37.992,142.55,122.05
-43.076,-38.252,142.55,122.05
-42.816,-36.956,142.55,122.05
-43.076,-37.733,142.55,122.05
-43.335,-37.474,142.55,122.05
-42.039,-35.141,142.55,122.05
-42.816,-35.4,142.55,122.05
-42.557,-37.215,142.55,122.05
-42.298,-36.437,142.55,122.05
-41.52,-37.215,142.55,122.05
-41.78,-37.474,142.55,122.05
-40.483,-36.696,142.55,122.05
-40.224,-37.992,142.55,122.05
-40.483,-37.215,142.55,122.05
-42.298,-36.437,142.55,122.05
-43.076,-37.733,142.55,122.05
-43.335,-37.992,142.55,122.05
-42.557,-37.215,142.55,122.05
-42.298,-37.474,142.55,122.05
-43.594,-37.733,142.55,122.05
-43.853,-37.992,142.55,122.05
-43.594,-38.252,142.55,122.05
-44.372,-36.437,142.55,122.05
-42.557,-36.696,142.55,122.05
-43.853,-38.511,142.55,122.05
-44.113,-37.733,142.55,122.05
-43.853,-36.437,142.55,122.05
-44.113,-37.733,142.55,122.05
-44.372,-37.474,142.55,122.05
-44.113,-35.141,142.55,122.05
-44.372,-36.437,142.55,122.05
-44.113,-36.696,142.55,122.05
-45.409,-35.919,142.55,122.05
-46.186,-36.178,142.55,122.05
-43.912,-35.749,138.52,118.6
-42.149,-34.993,138.52,118.6
-42.904,-34.741,138.52,118.6
-42.149,-34.993,138.52,118.6
-41.897,-36.756,138.52,118.6
-42.652,-36.504,138.52,118.6
-42.904,-35.749,138.52,118.6
-42.652,-35.497,138.52,118.6
-40.889,-36.252,138.52,118.6
-41.141,-36.504,138.52,118.6
-41.897,-37.26,138.52,118.6
-43.156,-37.512,138.52,118.6
-43.912,-36.252,138.52,118.6
-42.709,-36.843,134.6,115.25
-40.506,-35.619,134.6,115.25
-40.262,-35.864,134.6,115.25
-41.54,-35.384,138.63,118.7
-42.296,-36.644,138.63,118.7
-42.044,-35.888,138.63,118.7
-42.8,-37.652,138.63,118.7
-42.044,-38.409,138.63,118.7
-43.304,-38.157,138.63,118.7
-44.565,-38.913,138.63,118.7
-44.313,-38.661,138.63,118.7
-44.565,-38.409,138.63,118.7
-44.313,-38.661,138.63,118.7
-43.109,-37.235,134.71,115.34
-41.94,-35.359,130.9,112.08
-40.803,-34.013,127.2,108.91
-40.161,-32.705,123.6,105.83
-39.937,-32.929,123.6,105.83
-38.813,-33.154,123.6,105.83
-38.139,-32.48,123.6,105.83
-37.914,-33.154,123.6,105.83
-37.689,-32.929,123.6,105.83
-37.914,-32.705,123.6,105.83
-36.79,-33.828,123.6,105.83
-38.363,-34.053,123.6,105.83
-38.588,-32.48,123.6,105.83
-38.813,-33.154,123.6,105.83
-38.588,-33.828,123.6,105.83
-38.363,-33.604,123.6,105.83
-38.588,-33.379,123.6,105.83
-38.363,-32.705,123.6,105.83
-37.689,-33.379,123.6,105.83
-37.914,-33.154,123.6,105.83
-37.689,-32.48,123.6,105.83
-37.464,-33.154,123.6,105.83
-37.24,-32.929,123.6,105.83
-37.914,-32.705,123.6,105.83
-37.689,-33.379,123.6,105.83
-37.914,-34.053,123.6,105.83
-37.24,-33.828,123.6,105.83
-37.464,-32.705,123.6,105.83
-38.139,-32.929,123.6,105.83
-37.914,-32.705,123.6,105.83
-38.139,-32.48,123.6,105.83
-37.914,-32.255,123.6,105.83
-38.139,-32.48,123.6,105.83
-38.363,-33.154,123.6,105.83
-38.588,-32.929,123.6,105.83
-38.363,-32.705,123.6,105.83
-38.139,-32.48,123.6,105.83
-37.914,-32.255,123.6,105.83
-37.24,-32.48,123.6,105.83
-37.015,-32.705,123.6,105.83
-37.689,-32.929,123.6,105.83
-40.161,-33.154,123.6,105.83
-37.689,-33.379,123.6,105.83
-37.914,-31.356,123.6,105.83
-37.689,-33.379,123.6,105.83
-39.712,-34.053,123.6,105.83
-39.937,-33.379,123.6,105.83
-39.262,-33.154,123.6,105.83
-38.139,-32.929,123.6,105.83
-38.363,-32.255,123.6,105.83
-39.487,-32.48,123.6,105.83
-38.363,-32.255,123.6,105.83
-37.24,-32.03,123.6,105.83
-38.363,-32.705,123.6,105.83
-39.038,-32.929,123.6,105.83
-38.813,-32.705,123.6,105.83
-35.891,-33.379,123.6,105.83
-36.565,-33.604,123.6,105.83
-39.038,-33.379,123.6,105.83
-38.813,-33.154,123.6,105.83
-37.29,-31.433,120.11,102.84
-37.509,-32.088,120.11,102.84
-37.727,-32.744,120.11,102.84
-38.382,-32.525,120.11,102.84
-37.29,-31.433,120.11,102.84
-35.325,-32.088,120.11,102.84
-35.543,-32.744,120.11,102.84
-37.509,-32.525,120.11,102.84
-36.853,-32.307,120.11,102.84
-35.761,-32.525,120.11,102.84
-36.853,-32.307,120.11,102.84
-37.072,-33.399,120.11,102.84
-36.417,-33.18,120.11,102.84
-35.325,-32.962,120.11,102.84
-37.29,-31.87,120.11,102.84
-37.072,-30.778,120.11,102.84
-37.29,-30.56,120.11,102.84
-37.072,-30.778,120.11,102.84
-37.29,-31.433,120.11,102.84
-37.509,-31.652,120.11,102.84
-37.727,-30.56,120.11,102.84
-37.509,-30.341,120.11,102.84
-37.29,-33.617,120.11,102.84
-37.072,-32.962,120.11,102.84
-37.727,-33.18,120.11,102.84
-38.382,-33.836,120.11,102.84
-39.086,-32.534,123.7,105.91
-40.211,-32.759,123.7,105.91
-38.636,-32.984,123.7,105.91
-37.961,-32.759,123.7,105.91
-38.186,-32.534,123.7,105.91
-37.961,-31.409,123.7,105.91
-39.086,-34.333,123.7,105.91
-38.861,-34.108,123.7,105.91
-39.536,-33.434,123.7,105.91
-39.311,-33.658,123.7,105.91
-40.436,-32.984,123.7,105.91
-39.761,-32.309,123.7,105.91
-39.137,-33.736,120.2,102.92
-37.607,-32.643,120.2,102.92
-37.825,-31.987,120.2,102.92
-38.044,-31.769,120.2,102.92
-38.262,-33.736,120.2,102.92
-38.044,-33.08,120.2,102.92
-38.7,-34.173,120.2,102.92
-39.404,-33.307,123.79,106
-39.178,-33.532,123.79,106
-39.854,-31.506,123.79,106
-39.629,-30.381,123.79,106
-38.503,-32.857,123.79,106
-38.278,-32.632,123.79,106
-38.953,-33.307,123.79,106
-37.428,-33.384,120.29,103
-35.897,-32.728,120.29,103
-37.866,-31.634,120.29,103
-37.647,-31.853,120.29,103
-38.303,-30.322,120.29,103
-37.647,-31.853,120.29,103
-36.991,-32.072,120.29,103
-36.335,-32.291,120.29,103
-36.553,-32.947,120.29,103
-36.335,-32.728,120.29,103
-37.428,-32.947,120.29,103
-36.772,-33.603,120.29,103
-36.991,-31.197,120.29,103
-37.21,-33.166,120.29,103
-36.991,-32.509,120.29,103
-37.647,-32.728,120.29,103
-37.428,-32.509,120.29,103
-37.647,-32.291,120.29,103
-38.741,-32.947,120.29,103
-38.085,-32.291,120.29,103
-37.866,-31.634,120.29,103
-38.085,-30.541,120.29,103
-38.741,-30.759,120.29,103
-38.522,-30.541,120.29,103
-38.303,-31.197,120.29,103
-38.96,-32.728,120.29,103
-37.428,-32.072,120.29,103
-36.772,-31.853,120.29,103
-36.991,-32.509,120.29,103
-37.647,-32.291,120.29,103
-37.866,-32.072,120.29,103
-37.21,-33.603,120.29,103
-37.428,-32.947,120.29,103
-38.085,-34.041,120.29,103
-39.178,-32.509,120.29,103
-38.133,-32.518,123.89,106.08
-38.809,-33.194,123.89,106.08
-39.034,-33.419,123.89,106.08
-38.358,-34.095,123.89,106.08
-39.034,-33.419,123.89,106.08
-38.809,-33.194,123.89,106.08
-39.535,-34.555,127.59,109.25
-39.303,-36.179,127.59,109.25
-39.071,-36.411,127.59,109.25
-38.839,-35.715,127.59,109.25
-39.071,-34.555,127.59,109.25
-39.767,-35.251,127.59,109.25
-40.463,-35.483,127.59,109.25
-40.695,-35.715,127.59,109.25
-40.978,-34.796,131.41,112.52
-41.217,-35.513,131.41,112.52
-40.978,-35.751,131.41,112.52
-40.739,-35.513,131.41,112.52
-41.456,-35.751,131.41,112.52
-42.651,-35.513,131.41,112.52
-41.988,-34.161,127.69,109.34
-40.827,-34.857,127.69,109.34
-41.059,-35.09,127.69,109.34
-40.827,-34.857,127.69,109.34
-40.595,-34.625,127.69,109.34
-40.414,-35.099,131.51,112.6
-40.175,-35.816,131.51,112.6
-41.37,-36.055,131.51,112.6
-41.61,-36.295,131.51,112.6
-42.327,-36.534,131.51,112.6
-42.088,-35.816,131.51,112.6
-41.37,-36.055,131.51,112.6
-41.61,-36.773,131.51,112.6
-41.849,-36.534,131.51,112.6
-41.61,-36.295,131.51,112.6
-42.327,-36.055,131.51,112.6
-42.088,-36.295,131.51,112.6
-41.849,-35.099,131.51,112.6
-40.653,-35.338,131.51,112.6
-40.892,-35.099,131.51,112.6
-40.653,-35.338,131.51,112.6
-40.892,-34.142,131.51,112.6
-40.175,-35.338,131.51,112.6
-40.414,-34.62,131.51,112.6
-41.61,-35.338,131.51,112.6
-42.805,-35.099,131.51,112.6
-41.131,-35.816,131.51,112.6
-42.327,-37.012,131.51,112.6
-41.61,-37.251,131.51,112.6
-41.37,-37.012,131.51,112.6
-43.576,-35.108,135.44,115.97
-42.837,-36.832,135.44,115.97
-42.646,-34.946,131.61,112.69
-40.971,-35.664,131.61,112.69
-41.21,-35.425,131.61,112.69
-39.589,-34.071,127.89,109.51
-40.752,-33.839,127.89,109.51
-40.984,-35.002,127.89,109.51
-39.821,-35.234,127.89,109.51
-40.054,-35.002,127.89,109.51
-40.286,-35.234,127.89,109.51
-40.054,-36.397,127.89,109.51
-41.217,-33.374,127.89,109.51
-40.984,-33.606,127.89,109.51
-40.752,-34.304,127.89,109.51
-40.054,-32.676,127.89,109.51
-40.286,-33.839,127.89,109.51
-38.658,-35.002,127.89,109.51
-38.891,-32.908,127.89,109.51
-40.519,-33.606,127.89,109.51
-39.821,-34.304,127.89,109.51
-40.054,-33.141,127.89,109.51
-40.286,-35.699,127.89,109.51
-40.519,-35.002,127.89,109.51
-38.891,-35.699,127.89,109.51
-39.124,-35.002,127.89,109.51
-40.286,-35.699,127.89,109.51
-40.054,-36.397,127.89,109.51
-40.752,-34.769,127.89,109.51
-39.589,-35.002,127.89,109.51
-38.891,-34.304,127.89,109.51
-39.589,-34.071,127.89,109.51
-40.286,-34.304,127.89,109.51
-40.519,-33.606,127.89,109.51
-39.821,-32.908,127.89,109.51
-39.641,-35.779,124.28,106.41
-38.511,-33.293,124.28,106.41
-39.641,-33.067,124.28,106.41
-38.963,-33.293,124.28,106.41
-40.093,-29.903,124.28,106.41
-40.319,-32.389,124.28,106.41
-40.093,-33.519,124.28,106.41
-38.963,-33.293,124.28,106.41
-38.737,-32.615,124.28,106.41
-38.511,-33.293,124.28,106.41
-36.025,-33.519,124.28,106.41
-38.059,-33.745,124.28,106.41
-38.285,-35.327,124.28,106.41
-36.251,-34.197,124.28,106.41
-38.737,-34.875,124.28,106.41
-38.963,-33.745,124.28,106.41
-39.641,-33.067,124.28,106.41
-38.511,-34.197,124.28,106.41
-39.189,-33.971,124.28,106.41
-38.511,-33.745,124.28,106.41
-37.833,-32.163,124.28,106.41
-38.511,-32.841,124.28,106.41
-37.833,-33.519,124.28,106.41
-38.963,-34.649,124.28,106.41
-38.285,-34.875,124.28,106.41
-36.251,-33.745,124.28,106.41
-36.477,-33.971,124.28,106.41
-37.607,-33.293,124.28,106.41
-37.833,-32.615,124.28,106.41
-37.607,-33.745,124.28,106.41
-37.381,-34.423,124.28,106.41
-37.155,-33.745,124.28,106.41
-36.929,-34.423,124.28,106.41
-37.155,-34.197,124.28,106.41
-36.929,-34.875,124.28,106.41
-38.511,-34.197,124.28,106.41
-39.641,-33.519,124.28,106.41
-37.155,-33.745,124.28,106.41
-37.381,-33.971,124.28,106.41
-38.059,-34.649,124.28,106.41
-38.737,-34.423,124.28,106.41
-38.963,-34.649,124.28,106.41
-39.189,-34.423,124.28,106.41
-39.415,-31.485,124.28,106.41
-39.641,-31.711,124.28,106.41
-39.867,-31.937,124.28,106.41
-37.833,-32.163,124.28,106.41
-38.059,-34.649,124.28,106.41
-38.737,-33.971,124.28,106.41
-39.415,-34.649,124.28,106.41
-39.189,-33.971,124.28,106.41
-39.867,-34.197,124.28,106.41
-40.093,-32.615,124.28,106.41
-39.415,-32.389,124.28,106.41
-38.285,-33.519,124.28,106.41
-38.963,-33.293,124.28,106.41
-40.545,-31.259,124.28,106.41
-39.415,-30.129,124.28,106.41
-36.979,-27.426,127.99,109.59
-39.074,-31.849,127.99,109.59
-38.376,-33.012,127.99,109.59
-38.609,-32.78,127.99,109.59
-37.91,-32.547,127.99,109.59
-37.678,-32.78,127.99,109.59
-39.307,-33.478,127.99,109.59
-39.54,-34.642,127.99,109.59
-38.376,-34.409,127.99,109.59
-40.936,-32.78,127.99,109.59
-40.703,-31.15,127.99,109.59
-39.54,-32.314,127.99,109.59
-37.445,-32.081,127.99,109.59
-40.005,-31.849,127.99,109.59
-40.238,-31.15,127.99,109.59
-39.074,-31.849,127.99,109.59
-38.841,-32.081,127.99,109.59
-39.54,-32.78,127.99,109.59
-38.841,-31.616,127.99,109.59
-38.609,-31.383,127.99,109.59
-38.376,-31.15,127.99,109.59
-39.074,-32.78,127.99,109.59
-38.841,-31.616,127.99,109.59
-39.54,-32.314,127.99,109.59
-38.841,-32.547,127.99,109.59
-39.54,-32.78,127.99,109.59
-39.307,-32.547,127.99,109.59
-39.54,-32.314,127.99,109.59
-39.772,-31.616,127.99,109.59
-39.074,-31.849,127.99,109.59
-39.772,-33.012,127.99,109.59
-40.471,-34.176,127.99,109.59
-41.169,-32.547,127.99,109.59
-40.005,-33.711,127.99,109.59
-37.91,-34.874,127.99,109.59
-38.609,-35.107,127.99,109.59
-37.91,-35.805,127.99,109.59
-40.936,-35.573,127.99,109.59
-39.772,-34.874,127.99,109.59
-39.074,-34.642,127.99,109.59
-39.772,-33.478,127.99,109.59
-39.54,-33.711,127.99,109.59
-39.307,-33.478,127.99,109.59
-40.005,-33.711,127.99,109.59
-40.238,-34.874,127.99,109.59
-40.936,-35.107,127.99,109.59
-40.703,-34.874,127.99,109.59
-40.471,-33.245,127.99,109.59
-41.169,-33.012,127.99,109.59
-40.936,-33.711,127.99,109.59
-40.238,-34.409,127.99,109.59
-40.005,-34.176,127.99,109.59
-38.841,-33.478,127.99,109.59
-39.074,-34.176,127.99,109.59
-38.841,-33.478,127.99,109.59
-39.074,-33.711,127.99,109.59
-40.703,-33.478,127.99,109.59
-40.936,-32.78,127.99,109.59
-40.703,-32.547,127.99,109.59
-40.471,-32.78,127.99,109.59
-40.703,-33.012,127.99,109.59
-40.005,-33.245,127.99,109.59
-40.238,-34.409,127.99,109.59
-40.936,-34.176,127.99,109.59
-40.703,-34.874,127.99,109.59
-41.402,-34.642,127.99,109.59
-41.634,-33.943,127.99,109.59
-41.402,-33.711,127.99,109.59
-42.1,-35.34,127.99,109.59
-40.936,-34.642,127.99,109.59
-41.169,-33.943,127.99,109.59
-40.471,-34.176,127.99,109.59
-38.841,-34.409,127.99,109.59
-39.074,-33.245,127.99,109.59
-39.772,-33.943,127.99,109.59
-40.936,-33.711,127.99,109.59
-40.703,-33.943,127.99,109.59
-40.005,-34.176,127.99,109.59
-40.703,-35.805,127.99,109.59
-40.058,-34.954,124.37,106.49
-39.379,-34.276,124.37,106.49
-38.701,-34.05,124.37,106.49
-38.927,-33.823,124.37,106.49
-39.605,-34.05,124.37,106.49
-38.927,-32.014,124.37,106.49
-39.605,-33.597,124.37,106.49
-39.831,-33.823,124.37,106.49
-39.153,-34.05,124.37,106.49
-40.284,-33.371,124.37,106.49
-39.605,-32.693,124.37,106.49
-39.379,-32.919,124.37,106.49
-38.701,-33.597,124.37,106.49
-38.474,-32.919,124.37,106.49
-39.153,-33.145,124.37,106.49
-40.736,-34.276,124.37,106.49
-39.153,-33.145,124.37,106.49
-38.474,-33.823,124.37,106.49
-37.796,-34.502,124.37,106.49
-38.927,-32.919,124.37,106.49
-39.153,-33.145,124.37,106.49
-40.736,-32.919,124.37,106.49
-40.962,-33.145,124.37,106.49
-41.641,-34.276,124.37,106.49
-40.962,-34.502,124.37,106.49
-41.189,-33.823,124.37,106.49
-40.51,-33.145,124.37,106.49
-41.189,-33.823,124.37,106.49
-40.51,-35.407,124.37,106.49
-40.284,-34.276,124.37,106.49
-40.058,-33.145,124.37,106.49
-40.736,-33.371,124.37,106.49
-40.962,-32.693,124.37,106.49
-41.189,-33.371,124.37,106.49
-40.058,-33.145,124.37,106.49
-39.379,-32.919,124.37,106.49
-39.153,-33.145,124.37,106.49
-38.474,-33.823,124.37,106.49
-38.701,-33.145,124.37,106.49
-38.927,-32.919,124.37,106.49
-39.605,-33.597,124.37,106.49
-39.831,-33.823,124.37,106.49
-40.058,-33.597,124.37,106.49
-40.284,-32.466,124.37,106.49
-40.058,-32.24,124.37,106.49
-41.189,-34.728,124.37,106.49
-40.51,-34.502,124.37,106.49
-40.736,-34.728,124.37,106.49
-40.962,-35.407,124.37,106.49
-40.736,-34.728,124.37,106.49
-40.962,-34.954,124.37,106.49
-41.189,-35.18,124.37,106.49
-40.058,-34.502,124.37,106.49
-40.736,-34.276,124.37,106.49
-41.415,-35.407,124.37,106.49
-40.284,-32.919,124.37,106.49
-40.51,-33.145,124.37,106.49
-40.284,-33.823,124.37,106.49
-40.058,-33.597,124.37,106.49
-40.736,-33.371,124.37,106.49
-40.51,-33.145,124.37,106.49
-39.831,-32.919,124.37,106.49
-40.058,-34.05,124.37,106.49
-39.831,-35.633,124.37,106.49
-39.605,-34.954,124.37,106.49
-39.831,-35.633,124.37,106.49
-40.51,-35.407,124.37,106.49
-40.284,-35.633,124.37,106.49
-40.51,-35.859,124.37,106.49
-40.736,-36.085,124.37,106.49
-40.058,-32.24,124.37,106.49
-40.334,-32.701,128.09,109.68
-40.567,-32.469,128.09,109.68
-38.936,-32.236,128.09,109.68
-38.703,-32.934,128.09,109.68
-37.073,-32.701,128.09,109.68
-38.237,-32.934,128.09,109.68
-36.141,-33.167,128.09,109.68
-40.567,-32.934,128.09,109.68
-41.266,-33.633,128.09,109.68
-43.828,-32.469,128.09,109.68
-42.663,-31.304,128.09,109.68
-41.033,-34.332,128.09,109.68
-40.8,-35.963,128.09,109.68
-40.567,-35.73,128.09,109.68
-41.318,-35.344,124.47,106.58
-41.092,-32.854,124.47,106.58
-40.413,-33.533,124.47,106.58
-39.281,-34.212,124.47,106.58
-38.602,-35.344,124.47,106.58
-38.376,-34.665,124.47,106.58
-38.149,-35.344,124.47,106.58
-38.828,-35.117,124.47,106.58
-38.602,-36.249,124.47,106.58
-39.281,-36.023,124.47,106.58
-39.96,-33.986,124.47,106.58
-40.639,-32.854,124.47,106.58
-40.866,-33.986,124.47,106.58
-40.639,-34.212,124.47,106.58
-40.866,-33.986,124.47,106.58
-40.639,-34.665,124.47,106.58
-40.866,-34.438,124.47,106.58
-39.734,-33.759,124.47,106.58
-39.96,-33.533,124.47,106.58
-40.186,-34.212,124.47,106.58
-39.96,-35.796,124.47,106.58
-39.734,-34.665,124.47,106.58
-39.507,-34.891,124.47,106.58
-38.828,-35.117,124.47,106.58
-39.507,-35.344,124.47,106.58
-38.828,-34.665,124.47,106.58
-38.602,-34.891,124.47,106.58
-37.923,-35.117,124.47,106.58
-37.697,-35.344,124.47,106.58
-37.47,-34.665,124.47,106.58
-37.244,-33.986,124.47,106.58
-39.281,-34.665,124.47,106.58
-39.559,-33.384,120.95,103.56
-39.778,-33.164,120.95,103.56
-39.998,-32.944,120.95,103.56
-38.459,-32.725,120.95,103.56
-39.119,-32.065,120.95,103.56
-38.019,-33.604,120.95,103.56
-37.359,-32.944,120.95,103.56
-38.019,-31.845,120.95,103.56
-36.919,-32.505,120.95,103.56
-38.459,-32.725,120.95,103.56
-38.679,-33.384,120.95,103.56
-38.899,-30.525,120.95,103.56
-37.359,-31.185,120.95,103.56
-35.38,-32.285,120.95,103.56
-36.479,-33.824,120.95,103.56
-37.579,-31.405,120.95,103.56
-37.799,-31.625,120.95,103.56
-38.899,-31.405,120.95,103.56
-39.119,-32.505,120.95,103.56
-37.139,-32.285,120.95,103.56
-37.359,-33.384,120.95,103.56
-38.019,-32.285,120.95,103.56
-38.239,-32.505,120.95,103.56
-36.259,-32.285,120.95,103.56
-36.039,-32.944,120.95,103.56
-36.259,-33.604,120.95,103.56
-36.479,-33.824,120.95,103.56
-38.019,-34.044,120.95,103.56
-36.919,-32.944,120.95,103.56
-39.339,-33.604,120.95,103.56
-37.799,-32.944,120.95,103.56
-37.139,-32.725,120.95,103.56
-38.679,-32.505,120.95,103.56
-39.778,-30.965,120.95,103.56
-38.239,-31.185,120.95,103.56
-38.459,-32.285,120.95,103.56
-37.799,-30.745,120.95,103.56
-38.019,-34.484,120.95,103.56
-38.679,-32.505,120.95,103.56
-38.069,-33.02,117.53,100.63
-37.427,-31.524,117.53,100.63
-37.641,-33.447,117.53,100.63
-37.427,-32.806,117.53,100.63
-39.351,-30.455,117.53,100.63
-38.71,-30.669,117.53,100.63
-36.359,-32.165,117.53,100.63
-36.572,-30.669,117.53,100.63
-37.641,-33.447,117.53,100.63
-39.137,-31.524,117.53,100.63
-39.351,-33.02,117.53,100.63
-36.145,-30.242,117.53,100.63
-35.076,-31.31,117.53,100.63
-36.145,-31.524,117.53,100.63
-38.496,-33.447,117.53,100.63
-38.282,-30.669,117.53,100.63
-37.641,-30.883,117.53,100.63
-36.145,-31.524,117.53,100.63
-38.496,-32.593,117.53,100.63
-38.282,-33.661,117.53,100.63
-37.641,-30.883,117.53,100.63
-37,-30.242,117.53,100.63
-36.359,-30.455,117.53,100.63
-37,-32.806,117.53,100.63
-35.076,-33.447,117.53,100.63
-37.427,-33.661,117.53,100.63
-37.214,-33.447,117.53,100.63
-38.71,-32.379,117.53,100.63
-36.786,-32.593,117.53,100.63
-37.475,-33.883,121.05,103.64
-38.135,-33.663,121.05,103.64
-38.795,-33.003,121.05,103.64
-40.336,-33.223,121.05,103.64
-39.236,-32.122,121.05,103.64
-39.015,-32.342,121.05,103.64
-40.116,-31.242,121.05,103.64
-39.896,-31.902,121.05,103.64
-40.116,-32.122,121.05,103.64
-39.896,-33.223,121.05,103.64
-40.116,-32.563,121.05,103.64
-39.896,-32.783,121.05,103.64
-38.355,-33.003,121.05,103.64
-38.575,-32.342,121.05,103.64
-40.997,-33.003,121.05,103.64
-41.657,-34.544,121.05,103.64
-40.556,-33.883,121.05,103.64
-40.336,-34.544,121.05,103.64
-39.676,-31.242,121.05,103.64
-40.336,-33.223,121.05,103.64
-39.676,-34.324,121.05,103.64
-39.896,-33.223,121.05,103.64
-40.116,-33.883,121.05,103.64
-38.135,-34.544,121.05,103.64
-37.915,-33.883,121.05,103.64
-38.135,-34.544,121.05,103.64
-37.475,-33.003,121.05,103.64
-37.695,-33.223,121.05,103.64
-38.795,-33.883,121.05,103.64
-39.015,-34.103,121.05,103.64
-38.795,-32.122,121.05,103.64
-37.695,-32.783,121.05,103.64
-37.034,-33.443,121.05,103.64
-37.255,-31.902,121.05,103.64
-38.355,-32.563,121.05,103.64
-39.896,-32.783,121.05,103.64
-38.355,-32.563,121.05,103.64
-37.255,-32.342,121.05,103.64
-39.236,-33.003,121.05,103.64
-38.575,-32.783,121.05,103.64
-39.676,-33.003,121.05,103.64
-39.456,-32.783,121.05,103.64
-37.915,-33.003,121.05,103.64
-38.135,-33.663,121.05,103.64
-39.236,-33.443,121.05,103.64
-39.015,-31.902,121.05,103.64
-38.795,-33.443,121.05,103.64
-37.695,-34.103,121.05,103.64
-38.795,-34.764,121.05,103.64
-39.896,-34.544,121.05,103.64
-40.116,-32.122,121.05,103.64
-39.896,-34.984,121.05,103.64
-41.437,-33.883,121.05,103.64
-41.217,-34.984,121.05,103.64
-39.676,-33.883,121.05,103.64
-39.896,-32.783,121.05,103.64
-40.997,-33.443,121.05,103.64
-40.336,-33.663,121.05,103.64
-40.116,-34.764,121.05,103.64
-39.896,-32.342,121.05,103.64
-39.676,-34.324,121.05,103.64
-39.015,-33.663,121.05,103.64
-39.676,-33.003,121.05,103.64
-39.015,-33.663,121.05,103.64
-39.676,-33.883,121.05,103.64
-39.456,-32.783,121.05,103.64
-37.915,-30.802,121.05,103.64
-38.575,-32.783,121.05,103.64
-38.795,-33.443,121.05,103.64
-39.896,-32.783,121.05,103.64
-40.116,-33.443,121.05,103.64
-39.456,-33.223,121.05,103.64
-37.475,-35.204,121.05,103.64
-39.896,-33.223,121.05,103.64
-37.915,-33.443,121.05,103.64
-38.135,-34.103,121.05,103.64
-38.795,-34.764,121.05,103.64
-39.456,-32.342,121.05,103.64
-39.236,-31.682,121.05,103.64
-39.456,-32.342,121.05,103.64
-39.676,-30.802,121.05,103.64
-39.896,-33.223,121.05,103.64
-40.116,-33.883,121.05,103.64
-39.456,-34.103,121.05,103.64
-39.236,-35.204,121.05,103.64
-38.575,-32.342,121.05,103.64
-39.236,-32.563,121.05,103.64
-38.575,-32.783,121.05,103.64
-39.676,-32.563,121.05,103.64
-39.456,-33.223,121.05,103.64
-39.676,-33.003,121.05,103.64
-39.896,-33.663,121.05,103.64
-39.676,-33.443,121.05,103.64
-39.015,-32.783,121.05,103.64
-38.795,-33.443,121.05,103.64
-38.575,-32.342,121.05,103.64
-38.795,-32.122,121.05,103.64
-38.575,-32.342,121.05,103.64
-38.355,-32.122,121.05,103.64
-38.135,-32.342,121.05,103.64
-37.475,-32.122,121.05,103.64
-37.695,-31.902,121.05,103.64
-38.355,-32.563,121.05,103.64
-38.135,-32.342,121.05,103.64
-38.795,-31.682,121.05,103.64
-37.695,-33.663,121.05,103.64
-39.676,-33.003,121.05,103.64
-40.336,-32.342,121.05,103.64
-39.676,-32.122,121.05,103.64
-39.896,-33.223,121.05,103.64
-38.795,-34.324,121.05,103.64
-39.456,-32.342,121.05,103.64
-39.236,-32.563,121.05,103.64
-39.015,-32.783,121.05,103.64
-40.116,-33.003,121.05,103.64
-40.336,-34.103,121.05,103.64
-40.116,-34.324,121.05,103.64
-39.896,-32.783,121.05,103.64
-39.676,-33.003,121.05,103.64
-38.135,-35.424,121.05,103.64
-38.355,-33.443,121.05,103.64
-39.015,-31.902,121.05,103.64
-40.606,-31.978,117.62,100.71
-38.729,-31.196,114.3,97.865
-38.106,-30.988,114.3,97.865
-38.314,-30.364,114.3,97.865
-38.106,-30.157,114.3,97.865
-38.729,-29.949,114.3,97.865
-38.521,-31.404,114.3,97.865
-38.314,-31.611,114.3,97.865
-37.274,-31.819,114.3,97.865
-36.651,-32.443,114.3,97.865
-37.69,-32.651,114.3,97.865
-37.898,-32.859,114.3,97.865
-38.521,-32.651,114.3,97.865
-38.314,-32.859,114.3,97.865
-38.106,-32.651,114.3,97.865
-38.314,-32.443,114.3,97.865
-37.69,-32.651,114.3,97.865
-37.898,-32.859,114.3,97.865
-37.69,-33.898,114.3,97.865
-37.898,-33.274,114.3,97.865
-38.521,-32.651,114.3,97.865
-38.314,-32.443,114.3,97.865
-37.69,-30.988,114.3,97.865
-37.482,-32.027,114.3,97.865
-37.69,-32.235,114.3,97.865
-37.898,-31.196,114.3,97.865
-38.106,-30.988,114.3,97.865
-37.898,-30.78,114.3,97.865
-37.69,-31.404,114.3,97.865
-37.482,-32.027,114.3,97.865
-37.274,-31.404,114.3,97.865
-37.067,-31.611,114.3,97.865
-37.69,-31.404,114.3,97.865
-37.067,-31.611,114.3,97.865
-37.69,-31.819,114.3,97.865
-37.482,-32.027,114.3,97.865
-37.274,-31.404,114.3,97.865
-36.651,-31.611,114.3,97.865
-36.859,-31.819,114.3,97.865
-36.651,-32.443,114.3,97.865
-36.443,-31.819,114.3,97.865
-35.404,-32.027,114.3,97.865
-35.612,-31.404,114.3,97.865
-35.819,-32.027,114.3,97.865
-37.274,-30.157,114.3,97.865
-36.651,-30.364,114.3,97.865
-36.443,-31.819,114.3,97.865
-36.651,-33.274,114.3,97.865
-37.274,-32.651,114.3,97.865
-37.067,-32.443,114.3,97.865
-38.521,-32.235,114.3,97.865
-38.314,-32.027,114.3,97.865
-38.106,-31.404,114.3,97.865
-38.314,-31.611,114.3,97.865
-37.69,-31.819,114.3,97.865
-37.482,-32.027,114.3,97.865
-37.69,-30.988,114.3,97.865
-37.898,-31.611,114.3,97.865
-37.69,-32.235,114.3,97.865
-37.898,-32.027,114.3,97.865
-37.69,-31.404,114.3,97.865
-37.482,-31.611,114.3,97.865
-36.859,-31.819,114.3,97.865
-37.067,-32.027,114.3,97.865
-37.274,-31.404,114.3,97.865
-37.067,-31.611,114.3,97.865
-38.106,-31.819,114.3,97.865
-37.898,-31.611,114.3,97.865
-37.69,-31.404,114.3,97.865
-37.482,-32.859,114.3,97.865
-37.274,-33.898,114.3,97.865
-37.482,-34.106,114.3,97.865
-37.274,-33.482,114.3,97.865
-37.898,-32.443,114.3,97.865
-38.106,-31.819,114.3,97.865
-38.314,-32.859,114.3,97.865
-37.274,-32.651,114.3,97.865
-37.482,-32.859,114.3,97.865
-36.443,-32.651,114.3,97.865
-36.281,-33.49,117.72,100.79
-38.636,-32.848,117.72,100.79
-39.278,-34.775,117.72,100.79
-40.348,-34.561,117.72,100.79
-39.278,-32.634,117.72,100.79
-39.92,-33.276,117.72,100.79
-38.422,-31.778,117.72,100.79
-38.636,-32.848,117.72,100.79
-38.422,-31.778,117.72,100.79
-37.78,-33.704,117.72,100.79
-40.134,-33.062,117.72,100.79
-39.492,-31.992,117.72,100.79
-38.422,-31.778,117.72,100.79
-38.208,-32.848,117.72,100.79
-39.278,-33.062,117.72,100.79
-38.636,-31.992,117.72,100.79
-38.422,-31.35,117.72,100.79
-38.208,-31.564,117.72,100.79
-39.278,-31.35,117.72,100.79
-39.064,-31.136,117.72,100.79
-38.85,-30.921,117.72,100.79
-38.208,-31.992,117.72,100.79
-39.278,-32.634,117.72,100.79
-39.064,-32.848,117.72,100.79
-38.85,-31.778,117.72,100.79
-39.064,-31.992,117.72,100.79
-38.85,-31.35,117.72,100.79
-39.064,-31.564,117.72,100.79
-39.278,-32.634,117.72,100.79
-39.492,-32.848,117.72,100.79
-38.422,-33.49,117.72,100.79
-37.78,-33.276,117.72,100.79
-39.706,-33.062,117.72,100.79
-39.492,-33.276,117.72,100.79
-37.994,-33.062,117.72,100.79
-39.492,-32.848,117.72,100.79
-39.278,-32.634,117.72,100.79
-39.92,-32.848,117.72,100.79
-39.278,-33.062,117.72,100.79
-39.92,-32.42,117.72,100.79
-38.85,-31.778,117.72,100.79
-39.492,-32.848,117.72,100.79
-38.422,-33.062,117.72,100.79
-39.064,-31.136,117.72,100.79
-39.706,-31.35,117.72,100.79
-39.492,-32.42,117.72,100.79
-39.278,-33.062,117.72,100.79
-40.348,-33.704,117.72,100.79
-40.562,-33.49,117.72,100.79
-39.064,-33.704,117.72,100.79
-37.137,-33.062,117.72,100.79
-37.827,-33.499,121.23,103.8
-39.37,-32.837,121.23,103.8
-40.472,-33.94,121.23,103.8
-40.252,-34.601,121.23,103.8
-40.913,-33.94,121.23,103.8
-40.693,-31.074,121.23,103.8
-40.031,-33.058,121.23,103.8
-40.252,-33.719,121.23,103.8
-40.913,-35.262,121.23,103.8
-41.134,-34.601,121.23,103.8
-40.031,-34.821,121.23,103.8
-37.606,-35.483,121.23,103.8
-39.15,-34.821,121.23,103.8
-39.37,-34.601,121.23,103.8
-40.472,-33.94,121.23,103.8
-41.134,-32.396,121.23,103.8
-41.354,-33.499,121.23,103.8
-41.134,-33.719,121.23,103.8
-38.709,-33.94,121.23,103.8
-40.693,-32.837,121.23,103.8
-40.472,-33.499,121.23,103.8
-41.134,-32.837,121.23,103.8
-41.354,-32.617,121.23,103.8
-41.134,-33.719,121.23,103.8
-40.913,-33.94,121.23,103.8
-40.693,-33.719,121.23,103.8
-40.913,-33.499,121.23,103.8
-40.693,-33.278,121.23,103.8
-40.913,-33.94,121.23,103.8
-39.37,-33.719,121.23,103.8
-40.031,-33.94,121.23,103.8
-40.252,-32.837,121.23,103.8
-40.031,-33.94,121.23,103.8
-38.929,-33.719,121.23,103.8
-40.472,-34.38,121.23,103.8
-41.134,-33.719,121.23,103.8
-40.472,-35.703,121.23,103.8
-40.693,-34.601,121.23,103.8
-40.472,-34.38,121.23,103.8
-41.134,-34.601,121.23,103.8
-40.472,-33.94,121.23,103.8
-40.252,-32.837,121.23,103.8
-40.031,-33.94,121.23,103.8
-41.134,-32.396,121.23,103.8
-40.913,-33.499,121.23,103.8
-40.252,-34.16,121.23,103.8
-40.031,-34.38,121.23,103.8
-39.811,-34.601,121.23,103.8
