708,289,42,20
705.67,287.74,42,20
702.5,286.73,42,20
700.64,286.07,42,20
697.47,286.61,42,20
696.09,287.43,40.812,19.435
694.63,289.39,39.659,18.885
692.43,290.46,39.659,18.885
690.12,292.33,39.659,18.885
687.79,294.68,38.537,18.351
686.2,296.82,38.537,18.351
684.61,299.29,38.537,18.351
682.14,302.53,38.537,18.351
680.55,305.7,37.448,17.832
678.25,310.02,37.448,17.832
676.49,314.98,37.448,17.832
672.81,320.9,37.448,17.832
670.09,326.71,37.448,17.832
667.37,333.6,37.448,17.832
664.01,340.8,37.448,17.832
662.14,348.53,37.448,17.832
659.53,356.84,36.389,17.328
668.39,362.59,36.389,17.328
663.26,369.27,36.389,17.328
658.65,376.58,36.389,17.328
653.93,382.89,35.36,16.838
646.6,389.94,36.417,17.342
641.65,394.61,37.506,17.86
635.8,398.88,38.628,18.394
630.79,403.12,38.628,18.394
626.42,406.31,39.782,18.944
622.36,408.35,40.972,19.51
617.75,411.79,40.972,19.51
614.66,415.12,40.972,19.51
610.26,415.47,42.197,20.094
604.91,418.54,42.197,20.094
599.56,421.84,42.197,20.094
594.57,425.27,42.197,20.094
590.06,429.77,42.197,20.094
586.64,432.24,42.197,20.094
582.85,434.58,42.197,20.094
579.39,434.7,43.459,20.695
576.08,437.05,44.758,21.313
573.21,439.29,44.758,21.313
570.35,441.9,44.758,21.313
569.01,443.62,44.758,21.313
568.69,445.85,44.758,21.313
567.73,446.3,44.758,21.313
568.27,447.32,46.096,21.951
569.26,447.78,46.096,21.951
571.03,447.97,46.096,21.951
573.2,448.3,46.096,21.951
577.47,447.45,46.096,21.951
580.55,446.99,46.096,21.951
585.48,445.09,46.096,21.951
590.01,444.1,46.096,21.951
596.5,441.98,44.793,21.33
601.41,439.37,44.793,21.33
608.37,437.26,44.793,21.33
615.19,434.52,44.793,21.33
622.53,431.39,44.793,21.33
628.97,428.78,44.793,21.33
644.35,425.01,44.793,21.33
654.49,422.27,44.793,21.33
666.3,422.2,44.793,21.33
673.76,422.52,44.793,21.33
688.37,424.76,44.793,21.33
702.47,427.88,44.793,21.33
719.75,431.44,43.527,20.727
733.05,437.02,44.828,21.347
749.05,442.64,46.168,21.985
748.59,446.91,46.168,21.985
749.04,450.44,44.863,21.363
747.83,451.53,44.863,21.363
746.74,451.34,44.863,21.363
745.02,450.25,44.863,21.363
744.44,447.89,44.863,21.363
744.25,443.86,44.863,21.363
741.5,439.96,44.863,21.363
739.78,435.56,44.863,21.363
740.22,428.97,44.863,21.363
739.14,419.58,44.863,21.363
741.25,411.21,44.863,21.363
756.65,400.03,44.863,21.363
763.1,389.1,44.863,21.363
763.03,380.22,44.863,21.363
778.31,368.65,44.863,21.363
786.93,357.6,44.863,21.363
796.07,347.06,44.863,21.363
797.92,337.28,44.863,21.363
807.57,326.23,44.863,21.363
812.11,315.94,44.863,21.363
828.79,305.01,44.863,21.363
832.17,295.87,44.863,21.363
849.48,286.27,43.595,20.759
853.15,279.38,43.595,20.759
857.31,270.87,43.595,20.759
860.1,264.23,43.595,20.759
861.9,258.46,43.595,20.759
878.11,250.82,43.595,20.759
879.29,245.79,43.595,20.759
882.83,240.76,43.595,20.759
887.24,235.85,43.595,20.759
891.02,232.24,42.362,20.172
895.18,228.96,41.164,19.602
896.99,225.62,41.164,19.602
899.04,223.61,40,19.048
900.12,221.39,40,19.048
900.18,219.74,40,19.048
900.92,219,40,19.048
900.98,217.8,40,19.048
900.81,218.43,40,19.048
900.52,218.37,40,19.048
901.61,219.11,40,19.048
901.66,220.19,40,19.048
901.61,221.84,40,19.048
902.35,223.95,40,19.048
902.52,225.95,40,19.048
902.2,227.31,41.196,19.617
900.74,229.13,41.196,19.617
904.43,232.01,41.196,19.617
898.98,234.53,41.196,19.617
892.7,237.41,41.196,19.617
887.59,239.93,41.196,19.617
881.43,241.87,41.196,19.617
875.74,244.39,41.196,19.617
863.48,251.61,41.196,19.617
863.54,250.37,41.196,19.617
857.11,252.13,42.428,20.204
853.43,254.49,42.428,20.204
849.74,256.24,42.428,20.204
845.9,260.59,43.697,20.808
842.82,260.97,45.003,21.43
842.76,263.08,45.003,21.43
841.93,265.45,45.003,21.43
840.84,268.98,45.003,21.43
842.57,270.07,45.003,21.43
843.27,272.7,45.003,21.43
845,275.2,45.003,21.43
846.86,277.18,45.003,21.43
851.03,279.17,45.003,21.43
853.78,281.54,45.003,21.43
859.1,284.04,45.003,21.43
863.4,286.03,45.003,21.43
868.85,288.02,45.003,21.43
874.52,290.84,46.349,22.071
881.58,292.22,46.349,22.071
889.57,294.01,46.349,22.071
895.97,296.18,46.349,22.071
903.4,297.5,47.735,22.731
912.17,297.71,47.735,22.731
917.54,300.09,47.735,22.731
926.72,301.38,47.735,22.731
932.63,301.18,47.735,22.731
940.18,301.52,47.735,22.731
947.73,302.54,47.735,22.731
955,302.88,47.735,22.731
961.73,303.76,47.735,22.731
969.82,304.51,47.735,22.731
977.37,304.3,47.735,22.731
984.65,304.1,47.735,22.731
988.66,305.12,47.735,22.731
994.44,304.64,47.735,22.731
1000.9,303.62,47.735,22.731
1005.3,303.01,47.735,22.731
1009.5,302.94,47.735,22.731
1012.8,302.06,47.735,22.731
1014.9,301.04,47.735,22.731
1017,300.02,47.735,22.731
1018,298.59,47.735,22.731
1018.4,297.44,47.735,22.731
1019.3,296.01,47.735,22.731
1018.8,295.4,47.735,22.731
1017.2,293.43,47.735,22.731
1015.9,292.13,47.735,22.731
1013,292.34,47.735,22.731
1010.1,290.09,47.735,22.731
1006.9,289.07,47.735,22.731
1003,287.51,47.735,22.731
998.58,285.54,47.735,22.731
993.76,283.97,47.735,22.731
987.43,282.95,47.735,22.731
980.84,281.39,47.735,22.731
973.02,279.28,47.735,22.731
964.66,277.58,47.735,22.731
955.34,276.29,47.735,22.731
947.12,274.46,47.735,22.731
937.94,273.3,47.735,22.731
929.17,271.47,47.735,22.731
919.72,270.17,47.735,22.731
910.67,268.07,47.735,22.731
901.5,267.32,47.735,22.731
892.32,265.21,47.735,22.731
883.55,263.51,47.735,22.731
874.51,262.08,47.735,22.731
865.87,261.2,47.735,22.731
856.15,258.82,47.735,22.731
846.7,257.8,47.735,22.731
837.52,256.1,47.735,22.731
831.06,254.81,47.735,22.731
823.79,252.97,47.735,22.731
817.87,251.68,47.735,22.731
813.45,249.71,47.735,22.731
810.53,248.01,47.735,22.731
808.42,246.58,47.735,22.731
807.13,244.61,47.735,22.731
806.11,242.91,47.735,22.731
806.86,241.48,47.735,22.731
808.83,239.24,47.735,22.731
812.43,237.27,47.735,22.731
818.21,235.3,47.735,22.731
824.94,233.32,47.735,22.731
832.62,231.49,47.735,22.731
842.89,229.65,47.735,22.731
853.29,227.95,47.735,22.731
866.01,226.12,47.735,22.731
880.08,224.28,47.735,22.731
894.43,221.09,47.735,22.731
912.17,219.11,47.735,22.731
928.42,216.73,47.735,22.731
946.16,213.81,47.735,22.731
945.38,212.18,49.162,23.41
945.87,210.62,47.772,22.749
949.2,207.97,47.772,22.749
950.35,206.86,46.421,22.105
950.55,205.07,46.421,22.105
955.38,203.55,46.421,22.105
971.94,199.45,47.809,22.766
970.1,200.07,47.809,22.766
968.26,198.91,47.809,22.766
966.97,197.34,47.809,22.766
962.82,193.73,47.809,22.766
967.79,192.58,47.809,22.766
968.13,194.28,47.809,22.766
969.15,192.99,47.809,22.766
986.92,181.34,47.809,22.766
980.96,181.61,49.239,23.447
970.2,181.47,50.711,24.148
970.42,181.11,50.711,24.148
969.9,179.79,49.277,23.465
969.13,179.02,49.277,23.465
976.33,177.2,50.75,24.167
972.6,157.97,52.268,24.889
971.93,146.28,52.268,24.889
970.67,143.97,52.268,24.889
972.38,141.87,50.79,24.186
973.46,139.63,50.79,24.186
967.75,127.98,50.79,24.186
967.24,126.46,50.79,24.186
967.42,125.01,52.309,24.909
963.47,124.94,52.309,24.909
964.74,123.08,52.309,24.909
963.47,121.81,52.309,24.909
962.8,119.65,52.309,24.909
963.77,118.23,52.309,24.909
963.4,117.71,52.309,24.909
963.62,116.59,52.309,24.909
962.65,116.67,52.309,24.909
961.83,117.19,52.309,24.909
961.16,118.76,52.309,24.909
960.79,119.57,52.309,24.909
960.72,121.29,52.309,24.909
962.58,123.45,52.309,24.909
965.48,125.76,52.309,24.909
965.86,127.32,52.309,24.909
967.72,130.38,52.309,24.909
967.35,134.03,52.309,24.909
962.8,138.27,52.309,24.909
968.69,140.88,52.309,24.909
974.39,142.37,53.873,25.654
974.31,148.13,53.873,25.654
977.42,151.81,55.484,26.421
974.77,158.61,57.142,27.211
995.16,175.54,58.851,28.024
1006.1,183.5,58.851,28.024
1003.4,190.29,58.851,28.024
988.7,202.27,58.851,28.024
975.38,212.75,58.851,28.024
957.02,226.25,58.851,28.024
946.37,235.72,58.851,28.024
931.2,249.78,57.187,27.232
927.04,256.86,57.187,27.232
911.49,269.16,57.187,27.232
901.14,279.67,57.187,27.232
891.94,289.85,57.187,27.232
881.11,300.68,57.187,27.232
871.73,312.55,55.57,26.462
866.74,322.03,53.999,25.714
860.2,332.11,53.999,25.714
855.66,341.41,53.999,25.714
856.2,337.39,52.472,24.987
854.33,337.32,52.472,24.987
851.98,344.19,54.041,25.734
839.12,355.97,54.041,25.734
839.51,360.97,54.041,25.734
840.62,366.82,55.657,26.503
854.65,387.51,55.657,26.503
856.79,394.57,55.657,26.503
854.34,404,55.657,26.503
856.48,411.53,55.657,26.503
855.92,423.08,54.083,25.754
858.46,429.48,54.083,25.754
856.99,438.03,54.083,25.754
858.3,443.65,54.083,25.754
865.62,449.89,54.083,25.754
863.7,455.2,54.083,25.754
866.66,460.13,55.7,26.524
870.39,465.29,55.7,26.524
875.03,467.83,57.366,27.317
882.96,472.65,57.366,27.317
900.2,474.37,57.366,27.317
903.38,476.74,57.366,27.317
905.1,479.27,57.366,27.317
909.59,482.35,55.744,26.545
913.95,482.75,55.744,26.545
917.37,483.14,55.744,26.545
919.35,485.03,54.168,25.794
921.12,485.26,54.168,25.794
921.51,485.65,54.168,25.794
922.51,484.49,54.168,25.794
924.28,483.95,54.168,25.794
922.2,482.48,54.168,25.794
922.59,481.17,54.168,25.794
922.82,478.93,54.168,25.794
923.2,476.7,54.168,25.794
924.67,473.69,54.168,25.794
925.21,470.52,54.168,25.794
924.98,467.98,54.168,25.794
923.67,464.04,54.168,25.794
924.67,460.11,54.168,25.794
925.21,456.02,54.168,25.794
925.13,451.01,54.168,25.794
919.96,443.83,54.168,25.794
917.11,438.04,54.168,25.794
917.03,432.87,54.168,25.794
913.71,426.16,54.168,25.794
908.55,422.23,54.168,25.794
913.87,415.52,54.168,25.794
906.04,412.58,55.787,26.565
905.48,403.61,55.787,26.565
905.88,396.53,55.787,26.565
902.78,390.26,55.787,26.565
902.07,383.5,55.787,26.565
903.73,377.07,55.787,26.565
903.34,370.31,55.787,26.565
899.76,364.51,55.787,26.565
898.57,359.51,55.787,26.565
894.68,353.71,55.787,26.565
891.26,348.7,55.787,26.565
887.21,344.97,55.787,26.565
885.54,340.6,55.787,26.565
881.45,336.78,57.455,27.36
882.84,333.1,57.455,27.36
882.76,330.4,57.455,27.36
880.55,327.04,57.455,27.36
879.61,324.1,59.173,28.178
880.7,321.32,59.173,28.178
879.61,320.05,59.173,28.178
875.81,318.62,59.173,28.178
872.19,317.36,59.173,28.178
870.71,316.34,60.943,29.02
869.89,315.3,62.765,29.888
870.7,314.32,62.765,29.888
870.78,313.87,62.765,29.888
871.41,313.78,62.765,29.888
870.78,313.69,62.765,29.888
870.52,313.6,62.765,29.888
869,313.87,62.765,29.888
868.91,314.14,62.765,29.888
869.53,313.87,62.765,29.888
869.8,314.86,62.765,29.888
869.71,314.77,62.765,29.888
869.8,314.32,62.765,29.888
869.89,312.98,62.765,29.888
870.87,312.35,62.765,29.888
870.43,311.73,62.765,29.888
869.8,312.17,62.765,29.888
868.46,311.91,62.765,29.888
867.83,312.71,62.765,29.888
867.03,312.98,62.765,29.888
866.76,313.78,62.765,29.888
866.31,314.23,62.765,29.888
866.76,314.5,62.765,29.888
868.28,315.48,62.765,29.888
868.91,317,62.765,29.888
869.89,318.16,62.765,29.888
870.16,318.07,62.765,29.888
870.78,317.99,62.765,29.888
869.98,318.97,62.765,29.888
870.96,318.88,62.765,29.888
871.05,318.61,62.765,29.888
871.32,318.16,62.765,29.888
871.59,317.36,62.765,29.888
872.04,317.27,62.765,29.888
872.3,316.82,62.765,29.888
871.14,316.91,62.765,29.888
870.7,316.64,62.765,29.888
870.78,316.02,62.765,29.888
871.05,315.93,62.765,29.888
872.93,314.95,62.765,29.888
874.09,313.78,62.765,29.888
874.72,313.16,62.765,29.888
874.45,312,62.765,29.888
875.08,312.09,62.765,29.888
876.06,310.74,62.765,29.888
878.83,310.83,62.765,29.888
881.06,309.49,62.765,29.888
884.01,308.15,62.765,29.888
886.79,307.35,62.765,29.888
890.09,306.01,62.765,29.888
893.4,305.56,62.765,29.888
896.53,304.4,62.765,29.888
898.23,303.24,62.765,29.888
899.75,302.61,62.765,29.888
901.98,302.34,62.765,29.888
902.97,301.36,62.765,29.888
901.63,300.91,62.765,29.888
900.82,300.82,62.765,29.888
899.84,300.37,62.765,29.888
900.28,299.21,62.765,29.888
900.37,298.41,62.765,29.888
902.07,298.5,62.765,29.888
902.7,297.87,62.765,29.888
903.5,298.14,62.765,29.888
902.52,297.16,62.765,29.888
904.22,296.89,62.765,29.888
903.41,296.98,62.765,29.888
902.43,296.89,62.765,29.888
901.63,296.62,62.765,29.888
901,296.17,62.765,29.888
900.2,295.37,62.765,29.888
899.57,295.82,62.765,29.888
898.59,295.73,62.765,29.888
897.56,295.01,64.641,30.782
898.02,294.92,64.641,30.782
896.82,295.01,64.641,30.782
896.73,295.47,64.641,30.782
896.09,295.38,64.641,30.782
894.89,296.02,64.641,30.782
895.72,297.77,64.641,30.782
893.23,299.34,64.641,30.782
889.82,300.72,64.641,30.782
887.15,303.39,64.641,30.782
885.77,304.95,64.641,30.782
883.47,307.62,64.641,30.782
881.54,309.56,64.641,30.782
881.08,311.49,64.641,30.782
881.91,313.79,64.641,30.782
882.74,316.46,64.641,30.782
882.64,318.21,64.641,30.782
883.84,321.25,64.641,30.782
886.46,322.54,66.574,31.702
886.94,326.24,66.574,31.702
887.6,329.37,66.574,31.702
887.32,333.06,66.574,31.702
887.79,337.14,66.574,31.702
889.59,338.75,66.574,31.702
889.12,338.66,66.574,31.702
888.08,338.56,66.574,31.702
887.79,336.95,66.574,31.702
886.37,331.74,66.574,31.702
879.64,328.8,66.574,31.702
877.6,328.23,68.565,32.65
878.09,330.08,68.565,32.65
873.3,334.09,68.565,32.65
871.84,333.21,68.565,32.65
874.28,343.66,68.565,32.65
873.99,342.58,68.565,32.65
872.33,338.19,68.565,32.65
869.49,333.21,68.565,32.65
867.44,328.03,68.565,32.65
867.14,323.91,66.626,31.727
865.91,318.69,66.626,31.727
864.11,313.28,66.626,31.727
862.11,307.68,66.626,31.727
860.88,303.03,66.626,31.727
859.46,299.71,66.626,31.727
857.84,296.58,66.626,31.727
857.56,292.87,66.626,31.727
856.28,290.22,68.618,32.675
854.57,287.68,70.67,33.652
853.81,285.26,72.783,34.659
854.69,283.4,74.959,35.695
851.97,283.82,77.2,36.762
850.98,283.27,77.2,36.762
853.07,281.62,77.2,36.762
850.54,281.95,77.2,36.762
852.36,280.85,79.509,37.861
852.24,285.5,79.509,37.861
850.55,289.01,79.509,37.861
849.98,291.61,79.509,37.861
850.32,293.08,79.509,37.861
850.66,294.56,79.509,37.861
851.45,296.71,79.509,37.861
852.47,298.63,79.509,37.861
851.23,301.92,79.509,37.861
858.59,302.48,79.509,37.861
870.93,299.88,79.509,37.861
888.94,297.05,79.509,37.861
901.28,295.12,79.509,37.861
915.89,291.39,79.509,37.861
930.72,289.01,79.509,37.861
945.1,287.31,79.509,37.861
960.39,284.25,79.509,37.861
974.77,282.33,79.509,37.861
989.84,280.4,79.509,37.861
1005.3,278.7,79.509,37.861
1020.6,276.78,79.509,37.861
1037.3,275.08,79.509,37.861
1055.1,272.47,79.509,37.861
1072.2,271.23,79.509,37.861
1088.8,269.76,79.509,37.861
1105.2,268.96,79.509,37.861
1122.1,268.17,79.509,37.861
1139,266.7,79.509,37.861
1156.3,266.36,79.509,37.861
1173.4,264.89,79.509,37.861
1191.2,264.77,79.509,37.861
1210.1,263.98,79.509,37.861
1226.3,264.32,79.509,37.861
1238.2,257.41,79.509,37.861
1240.6,250.73,79.509,37.861
1240.4,249.03,79.509,37.861
1240.1,251.41,79.509,37.861
1240.9,254.24,79.509,37.861
1239.8,255.6,81.886,38.993
1238.5,262.48,81.886,38.993
1236.3,270.06,81.886,38.993
1237.4,278.81,81.886,38.993
1238,290.59,81.886,38.993
1236.8,295.96,84.334,40.159
1236.5,304.72,84.334,40.159
1236.8,315.41,84.334,40.159
1236.2,321.78,84.334,40.159
1236.4,325.74,84.334,40.159
1236.2,328.75,84.334,40.159
1236.4,332.23,84.334,40.159
1237.4,334.27,84.334,40.159
1237.6,335.59,84.334,40.159
1237.7,339.56,84.334,40.159
1237.8,341.84,84.334,40.159
1237.9,342.92,84.334,40.159
1237.3,344.96,84.334,40.159
1236.5,347,84.334,40.159
1236.6,347.85,84.334,40.159
1236.5,348.45,84.334,40.159
1236.1,347.12,84.334,40.159
1236,345.56,84.334,40.159
1235.9,343.52,84.334,40.159
1235.8,339.8,84.334,40.159
1236.4,335.59,84.334,40.159
1236.5,329.71,84.334,40.159
1236.6,323.34,84.334,40.159
1236.7,316.49,84.334,40.159
1236.8,309.89,84.334,40.159
1235.8,303.28,84.334,40.159
1236.4,295.47,84.334,40.159
1236.2,288.63,84.334,40.159
1235.9,281.06,84.334,40.159
1235.5,272.77,84.334,40.159
1236.6,266.65,84.334,40.159
1237.2,258.6,84.334,40.159
1236.4,251.27,84.334,40.159
1237,244.91,84.334,40.159
1236.8,238.3,84.334,40.159
1236.7,233.61,84.334,40.159
1237.3,229.89,84.334,40.159
1236.7,226.41,84.334,40.159
1237.3,222.2,84.334,40.159
1236.7,219.92,84.334,40.159
1237.3,216.92,84.334,40.159
1237,216.32,84.334,40.159
1236.4,214.28,84.334,40.159
1237,213.19,84.334,40.159
1235.9,211.15,84.334,40.159
1236,210.31,84.334,40.159
1235.9,208.99,84.334,40.159
1235.8,207.91,84.334,40.159
1236.6,207.55,84.334,40.159
1236.5,205.75,84.334,40.159
1236.6,204.67,84.334,40.159
1236.7,202.62,84.334,40.159
1236.8,200.34,84.334,40.159
1236,198.06,84.334,40.159
1236.1,194.82,84.334,40.159
1236.2,192.78,84.334,40.159
1236.4,189.77,84.334,40.159
1236.5,187.01,84.334,40.159
1236.6,183.53,84.334,40.159
1236.7,181.72,84.334,40.159
1236.8,179.92,84.334,40.159
1235.8,177.64,84.334,40.159
1236.6,176.8,84.334,40.159
1236.7,175,84.334,40.159
1236.6,172.96,84.334,40.159
1236.7,171.15,84.334,40.159
1236.8,170.31,84.334,40.159
1235.8,169.23,84.334,40.159
1236.6,168.63,84.334,40.159
1236.5,168.27,84.334,40.159
1236.4,167.91,84.334,40.159
1236.2,168.51,84.334,40.159
1236.1,168.39,84.334,40.159
1236,168.99,84.334,40.159
1235.9,169.59,84.334,40.159
1236,171.39,84.334,40.159
1235.9,172.72,84.334,40.159
1235.8,174.52,84.334,40.159
1236.4,176.32,84.334,40.159
1236.2,178.84,84.334,40.159
1236.1,182.32,84.334,40.159
1236,184.61,84.334,40.159
1235.9,188.57,84.334,40.159
1236,191.81,84.334,40.159
1236.1,194.82,84.334,40.159
1236.2,197.82,84.334,40.159
1236.4,201.06,84.334,40.159
1236.5,202.86,84.334,40.159
1236.6,206.35,84.334,40.159
1236.7,208.39,84.334,40.159
1236.8,210.19,84.334,40.159
1235.8,211.99,84.334,40.159
1236.8,213.31,84.334,40.159
1235.8,214.88,84.334,40.159
1236.4,214.28,84.334,40.159
1236,210.07,84.334,40.159
1235.6,206.59,84.334,40.159
1236,205.75,84.334,40.159
1236.6,208.27,84.334,40.159
1237.2,211.03,84.334,40.159
1236.4,212.35,84.334,40.159
1236.7,215.6,84.334,40.159
1237.1,236.38,84.334,40.159
1236,232.65,84.334,40.159
1236.1,228.21,84.334,40.159
1236.5,222.8,84.334,40.159
1236.8,217.64,84.334,40.159
1236.2,212.95,84.334,40.159
1236.8,207.31,84.334,40.159
1236.2,202.38,84.334,40.159
1237.1,196.98,84.334,40.159
1236.5,192.05,84.334,40.159
1237.3,189.29,84.334,40.159
1237,185.81,84.334,40.159
1236.6,183.53,84.334,40.159
1237.4,181.24,84.334,40.159
1237.1,178.72,84.334,40.159
1237,178.12,84.334,40.159
1236.6,177.04,84.334,40.159
1237.4,176.2,84.334,40.159
1237.1,176.56,84.334,40.159
1236.7,178.12,84.334,40.159
1237.6,178.96,84.334,40.159
1237,179.56,84.334,40.159
1236.4,180.64,84.334,40.159
1236.7,181.48,84.334,40.159
1237.1,181.12,84.334,40.159
1236.2,180.28,84.334,40.159
1236.6,179.2,84.334,40.159
1237,177.64,84.334,40.159
1236.1,176.56,84.334,40.159
1236.5,174.76,84.334,40.159
1237.8,178,84.334,40.159
1236.2,176.32,86.856,41.36
1236.1,177.43,86.856,41.36
1236.7,177.31,86.856,41.36
1236.6,177.19,86.856,41.36
1236.4,177.56,86.856,41.36
1236.3,177.68,86.856,41.36
1236.4,176.57,86.856,41.36
1236.6,177.68,86.856,41.36
1235.1,179.91,89.453,42.597
1234,182.07,89.453,42.597
1234.9,183.22,89.453,42.597
1234.8,182.84,89.453,42.597
1235.4,180.16,89.453,42.597
1235.5,178.51,89.453,42.597
1235.6,176.08,89.453,42.597
1235.5,173.41,89.453,42.597
1235.1,169.97,89.453,42.597
1235,167.04,89.453,42.597
1234.1,165.13,89.453,42.597
1234.2,163.47,89.453,42.597
1235.1,168.95,89.453,42.597
1232.5,174.17,89.453,42.597
1235.4,168.44,89.453,42.597
1233.7,168.57,89.453,42.597
1235.6,169.2,89.453,42.597
1235.5,170.1,89.453,42.597
1235.1,173.28,89.453,42.597
1234,174.68,89.453,42.597
1235.6,174.56,89.453,42.597
1235.3,175.19,89.453,42.597
1234.9,175.07,89.453,42.597
1233,174.43,89.453,42.597
1234.4,174.56,89.453,42.597
1234.8,175.45,89.453,42.597
1235.6,177.61,89.453,42.597
1234.4,181.18,92.128,43.87
1233.3,183.15,92.128,43.87
1230.4,184.46,94.882,45.182
1230.8,183.92,97.719,46.533
1230.6,183.23,97.719,46.533
1229.9,181.97,97.719,46.533
1227.2,186.98,100.64,47.924
1228.2,195.73,100.64,47.924
1227.8,202.75,100.64,47.924
1228.5,210.35,100.64,47.924
1228.1,218.52,100.64,47.924
1229.1,226.69,100.64,47.924
1228.7,232.57,100.64,47.924
1228.2,238.16,100.64,47.924
1227.8,244.03,100.64,47.924
1228.5,248.76,100.64,47.924
1223.4,251.92,103.65,49.357
1223.5,253.98,106.75,50.833
1220.3,258.09,106.75,50.833
1214,261.13,109.94,52.353
1205.3,263.64,113.23,53.918
1200.6,266.38,113.23,53.918
1197.6,268.15,113.23,53.918
1195.8,268.96,113.23,53.918
1196,269.44,113.23,53.918
1197.4,268.96,113.23,53.918
1199.5,268.15,113.23,53.918
1201.5,264.93,116.61,55.53
1207.3,262.77,116.61,55.53
1213.8,259.94,116.61,55.53
1217.3,256.79,116.61,55.53
1217.5,253.97,116.61,55.53
1219.3,251.14,116.61,55.53
1219.8,249.31,116.61,55.53
1220.3,247.16,116.61,55.53
1219.5,244.66,116.61,55.53
1220,243.17,116.61,55.53
1220.5,240.68,116.61,55.53
1219.6,238.52,116.61,55.53
1220.1,236.36,116.61,55.53
1220.6,234.2,116.61,55.53
1219.8,232.04,116.61,55.53
1220.6,230.21,116.61,55.53
1220.1,228.39,116.61,55.53
1220.6,227.22,116.61,55.53
1218.8,225.07,116.61,55.53
1217,223.57,116.61,55.53
1222.4,222.53,113.32,53.96
1223.6,220.87,110.11,52.435
1223.1,218.52,110.11,52.435
1226.4,217.22,107,50.952
1225.3,215.54,107,50.952
1224.2,215.24,110.2,52.476
1220.8,214.61,113.49,54.045
1221.6,213.48,113.49,54.045
1220.1,212.51,116.89,55.661
1223.2,213.13,113.58,54.087
1225,213.73,110.37,52.558
1226.1,214.63,107.25,51.072
1227.4,213.06,104.22,49.628
1211.2,209.95,104.22,49.628
1214.1,208.91,104.22,49.628
1220.7,209.16,101.27,48.224
1226.1,207.87,101.27,48.224
1228.2,207.72,101.27,48.224
1228.7,207.87,101.27,48.224
1227.7,208.88,101.27,48.224
1227.8,209.89,101.27,48.224
1227.1,210.9,101.27,48.224
1226.6,211.62,101.27,48.224
1227.9,212.92,101.27,48.224
1228.1,214.5,101.27,48.224
1228.2,216.95,101.27,48.224
1228.4,218.83,101.27,48.224
1227.4,222.15,101.27,48.224
1227.5,224.31,101.27,48.224
1227.7,227.34,101.27,48.224
1227.2,230.66,101.27,48.224
1227.4,233.97,101.27,48.224
1227.2,236.43,101.27,48.224
1228.5,240.32,101.27,48.224
1228.1,243.35,101.27,48.224
1228.8,246.67,101.27,48.224
1227.8,250.56,101.27,48.224
1227.4,253.88,101.27,48.224
1226.4,257.77,101.27,48.224
1228.5,260.8,101.27,48.224
1227.5,262.68,101.27,48.224
1226.7,260.95,104.3,49.666
1228.1,261.39,104.3,49.666
1225.8,261.69,107.42,51.151
1225.3,261.84,107.42,51.151
1225.8,262.61,107.42,51.151
1226.2,262.76,107.42,51.151
1226.4,263.83,107.42,51.151
1226.5,265.51,107.42,51.151
1224.5,268.73,107.42,51.151
1224.1,268.57,107.42,51.151
1225.8,269.95,107.42,51.151
1225.9,272.86,107.42,51.151
1225.4,273.01,107.42,51.151
1225.6,275,107.42,51.151
1225.8,275.77,107.42,51.151
1225.9,276.84,107.42,51.151
1225.8,277.6,107.42,51.151
1225.9,277.75,107.42,51.151
1225.8,279.74,107.42,51.151
1225.9,280.2,107.42,51.151
1225.8,281.27,107.42,51.151
1225.9,282.96,107.42,51.151
1225.8,283.11,107.42,51.151
1224.4,276.53,107.42,51.151
1221.2,276.38,107.42,51.151
1222.2,277.6,110.63,52.681
1221,279.18,113.94,54.256
1219.4,279.83,117.34,55.878
1215.5,270.13,120.85,57.549
1217.1,264.8,120.85,57.549
1217.2,240.53,120.85,57.549
1217.7,240.01,120.85,57.549
1217.2,242.25,120.85,57.549
1217.7,244.14,120.85,57.549
1217.2,247.07,120.85,57.549
1217.4,249.31,120.85,57.549
1218.3,249.82,120.85,57.549
1217.4,252.75,120.85,57.549
1217.6,254.99,120.85,57.549
1216.7,256.54,120.85,57.549
1217.2,257.4,120.85,57.549
1217.7,258.26,120.85,57.549
1217.2,259.12,120.85,57.549
1217.4,260.32,120.85,57.549
1217.6,260.15,120.85,57.549
1217.1,260.67,120.85,57.549
1217.2,260.15,120.85,57.549
1217.4,260.32,120.85,57.549
1217.6,258.77,120.85,57.549
1217.1,257.91,120.85,57.549
1217.2,256.71,120.85,57.549
1217.7,255.16,120.85,57.549
1216.9,253.95,120.85,57.549
1217.4,251.72,120.85,57.549
1217.6,249.48,120.85,57.549
1216.7,246.21,120.85,57.549
1216.9,242.94,120.85,57.549
1216.7,237.95,120.85,57.549
1216.5,232.27,120.85,57.549
1216.7,228.65,120.85,57.549
1216.5,226.07,120.85,57.549
1217.7,222.45,120.85,57.549
1217.2,219.18,120.85,57.549
1218.1,217.98,120.85,57.549
1217.6,218.15,120.85,57.549
1217.1,217.63,120.85,57.549
1217.6,216.77,120.85,57.549
1217.1,215.91,120.85,57.549
1217.6,215.74,120.85,57.549
1217.1,215.22,120.85,57.549
1217.6,215.05,120.85,57.549
1217.1,214.88,120.85,57.549
1217.9,214.36,120.85,57.549
1217.4,213.85,120.85,57.549
1217.9,214.36,120.85,57.549
1217.4,214.19,120.85,57.549
1217.9,214.71,120.85,57.549
1217.4,214.54,120.85,57.549
1217.9,214.02,120.85,57.549
1217.4,214.88,120.85,57.549
1217.9,214.71,120.85,57.549
1217.4,214.88,120.85,57.549
1217.9,215.05,120.85,57.549
1217.4,214.88,120.85,57.549
1218.3,215.05,120.85,57.549
1217.7,215.57,120.85,57.549
1217.2,215.05,120.85,57.549
1217.7,215.22,120.85,57.549
1217.2,215.4,120.85,57.549
1217.7,214.54,120.85,57.549
1217.2,214.71,120.85,57.549
1217.7,214.54,120.85,57.549
1217.2,214.36,120.85,57.549
1217.7,213.85,120.85,57.549
1217.2,213.68,120.85,57.549
1217.7,213.5,120.85,57.549
1217.2,213.33,120.85,57.549
1218.1,212.47,120.85,57.549
1217.6,211.95,120.85,57.549
1217.1,211.78,120.85,57.549
1217.6,211.27,120.85,57.549
1217.1,210.75,120.85,57.549
1217.6,210.58,120.85,57.549
1216.7,210.4,120.85,57.549
1217.2,209.89,120.85,57.549
1217.4,210.06,120.85,57.549
1217.6,209.89,120.85,57.549
1216.4,209.72,120.85,57.549
1216.9,208.51,120.85,57.549
1216.7,207.65,120.85,57.549
1216.5,206.1,120.85,57.549
1217.1,205.59,120.85,57.549
1216.9,203.69,120.85,57.549
1217.1,201.8,120.85,57.549
1216.9,200.59,120.85,57.549
1216.7,199.04,120.85,57.549
1216.5,197.5,120.85,57.549
1217.1,195.26,120.85,57.549
1217.2,193.02,120.85,57.549
1215.3,190.95,124.47,59.27
1215.4,187.59,124.47,59.27
1214.5,185.99,124.47,59.27
1215.1,183.69,124.47,59.27
1215.6,181.74,124.47,59.27
1215.1,179.79,124.47,59.27
1215.6,177.48,124.47,59.27
1215.1,175.53,124.47,59.27
1215.6,173.58,124.47,59.27
1215.1,171.63,124.47,59.27
1215.6,169.33,124.47,59.27
1215.1,167.73,124.47,59.27
1215.6,166.85,124.47,59.27
1215.1,165.96,124.47,59.27
1215.6,163.65,124.47,59.27
1215.1,162.77,124.47,59.27
1215.6,161.53,124.47,59.27
1215.1,160.64,124.47,59.27
1215.6,159.4,124.47,59.27
1215.1,158.16,124.47,59.27
1215.6,156.56,124.47,59.27
1215.1,155.68,124.47,59.27
1215.6,154.79,124.47,59.27
1215.1,153.55,124.47,59.27
1215.6,152.66,124.47,59.27
1214.7,151.78,124.47,59.27
1214.9,151.6,124.47,59.27
1215.1,151.07,124.47,59.27
1215.3,151.6,124.47,59.27
1215.8,154.26,124.47,59.27
1214.9,157.27,124.47,59.27
1215.1,160.64,124.47,59.27
1216,162.95,124.47,59.27
1215.8,162.77,124.47,59.27
1215.6,162.59,124.47,59.27
1215.4,160.64,124.47,59.27
1215.3,158.34,124.47,59.27
1216.1,156.03,124.47,59.27
1216,153.37,124.47,59.27
1215.8,151.78,124.47,59.27
1215.6,150.18,124.47,59.27
1215.4,147.88,124.47,59.27
1215.3,145.57,124.47,59.27
1216.1,143.98,124.47,59.27
1216,141.67,124.47,59.27
1215.8,140.43,124.47,59.27
1215.6,138.48,124.47,59.27
1215.4,136.53,124.47,59.27
1215.3,134.58,124.47,59.27
1216.1,132.63,124.47,59.27
1216,130.68,124.47,59.27
1215.8,129.09,124.47,59.27
1215.6,126.78,124.47,59.27
1215.4,125.89,124.47,59.27
1215.3,123.24,124.47,59.27
1216.1,121.99,124.47,59.27
1216,120.4,124.47,59.27
1215.8,119.51,124.47,59.27
1215.6,118.63,124.47,59.27
1215.4,117.03,124.47,59.27
1214.9,115.08,124.47,59.27
1215.4,113.49,124.47,59.27
1214.5,112.24,124.47,59.27
1215.1,111,124.47,59.27
1216,109.05,124.47,59.27
1215.8,107.81,124.47,59.27
1215.6,107.28,124.47,59.27
1215.8,106.04,124.47,59.27
1216,104.44,124.47,59.27
1215.8,103.56,124.47,59.27
1216,103.03,124.47,59.27
1216.1,101.79,124.47,59.27
1216.3,101.61,124.47,59.27
1215.4,101.08,124.47,59.27
1215.3,99.835,124.47,59.27
1216.5,99.658,124.47,59.27
1215.6,99.126,124.47,59.27
1215.8,97.531,124.47,59.27
1215.6,96.999,124.47,59.27
1215.1,95.758,124.47,59.27
1215.6,95.581,124.47,59.27
1215.1,95.403,124.47,59.27
1215.6,94.517,124.47,59.27
1215.4,93.985,124.47,59.27
1215.3,93.099,124.47,59.27
1216.1,92.567,124.47,59.27
1216.3,92.39,124.47,59.27
1215.4,92.212,124.47,59.27
1215.6,92.744,124.47,59.27
1215.4,93.985,124.47,59.27
1215.3,94.162,124.47,59.27
1216.1,95.049,124.47,59.27
1216,96.29,124.47,59.27
1215.8,97.885,124.47,59.27
1216,98.772,124.47,59.27
1215.8,101.08,124.47,59.27
1215.6,102.67,124.47,59.27
1215.4,104.98,124.47,59.27
1215.6,106.57,124.47,59.27
1215.8,108.52,124.47,59.27
1216,111.18,124.47,59.27
1216.1,113.13,124.47,59.27
1216.3,115.79,124.47,59.27
1215.4,118.8,124.47,59.27
1215.3,122.88,124.47,59.27
1216.1,125.54,124.47,59.27
1216,129.97,124.47,59.27
1216.1,133.69,124.47,59.27
1216,139.19,124.47,59.27
1215.8,143.62,124.47,59.27
1215.6,149.12,124.47,59.27
1215.4,154.26,124.47,59.27
1215.3,159.4,124.47,59.27
1216.1,164.19,124.47,59.27
1216,169.33,124.47,59.27
1215.8,174.47,124.47,59.27
1215.6,179.96,124.47,59.27
1215.4,184.4,124.47,59.27
1215.3,189.54,124.47,59.27
1216.1,193.61,124.47,59.27
1216,197.69,124.47,59.27
1215.8,201.41,124.47,59.27
1215.6,204.43,124.47,59.27
1215.4,207.44,124.47,59.27
1215.3,210.1,124.47,59.27
1216.1,212.4,124.47,59.27
1216,215.06,124.47,59.27
1215.8,216.66,124.47,59.27
1215.6,219.32,124.47,59.27
1215.4,220.21,124.47,59.27
1215.3,221.45,124.47,59.27
1216.1,223.04,124.47,59.27
1216,223.22,124.47,59.27
1215.8,224.46,124.47,59.27
1215.6,224.99,124.47,59.27
1215.4,225.17,124.47,59.27
1215.3,225.35,124.47,59.27
1216.1,225.52,124.47,59.27
1216,225.7,124.47,59.27
1215.8,225.88,124.47,59.27
1215.6,224.99,124.47,59.27
1215.4,224.46,124.47,59.27
1215.3,224.28,124.47,59.27
1216.1,223.75,124.47,59.27
1216,223.22,124.47,59.27
1215.8,221.98,124.47,59.27
1215.6,220.74,124.47,59.27
1215.4,220.21,124.47,59.27
1215.3,217.9,124.47,59.27
1216.1,216.31,124.47,59.27
1213.1,215.77,124.47,59.27
1208.3,215.24,124.47,59.27
1198.5,213.47,128.19,61.042
1187.4,213.29,128.19,61.042
1178.8,213.1,128.19,61.042
1168,212.19,128.19,61.042
1158,211.28,128.19,61.042
1145.4,211.1,128.19,61.042
1133.9,210.18,128.19,61.042
1122,210,128.19,61.042
1110.1,209.09,128.19,61.042
1097.9,208.54,128.19,61.042
1086,208.36,128.19,61.042
1073.8,207.08,128.19,61.042
1061.9,206.17,128.19,61.042
1050.8,205.62,128.19,61.042
1040.8,205.44,128.19,61.042
1032.9,204.52,128.19,61.042
1026.1,203.24,128.19,61.042
1020.9,202.33,128.19,61.042
1016.7,201.42,128.19,61.042
1013.9,200.87,128.19,61.042
1013,200.32,128.19,61.042
1013.9,198.68,128.19,61.042
1015.9,197.77,128.19,61.042
1019.4,196.49,128.19,61.042
1025.1,195.21,128.19,61.042
1030.7,193.57,128.19,61.042
1038.6,192.66,128.19,61.042
1047.9,191.01,128.19,61.042
1058.6,189.37,128.19,61.042
1070.1,188.46,128.19,61.042
1084.2,187.18,128.19,61.042
1098.6,185.53,128.19,61.042
1112.7,184.26,128.19,61.042
1129.7,182.61,128.19,61.042
1148.1,181.7,128.19,61.042
1168.7,180.42,128.19,61.042
1188.6,179.14,128.19,61.042
1210.7,177.14,128.19,61.042
1213.5,179.14,128.19,61.042
1213.3,182.61,128.19,61.042
1214.2,186.81,128.19,61.042
1214.4,190.28,128.19,61.042
1214.6,193.39,128.19,61.042
1213.7,196.85,128.19,61.042
1213.5,201.05,128.19,61.042
1213.7,203.43,128.19,61.042
1213.8,206.53,128.19,61.042
1214,208.9,128.19,61.042
1214.2,210.91,128.19,61.042
1214.4,212.92,128.19,61.042
1214.6,214.56,128.19,61.042
1213.7,215.48,128.19,61.042
1213.5,215.29,128.19,61.042
1213.7,215.84,128.19,61.042
1213.5,216.02,128.19,61.042
1213.3,215.11,128.19,61.042
1214.2,214.2,128.19,61.042
1214.4,212.19,128.19,61.042
1214.9,209.45,128.19,61.042
1214,206.35,128.19,61.042
1214.2,186.08,128.19,61.042
1214.4,174.22,128.19,61.042
1214.6,163.08,128.19,61.042
1213.3,153.04,128.19,61.042
1214.2,144.82,128.19,61.042
1214,138.43,128.19,61.042
1214.2,131.31,128.19,61.042
1214,125.65,128.19,61.042
1213.8,119.62,128.19,61.042
1213.7,115.06,128.19,61.042
1213.5,110.13,128.19,61.042
1213.3,105.57,128.19,61.042
1213.8,101.73,128.19,61.042
1213.3,98.994,128.19,61.042
1213.5,95.16,128.19,61.042
1212.6,92.786,128.19,61.042
1212.4,90.778,128.19,61.042
1211.8,89.135,128.19,61.042
1211.3,86.761,128.19,61.042
1212.6,85.848,128.19,61.042
1212.7,86.396,128.19,61.042
1213.3,86.944,128.19,61.042
1213.5,89.317,128.19,61.042
1212.9,90.961,128.19,61.042
1213.5,93.699,128.19,61.042
1213.3,96.073,128.19,61.042
1214.2,96.986,128.19,61.042
1214,97.168,128.19,61.042
1214.2,97.716,128.19,61.042
1214.4,99.724,128.19,61.042
1214.6,100.64,128.19,61.042
1213.3,101.18,128.19,61.042
1214.2,102.83,128.19,61.042
1214.4,103.38,128.19,61.042
1214.2,103.56,128.19,61.042
1214,102.65,128.19,61.042
1214.2,100.27,128.19,61.042
1213.7,97.898,128.19,61.042
1213.5,94.064,128.19,61.042
1213.3,87.309,128.19,61.042
1213.8,80.554,128.19,61.042
1214,73.433,128.19,61.042
1214.2,63.392,128.19,61.042
1214.4,54.08,128.19,61.042
1214.6,43.673,128.19,61.042
1213.3,33.997,128.19,61.042
1214.2,24.686,128.19,61.042
1214.4,32.901,128.19,61.042
1214.6,27.242,128.19,61.042
1214,30.345,128.19,61.042
1214.9,23.59,128.19,61.042
1212.8,17.748,132.02,62.867
1210.7,16.62,135.97,64.747
1210.1,16.814,135.97,64.747
1208.3,14.103,140.03,66.683
1205.6,-38.95,144.22,68.676
1206.2,-42.031,144.22,68.676
1205.6,-42.236,144.22,68.676
1206.2,-42.442,144.22,68.676
1205.6,-42.236,144.22,68.676
1206.2,-42.442,144.22,68.676
1205.6,-42.236,144.22,68.676
1206.2,-42.442,144.22,68.676
1205.6,-42.236,144.22,68.676
1206.2,-42.442,144.22,68.676
1205.6,-42.236,144.22,68.676
1206.2,-42.442,144.22,68.676
1205.6,-42.236,144.22,68.676
1206.2,-42.442,144.22,68.676
1205.6,-42.236,144.22,68.676
1206.2,-42.031,144.22,68.676
1205.1,-41.415,144.22,68.676
1205.8,-39.155,144.22,68.676
1206,-38.95,144.22,68.676
1204.9,-39.977,144.22,68.676
1205.6,-40.593,144.22,68.676
1205.8,-41.62,144.22,68.676
1206,-39.771,144.22,68.676
1204.9,-37.923,144.22,68.676
1205.6,-35.663,144.22,68.676
1205.8,-34.636,144.22,68.676
1206.4,-34.842,144.22,68.676
1205.4,-30.117,144.22,68.676
1205.6,-27.447,144.22,68.676
1204.1,-33.404,144.22,68.676
1203.9,-35.663,144.22,68.676
1203.3,-37.101,144.22,68.676
1203.1,-36.485,144.22,68.676
1203.3,-35.047,144.22,68.676
1203.9,-33.198,144.22,68.676
1203.7,-31.35,144.22,68.676
1203.9,-27.858,144.22,68.676
1203.7,-25.187,144.22,68.676
1204.3,-21.695,144.22,68.676
1204.5,-16.971,144.22,68.676
1204.7,-13.479,144.22,68.676
1205.4,-9.9869,144.22,68.676
1205.1,-6.9057,144.22,68.676
1204.9,-5.4678,144.22,68.676
1204.7,-4.03,144.22,68.676
1207,-3.2645,140.14,66.735
1207.2,-2.6657,140.14,66.735
1207,-3.6637,140.14,66.735
1206.8,-4.2625,140.14,66.735
1208.6,-3.9179,136.18,64.848
1208.4,-4.4997,136.18,64.848
1210.9,-4.1649,132.33,63.014
1210.3,-4.7303,132.33,63.014
1210.1,-6.4266,132.33,63.014
1210.3,-6.2381,132.33,63.014
1211.3,-6.4266,132.33,63.014
1211.1,-6.992,132.33,63.014
1211.3,-3.7879,132.33,63.014
1212.2,1.3009,132.33,63.014
1212,9.7823,132.33,63.014
1211.8,15.248,132.33,63.014
1212,21.845,132.33,63.014
1211.8,30.326,132.33,63.014
1211.6,36.546,132.33,63.014
1211.4,45.781,132.33,63.014
1211.3,52.001,132.33,63.014
1211.4,56.336,132.33,63.014
1210.9,60.671,132.33,63.014
1211.1,65.383,132.33,63.014
1211.3,69.341,132.33,63.014
1211.4,72.545,132.33,63.014
1210.9,75.372,132.33,63.014
1211.1,78.953,132.33,63.014
1210.9,83.665,132.33,63.014
1207.7,90.638,132.33,63.014
1206,96.481,132.33,63.014
1205.8,102.32,132.33,63.014
1206,107.41,132.33,63.014
1205.8,112.88,132.33,63.014
1207.5,116.08,132.33,63.014
1209.2,118.53,132.33,63.014
1210.9,124.75,132.33,63.014
1211.1,129.09,132.33,63.014
1211.3,131.91,132.33,63.014
1211.4,134.74,132.33,63.014
1210.5,136.06,132.33,63.014
1210.7,136.63,132.33,63.014
1210.9,137.19,132.33,63.014
1211.1,135.87,132.33,63.014
1211.6,133.8,132.33,63.014
1210.7,132.1,132.33,63.014
1210.9,128.52,132.33,63.014
1211.4,123.81,132.33,63.014
1210.9,120.98,132.33,63.014
1211.4,117.02,132.33,63.014
1211.3,110.81,132.33,63.014
1211.4,109.86,132.33,63.014
1210.9,106.28,132.33,63.014
1211.1,101.95,132.33,63.014
1211.3,100.25,132.33,63.014
1211.4,97.423,132.33,63.014
1210.5,95.35,132.33,63.014
1211.1,92.523,132.33,63.014
1211.3,91.204,132.33,63.014
1211.4,89.13,132.33,63.014
1210.5,86.68,132.33,63.014
1210.7,83.853,132.33,63.014
1210.9,81.403,132.33,63.014
1209.2,78.953,132.33,63.014
1208.6,79.518,132.33,63.014
1208.8,79.707,132.33,63.014
1210.1,81.78,132.33,63.014
1210.7,85.361,132.33,63.014
1210.9,88.942,132.33,63.014
1210.7,91.015,132.33,63.014
1210.5,93.088,132.33,63.014
1210.3,95.539,132.33,63.014
1210.9,99.12,132.33,63.014
1211.1,101.95,132.33,63.014
1210.1,105.9,132.33,63.014
1208.4,109.49,132.33,63.014
1206.4,114.2,132.33,63.014
1208.8,122.3,132.33,63.014
1211.6,132.67,132.33,63.014
1211.8,137.76,132.33,63.014
1211.6,140.21,132.33,63.014
1211.4,141.9,132.33,63.014
1211.3,144.35,132.33,63.014
1211.8,146.43,132.33,63.014
1211.3,148.12,132.33,63.014
1211.8,150.2,132.33,63.014
1211.3,152.65,132.33,63.014
1211.8,155.47,132.33,63.014
1211.3,158.3,132.33,63.014
1211.8,160.75,132.33,63.014
1211.3,163.96,132.33,63.014
1211.8,166.78,132.33,63.014
1211.3,169.23,132.33,63.014
1211.8,171.31,132.33,63.014
1211.3,173.38,132.33,63.014
1211.8,176.21,132.33,63.014
1211.3,178.28,132.33,63.014
1211.8,180.35,132.33,63.014
1211.3,182.05,132.33,63.014
1211.8,183.37,132.33,63.014
1211.3,184.69,132.33,63.014
1211.8,186.76,132.33,63.014
1211.6,187.7,132.33,63.014
1211.1,187.89,132.33,63.014
1211.6,188.08,132.33,63.014
1211.4,187.51,132.33,63.014
1211.3,187.33,132.33,63.014
1212.6,186.76,132.33,63.014
1212,186.95,132.33,63.014
1212.2,186.76,132.33,63.014
1212,186.2,132.33,63.014
1212.2,184.88,132.33,63.014
1212,184.31,132.33,63.014
1211.8,182.24,132.33,63.014
1212,179.79,132.33,63.014
1212.2,177.34,132.33,63.014
1212,174.13,132.33,63.014
1211.8,171.68,132.33,63.014
1211.6,169.61,132.33,63.014
1211.4,166.41,132.33,63.014
1211.3,163.2,132.33,63.014
1212.2,160,132.33,63.014
1211.6,157.17,132.33,63.014
1211.4,155.47,132.33,63.014
1210.9,154.15,132.33,63.014
1211.4,152.84,132.33,63.014
1211.3,152.65,132.33,63.014
1211.8,152.08,132.33,63.014
1211.3,151.52,132.33,63.014
1211.8,152.46,132.33,63.014
1211.3,153.78,132.33,63.014
1211.8,155.1,132.33,63.014
1211.6,155.66,132.33,63.014
1211.1,158.49,132.33,63.014
1211.6,160.94,132.33,63.014
1211.1,164.52,132.33,63.014
1212,167.35,132.33,63.014
1211.8,171.68,132.33,63.014
1211.6,176.02,132.33,63.014
1211.4,180.35,132.33,63.014
1211.3,186.2,132.33,63.014
1211.8,191.66,132.33,63.014
1211.6,197.88,132.33,63.014
1211.4,204.1,132.33,63.014
1211.3,209.19,132.33,63.014
1212.2,215.41,132.33,63.014
1214.3,224.03,128.59,61.232
1214.1,231.54,128.59,61.232
1213.9,238.31,128.59,61.232
1213.3,246.92,128.59,61.232
1213.9,255.89,128.59,61.232
1213.7,263.77,128.59,61.232
1214.3,251.87,128.59,61.232
1213.3,249.85,128.59,61.232
1213.5,251.5,128.59,61.232
1213.3,254.98,128.59,61.232
1214.3,266.88,128.59,61.232
1213.7,274.03,128.59,61.232
1214.3,278.24,128.59,61.232
1213.7,281.72,128.59,61.232
1214.3,280.07,128.59,61.232
1213.3,277.32,128.59,61.232
1213.9,274.21,128.59,61.232
1213,269.63,128.59,61.232
1214.3,277.51,128.59,61.232
1214.8,276.59,128.59,61.232
1215,270.91,128.59,61.232
1214.8,264.87,128.59,61.232
1215,257.36,128.59,61.232
1215.2,249.48,128.59,61.232
1215.4,251.87,128.59,61.232
1213.6,246.37,132.43,63.063
1211.4,241.84,136.39,64.949
1209.2,233.69,140.47,66.891
1206.9,222.48,144.67,68.891
1204.1,211.36,149,70.951
1201.3,197.35,153.45,73.072
1200.6,140.31,153.45,73.072
1200,137.47,153.45,73.072
1200.6,133.75,153.45,73.072
1199.5,133.09,153.45,73.072
1199.3,132,153.45,73.072
1199.1,131.78,153.45,73.072
1200.2,132,153.45,73.072
1200.4,133.97,153.45,73.072
1199.3,135.5,153.45,73.072
1199.5,138.34,153.45,73.072
1199.7,139.87,153.45,73.072
1199.5,138.34,153.45,73.072
1199.3,136.81,153.45,73.072
1199.5,133.97,153.45,73.072
1199.7,130.69,153.45,73.072
1200,125.23,153.45,73.072
1199.3,118.01,153.45,73.072
1197.3,117.79,153.45,73.072
1198,116.26,153.45,73.072
1199.5,115.61,153.45,73.072
1199.7,116.26,153.45,73.072
1200,118.23,153.45,73.072
1200.2,119.76,153.45,73.072
1200.4,121.29,153.45,73.072
1199.3,122.82,153.45,73.072
1199.5,123.48,153.45,73.072
1199.7,124.13,153.45,73.072
1200,125.66,153.45,73.072
1200.2,126.32,153.45,73.072
1200.4,127.85,153.45,73.072
1198.4,130.25,153.45,73.072
1197.8,134.41,153.45,73.072
1199.3,137.68,153.45,73.072
1199.5,142.27,153.45,73.072
1200.2,148.17,153.45,73.072
1200.4,151.89,153.45,73.072
1199.3,153.42,153.45,73.072
1199.5,155.39,153.45,73.072
1199.7,156.04,153.45,73.072
1200,155.82,153.45,73.072
1200.2,156.04,153.45,73.072
1200.4,155.39,153.45,73.072
1199.3,154.73,153.45,73.072
1199.5,151.89,153.45,73.072
1199.3,148.61,153.45,73.072
1199.5,145.33,153.45,73.072
1199.7,142.05,153.45,73.072
1200.4,138.34,153.45,73.072
1202.8,136.09,149.11,71.006
1203,130.78,149.11,71.006
1201.9,127.17,149.11,71.006
1202.6,123.14,149.11,71.006
1202.4,119.53,149.11,71.006
1202.1,116.34,149.11,71.006
1202.4,113.16,149.11,71.006
1202.6,109.55,149.11,71.006
1201.9,106.79,149.11,71.006
1202.6,103.6,149.11,71.006
1202.4,99.989,149.11,71.006
1202.1,95.954,149.11,71.006
1201.9,92.769,149.11,71.006
1202.6,89.583,149.11,71.006
1202.4,87.247,149.11,71.006
1202.1,84.91,149.11,71.006
1201.9,84.698,149.11,71.006
1202.1,84.061,149.11,71.006
1201.9,83.424,149.11,71.006
1203,81.512,149.11,71.006
1201.9,80.451,149.11,71.006
1202.6,78.964,149.11,71.006
1201.1,79.176,149.11,71.006
1200,79.389,149.11,71.006
1200.7,80.875,149.11,71.006
1201.7,83.636,149.11,71.006
1201.9,87.247,149.11,71.006
1202.6,90.857,149.11,71.006
1202.4,94.892,149.11,71.006
1202.1,98.078,149.11,71.006
1201.1,100.41,149.11,71.006
1199.6,104.87,149.11,71.006
1201.5,116.56,149.11,71.006
1202.6,125.69,149.11,71.006
1202.8,127.17,149.11,71.006
1203,126.11,149.11,71.006
1201.9,124.63,149.11,71.006
1203,124.84,149.11,71.006
1201.9,124.63,149.11,71.006
1202.6,123.99,149.11,71.006
1202.8,123.78,149.11,71.006
1203,121.86,149.11,71.006
1201.5,119.53,149.11,71.006
1203,117.62,149.11,71.006
1202.4,116.56,149.11,71.006
1203,115.49,149.11,71.006
1202.4,114.43,149.11,71.006
1203,113.79,149.11,71.006
1202.4,112.31,149.11,71.006
1203,110.4,149.11,71.006
1202.4,108.91,149.11,71.006
1203,107.42,149.11,71.006
1202.4,105.09,149.11,71.006
1203,103.6,149.11,71.006
1202.4,103.81,149.11,71.006
1203,104.02,149.11,71.006
1202.8,103.81,149.11,71.006
1203.4,104.87,149.11,71.006
1203.2,107.21,149.11,71.006
1202.6,108.7,149.11,71.006
1203.2,112.31,149.11,71.006
1202.6,115.49,149.11,71.006
1203.2,121.23,149.11,71.006
1202.6,126.11,149.11,71.006
1202.8,131.85,149.11,71.006
1203.4,139.7,149.11,71.006
1202.4,146.71,149.11,71.006
1202.6,154.15,149.11,71.006
1202.8,162,149.11,71.006
1202.6,157.12,149.11,71.006
1202.8,146.71,149.11,71.006
1202.6,142.68,149.11,71.006
1202.4,142.04,149.11,71.006
1202.1,140.13,149.11,71.006
1202.4,143.74,149.11,71.006
1202.1,140.98,149.11,71.006
1202.4,136.52,149.11,71.006
1202.6,124.41,149.11,71.006
1202.8,112.73,149.11,71.006
1203,104.87,149.11,71.006
1203.2,103.81,149.11,71.006
1203.4,92.556,149.11,71.006
1202.8,37.125,149.11,71.006
1203.4,22.046,149.11,71.006
1201.5,20.56,149.11,71.006
1203,20.772,149.11,71.006
1202.8,19.71,149.11,71.006
1203.4,-3.4393,149.11,71.006
1202.8,-12.147,149.11,71.006
1203.4,-12.359,149.11,71.006
1202.8,-10.023,149.11,71.006
1203.4,-13.209,149.11,71.006
1203.2,-16.819,149.11,71.006
1202.1,-16.182,149.11,71.006
1202.8,-12.572,149.11,71.006
1203.8,-10.235,149.11,71.006
1203.6,-7.8993,149.11,71.006
1203.4,-7.6869,149.11,71.006
1202.8,-7.8993,149.11,71.006
1203.4,-9.3859,149.11,71.006
1202.8,-25.739,149.11,71.006
1203,-27.651,149.11,71.006
1202.4,-25.314,149.11,71.006
1203,-21.279,149.11,71.006
1202.4,-15.12,149.11,71.006
1202.6,-8.9612,149.11,71.006
1202.4,-1.5279,149.11,71.006
1202.1,7.6044,149.11,71.006
1201.5,15.887,149.11,71.006
1201.7,26.294,149.11,71.006
1201.5,43.072,149.11,71.006
1202.1,58.151,149.11,71.006
1203.2,78.327,149.11,71.006
1202.6,96.379,149.11,71.006
1203.2,111.88,149.11,71.006
1202.6,128.66,149.11,71.006
1203.2,139.07,149.11,71.006
1202.1,148.62,149.11,71.006
1199.4,155.63,149.11,71.006
1201.7,167.31,149.11,71.006
1202.4,181.97,149.11,71.006
1203,215.74,149.11,71.006
1201.9,225.72,149.11,71.006
1203,232.3,149.11,71.006
1201.9,238.89,149.11,71.006
1203,245.47,149.11,71.006
1202.8,251.63,149.11,71.006
1203.4,258.21,149.11,71.006
1203.2,264.37,149.11,71.006
1203,271.38,149.11,71.006
1202.8,277.54,149.11,71.006
1203.8,283.27,149.11,71.006
1203.6,287.31,149.11,71.006
1203.4,292.62,149.11,71.006
1203.2,299.2,149.11,71.006
1203,304.51,149.11,71.006
1202.8,308.55,149.11,71.006
1203.8,313.01,149.11,71.006
1203.6,316.19,149.11,71.006
1203.4,319.38,149.11,71.006
1203.2,321.71,149.11,71.006
1203,323.2,149.11,71.006
1202.8,323.84,149.11,71.006
1203.8,324.47,149.11,71.006
1203.6,323.84,149.11,71.006
1203.4,323.62,149.11,71.006
1203.2,323.41,149.11,71.006
1203,322.78,149.11,71.006
1202.8,322.14,149.11,71.006
1203.4,321.93,149.11,71.006
1203.2,322.14,149.11,71.006
1203,321.93,149.11,71.006
1202.8,322.56,149.11,71.006
1203.4,322.35,149.11,71.006
1203.2,322.14,149.11,71.006
1203,322.35,149.11,71.006
1202.8,322.56,149.11,71.006
1203.4,322.35,149.11,71.006
1202.8,322.14,149.11,71.006
1203.4,322.35,149.11,71.006
1203.2,322.99,149.11,71.006
1203,323.62,149.11,71.006
1202.8,323.84,149.11,71.006
1203.4,324.47,149.11,71.006
1202.8,325.11,149.11,71.006
1203.4,326.17,149.11,71.006
1202.8,328.08,149.11,71.006
1203.4,328.72,149.11,71.006
1202.8,330.21,149.11,71.006
1203.4,331.27,149.11,71.006
1202.8,332.33,149.11,71.006
1203.4,334.67,149.11,71.006
1202.8,336.58,149.11,71.006
1206.8,339.07,144.9,68.999
1205.8,325.24,144.9,68.999
1205.6,316.37,144.9,68.999
1205.4,313.27,144.9,68.999
1205.1,311,144.9,68.999
1204.9,308.73,144.9,68.999
1206,306.05,144.9,68.999
1205.8,304.61,144.9,68.999
1204.7,304.81,144.9,68.999
1204.9,303.37,144.9,68.999
1205.6,303.16,144.9,68.999
1205.4,303.78,144.9,68.999
1205.1,304.4,144.9,68.999
1204.9,303.37,144.9,68.999
1206,300.68,144.9,68.999
1205.8,297.59,144.9,68.999
1205.6,294.08,144.9,68.999
1205.4,288.92,144.9,68.999
1205.1,284.59,144.9,68.999
1204.9,279.43,144.9,68.999
1206,273.86,144.9,68.999
1205.8,268.7,144.9,68.999
1205.6,262.71,144.9,68.999
1205.4,255.49,144.9,68.999
1205.1,246.61,144.9,68.999
1205.4,238.57,144.9,68.999
1205.6,230.52,144.9,68.999
1205.8,222.88,144.9,68.999
1206,216.48,144.9,68.999
1205.8,209.67,144.9,68.999
1205.6,203.28,144.9,68.999
1205.4,197.29,144.9,68.999
1205.1,192.96,144.9,68.999
1204.9,188.62,144.9,68.999
1206,183.46,144.9,68.999
1205.8,179.13,144.9,68.999
1205.6,174.8,144.9,68.999
1205.4,171.7,144.9,68.999
1205.1,168.61,144.9,68.999
1204.9,165.51,144.9,68.999
1205.6,163.24,144.9,68.999
1205.4,160.97,144.9,68.999
1204.7,159.94,144.9,68.999
1205.4,158.49,144.9,68.999
1204.7,156.64,144.9,68.999
1205.4,155.6,144.9,68.999
1205.1,154.98,144.9,68.999
1204.9,154.37,144.9,68.999
1205.6,153.75,144.9,68.999
1205.4,153.95,144.9,68.999
1204.7,154.16,144.9,68.999
1204.9,154.37,144.9,68.999
1205.1,155.4,144.9,68.999
1204.5,156.43,144.9,68.999
1204.7,157.87,144.9,68.999
1204.9,159.73,144.9,68.999
1205.1,161.59,144.9,68.999
1204.5,163.45,144.9,68.999
1205.1,166.54,144.9,68.999
1204.9,168.81,144.9,68.999
1205.1,171.91,144.9,68.999
1204.5,174.59,144.9,68.999
1205.1,176.03,144.9,68.999
1204.9,176.65,144.9,68.999
1206,178.92,144.9,68.999
1205.8,180.78,144.9,68.999
1205.6,182.23,144.9,68.999
1205.4,182.85,144.9,68.999
1204.7,184.7,144.9,68.999
1205.4,185.73,144.9,68.999
1204.7,186.77,144.9,68.999
1205.4,187.8,144.9,68.999
1204.7,188.83,144.9,68.999
1205.4,189.86,144.9,68.999
1204.7,190.48,144.9,68.999
1205.4,190.69,144.9,68.999
1205.1,190.89,144.9,68.999
1204.9,191.1,144.9,68.999
1205.6,190.89,144.9,68.999
1205.4,191.1,144.9,68.999
1204.7,190.48,144.9,68.999
1205.4,190.69,144.9,68.999
1204.7,190.07,144.9,68.999
1205.8,187.8,144.9,68.999
1205.6,188.42,144.9,68.999
1204.9,187.39,144.9,68.999
1205.6,185.94,144.9,68.999
1204.9,184.5,144.9,68.999
1205.6,182.23,144.9,68.999
1205.4,179.54,144.9,68.999
1205.1,176.86,144.9,68.999
1204.9,174.59,144.9,68.999
1205.6,171.08,144.9,68.999
1205.4,167.16,144.9,68.999
1204.7,164.06,144.9,68.999
1204.9,160.14,144.9,68.999
1205.1,156.22,144.9,68.999
1204.5,152.3,144.9,68.999
1204.7,148.38,144.9,68.999
1205.4,144.46,144.9,68.999
1204.7,140.54,144.9,68.999
1205.8,135.79,144.9,68.999
1205.1,132.7,144.9,68.999
1204.5,128.36,144.9,68.999
1205.6,122.79,144.9,68.999
1205.4,119.28,144.9,68.999
1205.1,114.54,144.9,68.999
1204.9,110.61,144.9,68.999
1205.6,106.69,144.9,68.999
1205.4,101.53,144.9,68.999
1205.6,95.549,144.9,68.999
1205.4,91.215,144.9,68.999
1205.1,86.468,144.9,68.999
1204.9,82.134,144.9,68.999
1205.6,77.388,144.9,68.999
1205.4,73.467,144.9,68.999
1205.1,69.133,144.9,68.999
1204.9,63.973,144.9,68.999
1205.6,60.465,144.9,68.999
1205.4,54.893,144.9,68.999
1205.1,50.972,144.9,68.999
1204.5,46.638,144.9,68.999
1205.1,41.478,144.9,68.999
1204.5,37.557,144.9,68.999
1204.7,33.224,144.9,68.999
1204.9,28.89,144.9,68.999
1205.1,24.969,144.9,68.999
1204.5,21.46,144.9,68.999
1204.7,17.952,144.9,68.999
1204.9,15.682,144.9,68.999
1205.1,12.999,144.9,68.999
1204.9,11.141,144.9,68.999
1205.6,9.2841,144.9,68.999
1205.4,8.2522,144.9,68.999
1204.7,7.6331,144.9,68.999
1204.9,7.8394,144.9,68.999
1205.1,8.0458,144.9,68.999
1204.9,7.8394,144.9,68.999
1205.6,9.2841,144.9,68.999
1205.4,10.316,144.9,68.999
1205.1,11.761,144.9,68.999
1204.9,14.443,144.9,68.999
1205.6,17.126,144.9,68.999
1205.4,18.984,144.9,68.999
1205.6,22.905,144.9,68.999
1205.4,26.826,144.9,68.999
1205.1,30.334,144.9,68.999
1205.4,33.843,144.9,68.999
1205.6,38.589,144.9,68.999
1205.8,42.923,144.9,68.999
1206,47.257,144.9,68.999
1206.2,52.004,144.9,68.999
1205.1,57.576,144.9,68.999
1205.4,63.973,144.9,68.999
1205.6,70.371,144.9,68.999
1205.4,75.943,144.9,68.999
1205.6,83.166,144.9,68.999
1205.8,89.977,144.9,68.999
1206,98.851,144.9,68.999
1206.2,107.31,144.9,68.999
1205.6,115.77,144.9,68.999
1205.4,125.47,144.9,68.999
1205.1,134.76,144.9,68.999
1204.9,144.46,144.9,68.999
1205.6,154.57,144.9,68.999
1205.4,165.1,144.9,68.999
1205.1,175.21,144.9,68.999
1204.9,186.56,144.9,68.999
1206,198.74,144.9,68.999
1205.8,210.91,144.9,68.999
1205.6,223.91,144.9,68.999
1205.4,236.92,144.9,68.999
1205.6,249.92,144.9,68.999
1205.8,264.16,144.9,68.999
1206,277.16,144.9,68.999
1206.2,288.1,144.9,68.999
1205.6,301.51,144.9,68.999
1205.4,318.23,144.9,68.999
1205.6,333.29,144.9,68.999
1205.8,347.94,144.9,68.999
1206,363.42,144.9,68.999
1206.2,376.42,144.9,68.999
1205.6,389.84,144.9,68.999
1205.8,402.84,144.9,68.999
1206,414.19,144.9,68.999
1206.2,423.89,144.9,68.999
1205.6,432.76,144.9,68.999
1205.4,440.4,144.9,68.999
1204.3,446.39,144.9,68.999
1204.9,449.89,144.9,68.999
1205.6,452.16,144.9,68.999
1205.4,451.13,144.9,68.999
1206.8,451.9,140.8,67.048
1207,449.29,140.8,67.048
1207.2,446.29,140.8,67.048
1207.8,440.47,140.8,67.048
1207.2,434.25,140.8,67.048
1207.8,426.83,140.8,67.048
1206.8,419.01,140.8,67.048
1207.4,406.78,140.8,67.048
1207.6,395.35,140.8,67.048
1208.2,383.52,140.8,67.048
1207.6,370.48,140.8,67.048
1208.2,357.05,140.8,67.048
1207.6,346.02,140.8,67.048
1208.2,332.98,140.8,67.048
1207.6,320.75,140.8,67.048
1207.8,307.31,140.8,67.048
1206.8,294.68,140.8,67.048
1206.6,280.04,140.8,67.048
1207.6,265,140.8,67.048
1208.2,252.77,140.8,67.048
1207.6,238.13,140.8,67.048
1208.2,225.89,140.8,67.048
1207.6,213.66,140.8,67.048
1207.8,201.83,140.8,67.048
1207.2,187.19,140.8,67.048
1207.8,171.75,140.8,67.048
1207.2,156.31,140.8,67.048
1207.8,141.27,140.8,67.048
1207.2,125.42,140.8,67.048
1207.4,110.38,140.8,67.048
1207.2,92.133,140.8,67.048
1207,73.082,140.8,67.048
1208,55.635,140.8,67.048
1207.8,43.402,140.8,67.048
1207.6,33.175,140.8,67.048
1208.2,24.551,140.8,67.048
1207.2,16.329,140.8,67.048
1204.2,14.926,140.8,67.048
1207.6,19.137,140.8,67.048
1208.6,12.118,140.8,67.048
1207.6,2.6926,140.8,67.048
1208.6,-5.9306,140.8,67.048
1207.6,-12.949,140.8,67.048
1208.6,-19.166,140.8,67.048
1208,-25.784,140.8,67.048
1207.4,-31.6,140.8,67.048
1208,-34.207,140.8,67.048
1206.6,-36.413,140.8,67.048
1206.8,-37.816,140.8,67.048
1206.6,-37.616,140.8,67.048
1206.8,-37.415,140.8,67.048
1206.6,-37.215,140.8,67.048
1207.2,-36.613,140.8,67.048
1207.8,-35.209,140.8,67.048
1207.2,-34.608,140.8,67.048
1208.2,-32.402,140.8,67.048
1208,-30.998,140.8,67.048
1207.8,-29.193,140.8,67.048
1207.2,-28.19,140.8,67.048
1207.4,-30.797,140.8,67.048
1208,-31.399,140.8,67.048
1207.4,-30.396,140.8,67.048
1207.6,-28.19,140.8,67.048
1208.2,-26.787,140.8,67.048
1205.1,-28.391,145.01,69.052
1202.3,-30.043,149.35,71.117
1202.1,-31.532,149.35,71.117
1201.9,-33.871,149.35,71.117
1202.1,-31.532,149.35,71.117
1202.3,-30.893,149.35,71.117
1202.5,-29.404,149.35,71.117
1202.7,-27.49,149.35,71.117
1202.9,-26.426,149.35,71.117
1201.9,-26.214,149.35,71.117
1202.1,-25.576,149.35,71.117
1201.9,-25.788,149.35,71.117
1202.1,-26.001,149.35,71.117
1202.3,-25.788,149.35,71.117
1202.5,-24.725,149.35,71.117
1202.7,-25.363,149.35,71.117
1202.9,-23.874,149.35,71.117
1201.9,-21.96,149.35,71.117
1202.5,-20.045,149.35,71.117
1203.1,-17.28,149.35,71.117
1202.1,-11.111,149.35,71.117
1202.3,-5.3681,149.35,71.117
1202.5,0.37509,149.35,71.117
1203.1,6.5437,149.35,71.117
1202.5,12.712,149.35,71.117
1203.1,19.732,149.35,71.117
1203.8,25.9,149.35,71.117
1204,31.218,149.35,71.117
1202.5,80.354,149.35,71.117
1203.1,87.799,149.35,71.117
1202.5,95.244,149.35,71.117
1203.1,102.69,149.35,71.117
1202.1,109.71,149.35,71.117
1202.7,116.73,149.35,71.117
1203.4,123.32,149.35,71.117
1202.7,128.64,149.35,71.117
1203.4,133.96,149.35,71.117
1202.7,138.42,149.35,71.117
1203.4,142.89,149.35,71.117
1202.7,147.78,149.35,71.117
1202.9,149.27,149.35,71.117
1202.3,152.89,149.35,71.117
1202.9,156.08,149.35,71.117
1202.3,155.87,149.35,71.117
1202.9,157.78,149.35,71.117
1202.3,157.99,149.35,71.117
1202.9,157.36,149.35,71.117
1202.7,156.72,149.35,71.117
1203.8,156.08,149.35,71.117
1203.6,154.17,149.35,71.117
1203.4,151.83,149.35,71.117
1203.1,149.49,149.35,71.117
1202.9,144.59,149.35,71.117
1202.7,142.25,149.35,71.117
1203.8,138.64,149.35,71.117
1203.6,135.45,149.35,71.117
1203.8,131.41,149.35,71.117
1204,128.21,149.35,71.117
1203.8,124.6,149.35,71.117
1204,120.98,149.35,71.117
1203.8,117.37,149.35,71.117
1203.6,114.18,149.35,71.117
1203.4,111.84,149.35,71.117
1203.1,109.5,149.35,71.117
1202.9,107.16,149.35,71.117
1202.3,104.82,149.35,71.117
1202.9,103.75,149.35,71.117
1202.7,102.69,149.35,71.117
1203.8,102.05,149.35,71.117
1203.6,100.99,149.35,71.117
1203.4,100.35,149.35,71.117
1203.1,100.56,149.35,71.117
1202.9,101.63,149.35,71.117
1202.7,103.54,149.35,71.117
1203.8,104.6,149.35,71.117
1203.6,106.52,149.35,71.117
1203.4,108.43,149.35,71.117
1203.1,110.77,149.35,71.117
1202.9,113.96,149.35,71.117
1202.7,116.73,149.35,71.117
1203.8,120.77,149.35,71.117
1203.6,124.39,149.35,71.117
1203.4,128.43,149.35,71.117
1202.7,133.74,149.35,71.117
1203.4,139.91,149.35,71.117
1202.7,145.23,149.35,71.117
1203.4,148.85,149.35,71.117
1202.7,154.17,149.35,71.117
1203.4,158.21,149.35,71.117
1202.7,163.52,149.35,71.117
1203.8,167.14,149.35,71.117
1202.3,155.87,149.35,71.117
1202.9,153.53,149.35,71.117
1202.3,153.74,149.35,71.117
1202.9,154.8,149.35,71.117
1202.3,155.87,149.35,71.117
1202.9,158.21,149.35,71.117
1201,161.82,149.35,71.117
1201.7,165.44,149.35,71.117
1206.1,173.46,145.12,69.106
1205.5,179.87,145.12,69.106
1205.3,185.87,145.12,69.106
1205.1,189.79,145.12,69.106
1204.9,193.31,145.12,69.106
1205.5,195.58,145.12,69.106
1205.3,199.09,145.12,69.106
1205.1,202.19,145.12,69.106
1204.9,204.88,145.12,69.106
1205.9,208.4,145.12,69.106
1205.7,210.67,145.12,69.106
1205.5,213.36,145.12,69.106
1205.7,215.22,145.12,69.106
1205.5,217.49,145.12,69.106
1205.3,219.35,145.12,69.106
1205.1,221.21,145.12,69.106
1205.3,222.24,145.12,69.106
1205.1,223.28,145.12,69.106
1205.3,224.31,145.12,69.106
1205.5,225.34,145.12,69.106
1205.7,226.38,145.12,69.106
1205.9,227,145.12,69.106
1206.1,227.62,145.12,69.106
1205.5,228.65,145.12,69.106
1205.7,229.27,145.12,69.106
1205.5,229.48,145.12,69.106
1205.3,229.69,145.12,69.106
1205.1,229.89,145.12,69.106
1204.5,230.1,145.12,69.106
1205.1,229.48,145.12,69.106
1204.5,229.27,145.12,69.106
1205.1,228.65,145.12,69.106
1204.9,228.03,145.12,69.106
1205.5,226.58,145.12,69.106
1205.3,225.55,145.12,69.106
1204.7,224.1,145.12,69.106
1205.3,222.24,145.12,69.106
1205.1,220.38,145.12,69.106
1204.9,219.76,145.12,69.106
1205.5,218.32,145.12,69.106
1205.3,216.04,145.12,69.106
1205.1,214.6,145.12,69.106
1204.9,213.15,145.12,69.106
1205.5,210.46,145.12,69.106
1205.3,209.02,145.12,69.106
1205.1,206.74,145.12,69.106
1204.9,206.12,145.12,69.106
1205.5,203.43,145.12,69.106
1205.3,201.99,145.12,69.106
1205.1,199.71,145.12,69.106
1204.9,200.33,145.12,69.106
1206.3,196.41,145.12,69.106
1206.1,194.13,145.12,69.106
1205.9,191.86,145.12,69.106
1206.1,191.65,145.12,69.106
1205.9,191.86,145.12,69.106
1206.5,192.07,145.12,69.106
1206.7,192.27,145.12,69.106
1206.9,193.31,145.12,69.106
1206.7,196.41,145.12,69.106
1206.5,198.27,145.12,69.106
1206.3,200.13,145.12,69.106
1206.1,202.4,145.12,69.106
1205.9,205.5,145.12,69.106
1206.1,209.02,145.12,69.106
1205.9,211.7,145.12,69.106
1206.1,215.63,145.12,69.106
1205.9,219.14,145.12,69.106
1206.5,222.66,145.12,69.106
1206.3,228.65,145.12,69.106
1206.1,232.58,145.12,69.106
1205.5,237.75,145.12,69.106
1205.3,244.15,145.12,69.106
1205.1,250.97,145.12,69.106
1204.5,256.97,145.12,69.106
1204.7,264.2,145.12,69.106
1205.3,272.68,145.12,69.106
1205.1,280.74,145.12,69.106
1204.9,288.8,145.12,69.106
1205.9,297.28,145.12,69.106
1206.1,304.1,145.12,69.106
1205.5,308.85,145.12,69.106
1205.7,314.43,145.12,69.106
1205.9,318.77,145.12,69.106
1205.7,321.05,145.12,69.106
1204.2,322.08,145.12,69.106
1206.1,326.42,145.12,69.106
1205.9,333.65,145.12,69.106
1205.7,342.54,145.12,69.106
1205.9,361.76,145.12,69.106
1205.7,362.8,145.12,69.106
1205.9,362.18,145.12,69.106
1206.1,359.08,145.12,69.106
1205.9,356.8,145.12,69.106
1206.5,355.36,145.12,69.106
1206.3,353.5,145.12,69.106
1206.1,351.64,145.12,69.106
1205.9,349.78,145.12,69.106
1206.5,347.92,145.12,69.106
1206.3,344.82,145.12,69.106
1206.5,342.95,145.12,69.106
1206.3,340.27,145.12,69.106
1206.1,337.17,145.12,69.106
1205.9,334.48,145.12,69.106
1206.5,332.21,145.12,69.106
1206.3,329.93,145.12,69.106
1206.1,328.9,145.12,69.106
1205.9,327.45,145.12,69.106
1206.5,326.01,145.12,69.106
1206.7,324.56,145.12,69.106
1206.5,323.94,145.12,69.106
1206.3,323.32,145.12,69.106
1206.1,321.87,145.12,69.106
1205.9,321.67,145.12,69.106
1206.5,320.22,145.12,69.106
1206.3,318.77,145.12,69.106
1206.1,318.56,145.12,69.106
1205.9,317.94,145.12,69.106
1206.5,317.32,145.12,69.106
1206.3,315.46,145.12,69.106
1206.1,314.84,145.12,69.106
1205.9,314.22,145.12,69.106
1206.1,312.78,145.12,69.106
1205.9,312.16,145.12,69.106
1206.1,310.71,145.12,69.106
1205.9,309.68,145.12,69.106
1206.1,309.06,145.12,69.106
1205.5,308.02,145.12,69.106
1205.7,307.4,145.12,69.106
1205.9,306.78,145.12,69.106
1206.1,306.16,145.12,69.106
1205.5,304.72,145.12,69.106
1205.7,303.68,145.12,69.106
1205.9,302.24,145.12,69.106
1206.1,301.2,145.12,69.106
1205.5,299.76,145.12,69.106
1205.7,299.14,145.12,69.106
1205.9,297.28,145.12,69.106
1206.1,296.65,145.12,69.106
1205.5,295.62,145.12,69.106
1205.7,295,145.12,69.106
1205.9,293.55,145.12,69.106
1206.1,292.93,145.12,69.106
1205.5,292.73,145.12,69.106
1205.7,291.28,145.12,69.106
1205.9,290.25,145.12,69.106
1206.1,289.63,145.12,69.106
1205.5,289.42,145.12,69.106
1205.7,288.8,145.12,69.106
1205.9,288.59,145.12,69.106
1206.1,287.56,145.12,69.106
1205.5,286.94,145.12,69.106
1205.7,286.32,145.12,69.106
1205.9,284.46,145.12,69.106
1206.1,281.77,145.12,69.106
1205.9,279.91,145.12,69.106
1206.1,279.29,145.12,69.106
1205.9,276.61,145.12,69.106
1206.1,275.16,145.12,69.106
1205.5,272.88,145.12,69.106
1205.7,271.85,145.12,69.106
1205.9,269.58,145.12,69.106
1206.1,267.3,145.12,69.106
1205.5,265.03,145.12,69.106
1205.7,262.34,145.12,69.106
1205.9,260.07,145.12,69.106
1206.1,257.38,145.12,69.106
1205.5,255.11,145.12,69.106
1205.7,251.18,145.12,69.106
1205.9,250.15,145.12,69.106
1206.1,248.7,145.12,69.106
1205.9,247.25,145.12,69.106
1206.1,244.98,145.12,69.106
1205.9,242.71,145.12,69.106
1206.1,241.67,145.12,69.106
1205.9,239.81,145.12,69.106
1206.1,238.37,145.12,69.106
1205.9,236.09,145.12,69.106
1206.1,233.41,145.12,69.106
1205.9,231.96,145.12,69.106
1206.1,229.69,145.12,69.106
1205.9,228.24,145.12,69.106
1206.1,226.38,145.12,69.106
1205.9,225.34,145.12,69.106
1206.1,223.9,145.12,69.106
1205.5,223.28,145.12,69.106
1205.7,220.59,145.12,69.106
1205.9,219.56,145.12,69.106
1206.1,217.7,145.12,69.106
1205.5,216.66,145.12,69.106
1205.7,214.39,145.12,69.106
1205.9,211.7,145.12,69.106
1206.1,210.26,145.12,69.106
1205.9,207.98,145.12,69.106
1206.5,202.81,145.12,69.106
1205.9,186.49,145.12,69.106
1206.1,175.94,145.12,69.106
1205.9,169.12,145.12,69.106
1206.5,162.72,145.12,69.106
1206.3,157.13,145.12,69.106
1206.1,151.14,145.12,69.106
1205.9,145.56,145.12,69.106
1206.1,140.81,145.12,69.106
1205.5,137.29,145.12,69.106
1204.9,132.54,145.12,69.106
1205.5,128.2,145.12,69.106
1205.3,125.51,145.12,69.106
1205.1,124.06,145.12,69.106
1204.9,122.62,145.12,69.106
1205.9,121.58,145.12,69.106
1205.7,120.55,145.12,69.106
1205.5,119.52,145.12,69.106
1205.3,117.66,145.12,69.106
1205.5,116.21,145.12,69.106
1205.3,114.35,145.12,69.106
1205.1,113.31,145.12,69.106
1204.9,112.28,145.12,69.106
1205.9,111.25,145.12,69.106
1205.7,110.63,145.12,69.106
1205.5,110.83,145.12,69.106
1205.3,111.04,145.12,69.106
1205.1,110.42,145.12,69.106
1204.9,110.63,145.12,69.106
1205.5,110.83,145.12,69.106
1205.3,111.04,145.12,69.106
1205.1,110.01,145.12,69.106
1204.9,109.8,145.12,69.106
1205.5,110.42,145.12,69.106
1205.3,110.21,145.12,69.106
1205.1,110.01,145.12,69.106
1204.9,109.8,145.12,69.106
1205.5,110.83,145.12,69.106
1205.3,110.63,145.12,69.106
1205.1,110.42,145.12,69.106
1204.9,110.21,145.12,69.106
1205.5,110.01,145.12,69.106
1205.3,110.21,145.12,69.106
1205.1,110.42,145.12,69.106
1204.9,110.21,145.12,69.106
1205.9,110.42,145.12,69.106
1205.7,110.21,145.12,69.106
1205.5,109.59,145.12,69.106
1205.3,109.39,145.12,69.106
1204.7,109.18,145.12,69.106
1205.3,108.56,145.12,69.106
1204.7,108.35,145.12,69.106
1205.3,107.73,145.12,69.106
1205.1,107.53,145.12,69.106
1204.9,106.49,145.12,69.106
1205.5,105.87,145.12,69.106
1205.3,105.25,145.12,69.106
1205.1,103.81,145.12,69.106
1204.9,103.6,145.12,69.106
1205.5,102.57,145.12,69.106
1204.9,101.53,145.12,69.106
1205.5,100.91,145.12,69.106
1204.9,99.88,145.12,69.106
1205.5,99.26,145.12,69.106
1205.3,97.399,145.12,69.106
1205.1,96.779,145.12,69.106
1204.9,96.572,145.12,69.106
1205.5,95.539,145.12,69.106
1205.3,94.919,145.12,69.106
1205.1,94.712,145.12,69.106
1204.9,94.092,145.12,69.106
1205.5,93.472,145.12,69.106
1205.3,93.265,145.12,69.106
1205.1,92.645,145.12,69.106
1204.9,92.852,145.12,69.106
1205.5,93.059,145.12,69.106
1205.3,92.025,145.12,69.106
1205.1,91.818,145.12,69.106
1204.9,92.439,145.12,69.106
1205.5,92.645,145.12,69.106
1205.3,92.852,145.12,69.106
1205.1,93.472,145.12,69.106
1204.9,93.679,145.12,69.106
1207.5,96.103,141.02,67.152
1209.7,98.056,137.03,65.254
1209.9,99.422,137.03,65.254
1209.7,100.79,137.03,65.254
1209.9,102.15,137.03,65.254
1210.1,103.52,137.03,65.254
1209.1,106.45,137.03,65.254
1209.3,108.99,137.03,65.254
1209.5,111.91,137.03,65.254
1209.7,114.84,137.03,65.254
1209.9,118.55,137.03,65.254
1209.7,121.48,137.03,65.254
1209.5,120.89,137.03,65.254
1209.3,120.7,137.03,65.254
1206.8,124.01,137.03,65.254
1211.3,126.69,133.16,63.409
1211.1,130.3,133.16,63.409
1210.9,134.66,133.16,63.409
1211.8,139.4,133.16,63.409
1212,143.38,133.16,63.409
1211.5,146.61,133.16,63.409
1211.3,150.97,133.16,63.409
1211.1,152.68,133.16,63.409
1210.9,155.52,133.16,63.409
1211.5,158.37,133.16,63.409
1211.3,163.49,133.16,63.409
1211.1,166.71,133.16,63.409
1211.3,172.97,133.16,63.409
1211.8,178.47,133.16,63.409
1212,182.07,133.16,63.409
1211.5,182.64,133.16,63.409
1211.7,183.21,133.16,63.409
1211.8,182.64,133.16,63.409
1212,182.45,133.16,63.409
1211.5,181.88,133.16,63.409
1211.7,180.56,133.16,63.409
1211.8,180.75,133.16,63.409
1212,179.8,133.16,63.409
1211.5,178.09,133.16,63.409
1211.7,177.14,133.16,63.409
1211.5,176.19,133.16,63.409
1211.3,175.25,133.16,63.409
1211.1,173.92,133.16,63.409
1211.3,172.59,133.16,63.409
1211.1,172.4,133.16,63.409
1210.9,171.07,133.16,63.409
1211.8,169.37,133.16,63.409
1211.7,168.04,133.16,63.409
1211.5,166.71,133.16,63.409
1211.3,165.76,133.16,63.409
1211.1,164.06,133.16,63.409
1210.9,161.97,133.16,63.409
1211.8,160.26,133.16,63.409
1211.7,158.56,133.16,63.409
1211.8,157.23,133.16,63.409
1212,155.52,133.16,63.409
1211.5,154.57,133.16,63.409
1211.7,153.25,133.16,63.409
1211.8,150.78,133.16,63.409
1212,149.83,133.16,63.409
1211.5,147.37,133.16,63.409
1211.7,146.04,133.16,63.409
1211.8,143.95,133.16,63.409
1212,142.62,133.16,63.409
1211.5,141.68,133.16,63.409
1211.3,139.97,133.16,63.409
1211.5,137.88,133.16,63.409
1211.7,136.56,133.16,63.409
1211.8,135.61,133.16,63.409
1212,134.66,133.16,63.409
1211.5,133.33,133.16,63.409
1211.7,131.62,133.16,63.409
1211.8,130.68,133.16,63.409
1212,129.35,133.16,63.409
1211.5,128.02,133.16,63.409
1211.7,125.93,133.16,63.409
1211.8,124.99,133.16,63.409
1212,123.66,133.16,63.409
1211.5,123.09,133.16,63.409
1211.7,121.38,133.16,63.409
1211.8,120.06,133.16,63.409
1212,118.73,133.16,63.409
1211.8,117.78,133.16,63.409
1212,117.21,133.16,63.409
1211.5,115.5,133.16,63.409
1211.3,114.56,133.16,63.409
1211.1,113.99,133.16,63.409
1211.3,112.28,133.16,63.409
1211.5,111.33,133.16,63.409
1211.7,110.38,133.16,63.409
1211.8,108.68,133.16,63.409
1212,107.73,133.16,63.409
1211.5,105.64,133.16,63.409
1211.7,103.56,133.16,63.409
1211.8,101.47,133.16,63.409
1212,99.383,133.16,63.409
1211.5,97.297,133.16,63.409
1211.3,95.59,133.16,63.409
1211.1,93.124,133.16,63.409
1210.9,90.659,133.16,63.409
1211.8,88.952,133.16,63.409
1211.7,86.107,133.16,63.409
1211.5,83.262,133.16,63.409
1211.3,80.797,133.16,63.409
1211.1,77.952,133.16,63.409
1210.9,75.866,133.16,63.409
1211.5,73.021,133.16,63.409
1211.3,70.176,133.16,63.409
1211.1,67.331,133.16,63.409
1210.9,64.486,133.16,63.409
1211.5,61.642,133.16,63.409
1211.3,58.797,133.16,63.409
1211.1,55.193,133.16,63.409
1210.9,51.59,133.16,63.409
1211.8,49.124,133.16,63.409
1211.7,45.9,133.16,63.409
1211.5,42.297,133.16,63.409
1211.3,39.452,133.16,63.409
1211.1,36.986,133.16,63.409
1210.9,33.762,133.16,63.409
1211.8,31.297,133.16,63.409
1212,27.693,133.16,63.409
1211.8,24.848,133.16,63.409
1212,21.245,133.16,63.409
1211.8,18.4,133.16,63.409
1212.4,15.935,133.16,63.409
1212.6,12.711,133.16,63.409
1212.8,10.245,133.16,63.409
1213,7.7795,133.16,63.409
1212.4,6.0726,133.16,63.409
1212.2,1.7105,133.16,63.409
1210,-5.8754,137.14,65.305
1206.6,-16.423,141.24,67.257
1206,-23.463,141.24,67.257
1205,-28.895,141.24,67.257
1204.8,-32.315,141.24,67.257
1205.4,-33.321,141.24,67.257
1205.6,-34.729,141.24,67.257
1206.2,-35.332,141.24,67.257
1206,-34.729,141.24,67.257
1206.2,-34.528,141.24,67.257
1206.4,-33.119,141.24,67.257
1207,-32.114,141.24,67.257
1206.4,-29.096,141.24,67.257
1206.6,-24.872,141.24,67.257
1203.9,-21.25,145.46,69.268
1203.3,-11.927,145.46,69.268
1203.9,-3.4327,145.46,69.268
1205,7.9622,145.46,69.268
1205.2,19.772,145.46,69.268
1205,30.338,145.46,69.268
1204.7,38.832,145.46,69.268
1205.8,47.741,145.46,69.268
1205.2,54.992,145.46,69.268
1204.5,61.001,145.46,69.268
1205.6,68.252,145.46,69.268
1205,74.675,145.46,69.268
1204.3,81.097,145.46,69.268
1205,86.277,145.46,69.268
1204.3,91.042,145.46,69.268
1205,95.393,145.46,69.268
1204.3,99.743,145.46,69.268
1205.4,103.27,145.46,69.268
1204.7,105.96,145.46,69.268
1205.8,109.07,145.46,69.268
1205.2,112.59,145.46,69.268
1205,116.53,145.46,69.268
1204.3,120.05,145.46,69.268
1205,123.57,145.46,69.268
1204.7,127.51,145.46,69.268
1205.8,131.86,145.46,69.268
1205.2,137.04,145.46,69.268
1204.5,142.63,145.46,69.268
1205.6,149.88,145.46,69.268
1205.4,156.3,145.46,69.268
1204.7,163.97,145.46,69.268
1205.4,171.64,145.46,69.268
1204.7,179.72,145.46,69.268
1205.4,187.38,145.46,69.268
1204.7,195.46,145.46,69.268
1205.8,203.13,145.46,69.268
1205.2,209.13,145.46,69.268
1205,215.56,145.46,69.268
1205.2,221.98,145.46,69.268
1205.4,225.92,145.46,69.268
1206,229.02,145.46,69.268
1205.8,230.47,145.46,69.268
1205.2,230.68,145.46,69.268
1205,232.13,145.46,69.268
1204.3,234.41,145.46,69.268
1205,238.35,145.46,69.268
1204.7,245.6,145.46,69.268
1206.2,254.92,145.46,69.268
1206,260.1,145.46,69.268
1205.4,263.21,145.46,69.268
1205.2,265.49,145.46,69.268
1205,266.52,145.46,69.268
1204.7,266.32,145.46,69.268
1205.4,266.11,145.46,69.268
1204.7,265.49,145.46,69.268
1205.4,265.28,145.46,69.268
1205.2,263.83,145.46,69.268
1205,263.62,145.46,69.268
1204.7,262.59,145.46,69.268
1205.8,261.97,145.46,69.268
1205.6,260.93,145.46,69.268
1205.8,260.31,145.46,69.268
1205.6,259.27,145.46,69.268
1205.8,257.41,145.46,69.268
1205.6,255.96,145.46,69.268
1205.8,253.68,145.46,69.268
1205.6,252.23,145.46,69.268
1205.8,249.12,145.46,69.268
1205.6,246.43,145.46,69.268
1205.8,244.15,145.46,69.268
1205.6,241.46,145.46,69.268
1205.8,239.59,145.46,69.268
1205.6,237.31,145.46,69.268
1205.8,235.03,145.46,69.268
1205.6,232.34,145.46,69.268
1205.8,230.47,145.46,69.268
1205.2,228.61,145.46,69.268
1205,226.75,145.46,69.268
1204.7,224.47,145.46,69.268
1205.8,221.77,145.46,69.268
1205.2,220.74,145.46,69.268
1205,219.29,145.46,69.268
1204.7,217.84,145.46,69.268
1205.8,217.63,145.46,69.268
1205.2,217.01,145.46,69.268
1205,216.39,145.46,69.268
1205.2,217.01,145.46,69.268
1205.4,216.8,145.46,69.268
1205.6,218.67,145.46,69.268
1205.8,219.7,145.46,69.268
1205.6,221.15,145.46,69.268
1205.8,222.19,145.46,69.268
1205.2,223.64,145.46,69.268
1205.4,225.5,145.46,69.268
1205.2,226.12,145.46,69.268
1205,226.75,145.46,69.268
1205.2,228.61,145.46,69.268
1205,230.06,145.46,69.268
1204.7,230.68,145.46,69.268
1205.8,232.13,145.46,69.268
1205.6,232.34,145.46,69.268
1205.4,233.38,145.46,69.268
1205.2,234.83,145.46,69.268
1205,237.1,145.46,69.268
1204.7,237.73,145.46,69.268
1205.4,238.76,145.46,69.268
1205.2,239.38,145.46,69.268
1205,240,145.46,69.268
1204.7,240.21,145.46,69.268
1205.8,240.83,145.46,69.268
1205.2,241.46,145.46,69.268
1205,241.66,145.46,69.268
1204.7,241.87,145.46,69.268
1205.8,241.25,145.46,69.268
1205.2,241.04,145.46,69.268
1205,241.25,145.46,69.268
1204.7,241.04,145.46,69.268
1205.8,240.83,145.46,69.268
1205.2,240.21,145.46,69.268
1205,239.59,145.46,69.268
1204.7,238.97,145.46,69.268
1205.8,237.1,145.46,69.268
1205.2,236.48,145.46,69.268
1205,235.86,145.46,69.268
1204.7,235.24,145.46,69.268
1205.8,233.79,145.46,69.268
1205.2,233.58,145.46,69.268
1205,233.38,145.46,69.268
1204.7,232.34,145.46,69.268
1205.8,231.3,145.46,69.268
1205.2,230.68,145.46,69.268
1205,230.47,145.46,69.268
1204.7,230.27,145.46,69.268
1205.8,229.65,145.46,69.268
1205.6,229.44,145.46,69.268
1205.8,229.23,145.46,69.268
1205.6,229.02,145.46,69.268
1205.8,228.82,145.46,69.268
1206,229.02,145.46,69.268
1206.2,227.57,145.46,69.268
1205.6,220.74,145.46,69.268
1205,213.9,145.46,69.268
1204.3,209.13,145.46,69.268
1205.4,207.27,145.46,69.268
1205.2,206.65,145.46,69.268
1205,206.44,145.46,69.268
1204.7,206.23,145.46,69.268
1205.8,206.03,145.46,69.268
1205.6,205.82,145.46,69.268
1205.8,206.44,145.46,69.268
1204.7,209.13,145.46,69.268
1205,208.93,145.46,69.268
1204.7,209.55,145.46,69.268
1205.8,215.14,145.46,69.268
1205.2,219.49,145.46,69.268
1205,223.43,145.46,69.268
1204.7,226.95,145.46,69.268
1205.8,228.4,145.46,69.268
1204.7,230.68,145.46,69.268
1205.8,232.96,145.46,69.268
1205.2,234.41,145.46,69.268
1205,236.69,145.46,69.268
1204.7,238.97,145.46,69.268
1205.8,240,145.46,69.268
1205.2,241.04,145.46,69.268
1205,242.08,145.46,69.268
1204.7,242.7,145.46,69.268
1205.4,242.91,145.46,69.268
1204.7,242.28,145.46,69.268
1205.4,242.08,145.46,69.268
1204.7,241.04,145.46,69.268
1205.4,240,145.46,69.268
1205.2,239.38,145.46,69.268
1205,238.76,145.46,69.268
1204.7,238.14,145.46,69.268
1205.4,236.28,145.46,69.268
1204.7,234.83,145.46,69.268
1205.4,234.2,145.46,69.268
1204.7,231.92,145.46,69.268
1205,230.06,145.46,69.268
1204.7,228.61,145.46,69.268
1205.4,226.33,145.46,69.268
1205.2,223.64,145.46,69.268
1205,220.53,145.46,69.268
1204.7,217.01,145.46,69.268
1205.8,213.07,145.46,69.268
1204.7,209.55,145.46,69.268
1205.4,207.27,145.46,69.268
1204.7,204.16,145.46,69.268
1205.4,200.64,145.46,69.268
1204.7,195.88,145.46,69.268
1205.4,186.55,145.46,69.268
1204.7,180.54,145.46,69.268
1205.4,177.85,145.46,69.268
1205.6,174.74,145.46,69.268
1205.4,172.88,145.46,69.268
1205.2,171.43,145.46,69.268
1205,171.22,145.46,69.268
1204.3,172.67,145.46,69.268
1205.4,184.07,145.46,69.268
1205.2,180.54,145.46,69.268
1204.5,175.36,145.46,69.268
1205.2,169.36,145.46,69.268
1205,162.93,145.46,69.268
1204.7,156.1,145.46,69.268
1206.2,149.67,145.46,69.268
1206,143.67,145.46,69.268
1205.8,137.66,145.46,69.268
1205.6,132.06,145.46,69.268
1205.8,126.47,145.46,69.268
1205.6,122.95,145.46,69.268
1205.8,119.01,145.46,69.268
1205.6,115.49,145.46,69.268
1205.8,113.21,145.46,69.268
1205.6,110.52,145.46,69.268
1205.8,109.48,145.46,69.268
1206,108.03,145.46,69.268
1205.8,107.41,145.46,69.268
1205.6,108.03,145.46,69.268
1205.8,108.65,145.46,69.268
1205.6,110.52,145.46,69.268
1205.8,111.97,145.46,69.268
1205.6,114.66,145.46,69.268
1205.8,118.18,145.46,69.268
1205.6,121.29,145.46,69.268
1205.8,124.81,145.46,69.268
1205.6,129.16,145.46,69.268
1205.8,132.27,145.46,69.268
1205.6,135.79,145.46,69.268
1205.8,140.97,145.46,69.268
1205.6,143.67,145.46,69.268
1205.8,147.6,145.46,69.268
1205.6,151.12,145.46,69.268
1205.8,152.99,145.46,69.268
1205.6,154.44,145.46,69.268
1205.8,155.89,145.46,69.268
1205.6,156.1,145.46,69.268
1205.8,156.3,145.46,69.268
1205.6,156.1,145.46,69.268
1205.8,155.48,145.46,69.268
1205.6,154.02,145.46,69.268
1205.8,151.75,145.46,69.268
1205.6,150.3,145.46,69.268
1205.4,147.19,145.46,69.268
1205.2,143.67,145.46,69.268
1205,141.8,145.46,69.268
1204.7,138.69,145.46,69.268
1205.8,135.59,145.46,69.268
1205.6,132.48,145.46,69.268
1205.4,129.37,145.46,69.268
1205.2,125.43,145.46,69.268
1205,119.84,145.46,69.268
1203.5,116.73,145.46,69.268
1207.4,113.78,141.35,67.31
1208.8,112.77,141.35,67.31
1210.6,109.49,137.35,65.407
1210.4,105.38,137.35,65.407
1210.2,100.88,137.35,65.407
1210,97.167,137.35,65.407
1209.8,93.451,137.35,65.407
1210,90.125,137.35,65.407
1209.8,87.19,137.35,65.407
1210,84.647,137.35,65.407
1208.6,85.039,141.46,67.362
1208.8,80.808,141.46,67.362
1208.2,79.397,141.46,67.362
1208.4,77.987,141.46,67.362
1208.6,76.979,141.46,67.362
1208.8,77.181,141.46,67.362
1208.2,77.785,141.46,67.362
1208.4,79.196,141.46,67.362
1208.6,79.8,141.46,67.362
1208.8,81.614,141.46,67.362
1208.2,83.83,141.46,67.362
1208.8,84.434,141.46,67.362
1209,86.651,141.46,67.362
1205.6,89.27,141.46,67.362
1207.8,91.486,141.46,67.362
1208,95.717,141.46,67.362
1207.4,98.739,141.46,67.362
1207.6,101.76,141.46,67.362
1207.8,105.59,141.46,67.362
1208,109.82,141.46,67.362
1207.8,112.84,141.46,67.362
1208.4,117.88,141.46,67.362
1208.2,122.51,141.46,67.362
1208,127.95,141.46,67.362
1207.8,131.78,141.46,67.362
1208.4,136.82,141.46,67.362
1207.8,140.24,141.46,67.362
1208,145.28,141.46,67.362
1207.4,149.92,141.46,67.362
1208,153.34,141.46,67.362
1207.8,139.84,141.46,67.362
1208,133.19,141.46,67.362
1207.8,130.17,141.46,67.362
1207.2,129.57,141.46,67.362
1207.4,128.96,141.46,67.362
1208,133.19,141.46,67.362
1207.4,138.63,141.46,67.362
1208,140.04,141.46,67.362
1207.4,139.84,141.46,67.362
1207.6,140.04,141.46,67.362
1207.8,140.24,141.46,67.362
1208.4,139.24,141.46,67.362
1207.8,136.21,141.46,67.362
1210.4,135.76,137.46,65.458
1210.2,133.21,137.46,65.458
1210,131.84,137.46,65.458
1209.4,129.69,137.46,65.458
1209.2,129.88,137.46,65.458
1209,128.51,137.46,65.458
1208.8,127.53,137.46,65.458
1208.6,126.55,137.46,65.458
1209.2,124.79,137.46,65.458
1209,122.25,137.46,65.458
1208.4,120.49,137.46,65.458
1208.6,117.94,137.46,65.458
1209.2,115,137.46,65.458
1208.2,112.85,137.46,65.458
1208.4,109.91,137.46,65.458
1208.6,107.76,137.46,65.458
1208.4,105.21,137.46,65.458
1209,101.49,137.46,65.458
1208.8,98.166,137.46,65.458
1209,92.88,137.46,65.458
1209.6,87.594,137.46,65.458
1210.2,84.266,137.46,65.458
1210.4,80.154,137.46,65.458
1210.2,75.651,137.46,65.458
1210,71.931,137.46,65.458
1209.8,67.82,137.46,65.458
1209.2,66.058,137.46,65.458
1209.4,65.47,137.46,65.458
1212.3,67.766,133.57,63.607
1211.7,67.195,133.57,63.607
1211.6,67.386,133.57,63.607
1211.7,66.054,133.57,63.607
1211.2,65.103,133.57,63.607
1211.7,63.01,133.57,63.607
1211.2,63.961,133.57,63.607
1211.4,63.771,133.57,63.607
1211.6,63.2,133.57,63.607
1211.7,62.63,133.57,63.607
1210.8,62.439,133.57,63.607
1210.6,60.347,133.57,63.607
1211.9,58.254,133.57,63.607
1211.4,56.542,133.57,63.607
1211.2,55.971,133.57,63.607
1211,55.02,133.57,63.607
1208.1,56.351,133.57,63.607
1207.6,58.064,133.57,63.607
1209.3,59.395,133.57,63.607
1210.6,60.727,133.57,63.607
1211.9,61.678,133.57,63.607
1211.7,64.912,133.57,63.607
1211.6,67.005,133.57,63.607
1212.1,69.098,133.57,63.607
1211.9,71.191,133.57,63.607
1211.7,73.664,133.57,63.607
1211.6,75.757,133.57,63.607
1211.7,77.088,133.57,63.607
1211.6,79.562,133.57,63.607
1211.7,81.274,133.57,63.607
1211.6,81.845,133.57,63.607
1211.7,82.415,133.57,63.607
1211.2,83.747,133.57,63.607
1211.4,84.318,133.57,63.607
1211.6,85.269,133.57,63.607
1211.7,85.079,133.57,63.607
1211.2,85.269,133.57,63.607
1211.4,85.079,133.57,63.607
1211.6,84.889,133.57,63.607
1211.7,84.318,133.57,63.607
1211.2,84.508,133.57,63.607
1211.4,83.937,133.57,63.607
1211.6,82.606,133.57,63.607
1211.7,82.415,133.57,63.607
1211.2,81.464,133.57,63.607
1211.4,79.752,133.57,63.607
1211.6,78.04,133.57,63.607
1211.7,77.088,133.57,63.607
1211.6,75.757,133.57,63.607
1211.7,74.044,133.57,63.607
1211.2,73.093,133.57,63.607
1211.4,71.381,133.57,63.607
1211.2,70.049,133.57,63.607
1211,67.956,133.57,63.607
1210.4,66.625,133.57,63.607
1210.6,66.434,133.57,63.607
1210,65.864,133.57,63.607
1209.5,65.293,133.57,63.607
1209.7,65.103,133.57,63.607
1210.2,66.054,133.57,63.607
1211.6,67.766,133.57,63.607
1212.1,67.956,133.57,63.607
1211.9,67.386,133.57,63.607
1211.7,65.293,133.57,63.607
1211.6,63.961,133.57,63.607
1211.7,61.108,133.57,63.607
1211.6,59.395,133.57,63.607
1211.7,57.683,133.57,63.607
1211.6,55.971,133.57,63.607
1212.1,53.878,133.57,63.607
1212.3,52.166,133.57,63.607
1212.5,51.215,133.57,63.607
1212.7,49.883,133.57,63.607
1212.9,46.649,133.57,63.607
1210.4,40.371,133.57,63.607
1210.6,35.234,133.57,63.607
1210.4,31.239,133.57,63.607
1210.2,28.004,133.57,63.607
1210.4,24.77,133.57,63.607
1211,21.916,133.57,63.607
1211.2,19.824,133.57,63.607
1211.4,17.731,133.57,63.607
1211.6,15.638,133.57,63.607
1211.7,14.687,133.57,63.607
1211.6,12.594,133.57,63.607
1212.1,10.882,133.57,63.607
1211.9,8.0284,133.57,63.607
1211.7,6.3161,133.57,63.607
1211.6,4.6039,133.57,63.607
1211.7,2.8917,133.57,63.607
1211.6,0.79895,133.57,63.607
