121,118.5,70,27
121.09,118.59,70,27
122.48,119.43,70,27
122.95,120.26,70,27
124.34,120.54,70,27
123.87,120.08,70,27
124.15,120.73,70,27
123.5,120.45,70,27
122.48,121.1,70,27
122.58,120.82,70,27
123.04,121.47,70,27
122.58,122.12,70,27
122.85,123.14,70,27
123.13,123.04,70,27
121.93,124.06,70,27
122.58,123.97,70,27
123.23,123.51,70,27
122.95,123.04,70,27
123.41,123.32,70,27
122.95,123.6,70,27
123.23,122.02,70,27
122.58,122.3,70,27
120.63,123.32,70,27
120.54,123.41,70,27
116.73,126.48,70,27
116.83,126.57,70,27
115.81,128.7,70,27
115.9,128.79,70,27
115.44,131.11,70,27
114.79,131.58,70,27
113.58,131.85,70,27
113.49,132.13,70,27
113.58,132.97,70,27
113.67,132.87,70,27
115.25,132.22,70,27
114.79,132.5,70,27
116.36,131.67,70,27
116.09,131.76,70,27
115.81,130.74,70,27
116.46,130.65,70,27
115.25,129.63,70,27
115.16,129.54,70,27
115.07,129.44,70,27
113.3,130.46,70,27
113.4,130.37,70,27
112.19,130.46,70,27
112.1,130.56,70,27
107.55,128.79,70,27
107.83,128.89,70,27
106.07,128.24,70,27
105.24,128.52,70,27
103.1,129.72,70,27
103.01,129.81,70,27
101.8,131.76,70,27
102.45,131.85,70,27
102.73,134.36,70,27
103.01,134.82,70,27
103.84,135.28,70,27
104.68,135.75,70,27
105.7,136.58,70,27
105.79,136.49,70,27
106.07,139.18,70,27
105.42,138.9,70,27
105.33,137.14,70,27
105.42,137.23,70,27
105.02,131.73,72.093,27.807
105.12,130.3,72.093,27.807
106.23,122.57,70.055,27.021
106.33,121.92,70.055,27.021
107.35,128.7,70.055,27.021
107.44,128.6,70.055,27.021
111.06,133.15,70.055,27.021
110.29,133.21,72.149,27.829
112.37,136.71,74.307,28.661
111.35,135.99,76.528,29.518
112.14,135.45,78.816,30.401
112.03,135.34,78.816,30.401
113.18,138.37,78.816,30.401
112.24,138.47,78.816,30.401
115.76,139.17,81.173,31.31
115.51,139.24,83.6,32.246
116.81,139.31,86.1,33.21
116.47,139.2,86.1,33.21
118.95,140.87,88.674,34.203
120,141.45,88.674,34.203
120.59,143.92,88.674,34.203
120.24,144.51,88.674,34.203
117.3,145.1,88.674,34.203
117.18,145.92,88.674,34.203
113.07,145.33,88.674,34.203
113.66,145.68,88.674,34.203
106.96,130.29,88.674,34.203
107.08,130.41,88.674,34.203
106.11,127.67,91.326,35.226
104.86,127.02,94.056,36.279
106.73,124.65,94.056,36.279
106.86,125.28,94.056,36.279
106.32,124.11,96.868,37.364
102.6,129.89,96.868,37.364
101.96,129.76,96.868,37.364
102.18,130.61,99.765,38.481
102.05,131.01,99.765,38.481
103.77,131.14,99.765,38.481
103.64,131.27,99.765,38.481
109.05,123.47,99.765,38.481
109.71,123.34,99.765,38.481
113.02,119.24,99.765,38.481
113.42,119.91,99.765,38.481
114.43,114.7,102.75,39.631
113.75,113.75,102.75,39.631
114.71,117.43,102.75,39.631
114.84,118.11,102.75,39.631
115.8,117.43,102.75,39.631
115.93,117.56,102.75,39.631
114.43,118.79,102.75,39.631
114.03,118.11,102.75,39.631
113.07,118.52,102.75,39.631
112.94,119.2,102.75,39.631
110.35,119.06,102.75,39.631
109.67,118.92,102.75,39.631
108.27,116.83,105.82,40.816
107.11,116.08,108.98,42.037
106.1,114.21,108.98,42.037
106.24,114.35,108.98,42.037
100.61,113.63,108.98,42.037
99.602,113.77,108.98,42.037
95.415,115.65,108.98,42.037
95.848,115.51,108.98,42.037
96.673,111.85,112.24,43.294
96.822,111.99,112.24,43.294
97.863,115.12,112.24,43.294
98.011,115.27,112.24,43.294
92.319,116.25,115.6,44.588
90.744,114.52,119.06,45.921
87.229,110.83,122.61,47.294
86.741,110.99,122.61,47.294
86.904,108.88,122.61,47.294
87.066,108.72,122.61,47.294
92.427,107.58,122.61,47.294
92.264,107.42,122.61,47.294
96.975,104.66,122.61,47.294
98.112,104.5,122.61,47.294
100.99,103.95,126.28,48.708
100.82,103.79,126.28,48.708
102.45,104.56,130.06,50.165
101.93,105.77,130.06,50.165
104.51,105.94,130.06,50.165
104.34,105.08,130.06,50.165
104.51,105.25,130.06,50.165
104.69,105.42,130.06,50.165
105.2,105.25,130.06,50.165
105.03,105.08,130.06,50.165
104.86,104.91,130.06,50.165
105.15,104.33,133.95,51.665
104.62,104.15,133.95,51.665
104.45,103.62,133.95,51.665
104.98,104.15,133.95,51.665
103.38,104.33,133.95,51.665
103.56,104.51,133.95,51.665
92.024,103.97,133.95,51.665
91.846,103.44,133.95,51.665
87.892,99.654,137.95,53.209
87.709,99.836,137.95,53.209
86.195,98.858,142.08,54.8
86.007,99.046,142.08,54.8
85.819,99.987,142.08,54.8
86.007,99.799,142.08,54.8
82.055,101.12,142.08,54.8
81.866,100.55,142.08,54.8
77.537,98.105,142.08,54.8
75.602,96.721,146.32,56.439
72.833,91.032,150.7,58.126
73.032,90.832,150.7,58.126
74.829,87.438,150.7,58.126
75.029,86.839,150.7,58.126
76.426,90.233,150.7,58.126
76.226,90.832,150.7,58.126
73.232,96.222,150.7,58.126
73.032,96.422,150.7,58.126
68.184,99.346,155.2,59.864
67.567,99.551,155.2,59.864
62.016,98.935,155.2,59.864
62.221,99.14,155.2,59.864
58.726,98.523,155.2,59.864
57.698,98.729,155.2,59.864
52.969,98.523,155.2,59.864
53.175,98.318,155.2,59.864
47.77,94.75,159.84,61.654
46.288,94.962,159.84,61.654
40.298,92.134,164.62,63.498
39.208,91.48,164.62,63.498
36.809,91.262,164.62,63.498
37.027,91.044,164.62,63.498
34.192,89.953,164.62,63.498
32.665,89.735,164.62,63.498
28.678,89.44,169.55,65.396
28.004,89.216,169.55,65.396
22.549,86.666,174.62,67.352
20.17,84.502,179.84,69.366
19.932,79.976,179.84,69.366
19.694,79.261,179.84,69.366
19.932,79.499,179.84,69.366
20.17,79.737,179.84,69.366
21.361,79.976,179.84,69.366
21.6,79.737,179.84,69.366
21.361,79.976,179.84,69.366
23.029,82.12,179.84,69.366
22.791,82.358,179.84,69.366
23.505,85.455,179.84,69.366
24.22,85.693,179.84,69.366
25.411,88.79,179.84,69.366
25.65,89.029,179.84,69.366
26.841,90.696,179.84,69.366
27.079,91.411,179.84,69.366
28.747,91.649,179.84,69.366
28.508,91.888,179.84,69.366
33.511,91.649,179.84,69.366
34.703,92.364,179.84,69.366
38.276,93.555,179.84,69.366
42.01,95.727,174.75,67.404
46.408,99.2,174.75,67.404
49.573,101.31,169.81,65.499
56.698,108.76,165.01,63.647
59.249,110.75,160.34,61.847
66.684,104.17,160.34,61.847
67.321,103.96,160.34,61.847
73.906,93.547,160.34,61.847
74.968,92.91,160.34,61.847
84.527,89.723,160.34,61.847
83.192,87.312,165.14,63.696
97.559,88.431,160.47,61.895
101.17,88.644,160.47,61.895
106.64,84.104,165.27,63.746
107.01,82.932,170.21,65.652
114,83.158,170.21,65.652
114.84,81.5,175.3,67.615
121.11,79.41,175.3,67.615
121.34,79.178,175.3,67.615
123.43,78.945,175.3,67.615
122.74,79.178,175.3,67.615
123.43,79.874,175.3,67.615
123.2,79.642,175.3,67.615
126.22,82.197,175.3,67.615
126.45,81.964,175.3,67.615
124.07,86.759,180.54,69.637
124.78,87.955,180.54,69.637
117.54,94.328,185.94,71.719
117.79,95.56,185.94,71.719
117.54,100.24,185.94,71.719
117.79,99.501,185.94,71.719
117.72,98.183,191.5,73.863
117.97,98.944,191.5,73.863
123.3,99.197,191.5,73.863
124.06,98.436,191.5,73.863
127.36,97.675,191.5,73.863
127.1,97.929,191.5,73.863
127.03,96.571,197.22,76.072
127.81,96.832,197.22,76.072
125.65,87.595,203.12,78.346
125.38,87.326,203.12,78.346
125.65,86.519,203.12,78.346
129.15,84.097,203.12,78.346
129.42,83.29,203.12,78.346
131.3,84.636,203.12,78.346
128.53,83.733,209.19,80.689
131.58,85.673,209.19,80.689
131.3,85.95,209.19,80.689
130.67,82.804,215.45,83.101
130.96,82.519,215.45,83.101
135.24,85.088,215.45,83.101
135.52,84.802,215.45,83.101
139.23,87.942,215.45,83.101
141.23,88.798,215.45,83.101
138.87,85.558,221.89,85.586
139.16,87.027,221.89,85.586
142.39,87.909,221.89,85.586
142.69,87.615,221.89,85.586
143.57,89.673,221.89,85.586
143.86,89.967,221.89,85.586
145.92,90.849,221.89,85.586
142.31,87.512,228.52,88.145
144.43,89.631,228.52,88.145
144.13,89.328,228.52,88.145
144.43,91.447,228.52,88.145
140.71,87.405,235.36,90.781
140.4,90.211,235.36,90.781
140.71,89.899,235.36,90.781
140.4,90.834,235.36,90.781
140.09,90.523,235.36,90.781
139.77,91.458,235.36,90.781
139.46,91.146,235.36,90.781
139.77,90.834,235.36,90.781
140.09,90.523,235.36,90.781
141.64,90.211,235.36,90.781
141.33,89.899,235.36,90.781
141.02,86.469,235.36,90.781
141.33,86.781,235.36,90.781
141.64,88.34,235.36,90.781
141.96,88.652,235.36,90.781
142.89,88.34,235.36,90.781
143.2,88.028,235.36,90.781
147.26,80.857,235.36,90.781
146.94,79.922,235.36,90.781
147.88,85.846,235.36,90.781
147.57,86.158,235.36,90.781
148.5,97.07,235.36,90.781
145.92,95.401,242.39,93.495
141.1,112.42,242.39,93.495
140.78,113.38,242.39,93.495
137.89,126.55,242.39,93.495
136.93,127.51,242.39,93.495
128.49,130.29,249.64,96.291
128.16,131.94,249.64,96.291
131.13,131.61,249.64,96.291
131.47,130.62,249.64,96.291
131.8,130.95,249.64,96.291
130.14,134.59,249.64,96.291
129.81,134.26,249.64,96.291
134.11,138.56,249.64,96.291
134.44,138.89,249.64,96.291
135.43,145.17,249.64,96.291
135.76,146.16,249.64,96.291
132.13,146.49,249.64,96.291
131.8,146.16,249.64,96.291
114.27,146.49,249.64,96.291
107.32,145.5,249.64,96.291
112.51,144.55,242.58,93.568
114.97,146.84,235.73,90.923
110.91,137.15,235.73,90.923
108.32,132.98,242.77,93.641
80.344,107.58,242.77,93.641
75.107,103.28,250.03,96.441
57.126,84.948,257.51,99.325
54.738,83.243,257.51,99.325
44.163,80.855,257.51,99.325
36.317,79.149,257.51,99.325
38.251,84.988,250.23,96.516
37.257,83.331,250.23,96.516
30.296,78.358,250.23,96.516
31.513,81.38,243.15,93.787
34.412,72.683,243.15,93.787
34.734,71.717,243.15,93.787
51.162,70.75,243.15,93.787
53.417,70.428,243.15,93.787
53.739,77.193,243.15,93.787
54.061,78.159,243.15,93.787
53.739,84.279,243.15,93.787
53.417,85.246,243.15,93.787
55.902,94.473,250.42,96.592
59.788,96.678,257.91,99.48
64.913,98.387,257.91,99.48
73.001,100.82,250.62,96.667
78.645,61.973,250.62,96.667
77.649,56.329,250.62,96.667
92.589,56.661,250.62,96.667
94.913,56.993,250.62,96.667
90.834,51.232,258.11,99.557
91.176,49.522,258.11,99.557
90.834,49.864,258.11,99.557
96.193,51.614,250.81,96.742
95.419,51.985,243.72,94.007
93.805,51.662,243.72,94.007
91.762,39.107,236.83,91.349
89.566,38.166,236.83,91.349
95.737,36.634,230.13,88.766
100.52,38.193,223.63,86.256
104.96,38.49,223.63,86.256
106.44,39.378,223.63,86.256
96.071,47.97,223.63,86.256
96.567,50.078,217.3,83.818
96.279,49.214,217.3,83.818
82.942,62.778,211.16,81.448
82.85,64.769,205.19,79.145
72.249,59.604,205.19,79.145
70.346,59.332,205.19,79.145
64.094,55.798,205.19,79.145
63.278,56.07,205.19,79.145
49.415,52.536,205.19,79.145
43.901,51.625,211.33,81.511
37.09,52.497,205.35,79.207
33.554,52.769,205.35,79.207
28.385,51.953,205.35,79.207
27.569,51.137,205.35,79.207
27.841,48.689,205.35,79.207
23.955,48.321,211.49,81.575
15.83,48.041,211.49,81.575
14.99,48.881,211.49,81.575
9.6663,51.963,211.49,81.575
12.936,54.517,205.51,79.268
11.031,54.245,205.51,79.268
11.303,54.517,205.51,79.268
6.6746,53.7,205.51,79.268
6.4023,53.973,205.51,79.268
-0.94847,55.334,205.51,79.268
-1.2207,56.151,205.51,79.268
-17.089,59.594,211.66,81.639
-22.216,58.093,217.98,84.08
-33.478,64.157,217.98,84.08
-34.344,64.446,217.98,84.08
-40.409,65.89,217.98,84.08
-41.275,65.601,217.98,84.08
-42.141,69.933,217.98,84.08
-42.43,70.221,217.98,84.08
-40.409,70.51,217.98,84.08
-40.12,70.221,217.98,84.08
-35.788,69.933,217.98,84.08
-33.767,69.644,217.98,84.08
-29.435,71.088,217.98,84.08
-34.716,69.542,224.5,86.594
-37.774,68.545,231.21,89.183
-36.243,68.851,231.21,89.183
-41.231,67.824,238.13,91.849
-42.808,68.14,238.13,91.849
-36.184,64.67,238.13,91.849
-33.345,64.985,238.13,91.849
-17.256,59.622,238.13,91.849
-6.215,59.307,238.13,91.849
4.1952,56.468,238.13,91.849
9.1389,59.974,231.39,89.252
10.059,55.376,231.39,89.252
15.476,59.397,224.85,86.729
22.922,53.141,224.85,86.729
26.795,51.652,224.85,86.729
34.242,50.759,224.85,86.729
35.731,50.461,224.85,86.729
36.625,50.163,224.85,86.729
41.688,52.844,224.85,86.729
42.582,53.737,224.85,86.729
39.505,55.857,218.49,84.277
39.216,54.989,218.49,84.277
44.716,47.752,218.49,84.277
47.321,47.463,218.49,84.277
53.978,39.648,218.49,84.277
55.425,39.358,218.49,84.277
54.557,41.384,218.49,84.277
52.531,42.253,218.49,84.277
51.084,45.437,218.49,84.277
50.215,45.726,218.49,84.277
58.03,45.437,218.49,84.277
61.793,44.568,218.49,84.277
69.608,44.858,218.49,84.277
72.213,45.147,218.49,84.277
74.819,45.437,218.49,84.277
74.529,45.726,218.49,84.277
70.766,46.016,218.49,84.277
69.319,45.726,218.49,84.277
60.346,50.647,218.49,84.277
58.32,50.936,218.49,84.277
48.189,58.751,218.49,84.277
46.163,60.199,218.49,84.277
35.453,76.697,218.49,84.277
33.427,78.724,218.49,84.277
24.454,90.012,218.49,84.277
21.849,90.881,218.49,84.277
6.7149,94.541,225.03,86.796
0.071615,93.542,231.76,89.392
-9.446,93.849,231.76,89.392
-10.981,92.928,231.76,89.392
-23.349,93.126,238.69,92.064
-26.195,94.075,238.69,92.064
-35.771,100.6,245.82,94.817
-37.4,101.58,245.82,94.817
-42.284,103.21,245.82,94.817
-42.61,102.88,245.82,94.817
-37.725,103.86,245.82,94.817
-37.4,104.19,245.82,94.817
-36.423,99.301,245.82,94.817
-35.446,98.975,245.82,94.817
-33.599,99.339,238.87,92.136
-34.548,97.757,238.87,92.136
-31.067,97.44,238.87,92.136
-30.751,97.757,238.87,92.136
-31.067,100.6,238.87,92.136
-30.751,100.29,238.87,92.136
-32.966,99.339,238.87,92.136
-33.282,99.655,238.87,92.136
-36.13,94.909,238.87,92.136
-36.447,94.592,238.87,92.136
-39.928,96.174,238.87,92.136
-40.877,97.124,238.87,92.136
-41.193,97.44,238.87,92.136
-40.244,99.655,238.87,92.136
-39.928,99.972,238.87,92.136
-44.041,101.55,238.87,92.136
-43.725,101.87,238.87,92.136
-39.611,97.757,238.87,92.136
-39.295,97.44,238.87,92.136
-33.282,93.326,238.87,92.136
-32.966,93.643,238.87,92.136
-26.953,93.326,238.87,92.136
-26.004,93.643,238.87,92.136
-22.523,97.757,238.87,92.136
-22.84,98.073,238.87,92.136
-19.992,97.757,238.87,92.136
-19.042,97.44,238.87,92.136
-22.523,107.88,238.87,92.136
-22.84,109.47,238.87,92.136
-18.726,120.54,238.87,92.136
-17.776,121.49,238.87,92.136
-12.171,122.96,246.01,94.891
-10.541,123.94,246.01,94.891
-8.2597,125.57,246.01,94.891
-7.282,125.89,246.01,94.891
-8.0267,118.93,253.37,97.728
-7.6911,118.6,253.37,97.728
-7.1155,118.15,260.95,100.65
-6.7698,118.49,260.95,100.65
-0.20173,113.31,260.95,100.65
0.83533,112.96,260.95,100.65
2.5638,107.08,260.95,100.65
2.9095,106.74,260.95,100.65
3.2551,106.39,260.95,100.65
2.9095,106.74,260.95,100.65
3.2551,108.47,260.95,100.65
2.9095,108.81,260.95,100.65
2.5638,112.61,260.95,100.65
2.2181,112.27,260.95,100.65
0.48964,110.54,260.95,100.65
0.83533,110.19,260.95,100.65
0.045386,103.5,268.75,103.66
-2.9043,98.75,276.78,106.76
-4.0043,106.45,276.78,106.76
-8.5089,108.15,285.06,109.95
-2.5908,113.11,277,106.84
-1.49,112.74,277,106.84
5.4822,124.12,277,106.84
7.317,126.68,277,106.84
6.95,127.05,277,106.84
6.5831,126.68,277,106.84
-1.123,118.98,277,106.84
-2.2239,118.61,277,106.84
-9.196,126.32,277,106.84
-11.765,128.15,277,106.84
-9.9299,135.86,277,106.84
-13.704,133.16,285.28,110.04
-6.2533,129.63,293.81,113.33
-2.7503,130.01,293.81,113.33
-2.3611,130.4,293.81,113.33
18.268,128.46,293.81,113.33
24.106,128.85,293.81,113.33
43.179,126.9,293.81,113.33
51.352,127.29,293.81,113.33
66.032,120.54,302.6,116.72
79.261,120.14,302.6,116.72
86.877,120.54,302.6,116.72
90.485,120.94,302.6,116.72
102.91,123.74,302.6,116.72
107.32,124.14,302.6,116.72
111.73,123.74,302.6,116.72
112.13,124.14,302.6,116.72
85.274,117.33,302.6,116.72
80.062,116.13,302.6,116.72
82.336,118.18,294.04,113.42
85.324,120.17,285.73,110.21
72.076,119.03,285.73,110.21
69.426,118.66,285.73,110.21
53.907,116.76,285.73,110.21
50.5,116.39,285.73,110.21
47.348,117.56,277.65,107.09
45.509,117.2,277.65,107.09
38.52,111.68,277.65,107.09
37.417,111.31,277.65,107.09
34.107,112.42,277.65,107.09
32.268,112.05,277.65,107.09
38.52,110.94,277.65,107.09
41.095,111.31,277.65,107.09
33.371,108.74,277.65,107.09
30.061,109.84,277.65,107.09
18.658,103.59,277.65,107.09
10.934,105.43,277.65,107.09
12.773,105.79,277.65,107.09
24.423,95.906,269.8,104.07
24.065,96.264,269.8,104.07
24.423,95.192,269.8,104.07
21.461,108.29,277.87,107.18
14.731,115.15,286.17,110.38
18.143,133.73,286.17,110.38
20.038,134.87,286.17,110.38
55.295,136.76,286.17,110.38
66.289,135.63,286.17,110.38
94.723,132.21,286.17,110.38
101.93,131.83,286.17,110.38
112.92,128.42,286.17,110.38
117.09,127.29,286.17,110.38
122.78,123.87,286.17,110.38
123.16,122.74,286.17,110.38
127.33,116.29,286.17,110.38
128.46,114.4,286.17,110.38
125.81,90.512,286.17,110.38
126.19,85.583,286.17,110.38
128.08,67.007,286.17,110.38
133.27,68.188,278.08,107.26
132.9,66.347,278.08,107.26
138.67,57.18,270.22,104.23
144.28,59.011,262.58,101.28
152.52,58.704,255.15,98.417
156.46,60.433,247.94,95.634
161.61,67.369,240.93,92.93
160.65,67.05,240.93,92.93
164.38,70.598,234.12,90.303
168,71.564,227.5,87.749
164.28,73.106,221.07,85.268
164.18,74.604,214.82,82.858
166.37,67.523,208.74,80.515
169.6,68.938,202.84,78.238
166.1,58.995,202.84,78.238
165.3,57.114,202.84,78.238
155.89,47.172,202.84,78.238
150.98,43.046,208.9,80.578
142.4,33.914,208.9,80.578
140.46,31.977,208.9,80.578
137.42,31.7,208.9,80.578
134.93,31.423,208.9,80.578
145.17,47.198,208.9,80.578
152.08,49.688,208.9,80.578
140.18,61.588,208.9,80.578
140.65,65.218,203,78.299
130.16,66.025,203,78.299
128.28,66.294,203,78.299
121.02,63.874,203,78.299
119.67,63.605,203,78.299
112.59,57.989,197.26,76.086
113.03,59.848,191.68,73.934
109.73,59.594,191.68,73.934
108.96,59.34,191.68,73.934
107.19,59.594,191.68,73.934
106.43,59.848,191.68,73.934
106.68,44.866,191.68,73.934
107.44,43.597,191.68,73.934
107.19,41.311,191.68,73.934
106.43,40.55,191.68,73.934
107.19,52.992,191.68,73.934
106.93,55.277,191.68,73.934
108.37,62.163,186.26,71.844
110.27,63.919,181,69.812
110.99,58.404,181,69.812
112.18,58.164,181,69.812
111.94,51.211,181,69.812
112.18,50.492,181,69.812
111.94,49.772,181,69.812
112.18,49.053,181,69.812
113.06,53.637,175.88,67.839
113.76,53.404,175.88,67.839
114.15,55.994,170.91,65.921
114.83,55.767,170.91,65.921
113.7,50.56,170.91,65.921
113.47,49.881,170.91,65.921
113.7,50.107,170.91,65.921
113.02,40.824,170.91,65.921
113.25,41.051,170.91,65.921
113.02,38.56,170.91,65.921
112.79,38.787,170.91,65.921
112.12,45.352,170.91,65.921
112.34,45.579,170.91,65.921
112.12,51.239,170.91,65.921
111.89,51.013,170.91,65.921
112.12,53.05,170.91,65.921
111.89,52.824,170.91,65.921
112.12,52.145,170.91,65.921
112.34,51.465,170.91,65.921
113.02,51.239,170.91,65.921
112.79,51.013,170.91,65.921
112.57,54.409,170.91,65.921
112.34,53.73,170.91,65.921
112.57,53.503,170.91,65.921
112.34,53.277,170.91,65.921
112.57,55.767,170.91,65.921
111.89,55.994,170.91,65.921
111.21,58.937,170.91,65.921
111.44,59.163,170.91,65.921
111.21,64.371,170.91,65.921
110.98,65.503,170.91,65.921
110.3,66.635,170.91,65.921
110.53,66.408,170.91,65.921
111.66,63.918,170.91,65.921
111.44,64.144,170.91,65.921
112.12,61.201,170.91,65.921
111.89,60.975,170.91,65.921
112.12,63.918,170.91,65.921
112.34,64.144,170.91,65.921
112.57,65.729,170.91,65.921
111.89,65.955,170.91,65.921
112.12,70.257,170.91,65.921
112.34,70.031,170.91,65.921
112.57,70.257,170.91,65.921
111.89,69.578,170.91,65.921
111.66,67.54,170.91,65.921
111.44,67.314,170.91,65.921
112.57,67.088,170.91,65.921
111.89,66.861,170.91,65.921
112.12,69.352,170.91,65.921
112.34,69.125,170.91,65.921
112.12,70.257,170.91,65.921
111.89,70.484,170.91,65.921
112.12,67.54,170.91,65.921
112.34,67.767,170.91,65.921
112.12,69.352,170.91,65.921
112.34,69.125,170.91,65.921
112.12,73.88,170.91,65.921
111.89,74.559,170.91,65.921
111.66,77.049,170.91,65.921
111.44,76.823,170.91,65.921
112.12,77.502,170.91,65.921
111.89,75.012,170.91,65.921
111.66,75.238,170.91,65.921
111.44,73.653,170.91,65.921
112.12,73.88,170.91,65.921
111.89,75.917,170.91,65.921
111.66,76.144,170.91,65.921
111.44,76.823,170.91,65.921
112.12,77.502,170.91,65.921
111.89,81.351,170.91,65.921
111.66,81.125,170.91,65.921
111.44,88.143,170.91,65.921
112.12,88.37,170.91,65.921
111.89,98.105,170.91,65.921
111.66,98.332,170.91,65.921
111.44,101.27,170.91,65.921
112.12,101.5,170.91,65.921
111.89,91.766,170.91,65.921
111.21,91.539,170.91,65.921
111.89,82.71,170.91,65.921
111.66,82.483,170.91,65.921
111.44,74.559,170.91,65.921
112.12,73.88,170.91,65.921
111.89,73.201,170.91,65.921
111.66,72.521,170.91,65.921
111.44,63.691,170.91,65.921
112.12,63.465,170.91,65.921
111.89,51.465,170.91,65.921
111.66,50.786,170.91,65.921
111.89,50.56,170.91,65.921
112.12,50.333,170.91,65.921
111.89,55.088,170.91,65.921
111.66,55.314,170.91,65.921
110.98,56.446,170.91,65.921
111.21,56.673,170.91,65.921
107.81,57.805,170.91,65.921
107.59,57.578,170.91,65.921
96.493,56.446,170.91,65.921
97.173,56.22,170.91,65.921
93.777,46.937,170.91,65.921
93.097,46.711,170.91,65.921
80.645,32.447,170.91,65.921
79.06,31.315,170.91,65.921
51.665,15.693,170.91,65.921
50.08,15.467,170.91,65.921
47.137,2.1088,170.91,65.921
46.91,1.4296,170.91,65.921
46.231,-8.3059,170.91,65.921
46.458,-8.5323,170.91,65.921
47.137,-10.57,170.91,65.921
46.91,-10.796,170.91,65.921
46.684,-16.457,170.91,65.921
46.458,-16.683,170.91,65.921
47.59,-19.626,170.91,65.921
46.91,-19.4,170.91,65.921
47.137,-19.173,170.91,65.921
47.816,-22.57,170.91,65.921
47.59,-23.249,170.91,65.921
47.816,-32.531,170.91,65.921
48.042,-33.211,170.91,65.921
42.997,-43.479,176.02,67.892
39.666,-47.059,181.28,69.921
-25.723,-39.219,186.7,72.012
-54.483,-35.596,192.28,74.165
-62.38,-35.851,192.28,74.165
-63.144,-36.105,192.28,74.165
-60.852,-35.851,192.28,74.165
-59.578,-35.086,192.28,74.165
-58.814,-34.322,192.28,74.165
-58.05,-34.068,192.28,74.165
-59.651,-31.355,198.03,76.383
-61.299,-32.235,203.95,78.667
-64.619,-32.06,210.05,81.019
-66.368,-32.437,216.33,83.441
-68.742,-33.398,222.8,85.936
-70.597,-33.207,229.46,88.506
-73.115,-32.402,236.32,91.152
-75.709,-33.451,243.39,93.877
-76.677,-31.839,243.39,93.877
-77.644,-32.807,243.39,93.877
-79.67,-32.598,250.66,96.684
-80.002,-32.266,250.66,96.684
-79.67,-37.911,250.66,96.684
-79.338,-38.243,250.66,96.684
-80.999,-42.56,250.66,96.684
-81.995,-42.228,250.66,96.684
-79.67,-42.56,250.66,96.684
-78.674,-41.564,250.66,96.684
-77.678,-41.232,250.66,96.684
-77.346,-40.9,250.66,96.684
-77.014,-40.568,250.66,96.684
-77.346,-40.236,250.66,96.684
-76.35,-41.232,250.66,96.684
-76.018,-41.564,250.66,96.684
-76.776,-41.349,258.16,99.575
-78.926,-42.496,265.88,102.55
-81.844,-43.676,273.83,105.62
-84.85,-45.618,282.01,108.78
-87.198,-46.124,290.45,112.03
-86.813,-45.739,290.45,112.03
-89.231,-46.259,299.13,115.38
-88.835,-46.656,299.13,115.38
-91.326,-46.399,308.07,118.83
-90.101,-45.991,308.07,118.83
-88.877,-44.767,308.07,118.83
-92.258,-46.951,317.29,122.38
-91.838,-45.69,317.29,122.38
-92.258,-46.111,317.29,122.38
-94.9,-48.361,326.77,126.04
-95.333,-49.659,326.77,126.04
-94.9,-49.226,326.77,126.04
-94.467,-50.525,326.77,126.04
-94.9,-50.092,326.77,126.04
-92.736,-53.988,326.77,126.04
-92.303,-53.555,326.77,126.04
-90.138,-53.122,326.77,126.04
-89.705,-52.69,326.77,126.04
-91.56,-55.007,336.54,129.81
-95.254,-57.393,346.61,133.69
-93.877,-56.016,346.61,133.69
-93.417,-55.557,346.61,133.69
-92.958,-54.179,346.61,133.69
-93.417,-54.638,346.61,133.69
-92.958,-53.261,346.61,133.69
-92.499,-53.72,346.61,133.69
-92.958,-52.342,346.61,133.69
-92.499,-52.802,346.61,133.69
-92.958,-50.506,346.61,133.69
-92.499,-50.965,346.61,133.69
-95.713,-49.587,346.61,133.69
-95.254,-49.128,346.61,133.69
-95.713,-47.751,346.61,133.69
-96.172,-47.292,346.61,133.69
-95.713,-45.914,346.61,133.69
-100.44,-48.372,356.97,137.69
-101.83,-47.908,356.97,137.69
-101.36,-47.445,356.97,137.69
-100.9,-47.908,356.97,137.69
-100.44,-47.445,356.97,137.69
-99.972,-47.908,356.97,137.69
-100.44,-47.445,356.97,137.69
-100.9,-47.908,356.97,137.69
-100.44,-47.445,356.97,137.69
-100.9,-48.836,356.97,137.69
-100.44,-49.299,356.97,137.69
-100.9,-50.69,356.97,137.69
-100.44,-51.154,356.97,137.69
-100.9,-53.472,356.97,137.69
-100.44,-53.936,356.97,137.69
-99.045,-57.182,356.97,137.69
-98.581,-56.718,356.97,137.69
-97.19,-58.109,356.97,137.69
-97.654,-57.645,356.97,137.69
-97.19,-59.036,356.97,137.69
-97.654,-58.573,356.97,137.69
-97.19,-58.109,356.97,137.69
-97.654,-57.645,356.97,137.69
-98.118,-55.327,356.97,137.69
-98.581,-54.863,356.97,137.69
-99.045,-51.618,356.97,137.69
-99.509,-51.154,356.97,137.69
-100.9,-46.981,356.97,137.69
-101.36,-46.517,356.97,137.69
-109.95,-46.257,367.64,141.81
-114.98,-47.914,378.64,146.05
-120.18,-49.633,389.96,150.41
-124.35,-49.17,389.96,150.41
-123.88,-48.706,389.96,150.41
-127.13,-51.024,389.96,150.41
-126.67,-52.415,389.96,150.41
-124.61,-56.982,401.62,154.91
-129.23,-58.835,413.62,159.54
-137.11,-56.516,413.62,159.54
-140.36,-56.053,413.62,159.54
-139.61,-51.479,401.93,155.03
-139.16,-51.929,401.93,155.03
-138.71,-48.776,401.93,155.03
-139.16,-48.325,401.93,155.03
-138.71,-46.973,401.93,155.03
-139.16,-46.523,401.93,155.03
-138.71,-44.27,401.93,155.03
-138.26,-44.721,401.93,155.03
-139.61,-53.281,401.93,155.03
-140.06,-54.633,401.93,155.03
-137.81,-55.083,401.93,155.03
-138.26,-55.534,401.93,155.03
-137.51,-59.203,413.95,159.67
-137.97,-60.594,413.95,159.67
-137.51,-61.985,413.95,159.67
-137.04,-61.522,413.95,159.67
-136.58,-62.913,413.95,159.67
-137.04,-63.376,413.95,159.67
-138.43,-62.913,413.95,159.67
-138.9,-62.449,413.95,159.67
-140.29,-61.058,413.95,159.67
-133.97,-57.41,402.24,155.15
-136.23,-57.86,402.24,155.15
-135.78,-57.41,402.24,155.15
-138.03,-56.959,402.24,155.15
-138.48,-56.509,402.24,155.15
-138.93,-57.86,402.24,155.15
-139.38,-57.41,402.24,155.15
-138.03,-57.86,402.24,155.15
-138.48,-57.41,402.24,155.15
-136.23,-63.267,402.24,155.15
-135.78,-63.717,402.24,155.15
-135.32,-65.97,402.24,155.15
-134.87,-65.52,402.24,155.15
-133.52,-66.871,402.24,155.15
-133.07,-65.52,402.24,155.15
-131.72,-65.97,402.24,155.15
-127.39,-62.425,390.87,150.76
-126.07,-63.739,390.87,150.76
-125.63,-64.176,390.87,150.76
-124.32,-64.614,390.87,150.76
-124.76,-64.176,390.87,150.76
-122.57,-63.739,390.87,150.76
-122.13,-63.301,390.87,150.76
-122.57,-62.863,390.87,150.76
-122.13,-62.425,390.87,150.76
-124.32,-63.739,390.87,150.76
-124.76,-64.176,390.87,150.76
-124.32,-64.614,390.87,150.76
-123.01,-63.301,390.87,150.76
-123.45,-64.614,390.87,150.76
-120.38,-61.55,390.87,150.76
-121.69,-61.987,390.87,150.76
-118.63,-61.55,390.87,150.76
-119.07,-61.112,390.87,150.76
-116,-61.55,390.87,150.76
-116.44,-61.112,390.87,150.76
-115.13,-64.176,390.87,150.76
-115.56,-63.739,390.87,150.76
-114.25,-64.176,390.87,150.76
-114.69,-64.614,390.87,150.76
-117.75,-66.803,390.87,150.76
-118.19,-68.117,390.87,150.76
-113.38,-66.803,390.87,150.76
-112.94,-67.241,390.87,150.76
-111.62,-67.679,390.87,150.76
-111.19,-67.241,390.87,150.76
-110.75,-66.803,390.87,150.76
-110.31,-66.365,390.87,150.76
-111.62,-68.555,390.87,150.76
-111.19,-68.117,390.87,150.76
-113.38,-70.306,390.87,150.76
-110.91,-65.985,379.82,146.5
-106.82,-62.638,369.08,142.36
-105.58,-63.878,369.08,142.36
-105.99,-64.292,369.08,142.36
-106.41,-63.878,369.08,142.36
-107.65,-64.292,369.08,142.36
-107.23,-63.878,369.08,142.36
-107.65,-64.292,369.08,142.36
-108.06,-63.878,369.08,142.36
-108.47,-64.292,369.08,142.36
-108.89,-63.878,369.08,142.36
-107.65,-64.292,369.08,142.36
-108.06,-63.878,369.08,142.36
-110.96,-64.292,369.08,142.36
-111.37,-63.878,369.08,142.36
-112.61,-61.811,369.08,142.36
-112.2,-61.398,369.08,142.36
-112.61,-60.157,369.08,142.36
-113.02,-62.225,369.08,142.36
-113.44,-55.197,369.08,142.36
-113.02,-53.956,369.08,142.36
-72.922,-46.928,369.08,142.36
-65.067,-46.515,369.08,142.36
-62.173,-47.755,369.08,142.36
-60.933,-47.342,369.08,142.36
-54.732,-46.928,369.08,142.36
-52.665,-47.342,369.08,142.36
-49.771,-52.716,369.08,142.36
-47.704,-53.956,369.08,142.36
-59.693,-53.543,369.08,142.36
-64.24,-53.13,369.08,142.36
-65.48,-53.543,369.08,142.36
-58.452,-53.13,369.08,142.36
-56.385,-53.543,369.08,142.36
-55.145,-53.13,369.08,142.36
-53.905,-53.543,369.08,142.36
-52.665,-52.303,369.08,142.36
-45.38,-50.704,358.64,138.33
-40.711,-48.346,348.5,134.42
-41.102,-48.737,348.5,134.42
-41.492,-47.566,348.5,134.42
-41.883,-47.956,348.5,134.42
-48.519,-47.566,348.5,134.42
-50.47,-47.175,348.5,134.42
-53.984,-48.346,348.5,134.42
-55.155,-48.737,348.5,134.42
-53.984,-48.346,348.5,134.42
-54.374,-48.737,348.5,134.42
-50.861,-48.346,348.5,134.42
-49.69,-49.517,348.5,134.42
-50.861,-49.127,348.5,134.42
-51.251,-47.956,348.5,134.42
-49.299,-47.566,348.5,134.42
-49.69,-47.175,348.5,134.42
-31.343,-41.32,348.5,134.42
-27.83,-40.929,348.5,134.42
-18.596,-37.864,358.92,138.44
-18.736,-40.336,369.66,142.58
-5.9004,-43.234,369.66,142.58
-2.1739,-43.649,369.66,142.58
-1.7598,-44.063,369.66,142.58
-1.3458,-44.477,369.66,142.58
10.662,-45.719,369.66,142.58
12.732,-46.133,369.66,142.58
14.802,-46.547,369.66,142.58
16.044,-46.961,369.66,142.58
12.588,-45.366,380.71,146.84
9.0289,-46.282,392.09,151.24
5.363,-53.374,403.82,155.76
2.4922,-55.25,415.89,160.41
13.43,-58.112,428.32,165.21
13.054,-62.9,441.13,170.15
9.705,-64.053,454.32,175.24
5.2313,-66.209,467.91,180.48
-0.37295,-68.444,481.9,185.87
-7.1136,-70.759,496.3,191.43
-15.924,-73.157,511.14,197.16
-24.03,-76.568,526.43,203.05
-30.509,-80.068,542.17,209.12
-39.078,-83.658,558.38,215.37
-41.398,-88.269,575.07,221.81
-48.604,-91.121,592.27,228.45
-49.068,-90.657,592.27,228.45
-48.604,-90.194,592.27,228.45
-49.068,-89.73,592.27,228.45
-46.75,-88.339,592.27,228.45
-45.359,-86.948,592.27,228.45
-48.604,-87.412,592.27,228.45
-47.213,-87.875,592.27,228.45
-50.459,-86.484,592.27,228.45
-51.85,-85.093,592.27,228.45
-60.66,-88.339,592.27,228.45
-66.687,-87.875,592.27,228.45
-79.206,-89.266,592.27,228.45
-89.451,-91.291,609.98,235.28
-104.6,-94.344,628.22,242.31
-115.38,-98.431,647,249.56
-131.08,-101.7,666.34,257.02
-132.47,-102.16,666.34,257.02
-146.85,-103.55,666.34,257.02
-155.66,-103.09,666.34,257.02
-164.47,-102.63,666.34,257.02
-167.71,-102.16,666.34,257.02
-165.39,-100.77,666.34,257.02
-174.89,-103.22,686.27,264.7
-174.43,-104.61,686.27,264.7
-173.96,-104.15,686.27,264.7
-190.25,-102.08,706.79,272.62
-202.21,-105.69,727.92,280.77
-206.14,-97.369,749.69,289.16
-204.74,-93.197,749.69,289.16
-197.79,-83.46,749.69,289.16
-196.4,-82.996,749.69,289.16
-192.23,-72.332,749.69,289.16
-191.76,-70.941,749.69,289.16
-188.52,-69.55,749.69,289.16
-188.98,-69.086,749.69,289.16
-190.37,-69.55,749.69,289.16
-190.83,-70.013,749.69,289.16
-198.8,-69.236,772.1,297.81
-198.33,-67.845,772.1,297.81
-191.38,-64.599,772.1,297.81
-189.99,-64.136,772.1,297.81
-193.23,-64.599,772.1,297.81
-192.77,-65.99,772.1,297.81
-196.94,-64.599,772.1,297.81
-197.41,-65.063,772.1,297.81
-198.8,-65.527,772.1,297.81
-199.26,-65.063,772.1,297.81
-195.09,-62.745,772.1,297.81
-201.53,-62.097,795.19,306.72
-193.65,-55.142,795.19,306.72
-190.4,-53.751,795.19,306.72
-176.96,-51.433,795.19,306.72
-172.78,-50.969,795.19,306.72
-165.83,-50.505,795.19,306.72
-164.44,-50.042,795.19,306.72
-160.26,-50.505,795.19,306.72
-158.87,-50.042,795.19,306.72
-158.41,-50.505,795.19,306.72
-164.44,-59.315,795.19,306.72
-165.83,-61.633,795.19,306.72
-165.36,-72.297,795.19,306.72
-164.9,-75.543,795.19,306.72
-161.66,-76.007,795.19,306.72
-161.19,-76.47,795.19,306.72
-144.85,-67.961,772.7,298.04
-145.3,-69.313,772.7,298.04
-152.06,-67.961,772.7,298.04
-154.31,-68.412,772.7,298.04
-166.48,-67.961,772.7,298.04
-168.73,-67.511,772.7,298.04
-165.57,-62.555,772.7,298.04
-165.12,-63.005,772.7,298.04
-152.06,-55.346,772.7,298.04
-148.9,-53.994,772.7,298.04
-139.44,-47.236,772.7,298.04
-138.09,-46.785,772.7,298.04
-157.3,-51.692,795.81,306.95
-171.52,-55.817,819.6,316.13
-198.87,-63.699,819.6,316.13
-204.9,-64.163,819.6,316.13
-218.35,-76.682,819.6,316.13
-220.67,-79,819.6,316.13
-222.98,-83.173,819.6,316.13
-222.52,-83.637,819.6,316.13
-226.69,-73.9,819.6,316.13
-227.16,-73.436,819.6,316.13
-228.55,-64.626,819.6,316.13
-229.01,-63.235,819.6,316.13
-229.48,-61.844,819.6,316.13
-229.94,-62.308,819.6,316.13
-222.06,-53.499,819.6,316.13
-220.67,-53.035,819.6,316.13
-222.06,-54.426,819.6,316.13
-222.52,-54.89,819.6,316.13
-223.91,-61.844,819.6,316.13
-224.38,-62.308,819.6,316.13
-228.55,-69.263,819.6,316.13
-240.34,-73.526,844.11,325.58
-240.44,-84.421,869.35,335.32
-251.12,-90.825,895.34,345.35
-246.02,-88.506,895.34,345.35
-245.55,-88.97,895.34,345.35
-244.16,-89.434,895.34,345.35
-243.7,-89.897,895.34,345.35
-235.82,-91.288,895.34,345.35
-246.88,-95.988,922.11,355.67
-259.28,-106.41,949.68,366.31
-272.08,-113.27,978.08,377.26
-292.73,-126.79,1007.3,388.54
-309.18,-133.99,1037.4,400.16
-325.16,-146.93,1068.5,412.12
-341.6,-154.48,1100.4,424.44
-357.58,-160.37,1133.3,437.13
-374.99,-166.44,1167.2,450.2
-391.98,-172.7,1202.1,463.67
-420.61,-179.17,1238,477.53
-439.58,-185.85,1275.1,491.81
-463.75,-191.81,1313.2,506.51
-483.84,-198.92,1352.4,521.66
-506.38,-203.47,1392.9,537.25
-527.67,-211.97,1434.5,553.32
-549.58,-220.7,1477.4,569.86
-572.13,-229.69,1521.6,586.9
-601.83,-233.36,1567.1,604.45
-625.72,-241.93,1613.9,622.52
-655.88,-243.36,1662.2,641.14
-682.12,-251.55,1711.9,660.31
-712.81,-255.39,1763.1,680.05
-740.56,-265.1,1815.8,700.38
-781.15,-274.18,1870.1,721.32
-811.43,-283.57,1926,742.89
-838.83,-295.14,1983.6,765.1
-868.02,-307.04,2042.9,787.98
-894.39,-317.43,2104,811.54
-924.46,-330.03,2166.9,835.81
-922.14,-327.71,2166.9,835.81
-955,-339.74,2231.7,860.8
-945.26,-337.42,2231.7,860.8
-944.8,-336.96,2231.7,860.8
-931.35,-330.93,2231.7,860.8
-929.03,-330.47,2231.7,860.8
-925.79,-323.51,2231.7,860.8
-925.32,-323.05,2231.7,860.8
-910.02,-309.6,2231.7,860.8
-905.85,-309.14,2231.7,860.8
-870.13,-289.09,2168.6,836.46
-839.92,-275.91,2107.3,812.81
-863.1,-283.25,2170.3,837.11
-889.69,-292.6,2235.2,862.14
-882.73,-281.01,2235.2,862.14
-880.42,-276.84,2235.2,862.14
-916.15,-309.67,2302,887.92
-948.25,-329.9,2370.8,914.47
-990.65,-345.89,2441.7,941.81
-1029.5,-361.36,2514.7,969.97
-1031.8,-356.26,2514.7,969.97
-1070.8,-368.44,2589.9,998.97
-1071.2,-383.74,2589.9,998.97
-1110.4,-400.07,2667.4,1028.8
-1111.8,-412.58,2667.4,1028.8
-1113.2,-414.9,2667.4,1028.8
-1108.1,-427.42,2667.4,1028.8
-1104.9,-428.81,2667.4,1028.8
-1099.8,-435.77,2667.4,1028.8
-1097.4,-436.23,2667.4,1028.8
-1097,-443.19,2667.4,1028.8
-1096.5,-444.58,2667.4,1028.8
-1096,-445.04,2667.4,1028.8
-1139.2,-443.27,2747.1,1059.6
-1139.6,-437.24,2747.1,1059.6
-1132.7,-441.41,2747.1,1059.6
-1129.4,-444.66,2747.1,1059.6
-1127.1,-453.47,2747.1,1059.6
-1123.9,-462.28,2747.1,1059.6
-1121.5,-472.01,2747.1,1059.6
-1078.5,-471.41,2669.5,1029.6
-1036.7,-460.01,2594,1000.5
-1038.1,-460.44,2594,1000.5
-1046.4,-460.01,2594,1000.5
-1049.4,-458.69,2594,1000.5
-1063,-454.75,2594,1000.5
-1065.2,-453.44,2594,1000.5
-1065.6,-449.5,2594,1000.5
-1030.3,-434.04,2520.6,972.24
-1029.9,-429.36,2520.6,972.24
-1029.4,-428.93,2520.6,972.24
-999.33,-410.51,2449.4,944.75
-968.42,-395.91,2380.1,918.04
-929.55,-381.73,2312.8,892.08
-897.25,-368.73,2247.4,866.86
-863.58,-360.65,2183.9,842.35
-863.21,-360.28,2183.9,842.35
-857.68,-358.43,2183.9,842.35
-826.44,-347.63,2122.1,818.54
-831.09,-353.72,2122.1,818.54
-830.74,-356.23,2122.1,818.54
-801.81,-339.28,2062.1,795.39
-772.31,-326.99,2003.8,772.9
-779.41,-322.6,2003.8,772.9
-751.42,-312.01,1947.2,751.05
-760.3,-305.77,1947.2,751.05
-761.94,-304.78,1947.2,751.05
-768.18,-297.22,1947.2,751.05
-742.3,-285.62,1892.1,729.81
-722.89,-263.48,1838.6,709.18
-723.83,-263.17,1838.6,709.18
-695.66,-247.87,1786.6,689.13
-670.1,-237.23,1736.1,669.64
-665.71,-228.14,1736.1,669.64
-665.41,-227.26,1736.1,669.64
-691.66,-226.43,1788,689.67
-693.17,-222.51,1788,689.67
-689.25,-213.15,1788,689.67
-688.95,-211.04,1788,689.67
-690.45,-210.74,1788,689.67
-690.15,-211.04,1788,689.67
-696.49,-211.95,1788,689.67
-698.6,-211.64,1788,689.67
-674.23,-208.23,1737.5,670.17
-673.94,-207.35,1737.5,670.17
-649.08,-198.17,1688.3,651.22
-649.94,-197.89,1688.3,651.22
-645.09,-199.31,1688.3,651.22
-644.24,-199.03,1688.3,651.22
-643.95,-199.88,1688.3,651.22
-640.82,-189.34,1688.3,651.22
-640.53,-187.34,1688.3,651.22
-652.79,-195.61,1688.3,651.22
-654.21,-195.89,1688.3,651.22
-649.94,-199.03,1688.3,651.22
-623.5,-190.67,1640.6,632.8
-621.01,-195.94,1640.6,632.8
-619.63,-196.77,1640.6,632.8
-615.47,-196.49,1640.6,632.8
-614.64,-196.77,1640.6,632.8
-605.5,-194.83,1640.6,632.8
-603.57,-195.1,1640.6,632.8
-591.66,-189.84,1640.6,632.8
-590.83,-189.57,1640.6,632.8
-586.12,-188.18,1640.6,632.8
-585.29,-187.91,1640.6,632.8
-582.24,-186.52,1640.6,632.8
-581.97,-186.24,1640.6,632.8
-573.94,-184.31,1640.6,632.8
-572.55,-184.03,1640.6,632.8
-563.41,-182.09,1640.6,632.8
-562.03,-181.81,1640.6,632.8
-557.88,-181.54,1640.6,632.8
-557.6,-181.26,1640.6,632.8
-530.25,-172.04,1594.2,614.91
-529.45,-172.31,1594.2,614.91
-528.1,-170.96,1594.2,614.91
-528.37,-170.69,1594.2,614.91
-526.49,-167.19,1594.2,614.91
-526.22,-167.46,1594.2,614.91
-527.56,-164.5,1594.2,614.91
-527.83,-164.23,1594.2,614.91
-528.64,-167.73,1594.2,614.91
-528.91,-167.46,1594.2,614.91
-533.48,-170.42,1594.2,614.91
-533.75,-171.23,1594.2,614.91
-534.02,-172.04,1594.2,614.91
-534.29,-171.77,1594.2,614.91
-516.33,-161.73,1549.1,597.53
-495.21,-153.02,1505.3,580.63
-478.76,-143.54,1462.8,564.21
-479.5,-143.79,1462.8,564.21
-464,-137.54,1421.4,548.26
-465.2,-137.78,1421.4,548.26
-465.44,-138.02,1421.4,548.26
-464.72,-138.26,1421.4,548.26
-470.24,-136.58,1421.4,548.26
-470.48,-136.82,1421.4,548.26
-459.26,-124.51,1381.2,532.76
-459.96,-124.28,1381.2,532.76
-447.19,-116.98,1342.2,517.7
-447.87,-116.75,1342.2,517.7
-456.26,-120.15,1342.2,517.7
-458.29,-119.92,1342.2,517.7
-458.52,-119.7,1342.2,517.7
-461.92,-121.28,1342.2,517.7
-463.05,-121.06,1342.2,517.7
-467.81,-120.83,1342.2,517.7
-468.94,-121.06,1342.2,517.7
-455.63,-110.79,1304.2,503.06
-455.41,-111.01,1304.2,503.06
-440.27,-101.04,1267.4,488.84
-440.06,-100.4,1267.4,488.84
-443.7,-97.618,1267.4,488.84
-443.91,-97.404,1267.4,488.84
-444.12,-93.34,1267.4,488.84
-444.34,-93.126,1267.4,488.84
-441.99,-91.629,1267.4,488.84
-442.2,-91.843,1267.4,488.84
-423.21,-84.29,1231.5,475.01
-423.01,-83.667,1231.5,475.01
-420.72,-77.223,1231.5,475.01
-420.51,-76.599,1231.5,475.01
-419.89,-73.482,1231.5,475.01
-419.26,-73.689,1231.5,475.01
-396.66,-65.103,1196.7,461.58
-395.65,-64.901,1196.7,461.58
-392.62,-66.315,1196.7,461.58
-373.48,-60.396,1162.9,448.53
-368.96,-61.77,1162.9,448.53
-366.41,-62.751,1162.9,448.53
-364.25,-66.48,1162.9,448.53
-362.09,-67.069,1162.9,448.53
-357.58,-72.761,1162.9,448.53
-354.64,-73.742,1162.9,448.53
-370.93,-79.826,1162.9,448.53
-375.05,-80.415,1162.9,448.53
-370.93,-86.892,1162.9,448.53
-368.77,-89.444,1162.9,448.53
-367.79,-95.92,1162.9,448.53
-366.02,-98.472,1162.9,448.53
-381.92,-101.81,1162.9,448.53
-387.22,-100.43,1162.9,448.53
-368.23,-108.81,1130,435.85
-349.77,-105.13,1098,423.53
-370.45,-120.92,1130.9,436.19
-388.31,-129.92,1164.7,449.23
-388.11,-145.45,1164.7,449.23
-386.35,-149.18,1164.7,449.23
-378.68,-159.21,1164.7,449.23
-373.76,-162.94,1164.7,449.23
-372.78,-168.25,1164.7,449.23
-372.19,-169.63,1164.7,449.23
-376.71,-164.71,1164.7,449.23
-379.66,-162.94,1164.7,449.23
-382.61,-154.49,1164.7,449.23
-384.38,-152.72,1164.7,449.23
-385.36,-151.34,1164.7,449.23
-374.16,-140.14,1164.7,449.23
-370.82,-139.16,1164.7,449.23
-341.97,-119.24,1131.7,436.53
-339.48,-119.43,1131.7,436.53
-338.15,-112.75,1131.7,436.53
-337.57,-112.17,1131.7,436.53
-341.2,-112.37,1131.7,436.53
-325.39,-104.47,1099.7,424.19
-330.03,-102.43,1099.7,424.19
-330.96,-101.88,1099.7,424.19
-335.6,-101.32,1099.7,424.19
-336.53,-100.76,1099.7,424.19
-341.91,-105.4,1099.7,424.19
-342.47,-105.59,1099.7,424.19
-345.63,-108,1099.7,424.19
-346.18,-108.56,1099.7,424.19
-346.37,-105.77,1099.7,424.19
-346.55,-105.59,1099.7,424.19
-346,-101.69,1099.7,424.19
-345.44,-101.5,1099.7,424.19
-344.14,-100.95,1099.7,424.19
-343.58,-101.13,1099.7,424.19
-343.4,-99.463,1099.7,424.19
-343.21,-99.649,1099.7,424.19
-344.14,-99.834,1099.7,424.19
-344.33,-99.649,1099.7,424.19
-341.91,-104.29,1099.7,424.19
-340.99,-104.47,1099.7,424.19
-340.43,-105.03,1099.7,424.19
-340.61,-105.59,1099.7,424.19
-330.03,-106.15,1099.7,424.19
-327.99,-105.96,1099.7,424.19
-330.41,-109.12,1099.7,424.19
-331.7,-109.3,1099.7,424.19
-331.89,-109.12,1099.7,424.19
-331.33,-109.3,1099.7,424.19
-327.06,-108.37,1099.7,424.19
-326.14,-108.56,1099.7,424.19
-322.61,-112.83,1099.7,424.19
-322.79,-113.38,1099.7,424.19
-320.75,-116.54,1099.7,424.19
-320.57,-117.1,1099.7,424.19
-320.38,-114.68,1099.7,424.19
-320.2,-114.87,1099.7,424.19
-318.53,-112.09,1099.7,424.19
-335.15,-118.61,1132.6,436.87
-336.49,-116.89,1132.6,436.87
-336.3,-117.08,1132.6,436.87
-360.69,-115.78,1166.5,449.93
-379.9,-121.52,1201.4,463.39
-387.4,-118.88,1201.4,463.39
-389.23,-119.09,1201.4,463.39
-393.08,-129.83,1201.4,463.39
-394.5,-130.44,1201.4,463.39
-395.11,-130.64,1201.4,463.39
-396.53,-139.77,1201.4,463.39
-396.73,-140.38,1201.4,463.39
-397.74,-146.26,1201.4,463.39
-398.35,-146.46,1201.4,463.39
-399.77,-146.66,1201.4,463.39
-400.38,-146.86,1201.4,463.39
-401.8,-147.88,1201.4,463.39
-402.81,-148.08,1201.4,463.39
-407.88,-152.34,1201.4,463.39
-408.49,-152.14,1201.4,463.39
-411.53,-155.18,1201.4,463.39
-412.14,-155.38,1201.4,463.39
-417.61,-156.8,1201.4,463.39
-417.82,-157.41,1201.4,463.39
-438.41,-169,1237.3,477.24
-438.62,-170.46,1237.3,477.24
-437.58,-172.34,1237.3,477.24
-437.37,-172.55,1237.3,477.24
-436.33,-171.92,1237.3,477.24
-435.7,-172.13,1237.3,477.24
-435.91,-169.84,1237.3,477.24
-436.12,-170.04,1237.3,477.24
-436.33,-168.58,1237.3,477.24
-435.28,-168.37,1237.3,477.24
-436.33,-166.49,1237.3,477.24
-436.12,-166.7,1237.3,477.24
-437.16,-163.99,1237.3,477.24
-436.53,-164.2,1237.3,477.24
-437.16,-161.48,1237.3,477.24
-436.95,-161.69,1237.3,477.24
-438.41,-161.48,1237.3,477.24
-438.2,-161.27,1237.3,477.24
-439.67,-159.81,1237.3,477.24
-440.29,-160.44,1237.3,477.24
-441.75,-158.56,1237.3,477.24
-442.38,-158.77,1237.3,477.24
-443.01,-158.56,1237.3,477.24
-443.63,-158.35,1237.3,477.24
-445.93,-157.31,1237.3,477.24
-446.14,-157.51,1237.3,477.24
-449.69,-156.47,1237.3,477.24
-449.9,-156.26,1237.3,477.24
-452.61,-155.63,1237.3,477.24
-453.24,-155.84,1237.3,477.24
-458.46,-154.38,1237.3,477.24
-441.6,-146.59,1202.3,463.75
-447.48,-144.36,1202.3,463.75
-449.31,-144.56,1202.3,463.75
-455.19,-141.52,1202.3,463.75
-458.24,-140.91,1202.3,463.75
-462.09,-137.46,1202.3,463.75
-467.57,-135.23,1202.3,463.75
-469.4,-133.4,1202.3,463.75
-470.41,-132.39,1202.3,463.75
-470.21,-130.97,1202.3,463.75
-470.01,-131.57,1202.3,463.75
-469.8,-131.37,1202.3,463.75
-470.01,-130.36,1202.3,463.75
-469.8,-130.56,1202.3,463.75
-469.6,-129.14,1202.3,463.75
-469.8,-129.34,1202.3,463.75
-469.6,-129.54,1202.3,463.75
-468.99,-129.34,1202.3,463.75
-468.79,-129.54,1202.3,463.75
-468.59,-128.94,1202.3,463.75
-467.98,-128.73,1202.3,463.75
-467.37,-128.53,1202.3,463.75
-467.57,-127.11,1202.3,463.75
-468.18,-127.72,1202.3,463.75
-468.79,-126.7,1202.3,463.75
-469.4,-126.5,1202.3,463.75
-470.01,-124.67,1202.3,463.75
-470.61,-124.47,1202.3,463.75
-470.01,-123.46,1202.3,463.75
-469.8,-123.25,1202.3,463.75
-452.6,-115.68,1168.3,450.64
-452.8,-115.88,1168.3,450.64
-451.03,-113.71,1168.3,450.64
-450.43,-114.7,1168.3,450.64
-450.24,-114.11,1168.3,450.64
-450.04,-113.51,1168.3,450.64
-449.05,-113.71,1168.3,450.64
-449.25,-113.91,1168.3,450.64
-465.34,-120.05,1203.3,464.11
-465.54,-119.85,1203.3,464.11
-465.34,-119.65,1203.3,464.11
-465.13,-119.44,1203.3,464.11
-464.93,-120.05,1203.3,464.11
-465.54,-119.85,1203.3,464.11
-464.93,-118.84,1203.3,464.11
-465.13,-118.63,1203.3,464.11
-464.12,-117.62,1203.3,464.11
-464.32,-117.82,1203.3,464.11
-463.71,-116.4,1203.3,464.11
-463.91,-117.01,1203.3,464.11
-464.12,-115.59,1203.3,464.11
-464.32,-114.98,1203.3,464.11
-464.12,-114.77,1203.3,464.11
-464.73,-114.57,1203.3,464.11
-464.93,-114.37,1203.3,464.11
-465.13,-115.38,1203.3,464.11
-464.52,-114.77,1203.3,464.11
-464.73,-114.16,1203.3,464.11
-465.34,-113.96,1203.3,464.11
-465.13,-113.76,1203.3,464.11
-464.93,-113.15,1203.3,464.11
-465.54,-113.35,1203.3,464.11
-464.93,-113.96,1203.3,464.11
-465.13,-113.76,1203.3,464.11
-464.93,-113.56,1203.3,464.11
-465.54,-114.16,1203.3,464.11
-465.34,-113.96,1203.3,464.11
-465.54,-113.35,1203.3,464.11
-466.15,-113.96,1203.3,464.11
-465.54,-113.76,1203.3,464.11
-465.74,-113.56,1203.3,464.11
-465.95,-114.57,1203.3,464.11
-466.15,-113.96,1203.3,464.11
-465.13,-113.76,1203.3,464.11
-464.93,-113.56,1203.3,464.11
-465.95,-113.76,1203.3,464.11
-465.74,-113.15,1203.3,464.11
-465.95,-112.95,1203.3,464.11
-466.15,-112.74,1203.3,464.11
-465.13,-112.13,1203.3,464.11
-464.93,-112.34,1203.3,464.11
-465.54,-112.54,1203.3,464.11
-465.34,-112.74,1203.3,464.11
-465.13,-112.13,1203.3,464.11
-464.93,-112.34,1203.3,464.11
-465.54,-112.54,1203.3,464.11
-465.34,-112.74,1203.3,464.11
-465.54,-112.13,1203.3,464.11
-465.34,-112.34,1203.3,464.11
-465.13,-112.54,1203.3,464.11
-465.34,-112.34,1203.3,464.11
-465.54,-112.13,1203.3,464.11
-465.74,-111.93,1203.3,464.11
-466.35,-111.73,1203.3,464.11
-466.15,-111.93,1203.3,464.11
-465.95,-111.73,1203.3,464.11
-466.96,-111.52,1203.3,464.11
-466.76,-112.13,1203.3,464.11
-466.96,-111.93,1203.3,464.11
-467.57,-111.73,1203.3,464.11
-466.96,-111.52,1203.3,464.11
-467.98,-112.13,1203.3,464.11
-468.18,-111.93,1203.3,464.11
-468.38,-111.32,1203.3,464.11
-468.59,-111.52,1203.3,464.11
-469.2,-111.32,1203.3,464.11
-468.59,-111.12,1203.3,464.11
-469.2,-110.92,1203.3,464.11
-469.4,-110.71,1203.3,464.11
-470.82,-109.7,1203.3,464.11
-471.02,-109.49,1203.3,464.11
-470.41,-110.1,1203.3,464.11
-469.4,-109.9,1203.3,464.11
-470.01,-111.73,1203.3,464.11
-470.21,-111.52,1203.3,464.11
-473.66,-112.54,1203.3,464.11
-475.08,-112.74,1203.3,464.11
-474.48,-110.51,1203.3,464.11
-473.87,-111.12,1203.3,464.11
-473.66,-110.92,1203.3,464.11
-487.39,-120.09,1239.2,477.99
-484.67,-119.88,1239.2,477.99
-482.37,-121.34,1239.2,477.99
-482.16,-121.13,1239.2,477.99
-481.95,-120.92,1239.2,477.99
-481.32,-121.55,1239.2,477.99
-481.53,-120.92,1239.2,477.99
-482.16,-120.72,1239.2,477.99
-482.37,-120.51,1239.2,477.99
-482.58,-120.3,1239.2,477.99
-484.04,-119.67,1239.2,477.99
-483.83,-119.88,1239.2,477.99
-484.88,-119.67,1239.2,477.99
-485.09,-119.04,1239.2,477.99
-487.39,-119.25,1239.2,477.99
-488.01,-119.46,1239.2,477.99
-489.48,-118.41,1239.2,477.99
-472.59,-110.61,1204.2,464.47
-474.01,-109.59,1204.2,464.47
-460.85,-101.61,1170.1,451.34
-466.57,-104.57,1170.1,451.34
-468.35,-104.37,1170.1,451.34
-469.73,-110.1,1170.1,451.34
-469.93,-111.09,1170.1,451.34
-470.13,-114.05,1170.1,451.34
-469.93,-114.25,1170.1,451.34
-439.37,-103.72,1137.1,438.58
-436.11,-104.68,1137.1,438.58
-430.92,-86.829,1137.1,438.58
-431.12,-82.799,1137.1,438.58
-438.98,-53.82,1137.1,438.58
-441.09,-51.325,1137.1,438.58
-448.69,-49.246,1171.1,451.69
-462.84,-53.429,1206.1,465.2
-453.27,-43.455,1206.1,465.2
-467.03,-47.356,1242.1,479.11
-460.53,-41.695,1242.1,479.11
-456.12,-38.551,1242.1,479.11
-468.61,-44.665,1279.3,493.43
-482.77,-49.667,1317.5,508.19
-485.66,-52.558,1317.5,508.19
-488.55,-53.67,1317.5,508.19
-486.24,-119.31,1356.9,523.38
-486.92,-126.86,1356.9,523.38
-490.36,-127.55,1356.9,523.38
-491.05,-127.78,1356.9,523.38
-560.11,-83.159,1397.5,539.03
-583.6,-89.566,1439.3,555.15
-608.28,-84.505,1482.3,571.75
-610.53,-81.252,1482.3,571.75
-614.28,-81.503,1482.3,571.75
-614.53,-81.753,1482.3,571.75
-638.44,-94.053,1526.6,588.84
-660.49,-104.66,1572.3,606.45
-682.67,-115.05,1619.3,624.58
-673.65,-110.95,1619.3,624.58
-669.55,-111.23,1619.3,624.58
-662.72,-118.61,1619.3,624.58
-680.64,-132.04,1667.7,643.26
-675.29,-127.82,1667.7,643.26
-672.2,-126.98,1667.7,643.26
-685.59,-130.68,1717.6,662.49
-686.63,-147.83,1768.9,682.3
-692.3,-143.95,1768.9,682.3
-696.18,-144.25,1768.9,682.3
-716.36,-156.54,1821.8,702.7
-711.74,-156.85,1821.8,702.7
-707.75,-154.08,1821.8,702.7
-734.06,-165.51,1876.3,723.71
-733.11,-144.29,1876.3,723.71
-730.26,-133.21,1876.3,723.71
-790.29,-226.68,1932.4,745.35
-793.88,-237.44,1932.4,745.35
-907.9,-333.71,1990.2,767.63
-905.55,-349.5,1990.2,767.63
-899.16,-339.76,1990.2,767.63
-924.55,-350.23,2049.7,790.59
-948.62,-346.48,2111,814.22
-976.26,-355.44,2174.1,838.57
-1002.5,-341.93,2239.1,863.64
-1034.1,-349.93,2306,889.47
-1029.8,-330.86,2306,889.47
-1029.4,-328.91,2306,889.47
-1070.5,-355.05,2375,916.06
-1107.2,-370.75,2446,943.45
-1158.3,-406.74,2519.1,971.66
-1200.6,-425.09,2594.4,1000.7
-1181,-432.4,2521.1,972.42
-1220.8,-448.21,2596.5,1001.5
-1258.3,-483.78,2674.1,1031.4
-1259.7,-487.84,2674.1,1031.4
-1252.9,-496.42,2674.1,1031.4
-1250.6,-496.87,2674.1,1031.4
-1250.2,-498.22,2674.1,1031.4
-1251.5,-498.68,2674.1,1031.4
-1251.1,-483.78,2674.1,1031.4
-1250.6,-482.43,2674.1,1031.4
-1251.1,-467.53,2674.1,1031.4
-1252.4,-464.37,2674.1,1031.4
-1256.5,-457.6,2674.1,1031.4
-1218.3,-441.67,2598.5,1002.3
-1182.8,-415.66,2525,973.94
-1183.3,-416.08,2525,973.94
-1188.8,-416.51,2525,973.94
-1189.2,-416.08,2525,973.94
-1193.1,-430.15,2525,973.94
-1193.5,-431.43,2525,973.94
-1228.3,-469.43,2600.5,1003.1
-1231.3,-478.64,2600.5,1003.1
-1270.6,-495.83,2678.3,1033
-1261.4,-409.57,2758.4,1063.9
-1301.3,-419.45,2840.8,1095.7
-1354.4,-475.24,2925.8,1128.5
-1402.3,-499.99,3013.3,1162.3
-1465.4,-550.29,3103.3,1197
-1516,-573.28,3196.1,1232.8
-1571.7,-601.45,3291.7,1269.7
-1529.3,-584.89,3198.6,1233.8
-1535.2,-579.04,3198.6,1233.8
-1536.5,-578.59,3198.6,1233.8
-1586.6,-583.96,3294.3,1270.6
-1636.3,-600.64,3392.8,1308.6
-1685.6,-613.25,3494.2,1347.8
-1737.4,-631.08,3598.7,1388.1
-1616.4,-587.96,3598.7,1388.1
-1608.5,-591.21,3598.7,1388.1
-1590.4,-601.87,3598.7,1388.1
-1582.5,-606.97,3598.7,1388.1
-1586.7,-610.22,3598.7,1388.1
-1587.2,-609.75,3598.7,1388.1
-1601.6,-610.22,3598.7,1388.1
-1610.4,-606.97,3598.7,1388.1
-1673.9,-611.49,3706.3,1429.6
-1736.3,-626.84,3817.1,1472.3
-1799.4,-616.86,3931.2,1516.3
-1862.3,-630.72,4048.8,1561.7
-1868.3,-612.63,4048.8,1561.7
-1873.4,-609.39,4048.8,1561.7
-1823.1,-581.28,3934.3,1517.5
-1827.2,-581.73,3934.3,1517.5
-1829.5,-581.28,3934.3,1517.5
-1829.9,-579.93,3934.3,1517.5
-1836.7,-576.78,3934.3,1517.5
-1784.2,-553.07,3823.1,1474.6
-1793.4,-554.39,3823.1,1474.6
-1742.4,-531.35,3715,1432.9
-1692,-509.82,3609.9,1392.4
-1642.2,-489.72,3507.9,1353
-1641.8,-491.73,3507.9,1353
-1639.8,-492.13,3507.9,1353
-1635.4,-491.73,3507.9,1353
-1632.6,-492.93,3507.9,1353
-1626.6,-494.14,3507.9,1353
-1623.7,-494.54,3507.9,1353
-1616.1,-490.92,3507.9,1353
-1613.3,-491.32,3507.9,1353
-1612.9,-490.92,3507.9,1353
-1612.5,-490.52,3507.9,1353
-1606.5,-488.51,3507.9,1353
-1604.5,-488.11,3507.9,1353
-1654.9,-515.17,3612.8,1393.5
-1655.3,-517.24,3612.8,1393.5
-1649.9,-512.69,3612.8,1393.5
-1594.3,-489.26,3510.6,1354.1
-1591.5,-488.06,3510.6,1354.1
-1589.5,-492.48,3510.6,1354.1
-1588.3,-492.88,3510.6,1354.1
-1582.2,-494.89,3510.6,1354.1
-1580.2,-496.1,3510.6,1354.1
-1573.4,-500.52,3510.6,1354.1
-1570.6,-501.72,3510.6,1354.1
-1565.4,-498.91,3510.6,1354.1
-1563.3,-497.7,3510.6,1354.1
-1561.3,-496.5,3510.6,1354.1
-1560.1,-496.1,3510.6,1354.1
-1547.7,-490.07,3510.6,1354.1
-1527.2,-490.47,3510.6,1354.1
-1515.5,-485.24,3510.6,1354.1
-1459.8,-464.89,3411.3,1315.8
-1410.4,-445.12,3314.9,1278.6
-1362.4,-425.9,3221.2,1242.5
-1370.2,-435.13,3221.2,1242.5
-1372,-436.97,3221.2,1242.5
-1360.6,-432.18,3221.2,1242.5
-1357.3,-432.54,3221.2,1242.5
-1311.4,-407.23,3130.1,1207.3
-1313.2,-408.31,3130.1,1207.3
-1266.4,-390.16,3041.6,1173.2
-1221.7,-372.53,2955.6,1140
-1226.7,-373.55,2955.6,1140
-1185.3,-357.09,2872,1107.8
-1183.7,-357.42,2872,1107.8
-1183.3,-356.44,2872,1107.8
-1135.2,-336.5,2790.8,1076.5
-1132.9,-336.82,2790.8,1076.5
-1133.9,-334.58,2790.8,1076.5
-1179.1,-352.91,2874.3,1108.6
-1215.8,-371.13,2960.2,1141.8
-1213.5,-370.79,2960.2,1141.8
-1163.1,-350.92,2876.5,1109.5
-1120.2,-334.25,2795.2,1078.1
-1123.7,-335.85,2795.2,1078.1
-1084.5,-319.01,2716.1,1047.7
-1086.7,-321.19,2716.1,1047.7
-1086.4,-321.5,2716.1,1047.7
-1091.6,-326.16,2716.1,1047.7
-1093.2,-326.47,2716.1,1047.7
-1099.7,-324.92,2716.1,1047.7
-1146.9,-342.76,2797.4,1079
-1142.1,-344.36,2797.4,1079
-1141.1,-344.68,2797.4,1079
-1139.5,-345,2797.4,1079
-1139.2,-345.32,2797.4,1079
-1143.3,-346.92,2797.4,1079
-1188.7,-364.01,2881,1111.2
-1261.1,-382.94,2967.1,1144.5
-1316.7,-401.75,3055.9,1178.7
-1326.1,-404.2,3055.9,1178.7
-1332.1,-402.45,3055.9,1178.7
-1334.5,-402.8,3055.9,1178.7
-1342.6,-400.35,3055.9,1178.7
-1347.8,-399.3,3055.9,1178.7
-1356.6,-396.15,3055.9,1178.7
-1359.7,-395.8,3055.9,1178.7
-1352.4,-396.15,3055.9,1178.7
-1348.5,-396.5,3055.9,1178.7
-1281,-396.85,3055.9,1178.7
-1275.1,-397.2,3055.9,1178.7
-1321.1,-421.47,3147.2,1213.9
-1369.2,-442.14,3241.3,1250.2
-1420.3,-461.2,3338.2,1287.6
-1472.1,-482.36,3438.1,1326.1
-1525.5,-500.22,3540.9,1365.8
-1579.6,-521.85,3646.7,1406.6
-1571.7,-518.09,3646.7,1406.6
-1513.9,-494.45,3543.6,1366.8
-1521.6,-500.54,3543.6,1366.8
-1524.4,-500.94,3543.6,1366.8
-1531.3,-513.52,3543.6,1366.8
-1532.5,-514.74,3543.6,1366.8
-1484.5,-497.45,3443.4,1328.2
-1485.6,-498.63,3443.4,1328.2
-1483.7,-500.6,3443.4,1328.2
-1482.5,-501,3443.4,1328.2
-1483.7,-503.76,3443.4,1328.2
-1484.1,-504.15,3443.4,1328.2
-1481.3,-495.08,3443.4,1328.2
-1481.7,-493.11,3443.4,1328.2
-1478.2,-486.41,3443.4,1328.2
-1479.3,-485.22,3443.4,1328.2
-1473.4,-476.15,3443.4,1328.2
-1472.2,-475.76,3443.4,1328.2
-1474.2,-482.46,3443.4,1328.2
-1474.6,-483.65,3443.4,1328.2
-1469.5,-480.1,3443.4,1328.2
-1468.3,-480.49,3443.4,1328.2
-1470.3,-480.88,3443.4,1328.2
-1469.9,-480.49,3443.4,1328.2
-1468.7,-478.52,3443.4,1328.2
-1468.3,-478.91,3443.4,1328.2
-1465.5,-476.94,3443.4,1328.2
-1414.9,-455.4,3346.1,1290.6
-1370.3,-437.54,3251.5,1254.1
-1370.6,-438.66,3251.5,1254.1
-1319.8,-417.58,3159.5,1218.7
-1319.5,-417.94,3159.5,1218.7
-1323.4,-420.47,3159.5,1218.7
-1276.2,-401.43,3070.2,1184.2
-1277.3,-401.79,3070.2,1184.2
-1276.9,-401.43,3070.2,1184.2
-1275.2,-396.86,3070.2,1184.2
-1274.8,-396.51,3070.2,1184.2
-1266,-394.05,3070.2,1184.2
-1218.8,-374.85,2983.4,1150.7
-1172.2,-358.24,2899,1118.2
-1172.5,-358.57,2899,1118.2
-1172.8,-358.9,2899,1118.2
-1173.8,-359.9,2899,1118.2
-1174.2,-360.23,2899,1118.2
-1177.1,-360.56,2899,1118.2
-1178.1,-360.9,2899,1118.2
-1174.5,-359.9,2899,1118.2
-1174.8,-360.23,2899,1118.2
-1174.5,-359.9,2899,1118.2
-1174.8,-360.9,2899,1118.2
-1181.1,-361.89,2899,1118.2
-1182.1,-362.22,2899,1118.2
-1189.8,-362.56,2899,1118.2
-1190.8,-362.89,2899,1118.2
-1197.1,-366.54,2899,1118.2
-1198.1,-366.87,2899,1118.2
-1221,-373.84,2899,1118.2
-1225.9,-372.85,2899,1118.2
-1236.9,-381.81,2899,1118.2
-1239.2,-382.81,2899,1118.2
-1242.9,-391.11,2899,1118.2
-1243.9,-391.44,2899,1118.2
-1248.2,-400.4,2899,1118.2
-1249.2,-401.4,2899,1118.2
-1255.5,-407.04,2899,1118.2
-1256.5,-408.7,2899,1118.2
-1260.1,-413.02,2899,1118.2
-1260.5,-413.35,2899,1118.2
-1266.1,-412.35,2899,1118.2
-1267.1,-412.02,2899,1118.2
-1271.4,-410.36,2899,1118.2
-1230.1,-392.23,2817.1,1086.6
-1228.5,-383.52,2817.1,1086.6
-1228.2,-381.91,2817.1,1086.6
-1227.2,-374.49,2817.1,1086.6
-1226.9,-372.87,2817.1,1086.6
-1224,-364.81,2817.1,1086.6
-1223.7,-364.49,2817.1,1086.6
-1221.4,-362.23,2817.1,1086.6
-1221.7,-362.55,2817.1,1086.6
-1224.6,-361.58,2817.1,1086.6
-1224.9,-361.26,2817.1,1086.6
-1229.1,-357.07,2817.1,1086.6
-1230.1,-356.74,2817.1,1086.6
-1231.1,-353.84,2817.1,1086.6
-1231.4,-353.52,2817.1,1086.6
-1231.7,-351.9,2817.1,1086.6
-1231.4,-352.23,2817.1,1086.6
-1231.7,-351.26,2817.1,1086.6
-1231.4,-351.58,2817.1,1086.6
-1236.2,-350.61,2817.1,1086.6
-1237.2,-350.29,2817.1,1086.6
-1239.5,-348.03,2817.1,1086.6
-1239.8,-347.71,2817.1,1086.6
-1239.5,-347.39,2817.1,1086.6
-1238.5,-343.19,2817.1,1086.6
-1238.8,-343.52,2817.1,1086.6
-1234.6,-339.32,2817.1,1086.6
-1233.7,-339,2817.1,1086.6
-1228.2,-337.39,2817.1,1086.6
-1186.1,-320.41,2737.4,1055.9
-1182,-320.1,2737.4,1055.9
-1139.2,-303.6,2660,1026
-1097.1,-288.19,2584.8,997
-1097.4,-289.07,2584.8,997
-1134.5,-302.5,2662.1,1026.8
-1175.2,-318.76,2741.7,1057.5
-1173,-317.82,2741.7,1057.5
-1171.5,-318.14,2741.7,1057.5
-1169.9,-318.45,2741.7,1057.5
-1169.6,-317.51,2741.7,1057.5
-1169.9,-319.08,2741.7,1057.5
-1170.2,-319.39,2741.7,1057.5
-1169.9,-319.08,2741.7,1057.5
-1169.6,-319.39,2741.7,1057.5
-1168.6,-319.08,2741.7,1057.5
-1168.3,-320.02,2741.7,1057.5
-1167.4,-320.96,2741.7,1057.5
-1166.4,-321.28,2741.7,1057.5
-1164.9,-320.96,2741.7,1057.5
-1208.1,-337.71,2823.7,1089.1
-1208.4,-338.04,2823.7,1089.1
-1250.9,-354,2908.1,1121.7
-1298.1,-370.43,2995,1155.2
-1298.4,-370.78,2995,1155.2
-1347.6,-387.7,3084.6,1189.8
-1347.3,-387.35,3084.6,1189.8
-1349.8,-387.7,3084.6,1189.8
-1350.1,-387.35,3084.6,1189.8
-1349.1,-387.7,3084.6,1189.8
-1348.7,-387.35,3084.6,1189.8
-1348.3,-387.7,3084.6,1189.8
-1348,-387.35,3084.6,1189.8
-1346.2,-387.7,3084.6,1189.8
-1345.9,-387.35,3084.6,1189.8
-1346.9,-388.41,3084.6,1189.8
-1347.3,-387.35,3084.6,1189.8
-1349.8,-389.12,3084.6,1189.8
-1350.8,-388.76,3084.6,1189.8
-1351.9,-389.12,3084.6,1189.8
-1352.2,-389.47,3084.6,1189.8
-1353.3,-390.53,3084.6,1189.8
-1352.9,-390.88,3084.6,1189.8
-1353.3,-391.24,3084.6,1189.8
-1353.6,-391.59,3084.6,1189.8
-1355.4,-391.24,3084.6,1189.8
-1355.8,-391.59,3084.6,1189.8
-1358.9,-390.53,3084.6,1189.8
-1358.6,-390.18,3084.6,1189.8
-1316,-373.71,2997.4,1156.1
-1318.4,-374.74,2997.4,1156.1
-1318.8,-375.08,2997.4,1156.1
-1318.4,-374.74,2997.4,1156.1
-1319.5,-375.08,2997.4,1156.1
-1320.5,-374.74,2997.4,1156.1
-1320.2,-375.77,2997.4,1156.1
-1320.5,-375.43,2997.4,1156.1
-1320.8,-375.08,2997.4,1156.1
-1320.5,-374.74,2997.4,1156.1
-1321.5,-375.08,2997.4,1156.1
-1320.5,-374.05,2997.4,1156.1
-1320.8,-375.08,2997.4,1156.1
-1319.1,-374.05,2997.4,1156.1
-1319.5,-374.4,2997.4,1156.1
-1319.8,-374.74,2997.4,1156.1
-1319.5,-375.08,2997.4,1156.1
-1321.9,-374.74,2997.4,1156.1
-1321.5,-375.77,2997.4,1156.1
-1323.3,-376.11,2997.4,1156.1
-1323.6,-375.77,2997.4,1156.1
-1324.6,-376.11,2997.4,1156.1
-1324.3,-375.77,2997.4,1156.1
-1322.6,-376.11,2997.4,1156.1
-1322.9,-375.77,2997.4,1156.1
-1321.2,-375.43,2997.4,1156.1
-1321.5,-375.08,2997.4,1156.1
-1320.5,-374.05,2997.4,1156.1
-1320.2,-375.08,2997.4,1156.1
-1319.1,-373.37,2997.4,1156.1
-1319.5,-373.71,2997.4,1156.1
-1321.2,-374.05,2997.4,1156.1
-1321.5,-374.4,2997.4,1156.1
-1323.9,-373.37,2997.4,1156.1
-1323.6,-373.02,2997.4,1156.1
-1326.7,-374.05,2997.4,1156.1
-1326.3,-374.4,2997.4,1156.1
-1327.4,-374.05,2997.4,1156.1
-1327.7,-374.4,2997.4,1156.1
-1327.4,-373.37,2997.4,1156.1
-1327.7,-373.02,2997.4,1156.1
-1328.1,-373.37,2997.4,1156.1
-1327.7,-373.02,2997.4,1156.1
-1328.1,-373.37,2997.4,1156.1
-1327.7,-373.71,2997.4,1156.1
-1327.4,-374.05,2997.4,1156.1
-1328.4,-374.4,2997.4,1156.1
-1330.1,-372.68,2997.4,1156.1
-1330.5,-373.02,2997.4,1156.1
-1331.5,-372.68,2997.4,1156.1
-1331.1,-372.34,2997.4,1156.1
-1330.1,-371.31,2997.4,1156.1
-1329.8,-370.96,2997.4,1156.1
-1328.7,-371.31,2997.4,1156.1
-1328.4,-370.28,2997.4,1156.1
-1328.7,-370.62,2997.4,1156.1
-1329.1,-370.28,2997.4,1156.1
-1330.1,-369.93,2997.4,1156.1
-1329.8,-370.28,2997.4,1156.1
-1329.4,-369.93,2997.4,1156.1
-1329.8,-370.96,2997.4,1156.1
-1329.4,-370.62,2997.4,1156.1
-1331.8,-370.96,2997.4,1156.1
-1332.2,-371.31,2997.4,1156.1
-1333.9,-370.96,2997.4,1156.1
-1333.5,-371.99,2997.4,1156.1
-1292.9,-355.31,2912.6,1123.4
-1292.6,-354.97,2912.6,1123.4
-1294.2,-355.31,2912.6,1123.4
-1295.2,-355.64,2912.6,1123.4
-1295.6,-357.97,2912.6,1123.4
-1295.2,-357.64,2912.6,1123.4
-1294.9,-359.31,2912.6,1123.4
-1293.9,-359.64,2912.6,1123.4
-1294.2,-359.98,2912.6,1123.4
-1294.6,-359.64,2912.6,1123.4
-1253.7,-345.43,2830.3,1091.7
-1254,-346.4,2830.3,1091.7
-1253.7,-351.26,2830.3,1091.7
-1253.4,-351.59,2830.3,1091.7
-1253.7,-355.15,2830.3,1091.7
-1254,-354.83,2830.3,1091.7
-1255.7,-359.04,2830.3,1091.7
-1256,-358.07,2830.3,1091.7
-1257,-360.34,2830.3,1091.7
-1257.9,-360.66,2830.3,1091.7
-1260.8,-362.28,2830.3,1091.7
-1262.5,-361.96,2830.3,1091.7
-1268,-362.28,2830.3,1091.7
-1269.6,-362.61,2830.3,1091.7
-1273.2,-362.28,2830.3,1091.7
-1273.5,-361.96,2830.3,1091.7
-1273.8,-360.99,2830.3,1091.7
-1274.1,-360.66,2830.3,1091.7
-1275.8,-360.99,2830.3,1091.7
-1276.1,-360.66,2830.3,1091.7
-1277.1,-361.63,2830.3,1091.7
-1277.4,-361.31,2830.3,1091.7
-1279,-361.63,2830.3,1091.7
-1280.6,-361.31,2830.3,1091.7
-1282.2,-363.58,2830.3,1091.7
-1284.5,-363.25,2830.3,1091.7
-1286.8,-366.17,2830.3,1091.7
-1288.4,-366.5,2830.3,1091.7
-1298.4,-369.41,2830.3,1091.7
-1304,-369.09,2830.3,1091.7
-1316.6,-373.3,2830.3,1091.7
-1318.9,-372.98,2830.3,1091.7
-1283.1,-362.41,2750.3,1060.8
-1284,-363.35,2750.3,1060.8
-1283.7,-363.67,2750.3,1060.8
-1287.8,-367.13,2750.3,1060.8
-1249.2,-352.45,2672.5,1030.8
-1253.2,-357.04,2672.5,1030.8
-1253.5,-357.96,2672.5,1030.8
-1251.4,-363.16,2672.5,1030.8
-1251.1,-364.08,2672.5,1030.8
-1209.9,-355.32,2596.9,1001.7
-1209.6,-356.81,2596.9,1001.7
-1170.8,-346.51,2523.5,973.35
-1170.5,-347.96,2523.5,973.35
-1135.1,-333.91,2452.2,945.83
-1134.3,-334.75,2452.2,945.83
-1136.3,-336.16,2452.2,945.83
-1101.3,-322.5,2382.8,919.09
-1100,-326.6,2382.8,919.09
-1099.1,-326.32,2382.8,919.09
-1060.8,-316.33,2315.5,893.1
-1060,-316.6,2315.5,893.1
-1058.7,-317.92,2315.5,893.1
-1058.4,-318.72,2315.5,893.1
-1023.3,-305.83,2250,867.85
-1023,-306.6,2250,867.85
-1023.8,-308.4,2250,867.85
-1024.6,-308.15,2250,867.85
-1026.4,-308.92,2250,867.85
-1026.7,-309.69,2250,867.85
-1027.4,-311.5,2250,867.85
-1027.2,-311.24,2250,867.85
-996.65,-299.74,2186.4,843.31
-996.9,-299.99,2186.4,843.31
-997.65,-301.24,2186.4,843.31
-997.4,-301.5,2186.4,843.31
-998.66,-302.75,2186.4,843.31
-998.91,-302,2186.4,843.31
-1000.2,-301.75,2186.4,843.31
-1000.4,-301.5,2186.4,843.31
-1000.2,-302.25,2186.4,843.31
-1000.9,-302,2186.4,843.31
-1000.7,-301.75,2186.4,843.31
-1000.4,-301.5,2186.4,843.31
-1000.7,-302.75,2186.4,843.31
-1000.4,-302,2186.4,843.31
-1000.2,-302.25,2186.4,843.31
-1000.4,-302.5,2186.4,843.31
-997.65,-303.25,2186.4,843.31
-997.9,-303,2186.4,843.31
-965.74,-289.32,2124.6,819.47
-965.99,-290.05,2124.6,819.47
-965.74,-289.32,2124.6,819.47
-965.5,-289.57,2124.6,819.47
-964.28,-290.3,2124.6,819.47
-964.04,-290.05,2124.6,819.47
-961.85,-292.24,2124.6,819.47
-931.57,-280.9,2064.5,796.3
-898.84,-271.77,2006.1,773.79
-899.07,-272.46,2006.1,773.79
-898.38,-272.23,2006.1,773.79
-894.93,-274.3,2006.1,773.79
-895.62,-274.53,2006.1,773.79
-894.47,-278.43,2006.1,773.79
-894.25,-278.66,2006.1,773.79
-893.56,-283.95,2006.1,773.79
-893.79,-283.72,2006.1,773.79
-925.39,-301.95,2066.1,796.92
-956.98,-315.04,2127.9,820.75
-992.45,-332.92,2191.5,845.29
-1026.5,-348.32,2257,870.56
-1025.7,-347.03,2257,870.56
-1061.2,-360.3,2324.5,896.59
-1094.7,-370.77,2394,923.4
-1093.3,-369.4,2394,923.4
-1127.7,-380.19,2465.6,951.01
-1126.3,-378.78,2465.6,951.01
-1124.3,-377.37,2465.6,951.01
-1162.6,-391.87,2539.3,979.45
-1161.7,-391.58,2539.3,979.45
-1160.9,-391.87,2539.3,979.45
-1199.7,-405.06,2615.2,1008.7
-1200,-405.36,2615.2,1008.7
-1238.8,-417.74,2693.4,1038.9
-1278.1,-432.97,2774,1070
-1319.9,-447.37,2856.9,1101.9
