371.5,79,223,256
369.15,81.347,223,256
367.75,81.816,223,256
366.34,86.979,223,256
364.93,90.264,223,256
362.58,90.733,223,256
361.17,93.08,223,256
361.64,94.488,223,256
360.24,98.712,223,256
362.58,101.06,223,256
363.05,101.53,223,256
363.52,102.94,223,256
363.05,103.41,223,256
362.58,99.181,223,256
362.11,96.835,223,256
363.52,95.427,223,256
363.99,93.08,223,256
366.34,91.672,223,256
366.81,91.203,223,256
366.34,91.672,223,256
366.81,92.141,223,256
366.34,92.611,223,256
366.81,94.957,223,256
366.34,98.242,223,256
366.81,100.59,223,256
366.34,101.06,223,256
367.75,103.41,223,256
367.28,107.63,223,256
369.62,109.98,223,256
371.03,114.2,223,256
373.38,115.61,223,256
373.85,117.02,223,256
375.25,116.55,223,256
375.72,117.95,223,256
376.19,119.36,223,256
376.66,118.89,223,256
377.13,119.36,223,256
377.6,118.89,223,256
377.13,119.36,223,256
376.66,118.89,223,256
375.25,119.36,223,256
373.85,118.89,223,256
371.5,119.36,223,256
369.15,117.02,223,256
367.75,117.48,223,256
367.28,117.95,223,256
367.75,118.42,223,256
367.28,117.95,223,256
367.75,118.42,223,256
369.15,117.95,223,256
373.38,117.48,223,256
378.54,117.02,223,256
386.52,116.55,223,256
396.37,117.02,223,256
402.48,117.48,223,256
408.58,117.02,223,256
409.98,117.48,223,256
410.45,117.95,223,256
410.92,118.42,223,256
410.45,120.77,223,256
412.8,124.99,223,256
412.33,126.4,223,256
411.86,126.87,223,256
406.7,128.28,223,256
396.84,127.81,223,256
379.48,128.28,223,256
348.97,127.81,223,256
329.73,125.46,223,256
300.16,124.99,223,256
281.86,125.46,223,256
268.25,124.99,223,256
262.15,125.46,223,256
259.8,124.99,223,256
258.39,125.46,223,256
257.92,125.93,223,256
257.45,126.4,223,256
257.92,124.99,223,256
256.51,125.46,223,256
256.05,124.99,223,256
255.58,124.52,223,256
255.11,124.06,223,256
256.51,122.65,223,256
256.05,122.18,223,256
256.51,121.71,223,256
256.05,121.24,223,256
255.58,119.83,223,256
255.11,120.3,223,256
255.58,119.83,223,256
255.11,120.3,223,256
255.58,119.83,223,256
256.98,121.24,223,256
260.27,121.71,223,256
263.55,123.12,223,256
267.78,123.59,223,256
272.94,124.06,223,256
277.16,123.59,223,256
281.39,124.06,223,256
286.55,123.59,223,256
289.84,124.06,223,256
293.12,123.59,223,256
293.59,123.12,223,256
294.06,120.77,223,256
296.41,120.3,223,256
295.94,118.89,223,256
297.35,118.42,223,256
299.69,117.02,223,256
302.04,115.61,223,256
305.32,116.08,223,256
311.43,115.61,223,256
312.83,115.14,223,256
314.24,114.67,223,256
315.65,115.14,223,256
317.06,116.55,223,256
319.4,120.77,223,256
317.48,120.23,229.67,263.65
313.13,120.71,229.67,263.65
303.94,120.23,229.67,263.65
291.86,119.75,229.67,263.65
282.68,118.29,229.67,263.65
273.49,117.81,229.67,263.65
267.21,116.36,229.67,263.65
262.86,115.88,229.67,263.65
263.34,115.39,229.67,263.65
261.89,114.91,229.67,263.65
258.51,113.46,229.67,263.65
258.99,112.98,229.67,263.65
261.41,111.53,229.67,263.65
267.69,111.04,229.67,263.65
273.01,109.59,229.67,263.65
276.83,108.07,236.53,271.54
280.31,105.58,236.53,271.54
280.81,105.08,236.53,271.54
281.31,104.58,236.53,271.54
280.81,104.09,236.53,271.54
278.32,102.59,236.53,271.54
273.84,102.1,236.53,271.54
272.35,101.6,236.53,271.54
269.86,102.1,236.53,271.54
264.83,98.534,243.61,279.66
262.26,99.047,243.61,279.66
259.7,98.534,243.61,279.66
260.21,99.047,243.61,279.66
262.78,100.58,243.61,279.66
265.34,102.12,243.61,279.66
270.98,103.66,243.61,279.66
275.59,107.25,243.61,279.66
281.23,108.79,243.61,279.66
285.85,111.35,243.61,279.66
290.46,112.89,243.61,279.66
297.13,113.4,243.61,279.66
299.69,113.92,243.61,279.66
302.25,112.38,243.61,279.66
303.79,112.89,243.61,279.66
304.3,112.38,243.61,279.66
304.82,112.89,243.61,279.66
306.36,113.4,243.61,279.66
307.89,114.94,243.61,279.66
308.41,114.43,243.61,279.66
308.92,116.99,243.61,279.66
309.43,118.53,243.61,279.66
309.94,120.07,243.61,279.66
311.48,120.58,243.61,279.66
314.05,123.14,243.61,279.66
316.61,125.71,243.61,279.66
321.22,126.22,243.61,279.66
322.76,128.78,243.61,279.66
323.27,129.3,243.61,279.66
325.84,130.83,243.61,279.66
326.35,131.35,243.61,279.66
327.89,132.89,243.61,279.66
328.4,132.37,243.61,279.66
329.94,133.91,243.61,279.66
330.45,134.42,243.61,279.66
333.02,134.94,243.61,279.66
336.61,134.42,243.61,279.66
341.22,134.94,243.61,279.66
345.83,134.42,243.61,279.66
349.42,134.94,243.61,279.66
355.06,135.45,243.61,279.66
359.68,135.96,243.61,279.66
364.29,135.45,243.61,279.66
367.88,135.96,243.61,279.66
369.42,135.45,243.61,279.66
374.03,136.99,243.61,279.66
375.57,137.5,243.61,279.66
377.11,140.06,243.61,279.66
376.6,139.55,243.61,279.66
379.16,142.11,243.61,279.66
380.7,142.63,243.61,279.66
381.21,146.22,243.61,279.66
385.82,146.73,243.61,279.66
390.44,149.29,243.61,279.66
394.03,153.91,243.61,279.66
399.67,157.49,243.61,279.66
405.31,161.08,243.61,279.66
408.9,164.67,243.61,279.66
411.46,166.21,243.61,279.66
414.02,167.75,243.61,279.66
414.54,167.24,243.61,279.66
416.07,168.77,243.61,279.66
416.59,167.24,243.61,279.66
417.1,166.72,243.61,279.66
416.59,165.19,243.61,279.66
416.07,164.67,243.61,279.66
415.56,162.11,243.61,279.66
416.07,161.6,243.61,279.66
415.56,161.08,243.61,279.66
415.05,158.52,243.61,279.66
414.54,158.01,243.61,279.66
415.05,156.47,243.61,279.66
414.54,155.96,243.61,279.66
415.05,152.37,243.61,279.66
414.54,149.8,243.61,279.66
414.02,146.22,243.61,279.66
414.54,143.65,243.61,279.66
414.02,142.11,243.61,279.66
414.54,139.55,243.61,279.66
416.07,139.04,243.61,279.66
415.56,137.5,243.61,279.66
416.07,138.01,243.61,279.66
415.56,138.52,243.61,279.66
415.05,145.19,243.61,279.66
414.54,151.85,243.61,279.66
417.1,157.49,243.61,279.66
421.71,163.13,243.61,279.66
426.33,166.72,243.61,279.66
434.02,168.26,243.61,279.66
442.73,169.8,243.61,279.66
452.48,170.31,243.61,279.66
460.17,170.82,243.61,279.66
462.73,171.34,243.61,279.66
465.29,169.8,243.61,279.66
465.81,169.29,243.61,279.66
465.29,169.8,243.61,279.66
464.78,169.29,243.61,279.66
463.24,169.8,243.61,279.66
461.7,169.29,243.61,279.66
459.14,168.77,243.61,279.66
458.63,168.26,243.61,279.66
455.04,168.77,243.61,279.66
453.5,168.26,243.61,279.66
454.01,167.75,243.61,279.66
450.42,166.21,243.61,279.66
450.94,165.7,243.61,279.66
450.42,164.16,243.61,279.66
449.91,162.62,243.61,279.66
451.45,161.08,243.61,279.66
451.96,158.52,243.61,279.66
451.45,156.98,243.61,279.66
449.91,151.34,243.61,279.66
449.4,148.78,243.61,279.66
448.89,148.27,243.61,279.66
449.4,146.73,243.61,279.66
444.22,139.98,250.89,288.02
439.47,139.46,250.89,288.02
435.77,137.87,250.89,288.02
433.13,134.18,250.89,288.02
429.43,129.42,250.89,288.02
425.74,127.84,250.89,288.02
420.99,125.2,250.89,288.02
418.35,121.5,250.89,288.02
416.76,117.81,250.89,288.02
415.18,115.17,250.89,288.02
411.48,112.53,250.89,288.02
405.67,108.83,250.89,288.02
399.86,106.19,250.89,288.02
394.06,102.49,250.89,288.02
389.3,100.91,250.89,288.02
383.5,98.269,250.89,288.02
379.8,93.517,250.89,288.02
371.88,89.821,250.89,288.02
359.73,85.069,250.89,288.02
348.65,80.316,250.89,288.02
337.56,78.732,250.89,288.02
328.58,76.092,250.89,288.02
319.6,73.452,250.89,288.02
308.52,70.812,250.89,288.02
303.76,70.284,250.89,288.02
293.73,72.924,250.89,288.02
286.87,77.676,250.89,288.02
280,82.428,250.89,288.02
272.08,80.844,250.89,288.02
265.22,82.428,250.89,288.02
266.8,81.9,250.89,288.02
259.94,79.26,250.89,288.02
247.79,77.676,250.89,288.02
241.98,81.372,250.89,288.02
237.23,84.012,250.89,288.02
236.7,86.653,250.89,288.02
233.01,92.461,250.89,288.02
230.37,96.157,250.89,288.02
229.84,100.91,250.89,288.02
233.54,104.61,250.89,288.02
238.29,104.08,250.89,288.02
239.87,107.77,250.89,288.02
245.68,109.36,250.89,288.02
253.6,106.72,250.89,288.02
266.12,110.26,243.8,279.87
279.98,111.8,243.8,279.87
295.23,114.22,236.9,271.96
302.7,114.72,236.9,271.96
310.18,116.21,236.9,271.96
312.68,116.71,236.9,271.96
318.16,118.21,236.9,271.96
318.66,118.71,236.9,271.96
328.49,122.05,230.21,264.27
322.63,113.74,237.09,272.17
319.13,109.25,237.09,272.17
318.63,101.76,237.09,272.17
317.14,99.27,237.09,272.17
317.64,93.781,237.09,272.17
320.13,95.278,237.09,272.17
319.63,91.785,237.09,272.17
319.13,95.278,237.09,272.17
314.64,93.781,237.09,272.17
311.15,97.274,237.09,272.17
311.65,96.775,237.09,272.17
307.16,103.26,237.09,272.17
308.01,109.6,230.39,264.48
308.85,116.74,223.87,257
308.38,119.09,223.87,257
290,145.95,223.87,257
290.47,147.36,223.87,257
290.94,141.24,223.87,257
295.18,135.11,223.87,257
299.42,131.81,223.87,257
306.49,128.52,223.87,257
307.9,127.1,223.87,257
315.31,128.38,217.54,249.73
317.6,127.92,217.54,249.73
319.89,124.72,217.54,249.73
322.18,122.43,217.54,249.73
323.55,121.05,217.54,249.73
325.84,116.02,217.54,249.73
327.21,112.81,217.54,249.73
325.34,99.466,224.05,257.2
324.86,84.848,224.05,257.2
324.39,73.06,224.05,257.2
324.86,57.499,224.05,257.2
321.56,35.337,224.05,257.2
318.26,10.346,224.05,257.2
317.79,-11.816,224.05,257.2
317.32,-34.921,224.05,257.2
320.96,-47.788,217.71,249.93
323.58,-49.295,211.56,242.86
323.13,-54.193,211.56,242.86
324.47,-54.638,211.56,242.86
323.13,-53.302,211.56,242.86
323.58,-53.748,211.56,242.86
325.8,-50.631,211.56,242.86
328.92,-44.843,211.56,242.86
332.04,-37.274,211.56,242.86
334.26,-27.033,211.56,242.86
336.49,-12.34,211.56,242.86
339.61,-2.0994,211.56,242.86
343.61,6.3603,211.56,242.86
346.73,15.71,211.56,242.86
348.96,19.718,211.56,242.86
351.18,23.725,211.56,242.86
352.52,25.951,211.56,242.86
353.85,26.396,211.56,242.86
354.3,27.732,211.56,242.86
352.96,27.287,211.56,242.86
352.52,26.841,211.56,242.86
351.18,25.506,211.56,242.86
349.85,26.841,211.56,242.86
351.5,31.611,205.57,236
351.07,32.043,205.57,236
349.77,32.476,205.57,236
350.2,32.043,205.57,236
355.27,38.408,199.76,229.32
359.06,35.465,199.76,229.32
359.48,36.726,199.76,229.32
359.9,34.624,199.76,229.32
360.32,30.841,199.76,229.32
359.9,27.057,199.76,229.32
359.48,24.955,199.76,229.32
359.9,23.693,199.76,229.32
356.49,19.004,205.73,236.18
356.06,16.839,205.73,236.18
354.76,15.54,205.73,236.18
354.33,15.107,205.73,236.18
354.76,15.54,205.73,236.18
353.46,14.241,205.73,236.18
353.03,14.674,205.73,236.18
352.59,14.241,205.73,236.18
353.03,14.674,205.73,236.18
352.59,13.375,205.73,236.18
352.16,12.942,205.73,236.18
351.73,11.643,205.73,236.18
351.3,10.344,205.73,236.18
351.73,10.777,205.73,236.18
350.43,8.6119,205.73,236.18
350,8.1789,205.73,236.18
348.7,8.6119,205.73,236.18
349.13,8.1789,205.73,236.18
348.7,6.0139,205.73,236.18
347.4,2.983,205.73,236.18
348.7,-1.7799,205.73,236.18
350.86,-3.9449,205.73,236.18
352.16,-6.9758,205.73,236.18
352.59,-8.2748,205.73,236.18
355.63,-9.5738,205.73,236.18
356.06,-7.4088,205.73,236.18
356.49,-0.047951,205.73,236.18
357.79,12.509,205.73,236.18
357.36,19.004,205.73,236.18
359.04,26.298,211.89,243.24
357.71,41.014,211.89,243.24
357.26,49.486,211.89,243.24
356.81,57.959,211.89,243.24
355.48,65.54,211.89,243.24
355.03,74.013,211.89,243.24
354.59,74.459,211.89,243.24
354.14,80.256,211.89,243.24
353.69,84.27,211.89,243.24
352.36,88.283,211.89,243.24
351.91,90.513,211.89,243.24
351.46,91.851,211.89,243.24
351.02,93.188,211.89,243.24
350.57,92.742,211.89,243.24
351.02,93.188,211.89,243.24
352.36,93.634,211.89,243.24
352.8,93.188,211.89,243.24
353.25,92.742,211.89,243.24
353.69,93.188,211.89,243.24
354.14,91.851,211.89,243.24
355.48,92.297,211.89,243.24
355.92,92.742,211.89,243.24
356.37,94.08,211.89,243.24
357.71,94.526,211.89,243.24
358.15,95.864,211.89,243.24
358.6,96.31,211.89,243.24
359.04,96.756,211.89,243.24
359.49,98.986,211.89,243.24
359.94,99.432,211.89,243.24
360.38,100.77,211.89,243.24
360.83,102.11,211.89,243.24
361.27,102.55,211.89,243.24
362.61,103.89,211.89,243.24
362.17,103.45,211.89,243.24
363.5,103.89,211.89,243.24
364.84,103.45,211.89,243.24
365.29,103.89,211.89,243.24
365.73,104.34,211.89,243.24
366.18,104.78,211.89,243.24
365.73,104.34,211.89,243.24
366.18,103,211.89,243.24
367.52,101.66,211.89,243.24
367.96,100.32,211.89,243.24
367.52,100.77,211.89,243.24
367.96,100.32,211.89,243.24
367.52,98.986,211.89,243.24
367.96,96.756,211.89,243.24
367.52,94.526,211.89,243.24
367.07,91.405,211.89,243.24
366.63,89.175,211.89,243.24
366.18,86.053,211.89,243.24
365.73,82.932,211.89,243.24
365.29,79.81,211.89,243.24
364.84,78.472,211.89,243.24
362.61,75.351,211.89,243.24
361.27,73.121,211.89,243.24
360.83,71.783,211.89,243.24
358.11,70.377,218.22,250.51
357.65,68.999,218.22,250.51
356.27,68.54,218.22,250.51
355.81,67.162,218.22,250.51
355.35,65.784,218.22,250.51
354.89,64.406,218.22,250.51
353.51,62.11,218.22,250.51
352.14,61.65,218.22,250.51
349.84,59.354,218.22,250.51
346.62,57.058,218.22,250.51
344.33,55.68,218.22,250.51
342.95,54.302,218.22,250.51
341.57,51.087,218.22,250.51
341.11,49.709,218.22,250.51
341.57,49.25,218.22,250.51
340.19,47.872,218.22,250.51
340.65,45.576,218.22,250.51
340.19,44.198,218.22,250.51
339.74,41.902,218.22,250.51
339.28,39.605,218.22,250.51
336.47,33.564,224.75,258
335.05,31.199,224.75,258
334.58,29.78,224.75,258
331.69,25.45,231.47,265.72
328.28,21.065,231.47,265.72
326.82,18.63,231.47,265.72
324.39,17.168,231.47,265.72
321.41,13.683,238.39,273.66
316.9,12.178,238.39,273.66
315.39,12.679,238.39,273.66
313.89,12.178,238.39,273.66
312.38,12.679,238.39,273.66
310.88,13.181,238.39,273.66
310.38,14.686,238.39,273.66
309.87,15.188,238.39,273.66
309.37,15.69,238.39,273.66
309.87,16.191,238.39,273.66
310.38,16.693,238.39,273.66
310.88,17.195,238.39,273.66
312.38,17.696,238.39,273.66
312.88,17.195,238.39,273.66
316.76,21.565,231.65,265.93
317.24,19.128,231.65,265.93
318.71,17.665,231.65,265.93
321.14,17.178,231.65,265.93
326.86,20.449,225.1,258.41
326.38,19.028,225.1,258.41
327.8,18.554,225.1,258.41
330.17,21.871,225.1,258.41
331.59,25.187,225.1,258.41
336.2,28.366,218.73,251.1
335.74,26.065,218.73,251.1
337.12,24.683,218.73,251.1
336.66,24.223,218.73,251.1
336.2,24.683,218.73,251.1
335.74,26.985,218.73,251.1
336.2,26.525,218.73,251.1
335.74,27.906,218.73,251.1
336.2,28.366,218.73,251.1
335.74,27.906,218.73,251.1
336.2,27.446,218.73,251.1
335.74,27.906,218.73,251.1
336.2,29.287,218.73,251.1
337.91,35.139,212.55,244
338.36,35.586,212.55,244
337.91,36.033,212.55,244
337.46,36.481,212.55,244
336.12,37.823,212.55,244
334.78,37.375,212.55,244
331.65,37.823,212.55,244
330.3,37.375,212.55,244
328.96,37.823,212.55,244
328.51,37.375,212.55,244
327.17,37.823,212.55,244
325.83,37.375,212.55,244
324.49,36.928,212.55,244
324.04,36.481,212.55,244
323.59,36.928,212.55,244
323.15,36.481,212.55,244
322.7,36.928,212.55,244
321.36,36.481,212.55,244
320.91,36.033,212.55,244
320.46,35.586,212.55,244
320.02,35.139,212.55,244
320.46,34.691,212.55,244
320.02,34.244,212.55,244
320.46,33.797,212.55,244
320.02,33.349,212.55,244
319.57,32.902,212.55,244
320.02,33.349,212.55,244
319.57,32.902,212.55,244
319.12,33.349,212.55,244
318.67,33.797,212.55,244
318.23,34.244,212.55,244
317.78,35.586,212.55,244
317.33,35.139,212.55,244
315.99,36.481,212.55,244
316.44,37.823,212.55,244
315.99,38.27,212.55,244
315.54,38.717,212.55,244
315.09,39.165,212.55,244
315.54,39.612,212.55,244
315.99,39.165,212.55,244
316.44,39.612,212.55,244
315.99,39.165,212.55,244
316.44,37.823,212.55,244
316.88,36.481,212.55,244
317.33,35.139,212.55,244
316.88,32.007,212.55,244
316.44,28.876,212.55,244
315.09,25.745,212.55,244
315.54,25.297,212.55,244
315.09,23.955,212.55,244
311.47,17.176,218.9,251.3
309.17,15.794,218.9,251.3
307.78,16.255,218.9,251.3
307.32,15.794,218.9,251.3
305.94,18.097,218.9,251.3
305.48,19.48,218.9,251.3
303.18,23.626,218.9,251.3
302.72,27.772,218.9,251.3
302.26,32.84,218.9,251.3
300.87,36.987,218.9,251.3
297.14,35.533,225.45,258.81
290.97,38.855,225.45,258.81
284.8,40.278,225.45,258.81
277.69,41.701,225.45,258.81
270.57,42.176,225.45,258.81
264.4,42.65,225.45,258.81
259.18,42.176,225.45,258.81
254.91,42.65,225.45,258.81
249.17,37.358,232.19,266.55
242.82,34.914,232.19,266.55
239.4,34.426,232.19,266.55
237.93,32.96,232.19,266.55
235.49,32.471,232.19,266.55
233.04,31.005,232.19,266.55
232.55,32.471,232.19,266.55
231.09,32.96,232.19,266.55
230.6,37.358,232.19,266.55
231.09,41.756,232.19,266.55
234.51,49.086,232.19,266.55
236.95,55.439,232.19,266.55
237.44,54.95,232.19,266.55
240.86,60.325,232.19,266.55
249.17,64.723,232.19,266.55
259.43,68.144,232.19,266.55
272.62,71.565,232.19,266.55
286.8,74.008,232.19,266.55
297.5,73.444,239.13,274.52
307.06,73.947,239.13,274.52
316.62,79.483,239.13,274.52
324.17,83.006,239.13,274.52
331.72,88.542,239.13,274.52
336.25,89.045,239.13,274.52
339.77,90.555,239.13,274.52
345.31,91.059,239.13,274.52
348.83,91.562,239.13,274.52
353.36,91.059,239.13,274.52
354.87,91.562,239.13,274.52
357.39,90.052,239.13,274.52
358.9,91.562,239.13,274.52
361.41,95.085,239.13,274.52
363.93,102.63,239.13,274.52
368.46,107.16,239.13,274.52
371.98,111.69,239.13,274.52
376.51,118.24,239.13,274.52
382.05,124.78,239.13,274.52
386.58,127.29,239.13,274.52
392.11,130.82,239.13,274.52
396.64,133.33,239.13,274.52
403.19,134.84,239.13,274.52
407.71,136.35,239.13,274.52
413.25,136.86,239.13,274.52
414.76,137.36,239.13,274.52
415.26,136.86,239.13,274.52
416.77,137.36,239.13,274.52
418.28,136.86,239.13,274.52
418.79,136.35,239.13,274.52
420.3,135.85,239.13,274.52
420.8,136.35,239.13,274.52
421.3,135.85,239.13,274.52
420.8,135.35,239.13,274.52
421.3,134.84,239.13,274.52
419.79,134.34,239.13,274.52
419.29,132.83,239.13,274.52
416.77,131.32,239.13,274.52
415.26,130.82,239.13,274.52
412.75,130.31,239.13,274.52
411.24,128.8,239.13,274.52
408.72,127.29,239.13,274.52
407.21,124.78,239.13,274.52
404.7,123.27,239.13,274.52
403.19,122.77,239.13,274.52
399.66,123.27,239.13,274.52
398.15,121.76,239.13,274.52
395.64,122.26,239.13,274.52
394.13,122.77,239.13,274.52
391.61,123.27,239.13,274.52
391.11,123.77,239.13,274.52
389.6,125.28,239.13,274.52
389.09,124.78,239.13,274.52
387.58,125.28,239.13,274.52
387.08,125.78,239.13,274.52
386.58,127.29,239.13,274.52
387.08,127.8,239.13,274.52
386.58,130.31,239.13,274.52
387.08,130.82,239.13,274.52
387.58,132.33,239.13,274.52
388.09,132.83,239.13,274.52
390.96,141.24,232.37,266.76
391.45,142.71,232.37,266.76
391.94,143.2,232.37,266.76
392.43,144.66,232.37,266.76
392.92,144.18,232.37,266.76
393.41,144.66,232.37,266.76
393.9,144.18,232.37,266.76
394.39,144.66,232.37,266.76
394.88,144.18,232.37,266.76
395.37,144.66,232.37,266.76
395.85,145.15,232.37,266.76
396.34,145.64,232.37,266.76
396.83,145.15,232.37,266.76
395.37,145.64,232.37,266.76
395.85,144.18,232.37,266.76
395.37,144.66,232.37,266.76
394.88,143.2,232.37,266.76
393.41,143.69,232.37,266.76
392.92,142.22,232.37,266.76
392.43,142.71,232.37,266.76
390.96,142.22,232.37,266.76
389.5,142.71,232.37,266.76
389.01,142.22,232.37,266.76
386.56,141.73,232.37,266.76
385.1,141.24,232.37,266.76
382.65,140.75,232.37,266.76
382.16,139.29,232.37,266.76
383,144.52,225.8,259.22
380.62,143.1,225.8,259.22
376.35,141.67,225.8,259.22
376.82,142.15,225.8,259.22
372.55,140.72,225.8,259.22
369.22,141.2,225.8,259.22
364.94,140.72,225.8,259.22
359.72,141.2,225.8,259.22
353.54,140.72,225.8,259.22
348.31,142.15,225.8,259.22
341.18,142.62,225.8,259.22
335,144.05,225.8,259.22
328.83,144.52,225.8,259.22
324.55,148.8,225.8,259.22
321.22,152.13,225.8,259.22
320.75,154.5,225.8,259.22
320.27,158.78,225.8,259.22
319.8,162.11,225.8,259.22
319.32,164.48,225.8,259.22
316.42,161.08,232.55,266.97
314.95,162.55,232.55,266.97
314.46,164.02,232.55,266.97
313.97,165.49,232.55,266.97
312.51,165.98,232.55,266.97
312.99,166.47,232.55,266.97
311.53,166.96,232.55,266.97
312.02,166.47,232.55,266.97
311.53,166.96,232.55,266.97
312.02,166.47,232.55,266.97
311.53,166.96,232.55,266.97
313.97,166.47,232.55,266.97
314.46,166.96,232.55,266.97
316.91,167.45,232.55,266.97
318.38,168.91,232.55,266.97
321.8,170.38,232.55,266.97
326.21,171.85,232.55,266.97
326.7,172.34,232.55,266.97
333.06,173.81,232.55,266.97
338.45,175.28,232.55,266.97
343.83,176.74,232.55,266.97
349.21,178.21,232.55,266.97
352.64,181.64,232.55,266.97
357.04,186.04,232.55,266.97
359.49,189.47,232.55,266.97
362.92,194.85,232.55,266.97
365.36,198.28,232.55,266.97
367.81,202.68,232.55,266.97
369.28,206.11,232.55,266.97
370.75,212.47,232.55,266.97
371.24,216.88,232.55,266.97
371.73,219.33,232.55,266.97
372.22,222.75,232.55,266.97
372.71,225.2,232.55,266.97
373.19,227.65,232.55,266.97
372.71,229.11,232.55,266.97
373.19,231.56,232.55,266.97
372.71,233.03,232.55,266.97
373.19,235.48,232.55,266.97
371.73,237.92,232.55,266.97
370.26,239.39,232.55,266.97
370.75,241.84,232.55,266.97
369.28,243.31,232.55,266.97
367.81,244.78,232.55,266.97
366.34,245.27,232.55,266.97
365.85,246.73,232.55,266.97
364.39,247.22,232.55,266.97
362.92,247.71,232.55,266.97
361.45,247.22,232.55,266.97
361.94,247.71,232.55,266.97
360.47,248.2,232.55,266.97
359,248.69,232.55,266.97
358.51,248.2,232.55,266.97
358.02,247.71,232.55,266.97
357.53,244.29,232.55,266.97
355.09,242.82,232.55,266.97
354.6,239.39,232.55,266.97
349.21,237.92,232.55,266.97
338.93,237.43,232.55,266.97
317.89,233.03,232.55,266.97
292.93,221.77,232.55,266.97
269.92,207.58,232.55,266.97
247.9,193.39,232.55,266.97
228.81,177.23,232.55,266.97
208.75,160.1,232.55,266.97
192.59,145.91,232.55,266.97
177.42,134.65,232.55,266.97
166.16,126.33,232.55,266.97
157.84,118.99,232.55,266.97
150.5,111.65,232.55,266.97
147.08,106.27,232.55,266.97
142.67,99.904,232.55,266.97
138.27,93.541,232.55,266.97
133.86,92.073,232.55,266.97
130.44,90.604,232.55,266.97
125.05,89.136,232.55,266.97
117.71,87.668,232.55,266.97
111.35,88.157,232.55,266.97
104.01,87.668,232.55,266.97
94.708,87.178,232.55,266.97
80.514,87.668,232.55,266.97
80.025,87.178,232.55,266.97
60.937,86.689,232.55,266.97
38.912,85.221,232.55,266.97
16.888,76.9,232.55,266.97
-2.2001,72.495,232.55,266.97
-20.937,77.738,225.98,259.42
-36.29,78.076,219.59,252.08
-47.513,84.875,213.38,244.96
-75.402,76.273,219.76,252.28
-87.558,80.302,213.55,245.15
-113.67,73.491,219.93,252.48
-136.35,68.399,219.93,252.48
-18.831,72.494,226.51,260.03
-10.385,82.367,220.1,252.67
-19.781,84.549,213.88,245.53
17.003,77.667,207.83,238.59
16.565,81.604,207.83,238.59
19.066,95.912,201.96,231.84
25.441,115.04,201.96,231.84
49.973,147.64,196.25,225.29
79.594,186.76,190.7,218.92
128.16,234.52,190.7,218.92
171.1,281.48,190.7,218.92
212.73,320.29,185.3,212.73
237.3,347.98,185.3,212.73
270.73,374.78,180.07,206.71
295.7,381.92,185.45,212.89
293.25,379.86,180.21,206.87
302.31,365.01,185.59,213.06
296.45,345.87,185.59,213.06
312.81,319.64,191.14,219.43
332.08,262.85,196.86,225.99
357.36,258.3,196.86,225.99
359.43,258.71,196.86,225.99
370.16,253.26,202.74,232.75
348.78,250.21,208.81,239.71
337.79,284.92,208.81,239.71
273.19,283.61,208.81,239.71
290.72,243.55,215.05,246.87
350.01,215.03,215.05,246.87
393.92,223.63,215.05,246.87
446.87,208.7,215.05,246.87
483.53,181.99,215.05,246.87
522,173.39,215.05,246.87
557.76,169.32,215.05,246.87
586.27,163.44,215.05,246.87
610.26,159.36,215.05,246.87
628.81,161.63,215.05,246.87
652.22,179.15,208.97,239.89
665.85,192.78,208.97,239.89
696.52,215.08,203.06,233.11
684.98,220.64,203.06,233.11
740.41,244.02,197.32,226.52
754.95,238.62,197.32,226.52
737.92,267.28,197.32,226.52
741.96,310.76,191.74,220.11
768.48,299.75,186.32,213.89
781.42,298.57,186.32,213.89
787.58,323.16,181.05,207.84
794.06,327.36,181.05,207.84
793.95,317.72,175.93,201.97
795.8,307.72,175.93,201.97
800.62,306.61,175.93,201.97
805.43,313.65,175.93,201.97
805.06,314.02,175.93,201.97
804.69,314.39,175.93,201.97
827.28,316.98,175.93,201.97
849.12,324.75,175.93,201.97
859.86,332.53,175.93,201.97
872.82,324.75,175.93,201.97
877.63,321.42,175.93,201.97
883.19,320.31,175.93,201.97
881.33,316.24,175.93,201.97
866.89,309.2,175.93,201.97
869.49,309.57,175.93,201.97
873.56,309.94,175.93,201.97
850.23,287.36,175.93,201.97
857.27,289.21,175.93,201.97
876.89,282.17,175.93,201.97
880.22,278.84,175.93,201.97
875.41,266.62,175.93,201.97
875.04,264.77,175.93,201.97
877.9,262.07,170.96,196.26
882.11,260.17,166.12,190.71
874.32,255.52,161.43,185.32
859.28,249.65,156.86,180.08
847.06,239.42,156.86,180.08
817.32,239.69,161.55,185.46
785.32,232.5,166.38,191.01
768.16,223.75,166.38,191.01
749.22,212.84,171.36,196.72
720.73,205.26,171.36,196.72
695.84,196.25,171.36,196.72
668.07,195.89,171.36,196.72
641.02,194.08,171.36,196.72
617.58,193,171.36,196.72
597.02,194.08,171.36,196.72
593.78,195.89,171.36,196.72
573.22,194.81,171.36,196.72
546.17,200.22,171.36,196.72
516.24,195.53,171.36,196.72
489.91,193,171.36,196.72
455.65,184.71,171.36,196.72
417.79,172.09,171.36,196.72
408.77,189.04,171.36,196.72
402.64,193.72,171.36,196.72
413.1,191.2,171.36,196.72
449.52,150.45,171.36,196.72
434.01,135.66,171.36,196.72
429.33,124.48,171.36,196.72
444.83,123.4,171.36,196.72
454.57,137.46,171.36,196.72
435.46,159.46,171.36,196.72
446.64,193.72,171.36,196.72
479.06,207.01,176.48,202.6
506.91,228.93,176.48,202.6
545.91,246.38,176.48,202.6
564.11,266.07,176.48,202.6
600.14,286.5,176.48,202.6
647.31,292.81,176.48,202.6
692.26,303.58,176.48,202.6
724.16,300.93,181.76,208.66
749.03,305.9,181.76,208.66
783.07,311.64,181.76,208.66
798.75,308.96,181.76,208.66
799.9,309.34,181.76,208.66
823.24,305.9,181.76,208.66
836.9,307.7,176.62,202.76
846.19,312.53,176.62,202.76
869.88,318,171.63,197.02
870.96,317.64,171.63,197.02
878.55,318,171.63,197.02
892.63,318.36,171.63,197.02
897.33,315.83,171.63,197.02
904.91,314.03,171.63,197.02
911.78,315.11,171.63,197.02
913.58,311.86,171.63,197.02
914.67,312.94,171.63,197.02
914.31,312.58,171.63,197.02
904.88,305.66,176.76,202.91
888.47,297.05,182.04,208.98
865.87,296.67,182.04,208.98
886.94,297.05,182.04,208.98
888.43,283.58,187.49,215.23
929.86,290.29,187.49,215.23
909.3,303.25,193.09,221.67
888.94,305.22,198.86,228.29
866.76,306.47,198.86,228.29
848.3,308.5,204.81,235.12
839.25,313.24,204.81,235.12
834.89,313.61,210.93,242.15
830.01,310.5,210.93,242.15
829.57,310.94,210.93,242.15
830.01,314.05,210.93,242.15
829.57,317.16,210.93,242.15
829.12,322.04,210.93,242.15
829.57,328.7,210.93,242.15
831.79,330.92,210.93,242.15
834.89,334.03,210.93,242.15
838,333.59,210.93,242.15
842.88,334.03,210.93,242.15
845.1,335.36,210.93,242.15
844.66,335.81,210.93,242.15
845.99,335.36,210.93,242.15
847.32,335.81,210.93,242.15
846.88,335.36,210.93,242.15
847.32,334.92,210.93,242.15
845.99,333.59,210.93,242.15
845.55,333.14,210.93,242.15
842.44,332.7,210.93,242.15
838.84,328.63,217.24,249.39
838.39,327.26,217.24,249.39
836.1,326.8,217.24,249.39
834.73,325.43,217.24,249.39
834.27,324.06,217.24,249.39
832.9,323.6,217.24,249.39
831.53,322.23,217.24,249.39
827.82,317.13,223.74,256.85
825.47,313.84,223.74,256.85
825,308.66,223.74,256.85
825.47,303.48,223.74,256.85
825.42,294.46,230.43,264.53
826.87,281.36,230.43,264.53
829.73,265.29,237.32,272.44
830.23,244.81,237.32,272.44
829.73,224.33,237.32,272.44
830.23,208.85,237.32,272.44
830.73,194.36,237.32,272.44
831.23,182.87,237.32,272.44
830.73,176.38,237.32,272.44
830.23,170.89,237.32,272.44
828.73,166.39,237.32,272.44
826.24,165.89,237.32,272.44
823.74,165.39,237.32,272.44
823.24,165.89,237.32,272.44
820.74,165.39,237.32,272.44
817.25,165.89,237.32,272.44
813.75,167.39,237.32,272.44
811.25,168.89,237.32,272.44
808.76,170.39,237.32,272.44
807.26,170.89,237.32,272.44
804.76,171.39,237.32,272.44
803.26,171.89,237.32,272.44
801.76,172.39,237.32,272.44
800.27,171.89,237.32,272.44
798.77,171.39,237.32,272.44
798.27,170.89,237.32,272.44
797.77,170.39,237.32,272.44
797.27,169.89,237.32,272.44
795.77,169.39,237.32,272.44
796.27,168.89,237.32,272.44
795.77,168.39,237.32,272.44
796.27,167.89,237.32,272.44
795.77,168.39,237.32,272.44
797.27,167.89,237.32,272.44
796.77,168.39,237.32,272.44
797.27,168.89,237.32,272.44
797.77,168.39,237.32,272.44
798.27,167.89,237.32,272.44
798.77,167.39,237.32,272.44
799.27,166.89,237.32,272.44
799.77,166.39,237.32,272.44
800.27,165.89,237.32,272.44
800.76,166.39,237.32,272.44
801.26,165.89,237.32,272.44
800.76,166.39,237.32,272.44
801.26,165.89,237.32,272.44
800.76,166.39,237.32,272.44
801.26,165.89,237.32,272.44
800.76,166.39,237.32,272.44
802.26,165.89,237.32,272.44
801.76,166.39,237.32,272.44
802.26,165.89,237.32,272.44
801.76,166.39,237.32,272.44
802.26,165.89,237.32,272.44
802.76,166.39,237.32,272.44
803.26,165.89,237.32,272.44
802.76,166.39,237.32,272.44
803.26,165.89,237.32,272.44
802.76,165.39,237.32,272.44
802.26,164.89,237.32,272.44
801.76,165.39,237.32,272.44
802.26,164.89,237.32,272.44
800.76,164.39,237.32,272.44
800.27,163.89,237.32,272.44
799.77,162.4,237.32,272.44
801.26,156.9,237.32,272.44
803.76,149.41,237.32,272.44
805.26,138.92,237.32,272.44
807.76,127.43,237.32,272.44
811.25,113.95,237.32,272.44
812.75,104.46,237.32,272.44
815.25,95.968,237.32,272.44
816.75,88.476,237.32,272.44
821.24,81.983,237.32,272.44
822.74,80.485,237.32,272.44
829.23,76.989,237.32,272.44
833.73,76.489,237.32,272.44
839.22,74.991,237.32,272.44
838.72,75.49,237.32,272.44
845.22,73.992,237.32,272.44
847.71,74.491,237.32,272.44
852.21,73.992,237.32,272.44
853.71,74.491,237.32,272.44
855.21,73.992,237.32,272.44
855.71,73.492,237.32,272.44
856.21,71.994,237.32,272.44
855.71,71.494,237.32,272.44
855.21,70.995,237.32,272.44
853.71,71.494,237.32,272.44
853.21,70.995,237.32,272.44
852.71,72.493,237.32,272.44
854.21,72.993,237.32,272.44
854.71,73.492,237.32,272.44
857.2,73.992,237.32,272.44
849.71,76.489,237.32,272.44
812.25,56.011,237.32,272.44
783.78,48.519,237.32,272.44
777.29,57.01,237.32,272.44
764.8,75.49,237.32,272.44
780.29,91.972,237.32,272.44
794.77,105.46,237.32,272.44
809.26,112.95,237.32,272.44
819.74,116.45,237.32,272.44
827.24,118.94,237.32,272.44
831.73,122.44,237.32,272.44
833.23,124.94,237.32,272.44
831.73,125.44,237.32,272.44
829.23,126.93,237.32,272.44
827.74,126.44,237.32,272.44
827.24,126.93,237.32,272.44
826.74,127.43,237.32,272.44
826.24,126.93,237.32,272.44
825.74,127.43,237.32,272.44
826.24,126.93,237.32,272.44
824.74,127.43,237.32,272.44
824.24,126.93,237.32,272.44
823.74,128.43,237.32,272.44
823.24,130.93,237.32,272.44
822.74,131.43,237.32,272.44
823.24,130.93,237.32,272.44
822.74,132.43,237.32,272.44
822.24,133.93,237.32,272.44
821.74,133.43,237.32,272.44
822.24,133.93,237.32,272.44
821.74,134.43,237.32,272.44
822.24,134.93,237.32,272.44
821.74,135.43,237.32,272.44
821.24,134.93,237.32,272.44
821.74,135.43,237.32,272.44
822.24,135.92,237.32,272.44
821.74,136.42,237.32,272.44
822.24,135.92,237.32,272.44
821.74,136.42,237.32,272.44
822.24,135.92,237.32,272.44
821.74,136.42,237.32,272.44
821.24,135.92,237.32,272.44
820.74,136.42,237.32,272.44
821.24,135.92,237.32,272.44
819.74,136.42,237.32,272.44
819.24,134.93,237.32,272.44
818.75,135.43,237.32,272.44
818.25,134.93,237.32,272.44
817.75,134.43,237.32,272.44
817.25,133.93,237.32,272.44
816.75,134.43,237.32,272.44
816.25,132.93,237.32,272.44
814.75,132.43,237.32,272.44
814.25,130.93,237.32,272.44
812.75,129.43,237.32,272.44
812.25,126.93,237.32,272.44
810.75,125.44,237.32,272.44
810.25,122.94,237.32,272.44
809.76,120.44,237.32,272.44
809.26,118.94,237.32,272.44
808.76,117.44,237.32,272.44
808.26,115.95,237.32,272.44
807.76,115.45,237.32,272.44
807.26,114.95,237.32,272.44
806.76,114.45,237.32,272.44
807.26,113.95,237.32,272.44
806.76,113.45,237.32,272.44
807.26,111.95,237.32,272.44
806.76,111.45,237.32,272.44
807.26,110.95,237.32,272.44
806.76,110.45,237.32,272.44
807.26,108.95,237.32,272.44
806.76,108.45,237.32,272.44
807.26,107.96,237.32,272.44
806.76,107.46,237.32,272.44
807.26,105.96,237.32,272.44
806.76,105.46,237.32,272.44
807.26,104.96,237.32,272.44
806.76,105.46,237.32,272.44
807.26,104.96,237.32,272.44
806.76,105.46,237.32,272.44
807.26,104.96,237.32,272.44
806.76,104.46,237.32,272.44
807.26,103.96,237.32,272.44
806.76,104.46,237.32,272.44
807.26,103.96,237.32,272.44
807.76,104.46,237.32,272.44
808.26,103.96,237.32,272.44
808.76,104.46,237.32,272.44
809.26,104.96,237.32,272.44
809.76,105.46,237.32,272.44
811.25,104.96,237.32,272.44
811.75,105.46,237.32,272.44
813.25,104.96,237.32,272.44
813.75,105.46,237.32,272.44
815.25,104.96,237.32,272.44
815.75,105.46,237.32,272.44
817.25,104.96,237.32,272.44
816.75,105.46,237.32,272.44
817.25,104.96,237.32,272.44
817.75,105.46,237.32,272.44
818.25,104.96,237.32,272.44
817.75,105.46,237.32,272.44
818.25,105.96,237.32,272.44
817.75,106.46,237.32,272.44
817.25,105.96,237.32,272.44
816.75,106.46,237.32,272.44
817.25,105.96,237.32,272.44
816.75,106.46,237.32,272.44
817.25,105.96,237.32,272.44
816.75,106.46,237.32,272.44
816.25,105.96,237.32,272.44
815.75,105.46,237.32,272.44
816.25,104.96,237.32,272.44
815.75,105.46,237.32,272.44
816.25,104.96,237.32,272.44
815.75,104.46,237.32,272.44
816.25,101.96,237.32,272.44
815.75,101.46,237.32,272.44
815.25,100.96,237.32,272.44
814.75,100.46,237.32,272.44
815.25,98.965,237.32,272.44
814.75,99.464,237.32,272.44
815.25,97.966,237.32,272.44
814.75,97.466,237.32,272.44
814.25,95.968,237.32,272.44
813.75,95.469,237.32,272.44
813.25,94.969,237.32,272.44
812.75,94.47,237.32,272.44
812.25,93.97,237.32,272.44
810.75,94.47,237.32,272.44
809.26,93.97,237.32,272.44
807.76,94.47,237.32,272.44
806.26,93.97,237.32,272.44
804.76,93.471,237.32,272.44
803.26,91.972,237.32,272.44
801.76,90.474,237.32,272.44
801.26,88.976,237.32,272.44
799.77,87.477,237.32,272.44
799.27,85.979,237.32,272.44
797.77,84.48,237.32,272.44
797.27,81.983,237.32,272.44
796.77,80.485,237.32,272.44
796.27,77.987,237.32,272.44
795.77,75.49,237.32,272.44
796.27,71.994,237.32,272.44
795.77,71.494,237.32,272.44
796.27,67.998,237.32,272.44
795.77,64.502,237.32,272.44
796.27,60.007,237.32,272.44
795.77,56.511,237.32,272.44
796.27,53.014,237.32,272.44
795.77,49.518,237.32,272.44
796.27,45.023,237.32,272.44
796.77,41.527,237.32,272.44
797.27,38.031,237.32,272.44
796.77,36.532,237.32,272.44
797.27,34.035,237.32,272.44
796.77,32.537,237.32,272.44
797.27,29.04,237.32,272.44
796.77,26.543,237.32,272.44
796.27,20.05,237.32,272.44
795.77,11.559,237.32,272.44
795.27,-0.92734,237.32,272.44
791.77,-22.404,237.32,272.44
791.28,-32.893,237.32,272.44
788.78,-41.384,237.32,272.44
788.28,-49.874,237.32,272.44
786.78,-56.367,237.32,272.44
785.28,-62.86,237.32,272.44
782.78,-67.356,237.32,272.44
781.29,-72.85,237.32,272.44
777.79,-74.348,237.32,272.44
775.29,-77.844,237.32,272.44
772.8,-78.344,237.32,272.44
771.3,-81.84,237.32,272.44
767.8,-82.339,237.32,272.44
765.3,-86.835,237.32,272.44
764.8,-86.335,237.32,272.44
763.31,-89.831,237.32,272.44
758.81,-91.33,237.32,272.44
757.31,-95.825,237.32,272.44
754.81,-99.321,237.32,272.44
752.32,-103.82,237.32,272.44
751.82,-107.31,237.32,272.44
751.32,-109.81,237.32,272.44
749.82,-111.31,237.32,272.44
749.32,-113.81,237.32,272.44
747.82,-115.3,237.32,272.44
746.32,-116.8,237.32,272.44
743.83,-116.3,237.32,272.44
744.33,-116.8,237.32,272.44
742.83,-116.3,237.32,272.44
741.33,-116.8,237.32,272.44
739.83,-115.3,237.32,272.44
739.33,-115.8,237.32,272.44
738.83,-115.3,237.32,272.44
738.33,-114.8,237.32,272.44
737.83,-114.3,237.32,272.44
737.33,-113.81,237.32,272.44
735.84,-113.31,237.32,272.44
736.33,-112.81,237.32,272.44
734.84,-112.31,237.32,272.44
735.34,-111.81,237.32,272.44
733.84,-111.31,237.32,272.44
733.34,-111.81,237.32,272.44
731.84,-111.31,237.32,272.44
731.34,-111.81,237.32,272.44
730.84,-111.31,237.32,272.44
730.34,-112.81,237.32,272.44
729.84,-112.31,237.32,272.44
730.34,-112.81,237.32,272.44
728.84,-113.31,237.32,272.44
726.35,-113.81,237.32,272.44
724.85,-113.31,237.32,272.44
722.35,-113.81,237.32,272.44
720.85,-114.3,237.32,272.44
717.35,-114.8,237.32,272.44
716.86,-114.3,237.32,272.44
712.36,-114.8,237.32,272.44
710.86,-115.3,237.32,272.44
707.37,-115.8,237.32,272.44
704.87,-116.3,237.32,272.44
700.37,-117.8,237.32,272.44
696.88,-117.3,237.32,272.44
692.38,-118.8,237.32,272.44
689.88,-119.3,237.32,272.44
687.39,-121.8,237.32,272.44
685.89,-122.3,237.32,272.44
683.39,-124.79,237.32,272.44
681.89,-126.29,237.32,272.44
679.4,-128.79,237.32,272.44
678.9,-130.29,237.32,272.44
677.4,-132.78,237.32,272.44
674.9,-134.28,237.32,272.44
676.76,-130.93,230.61,264.73
677.24,-116.86,230.61,264.73
677.73,-107.64,230.61,264.73
672.82,-106.25,237.5,272.65
658.78,-111.83,244.6,280.8
653.11,-115.43,244.6,280.8
641.74,-121.18,251.92,289.2
634.26,-129.21,259.45,297.84
635.9,-130.85,259.45,297.84
633.17,-130.3,259.45,297.84
629.83,-138.58,267.21,306.75
630.4,-138.02,267.21,306.75
628.71,-136.33,267.21,306.75
629.27,-138.02,267.21,306.75
623.59,-139.79,275.2,315.92
623.01,-141.53,275.2,315.92
623.59,-143.26,275.2,315.92
625.33,-145,275.2,315.92
623.59,-143.26,275.2,315.92
583.63,-75.5,275.2,315.92
578.41,-65.654,275.2,315.92
576.68,-63.916,275.2,315.92
577.25,-65.654,275.2,315.92
575.52,-66.233,275.2,315.92
576.1,-66.812,275.2,315.92
574.36,-67.391,275.2,315.92
573.78,-66.812,275.2,315.92
573.2,-66.233,275.2,315.92
572.62,-67.971,275.2,315.92
572.04,-68.55,275.2,315.92
570.3,-70.287,275.2,315.92
568.57,-73.183,275.2,315.92
566.83,-76.079,275.2,315.92
565.09,-78.975,275.2,315.92
561.04,-79.554,275.2,315.92
559.3,-81.292,275.2,315.92
556.4,-81.871,275.2,315.92
555.82,-85.925,275.2,315.92
555.25,-89.98,275.2,315.92
554.67,-94.034,275.2,315.92
555.25,-95.771,275.2,315.92
558.14,-97.509,275.2,315.92
564.51,-101.56,275.2,315.92
576.68,-100.98,275.2,315.92
586.52,-101.56,275.2,315.92
596.37,-99.826,275.2,315.92
602.74,-95.771,275.2,315.92
609.11,-90.559,275.2,315.92
612.01,-55.229,275.2,315.92
617.22,-19.899,275.2,315.92
628.22,1.5312,275.2,315.92
657.76,26.436,275.2,315.92
682.67,20.065,275.2,315.92
735.37,49.603,275.2,315.92
776.49,77.983,275.2,315.92
802.56,107.52,275.2,315.92
813.56,124.32,275.2,315.92
821.09,139.96,275.2,315.92
822.83,166.02,275.2,315.92
894.48,19.319,267.42,306.99
884.91,44.645,267.42,306.99
889.26,129.47,259.85,298.31
894.18,160.64,259.85,298.31
889.65,175.25,252.51,289.87
881.68,165.15,252.51,289.87
874.77,144.42,252.51,289.87
873.18,125.82,252.51,289.87
875.83,113.6,252.51,289.87
875.3,90.75,252.51,289.87
867.33,83.841,252.51,289.87
867.86,83.31,252.51,289.87
845.01,32.824,252.51,289.87
828.54,-30.416,252.51,289.87
833.7,-27.913,245.37,281.68
817.69,-51.151,245.37,281.68
805.15,-69.374,238.43,273.71
789.96,-86.079,231.69,265.97
776.79,-97.294,231.69,265.97
767.53,-106.56,231.69,265.97
751.43,-113.87,231.69,265.97
728.52,-116.31,231.69,265.97
705.6,-117.77,231.69,265.97
688.53,-118.26,231.69,265.97
684.49,-112.06,225.14,258.45
672.65,-113.48,225.14,258.45
667.77,-108.41,218.77,251.15
660.87,-105.19,218.77,251.15
655.8,-101.04,218.77,251.15
654.42,-99.661,218.77,251.15
654.88,-98.28,218.77,251.15
653.5,-97.819,218.77,251.15
649.36,-98.28,218.77,251.15
643.37,-96.898,218.77,251.15
644.16,-92.888,212.59,244.05
639.24,-96.019,212.59,244.05
628.46,-101.9,218.94,251.34
621.54,-105.13,218.94,251.34
613.71,-105.59,218.94,251.34
606.8,-106.97,218.94,251.34
600.81,-112.96,218.94,251.34
596.66,-117.11,218.94,251.34
595.61,-111.25,212.75,244.24
588.89,-105.43,212.75,244.24
588.45,-97.821,212.75,244.24
584.82,-97.442,219.11,251.54
581.08,-98.897,225.67,259.06
576.28,-106.09,232.41,266.81
566.45,-117.42,239.36,274.78
558.34,-114.98,246.52,283
514.7,-33.604,253.89,291.46
509.3,-43.839,261.48,300.18
509.85,-52.094,261.48,300.18
505.39,-65.937,269.3,309.15
504.83,-72.171,269.3,309.15
506.53,-78.406,269.3,309.15
509.36,-83.507,269.3,309.15
509.93,-86.341,269.3,309.15
510.49,-88.041,269.3,309.15
512.19,-89.741,269.3,309.15
512.76,-90.308,269.3,309.15
514.46,-89.741,269.3,309.15
516.16,-89.174,269.3,309.15
516.73,-73.872,269.3,309.15
513.27,-77.927,277.35,318.39
507.37,-79.768,285.64,327.91
497.69,-81.665,294.19,337.72
493.36,-76.092,294.19,337.72
486.55,-72.996,294.19,337.72
484.69,-69.901,294.19,337.72
482.83,-66.805,294.19,337.72
480.97,-64.948,294.19,337.72
477.88,-61.852,294.19,337.72
473.54,-59.994,294.19,337.72
465.5,-56.899,294.19,337.72
458.68,-55.041,294.19,337.72
450.64,-53.184,294.19,337.72
443.83,-53.803,294.19,337.72
444.44,-54.422,294.19,337.72
437.63,-53.803,294.19,337.72
433.3,-53.184,294.19,337.72
427.73,-53.803,294.19,337.72
420.23,-60.709,302.98,347.82
411.94,-61.347,302.98,347.82
404.93,-60.709,302.98,347.82
397.92,-61.347,302.98,347.82
392.18,-61.985,302.98,347.82
388.99,-62.622,302.98,347.82
385.8,-63.26,302.98,347.82
385.16,-62.622,302.98,347.82
384.52,-63.26,302.98,347.82
381.34,-62.622,302.98,347.82
380.7,-61.985,302.98,347.82
377.51,-61.347,302.98,347.82
373.05,-61.985,302.98,347.82
373.68,-62.622,302.98,347.82
371.77,-63.26,302.98,347.82
366.6,-70.373,312.04,358.22
363.32,-71.029,312.04,358.22
361.35,-73,312.04,358.22
360.69,-73.656,312.04,358.22
360.04,-74.313,312.04,358.22
359.38,-74.97,312.04,358.22
358.72,-78.253,312.04,358.22
359.38,-78.91,312.04,358.22
358.72,-82.194,312.04,358.22
358.07,-84.164,312.04,358.22
357.41,-86.134,312.04,358.22
356.75,-89.418,312.04,358.22
356.1,-95.328,312.04,358.22
354.13,-101.24,312.04,358.22
353.47,-100.58,312.04,358.22
352.81,-106.49,312.04,358.22
352.16,-113.72,312.04,358.22
351.5,-122.25,312.04,358.22
350.84,-130.79,312.04,358.22
350.19,-140.64,312.04,358.22
346.9,-150.49,312.04,358.22
343.62,-157.72,312.04,358.22
340.34,-163.63,312.04,358.22
334.43,-168.22,312.04,358.22
334.24,-161.19,303.22,348.09
327.22,-166.93,303.22,348.09
327.04,-161.37,294.64,338.25
320.22,-166.96,294.64,338.25
318.8,-154.11,286.31,328.68
307.35,-157.13,286.31,328.68
294.7,-157.73,286.31,328.68
283.25,-155.92,286.31,328.68
275.42,-152.91,286.31,328.68
271.2,-148.69,286.31,328.68
266.98,-145.68,286.31,328.68
265.17,-142.66,286.31,328.68
260.29,-146.97,294.87,338.51
258.43,-140.15,294.87,338.51
257.81,-138.29,294.87,338.51
252.78,-143.97,303.69,348.63
246.32,-148.54,312.77,359.06
246.98,-146.57,312.77,359.06
245,-147.22,312.77,359.06
239.08,-147.88,312.77,359.06
231.84,-148.54,312.77,359.06
225.91,-154.46,312.77,359.06
226.57,-155.12,312.77,359.06
219.33,-162.36,312.77,359.06
212.09,-166.97,312.77,359.06
210.59,-163.87,303.93,348.9
207.85,-159.58,295.33,339.04
207.67,-155.41,286.98,329.45
193.78,-147.55,286.98,329.45
171.98,-147.04,295.57,339.3
166.38,-146.42,295.57,339.3
141.43,-137.19,304.4,349.45
125.99,-136.65,313.5,359.9
126.65,-139.94,313.5,359.9
127.31,-140.6,313.5,359.9
127.97,-141.26,313.5,359.9
129.95,-140.6,313.5,359.9
133.25,-141.26,313.5,359.9
135.23,-141.92,313.5,359.9
137.21,-143.9,313.5,359.9
139.18,-144.56,313.5,359.9
141.16,-145.22,313.5,359.9
141.82,-145.88,313.5,359.9
141.16,-147.86,313.5,359.9
140.5,-148.52,313.5,359.9
139.84,-147.86,313.5,359.9
139.18,-147.2,313.5,359.9
139.84,-146.54,313.5,359.9
139.18,-147.2,313.5,359.9
138.52,-147.86,313.5,359.9
136.55,-149.84,313.5,359.9
134.57,-150.5,313.5,359.9
131.27,-149.84,313.5,359.9
130.61,-151.82,313.5,359.9
131.27,-151.16,313.5,359.9
130.61,-150.5,313.5,359.9
131.27,-149.84,313.5,359.9
131.93,-151.82,313.5,359.9
133.91,-149.84,313.5,359.9
134.57,-150.5,313.5,359.9
133.91,-148.52,313.5,359.9
133.25,-147.86,313.5,359.9
133.91,-148.52,313.5,359.9
146.92,-142.77,304.64,349.72
148.02,-141.04,296.03,339.83
151.13,-141.66,296.03,339.83
158.43,-139.97,287.66,330.22
160.25,-129.68,287.66,330.22
165.7,-126.65,287.66,330.22
169.93,-126.05,287.66,330.22
174.17,-126.65,287.66,330.22
179.62,-126.05,287.66,330.22
185.07,-125.44,287.66,330.22
186.89,-124.83,287.66,330.22
191.12,-123.02,287.66,330.22
194.15,-122.41,287.66,330.22
195.97,-121.81,287.66,330.22
198.99,-121.2,287.66,330.22
200.81,-120.6,287.66,330.22
202.63,-119.99,287.66,330.22
204.44,-119.39,287.66,330.22
205.05,-118.78,287.66,330.22
205.65,-116.96,287.66,330.22
207.47,-117.57,287.66,330.22
209.29,-116.96,287.66,330.22
209.89,-116.36,287.66,330.22
210.5,-115.75,287.66,330.22
211.1,-115.15,287.66,330.22
211.71,-114.54,287.66,330.22
212.31,-113.94,287.66,330.22
214.13,-113.33,287.66,330.22
214.73,-112.73,287.66,330.22
215.34,-112.12,287.66,330.22
215.95,-111.52,287.66,330.22
216.55,-112.12,287.66,330.22
217.16,-111.52,287.66,330.22
217.76,-112.12,287.66,330.22
217.16,-112.73,287.66,330.22
217.76,-112.12,287.66,330.22
218.37,-112.73,287.66,330.22
220.18,-114.54,287.66,330.22
222,-118.78,287.66,330.22
225.03,-121.81,287.66,330.22
228.05,-124.83,287.66,330.22
231.08,-129.07,287.66,330.22
235.32,-130.89,287.66,330.22
238.35,-131.49,287.66,330.22
241.37,-132.1,287.66,330.22
249.24,-124.23,287.66,330.22
254.69,-115.15,287.66,330.22
258.93,-106.07,287.66,330.22
263.17,-105.46,287.66,330.22
267.4,-104.86,287.66,330.22
270.43,-104.25,287.66,330.22
272.25,-101.22,287.66,330.22
272.85,-99.408,287.66,330.22
273.46,-98.802,287.66,330.22
276.49,-96.986,287.66,330.22
275.21,-103.74,296.26,340.1
275.84,-100.62,296.26,340.1
273.28,-103.84,305.12,350.27
275.2,-91.635,305.12,350.27
277.13,-84.571,305.12,350.27
285.94,-67.418,296.49,340.36
287.81,-65.546,296.49,340.36
288.44,-63.674,296.49,340.36
289.06,-60.554,296.49,340.36
290.93,-58.682,296.49,340.36
291.55,-58.058,296.49,340.36
292.18,-57.434,296.49,340.36
294.05,-58.058,296.49,340.36
294.67,-58.682,296.49,340.36
295.3,-59.306,296.49,340.36
295.92,-59.93,296.49,340.36
296.55,-60.554,296.49,340.36
297.17,-62.426,296.49,340.36
299.04,-64.298,296.49,340.36
299.67,-66.17,296.49,340.36
300.29,-68.042,296.49,340.36
300.91,-72.41,296.49,340.36
302.79,-75.53,296.49,340.36
303.41,-78.65,296.49,340.36
304.03,-81.77,296.49,340.36
304.66,-81.146,296.49,340.36
300.85,-89.355,305.35,350.54
300.21,-89.997,305.35,350.54
303.42,-90.64,305.35,350.54
306.63,-91.283,305.35,350.54
316.73,-81.828,296.72,340.63
317.36,-83.702,296.72,340.63
319.23,-84.326,296.72,340.63
326.55,-72.642,288.33,331
325.94,-75.676,288.33,331
326.55,-76.283,288.33,331
327.16,-74.462,288.33,331
328.98,-75.069,288.33,331
329.58,-73.248,288.33,331
328.98,-72.642,288.33,331
329.58,-73.248,288.33,331
330.19,-72.642,288.33,331
330.8,-72.035,288.33,331
331.4,-71.428,288.33,331
330.8,-70.821,288.33,331
331.4,-71.428,288.33,331
332.01,-70.821,288.33,331
332.62,-71.428,288.33,331
332.01,-70.821,288.33,331
332.62,-70.214,288.33,331
333.23,-69.607,288.33,331
333.83,-70.214,288.33,331
333.23,-68.394,288.33,331
333.83,-69.001,288.33,331
333.23,-68.394,288.33,331
333.83,-69.001,288.33,331
333.23,-68.394,288.33,331
333.83,-69.001,288.33,331
333.23,-68.394,288.33,331
332.62,-69.001,288.33,331
330.8,-68.394,288.33,331
328.98,-69.001,288.33,331
325.94,-68.394,288.33,331
324.12,-69.001,288.33,331
321.09,-68.394,288.33,331
319.27,-67.787,288.33,331
318.66,-68.394,288.33,331
316.84,-67.787,288.33,331
316.23,-67.18,288.33,331
315.63,-66.573,288.33,331
315.02,-65.966,288.33,331
314.41,-65.36,288.33,331
313.81,-64.753,288.33,331
314.41,-64.146,288.33,331
313.81,-63.539,288.33,331
313.2,-62.932,288.33,331
313.81,-63.539,288.33,331
313.2,-62.932,288.33,331
312.59,-63.539,288.33,331
311.99,-62.932,288.33,331
311.38,-63.539,288.33,331
309.56,-62.932,288.33,331
308.95,-63.539,288.33,331
308.35,-64.146,288.33,331
305.31,-64.753,288.33,331
304.7,-66.573,288.33,331
302.88,-67.18,288.33,331
301.06,-67.787,288.33,331
300.46,-68.394,288.33,331
297.42,-69.001,288.33,331
295.6,-69.607,288.33,331
295,-69.001,288.33,331
293.17,-68.394,288.33,331
292.57,-69.001,288.33,331
289.53,-68.394,288.33,331
287.71,-66.573,288.33,331
287.11,-65.966,288.33,331
286.5,-64.146,288.33,331
285.89,-63.539,288.33,331
285.29,-62.932,288.33,331
285.89,-61.112,288.33,331
285.29,-59.291,288.33,331
285.89,-57.471,288.33,331
285.29,-55.65,288.33,331
284.68,-53.83,288.33,331
285.29,-50.796,288.33,331
288.32,-42.907,288.33,331
296.21,-30.164,288.33,331
313.81,-5.284,288.33,331
333.83,18.382,288.33,331
349,35.98,288.33,331
362.96,51.151,288.33,331
374.49,60.253,288.33,331
382.38,66.928,288.33,331
389.05,72.39,288.33,331
390.87,74.21,288.33,331
392.69,74.817,288.33,331
394.51,79.065,288.33,331
396.77,95.274,280.18,321.64
397.36,144.22,280.18,321.64
399.13,176.65,280.18,321.64
399.72,205.54,280.18,321.64
406.63,229.55,272.26,312.55
406.05,238.14,272.26,312.55
403.19,241.01,272.26,312.55
400.32,240.43,272.26,312.55
396.31,238.72,272.26,312.55
394.59,237,272.26,312.55
394.02,234.13,272.26,312.55
391.16,232.41,272.26,312.55
388.29,229.55,272.26,312.55
388.86,228.97,272.26,312.55
384.85,227.26,272.26,312.55
383.13,225.54,272.26,312.55
377.98,224.96,272.26,312.55
373.97,223.24,272.26,312.55
369.96,222.67,272.26,312.55
367.09,223.24,272.26,312.55
364.23,222.67,272.26,312.55
363.65,222.1,272.26,312.55
363.08,219.23,272.26,312.55
362.51,214.08,272.26,312.55
363.08,211.21,272.26,312.55
363.65,206.05,272.26,312.55
366.52,199.75,272.26,312.55
369.38,195.74,272.26,312.55
377.98,190.58,272.26,312.55
396.89,190.01,272.26,312.55
412.36,180.27,272.26,312.55
441.58,183.14,272.26,312.55
466.22,187.15,272.26,312.55
481.69,191.16,272.26,312.55
492.58,194.02,272.26,312.55
500.03,195.74,272.26,312.55
501.74,196.31,272.26,312.55
503.46,198.03,272.26,312.55
501.74,196.31,272.26,312.55
497.73,188.87,272.26,312.55
485.7,160.79,272.26,312.55
467.94,138.44,272.26,312.55
449.03,122.97,272.26,312.55
431.27,107.5,272.26,312.55
416.94,93.175,272.26,312.55
416.37,92.602,272.26,312.55
404.34,79.423,272.26,312.55
394.59,66.244,272.26,312.55
386,54.211,272.26,312.55
377.4,43.324,272.26,312.55
369.96,34.729,272.26,312.55
363.65,26.134,272.26,312.55
358.5,17.539,272.26,312.55
351.05,10.091,272.26,312.55
345.89,2.6416,272.26,312.55
341.88,-3.6614,272.26,312.55
339.01,-9.9643,272.26,312.55
332.08,-19.794,280.4,321.89
327.95,-23.925,280.4,321.89
323.82,-26.875,280.4,321.89
317.33,-28.646,280.4,321.89
309.65,-30.416,280.4,321.89
301.98,-32.186,280.4,321.89
293.13,-33.957,280.4,321.89
284.28,-34.547,280.4,321.89
275.43,-35.137,280.4,321.89
264.21,-35.727,280.4,321.89
254.18,-36.317,280.4,321.89
245.33,-36.908,280.4,321.89
236.48,-37.498,280.4,321.89
229.34,-41.72,288.78,331.52
223.87,-42.328,288.78,331.52
219.61,-42.935,288.78,331.52
216.57,-42.328,288.78,331.52
215.96,-42.935,288.78,331.52
212.93,-42.328,288.78,331.52
211.1,-42.935,288.78,331.52
210.49,-43.543,288.78,331.52
209.89,-44.151,288.78,331.52
208.06,-43.543,288.78,331.52
206.24,-42.935,288.78,331.52
206.85,-42.328,288.78,331.52
206.24,-42.935,288.78,331.52
205.63,-43.543,288.78,331.52
205.02,-42.935,288.78,331.52
205.63,-43.543,288.78,331.52
205.02,-42.935,288.78,331.52
204.42,-42.328,288.78,331.52
205.02,-42.935,288.78,331.52
204.42,-42.328,288.78,331.52
205.02,-42.935,288.78,331.52
204.42,-42.328,288.78,331.52
203.81,-42.935,288.78,331.52
203.2,-42.328,288.78,331.52
203.81,-41.72,288.78,331.52
203.2,-42.328,288.78,331.52
203.81,-41.72,288.78,331.52
204.42,-42.328,288.78,331.52
206.24,-41.72,288.78,331.52
206.85,-41.112,288.78,331.52
208.67,-40.504,288.78,331.52
210.49,-39.896,288.78,331.52
211.1,-38.073,288.78,331.52
211.71,-37.465,288.78,331.52
212.32,-35.642,288.78,331.52
214.14,-35.034,288.78,331.52
214.75,-33.211,288.78,331.52
214.14,-32.603,288.78,331.52
214.75,-33.211,288.78,331.52
214.14,-32.603,288.78,331.52
214.75,-33.211,288.78,331.52
214.14,-32.603,288.78,331.52
213.53,-33.211,288.78,331.52
214.14,-32.603,288.78,331.52
213.53,-33.211,288.78,331.52
212.93,-33.819,288.78,331.52
212.32,-35.642,288.78,331.52
212.93,-37.465,288.78,331.52
212.32,-40.504,288.78,331.52
212.93,-44.759,288.78,331.52
212.32,-49.013,288.78,331.52
212.93,-53.267,288.78,331.52
213.53,-58.737,288.78,331.52
215.36,-64.207,288.78,331.52
215.96,-68.462,288.78,331.52
216.57,-73.932,288.78,331.52
218.4,-78.186,288.78,331.52
219,-83.656,288.78,331.52
219.61,-90.342,288.78,331.52
220.22,-97.027,288.78,331.52
220.83,-104.93,288.78,331.52
221.43,-111.61,288.78,331.52
222.04,-119.51,288.78,331.52
222.65,-126.2,288.78,331.52
222.04,-130.45,288.78,331.52
222.65,-134.71,288.78,331.52
223.26,-137.75,288.78,331.52
225.08,-140.79,288.78,331.52
225.69,-142.61,288.78,331.52
226.3,-144.43,288.78,331.52
226.9,-146.26,288.78,331.52
226.3,-146.86,288.78,331.52
226.9,-147.47,288.78,331.52
227.51,-148.08,288.78,331.52
226.9,-148.69,288.78,331.52
227.51,-149.3,288.78,331.52
226.9,-148.69,288.78,331.52
227.51,-149.3,288.78,331.52
226.9,-148.69,288.78,331.52
227.51,-149.3,288.78,331.52
228.12,-148.69,288.78,331.52
227.51,-148.08,288.78,331.52
228.12,-146.26,288.78,331.52
228.73,-144.43,288.78,331.52
229.34,-142.61,288.78,331.52
229.94,-140.79,288.78,331.52
230.55,-138.96,288.78,331.52
231.16,-138.36,288.78,331.52
232.98,-137.75,288.78,331.52
236.02,-137.14,288.78,331.52
242.71,-135.32,288.78,331.52
249.39,-134.71,288.78,331.52
257.29,-134.1,288.78,331.52
265.19,-132.28,288.78,331.52
273.1,-131.67,288.78,331.52
278.57,-131.06,288.78,331.52
285.25,-130.45,288.78,331.52
289.51,-131.06,288.78,331.52
296.19,-130.45,288.78,331.52
299.23,-131.06,288.78,331.52
304.7,-131.67,288.78,331.52
306.52,-132.28,288.78,331.52
310.78,-131.67,288.78,331.52
311.39,-132.28,288.78,331.52
314.42,-131.67,288.78,331.52
313.82,-131.06,288.78,331.52
313.21,-130.45,288.78,331.52
313.82,-129.85,288.78,331.52
313.21,-128.02,288.78,331.52
312.6,-126.2,288.78,331.52
313.21,-124.38,288.78,331.52
312.6,-122.55,288.78,331.52
313.21,-121.95,288.78,331.52
313.82,-118.91,288.78,331.52
314.42,-117.08,288.78,331.52
315.03,-115.26,288.78,331.52
315.64,-112.22,288.78,331.52
315.03,-106.75,288.78,331.52
314.42,-98.85,288.78,331.52
315.03,-89.734,288.78,331.52
313.21,-81.833,288.78,331.52
310.17,-72.716,288.78,331.52
307.13,-64.815,288.78,331.52
304.09,-55.699,288.78,331.52
298.62,-49.013,288.78,331.52
293.15,-44.759,288.78,331.52
287.68,-42.935,288.78,331.52
282.21,-41.112,288.78,331.52
277.96,-36.858,288.78,331.52
272.49,-27.741,288.78,331.52
265.8,-24.702,288.78,331.52
255.47,-20.448,288.78,331.52
240.28,-0.39126,288.78,331.52
223.87,2.6476,288.78,331.52
207.46,4.4709,288.78,331.52
189.83,7.5098,288.78,331.52
173.42,16.626,288.78,331.52
174.03,16.019,288.78,331.52
156.4,17.842,288.78,331.52
138.78,19.665,288.78,331.52
118.72,20.273,288.78,331.52
101.1,20.881,288.78,331.52
83.47,22.704,288.78,331.52
62.743,17.14,297.42,341.43
45.843,19.018,297.42,341.43
32.698,18.392,297.42,341.43
23.309,20.27,297.42,341.43
12.668,19.644,297.42,341.43
8.2861,20.27,297.42,341.43
2.6526,22.148,297.42,341.43
3.2785,27.781,297.42,341.43
8.912,38.422,297.42,341.43
12.042,45.308,297.42,341.43
17.675,49.689,297.42,341.43
23.309,55.323,297.42,341.43
28.942,59.704,297.42,341.43
33.324,62.834,297.42,341.43
37.705,64.712,297.42,341.43
40.835,66.59,297.42,341.43
42.713,68.468,297.42,341.43
45.843,69.094,297.42,341.43
46.469,69.72,297.42,341.43
48.347,70.345,297.42,341.43
48.973,69.72,297.42,341.43
49.598,70.345,297.42,341.43
50.224,68.468,297.42,341.43
49.598,67.842,297.42,341.43
48.973,67.216,297.42,341.43
48.347,67.842,297.42,341.43
48.973,67.216,297.42,341.43
47.095,66.59,297.42,341.43
47.721,67.216,297.42,341.43
48.347,67.842,297.42,341.43
51.476,67.216,297.42,341.43
52.102,67.842,297.42,341.43
55.232,68.468,297.42,341.43
55.858,69.094,297.42,341.43
62.743,70.971,297.42,341.43
72.132,74.101,297.42,341.43
80.27,77.231,297.42,341.43
79.644,77.857,297.42,341.43
89.033,79.735,297.42,341.43
97.17,81.612,297.42,341.43
105.31,82.238,297.42,341.43
113.44,81.612,297.42,341.43
122.83,80.987,297.42,341.43
130.97,80.361,297.42,341.43
144.57,87.065,289.01,331.77
151.26,86.457,289.01,331.77
157.95,85.849,289.01,331.77
162.2,85.241,289.01,331.77
167.68,84.632,289.01,331.77
171.94,85.241,289.01,331.77
177.41,84.632,289.01,331.77
181.67,85.241,289.01,331.77
184.71,84.632,289.01,331.77
187.75,84.024,289.01,331.77
190.79,84.632,289.01,331.77
193.83,84.024,289.01,331.77
195.66,84.632,289.01,331.77
197.48,84.024,289.01,331.77
199.31,83.416,289.01,331.77
199.92,84.024,289.01,331.77
200.52,84.632,289.01,331.77
199.92,84.024,289.01,331.77
200.52,84.632,289.01,331.77
201.13,84.024,289.01,331.77
202.96,84.632,289.01,331.77
202.35,84.024,289.01,331.77
204.17,84.632,289.01,331.77
203.56,84.024,289.01,331.77
204.17,84.632,289.01,331.77
204.78,84.024,289.01,331.77
204.17,84.632,289.01,331.77
204.78,84.024,289.01,331.77
204.17,83.416,289.01,331.77
204.78,82.808,289.01,331.77
205.39,83.416,289.01,331.77
206,84.024,289.01,331.77
205.39,84.632,289.01,331.77
206,84.024,289.01,331.77
206.61,84.632,289.01,331.77
206,85.241,289.01,331.77
206.61,84.632,289.01,331.77
207.21,85.241,289.01,331.77
207.82,84.632,289.01,331.77
207.21,85.241,289.01,331.77
207.82,84.632,289.01,331.77
208.43,85.241,289.01,331.77
209.04,84.632,289.01,331.77
209.65,85.241,289.01,331.77
209.04,85.849,289.01,331.77
209.65,86.457,289.01,331.77
210.26,85.849,289.01,331.77
210.86,85.241,289.01,331.77
210.26,84.632,289.01,331.77
209.65,84.024,289.01,331.77
206.61,82.199,289.01,331.77
203.56,79.158,289.01,331.77
200.52,77.333,289.01,331.77
196.27,74.292,289.01,331.77
192.01,70.034,289.01,331.77
187.75,65.777,289.01,331.77
181.06,60.302,289.01,331.77
175.59,53.612,289.01,331.77
170.11,46.921,289.01,331.77
167.07,40.23,289.01,331.77
162.81,31.107,289.01,331.77
158.55,23.199,289.01,331.77
155.51,12.859,289.01,331.77
153.69,3.7354,289.01,331.77
149.43,-4.1718,289.01,331.77
146.39,-10.862,289.01,331.77
142.13,-16.337,289.01,331.77
140.31,-19.378,289.01,331.77
134.16,-28.596,297.65,341.69
132.28,-31.728,297.65,341.69
131.66,-32.354,297.65,341.69
133.54,-31.728,297.65,341.69
135.41,-29.849,297.65,341.69
137.29,-26.716,297.65,341.69
140.43,-23.584,297.65,341.69
143.56,-19.199,297.65,341.69
146.69,-14.814,297.65,341.69
149.82,-10.429,297.65,341.69
151.7,-7.297,297.65,341.69
152.33,-6.6705,297.65,341.69
152.95,-3.5384,297.65,341.69
154.83,-1.6591,297.65,341.69
155.46,1.4731,297.65,341.69
156.09,3.3524,297.65,341.69
156.71,5.2317,297.65,341.69
156.09,5.8581,297.65,341.69
156.71,6.4846,297.65,341.69
157.34,7.111,297.65,341.69
156.71,7.7374,297.65,341.69
157.34,8.3639,297.65,341.69
156.71,6.4846,297.65,341.69
156.09,5.8581,297.65,341.69
156.71,5.2317,297.65,341.69
156.09,4.6053,297.65,341.69
156.71,3.9788,297.65,341.69
157.34,3.3524,297.65,341.69
157.97,2.726,297.65,341.69
158.59,2.0995,297.65,341.69
159.22,1.4731,297.65,341.69
159.85,-0.40619,297.65,341.69
161.73,-1.0326,297.65,341.69
162.35,-1.6591,297.65,341.69
164.23,-2.2855,297.65,341.69
164.86,-2.9119,297.65,341.69
166.74,-2.2855,297.65,341.69
168.62,-0.40619,297.65,341.69
169.24,0.22024,297.65,341.69
171.12,2.0995,297.65,341.69
173,3.9788,297.65,341.69
174.88,5.8581,297.65,341.69
178.01,8.9903,297.65,341.69
179.89,12.122,297.65,341.69
179.27,12.749,297.65,341.69
182.4,13.375,297.65,341.69
184.28,16.508,297.65,341.69
187.41,17.134,297.65,341.69
196,27.602,289.23,332.03
197.83,25.776,289.23,332.03
202.09,25.168,289.23,332.03
203.92,25.776,289.23,332.03
206.96,26.385,289.23,332.03
208.78,28.211,289.23,332.03
211.83,28.82,289.23,332.03
213.65,29.429,289.23,332.03
214.26,31.255,289.23,332.03
214.87,31.863,289.23,332.03
216.7,31.255,289.23,332.03
218.52,33.081,289.23,332.03
221.57,33.69,289.23,332.03
225.83,35.516,289.23,332.03
227.66,36.125,289.23,332.03
230.7,37.951,289.23,332.03
232.52,38.559,289.23,332.03
233.13,36.733,289.23,332.03
231.31,33.69,289.23,332.03
230.7,28.211,289.23,332.03
228.87,22.733,289.23,332.03
228.26,16.037,289.23,332.03
225.22,9.3408,289.23,332.03
224.61,2.6448,289.23,332.03
225.22,-5.2685,289.23,332.03
227.05,-11.964,289.23,332.03
228.87,-16.226,289.23,332.03
233.13,-21.704,289.23,332.03
232.52,-21.095,289.23,332.03
236.79,-25.356,289.23,332.03
242.26,-29.617,289.23,332.03
245.31,-31.444,289.23,332.03
250.79,-34.487,289.23,332.03
253.83,-36.313,289.23,332.03
256.87,-36.922,289.23,332.03
259.92,-37.531,289.23,332.03
260.53,-38.14,289.23,332.03
261.13,-38.748,289.23,332.03
261.74,-38.14,289.23,332.03
262.35,-38.748,289.23,332.03
262.96,-38.14,289.23,332.03
262.35,-38.748,289.23,332.03
262.96,-38.14,289.23,332.03
263.57,-38.748,289.23,332.03
264.18,-38.14,289.23,332.03
263.57,-37.531,289.23,332.03
264.18,-36.922,289.23,332.03
263.57,-36.313,289.23,332.03
264.18,-36.922,289.23,332.03
263.57,-36.313,289.23,332.03
264.18,-35.705,289.23,332.03
263.57,-35.096,289.23,332.03
264.18,-34.487,289.23,332.03
264.79,-33.878,289.23,332.03
265.4,-33.27,289.23,332.03
264.79,-32.661,289.23,332.03
265.4,-30.835,289.23,332.03
266,-30.226,289.23,332.03
265.4,-28.4,289.23,332.03
266,-27.791,289.23,332.03
266.61,-27.183,289.23,332.03
267.22,-26.574,289.23,332.03
267.83,-23.53,289.23,332.03
269.66,-21.704,289.23,332.03
270.27,-19.878,289.23,332.03
269.66,-18.052,289.23,332.03
270.27,-17.443,289.23,332.03
270.87,-16.834,289.23,332.03
272.7,-16.226,289.23,332.03
273.31,-15.617,289.23,332.03
273.92,-15.008,289.23,332.03
274.53,-14.399,289.23,332.03
275.14,-15.008,289.23,332.03
275.74,-14.399,289.23,332.03
276.35,-15.008,289.23,332.03
275.74,-14.399,289.23,332.03
276.35,-15.008,289.23,332.03
275.74,-14.399,289.23,332.03
276.35,-15.008,289.23,332.03
276.96,-14.399,289.23,332.03
277.57,-15.008,289.23,332.03
278.18,-14.399,289.23,332.03
278.79,-13.791,289.23,332.03
279.4,-13.182,289.23,332.03
278.79,-12.573,289.23,332.03
279.4,-11.964,289.23,332.03
280.01,-11.356,289.23,332.03
280.61,-11.964,289.23,332.03
281.22,-10.138,289.23,332.03
281.83,-9.5296,289.23,332.03
283.66,-8.9209,289.23,332.03
284.27,-8.3122,289.23,332.03
284.88,-6.486,289.23,332.03
285.48,-7.0947,289.23,332.03
284.88,-5.2685,289.23,332.03
285.48,-4.6598,289.23,332.03
286.09,-2.8337,289.23,332.03
286.7,-2.2249,289.23,332.03
287.31,-1.6162,289.23,332.03
287.92,-1.0075,289.23,332.03
287.31,-0.39878,289.23,332.03
287.92,-1.0075,289.23,332.03
288.53,-0.39878,289.23,332.03
289.14,0.20995,289.23,332.03
288.53,0.81867,289.23,332.03
289.14,0.20995,289.23,332.03
289.74,0.81867,289.23,332.03
290.35,0.20995,289.23,332.03
290.96,0.81867,289.23,332.03
291.57,0.20995,289.23,332.03
293.4,0.81867,289.23,332.03
292.79,1.4274,289.23,332.03
294.61,2.0361,289.23,332.03
295.22,1.4274,289.23,332.03
297.05,2.0361,289.23,332.03
300.09,1.4274,289.23,332.03
304.35,2.0361,289.23,332.03
309.83,1.4274,289.23,332.03
315.31,2.0361,289.23,332.03
322.01,2.6448,289.23,332.03
331.14,3.2536,289.23,332.03
339.05,5.0797,289.23,332.03
346.96,5.6884,289.23,332.03
356.1,7.5146,289.23,332.03
364.01,9.3408,289.23,332.03
363.4,9.9495,289.23,332.03
372.53,10.558,289.23,332.03
378.01,13.602,289.23,332.03
381.05,17.863,289.23,332.03
384.1,24.559,289.23,332.03
387.14,32.472,289.23,332.03
393.84,52.56,289.23,332.03
395.66,61.691,289.23,332.03
399.92,70.822,289.23,332.03
404.18,79.952,289.23,332.03
408.45,86.648,289.23,332.03
413.92,93.344,289.23,332.03
418.19,102.48,289.23,332.03
424.88,107.95,289.23,332.03
424.27,108.56,289.23,332.03
433.84,121.17,281.05,322.64
435.61,126.49,281.05,322.64
436.21,127.08,281.05,322.64
437.98,131.23,281.05,322.64
437.39,131.82,281.05,322.64
437.98,139.51,281.05,322.64
437.39,149.56,281.05,322.64
436.8,160.8,281.05,322.64
437.39,175.59,281.05,322.64
437.98,196.29,281.05,322.64
435.02,213.45,281.05,322.64
462.82,217.59,281.05,322.64
521.38,246.57,281.05,322.64
582.31,274.37,281.05,322.64
632.59,303.35,281.05,322.64
665.65,294.39,289.46,332.29
700.37,314.49,289.46,332.29
707.62,312.57,298.11,342.23
709.5,316.96,298.11,342.23
711.39,320.1,298.11,342.23
725.01,335.61,289.68,332.55
724.4,336.22,289.68,332.55
709.71,330.63,298.34,342.49
694.01,324.98,298.34,342.49
673.85,321.75,307.27,352.74
649.92,313.34,307.27,352.74
626.58,313.89,316.45,363.28
586.55,286.48,325.91,374.14
547.45,243.26,325.91,374.14
471.8,118.91,316.7,363.57
447.62,98.058,307.75,353.29
421.53,60.953,299.04,343.3
377.3,17.345,290.59,333.59
338.77,-26.077,290.59,333.59
297.79,-63.384,290.59,333.59
269.05,-93.351,290.59,333.59
242.75,-111.09,290.59,333.59
227.46,-121.48,290.59,333.59
223.18,-138,290.59,333.59
221.34,-150.84,290.59,333.59
214.62,-162.46,290.59,333.59
207.89,-177.75,290.59,333.59
203.61,-178.36,290.59,333.59
203,-161.85,290.59,333.59
203.61,-150.23,290.59,333.59
206.67,-144.72,290.59,333.59
208.5,-144.11,290.59,333.59
209.11,-143.5,290.59,333.59
208.5,-144.11,290.59,333.59
204.22,-138.61,290.59,333.59
203.61,-139.22,290.59,333.59
195.66,-131.27,290.59,333.59
191.38,-125.76,290.59,333.59
190.77,-126.38,290.59,333.59
184.04,-120.87,290.59,333.59
184.65,-120.26,290.59,333.59
185.26,-120.87,290.59,333.59
183.43,-114.14,290.59,333.59
186.48,-107.42,290.59,333.59
187.1,-104.36,290.59,333.59
186.48,-101.3,290.59,333.59
188.32,-99.467,290.59,333.59
190.15,-97.632,290.59,333.59
190.77,-97.02,290.59,333.59
192.6,-96.409,290.59,333.59
194.44,-95.797,290.59,333.59
197.49,-93.962,290.59,333.59
200.55,-90.905,290.59,333.59
204.83,-86.624,290.59,333.59
207.89,-82.343,290.59,333.59
210.95,-75.615,290.59,333.59
212.78,-70.111,290.59,333.59
215.84,-65.83,290.59,333.59
217.67,-60.326,290.59,333.59
220.73,-57.268,290.59,333.59
222.57,-52.987,290.59,333.59
225.63,-48.706,290.59,333.59
227.46,-48.094,290.59,333.59
228.07,-45.036,290.59,333.59
229.91,-44.425,290.59,333.59
230.52,-43.813,290.59,333.59
231.13,-43.202,290.59,333.59
231.74,-43.813,290.59,333.59
231.13,-41.978,290.59,333.59
231.74,-42.59,290.59,333.59
232.35,-41.978,290.59,333.59
234.19,-41.367,290.59,333.59
233.58,-41.978,290.59,333.59
232.96,-42.59,290.59,333.59
232.35,-43.202,290.59,333.59
231.74,-42.59,290.59,333.59
231.13,-43.202,290.59,333.59
230.52,-42.59,290.59,333.59
229.91,-43.202,290.59,333.59
228.07,-42.59,290.59,333.59
227.46,-41.978,290.59,333.59
226.85,-41.367,290.59,333.59
223.79,-40.755,290.59,333.59
221.96,-40.144,290.59,333.59
221.34,-38.309,290.59,333.59
218.29,-37.697,290.59,333.59
215.23,-37.086,290.59,333.59
212.17,-35.251,290.59,333.59
207.89,-34.64,290.59,333.59
203.61,-34.028,290.59,333.59
201.77,-32.193,290.59,333.59
197.49,-31.582,290.59,333.59
196.88,-30.97,290.59,333.59
193.82,-30.358,290.59,333.59
191.99,-29.747,290.59,333.59
191.38,-30.358,290.59,333.59
189.54,-29.747,290.59,333.59
187.71,-30.358,290.59,333.59
183.43,-29.747,290.59,333.59
180.37,-30.358,290.59,333.59
180.98,-29.747,290.59,333.59
176.7,-30.358,290.59,333.59
174.86,-30.97,290.59,333.59
171.81,-30.358,290.59,333.59
169.97,-30.97,290.59,333.59
169.36,-30.358,290.59,333.59
168.75,-30.97,290.59,333.59
168.14,-31.582,290.59,333.59
167.53,-32.193,290.59,333.59
166.91,-32.805,290.59,333.59
167.53,-33.416,290.59,333.59
166.91,-34.028,290.59,333.59
166.3,-34.64,290.59,333.59
166.91,-34.028,290.59,333.59
167.53,-33.416,290.59,333.59
168.14,-32.805,290.59,333.59
168.75,-29.747,290.59,333.59
168.14,-26.689,290.59,333.59
168.75,-24.854,290.59,333.59
166.91,-21.796,290.59,333.59
166.3,-18.738,290.59,333.59
164.47,-15.681,290.59,333.59
162.63,-11.4,290.59,333.59
159.58,-7.1185,290.59,333.59
156.52,-2.8375,290.59,333.59
153.46,0.22039,290.59,333.59
150.4,2.0551,290.59,333.59
147.34,3.8899,290.59,333.59
144.29,5.7246,290.59,333.59
142.45,8.7825,290.59,333.59
141.84,10.617,290.59,333.59
138.78,14.898,290.59,333.59
138.17,14.287,290.59,333.59
136.34,19.791,290.59,333.59
133.28,38.75,290.59,333.59
129,68.717,290.59,333.59
119.82,95.015,290.59,333.59
109.43,109.08,290.59,333.59
95.36,118.25,290.59,333.59
76.401,127.43,290.59,333.59
57.442,134.16,290.59,333.59
38.483,142.11,290.59,333.59
21.97,148.83,290.59,333.59
6.6809,154.34,290.59,333.59
-9.2834,152.41,299.28,343.56
-25.03,159.34,299.28,343.56
-36.997,162.49,299.28,343.56
-46.445,165.64,299.28,343.56
-59.108,162.39,308.23,353.84
-66.243,164.34,308.23,353.84
-70.784,166.28,308.23,353.84
-75.325,169.52,308.23,353.84
-79.866,172.77,308.23,353.84
-84.407,174.71,308.23,353.84
-86.353,176.66,308.23,353.84
-89.596,179.9,308.23,353.84
-88.948,181.85,308.23,353.84
-90.894,182.5,308.23,353.84
-90.245,183.15,308.23,353.84
-89.596,183.8,308.23,353.84
-90.245,184.44,308.23,353.84
-89.596,183.8,308.23,353.84
-92.84,184.44,308.23,353.84
-97.381,185.09,308.23,353.84
-96.732,184.44,308.23,353.84
-101.27,187.69,308.23,353.84
-104.52,197.42,308.23,353.84
-110.35,225.31,308.23,353.84
-116.19,237.64,308.23,353.84
-124.63,249.96,308.23,353.84
-128.7,267.29,299.51,343.83
-144.46,274.22,299.51,343.83
-162.74,282.42,299.51,343.83
-174.27,296.74,291.04,334.11
-189.58,301.02,291.04,334.11
-109.34,326.14,291.04,334.11
-75.209,333.92,282.81,324.66
-75.804,329.76,282.81,324.66
-71.21,336.13,274.82,315.48
-76.416,336.71,274.82,315.48
-76.579,342.91,267.05,306.56
-80.111,350.05,259.5,297.9
-66.065,358.08,252.16,289.47
-60.813,358.53,259.7,298.13
-72.894,358.99,267.46,307.04
-80.833,358.34,275.46,316.22
-86.051,363.56,275.46,316.22
-88.43,361.73,283.7,325.68
-92.609,365.91,283.7,325.68
-96.789,371.29,283.7,325.68
-97.386,375.47,283.7,325.68
-97.983,382.03,283.7,325.68
-99.774,390.99,283.7,325.68
-109.39,399.85,292.18,335.42
-44.271,332.73,300.92,345.45
-41.104,329.57,300.92,345.45
-46.804,327.67,300.92,345.45
-48.704,327.03,300.92,345.45
-51.87,325.13,300.92,345.45
-62.069,319.33,309.91,355.77
-56.199,318.68,309.91,355.77
-63.373,316.73,309.91,355.77
-66.05,306.84,319.18,366.41
-65.378,304.83,319.18,366.41
-63.363,298.78,319.18,366.41
-66.722,295.42,319.18,366.41
-67.393,293.41,319.18,366.41
-66.722,292.73,319.18,366.41
-67.393,289.38,319.18,366.41
-68.065,287.36,319.18,366.41
-67.393,275.94,319.18,366.41
-64.035,253.77,319.18,366.41
-48.584,236.98,319.18,366.41
-34.478,221.53,319.18,366.41
11.132,214.04,328.72,377.37
33.963,214.73,328.72,377.37
66.479,212.65,328.72,377.37
91.313,207.7,338.55,388.65
124.8,209.84,338.55,388.65
149.74,210.55,338.55,388.65
181.8,216.96,338.55,388.65
287.18,194.77,348.67,400.27
318.74,195.5,348.67,400.27
342.95,199.17,348.67,400.27
362.77,201.37,348.67,400.27
375.24,203.57,348.67,400.27
381.04,198.32,359.1,412.24
387.84,199.08,359.1,412.24
396.15,198.32,359.1,412.24
393.88,199.08,359.1,412.24
399.18,199.83,359.1,412.24
399.93,199.08,359.1,412.24
397.66,201.34,359.1,412.24
396.91,203.61,359.1,412.24
393.13,205.88,359.1,412.24
383.3,208.15,359.1,412.24
371.97,213.44,359.1,412.24
350.05,217.22,359.1,412.24
328.13,224.02,359.1,412.24
303.19,229.31,359.1,412.24
279.76,233.09,359.1,412.24
250.29,238.38,359.1,412.24
225.35,242.16,359.1,412.24
200.95,257.81,348.95,400.58
163.5,264.42,348.95,400.58
130.45,275.43,348.95,400.58
97.4,282.04,348.95,400.58
73.165,288.65,348.95,400.58
51.868,299.67,348.95,400.58
24.695,306.28,348.95,400.58
3.3974,311.42,348.95,400.58
-10.556,315.09,348.95,400.58
-20.103,311.42,348.95,400.58
-31.119,315.09,348.95,400.58
-42.135,314.36,348.95,400.58
-48.745,312.15,348.95,400.58
-53.886,309.95,348.95,400.58
-59.837,303.23,359.38,412.56
-66.644,300.96,359.38,412.56
-70.426,298.69,359.38,412.56
-71.182,300.96,359.38,412.56
-70.426,301.72,359.38,412.56
-72.695,303.98,359.38,412.56
-71.939,303.23,359.38,412.56
-71.182,305.5,359.38,412.56
-70.426,304.74,359.38,412.56
-66.644,305.5,359.38,412.56
-62.862,306.25,359.38,412.56
-54.542,311.55,359.38,412.56
-56.133,312.19,370.13,424.9
-53.796,311.41,370.13,424.9
-53.017,310.63,370.13,424.9
-56.912,311.41,370.13,424.9
-60.807,312.19,370.13,424.9
-64.702,311.41,370.13,424.9
-68.597,310.63,370.13,424.9
-77.166,312.97,370.13,424.9
-84.176,313.75,370.13,424.9
-90.628,328.32,359.66,412.88
-111.07,329.08,359.66,412.88
-112.79,325.07,349.49,401.21
-73.81,324.34,349.49,401.21
-71.603,320.66,349.49,401.21
-70.208,350.71,359.94,413.21
-81.571,363.58,359.94,413.21
-87.846,379.27,349.76,401.52
-77.616,363.7,360.22,413.53
-67.081,330.98,370.99,425.89
110.16,145.93,370.99,425.89
64.093,142.03,370.99,425.89
10.218,133.44,370.99,425.89
-58.573,116.92,382.09,438.63
-94.76,111.3,382.09,438.63
-114.86,105.67,382.09,438.63
-122.1,103.25,382.09,438.63
-98.78,115.32,382.09,438.63
-112.45,122.55,382.09,438.63
-118.08,123.36,382.09,438.63
-125.32,122.55,382.09,438.63
-148.64,123.36,382.09,438.63
-170.35,124.16,382.09,438.63
-97.172,123.36,382.09,438.63
-91.543,122.55,382.09,438.63
-91.77,150.47,371.28,426.23
-94.977,138.62,382.38,438.97
-96.67,137.7,393.82,452.09
-95.841,126.92,393.82,452.09
-98.327,131.06,393.82,452.09
-97.498,118.63,393.82,452.09
-104.21,112.7,405.59,465.61
-107.72,106.59,417.72,479.53
-106.84,105.72,417.72,479.53
-112.2,101.18,430.21,493.87
-114.11,96.517,443.07,508.64
-115.04,99.314,443.07,508.64
-114.11,92.787,443.07,508.64
-105.05,100.91,430.54,494.26
-101.68,108.8,418.37,480.28
-102.56,107.92,418.37,480.28
-97.526,108.55,406.54,466.7
-102.9,104.02,395.05,453.51
-105.4,116.5,395.05,453.51
-111.22,118.99,395.05,453.51
-106.31,114.7,406.86,467.07
-102.03,110.42,406.86,467.07
-99.463,106.14,406.86,467.07
-98.606,107,406.86,467.07
-97.75,99.291,406.86,467.07
-97.839,86.314,419.02,481.03
-102.25,73.086,419.02,481.03
-104.89,61.622,419.02,481.03
-104.01,50.157,419.02,481.03
-104.89,35.165,419.02,481.03
-102.25,18.409,419.02,481.03
-103.13,-7.1656,419.02,481.03
-102.25,-32.74,419.02,481.03
-101.37,-53.024,419.02,481.03
-102.25,-68.016,419.02,481.03
-101.37,-83.008,419.02,481.03
-102.25,-94.472,419.02,481.03
-101.37,-104.17,419.02,481.03
-100.48,-110.35,419.02,481.03
-100.58,-118.42,431.55,495.42
-102.49,-128.55,444.46,510.23
-101.55,-136.97,444.46,510.23
-104.36,-141.65,444.46,510.23
-104.45,-142.73,457.75,525.48
-109.27,-145.62,457.75,525.48
-110.23,-144.65,457.75,525.48
-109.27,-145.62,457.75,525.48
-112.16,-144.65,457.75,525.48
-113.12,-147.54,457.75,525.48
-116.01,-148.51,457.75,525.48
-118.9,-149.47,457.75,525.48
-119.87,-150.43,457.75,525.48
-115.05,-143.69,457.75,525.48
-116.01,-142.73,457.75,525.48
-118.9,-141.76,457.75,525.48
-119,-131.31,471.43,541.2
-120,-128.34,471.43,541.2
-120.99,-129.33,471.43,541.2
-123.96,-126.35,471.43,541.2
-126.94,-135.28,471.43,541.2
-127.93,-130.32,471.43,541.2
-124.25,-125.65,458.1,525.89
-118.73,-117.25,445.15,511.03
-113.38,-109.09,432.56,496.58
-109.99,-102.98,420.33,482.54
-110.88,-103.86,420.33,482.54
-111.76,-106.52,420.33,482.54
-106.7,-102.35,408.45,468.89
-105.85,-104.93,408.45,468.89
-104.99,-105.79,408.45,468.89
-104.13,-106.65,408.45,468.89
-104.99,-105.79,408.45,468.89
-101.79,-96.58,396.9,455.64
-104.3,-94.074,396.9,455.64
-104.53,-85.127,385.68,442.75
-103.14,-78.056,374.77,430.23
-99.195,-83.577,374.77,430.23
-97.84,-81.439,364.18,418.07
-94.991,-83.959,353.88,406.25
-86.264,-75.982,343.88,394.76
-81.198,-89.733,343.88,394.76
-85.745,-93.56,334.15,383.6
-78.009,-94.264,334.15,383.6
-78.082,-85.23,344.14,395.07
-81.704,-93.197,344.14,395.07
-81.908,-97.028,334.41,383.9
-80.574,-97.84,344.41,395.38
-84.998,-84.18,354.71,407.2
-87.237,-80.447,354.71,407.2
-84.328,-87.282,365.32,419.38
-85.946,-88.169,376.24,431.92
-91.488,-85.794,376.24,431.92
-91.57,-81.957,387.49,444.83
-93.286,-86.161,399.07,458.13
-95.052,-90.49,411.01,471.83
-95.142,-93.219,423.3,485.94
-100.58,-97.811,435.95,500.47
-108.01,-104.38,448.99,515.43
-110,-113.03,462.41,530.84
-112.05,-121.94,476.24,546.71
-112.15,-127.1,490.48,563.06
-119.38,-132.26,490.48,563.06
-133.94,128.74,505.14,579.89
-130.75,134.06,505.14,579.89
-125.43,139.37,505.14,579.89
-120.12,138.31,505.14,579.89
-119.05,135.12,505.14,579.89
-120.12,136.18,505.14,579.89
-113.85,124.32,520.25,597.23
-114.94,127.61,520.25,597.23
-120.42,174.69,520.25,597.23
-119.32,186.73,520.25,597.23
-129.18,172.5,520.25,597.23
-130.27,197.68,520.25,597.23
-131.37,209.73,520.25,597.23
-128.08,210.82,520.25,597.23
-120.42,218.49,520.25,597.23
-119.32,208.63,520.25,597.23
-120.42,157.17,520.25,597.23
-118.34,155.91,535.8,615.09
-117.21,154.78,535.8,615.09
-120.6,180.72,535.8,615.09
-127.48,177.16,551.82,633.48
-129.92,187.43,568.32,652.42
-133.51,191.02,568.32,652.42
-131.46,201.44,552.25,633.98
-122.28,169.88,568.77,652.93
-164.17,175.86,568.77,652.93
-151.01,136.36,568.77,652.93
-142.63,113.62,568.77,652.93
-165.37,122,568.77,652.93
-145.02,120.8,568.77,652.93
-135.78,57.011,552.68,634.47
-141.6,39.563,552.68,634.47
-133.46,33.747,552.68,634.47
-129.97,20.952,552.68,634.47
-120.99,19.453,537.06,616.53
-124.38,-2.0228,537.06,616.53
-124.5,-25.934,553.12,634.97
-127.99,-43.395,553.12,634.97
-130.65,-33.255,537.48,617.01
-126.44,-21.138,522.28,599.57
-131.94,-20.039,522.28,599.57
-133.04,-23.337,522.28,599.57
-134.14,-22.237,522.28,599.57
-130.84,-27.733,522.28,599.57
-127.54,-31.031,522.28,599.57
-129.85,-41.094,537.9,617.49
-128.72,-51.282,537.9,617.49
-129.85,-65.999,537.9,617.49
-124.19,-60.339,537.9,617.49
-123.06,-52.414,537.9,617.49
-127.71,-80.891,553.98,635.96
-133.54,-110.04,553.98,635.96
-134.7,-125.2,553.98,635.96
-134.82,-133.54,570.54,654.97
-138.43,-137.14,570.54,654.97
-139.63,-135.94,570.54,654.97
-140.83,-137.14,570.54,654.97
-139.63,-135.94,570.54,654.97
-138.43,-139.54,570.54,654.97
-137.23,-138.34,570.54,654.97
-138.43,-134.74,570.54,654.97
-139.63,-135.94,570.54,654.97
-140.83,-134.74,570.54,654.97
-139.63,-135.94,570.54,654.97
-140.83,-137.14,570.54,654.97
-142.03,-135.94,570.54,654.97
