547.5,484.5,105,97
546.52,470.58,108.14,99.9
547.95,458.14,108.14,99.9
549.38,441.62,108.14,99.9
552.44,425.92,108.14,99.9
555.09,407.77,108.14,99.9
557.23,391.03,105.08,97.076
562.18,372.6,105.08,97.076
564.36,357.74,105.08,97.076
567.34,346.45,105.08,97.076
571.4,335.73,102.11,94.331
575.83,322.06,102.11,94.331
581.41,307.62,102.11,94.331
587.38,293.18,102.11,94.331
590.94,280.07,99.224,91.664
595.52,268.08,96.418,89.072
600.07,256.26,96.418,89.072
603.8,244.98,93.692,86.554
606.45,237.03,93.692,86.554
608.39,226.96,93.692,86.554
609.63,213.35,93.692,86.554
610.86,199.04,93.692,86.554
611.04,188.62,93.692,86.554
612.98,180.31,93.692,86.554
615.54,172.53,91.043,84.106
617.35,166.33,88.469,81.728
619.85,162.16,88.469,81.728
620.35,159.66,88.469,81.728
622.85,156.16,88.469,81.728
624.35,151.99,88.469,81.728
626.86,148.82,88.469,81.728
629.36,144.65,88.469,81.728
633.2,140.47,88.469,81.728
639.62,136.79,85.967,79.418
641.73,132.09,85.967,79.418
645.13,128.69,85.967,79.418
648.86,124.96,85.967,79.418
651.29,120.26,85.967,79.418
657.21,117.33,83.537,77.172
660.2,114.33,83.537,77.172
665.08,110.71,83.537,77.172
666.5,106.77,83.537,77.172
668.24,101.68,86.035,79.48
671.33,98.922,86.035,79.48
675.71,95.84,86.035,79.48
678.47,93.406,86.035,79.48
682.85,91.622,86.035,79.48
686.58,92.109,86.035,79.48
690.96,89.675,86.035,79.48
694.69,87.566,86.035,79.48
698.42,85.132,86.035,79.48
702.8,81.725,86.035,79.48
706.21,77.994,86.035,79.48
712.45,74.413,83.602,77.232
715.76,71.733,83.602,77.232
723.41,70.144,81.238,75.049
726.32,67.234,81.238,75.049
732.83,66.61,78.941,72.927
737.67,68.683,76.709,70.865
741.5,69.54,74.54,68.861
747.26,69.399,74.54,68.861
751.07,68.791,76.769,70.92
754.41,67.876,79.065,73.041
761.94,71.145,76.829,70.975
763.25,71.677,79.126,73.098
766.69,73.42,81.492,75.283
771.16,74.292,83.929,77.534
776.71,77.406,86.438,79.852
782.74,81.807,86.438,79.852
789.11,84.688,89.023,82.24
794.99,89.892,89.023,82.24
801.2,96.103,89.023,82.24
807.07,102.99,89.023,82.24
814.29,110.2,89.023,82.24
820.5,118.09,89.023,82.24
826.04,129.01,89.023,82.24
830.24,138.91,89.023,82.24
834.77,146.8,89.023,82.24
838.97,155.7,89.023,82.24
841.82,166.27,89.023,82.24
839.64,180.21,89.023,82.24
833.09,195.15,89.023,82.24
824.87,211.1,89.023,82.24
816.64,226.71,89.023,82.24
806.74,241.65,89.023,82.24
796.85,251.67,91.684,84.699
786.66,262.67,94.426,87.231
777.22,276.74,94.426,87.231
769.21,286.89,94.426,87.231
762.26,294.9,94.426,87.231
753.18,304.34,94.426,87.231
744.47,311.41,97.249,89.84
735.49,318.56,97.249,89.84
726.51,322.17,100.16,92.526
719.15,327.27,100.16,92.526
709.89,332.74,100.16,92.526
703.28,336.33,100.16,92.526
695.16,340.3,100.16,92.526
687.42,343.13,100.16,92.526
680.43,346.72,100.16,92.526
674.48,353.88,97.325,89.91
668.06,356.27,97.325,89.91
663.1,356.82,97.325,89.91
661.82,354.8,97.325,89.91
660.53,350.21,97.325,89.91
660.71,344.52,97.325,89.91
660.9,340.3,97.325,89.91
661.08,334.61,97.325,89.91
660.9,329.29,97.325,89.91
660.35,324.33,97.325,89.91
659.8,319.38,97.325,89.91
659.61,315.52,97.325,89.91
659.06,311.3,97.325,89.91
659.25,307.08,97.325,89.91
659.06,302.86,97.325,89.91
658.51,299.74,97.325,89.91
657.59,296.25,97.325,89.91
657.41,292.03,97.325,89.91
656.86,289.28,97.325,89.91
657.41,285.79,97.325,89.91
656.86,283.04,97.325,89.91
656.68,279.92,97.325,89.91
656.13,277.17,97.325,89.91
655.94,274.05,97.325,89.91
655.39,271.66,97.325,89.91
654.47,270.01,97.325,89.91
654.29,268.36,97.325,89.91
654.47,265.97,97.325,89.91
653.56,264.69,97.325,89.91
653.01,262.67,97.325,89.91
653.19,261.38,97.325,89.91
652.64,259.73,97.325,89.91
652.09,259.18,97.325,89.91
651.91,257.16,97.325,89.91
651.35,256.25,97.325,89.91
650.07,255.69,97.325,89.91
650.25,254.78,97.325,89.91
650.44,253.49,97.325,89.91
649.52,252.21,97.325,89.91
648.6,250.92,97.325,89.91
648.42,250.37,97.325,89.91
647.87,248.72,97.325,89.91
648.05,248.17,97.325,89.91
647.87,246.52,97.325,89.91
647.32,245.97,97.325,89.91
647.13,245.42,97.325,89.91
647.32,243.4,97.325,89.91
646.77,242.85,97.325,89.91
645.85,241.93,97.325,89.91
645.3,241.01,97.325,89.91
645.11,240.46,97.325,89.91
644.56,238.81,97.325,89.91
643.65,238.26,97.325,89.91
643.46,236.61,97.325,89.91
642.55,236.06,97.325,89.91
642.36,234.77,97.325,89.91
641.81,234.59,97.325,89.91
641.99,233.3,97.325,89.91
641.44,232.39,97.325,89.91
640.89,231.1,97.325,89.91
640.71,230.18,97.325,89.91
640.53,229.27,97.325,89.91
639.61,228.72,97.325,89.91
639.43,228.17,97.325,89.91
638.87,226.51,97.325,89.91
639.06,225.96,97.325,89.91
638.87,225.78,97.325,89.91
638.32,224.13,97.325,89.91
638.51,222.48,97.325,89.91
637.22,222.29,97.325,89.91
637.41,221.37,97.325,89.91
636.12,220.09,97.325,89.91
636.31,218.81,97.325,89.91
636.12,218.99,97.325,89.91
635.94,218.44,97.325,89.91
635.39,217.52,97.325,89.91
634.47,216.97,97.325,89.91
635.02,216.79,97.325,89.91
638.14,213.67,97.325,89.91
645.3,210.18,97.325,89.91
655.03,205.96,97.325,89.91
664.02,202.47,97.325,89.91
674.11,196.78,97.325,89.91
684.94,192.93,97.325,89.91
695.4,189.44,97.325,89.91
705.86,184.49,97.325,89.91
715.22,181,97.325,89.91
719.81,177.51,97.325,89.91
720.73,170.72,97.325,89.91
720.18,159.16,97.325,89.91
719.63,143.19,97.325,89.91
720.18,126.49,97.325,89.91
721.83,109.42,97.325,89.91
721.28,93.089,97.325,89.91
721.83,76.388,97.325,89.91
721.28,59.687,97.325,89.91
722.93,45.188,97.325,89.91
723.11,28.487,97.325,89.91
724.4,11.419,97.325,89.91
724.22,-1.244,97.325,89.91
725.13,-8.4016,97.325,89.91
725.68,-10.42,97.325,89.91
726.14,-4.5611,94.573,87.368
724.18,2.0374,94.573,87.368
723.64,16.483,94.573,87.368
723.82,33.068,94.573,87.368
722.57,54.291,94.573,87.368
721.68,76.94,94.573,87.368
721.15,97.805,94.573,87.368
719.19,117.6,94.573,87.368
716.88,136.45,97.401,89.98
715.23,161.61,97.401,89.98
713.59,179.18,100.31,92.67
712.26,199.42,100.31,92.67
710.56,220.04,100.31,92.67
709.24,239.53,100.31,92.67
708.67,259.01,100.31,92.67
708.1,278.87,100.31,92.67
706.78,296.84,100.31,92.67
705.83,315.19,100.31,92.67
705.26,333.92,100.31,92.67
703.56,352.27,100.31,92.67
703.37,370.24,100.31,92.67
702.81,388.59,100.31,92.67
701.48,408.45,100.31,92.67
700.16,426.04,100.31,92.67
700.35,442.5,100.31,92.67
700.16,458.95,100.31,92.67
700.72,471.25,100.31,92.67
703.56,474.84,100.31,92.67
708.67,473.52,100.31,92.67
717.56,470.68,100.31,92.67
727.96,467.09,100.31,92.67
739.88,463.87,100.31,92.67
751.42,461.03,100.31,92.67
763.34,458.95,100.31,92.67
774.5,456.12,100.31,92.67
785.66,454.04,100.31,92.67
798.24,452.51,97.477,90.05
808.35,450.49,97.477,90.05
819.1,450.47,94.721,87.504
829.64,448.15,94.721,87.504
838.03,445.11,94.721,87.504
842.86,443.86,94.721,87.504
844.82,442.26,94.721,87.504
842.86,441.36,94.721,87.504
840.18,440.83,94.721,87.504
833.57,438.51,94.721,87.504
823.74,439.4,94.721,87.504
814.28,439.22,94.721,87.504
804.36,441.71,92.043,85.03
796.21,442.58,92.043,85.03
784.92,442.75,92.043,85.03
774.34,443.27,92.043,85.03
764.79,444.14,92.043,85.03
754.55,444.31,92.043,85.03
745.7,444.83,92.043,85.03
736.85,445.7,92.043,85.03
726.95,446.22,92.043,85.03
717.41,446.39,92.043,85.03
707.51,447.96,92.043,85.03
696.58,449.86,92.043,85.03
685.3,450.04,92.043,85.03
675.06,449.86,92.043,85.03
663.08,451.43,92.043,85.03
651.1,451.6,92.043,85.03
639.13,452.47,92.043,85.03
626.46,454.03,92.043,85.03
613.79,456.29,92.043,85.03
601.81,458.2,92.043,85.03
586.71,460.11,92.043,85.03
571.96,460.28,92.043,85.03
560.68,463.23,92.043,85.03
546.62,465.83,92.043,85.03
535.68,466.7,92.043,85.03
532.73,465.14,92.043,85.03
535.34,460.11,92.043,85.03
541.76,454.72,92.043,85.03
553.39,441.36,92.043,85.03
566.06,428.34,92.043,85.03
577.34,412.9,92.043,85.03
590.01,397.45,92.043,85.03
600.6,383.04,92.043,85.03
611.18,369.33,92.043,85.03
622.12,356.31,92.043,85.03
632.71,343.64,92.043,85.03
642.25,332.01,92.043,85.03
652.49,319,92.043,85.03
661.69,307.02,92.043,85.03
670.54,295.39,92.043,85.03
679.4,284.46,92.043,85.03
689.64,273.17,92.043,85.03
697.79,261.55,92.043,85.03
706.3,252,92.043,85.03
715.5,241.06,92.043,85.03
723.31,231.17,92.043,85.03
732.51,221.97,92.043,85.03
740.32,213.12,92.043,85.03
748.82,202.88,92.043,85.03
756.63,195.07,92.043,85.03
764.44,185.87,92.043,85.03
773.64,177.71,92.043,85.03
780.06,169.55,92.043,85.03
788.57,161.4,92.043,85.03
796.03,153.59,92.043,85.03
803.5,146.82,92.043,85.03
809.92,140.05,92.043,85.03
817.73,132.59,92.043,85.03
825.54,127.2,92.043,85.03
831.96,120.44,92.043,85.03
841.77,116.26,89.44,82.626
846.99,111.7,89.44,82.626
851.89,107.82,89.44,82.626
853.07,107.66,89.44,82.626
851.55,111.87,89.44,82.626
847.33,117.1,89.44,82.626
838.06,126.04,89.44,82.626
833.16,133.97,89.44,82.626
824.23,142.91,89.44,82.626
815.29,152.52,89.44,82.626
802.64,163.82,89.44,82.626
792.69,172.42,89.44,82.626
784.76,181.36,89.44,82.626
774.81,190.3,89.44,82.626
765.2,198.9,89.44,82.626
755.24,206.83,89.44,82.626
746.31,215.43,89.44,82.626
736.35,223.36,89.44,82.626
727.42,230.61,89.44,82.626
717.8,238.53,89.44,82.626
711.56,245.45,89.44,82.626
708.36,253.38,89.44,82.626
707.85,263.33,89.44,82.626
707.01,277.66,89.44,82.626
705.83,293.35,89.44,82.626
704.31,307.35,89.44,82.626
702.12,321.35,89.44,82.626
701.95,336.02,89.44,82.626
700.43,349.68,89.44,82.626
699.25,364.02,89.44,82.626
698.41,376.33,89.44,82.626
696.21,389.65,89.44,82.626
696.38,402.3,89.44,82.626
694.86,413.94,89.44,82.626
694.02,425.58,89.44,82.626
693.18,437.55,89.44,82.626
693.68,445.82,89.44,82.626
696.89,447.67,89.44,82.626
705.15,448.18,89.44,82.626
715.78,448.01,89.44,82.626
727.75,447.17,89.44,82.626
738.04,447.33,89.44,82.626
748.33,446.83,89.44,82.626
758.28,446.32,89.44,82.626
768.57,445.48,89.44,82.626
779.87,444.64,89.44,82.626
790.49,444.13,89.44,82.626
799.43,442.28,89.44,82.626
809.72,441.09,89.44,82.626
821.02,441.26,89.44,82.626
829.62,441.09,89.44,82.626
836.12,443.44,86.911,80.29
847.01,442.12,84.454,78.019
853.15,440.2,82.066,75.814
852.99,435.71,82.066,75.814
849.74,430.91,82.066,75.814
839.99,426.11,82.066,75.814
836.74,417.91,82.066,75.814
834.42,409.71,82.066,75.814
830.24,400.89,82.066,75.814
826.06,391.76,82.066,75.814
822.19,383.56,82.066,75.814
815.85,376.28,82.066,75.814
810.43,367.77,82.066,75.814
805.33,360.19,82.066,75.814
800.84,352.3,82.066,75.814
795.73,344.71,82.066,75.814
790.93,336.2,82.066,75.814
786.76,328.62,82.066,75.814
781.96,319.8,82.066,75.814
777.47,311.91,82.066,75.814
772.36,303.7,82.066,75.814
768.8,295.19,82.066,75.814
763.7,287.3,82.066,75.814
758.9,278.48,82.066,75.814
754.72,269.35,82.066,75.814
750.23,260.22,82.066,75.814
746.67,250.16,82.066,75.814
742.19,240.1,82.066,75.814
739.25,229.73,82.066,75.814
734.76,219.36,82.066,75.814
730.58,209.61,82.066,75.814
727.95,202.03,82.066,75.814
729.96,200.64,82.066,75.814
734.14,202.03,82.066,75.814
739.25,204.66,82.066,75.814
745.59,206.98,82.066,75.814
753.48,209.3,82.066,75.814
761.69,212.24,82.066,75.814
771.74,214.26,82.066,75.814
781.49,216.89,82.066,75.814
790.93,218.59,82.066,75.814
801.92,221.22,82.066,75.814
811.67,222.92,82.066,75.814
821.42,223.7,82.066,75.814
831.79,225.71,82.066,75.814
838.76,225.04,84.52,78.08
846.25,226.47,84.52,78.08
853.75,227.27,84.52,78.08
858.05,228.7,84.52,78.08
864.27,229.18,84.52,78.08
869.21,229.34,84.52,78.08
872.87,229.5,84.52,78.08
875.26,229.98,84.52,78.08
877.65,230.14,84.52,78.08
879.72,230.3,84.52,78.08
881.8,230.78,84.52,78.08
882.28,231.26,84.52,78.08
884.98,231.73,84.52,78.08
888.33,232.53,84.52,78.08
894.23,232.69,84.52,78.08
898.21,234.12,84.52,78.08
902.52,233.65,84.52,78.08
906.82,232.85,84.52,78.08
909.21,231.41,84.52,78.08
912.24,229.66,84.52,78.08
913.67,227.91,84.52,78.08
913.83,226.15,84.52,78.08
913.35,223.13,84.52,78.08
912.24,219.78,84.52,78.08
910.17,217.39,84.52,78.08
906.5,213.72,84.52,78.08
906.26,213.07,82.13,75.873
902.93,210.27,79.808,73.727
896.99,207.86,77.552,71.643
888.07,203.32,77.552,71.643
876.82,201.23,79.87,73.785
870.04,200.47,79.87,73.785
860.55,216.89,79.87,73.785
849.86,218.55,79.87,73.785
840.37,217.79,79.87,73.785
833.59,217.04,79.87,73.785
828.92,216.59,79.87,73.785
824.85,215.84,79.87,73.785
821.09,215.38,79.87,73.785
818.53,214.33,79.87,73.785
817.17,213.58,79.87,73.785
816.72,213.73,79.87,73.785
816.87,214.48,79.87,73.785
816.72,217.34,79.87,73.785
818.08,221.11,79.87,73.785
819.13,226.08,79.87,73.785
821.09,235.27,79.87,73.785
823.95,244.15,79.87,73.785
827.41,256.05,79.87,73.785
828.48,265.64,82.258,75.991
830.19,280.38,82.258,75.991
833.44,292.94,82.258,75.991
834.22,302.71,82.258,75.991
836.24,310,82.258,75.991
836.39,317.29,82.258,75.991
835.93,322.72,82.258,75.991
836.08,325.67,82.258,75.991
836.24,328,82.258,75.991
838.79,331.4,79.933,73.843
837.44,332.76,79.933,73.843
838.19,332.6,79.933,73.843
838.04,332.15,79.933,73.843
837.29,332.6,79.933,73.843
836.23,332.45,79.933,73.843
834.27,332.6,79.933,73.843
832.31,332.45,79.933,73.843
829.45,332.6,79.933,73.843
825.98,332.45,79.933,73.843
821.31,333.21,79.933,73.843
816.94,333.36,79.933,73.843
811.66,334.41,79.933,73.843
805.78,336.37,79.933,73.843
801.41,337.13,79.933,73.843
798.55,337.58,79.933,73.843
795.08,338.33,79.933,73.843
792.82,338.48,79.933,73.843
789.96,338.63,79.933,73.843
787.7,338.18,79.933,73.843
785.44,338.03,79.933,73.843
784.68,337.58,79.933,73.843
783.63,337.43,79.933,73.843
782.87,336.07,79.933,73.843
783.33,333.81,79.933,73.843
784.08,330.65,79.933,73.843
784.53,327.48,79.933,73.843
785.28,323.71,79.933,73.843
786.34,318.13,79.933,73.843
787.4,313.16,79.933,73.843
788.15,306.08,79.933,73.843
788.3,298.09,79.933,73.843
789.05,289.5,79.933,73.843
789.81,280,79.933,73.843
789.66,269.9,79.933,73.843
790.41,259.2,79.933,73.843
791.46,250,79.933,73.843
792.52,239.3,79.933,73.843
792.67,228.9,79.933,73.843
792.22,218.5,79.933,73.843
792.97,210.21,79.933,73.843
793.42,203.13,79.933,73.843
794.18,197.85,79.933,73.843
794.33,193.18,79.933,73.843
794.78,190.31,79.933,73.843
794.93,188.05,79.933,73.843
795.69,185.49,79.933,73.843
795.84,185.04,79.933,73.843
796.29,183.98,79.933,73.843
797.04,183.83,79.933,73.843
797.19,184.59,79.933,73.843
797.64,186.55,79.933,73.843
797.8,191.22,79.933,73.843
798.55,196.8,79.933,73.843
798.4,203.58,79.933,73.843
799.15,212.17,79.933,73.843
799.3,221.37,79.933,73.843
800.06,230.86,79.933,73.843
800.81,238.85,79.933,73.843
800.66,247.44,79.933,73.843
800.51,256.64,79.933,73.843
801.26,264.93,79.933,73.843
801.41,274.72,79.933,73.843
801.87,283.01,79.933,73.843
801.71,291,79.933,73.843
801.87,298.09,79.933,73.843
802.32,303.36,79.933,73.843
803.07,308.04,79.933,73.843
802.62,311.5,79.933,73.843
802.47,315.27,79.933,73.843
803.52,317.83,79.933,73.843
804.28,319.49,79.933,73.843
804.43,321.75,79.933,73.843
805.18,322.81,79.933,73.843
805.03,324.77,79.933,73.843
805.48,325.82,79.933,73.843
806.24,326.27,79.933,73.843
806.69,326.73,79.933,73.843
806.84,326.58,79.933,73.843
807.89,327.03,79.933,73.843
810.98,327.32,77.673,71.755
813.18,326.59,77.673,71.755
815.38,326.44,77.673,71.755
818.16,325.41,77.673,71.755
822.99,324.39,77.673,71.755
827.24,323.95,77.673,71.755
831.2,322.92,77.673,71.755
836.91,322.19,77.673,71.755
843.21,319.99,77.673,71.755
848.92,318.97,77.673,71.755
855.22,318.24,77.673,71.755
858.88,316.92,77.673,71.755
863.42,316.48,77.673,71.755
865.91,315.75,77.673,71.755
868.4,315.31,77.673,71.755
870.01,314.28,77.673,71.755
871.92,313.55,77.673,71.755
873.23,313.4,77.673,71.755
872.79,312.96,77.673,71.755
874.4,312.23,77.673,71.755
874.26,310.03,77.673,71.755
874.7,308.13,77.673,71.755
873.98,303.4,79.995,73.9
874.43,299.02,79.995,73.9
873.38,291.13,82.387,76.11
872.61,281.03,82.387,76.11
871.21,268.76,82.387,76.11
868.88,256.79,82.387,76.11
866.55,242.35,82.387,76.11
864.22,228.83,82.387,76.11
861.58,217.18,82.387,76.11
858.94,207.08,82.387,76.11
855.98,198.85,82.387,76.11
854.27,192.48,82.387,76.11
853.5,187.04,82.387,76.11
852.72,182.22,82.387,76.11
852.57,178.96,82.387,76.11
852.1,176.01,82.387,76.11
851.01,173.99,82.387,76.11
850.55,174.14,82.387,76.11
850.7,175.85,82.387,76.11
850.86,179.43,82.387,76.11
848.53,185.48,82.387,76.11
848.37,194.65,82.387,76.11
847.59,205.99,82.387,76.11
846.82,220.13,82.387,76.11
845.42,233.96,82.387,76.11
844.33,250.27,82.387,76.11
843.24,265.65,82.387,76.11
842.78,281.03,82.387,76.11
842.62,292.99,82.387,76.11
842.16,302.78,82.387,76.11
841.38,310.39,82.387,76.11
841.22,315.21,82.387,76.11
841.07,318.78,82.387,76.11
840.91,321.42,82.387,76.11
840.76,322.2,82.387,76.11
842.47,322.67,82.387,76.11
843.24,323.44,82.387,76.11
844.33,322.98,82.387,76.11
846.04,321.89,82.387,76.11
848.99,322.04,82.387,76.11
853.19,321.27,82.387,76.11
858.62,321.42,82.387,76.11
864.99,321.89,82.387,76.11
871.67,323.6,82.387,76.11
881.46,324.38,82.387,76.11
892.18,326.39,82.387,76.11
901.04,327.48,82.387,76.11
908.35,327.12,84.85,78.386
924.83,330.16,84.85,78.386
938.11,332.56,84.85,78.386
944.99,333.36,84.85,78.386
952.83,333.52,84.85,78.386
959.71,333.68,84.85,78.386
964.67,334.16,84.85,78.386
968.03,334.96,84.85,78.386
970.43,334.8,84.85,78.386
973.15,334,84.85,78.386
973.95,333.84,84.85,78.386
975.39,333.04,84.85,78.386
975.87,332.88,84.85,78.386
976.99,332.72,84.85,78.386
977.47,332.56,84.85,78.386
976.99,331.76,84.85,78.386
977.47,331.92,84.85,78.386
976.67,332.08,84.85,78.386
976.51,331.92,84.85,78.386
975.39,331.76,84.85,78.386
973.31,330.96,84.85,78.386
970.91,330.48,84.85,78.386
967.55,329.04,84.85,78.386
962.27,328.56,84.85,78.386
957.31,326.16,84.85,78.386
950.43,326.96,84.85,78.386
943.55,325.2,84.85,78.386
935.71,323.76,84.85,78.386
924.67,321.04,84.85,78.386
911.07,319.6,84.85,78.386
900.67,317.2,84.85,78.386
888.03,315.44,84.85,78.386
875.71,312.4,84.85,78.386
863.39,309.68,84.85,78.386
850.43,307.92,84.85,78.386
837.79,305.84,84.85,78.386
826.75,304.08,84.85,78.386
814.75,302.64,84.85,78.386
803.07,300.24,84.85,78.386
792.35,299.12,84.85,78.386
783.23,297.04,84.85,78.386
775.63,296.71,82.451,76.169
770.5,295.93,82.451,76.169
765.05,294.22,82.451,76.169
760.23,293.13,82.451,76.169
758.13,293.43,80.12,74.016
755.57,293.89,80.12,74.016
753,292.83,80.12,74.016
751.03,292.37,80.12,74.016
749.37,292.22,80.12,74.016
748.31,291.77,80.12,74.016
746.95,291.32,80.12,74.016
746.5,291.47,80.12,74.016
745.75,291.32,80.12,74.016
745.59,290.56,80.12,74.016
745.14,288.9,80.12,74.016
745.29,288.14,80.12,74.016
744.84,286.78,80.12,74.016
743.48,284.52,80.12,74.016
742.12,281.65,80.12,74.016
741.36,278.78,80.12,74.016
740,275.3,80.12,74.016
738.04,271.52,80.12,74.016
735.77,266.24,80.12,74.016
733.51,261.86,80.12,74.016
731.24,256.57,80.12,74.016
729.28,250.98,80.12,74.016
728.14,246.43,77.855,71.923
726.46,243.19,75.653,69.889
726.81,240.04,73.514,67.913
726.88,237.82,71.436,65.993
725.87,236.73,69.416,64.127
726.72,236.19,67.453,62.314
727.29,235.42,65.546,60.552
726.43,233.82,65.546,60.552
725.81,232.95,65.546,60.552
724.7,232.33,65.546,60.552
724.82,231.47,65.546,60.552
724.2,231.1,65.546,60.552
724.33,231.22,65.546,60.552
724.2,231.1,65.546,60.552
724.33,230.73,65.546,60.552
724.45,230.35,65.546,60.552
725.81,228.75,65.546,60.552
727.17,227.39,65.546,60.552
730.26,224.79,65.546,60.552
734.09,221.7,65.546,60.552
738.17,217.38,65.546,60.552
729.64,223.43,65.546,60.552
737.37,220.7,63.693,58.84
744.45,215.06,63.693,58.84
753.94,208.93,63.693,58.84
764.15,201.13,63.693,58.84
773.16,194.52,63.693,58.84
779.04,189.36,63.693,58.84
785.17,185.15,63.693,58.84
788.17,182.15,63.693,58.84
790.93,179.63,63.693,58.84
793.46,177.35,63.693,58.84
794.06,176.99,63.693,58.84
794.9,176.62,63.693,58.84
794.54,176.5,63.693,58.84
793.7,177.83,63.693,58.84
792.13,178.67,63.693,58.84
789.85,180.47,63.693,58.84
785.65,184.43,63.693,58.84
780.72,188.4,63.693,58.84
774.84,194.04,63.693,58.84
766.55,199.93,63.693,58.84
756.58,207.25,63.693,58.84
746.61,214.82,63.693,58.84
738.57,221.18,63.693,58.84
730.76,227.55,63.693,58.84
724.87,232.47,63.693,58.84
719.23,236.68,63.693,58.84
715.51,238.72,63.693,58.84
712.26,241.72,63.693,58.84
709.98,243.52,63.693,58.84
709.14,245.81,63.693,58.84
708.06,246.41,63.693,58.84
707.94,247.73,63.693,58.84
707.82,247.61,63.693,58.84
707.94,248.21,63.693,58.84
708.54,249.77,63.693,58.84
708.9,251.33,63.693,58.84
710.22,254.57,63.693,58.84
710.58,257.34,63.693,58.84
712.38,260.34,63.693,58.84
713.94,264.06,63.693,58.84
714.79,267.39,65.597,60.599
715.42,271.06,67.559,62.411
730.85,257.26,69.579,64.277
733.61,260.1,71.659,66.199
734.57,264.11,73.802,68.179
736.65,269.26,73.802,68.179
738.46,274.69,73.802,68.179
740.27,279,73.802,68.179
740.97,282.2,73.802,68.179
742.78,285.68,73.802,68.179
743.75,288.61,73.802,68.179
744.73,290.97,73.802,68.179
745.7,292.5,73.802,68.179
746.12,294.87,73.802,68.179
746.26,296.68,73.802,68.179
746.67,297.37,73.802,68.179
747.09,298.35,73.802,68.179
747.23,298.76,73.802,68.179
746.53,300.02,73.802,68.179
746.95,299.88,73.802,68.179
747.37,301.13,73.802,68.179
747.23,300.71,73.802,68.179
747.93,301.69,73.802,68.179
750.57,302.1,73.802,68.179
752.66,302.52,73.802,68.179
755.58,304.05,73.802,68.179
759.62,304.47,73.802,68.179
764.21,306,73.802,68.179
769.91,306.42,73.802,68.179
777.01,308.51,73.802,68.179
783.29,309.02,76.008,70.217
792.6,310.59,76.008,70.217
801.92,311.88,76.008,70.217
812.95,314.03,76.008,70.217
824.85,316.47,76.008,70.217
837.03,318.33,76.008,70.217
847.51,320.29,78.281,72.317
859.17,322.8,78.281,72.317
870.55,323.35,80.622,74.479
883.16,325.93,80.622,74.479
893.97,327.1,83.032,76.706
905.4,329.76,83.032,76.706
919.65,332.42,83.032,76.706
932.02,333.83,83.032,76.706
940,336.18,83.032,76.706
947.67,336.02,83.032,76.706
954.72,338.06,83.032,76.706
960.51,339.78,83.032,76.706
964.12,339.94,83.032,76.706
966.78,340.41,83.032,76.706
969.44,340.56,83.032,76.706
971.16,340.72,83.032,76.706
972.57,340.88,83.032,76.706
974.29,341.03,83.032,76.706
974.45,341.19,83.032,76.706
974.92,340.41,83.032,76.706
975.39,340.56,83.032,76.706
974.92,340.72,83.032,76.706
975.08,340.88,83.032,76.706
973.98,341.03,83.032,76.706
974.14,341.19,83.032,76.706
971.79,341.03,83.032,76.706
969.44,341.19,83.032,76.706
965.84,340.41,83.032,76.706
961.92,340.25,83.032,76.706
957.38,338.84,83.032,76.706
950.34,338.68,83.032,76.706
942.35,336.96,83.032,76.706
933.11,335.55,83.032,76.706
923.88,333.83,83.032,76.706
914.01,331.8,83.032,76.706
899.45,330.07,83.032,76.706
888.33,328.04,83.032,76.706
877.53,326,83.032,76.706
868.6,324.59,83.032,76.706
861.87,322.87,83.032,76.706
856.7,322.4,83.032,76.706
853.1,320.99,83.032,76.706
849.19,321.15,83.032,76.706
846.53,320.05,83.032,76.706
844.49,320.52,83.032,76.706
843.08,318.8,83.032,76.706
842.3,317.08,83.032,76.706
841.83,314.1,83.032,76.706
842.3,309.56,83.032,76.706
841.2,302.83,83.032,76.706
840.11,294.84,83.032,76.706
838.39,284.04,83.032,76.706
836.98,271.98,83.032,76.706
835.57,257.11,83.032,76.706
833.22,241.3,83.032,76.706
829.93,224.85,83.032,76.706
827.89,208.73,83.032,76.706
825.23,195.11,83.032,76.706
822.57,183.36,83.032,76.706
821.79,173.5,83.032,76.706
820.69,166.45,83.032,76.706
819.6,160.97,83.032,76.706
819.13,157.06,83.032,76.706
818.66,153.46,83.032,76.706
819.13,150.17,83.032,76.706
818.66,147.82,83.032,76.706
818.5,147.04,83.032,76.706
818.34,147.19,83.032,76.706
818.5,148.29,83.032,76.706
818.66,151.58,83.032,76.706
818.81,156.43,83.032,76.706
818.66,164.1,83.032,76.706
818.81,173.97,83.032,76.706
818.97,183.52,83.032,76.706
819.13,192.13,83.032,76.706
818.97,201.37,83.032,76.706
819.44,209.98,83.032,76.706
819.28,219.22,83.032,76.706
819.13,227.83,83.032,76.706
818.66,237.38,83.032,76.706
819.13,246.62,83.032,76.706
818.66,254.92,83.032,76.706
819.44,262.9,83.032,76.706
818.97,269.32,83.032,76.706
821.24,275.26,80.684,74.537
820.48,279.98,80.684,74.537
821.77,284.23,78.403,72.43
821.33,287.63,78.403,72.43
821.18,290.14,78.403,72.43
821.92,293.54,78.403,72.43
821.77,295.46,78.403,72.43
821.62,297.68,78.403,72.43
822.07,299.31,78.403,72.43
822.81,299.75,78.403,72.43
822.95,300.49,78.403,72.43
823.4,300.64,78.403,72.43
823.84,301.08,78.403,72.43
826.36,301.23,78.403,72.43
828.57,301.38,78.403,72.43
831.68,300.05,78.403,72.43
835.37,299.9,78.403,72.43
839.07,299.16,78.403,72.43
844.54,298.71,78.403,72.43
849.12,297.09,78.403,72.43
855.78,296.05,78.403,72.43
860.95,295.31,78.403,72.43
867.31,293.39,78.403,72.43
870.41,293.24,78.403,72.43
874.41,293.39,78.403,72.43
877.21,292.06,78.403,72.43
880.61,292.21,78.403,72.43
882.24,292.06,78.403,72.43
884.16,291.91,78.403,72.43
885.2,291.47,78.403,72.43
886.23,290.73,78.403,72.43
886.68,290.88,78.403,72.43
886.82,290.73,78.403,72.43
886.97,289.4,78.403,72.43
887.71,286.89,78.403,72.43
887.56,284.97,78.403,72.43
887.42,280.97,78.403,72.43
887.86,275.21,78.403,72.43
886.54,266.58,80.747,74.595
886.08,256.08,80.747,74.595
882.59,244.46,83.162,76.826
879.3,229.87,83.162,76.826
876.95,216.23,83.162,76.826
873.97,203.84,83.162,76.826
871.61,194.59,83.162,76.826
870.52,186.28,83.162,76.826
868.16,179.22,83.162,76.826
867.07,173.42,83.162,76.826
865.97,169.5,83.162,76.826
865.5,166.2,83.162,76.826
865.97,163.22,83.162,76.826
865.18,160.87,83.162,76.826
865.34,160.09,83.162,76.826
865.5,158.68,83.162,76.826
865.97,159.15,83.162,76.826
867.07,158.68,83.162,76.826
869.42,159.46,83.162,76.826
872.4,159.93,83.162,76.826
877.57,161.03,83.162,76.826
883.06,161.18,83.162,76.826
890.12,161.03,83.162,76.826
898.43,162.44,83.162,76.826
907.68,162.6,83.162,76.826
919.76,163.69,83.162,76.826
928.38,165.73,83.162,76.826
940.07,169.8,80.81,74.653
946.62,171.47,80.81,74.653
952.18,175.43,78.526,72.543
956.77,177.65,78.526,72.543
960.18,179.28,78.526,72.543
962.69,180.61,78.526,72.543
963.73,182.53,78.526,72.543
968.02,183.57,78.526,72.543
968.47,184.01,78.526,72.543
968.02,183.27,78.526,72.543
966.39,181.64,78.526,72.543
964.77,180.9,78.526,72.543
961.95,181.64,78.526,72.543
959.14,182.09,78.526,72.543
954.84,181.35,78.526,72.543
949.96,182.09,78.526,72.543
947.07,183.56,76.305,70.492
945.2,183.41,76.305,70.492
942.75,184.42,76.305,70.492
940.6,185.72,76.305,70.492
937.57,188.45,76.305,70.492
934.55,190.32,76.305,70.492
932.11,192.48,76.305,70.492
929.95,193.77,76.305,70.492
925.49,194.49,76.305,70.492
919.88,196.08,76.305,70.492
914.26,199.67,76.305,70.492
907.79,201.54,76.305,70.492
898.72,203.7,76.305,70.492
891.1,205,76.305,70.492
881.17,208.02,76.305,70.492
872.39,210.18,76.305,70.492
863.04,211.76,76.305,70.492
853.11,213.63,76.305,70.492
841.45,216.08,76.305,70.492
829.51,217.37,76.305,70.492
820.16,218.09,76.305,70.492
812.82,219.39,76.305,70.492
805.19,219.53,76.305,70.492
799.87,221.69,76.305,70.492
795.12,222.41,76.305,70.492
792.1,223.42,76.305,70.492
789.65,224.42,76.305,70.492
787.21,225.72,76.305,70.492
786.49,227.01,76.305,70.492
785.48,227.73,76.305,70.492
784.76,228.16,76.305,70.492
784.62,229.17,76.305,70.492
783.32,228.74,76.305,70.492
783.18,228.31,76.305,70.492
782.75,227.59,76.305,70.492
781.74,227.73,76.305,70.492
781.31,227.59,76.305,70.492
780.88,227.73,76.305,70.492
778.72,227.88,76.305,70.492
777.42,228.02,76.305,70.492
775.27,228.45,76.305,70.492
775.12,228.02,76.305,70.492
773.25,228.45,76.305,70.492
772.24,228.02,76.305,70.492
770.95,228.45,76.305,70.492
768.79,228.02,76.305,70.492
766.92,228.74,76.305,70.492
765.62,228.31,76.305,70.492
764.04,228.16,76.305,70.492
762.75,228.88,76.305,70.492
761.16,228.74,76.305,70.492
760.44,228.88,76.305,70.492
758,229.03,76.305,70.492
756.99,229.46,76.305,70.492
755.41,229.03,76.305,70.492
753.54,229.46,76.305,70.492
752.24,229.03,76.305,70.492
751.52,229.17,76.305,70.492
749.37,229.89,76.305,70.492
747.78,229.75,76.305,70.492
747.35,229.89,76.305,70.492
745.48,230.04,76.305,70.492
744.76,230.18,76.305,70.492
743.75,230.61,76.305,70.492
741.88,230.18,76.305,70.492
740.59,230.9,76.305,70.492
738.72,231.04,76.305,70.492
737.42,231.47,76.305,70.492
735.84,231.33,76.305,70.492
735.12,231.19,76.305,70.492
734.11,232.19,76.305,70.492
732.82,232.63,76.305,70.492
730.95,232.48,76.305,70.492
729.94,232.63,76.305,70.492
728.36,233.34,76.305,70.492
726.49,233.2,76.305,70.492
725.77,234.21,76.305,70.492
724.76,234.64,76.305,70.492
723.75,234.5,76.305,70.492
722.46,234.64,76.305,70.492
720.87,235.36,76.305,70.492
720.16,235.22,76.305,70.492
718.86,236.51,76.305,70.492
717.57,236.37,76.305,70.492
715.69,236.51,76.305,70.492
715.26,236.94,76.305,70.492
714.54,237.66,76.305,70.492
712.1,237.81,76.305,70.492
711.67,238.52,76.305,70.492
709.8,238.67,76.305,70.492
709.08,239.1,76.305,70.492
707.78,240.11,76.305,70.492
706.49,240.54,76.305,70.492
705.48,240.4,76.305,70.492
704.18,240.83,76.305,70.492
703.75,241.83,76.305,70.492
701.88,242.55,76.305,70.492
701.45,242.7,76.305,70.492
699.58,243.13,76.305,70.492
698.57,244.42,76.305,70.492
697.85,244.28,76.305,70.492
697.13,244.71,76.305,70.492
696.13,245.14,76.305,70.492
695.12,246.73,76.305,70.492
693.82,246.58,76.305,70.492
693.39,246.73,76.305,70.492
692.96,246.87,76.305,70.492
693.39,246.73,76.305,70.492
692.96,246.87,76.305,70.492
693.1,246.73,76.305,70.492
693.25,246.58,76.305,70.492
693.39,246.44,76.305,70.492
692.67,246.29,76.305,70.492
693.1,246.15,76.305,70.492
693.25,246.87,76.305,70.492
693.39,246.73,76.305,70.492
692.67,246.58,76.305,70.492
692.53,246.44,76.305,70.492
692.38,246.29,76.305,70.492
692.24,245.86,76.305,70.492
692.67,246.29,76.305,70.492
691.95,245.86,76.305,70.492
692.1,246.29,76.305,70.492
692.24,246.15,76.305,70.492
692.38,246.58,76.305,70.492
691.67,246.15,76.305,70.492
691.52,246.58,76.305,70.492
691.38,246.15,76.305,70.492
691.23,246.58,76.305,70.492
691.95,246.15,76.305,70.492
691.23,246.01,76.305,70.492
690.8,244.14,76.305,70.492
689.22,242.27,76.305,70.492
688.79,239.53,76.305,70.492
687.78,237.66,76.305,70.492
687.35,235.5,76.305,70.492
685.77,233.34,76.305,70.492
685.33,232.05,76.305,70.492
687.49,220.68,76.305,70.492
687.64,215.65,76.305,70.492
688.36,212.05,76.305,70.492
689.29,210.6,74.148,68.498
690.55,207.94,74.148,68.498
690.69,205.85,74.148,68.498
692.44,206.39,72.051,66.562
693.93,203.81,72.051,66.562
691.62,203.13,72.051,66.562
687.61,204.48,70.014,64.68
682.73,205.14,70.014,64.68
674.34,207.77,68.035,62.851
668.06,207.13,68.035,62.851
661.19,209.69,66.111,61.074
644.55,217.41,64.242,59.347
645.82,217.88,62.425,57.669
650.35,216.23,60.66,56.039
652.53,215.43,60.66,56.039
656.3,211.42,60.66,56.039
657.79,211.54,60.66,56.039
659.5,211.88,60.66,56.039
659.39,213.37,60.66,56.039
659.96,214.17,60.66,56.039
660.08,214.28,60.66,56.039
659.5,214.85,60.66,56.039
657.79,215.43,60.66,56.039
656.3,216.68,60.66,56.039
653.67,217.71,60.66,56.039
650.58,218.74,60.66,56.039
647.26,219.54,60.66,56.039
643.26,219.89,60.66,56.039
639.03,221.6,60.66,56.039
634.34,222.63,60.66,56.039
628.96,223.89,60.66,56.039
625.36,225.48,58.945,54.454
623.02,226.04,58.945,54.454
613.13,226.6,58.945,54.454
606.8,225.23,60.708,56.082
599.13,225.57,60.708,56.082
592.61,226.6,60.708,56.082
583.57,225.19,62.523,57.759
580.39,225.54,62.523,57.759
575.56,224.56,64.392,59.486
567.37,227.22,62.572,57.804
558.53,226.48,64.442,59.533
550.38,227.81,64.442,59.533
540.55,226.32,66.369,61.313
532.42,227.69,66.369,61.313
523.53,229.82,66.369,61.313
515.9,235.95,66.369,61.313
513.03,242.17,68.354,63.146
479.38,248.74,68.354,63.146
479.45,259.82,66.421,61.36
479.32,269.71,66.421,61.36
478.95,280.11,66.421,61.36
479.32,289.75,66.421,61.36
478.2,301.4,66.421,61.36
478.82,310.8,66.421,61.36
478.45,320.94,66.421,61.36
478.07,328.33,66.421,61.36
478.2,332.21,66.421,61.36
478.57,333.34,66.421,61.36
478.2,332.97,66.421,61.36
478.57,332.34,66.421,61.36
478.2,331.46,66.421,61.36
478.82,330.59,66.421,61.36
478.2,329.71,66.421,61.36
478.82,329.08,66.421,61.36
478.7,327.45,66.421,61.36
478.82,326.83,66.421,61.36
478.95,325.45,66.421,61.36
479.57,324.82,66.421,61.36
479.45,323.45,66.421,61.36
479.57,323.32,66.421,61.36
480.45,320.69,66.421,61.36
480.58,317.81,66.421,61.36
480.95,315.43,66.421,61.36
481.58,312.55,66.421,61.36
481.7,310.17,66.421,61.36
482.08,307.54,66.421,61.36
482.7,305.66,66.421,61.36
482.58,303.78,66.421,61.36
482.7,302.15,66.421,61.36
483.08,300.02,66.421,61.36
483.96,298.15,66.421,61.36
484.08,297.02,66.421,61.36
484.46,295.64,66.421,61.36
484.33,295.27,66.421,61.36
484.46,293.89,66.421,61.36
485.08,292.51,66.421,61.36
485.96,292.63,66.421,61.36
486.34,292.51,66.421,61.36
486.21,291.63,66.421,61.36
487.59,291.76,66.421,61.36
486.96,291.63,66.421,61.36
488.09,289.25,66.421,61.36
488.72,282.87,66.421,61.36
488.59,273.22,66.421,61.36
488.47,262.82,66.421,61.36
489.09,251.18,66.421,61.36
490.47,240.53,66.421,61.36
490.6,229.88,66.421,61.36
490.22,218.24,66.421,61.36
489.84,207.34,66.421,61.36
490.97,197.19,66.421,61.36
492.85,185.54,66.421,61.36
493.48,180.16,66.421,61.36
493.85,179.28,66.421,61.36
493.98,180.41,66.421,61.36
493.85,181.04,66.421,61.36
493.98,182.66,66.421,61.36
493.85,185.29,66.421,61.36
494.23,188.18,66.421,61.36
495.1,190.55,66.421,61.36
495.23,192.93,66.421,61.36
495.1,194.56,66.421,61.36
495.23,197.44,66.421,61.36
495.35,199.57,66.421,61.36
494.98,201.7,66.421,61.36
495.35,203.83,66.421,61.36
494.73,205.71,66.421,61.36
496.11,209.09,66.421,61.36
495.98,211.97,66.421,61.36
496.11,213.35,66.421,61.36
496.48,215.73,66.421,61.36
496.11,217.86,66.421,61.36
497.23,218.74,66.421,61.36
497.11,221.62,66.421,61.36
498.42,226.12,64.543,59.626
498.06,228.19,64.543,59.626
498.42,230.74,64.543,59.626
497.81,232.57,64.543,59.626
498.85,237.43,62.718,57.94
498.97,240.15,62.718,57.94
498.85,245.47,62.718,57.94
498.49,247.72,62.718,57.94
499.32,250.44,62.718,57.94
500.33,256.81,60.945,56.301
500.44,259,60.945,56.301
500.56,259.34,60.945,56.301
500.67,257.62,60.945,56.301
501.02,263.25,60.945,56.301
501.59,265.66,60.945,56.301
501.71,265.55,60.945,56.301
501.82,265.89,60.945,56.301
502.4,265.78,60.945,56.301
503.2,266.12,60.945,56.301
503.08,265.78,60.945,56.301
503.2,267.5,60.945,56.301
503.77,267.85,60.945,56.301
503.89,268.19,60.945,56.301
503.77,267.62,60.945,56.301
503.89,267.27,60.945,56.301
504.23,268.54,60.945,56.301
504.58,269.8,60.945,56.301
504.46,269.23,60.945,56.301
505.04,269.8,60.945,56.301
504.92,270.84,60.945,56.301
505.04,271.41,60.945,56.301
505.38,271.75,60.945,56.301
505.73,272.1,60.945,56.301
505.38,271.52,60.945,56.301
506.19,271.87,60.945,56.301
506.76,271.75,60.945,56.301
506.65,271.87,60.945,56.301
506.99,271.75,60.945,56.301
508.03,272.1,60.945,56.301
508.14,271.75,60.945,56.301
508.72,272.33,60.945,56.301
508.83,271.98,60.945,56.301
509.18,272.1,60.945,56.301
510.21,271.98,60.945,56.301
511.01,271.64,60.945,56.301
511.59,271.75,60.945,56.301
511.47,271.87,60.945,56.301
512.28,271.52,60.945,56.301
512.63,271.26,62.767,57.985
511.34,270.98,64.644,59.719
511.95,270.86,64.644,59.719
512.56,270.25,64.644,59.719
513.41,270.37,64.644,59.719
512.81,269.6,66.577,61.504
510.18,269.56,68.567,63.343
506.44,269.26,70.618,65.237
502.05,269.13,70.618,65.237
496.79,268.05,68.621,63.393
490.45,267.66,68.621,63.393
483.08,267.1,70.673,65.288
472.82,266.71,70.673,65.288
463.02,265.9,68.674,63.442
452.02,264.73,68.674,63.442
439.71,265.38,68.674,63.442
426.89,265.51,68.674,63.442
416.14,265.12,68.674,63.442
402.56,263.52,70.728,65.339
389.09,263.21,72.843,67.293
370.56,261.25,75.021,69.305
351.76,259.5,77.264,71.377
326.85,258,79.574,73.511
301.79,258.75,79.574,73.511
282.15,257.5,81.953,75.709
260.67,258.27,81.953,75.709
240.11,259.04,81.953,75.709
221.72,258.27,81.953,75.709
204.26,256.26,81.953,75.709
189.27,256.73,81.953,75.709
173.97,256.57,81.953,75.709
160.52,256.42,81.953,75.709
149.55,255.95,81.953,75.709
137.96,255.18,81.953,75.709
129.46,254.41,81.953,75.709
122.51,254.25,81.953,75.709
115.55,254.1,81.953,75.709
110.07,253.16,79.636,73.568
108.41,253.31,79.636,73.568
105.86,251.96,79.636,73.568
105.71,252.11,79.636,73.568
106.16,251.96,79.636,73.568
109.01,250.91,79.636,73.568
113.07,250.46,79.636,73.568
117.42,249.71,79.636,73.568
122.38,249.56,79.636,73.568
130.34,249.41,79.636,73.568
139.2,248.96,79.636,73.568
149.26,249.41,79.636,73.568
161.12,249.26,79.636,73.568
173.89,249.11,79.636,73.568
185.45,249.56,79.636,73.568
197.62,249.71,79.636,73.568
209.18,250.16,79.636,73.568
221.04,251.21,79.636,73.568
232.6,251.36,79.636,73.568
244.17,250.91,79.636,73.568
256.33,251.36,79.636,73.568
266.09,251.21,79.636,73.568
279.98,252.4,77.384,71.488
290.64,252.84,77.384,71.488
303.04,252.98,77.384,71.488
314.57,254,77.384,71.488
325.22,254.44,77.384,71.488
335.87,256.34,77.384,71.488
345.07,257.07,77.384,71.488
355.43,257.51,77.384,71.488
364.62,258.53,77.384,71.488
373.81,259.55,77.384,71.488
380.96,261.15,77.384,71.488
389.57,261.3,77.384,71.488
396.72,262.32,77.384,71.488
404.46,264.22,77.384,71.488
410.44,264.36,77.384,71.488
417.01,265.97,77.384,71.488
421.53,267.87,77.384,71.488
426.93,268.3,77.384,71.488
431.16,269.03,77.384,71.488
434.52,265.97,77.384,71.488
438.46,263.49,77.384,71.488
440.94,256.05,77.384,71.488
440.21,258.24,77.384,71.488
445.02,265.97,77.384,71.488
447.21,275.16,77.384,71.488
449.99,275.02,77.384,71.488
452.17,276.04,77.384,71.488
454.36,278.52,77.384,71.488
456.55,280.12,77.384,71.488
458.74,280.56,77.384,71.488
460.64,281.58,77.384,71.488
461.66,282.02,77.384,71.488
463.56,282.17,77.384,71.488
464.87,282.9,77.384,71.488
465.89,283.04,77.384,71.488
466.91,283.48,77.384,71.488
467.93,284.21,77.384,71.488
469.25,284.06,77.384,71.488
469.98,283.92,77.384,71.488
470.71,283.48,77.384,71.488
472.31,283.92,77.384,71.488
472.75,283.77,77.384,71.488
473.48,283.33,77.384,71.488
473.63,283.48,77.384,71.488
474.36,283.63,77.384,71.488
474.5,282.9,77.384,71.488
474.65,281.87,77.384,71.488
475.09,281.73,77.384,71.488
474.36,283.04,77.384,71.488
475.09,283.77,77.384,71.488
474.36,284.5,77.384,71.488
473.92,283.48,77.384,71.488
473.77,282.46,77.384,71.488
473.92,283.19,77.384,71.488
472.6,285.38,77.384,71.488
472.75,287.27,77.384,71.488
472.02,286.25,77.384,71.488
471.58,286.11,77.384,71.488
471.73,285.67,77.384,71.488
471.87,285.23,77.384,71.488
470.56,285.96,77.384,71.488
471,284.94,77.384,71.488
470.85,281,77.384,71.488
470.12,279.39,77.384,71.488
470.27,279.25,77.384,71.488
470.42,279.1,77.384,71.488
470.27,278.66,77.384,71.488
470.12,278.81,77.384,71.488
469.69,277.79,77.384,71.488
470.12,277.64,77.384,71.488
469.69,277.79,77.384,71.488
470.12,277.06,77.384,71.488
469.39,276.33,77.384,71.488
469.54,276.18,77.384,71.488
469.69,276.33,77.384,71.488
469.83,276.48,77.384,71.488
469.1,275.75,77.384,71.488
469.54,276.48,77.384,71.488
469.69,276.33,77.384,71.488
470.12,276.48,77.384,71.488
469.39,278.66,77.384,71.488
469.83,275.31,77.384,71.488
469.39,265.82,77.384,71.488
470.42,258.67,77.384,71.488
470.56,254.44,77.384,71.488
470.71,249.33,77.384,71.488
470.85,242.18,77.384,71.488
470.42,235.91,77.384,71.488
470.85,231.38,77.384,71.488
470.71,227.15,77.384,71.488
471.44,220.88,77.384,71.488
471.87,215.48,77.384,71.488
471.15,211.25,77.384,71.488
471.29,206.43,77.384,71.488
471.73,202.2,77.384,71.488
472.17,197.97,77.384,71.488
472.02,193.74,77.384,71.488
471.87,190.96,77.384,71.488
471.73,186.73,77.384,71.488
473.04,183.67,77.384,71.488
471.73,180.89,77.384,71.488
473.04,176.66,77.384,71.488
472.31,173.31,77.384,71.488
472.46,169.95,77.384,71.488
472.9,167.47,77.384,71.488
472.46,165.86,77.384,71.488
473.19,165.13,77.384,71.488
473.04,164.99,77.384,71.488
472.9,164.84,77.384,71.488
472.75,164.99,77.384,71.488
473.48,165.13,77.384,71.488
473.33,165.57,77.384,71.488
473.19,165.72,77.384,71.488
473.33,165.86,77.384,71.488
473.48,165.43,77.384,71.488
473.63,165.57,77.384,71.488
473.77,165.72,77.384,71.488
473.63,165.86,77.384,71.488
473.48,165.13,77.384,71.488
473.04,164.99,77.384,71.488
472.6,164.84,77.384,71.488
472.75,164.99,77.384,71.488
472.6,165.13,77.384,71.488
472.46,165.28,77.384,71.488
472.31,165.13,77.384,71.488
472.17,164.41,77.384,71.488
472.02,164.55,77.384,71.488
471.87,165.28,77.384,71.488
471.73,166.3,77.384,71.488
472.46,165.57,77.384,71.488
472.6,165.43,77.384,71.488
472.75,165.86,77.384,71.488
473.19,166.01,77.384,71.488
472.75,166.74,77.384,71.488
472.6,168.64,77.384,71.488
472.75,168.78,77.384,71.488
472.6,168.35,77.384,71.488
472.46,168.49,77.384,71.488
472.02,168.64,77.384,71.488
471.58,168.78,77.384,71.488
471.73,168.35,77.384,71.488
471.87,168.49,77.384,71.488
471.15,168.64,77.384,71.488
471,168.78,77.384,71.488
470.85,168.35,77.384,71.488
470.71,168.78,77.384,71.488
471.15,168.35,77.384,71.488
471,168.78,77.384,71.488
470.27,168.05,77.384,71.488
470.42,168.49,77.384,71.488
470.27,168.93,77.384,71.488
470.12,168.49,77.384,71.488
469.98,168.64,77.384,71.488
469.83,168.78,77.384,71.488
469.69,168.05,77.384,71.488
470.12,168.49,77.384,71.488
469.39,168.64,77.384,71.488
469.54,169.07,77.384,71.488
469.69,168.93,77.384,71.488
469.83,168.78,77.384,71.488
469.1,168.64,77.384,71.488
469.25,169.37,77.384,71.488
469.39,169.22,77.384,71.488
469.54,169.07,77.384,71.488
469.69,168.93,77.384,71.488
469.83,169.07,77.384,71.488
469.69,168.93,77.384,71.488
469.83,169.07,77.384,71.488
469.39,169.22,77.384,71.488
469.83,169.66,77.384,71.488
469.39,169.8,77.384,71.488
469.83,169.37,77.384,71.488
469.39,169.51,77.384,71.488
469.83,169.95,77.384,71.488
469.39,169.51,77.384,71.488
469.83,169.95,77.384,71.488
469.39,169.51,77.384,71.488
469.54,169.95,77.384,71.488
469.69,169.51,77.384,71.488
469.83,169.66,77.384,71.488
469.39,166.89,77.384,71.488
470.12,157.4,77.384,71.488
469.98,144.12,77.384,71.488
470.42,126.17,77.384,71.488
471.73,107.06,77.384,71.488
472.18,90.374,79.698,73.626
471.73,74.594,79.698,73.626
470.37,51.6,79.698,73.626
482.85,59.866,79.698,73.626
476.61,48.433,77.445,71.544
474.93,49.006,75.255,69.521
474.5,48.012,75.255,69.521
474.65,47.587,75.255,69.521
475.07,45.742,75.255,69.521
474.93,41.627,75.255,69.521
475.36,36.376,75.255,69.521
476.07,25.733,75.255,69.521
476.49,13.103,75.255,69.521
473.23,26.3,75.255,69.521
474.79,28.429,75.255,69.521
475.21,30.274,75.255,69.521
475.07,26.726,75.255,69.521
472.94,-10.312,75.255,69.521
475.36,-6.197,75.255,69.521
475.5,-3.2169,75.255,69.521
475.36,-0.23683,75.255,69.521
474.37,4.8259,77.505,71.6
473.64,7.0182,77.505,71.6
474.37,0.44136,77.505,71.6
474.23,-3.2125,77.505,71.6
474.96,1.3183,77.505,71.6
474.81,4.9721,77.505,71.6
474.96,8.9182,77.505,71.6
475.1,13.157,77.505,71.6
475.25,19.149,77.505,71.6
475.1,19.88,77.505,71.6
475.83,21.195,77.505,71.6
475.7,21.148,79.823,73.741
475.85,20.395,79.823,73.741
476.6,20.245,79.823,73.741
477.58,22.04,77.566,71.656
477.73,25.696,77.566,71.656
478.16,31.401,77.566,71.656
479.19,37.983,77.566,71.656
480.72,39.727,75.372,69.63
481.73,31.153,77.626,71.712
482.46,17.832,77.626,71.712
482.61,10.66,77.626,71.712
485.1,0.8523,77.626,71.712
484.66,-0.17236,77.626,71.712
483.94,0.072974,79.947,73.856
484.99,0.52525,79.947,73.856
484.54,0.676,79.947,73.856
483.78,-0.077784,79.947,73.856
484.24,-0.22854,79.947,73.856
484.69,-0.3793,79.947,73.856
483.94,-0.83157,79.947,73.856
484.09,-0.68082,79.947,73.856
484.24,-0.83157,79.947,73.856
484.39,-0.3793,79.947,73.856
484.54,-1.1331,79.947,73.856
484.09,-1.2838,79.947,73.856
484.24,-1.1331,79.947,73.856
484.09,-1.2838,79.947,73.856
483.94,-1.4346,79.947,73.856
483.78,-0.3793,79.947,73.856
483.63,-0.53006,79.947,73.856
483.18,-0.3793,79.947,73.856
483.33,-1.1331,79.947,73.856
483.48,-1.2838,79.947,73.856
483.33,-1.4346,79.947,73.856
483.18,-0.98233,79.947,73.856
482.73,-1.4346,79.947,73.856
481.67,-0.68082,79.947,73.856
481.52,-1.1331,79.947,73.856
481.98,-0.98233,79.947,73.856
481.82,-1.7361,79.947,73.856
481.07,-1.5854,79.947,73.856
480.92,-1.4346,79.947,73.856
480.47,-1.2838,79.947,73.856
480.92,-1.1331,79.947,73.856
479.87,-1.2838,79.947,73.856
479.71,-2.3392,79.947,73.856
478.66,-2.4899,79.947,73.856
478.81,-1.4346,79.947,73.856
478.36,-1.5854,79.947,73.856
478.51,-1.4346,79.947,73.856
478.06,-1.5854,79.947,73.856
477.6,-2.0376,79.947,73.856
476.25,-1.8869,79.947,73.856
476.4,-2.0376,79.947,73.856
476.25,-2.1884,79.947,73.856
475.79,-2.3392,79.947,73.856
475.04,-2.4899,79.947,73.856
474.59,-1.7361,79.947,73.856
473.53,-1.5854,79.947,73.856
473.38,-1.7361,79.947,73.856
474.44,-1.5854,79.947,73.856
474.59,-1.4346,79.947,73.856
473.83,-1.5854,79.947,73.856
474.29,-1.4346,79.947,73.856
474.44,-1.5854,79.947,73.856
474.59,-1.7361,79.947,73.856
473.83,-1.8869,79.947,73.856
473.99,-1.7361,79.947,73.856
473.83,-1.8869,79.947,73.856
473.99,-2.0376,79.947,73.856
473.83,-2.4899,79.947,73.856
473.38,-2.0376,79.947,73.856
473.83,-2.1884,79.947,73.856
472.78,-2.3392,79.947,73.856
472.63,-2.7914,79.947,73.856
472.48,-2.3392,79.947,73.856
472.63,-2.4899,79.947,73.856
471.57,-1.7361,79.947,73.856
471.12,-2.1884,79.947,73.856
471.27,-2.6407,79.947,73.856
471.12,-2.1884,79.947,73.856
470.37,-2.6407,79.947,73.856
470.22,-2.1884,79.947,73.856
470.07,-2.9422,79.947,73.856
469.31,-2.4899,79.947,73.856
469.16,-2.3392,79.947,73.856
468.71,-3.0929,79.947,73.856
467.96,-2.6407,79.947,73.856
467.8,-2.1884,79.947,73.856
467.35,-2.9422,79.947,73.856
467.8,-2.1884,79.947,73.856
467.35,-2.6407,79.947,73.856
467.5,-1.8869,79.947,73.856
467.35,-2.0376,79.947,73.856
467.5,-2.1884,79.947,73.856
467.65,-2.3392,79.947,73.856
466.9,-2.4899,79.947,73.856
466.75,-1.7361,79.947,73.856
466.6,-2.1884,79.947,73.856
466.15,-2.6407,79.947,73.856
466.3,-1.8869,79.947,73.856
467.05,-2.3392,79.947,73.856
466.9,-2.4899,79.947,73.856
466.45,-1.7361,79.947,73.856
466.6,-1.8869,79.947,73.856
465.84,-2.3392,79.947,73.856
466,-2.7914,79.947,73.856
466.45,-2.3392,79.947,73.856
466.6,-3.0929,79.947,73.856
465.84,-2.6407,79.947,73.856
466.6,-2.1884,79.947,73.856
466.45,-2.9422,79.947,73.856
467.5,-2.7914,79.947,73.856
467.65,-2.6407,79.947,73.856
467.2,-2.4899,79.947,73.856
468.86,-2.3392,79.947,73.856
467.8,-3.3945,79.947,73.856
468.26,-3.2437,79.947,73.856
468.71,-3.0929,79.947,73.856
468.86,-2.9422,79.947,73.856
469.01,-3.0929,79.947,73.856
469.46,-2.9422,79.947,73.856
470.22,-2.7914,79.947,73.856
470.07,-2.9422,79.947,73.856
470.52,-3.0929,79.947,73.856
470.97,-3.2437,79.947,73.856
471.12,-3.696,79.947,73.856
472.4,-3.4056,77.687,71.768
472.26,-3.2592,77.687,71.768
472.4,-3.4056,77.687,71.768
472.84,-3.2592,77.687,71.768
473.57,-3.1127,77.687,71.768
473.13,-3.2592,77.687,71.768
473.87,-3.4056,77.687,71.768
473.72,-3.5521,77.687,71.768
473.57,-3.6986,77.687,71.768
473.43,-3.8451,77.687,71.768
473.57,-4.2846,77.687,71.768
473.72,-4.1381,77.687,71.768
474.16,-3.9916,77.687,71.768
474.01,-4.1381,77.687,71.768
476.14,-4.149,75.49,69.739
476.56,-4.0067,75.49,69.739
476.42,-4.149,75.49,69.739
476.56,-4.2914,75.49,69.739
476.71,-4.7184,75.49,69.739
477.13,-5.1455,75.49,69.739
479.2,-4.3019,73.356,67.767
478.78,-4.9936,73.356,67.767
480.79,-4.1739,71.282,65.851
480.65,-4.846,71.282,65.851
481.8,-4.0494,69.266,63.989
482.45,-4.1801,69.266,63.989
482.58,-4.8331,69.266,63.989
483.95,-3.7979,67.308,62.18
483.82,-4.1787,67.308,62.18
485.16,-3.6804,65.405,60.421
485.96,-3.4429,63.555,58.713
486.32,-3.323,63.555,58.713
486.68,-3.2032,63.555,58.713
487.04,-3.0833,63.555,58.713
486.92,-3.2032,63.555,58.713
487.28,-3.0833,63.555,58.713
488.59,-2.7238,63.555,58.713
488.95,-2.604,63.555,58.713
488.83,-2.4841,63.555,58.713
488.95,-1.8849,63.555,58.713
489.55,-1.0459,63.555,58.713
490.39,-1.1658,63.555,58.713
490.51,-1.2856,63.555,58.713
491.11,-1.1658,63.555,58.713
491.23,-1.5253,63.555,58.713
491.35,-1.8849,63.555,58.713
491.24,-0.48553,65.456,60.469
490.14,-1.0192,67.413,62.277
490.77,-1.1464,67.413,62.277
491.15,-1.0192,67.413,62.277
491.03,-1.4006,67.413,62.277
491.15,-1.2735,67.413,62.277
491.28,-0.89212,67.413,62.277
490.91,-0.67906,69.429,64.139
490,-0.72147,71.504,66.056
489.34,-0.76516,73.642,68.032
489.48,-1.7372,73.642,68.032
489.61,-1.3206,73.642,68.032
490.03,-0.34855,73.642,68.032
490.46,-0.67128,75.844,70.066
489.47,-1.2897,78.112,72.161
488.15,-2.2212,80.448,74.318
488.3,-1.4627,80.448,74.318
489.37,-1.311,80.448,74.318
489.82,-1.1593,80.448,74.318
489.97,-1.0076,80.448,74.318
490.43,-1.4627,80.448,74.318
490.59,-1.5118,82.853,76.54
489.82,-2.4999,85.33,78.829
490.3,-1.6953,85.33,78.829
491.43,-1.8563,85.33,78.829
491.27,-2.0172,85.33,78.829
492.72,-1.8563,85.33,78.829
492.88,-1.6953,85.33,78.829
493.36,-1.2126,85.33,78.829
493.2,-2.339,85.33,78.829
494.34,-2.7129,87.882,81.186
494.5,-1.8843,87.882,81.186
494.02,-2.6009,90.509,83.613
493.51,-3.1129,90.509,83.613
494.36,-1.9182,90.509,83.613
494.53,-1.7475,90.509,83.613
495.04,-2.6009,90.509,83.613
495.21,-2.4302,90.509,83.613
495.72,-1.9182,90.509,83.613
496.58,-1.4062,90.509,83.613
496.75,-2.2595,90.509,83.613
496.58,-2.4302,90.509,83.613
497.09,-2.2595,90.509,83.613
497.26,-2.4302,90.509,83.613
497.09,-2.9422,90.509,83.613
496.92,-2.4302,90.509,83.613
496.75,-3.6249,90.509,83.613
496.92,-3.7956,90.509,83.613
497.09,-3.9663,90.509,83.613
496.92,-3.4543,90.509,83.613
496.75,-3.9663,90.509,83.613
496.92,-3.7956,90.509,83.613
497.09,-4.9903,90.509,83.613
497.26,-4.4783,90.509,83.613
497.43,-4.649,90.509,83.613
497.94,-4.8197,90.509,83.613
497.77,-4.9903,90.509,83.613
497.6,-5.161,90.509,83.613
498.11,-5.3317,90.509,83.613
497.94,-5.5024,90.509,83.613
498.11,-5.673,90.509,83.613
498.63,-5.8437,90.509,83.613
499.48,-5.3317,90.509,83.613
499.99,-5.8437,90.509,83.613
499.82,-5.673,90.509,83.613
499.99,-6.1851,90.509,83.613
500.84,-6.0144,90.509,83.613
501.02,-5.8437,90.509,83.613
502.21,-5.673,90.509,83.613
503.06,-6.5264,90.509,83.613
503.58,-6.6971,90.509,83.613
505.11,-7.2091,90.509,83.613
506.22,-5.515,87.95,81.249
507.38,-5.3492,87.95,81.249
508.87,-5.8467,87.95,81.249
508.38,-6.3443,87.95,81.249
510.12,-4.0347,85.464,78.952
510.6,-4.1959,85.464,78.952
510.44,-4.357,85.464,78.952
510.6,-4.5182,85.464,78.952
511.08,-4.0347,85.464,78.952
511.89,-4.1959,85.464,78.952
512.05,-4.357,85.464,78.952
512.54,-4.5182,85.464,78.952
512.37,-4.357,85.464,78.952
512.54,-4.5182,85.464,78.952
513.02,-4.357,85.464,78.952
513.5,-4.8405,85.464,78.952
513.66,-5.0017,85.464,78.952
513.82,-5.1628,85.464,78.952
514.63,-5.324,85.464,78.952
514.79,-5.8075,85.464,78.952
515.27,-5.324,85.464,78.952
515.11,-6.1298,85.464,78.952
517.13,-4.8525,83.047,76.72
516.97,-5.6355,83.047,76.72
518.07,-5.7921,83.047,76.72
517.6,-6.2619,83.047,76.72
519.87,-4.0811,80.699,74.551
519.72,-4.5376,80.699,74.551
519.56,-4.6898,80.699,74.551
519.72,-5.1463,80.699,74.551
518.95,-5.6028,80.699,74.551
518.8,-5.4507,80.699,74.551
518.04,-5.2985,80.699,74.551
517.89,-5.4507,80.699,74.551
517.13,-5.6028,80.699,74.551
516.98,-6.0594,80.699,74.551
516.52,-6.8203,80.699,74.551
516.9,-5.3098,78.417,72.443
516.38,-3.5463,76.2,70.394
516.53,-4.2648,76.2,70.394
514.66,-4.4085,76.2,70.394
513.94,-4.8395,76.2,70.394
512.93,-4.4085,76.2,70.394
511.64,-5.1269,76.2,70.394
510.63,-4.9832,76.2,70.394
508.48,-4.8395,76.2,70.394
506.9,-4.9832,76.2,70.394
505.89,-5.1269,76.2,70.394
504.02,-5.2706,76.2,70.394
502.16,-5.1269,76.2,70.394
501.37,-4.2754,74.046,68.404
500.95,-5.5321,74.046,68.404
499.41,-6.2302,74.046,68.404
498.71,-6.3699,74.046,68.404
497.39,-5.5425,71.952,66.47
496.91,-4.7385,69.918,64.591
496.51,-5.134,69.918,64.591
495.53,-4.6164,67.941,62.764
494.82,-3.8572,66.02,60.99
494.45,-4.4797,66.02,60.99
492.33,-5.8491,66.02,60.99
490.96,-5.7246,66.02,60.99
490.84,-5.8491,66.02,60.99
490.15,-5.1114,64.153,59.265
489.24,-4.8784,62.339,57.59
489.54,-4.4169,60.577,55.961
488.91,-4.197,58.864,54.379
487.91,-4.086,58.864,54.379
486.02,-5.529,58.864,54.379
486.08,-4.4272,57.2,52.842
485.75,-4.5351,57.2,52.842
484.57,-5.0744,57.2,52.842
483.97,-5.2981,55.582,51.347
483.82,-4.2578,54.011,49.896
484.48,-4.469,52.484,48.485
483.19,-4.7659,52.484,48.485
484.63,-3.7836,51,47.114
482.61,-4.2645,51,47.114
482.85,-4.4639,49.558,45.782
482.52,-3.7233,48.157,44.487
484.02,-4.0932,46.795,43.23
483.22,-4.5345,46.795,43.23
482.91,-3.8351,45.472,42.007
483.17,-4.2638,45.472,42.007
483.9,-3.5842,44.186,40.82
484.28,-3.2571,42.937,39.665
483.83,-3.9108,41.723,38.544
483.91,-3.2027,41.723,38.544
483.83,-3.7535,41.723,38.544
484.66,-4.074,40.543,37.454
486.07,-3.1623,39.397,36.395
486.4,-3.465,38.283,35.366
486.58,-2.8928,37.2,34.366
486.37,-3.1032,37.2,34.366
488.51,-3.2487,36.149,33.394
487.46,-2.4358,35.127,32.45
488.95,-2.4407,34.133,31.533
488.33,-1.5444,33.168,30.641
488.15,-2.2324,33.168,30.641
487.83,-2.0448,33.168,30.641
488.15,-1.8571,33.168,30.641
487.83,-1.7946,33.168,30.641
488.15,-2.6077,33.168,30.641
487.33,-2.6702,33.168,30.641
487.52,-2.7328,33.168,30.641
487.46,-2.7953,33.168,30.641
487.4,-2.8579,33.168,30.641
487.21,-1.9197,33.168,30.641
486.77,-1.9822,33.168,30.641
487.33,-2.0448,33.168,30.641
486.9,-2.2324,33.168,30.641
487.21,-2.2949,33.168,30.641
486.52,-2.3575,33.168,30.641
486.58,-2.42,33.168,30.641
486.77,-2.6077,33.168,30.641
486.96,-2.7953,33.168,30.641
486.02,-2.8579,33.168,30.641
486.08,-2.0448,33.168,30.641
485.9,-2.2324,33.168,30.641
486.71,-2.42,33.168,30.641
486.27,-2.4826,33.168,30.641
485.83,-2.42,33.168,30.641
486.4,-2.4826,33.168,30.641
485.71,-2.5451,33.168,30.641
486.27,-2.3575,33.168,30.641
484.96,-1.9197,33.168,30.641
484.52,-1.6069,33.168,30.641
485.58,-2.2949,33.168,30.641
485.14,-2.1073,33.168,30.641
484.83,-1.7946,33.168,30.641
485.65,-2.3575,33.168,30.641
485.46,-2.0448,33.168,30.641
485.14,-1.6069,33.168,30.641
484.83,-2.1699,33.168,30.641
485.52,-1.732,33.168,30.641
484.96,-2.0448,33.168,30.641
484.39,-1.3568,33.168,30.641
484.83,-1.5444,33.168,30.641
485.02,-1.732,33.168,30.641
484.21,-1.7946,33.168,30.641
483.9,-2.065,34.16,31.557
483.96,-1.8718,34.16,31.557
484.03,-1.6785,34.16,31.557
483.58,-1.9571,35.181,32.501
482.98,-2.0234,35.181,32.501
483.45,-2.0897,35.181,32.501
482.85,-2.0234,35.181,32.501
483.05,-1.8244,35.181,32.501
483.12,-1.758,35.181,32.501
483.18,-1.559,35.181,32.501
483.25,-1.36,35.181,32.501
482.79,-1.6468,36.233,33.473
482.72,-2.3984,36.233,33.473
482.52,-2.1934,36.233,33.473
482.31,-1.9885,36.233,33.473
481.97,-1.7835,36.233,33.473
481.35,-1.5785,36.233,33.473
481.97,-2.1934,36.233,33.473
481.35,-1.8518,36.233,33.473
481.7,-1.5102,36.233,33.473
481.9,-1.9885,36.233,33.473
481.01,-1.6468,36.233,33.473
481.22,-2.2618,36.233,33.473
481.15,-1.9201,36.233,33.473
481.22,-1.4419,36.233,33.473
481.15,-1.9201,36.233,33.473
480.94,-1.4419,36.233,33.473
480.74,-1.7835,36.233,33.473
481.22,-1.1686,36.233,33.473
480.88,-1.5102,36.233,33.473
481.35,-1.7152,36.233,33.473
480.88,-2.0568,36.233,33.473
481.35,-1.3052,36.233,33.473
480.33,-1.3735,36.233,33.473
480.53,-1.4419,36.233,33.473
480.6,-1.5102,36.233,33.473
480.67,-1.5785,36.233,33.473
480.47,-1.5102,36.233,33.473
480.4,-1.4419,36.233,33.473
480.33,-1.3735,36.233,33.473
479.99,-1.3052,36.233,33.473
479.78,-1.2369,36.233,33.473
479.99,-1.1686,36.233,33.473
479.51,-1.1002,36.233,33.473
479.71,-1.0319,36.233,33.473
479.92,-1.1002,36.233,33.473
479.03,-1.1686,36.233,33.473
479.1,-1.2369,36.233,33.473
479.3,-1.3052,36.233,33.473
479.24,-1.2369,36.233,33.473
479.17,-1.3052,36.233,33.473
479.1,-1.3735,36.233,33.473
479.03,-1.4419,36.233,33.473
478.96,-1.5102,36.233,33.473
478.76,-1.5785,36.233,33.473
479.24,-1.6468,36.233,33.473
479.17,-1.8518,36.233,33.473
478.42,-1.1002,36.233,33.473
479.03,-1.4419,36.233,33.473
478.28,-1.6468,36.233,33.473
478.49,-1.9885,36.233,33.473
478.69,-1.3735,36.233,33.473
478.76,-1.8518,36.233,33.473
478.83,-1.3735,36.233,33.473
478.62,-1.8518,36.233,33.473
478.69,-1.6468,36.233,33.473
478.49,-2.3984,36.233,33.473
477.87,-2.1934,36.233,33.473
478.76,-2.2618,36.233,33.473
478.01,-2.1934,36.233,33.473
477.8,-2.2618,36.233,33.473
477.87,-2.1934,36.233,33.473
478.08,-2.1251,36.233,33.473
477.19,-2.1934,36.233,33.473
477.12,-2.2618,36.233,33.473
477.46,-2.4668,36.233,33.473
477.39,-2.6717,36.233,33.473
477.32,-2.8767,36.233,33.473
477.26,-2.1251,36.233,33.473
477.19,-2.3301,36.233,33.473
476.98,-2.6717,36.233,33.473
476.5,-3.0134,36.233,33.473
477.39,-2.5351,36.233,33.473
476.64,-2.8767,36.233,33.473
477.39,-2.5351,36.233,33.473
476.37,-3.0134,36.233,33.473
476.85,-2.8084,36.233,33.473
477.32,-2.6034,36.233,33.473
476.16,-3.355,36.233,33.473
476.37,-3.15,36.233,33.473
476.13,-2.6085,35.209,32.526
478.15,-1.9495,34.213,31.607
476.41,-2.014,34.213,31.607
477.25,-2.2075,34.213,31.607
477.06,-2.4011,34.213,31.607
476.09,-2.4656,34.213,31.607
477.06,-2.7882,34.213,31.607
476.35,-2.9817,34.213,31.607
476.54,-2.4011,34.213,31.607
476.73,-2.7237,34.213,31.607
476.8,-3.1753,34.213,31.607
476.6,-2.7237,34.213,31.607
476.93,-3.1753,34.213,31.607
475.96,-2.7237,34.213,31.607
475.89,-3.1753,34.213,31.607
475.83,-2.7237,34.213,31.607
476.67,-3.1753,34.213,31.607
476.47,-2.5946,34.213,31.607
476.02,-3.0463,34.213,31.607
475.57,-2.5946,34.213,31.607
476.02,-3.0463,34.213,31.607
475.57,-2.4656,34.213,31.607
476.02,-2.7882,34.213,31.607
475.57,-3.1108,34.213,31.607
475.64,-2.5301,34.213,31.607
476.22,-2.8527,34.213,31.607
475.25,-2.272,34.213,31.607
475.44,-2.5946,34.213,31.607
475.64,-2.9172,34.213,31.607
475.7,-2.3366,34.213,31.607
475.89,-2.6592,34.213,31.607
474.93,-2.9817,34.213,31.607
474.99,-2.4011,34.213,31.607
475.06,-2.5946,34.213,31.607
474.86,-2.7882,34.213,31.607
475.83,-3.1108,34.213,31.607
475.64,-2.4011,34.213,31.607
475.7,-2.7237,34.213,31.607
475.77,-3.0463,34.213,31.607
475.31,-2.4656,34.213,31.607
475.12,-2.7882,34.213,31.607
474.67,-2.9817,34.213,31.607
475.51,-2.4011,34.213,31.607
475.31,-2.4656,34.213,31.607
474.86,-2.6592,34.213,31.607
475.44,-2.7237,34.213,31.607
474.99,-2.9172,34.213,31.607
474.93,-2.0785,34.213,31.607
474.47,-2.4011,34.213,31.607
475.06,-2.8527,34.213,31.607
474.86,-2.6592,34.213,31.607
475.8,-3.1801,33.246,30.713
474.98,-3.1174,33.246,30.713
474.92,-3.0547,33.246,30.713
474.86,-2.992,33.246,30.713
474.29,-2.9293,33.246,30.713
474.86,-2.8666,33.246,30.713
474.04,-2.9293,33.246,30.713
473.85,-2.8666,33.246,30.713
473.41,-2.8039,33.246,30.713
472.73,-2.8666,33.246,30.713
472.91,-2.9293,33.246,30.713
473.1,-2.992,33.246,30.713
473.88,-2.4951,32.306,29.845
472.97,-2.6779,32.306,29.845
472.79,-2.8606,32.306,29.845
473.58,-3.0434,32.306,29.845
472.91,-2.2514,32.306,29.845
472.36,-2.4342,32.306,29.845
472.18,-2.617,32.306,29.845
472.48,-2.7997,32.306,29.845
472.06,-2.9825,32.306,29.845
471.63,-2.1905,32.306,29.845
471.94,-2.4951,32.306,29.845
471.27,-2.9216,32.306,29.845
471.45,-3.2262,32.306,29.845
471.27,-2.6779,32.306,29.845
471.08,-2.9825,32.306,29.845
471.11,-1.7686,31.393,29.001
471.41,-1.9462,31.393,29.001
470.76,-2.1238,31.393,29.001
470.82,-2.3014,31.393,29.001
470.88,-2.5974,31.393,29.001
470.82,-1.9462,31.393,29.001
470.64,-2.3606,31.393,29.001
470.46,-2.775,31.393,29.001
470.28,-2.1238,31.393,29.001
471.05,-2.5382,31.393,29.001
470.88,-1.887,31.393,29.001
470.7,-2.183,31.393,29.001
470.28,-2.3606,31.393,29.001
470.82,-2.5382,31.393,29.001
470.4,-1.7686,31.393,29.001
469.99,-2.0646,31.393,29.001
470.88,-2.3606,31.393,29.001
470.58,-2.6566,31.393,29.001
470.28,-1.887,31.393,29.001
470.94,-2.0646,31.393,29.001
470.76,-2.2422,31.393,29.001
470.58,-2.4198,31.393,29.001
470.4,-2.5974,31.393,29.001
470.22,-1.8278,31.393,29.001
471.11,-1.887,31.393,29.001
471.29,-1.9462,31.393,29.001
471.35,-1.887,31.393,29.001
469.4,-2.143,32.331,29.868
469.34,-1.9601,32.331,29.868
467.21,-1.5333,32.331,29.868
464.83,-1.9188,33.298,30.761
464.9,-2.1072,33.298,30.761
465.08,-2.5467,33.298,30.761
467.28,-2.484,33.298,30.761
470.95,-2.7398,32.356,29.891
471.35,-3.3545,31.442,29.046
471.74,-3.3589,30.553,28.225
472.23,-2.787,29.689,27.427
473.04,-2.3433,28.849,26.651
474.26,-2.7825,28.034,25.898
475.24,-2.3636,27.241,25.166
475.16,-2.2646,26.471,24.454
475.49,-1.9688,25.722,23.763
475.8,-2.0695,24.995,23.091
476.77,-1.9787,24.288,22.438
477.16,-2.2569,23.602,21.803
478.07,-2.4382,22.934,21.187
477.48,-2.4414,22.286,20.588
477.76,-2.7808,21.656,20.006
478.92,-2.9471,21.043,19.44
479.34,-3.1882,20.448,18.89
479.35,-3.5943,19.87,18.356
480.3,-4.6416,19.308,17.837
480.03,-4.998,19.308,17.837
479.99,-5.988,19.308,17.837
480.18,-6.582,19.308,17.837
480.62,-6.78,19.308,17.837
480.98,-7.6116,19.308,17.837
480.94,-8.2056,19.308,17.837
480.82,-9.1956,19.308,17.837
481.65,-9.7104,19.308,17.837
481.77,-9.6708,19.308,17.837
481.81,-10.027,19.308,17.837
481.85,-10.78,19.308,17.837
481.17,-10.819,19.308,17.837
481.24,-11.68,19.886,18.371
481.04,-12.373,19.886,18.371
480.95,-13.015,20.48,18.92
480.82,-13.057,20.48,18.92
480.61,-13.099,20.48,18.92
480.35,-13.592,21.093,19.486
479.9,-14.272,21.723,20.068
479.26,-14.706,22.373,20.668
479.89,-3.0391,23.042,21.286
479.56,3.8132,23.042,21.286
479.61,4.6165,23.042,21.286
479.47,4.3802,23.042,21.286
479.33,3.8604,23.042,21.286
479.18,2.868,23.042,21.286
479.04,2.5372,23.042,21.286
478.9,2.7735,23.042,21.286
479.7,2.7262,23.042,21.286
479.56,2.2064,23.042,21.286
479.42,1.4976,23.042,21.286
479.37,1.3558,23.042,21.286
479.23,0.83596,23.042,21.286
479.18,1.0722,23.042,21.286
479.14,0.36339,23.042,21.286
479.09,0.22162,23.042,21.286
478.95,-0.2037,23.042,21.286
479.75,0.032589,23.042,21.286
479.51,-0.77078,23.042,21.286
479.28,-0.81804,23.042,21.286
479.04,-0.86529,23.042,21.286
479.09,-0.91255,23.042,21.286
478.85,-0.95981,23.042,21.286
479.56,-1.1016,23.042,21.286
479.33,-1.1488,23.042,21.286
479.09,-0.34547,23.042,21.286
479.04,-0.39272,23.042,21.286
478.9,-0.43998,23.042,21.286
479.7,-0.58175,23.042,21.286
479.56,-0.62901,23.042,21.286
479.42,-0.77078,23.042,21.286
479.18,-0.91255,23.042,21.286
479.04,-1.0543,23.042,21.286
478.71,-1.1016,23.042,21.286
479.7,-1.2434,23.042,21.286
479.37,-0.43998,23.042,21.286
479.33,-0.58175,23.042,21.286
479.09,-0.72352,23.042,21.286
478.85,-0.86529,23.042,21.286
480.03,-1.0071,23.042,21.286
478.95,-1.1488,23.042,21.286
479.85,-0.34547,23.042,21.286
479.7,-0.48724,23.042,21.286
479.56,-0.62901,23.042,21.286
479.42,-0.77078,23.042,21.286
479.28,-0.91255,23.042,21.286
479.14,-1.0543,23.042,21.286
478.99,-1.1961,23.042,21.286
478.57,-0.39272,23.042,21.286
479.66,-0.53449,23.042,21.286
479.33,-0.67627,23.042,21.286
478.99,-0.81804,23.042,21.286
479.33,-0.95981,23.042,21.286
479.18,-1.1016,23.042,21.286
479.51,-1.2434,23.042,21.286
479.37,-0.43998,23.042,21.286
479.23,-0.58175,23.042,21.286
479.37,-0.72352,23.042,21.286
479.23,-0.86529,23.042,21.286
479.09,-1.0071,23.042,21.286
478.66,-1.1488,23.042,21.286
479.37,-0.34547,23.042,21.286
478.95,-0.48724,23.042,21.286
478.99,-0.62901,23.042,21.286
478.13,-0.61644,23.731,21.923
478.76,-0.95713,23.731,21.923
478.42,-1.2978,23.731,21.923
478.08,-0.66511,23.731,21.923
478.13,-1.0058,23.731,21.923
478.67,-0.37309,23.731,21.923
477.94,-0.71378,23.731,21.923
478.08,-1.0545,23.731,21.923
478.32,-0.42176,23.731,21.923
477.5,-0.76245,23.731,21.923
477.35,-1.1031,23.731,21.923
477.01,-0.56777,23.731,21.923
477.06,-0.90846,23.731,21.923
477.21,-1.2492,23.731,21.923
475.63,-0.65217,24.44,22.578
475.98,-0.70229,24.44,22.578
475.23,-0.75242,24.44,22.578
475.18,-0.80254,24.44,22.578
475.43,-0.85267,24.44,22.578
475.08,-0.90279,24.44,22.578
474.43,-0.95292,24.44,22.578
474.78,-1.003,24.44,22.578
473.93,-1.0532,24.44,22.578
473.98,-1.1033,24.44,22.578
474.03,-1.1534,24.44,22.578
473.68,-1.2035,24.44,22.578
474.63,-1.2537,24.44,22.578
474.18,-1.3038,24.44,22.578
474.03,-0.45167,24.44,22.578
473.38,-0.50179,24.44,22.578
473.23,-0.55192,24.44,22.578
473.28,-0.60204,24.44,22.578
473.13,-0.65217,24.44,22.578
473.18,-0.70229,24.44,22.578
472.93,-0.85267,24.44,22.578
472.58,-0.90279,24.44,22.578
472.93,-0.95292,24.44,22.578
472.28,-1.003,24.44,22.578
472.83,-1.0532,24.44,22.578
472.38,-1.1033,24.44,22.578
472.73,-1.1534,24.44,22.578
473.08,-1.2035,24.44,22.578
472.43,-1.2537,24.44,22.578
472.38,-1.404,24.44,22.578
472.53,-0.55192,24.44,22.578
472.98,-0.60204,24.44,22.578
471.92,-0.75242,24.44,22.578
471.97,-0.80254,24.44,22.578
471.92,-0.95292,24.44,22.578
471.77,-1.1033,24.44,22.578
472.63,-1.2537,24.44,22.578
472.48,-1.404,24.44,22.578
472.33,-0.55192,24.44,22.578
472.18,-0.70229,24.44,22.578
472.03,-0.85267,24.44,22.578
471.77,-1.003,24.44,22.578
472.53,-1.1534,24.44,22.578
472.28,-1.3038,24.44,22.578
472.53,-0.55192,24.44,22.578
472.78,-0.70229,24.44,22.578
472.83,-0.85267,24.44,22.578
472.08,-1.003,24.44,22.578
472.33,-1.1534,24.44,22.578
473.48,-1.3038,24.44,22.578
473.13,-0.55192,24.44,22.578
472.78,-0.70229,24.44,22.578
473.63,-0.85267,24.44,22.578
472.88,-1.003,24.44,22.578
472.73,-1.1534,24.44,22.578
473.38,-1.3038,24.44,22.578
472.73,-0.55192,24.44,22.578
473.58,-0.70229,24.44,22.578
473.23,-0.85267,24.44,22.578
472.48,-1.003,24.44,22.578
472.93,-1.1534,24.44,22.578
472.18,-1.3038,24.44,22.578
472.43,-0.55192,24.44,22.578
472.58,-0.70229,24.44,22.578
472.93,-0.85267,24.44,22.578
472.18,-1.003,24.44,22.578
472.53,-1.2537,24.44,22.578
472.78,-1.404,24.44,22.578
472.83,-0.65217,24.44,22.578
471.97,-0.80254,24.44,22.578
472.03,-0.95292,24.44,22.578
472.28,-1.1033,24.44,22.578
472.53,-1.2537,24.44,22.578
472.38,-1.404,24.44,22.578
472.43,-0.65217,24.44,22.578
472.68,-0.80254,24.44,22.578
472.73,-0.95292,24.44,22.578
472.38,-1.1033,24.44,22.578
473.13,-1.2537,24.44,22.578
472.58,-1.404,24.44,22.578
472.83,-0.65217,24.44,22.578
472.08,-0.90279,24.44,22.578
472.03,-1.1534,24.44,22.578
471.67,-1.404,24.44,22.578
473.23,-0.65217,24.44,22.578
472.38,-0.90279,24.44,22.578
471.92,-1.1534,24.44,22.578
472.28,-1.404,24.44,22.578
