519,316.5,40,39
523.26,322.46,40,39
531.24,339.89,40,39
545.59,356.73,41.196,40.166
546.62,358.09,41.196,40.166
559.49,374.32,42.428,41.367
576.16,395.76,42.428,41.367
574.93,393.71,42.428,41.367
552.86,382.33,43.696,42.604
550.23,380.89,43.696,42.604
546.11,377.63,45.003,43.878
540.65,373.92,46.348,45.19
537.69,366.47,46.348,45.19
536.54,363.38,47.734,46.541
536.29,362.59,49.162,47.932
533.18,337.03,50.631,49.366
529.75,335.56,50.631,49.366
523.79,327.47,52.145,50.842
527.56,319.74,53.704,52.362
526.65,318.02,55.31,53.927
525.9,317.91,55.31,53.927
522.18,315.5,56.964,55.54
524.28,312.08,56.964,55.54
520.42,311.31,56.964,55.54
518.57,311.03,58.667,57.201
517.1,310.23,58.667,57.201
511.56,311.54,60.421,58.911
510.54,311.48,62.228,60.672
511.14,309.19,62.228,60.672
509.37,308.16,64.089,62.486
506.02,308.28,64.089,62.486
509.87,304.44,64.089,62.486
512.47,302.58,64.089,62.486
512.6,301.71,64.089,62.486
512.47,301.58,64.089,62.486
514.87,300.52,66.005,64.355
521.13,298.86,66.005,64.355
522.79,298.48,66.005,64.355
525.22,299.37,66.005,64.355
525.86,299.5,66.005,64.355
529.56,302.44,66.005,64.355
534.29,305.38,66.005,64.355
538.25,308.58,66.005,64.355
543.53,310.55,67.978,66.279
546.03,310.42,67.978,66.279
550.94,310.35,70.011,68.261
558.7,308.38,72.104,70.302
568.05,303.5,72.104,70.302
578.53,299.73,72.104,70.302
577.59,300.21,74.26,72.404
585.39,297.35,72.161,70.357
589.45,296.37,72.161,70.357
596.2,294.16,70.12,68.367
600.68,292.12,70.12,68.367
601.9,291.98,70.12,68.367
604.21,289.95,70.12,68.367
606.51,287.64,70.12,68.367
608.82,285.33,70.12,68.367
612.76,281.12,70.12,68.367
612.12,281.05,72.217,70.411
613.84,279.67,70.175,68.421
615.88,276,70.175,68.421
614.93,273.69,70.175,68.421
614.52,275.73,70.175,68.421
614.38,275.86,70.175,68.421
610.44,278.17,70.175,68.421
609.12,275.47,68.191,66.486
620.08,265.83,68.191,66.486
626.02,254.61,68.191,66.486
625.89,254.48,68.191,66.486
621.8,256.99,68.191,66.486
612.73,257.97,70.23,68.474
605.52,258.65,70.23,68.474
607.73,259.21,68.244,66.538
608.13,260.4,68.244,66.538
609.06,260.27,68.244,66.538
609.98,263.84,68.244,66.538
608,267.94,68.244,66.538
601.79,273.62,68.244,66.538
600.86,273.49,68.244,66.538
597.56,277.32,68.244,66.538
596.9,279.56,68.244,66.538
601.43,281.16,66.315,64.657
604.13,282.83,66.315,64.657
605.45,282.59,64.44,62.829
606.32,284.71,64.44,62.829
606.73,287.89,66.366,64.707
605.58,292.13,66.366,64.707
603.91,295.09,66.366,64.707
604.04,295.22,66.366,64.707
603.39,296.63,66.366,64.707
601.21,298.04,66.366,64.707
600.57,299.71,66.366,64.707
599.92,300.36,66.366,64.707
600.05,300.23,66.366,64.707
600.69,299.84,66.366,64.707
604.59,297.29,64.49,62.878
605.25,294.47,66.418,64.758
602.33,293.63,68.404,66.694
599.85,292.77,70.449,68.688
597.84,293.52,72.556,70.742
611.93,287.91,70.504,68.742
620.8,283.96,70.504,68.742
635.86,280.69,68.511,66.798
637.32,280.83,68.511,66.798
647.27,276.45,68.511,66.798
659.07,271.54,68.511,66.798
671.14,269.82,68.511,66.798
680.3,271.28,68.511,66.798
680.43,270.88,68.511,66.798
687.63,272.75,66.574,64.909
691.02,273.8,64.691,63.074
693.07,276.82,62.862,61.291
693.19,276.94,62.862,61.291
692.25,279.39,61.085,59.558
691.42,280.45,61.085,59.558
691.54,284.12,61.085,59.558
691.9,284.71,61.085,59.558
690.86,284.18,62.911,61.339
695.29,277.86,61.133,59.604
696.11,276.79,61.133,59.604
697.65,275.49,61.133,59.604
699.67,271.11,61.133,59.604
699.78,270.99,61.133,59.604
701.56,268.51,61.133,59.604
703.1,265.55,61.133,59.604
701.32,263.3,61.133,59.604
697.65,261.05,61.133,59.604
696.35,261.17,61.133,59.604
691.02,262,61.133,59.604
688.54,263.06,61.133,59.604
685.85,267.97,62.96,61.386
673.29,271.51,62.96,61.386
670.25,271.63,62.96,61.386
673.54,266.87,62.96,61.386
676.83,266.99,62.96,61.386
674.27,279.79,62.96,61.386
674.39,281.38,62.96,61.386
674.51,281.26,62.96,61.386
676.86,279.97,64.843,63.222
680.42,273.21,63.01,61.434
676.39,269.18,63.01,61.434
670.41,265.89,63.01,61.434
669.8,265.28,63.01,61.434
658.7,262.47,63.01,61.434
648.09,260.4,63.01,61.434
636.65,260.41,61.228,59.697
629.9,260.3,61.228,59.697
628.12,259.7,61.228,59.697
621.84,255.79,61.228,59.697
631.91,246.42,61.228,59.697
610.22,248.44,61.228,59.697
604.88,246.42,61.228,59.697
603.58,246.07,61.228,59.697
602.99,247.61,61.228,59.697
603.1,247.73,61.228,59.697
603.22,249.98,61.228,59.697
603.58,250.34,61.228,59.697
603.46,249.74,61.228,59.697
602.87,251.29,61.228,59.697
602.51,251.17,61.228,59.697
602.63,251.05,61.228,59.697
603.14,249.88,59.497,58.009
602.79,249.53,59.497,58.009
601.53,251.26,59.497,58.009
601.18,249.07,59.497,58.009
599.91,248.72,59.497,58.009
599.8,247.46,59.497,58.009
599.68,247.11,59.497,58.009
601.18,244.92,59.497,58.009
601.3,243.89,59.497,58.009
599.57,243.77,59.497,58.009
598.3,243.66,59.497,58.009
598.8,243.44,57.815,56.369
601.07,246.14,56.18,54.775
602.92,249.08,56.18,54.775
608.68,254.19,56.18,54.775
613.14,258.43,56.18,54.775
613.91,258.97,56.18,54.775
618.15,262.35,56.18,54.775
619.13,264.85,56.18,54.775
620.76,265.83,56.18,54.775
621.52,263.98,56.18,54.775
621.41,264.09,56.18,54.775
621.08,260.5,56.18,54.775
617.71,255.39,56.18,54.775
611.73,251.14,56.18,54.775
607.05,245.16,56.18,54.775
606.73,244.62,56.18,54.775
602.92,241.24,56.18,54.775
599.33,237.22,56.18,54.775
594.87,235.59,56.18,54.775
591.5,235.91,56.18,54.775
590.74,236.24,56.18,54.775
588.02,236.57,56.18,54.775
587.69,238.42,56.18,54.775
587.58,238.74,56.18,54.775
585.73,237.98,56.18,54.775
585.84,238.09,56.18,54.775
585.08,237.11,56.18,54.775
584.75,236.78,56.18,54.775
584.89,236.07,57.86,56.413
585,234.62,57.86,56.413
585.12,234.06,57.86,56.413
586.35,234.62,57.86,56.413
589.6,235.63,57.86,56.413
593.29,237.08,57.86,56.413
600.8,240.56,57.86,56.413
600.91,240.44,57.86,56.413
609.68,242.47,56.224,54.818
614.15,244.32,56.224,54.818
620.79,248.79,56.224,54.818
625.69,253.9,56.224,54.818
626.01,254.45,56.224,54.818
631.35,256.73,56.224,54.818
634.51,258.37,56.224,54.818
633.77,257.22,57.905,56.457
631.42,255.31,57.905,56.457
630.67,254.36,59.636,58.145
631.74,244.14,61.419,59.884
623.53,248.06,61.419,59.884
613.9,246.04,61.419,59.884
601.41,245.44,61.419,59.884
599.87,244.85,61.419,59.884
591.42,246.16,61.419,59.884
582.03,246.28,61.419,59.884
576.2,245.92,61.419,59.884
571.32,246.99,61.419,59.884
570.02,247.11,61.419,59.884
567.28,245.56,61.419,59.884
565.5,245.44,61.419,59.884
564.19,244.61,61.419,59.884
565.73,244.26,61.419,59.884
565.38,243.9,61.419,59.884
565.5,245.92,61.419,59.884
565.85,247.7,61.419,59.884
569.3,250.68,61.419,59.884
574.18,254.13,61.419,59.884
575.96,253.77,61.419,59.884
583.49,254.66,63.256,61.674
592.22,253.37,65.147,63.518
596.13,249.21,65.147,63.518
604.61,241.32,67.095,65.418
606.6,238.39,69.101,67.374
602.76,202.46,71.167,69.388
623.47,170.24,69.155,67.426
628.46,167.75,71.223,69.442
639.39,130.72,73.352,71.519
642.56,129.6,71.278,69.496
641.04,125.6,71.278,69.496
635.11,118.29,71.278,69.496
639.42,114.63,73.41,71.574
643.55,109.65,73.41,71.574
644.83,109.22,73.41,71.574
646.14,108.01,75.605,73.714
653.32,109.92,75.605,73.714
652.88,112.4,75.605,73.714
650.97,113.43,75.605,73.714
650.83,113.58,75.605,73.714
651.75,114.18,73.467,71.63
648.19,115.46,73.467,71.63
644.64,117.88,73.467,71.63
643.93,119.73,73.467,71.63
643.5,119.87,73.467,71.63
639.94,119.16,73.467,71.63
646.35,123.85,73.467,71.63
645.63,124.56,73.467,71.63
642.93,124.7,73.467,71.63
641.94,123.71,73.467,71.63
638.38,123.57,73.467,71.63
633.12,124.28,73.467,71.63
628.42,121.01,73.467,71.63
618.32,158.13,73.467,71.63
617.61,157.71,73.467,71.63
615.52,157.63,75.664,73.772
617.03,172.3,73.524,71.686
622.9,187.03,75.723,73.83
624.22,205.36,75.723,73.83
623.78,206.09,75.723,73.83
625.29,211.97,73.582,71.742
628.18,212.56,71.501,69.714
638.01,211.59,71.501,69.714
632.06,244.95,71.501,69.714
633.49,244.97,69.48,67.743
630.66,245.64,69.48,67.743
628.91,245.51,69.48,67.743
626.8,245.26,67.515,65.827
625.63,243.56,67.515,65.827
626.28,243.69,67.515,65.827
625.1,241.46,67.515,65.827
625.23,242.64,67.515,65.827
623.79,243.03,67.515,65.827
624.62,244.62,65.606,63.966
625.25,244.74,65.606,63.966
627.41,245.63,65.606,63.966
639.48,247.28,65.606,63.966
643.93,250.21,65.606,63.966
647.27,251.24,63.751,62.157
649.86,251.86,63.751,62.157
643.81,251.98,63.751,62.157
641.22,254.57,63.751,62.157
640.11,256.42,63.751,62.157
623.44,260.74,63.751,62.157
621.59,260.87,63.751,62.157
609.16,274.13,65.657,64.016
597.59,287.99,65.657,64.016
597.46,294.47,65.657,64.016
601.15,298.92,65.657,64.016
602.46,298.94,63.801,62.206
608.02,304.74,63.801,62.206
617.78,310.3,63.801,62.206
619.14,315.61,63.801,62.206
621.15,320.82,61.997,60.447
622.63,322.03,60.244,58.738
621.58,324.01,60.244,58.738
623.95,329.86,58.541,57.077
628.29,334.18,56.886,55.463
627.11,337.87,58.586,57.122
625.89,337.81,60.338,58.83
624.17,341.25,62.142,60.589
624.81,345.52,64,62.4
622.24,348.92,65.914,64.266
618.03,352.37,65.914,64.266
615.6,352.75,65.914,64.266
611.14,358.5,65.914,64.266
602.62,363.02,67.885,66.188
597.93,367.51,65.965,64.316
594.73,370.19,65.965,64.316
594.1,370.06,65.965,64.316
592.69,370.7,65.965,64.316
594.1,369.04,65.965,64.316
595.76,366.87,65.965,64.316
599.63,363.56,64.1,62.498
602.15,364.82,62.288,60.731
604.59,360.25,60.527,59.014
610.14,328.78,62.336,60.778
602.05,308.14,62.336,60.778
585.31,334.15,64.2,62.595
583.48,335.08,66.12,64.467
580.27,329.83,66.12,64.467
585.27,325.09,66.12,64.467
587.87,322.8,64.25,62.644
589.98,320.69,64.25,62.644
590.11,320.31,64.25,62.644
594.71,316.96,64.25,62.644
581.15,314.84,64.25,62.644
587,312.97,64.25,62.644
597.07,308.62,64.25,62.644
596.98,308.31,66.171,64.517
604.54,307.67,66.171,64.517
616.71,306,66.171,64.517
627.77,303.71,64.301,62.693
633.87,300.6,64.301,62.693
634.25,300.97,64.301,62.693
638.1,297.86,64.301,62.693
638.64,294.14,62.482,60.92
636.83,293.05,62.482,60.92
633.32,291.96,62.482,60.92
633.44,291.6,62.482,60.92
631.38,291.23,62.482,60.92
626.42,289.66,62.482,60.92
620.98,287.12,62.482,60.92
619.89,287.24,62.482,60.92
616.3,288.46,60.716,59.198
612.42,286.94,60.716,59.198
610.18,283.29,60.716,59.198
606.77,280.59,60.716,59.198
606.89,280.71,60.716,59.198
605.6,277.06,60.716,59.198
602.89,273.18,60.716,59.198
603.01,269.3,60.716,59.198
601.48,265.89,60.716,59.198
600.89,266.25,60.716,59.198
599.84,263.54,60.716,59.198
598.07,262.25,60.716,59.198
597.49,260.72,60.716,59.198
594.55,259.19,60.716,59.198
595.29,258.74,58.999,57.524
595.17,257.94,58.999,57.524
595.52,253.48,58.999,57.524
597.69,250.17,58.999,57.524
599.63,245.48,58.999,57.524
599.74,245.6,58.999,57.524
600.09,244.57,58.999,57.524
599.06,244.69,58.999,57.524
597.34,245.48,58.999,57.524
597,245.83,58.999,57.524
596.89,245.26,58.999,57.524
596.09,247.2,58.999,57.524
594.15,248.68,58.999,57.524
594.26,247.88,58.999,57.524
596.2,246.63,58.999,57.524
596.32,247.2,58.999,57.524
593.92,244.11,58.999,57.524
594.49,250.63,58.999,57.524
602.17,253.99,60.763,59.244
605.35,258.11,60.763,59.244
606.64,258.93,60.763,59.244
602.76,257.4,60.763,59.244
600.06,257.52,60.763,59.244
600.17,256.93,60.763,59.244
601.94,251.17,60.763,59.244
602.29,249.4,60.763,59.244
604.44,249.18,59.045,57.569
606.39,249.07,59.045,57.569
606.96,251.01,59.045,57.569
607.3,251.13,59.045,57.569
606.96,251.24,59.045,57.569
604.33,251.81,59.045,57.569
601.62,256.17,57.376,55.941
596.62,258.5,57.376,55.941
591.18,261.06,57.376,55.941
590.62,260.95,57.376,55.941
586.73,263.5,57.376,55.941
583.07,263.84,57.376,55.941
578.96,264.17,57.376,55.941
574.18,263.17,57.376,55.941
573.63,263.06,57.376,55.941
571.29,263.17,57.376,55.941
572.07,263.5,57.376,55.941
568.63,264.72,57.376,55.941
565.63,265.72,57.376,55.941
564.18,265.17,57.376,55.941
558.96,264.61,57.376,55.941
557.29,272.06,57.376,55.941
557.21,283.77,59.091,57.614
560.53,278.17,59.091,57.614
561.33,277.37,59.091,57.614
569.15,277.61,57.42,55.985
574.37,277.72,57.42,55.985
580.19,276.4,55.797,54.402
585.05,273.05,55.797,54.402
585.81,273.16,55.797,54.402
590.67,270.24,55.797,54.402
597.47,266.89,55.797,54.402
603.42,262.89,55.797,54.402
606.33,276.61,55.797,54.402
606.44,276.72,55.797,54.402
602.44,270.35,55.797,54.402
601.04,266.35,55.797,54.402
604.17,264.95,55.797,54.402
605.79,263.33,55.797,54.402
605.68,262.79,55.797,54.402
608.6,262.03,55.797,54.402
611.95,259.55,55.797,54.402
615.52,257.49,55.797,54.402
616.7,258.25,55.797,54.402
616.16,259,55.797,54.402
617.14,260.84,55.797,54.402
617.24,262.68,55.797,54.402
621.67,265.38,55.797,54.402
623.94,268.3,55.797,54.402
624.27,269.27,55.797,54.402
627.83,272.83,55.797,54.402
629.67,274.67,55.797,54.402
631.94,276.07,55.797,54.402
635.07,276.61,55.797,54.402
635.39,276.29,55.797,54.402
637.45,276.83,55.797,54.402
639.72,276.07,55.797,54.402
642.63,275.53,55.797,54.402
644.25,273.91,55.797,54.402
644.79,274.24,55.797,54.402
645.12,272.62,55.797,54.402
644.79,270.56,55.797,54.402
645.55,268.08,55.797,54.402
648.47,267.11,55.797,54.402
648.79,267,55.797,54.402
649.55,267.54,55.797,54.402
650.52,268.94,55.797,54.402
651.06,270.13,55.797,54.402
651.17,270.24,55.797,54.402
651.28,270.35,55.797,54.402
652.28,265.54,57.465,56.029
645.94,270.77,57.465,56.029
652.06,263.98,57.465,56.029
654.62,263.42,57.465,56.029
654.5,262.87,57.465,56.029
656.17,261.2,57.465,56.029
658.29,258.86,57.465,56.029
658.18,257.19,57.465,56.029
658.95,254.41,57.465,56.029
659.07,254.52,57.465,56.029
659.4,254.41,57.465,56.029
662.63,253.41,57.465,56.029
665.22,252.24,59.184,57.704
673.27,250.88,57.51,56.072
672.49,251.88,57.51,56.072
679.06,253.33,57.51,56.072
686.08,255.67,57.51,56.072
690.64,261.57,57.51,56.072
693.65,266.36,57.51,56.072
693.98,266.24,57.51,56.072
695.88,273.48,57.51,56.072
697.1,281.83,57.51,56.072
699.89,293.53,57.51,56.072
709.16,303.93,59.23,57.749
711.57,305.65,59.23,57.749
713.29,308.75,59.23,57.749
711.57,307.95,59.23,57.749
711.91,306.69,59.23,57.749
708.59,305.2,59.23,57.749
707.55,304.39,59.23,57.749
706.75,304.05,59.23,57.749
706.64,301.87,59.23,57.749
704.92,298.09,59.23,57.749
703.2,294.76,59.23,57.749
703.31,294.19,59.23,57.749
703.2,291.55,59.23,57.749
704.46,289.83,59.23,57.749
704.57,287.88,59.23,57.749
703.77,289.14,59.23,57.749
703.88,288.57,59.23,57.749
700.33,290.75,59.23,57.749
700.21,294.07,59.23,57.749
695.51,293.04,59.23,57.749
689.58,291.22,57.555,56.116
689.47,291.11,57.555,56.116
686.91,290.55,57.555,56.116
695.71,289.77,57.555,56.116
681.78,290.99,57.555,56.116
676.54,292.44,57.555,56.116
675.54,292.78,57.555,56.116
674.46,289.45,55.928,54.53
671.75,289.77,55.928,54.53
666.88,290.96,55.928,54.53
664.31,292.06,54.346,52.988
663.37,292.16,54.346,52.988
658.63,293.95,54.346,52.988
651.37,293.85,54.346,52.988
643.06,297.74,54.346,52.988
642.53,300.37,54.346,52.988
642.64,301.32,54.346,52.988
640.64,304.58,54.346,52.988
631.9,309.53,54.346,52.988
627.2,309.26,55.971,54.572
629.91,311.75,55.971,54.572
630.45,312.3,55.971,54.572
619.97,313.54,57.645,56.204
630.12,314.54,57.645,56.204
638.5,310.86,57.645,56.204
638.19,329.55,59.368,57.884
637.65,330.18,61.144,59.615
637.8,329.65,62.972,61.397
636.25,328.85,64.855,63.233
633.86,323.45,64.855,63.233
630.01,312.84,66.794,65.124
628.32,310.64,66.794,65.124
620.09,308.32,64.905,63.283
615.35,309.34,63.07,61.493
611.72,308.63,61.287,59.755
610.33,304.61,59.554,58.065
609.99,305.18,59.554,58.065
610.1,301.38,59.554,58.065
613.91,299.19,59.554,58.065
614.48,297.69,59.554,58.065
625.36,295.86,57.87,56.423
628.08,296.09,56.234,54.828
627.32,296.42,56.234,54.828
627.57,297.52,54.644,53.278
624.93,297.84,54.644,53.278
622.07,297.94,54.644,53.278
621.96,298.26,54.644,53.278
621.01,296.04,54.644,53.278
620.27,292.34,54.644,53.278
619.11,288,54.644,53.278
617.73,285.78,54.644,53.278
617.2,285.46,54.644,53.278
616.04,283.87,54.644,53.278
615.93,282.29,54.644,53.278
614.77,283.24,54.644,53.278
615.3,282.5,54.644,53.278
615.83,281.76,54.644,53.278
618.26,280.59,54.644,53.278
620.06,279.01,54.644,53.278
621.22,279.11,54.644,53.278
624.08,279.85,54.644,53.278
624.61,279.75,54.644,53.278
628.76,277.57,56.278,54.871
632.14,275.72,56.278,54.871
632.25,275.4,56.278,54.871
632.8,275.5,56.278,54.871
633.34,275.61,56.278,54.871
633.23,275.5,56.278,54.871
633.12,277.14,56.278,54.871
632.58,277.68,56.278,54.871
633.12,276.49,56.278,54.871
632.58,277.03,56.278,54.871
634.43,275.83,56.278,54.871
637.08,275.84,54.687,53.319
638.24,275.74,54.687,53.319
639.41,274.57,54.687,53.319
639.73,274.47,54.687,53.319
640.47,272.88,54.687,53.319
642.48,269.81,54.687,53.319
645.55,266.53,54.687,53.319
645.65,263.46,54.687,53.319
645.76,263.35,54.687,53.319
645.02,261.34,54.687,53.319
644.91,261.02,54.687,53.319
644.6,259.43,54.687,53.319
644.49,258.69,54.687,53.319
644.38,258.8,54.687,53.319
643.43,259.75,54.687,53.319
643.96,261.13,54.687,53.319
642.37,262.08,54.687,53.319
641.42,263.03,54.687,53.319
641.31,262.93,54.687,53.319
640.15,263.03,54.687,53.319
636.87,263.14,54.687,53.319
632.52,262.82,54.687,53.319
632.84,262.5,54.687,53.319
629.77,261.76,54.687,53.319
629.03,261.02,54.687,53.319
628.5,261.13,54.687,53.319
628.61,259.33,54.687,53.319
628.5,259.43,54.687,53.319
628.18,257.42,54.687,53.319
626.17,256.26,54.687,53.319
623.95,256.57,54.687,53.319
621.09,254.56,54.687,53.319
620.98,254.46,54.687,53.319
619.61,251.81,54.687,53.319
617.59,250.43,54.687,53.319
615.16,249.9,54.687,53.319
611.03,250.01,54.687,53.319
610.71,250.11,54.687,53.319
608.7,250.22,54.687,53.319
604.99,249.48,54.687,53.319
607.22,248.53,54.687,53.319
609.65,247.57,54.687,53.319
610.18,247.68,54.687,53.319
610.08,247.78,54.687,53.319
608.49,246.41,54.687,53.319
606.69,245.88,54.687,53.319
602.14,245.14,54.687,53.319
602.24,245.24,54.687,53.319
603.97,245.68,53.14,51.812
605.31,243.52,53.14,51.812
608.91,243.62,53.14,51.812
612.71,242.08,53.14,51.812
612.82,242.39,53.14,51.812
616.62,242.49,53.14,51.812
617.96,244.24,53.14,51.812
619.71,243.52,53.14,51.812
620.22,244.03,53.14,51.812
619.92,243.72,53.14,51.812
621.05,245.27,53.14,51.812
620.33,247.22,53.14,51.812
623.52,250.62,53.14,51.812
628.76,252.37,53.14,51.812
629.48,253.09,53.14,51.812
634.32,252.98,53.14,51.812
639.77,253.5,53.14,51.812
645.02,254.01,53.14,51.812
648.42,253.5,53.14,51.812
648.93,253.81,53.14,51.812
651.71,252.47,53.14,51.812
656.75,253.81,53.14,51.812
661.18,254.12,53.14,51.812
666.83,255.87,53.14,51.812
667.97,255.76,53.14,51.812
675.89,257.31,53.14,51.812
688.34,259.26,53.14,51.812
701.41,263.48,53.14,51.812
716.94,268.93,53.14,51.812
718.07,268.62,53.14,51.812
735.05,273.46,53.14,51.812
751.82,278.5,53.14,51.812
745.55,284.16,53.14,51.812
745.86,289.2,53.14,51.812
745.96,289.51,53.14,51.812
745.24,290.85,53.14,51.812
754.81,289.92,53.14,51.812
764.99,291.67,53.14,51.812
772.51,293.22,53.14,51.812
774.05,293.73,53.14,51.812
779.09,295.68,53.14,51.812
783.51,297.85,53.14,51.812
786.09,300.42,53.14,51.812
785.37,303.4,53.14,51.812
785.47,303.71,53.14,51.812
785.16,305.67,53.14,51.812
782.18,307,53.14,51.812
780.63,309.16,53.14,51.812
779.3,309.68,53.14,51.812
778.58,309.58,53.14,51.812
775.39,311.12,53.14,51.812
773.43,311.02,53.14,51.812
772.09,311.94,53.14,51.812
772.61,313.07,53.14,51.812
773.33,313.18,53.14,51.812
771.99,315.75,53.14,51.812
771.48,318.12,53.14,51.812
770.34,322.13,53.14,51.812
770.17,325.84,51.638,50.347
770.47,325.74,51.638,50.347
770.57,329.24,51.638,50.347
769.67,330.74,51.638,50.347
767.37,332.04,51.638,50.347
767.07,330.94,51.638,50.347
767.37,331.04,51.638,50.347
768.07,330.74,51.638,50.347
772.17,328.84,51.638,50.347
776.67,325.54,51.638,50.347
781.97,325.64,51.638,50.347
786.07,325.54,51.638,50.347
787.99,323.89,53.182,51.852
789.13,322.76,53.182,51.852
788.95,322.36,51.678,50.386
790.65,321.06,51.678,50.386
791.48,321.07,50.217,48.962
790.22,320.78,50.217,48.962
791.48,321.07,50.217,48.962
791.51,320.69,48.797,47.577
791.61,320.41,48.797,47.577
790.95,320.13,48.797,47.577
791.8,320.98,48.797,47.577
792.08,320.13,48.797,47.577
792.55,320.41,48.797,47.577
793.78,320.32,48.797,47.577
793.31,320.03,48.797,47.577
794.73,321.45,48.797,47.577
797.09,322.11,48.797,47.577
800.39,323.53,48.797,47.577
803.7,323.43,48.797,47.577
803.61,323.15,48.797,47.577
806.54,323.43,48.797,47.577
810.6,320.69,48.797,47.577
814.28,317.39,48.797,47.577
817.78,311.81,48.797,47.577
819.32,312.2,47.417,46.232
825.04,306.7,46.077,44.925
827.98,300.01,46.077,44.925
831.46,295.28,46.077,44.925
834.23,292.34,46.077,44.925
835.15,292.53,44.774,43.655
839.57,290.88,44.774,43.655
840.81,291.93,43.508,42.42
842.18,296.49,42.278,41.221
843.08,300.17,42.278,41.221
843.76,301.66,41.083,40.055
843.68,305.72,41.083,40.055
843.6,307.7,41.083,40.055
840.5,311.76,41.083,40.055
843.63,303.6,42.311,41.253
845.18,301.23,42.311,41.253
843.32,308.23,43.576,42.487
841.38,315.57,43.576,42.487
839.1,323.25,43.576,42.487
850.43,345.87,42.344,41.285
850.79,344.9,41.147,40.118
846.09,351.19,41.147,40.118
840.77,351.63,42.377,41.318
834.62,353.84,42.377,41.318
833.66,356.81,41.179,40.149
832.94,357.36,41.179,40.149
832.7,359.2,41.179,40.149
834.05,361.83,41.179,40.149
834.45,363.34,41.179,40.149
829.29,360.59,42.41,41.35
828.25,359.89,43.678,42.586
827.49,358.62,43.678,42.586
823.51,357.52,43.678,42.586
821.91,357.78,43.678,42.586
821.31,358.88,43.678,42.586
821.85,360.24,42.443,41.382
823.35,358.11,41.243,40.212
823.27,356.6,41.243,40.212
822.55,356.99,41.243,40.212
821.67,355.32,41.243,40.212
821.75,355.24,41.243,40.212
820.4,354.2,41.243,40.212
817.76,353.32,41.243,40.212
812.73,354.2,41.243,40.212
808.66,350.93,41.243,40.212
808.42,350.21,41.243,40.212
803.71,348.85,41.243,40.212
800.11,345.73,41.243,40.212
796.36,342.14,41.243,40.212
789.89,342.06,41.243,40.212
788.69,342.62,41.243,40.212
784.16,340.66,42.476,41.414
777.83,340.58,42.476,41.414
771.44,339.44,41.275,40.243
761.93,339.68,41.275,40.243
761.21,341.2,41.275,40.243
752.34,338.08,41.275,40.243
742.99,335.12,41.275,40.243
732.2,330.25,41.275,40.243
721.09,326.97,41.275,40.243
720.05,327.37,41.275,40.243
710.86,324.09,41.275,40.243
699.91,320.34,41.275,40.243
688.96,313.54,41.275,40.243
676.9,308.19,41.275,40.243
676.02,308.27,41.275,40.243
657.72,297,41.275,40.243
636.86,276.14,41.275,40.243
657.72,293.64,41.275,40.243
650.47,272.18,42.509,41.447
649.75,270.17,43.78,42.686
639.18,260.63,45.089,43.962
637.54,253.07,46.438,45.277
637.12,246.55,47.826,46.63
634.64,244.09,49.256,48.025
633.43,243.09,50.729,49.461
632.97,243.82,52.246,50.939
636.3,251.41,52.246,50.939
634,252.17,53.808,52.463
607.88,224.19,55.417,54.031
606.7,222.8,55.417,54.031
604.45,220.76,55.417,54.031
596.43,217.27,57.074,55.647
597.65,212.07,57.074,55.647
594.89,212.4,57.074,55.647
593.01,213.62,57.074,55.647
594.44,217.27,57.074,55.647
597.46,224.06,58.78,57.311
595.1,227.87,60.538,59.024
594.51,240.41,60.538,59.024
593.46,244.04,60.538,59.024
598.03,247.44,60.538,59.024
600.52,243.16,62.348,60.789
608.37,245.21,62.348,60.789
604.87,246.06,62.348,60.789
603.06,245.7,62.348,60.789
597.14,261.27,62.348,60.789
602.09,251.25,62.348,60.789
603.94,237.18,64.212,62.607
611.27,225.37,64.212,62.607
611.89,224.25,64.212,62.607
607.33,220.71,66.132,64.479
606.18,214.18,66.132,64.479
604,213.02,66.132,64.479
596.99,212.19,68.109,66.406
593.47,211.59,70.146,68.392
589.57,220.21,72.243,70.437
582.16,231.26,72.243,70.437
573.66,238.74,74.403,72.543
568.62,244.94,74.403,72.543
566.5,246.01,76.628,74.712
557.74,230.14,76.628,74.712
544.88,190.3,78.919,76.946
547.78,177.92,78.919,76.946
541.82,182.35,78.919,76.946
540.75,182.81,78.919,76.946
543.35,183.57,78.919,76.946
541.71,188.38,81.279,79.247
533.69,190.11,81.279,79.247
525.03,188.38,81.279,79.247
523.61,187.28,81.279,79.247
524.76,182.79,83.709,81.616
547.29,183.92,83.709,81.616
548.75,186.68,83.709,81.616
556.36,180.68,83.709,81.616
558.8,179.22,83.709,81.616
599.85,135.7,86.212,84.056
597.01,131.53,86.212,84.056
596.17,128.69,86.212,84.056
596.34,126.19,86.212,84.056
598.4,125.87,83.774,81.68
597.91,125.39,83.774,81.68
598.07,122.3,83.774,81.68
598.56,119.87,83.774,81.68
598.72,117.76,83.774,81.68
597.26,114.03,83.774,81.68
565.31,156.37,83.774,81.68
606.39,128.38,86.279,84.122
641.97,171.98,86.279,84.122
640.18,170.89,88.859,86.637
639.02,180.09,91.516,89.228
633.58,192.05,94.252,91.896
631.57,209.39,94.252,91.896
628.84,228.55,94.252,91.896
629.38,231.28,94.252,91.896
633.58,241.69,94.252,91.896
629.02,247.34,94.252,91.896
615.38,251.99,97.07,94.643
603.54,255.94,97.07,94.643
597.34,257.26,97.07,94.643
584.05,255.65,99.972,97.473
568.03,256.32,102.96,100.39
555.13,253.03,106.04,103.39
552.87,245.84,106.04,103.39
550.2,243.17,106.04,103.39
534.39,254.47,106.04,103.39
532.96,260.01,106.04,103.39
541.79,250.77,106.04,103.39
552.26,224.7,106.04,103.39
553.69,222.85,106.04,103.39
597.02,189.79,106.04,103.39
614.88,190.41,106.04,103.39
613.44,187.74,106.04,103.39
597.63,196.98,106.04,103.39
593.32,198.83,106.04,103.39
602.56,220.38,106.04,103.39
645.47,253.44,106.04,103.39
651.84,265.14,106.04,103.39
646.7,265.76,106.04,103.39
644.45,266.38,106.04,103.39
641.01,264.62,109.21,106.48
644.67,269.59,112.48,109.66
641.9,260.76,115.84,112.94
638.15,256.16,119.3,116.32
634.74,254.19,122.87,119.8
639.26,247.29,122.87,119.8
644.8,239.55,126.54,123.38
654.92,230.11,130.33,127.07
672.33,226.32,130.33,127.07
676.62,227.08,130.33,127.07
676.44,221.4,134.22,130.87
679.82,220.1,134.22,130.87
680.15,215.28,138.24,134.78
681.49,206.45,138.24,134.78
681.22,204.57,138.24,134.78
693.26,195.74,138.24,134.78
715.48,187.98,138.24,134.78
736.09,196.81,138.24,134.78
753.49,217.42,138.24,134.78
762.32,227.33,138.24,134.78
759.37,234.55,138.24,134.78
751.15,246.72,142.37,138.81
738.2,253.62,142.37,138.81
721.93,246.72,142.37,138.81
714.57,244.37,146.63,142.96
717.69,249.77,146.63,142.96
725.92,258.57,146.63,142.96
727.99,256.15,151.01,147.24
729.53,249.56,155.53,151.64
730.44,248.66,155.53,151.64
729.01,242.47,160.18,156.17
738.01,241.54,160.18,156.17
744.61,243.86,164.97,160.84
753.87,241.63,164.97,160.84
755.47,241.31,164.97,160.84
762.81,249.29,164.97,160.84
768.24,263.67,164.97,160.84
770.48,275.48,164.97,160.84
779.74,290.5,164.97,160.84
784.53,294.01,164.97,160.84
785.49,300.72,164.97,160.84
792.93,310.77,169.9,165.65
818.92,330.84,169.9,165.65
811.35,341.03,169.9,165.65
809.7,342.02,169.9,165.65
812.76,347.77,174.98,170.6
811.74,348.79,174.98,170.6
799.98,350.64,180.21,175.71
785.67,352.38,180.21,175.71
783.23,352.73,180.21,175.71
773.11,350.29,180.21,175.71
762.99,345.75,180.21,175.71
755.66,342.61,180.21,175.71
754.02,346.62,185.6,180.96
754.38,346.98,185.6,180.96
751.14,355.96,185.6,180.96
745.75,373.57,185.6,180.96
839.54,371.77,185.6,180.96
835.59,367.1,185.6,180.96
834.51,366.74,185.6,180.96
828.4,367.82,185.6,180.96
832.82,375.05,180.35,175.84
842.25,378.89,180.35,175.84
852.83,390.81,175.25,170.87
853.85,390.47,175.25,170.87
856.23,401.66,175.25,170.87
869.22,413.92,170.3,166.04
872.85,422.16,170.3,166.04
875.82,427.77,170.3,166.04
877.47,430.08,170.3,166.04
873.84,431.73,170.3,166.04
866.92,424.14,170.3,166.04
857.35,405.35,170.3,166.04
846.47,383.91,170.3,166.04
844.82,382.27,170.3,166.04
841.29,375.5,175.39,171
837.55,356.14,175.39,171
842.65,341.54,175.39,171
855.89,322.86,175.39,171
861.66,318.44,175.39,171
870.83,305.88,175.39,171
869.14,295.35,175.39,171
872.19,285.5,175.39,171
886.79,283.81,175.39,171
888.49,284.15,175.39,171
894.95,286.52,175.39,171
880.34,309.28,175.39,171
896.98,303.5,175.39,171
871.51,358.18,175.39,171
869.14,361.23,175.39,171
780.5,282.79,175.39,171
778.8,253.24,175.39,171
786.03,230.65,180.63,176.12
824.95,218.57,186.03,181.38
833.23,218.21,186.03,181.38
848,214.97,186.03,181.38
857.01,211.01,186.03,181.38
854.49,210.65,186.03,181.38
850.52,216.05,186.03,181.38
849.44,215.69,186.03,181.38
846.2,226.14,186.03,181.38
850.16,238.02,186.03,181.38
862.05,247.75,186.03,181.38
873.22,257.48,186.03,181.38
875.02,258.56,186.03,181.38
876.82,269.72,186.03,181.38
871.42,291.7,186.03,181.38
861.69,312.23,186.03,181.38
860.61,324.11,186.03,181.38
859.53,326.64,186.03,181.38
864.21,324.11,186.03,181.38
861.69,317.27,186.03,181.38
856.76,305.07,180.77,176.25
865.51,288.61,180.77,176.25
867.26,286.16,180.77,176.25
890.71,280.91,180.77,176.25
916.26,292.47,180.77,176.25
920.11,305.42,180.77,176.25
917.66,298.77,180.77,176.25
915.91,297.72,180.77,176.25
907.86,289.66,180.77,176.25
915.21,287.21,180.77,176.25
916.26,298.77,180.77,176.25
933.41,288.61,180.77,176.25
937.26,286.86,180.77,176.25
941.11,296.32,180.77,176.25
942.16,295.27,180.77,176.25
946.71,292.12,180.77,176.25
949.16,294.57,180.77,176.25
950.21,295.62,180.77,176.25
942.16,297.37,180.77,176.25
932.71,299.82,180.77,176.25
926.06,301.57,180.77,176.25
920.81,301.92,180.77,176.25
919.76,300.87,180.77,176.25
920.81,299.12,180.77,176.25
924.66,293.17,180.77,176.25
932.01,285.11,180.77,176.25
935.16,277.76,180.77,176.25
935.51,277.41,180.77,176.25
937.26,272.86,180.77,176.25
935.51,267.61,180.77,176.25
931.66,262.36,180.77,176.25
922.21,262.71,180.77,176.25
921.16,263.06,180.77,176.25
909.61,266.21,180.77,176.25
893.16,269.36,180.77,176.25
877.41,270.41,180.77,176.25
865.16,270.76,180.77,176.25
863.41,271.11,180.77,176.25
853.96,267.26,180.77,176.25
843.81,266.21,180.77,176.25
837.16,267.96,180.77,176.25
836.1,278.11,180.77,176.25
836.45,279.86,180.77,176.25
829.1,279.51,180.77,176.25
821.75,282.66,180.77,176.25
815.8,284.41,180.77,176.25
810.55,285.46,180.77,176.25
810.9,285.81,180.77,176.25
809.85,285.46,180.77,176.25
809.5,285.11,180.77,176.25
810.55,284.76,180.77,176.25
812.3,285.11,180.77,176.25
812.65,284.76,180.77,176.25
815.1,284.41,180.77,176.25
823.61,283.76,175.66,171.27
827.35,281.38,175.66,171.27
830.41,274.91,175.66,171.27
830.07,272.53,175.66,171.27
835.62,261.01,170.7,166.43
831.32,230.93,170.7,166.43
830.33,219.36,170.7,166.43
830,216.39,170.7,166.43
827.12,215.55,175.8,171.41
828.82,217.94,175.8,171.41
829.16,218.96,175.8,171.41
828.82,218.62,175.8,171.41
804.65,249.59,175.8,171.41
802.95,251.98,175.8,171.41
803.97,246.19,175.8,171.41
806.35,255.38,175.8,171.41
816.9,263.89,175.8,171.41
817.92,240.4,175.8,171.41
816.9,236.66,175.8,171.41
820.65,239.04,175.8,171.41
832.32,244.53,170.83,166.56
837.29,249.49,170.83,166.56
837.05,254.61,175.94,171.54
837.39,254.95,175.94,171.54
840.45,260.74,175.94,171.54
836.71,265.17,175.94,171.54
835.68,268.91,175.94,171.54
842.16,269.25,175.94,171.54
843.18,269.6,175.94,171.54
851.7,271.3,175.94,171.54
863.62,270.96,175.94,171.54
877,267.37,181.2,176.67
886.57,265.08,186.62,181.95
888.38,263.27,186.62,181.95
891.63,267.25,186.62,181.95
895.6,266.89,186.62,181.95
902.47,268.69,186.62,181.95
910.06,267.61,186.62,181.95
910.42,267.97,186.62,181.95
915.84,264.72,186.62,181.95
922.7,263.64,186.62,181.95
928.12,260.38,186.62,181.95
932.82,260.02,186.62,181.95
932.46,260.38,186.62,181.95
937.16,256.41,186.62,181.95
938.96,252.43,186.62,181.95
940.77,249.18,186.62,181.95
940.41,249.54,186.62,181.95
945.83,247.74,186.62,181.95
948.36,242.32,186.62,181.95
950.16,240.51,186.62,181.95
949.08,238.7,186.62,181.95
948.72,238.34,186.62,181.95
944.74,237.26,186.62,181.95
941.96,238.75,181.34,176.81
935.29,241.2,181.34,176.81
926.61,236.1,186.76,182.09
925.53,234.3,186.76,182.09
917.93,237.55,186.76,182.09
911.06,238.64,186.76,182.09
900.57,244.78,186.76,182.09
892.26,255.27,186.76,182.09
887.66,255.08,192.35,187.54
881.33,268.11,192.35,187.54
872.76,275.93,192.35,187.54
865.68,281.52,192.35,187.54
858.61,287.11,192.35,187.54
858.24,288.22,192.35,187.54
846.69,294.56,192.35,187.54
835.89,299.4,192.35,187.54
823.6,300.51,192.35,187.54
815.78,300.89,192.35,187.54
811.04,302.18,198.1,193.14
808.36,297.96,198.1,193.14
816.14,295.7,192.5,187.68
819.5,293.1,192.5,187.68
796.02,311.36,192.5,187.68
792.66,312.48,192.5,187.68
814.65,282.29,192.5,187.68
822.48,270.73,192.5,187.68
827.32,268.12,192.5,187.68
830.68,270.73,192.5,187.68
831.8,271.11,192.5,187.68
831.42,269.24,192.5,187.68
831.8,265.14,192.5,187.68
826.21,269.24,192.5,187.68
820.62,271.85,192.5,187.68
820.99,272.22,192.5,187.68
809.43,274.83,192.5,187.68
798.63,278.19,192.5,187.68
790.05,278.56,192.5,187.68
779.35,281.34,198.25,193.29
778.2,280.19,198.25,193.29
772.44,279.04,198.25,193.29
767.45,279.43,198.25,193.29
767.83,281.34,198.25,193.29
772.82,275.59,198.25,193.29
773.21,274.44,198.25,193.29
776.66,263.3,198.25,193.29
770.14,255.24,198.25,193.29
769.75,243.34,198.25,193.29
769.37,229.91,198.25,193.29
768.22,227.99,198.25,193.29
774.74,218.39,198.25,193.29
786.64,210.33,198.25,193.29
800.84,203.04,198.25,193.29
810.44,195.74,198.25,193.29
810.82,195.36,198.25,193.29
809.67,198.81,198.25,193.29
803.15,208.41,198.25,193.29
802.5,214.6,192.65,187.83
804.36,215.72,192.65,187.83
804.73,216.09,192.65,187.83
805.21,212.16,198.41,193.45
814.55,209.14,192.8,187.98
818.39,213.66,187.34,182.66
819.95,220.23,182.05,177.5
820.3,221.29,182.05,177.5
815.72,225.87,182.05,177.5
812.55,228.34,182.05,177.5
805.15,231.51,182.05,177.5
799.16,226.93,182.05,177.5
798.1,226.58,182.05,177.5
773.87,222.16,187.49,182.8
747.37,224.7,187.49,182.8
726.68,239.59,187.49,182.8
714.7,249.39,187.49,182.8
712.89,250.48,187.49,182.8
718.08,237.45,182.19,177.64
715.61,231.45,182.19,177.64
720.19,225.46,182.19,177.64
725.49,222.28,182.19,177.64
725.84,221.93,182.19,177.64
734.66,211.7,182.19,177.64
746.3,198.65,182.19,177.64
766.41,188.42,182.19,177.64
787.22,190.89,182.19,177.64
790.39,191.94,182.19,177.64
809.55,196.93,177.04,172.61
803.72,229.49,177.04,172.61
786.24,251.09,177.04,172.61
766.7,257.6,177.04,172.61
764.99,257.94,177.04,172.61
763.27,256.23,177.04,172.61
764.3,250.4,177.04,172.61
774.93,244.57,177.04,172.61
785.55,240.12,177.04,172.61
785.9,239.77,177.04,172.61
794.47,236,177.04,172.61
802.35,237.03,177.04,172.61
808.18,239.43,177.04,172.61
812.63,242.52,177.04,172.61
812.29,242.86,177.04,172.61
818.9,244.05,182.33,177.77
825,243.16,187.78,183.09
831.91,244.97,187.78,183.09
838.09,251.88,187.78,183.09
839.18,252.97,187.78,183.09
838.92,256.42,193.4,188.56
840.04,258.29,193.4,188.56
841.91,262.41,193.4,188.56
845.28,267.28,193.4,188.56
846.41,268.4,193.4,188.56
848.28,265.78,193.4,188.56
847.16,263.16,193.4,188.56
843.79,262.78,193.4,188.56
840.15,262.83,187.93,183.23
838.34,263.92,187.93,183.23
826.33,269.38,187.93,183.23
812.97,277.19,193.55,188.71
796.85,283.56,193.55,188.71
779.24,284.69,193.55,188.71
776.61,285.06,193.55,188.71
744.01,327.41,193.55,188.71
760.12,286.56,193.55,188.71
751.99,246.13,188.08,183.38
720.78,233.79,182.76,178.19
723.01,235.25,177.59,173.15
732.75,299.94,172.57,168.26
735.08,293.59,172.57,168.26
738.76,275.21,172.57,168.26
745.78,260.17,172.57,168.26
746.11,258.5,172.57,168.26
752.46,249.48,172.57,168.26
739.43,242.46,172.57,168.26
756.47,247.48,172.57,168.26
757.47,253.83,172.57,168.26
758.47,256.16,172.57,168.26
755.47,255.83,172.57,168.26
752.46,255.5,172.57,168.26
750.79,253.16,172.57,168.26
749.79,235.45,172.57,168.26
748.78,233.78,172.57,168.26
745.11,241.46,172.57,168.26
744.11,228.43,172.57,168.26
741.77,221.41,172.57,168.26
742.2,223.91,177.73,173.29
743.23,222.88,177.73,173.29
744.95,222.53,177.73,173.29
749.52,233.36,183.04,178.47
754.13,235.85,183.04,178.47
753.77,230.53,183.04,178.47
752.71,230.17,183.04,178.47
752.35,222.02,183.04,178.47
754.83,214.58,183.04,178.47
760.15,209.97,183.04,178.47
767.59,206.07,183.04,178.47
767.24,206.43,183.04,178.47
775.39,206.07,183.04,178.47
787.79,210.68,183.04,178.47
788.25,212.62,188.52,183.8
792.26,226.86,188.52,183.8
792.63,228.68,188.52,183.8
790.07,235.62,188.52,183.8
785.8,245.88,183.19,178.61
781.19,250.49,183.19,178.61
775.16,251.56,183.19,178.61
774.81,251.91,183.19,178.61
753.17,258.65,183.19,178.61
739.34,263.97,183.19,178.61
737.56,268.58,183.19,178.61
750.44,267.2,178.01,173.56
750.79,268.93,178.01,173.56
758.02,264.45,178.01,173.56
761.12,264.1,178.01,173.56
763.54,262.38,178.01,173.56
767.33,266.17,178.01,173.56
767.67,267.2,178.01,173.56
770.09,269.62,178.01,173.56
764.92,265.83,178.01,173.56
761.12,259.97,178.01,173.56
764.92,251.35,178.01,173.56
768.47,249.32,172.97,168.65
771.57,259.86,178.15,173.69
767.78,275.39,178.15,173.69
761.92,277.11,178.15,173.69
759.5,282.28,178.15,173.69
759.85,282.63,178.15,173.69
762.71,284.05,173.11,168.78
758.35,275.67,173.11,168.78
761.14,273.7,168.22,164.01
766.67,276.63,168.22,164.01
767,276.96,168.22,164.01
769.37,273.53,173.24,168.91
765.1,261.27,178.42,173.96
760.61,271.98,178.42,173.96
754.74,270.26,178.42,173.96
754.39,270.6,178.42,173.96
747.14,268.87,178.42,173.96
731,266.62,183.76,179.17
718.54,267.69,183.76,179.17
704.77,267.5,189.25,184.52
702.93,267.13,189.25,184.52
680.58,271.9,189.25,184.52
654.56,286.92,189.25,184.52
635.14,298.28,189.25,184.52
606.93,305.24,189.25,184.52
602.26,305.78,194.91,190.04
595.85,295.59,194.91,190.04
592.56,287.09,200.74,195.72
602.34,279.9,206.74,201.57
622.87,274.18,212.92,207.6
621.62,270.69,219.29,213.81
639.64,262.46,225.85,220.2
655.52,252.78,225.85,220.2
689.21,255.49,225.85,220.2
699.66,241.16,225.85,220.2
700.05,239.22,225.85,220.2
707.41,223.35,225.85,220.2
716.31,246.19,225.85,220.2
719.8,244.26,225.85,220.2
725.61,240.77,225.85,220.2
725.22,240.38,225.85,220.2
731.03,238.45,225.85,220.2
735.29,235.74,225.85,220.2
736.45,233.8,225.85,220.2
737.61,232.64,225.85,220.2
737.23,232.25,225.85,220.2
736.84,236.51,225.85,220.2
724.83,239.22,225.85,220.2
715.93,233.41,225.85,220.2
706.25,228.38,225.85,220.2
705.08,227.22,225.85,220.2
688.43,221.41,225.85,220.2
673.33,217.15,225.85,220.2
669.07,218.31,225.85,220.2
670.23,224.12,225.85,220.2
673.81,225.3,219.46,213.98
671.93,230.19,219.46,213.98
658.76,232.07,219.46,213.98
673.44,239.22,219.46,213.98
663.28,239.6,219.46,213.98
598.93,247.5,219.46,213.98
612.1,248.63,219.46,213.98
651.61,256.53,219.46,213.98
679.08,257.66,219.46,213.98
680.96,258.04,219.46,213.98
691.12,253.14,219.46,213.98
702.03,247.5,219.46,213.98
709.18,243.36,219.46,213.98
712.57,239.97,219.46,213.98
712.95,240.35,219.46,213.98
715.58,235.46,219.46,213.98
718.22,234.33,219.46,213.98
721.6,233.2,219.46,213.98
722.73,232.82,219.46,213.98
723.11,233.2,219.46,213.98
723.48,233.58,219.46,213.98
721.6,233.95,219.46,213.98
721.98,233.58,219.46,213.98
721.6,232.45,219.46,213.98
721.23,232.07,219.46,213.98
718.59,230.19,219.46,213.98
716.71,232.07,219.46,213.98
714.08,238.47,219.46,213.98
709.18,244.86,219.46,213.98
709.56,246.75,219.46,213.98
705.42,253.14,219.46,213.98
712.66,271.6,213.26,207.93
714.58,280.75,207.23,202.05
716.44,288.94,201.37,196.33
719.64,291.37,195.67,190.78
722.07,297.09,190.14,185.39
721.74,300.67,190.14,185.39
722.07,301.65,190.14,185.39
723.05,303.28,190.14,185.39
723.37,303.61,190.14,185.39
728.91,301.98,190.14,185.39
738.45,300.36,184.77,180.15
743.83,297.51,184.77,180.15
765.06,354.85,184.77,180.15
766.01,357.07,184.77,180.15
761.26,350.41,184.77,180.15
760.31,346.93,184.77,180.15
760.63,347.25,184.77,180.15
765.38,346.93,184.77,180.15
766.33,346.61,184.77,180.15
778.05,343.76,184.77,180.15
795.47,336.47,184.77,180.15
810.36,320.32,184.77,180.15
822.72,304.16,184.77,180.15
823.04,301.94,184.77,180.15
825.89,292.12,184.77,180.15
811,285.47,184.77,180.15
794.61,274.22,190.29,185.53
782.31,265.9,195.98,191.08
777.7,262.04,201.84,196.79
768.79,253.9,207.88,202.68
766.3,254.26,207.88,202.68
773.07,258.89,207.88,202.68
784.12,264.95,207.88,202.68
785.19,265.31,207.88,202.68
794.1,273.51,207.88,202.68
793.03,278.14,207.88,202.68
774.94,295.62,202,196.95
769.14,306.37,196.29,191.38
771.58,310.08,190.74,185.97
773.95,304.54,185.34,180.71
772.36,294.69,185.34,180.71
768.23,286.74,185.34,180.71
756.47,287.06,185.34,180.71
756.15,287.38,185.34,180.71
747.57,299.77,185.34,180.71
746.69,307.73,180.1,175.6
746.46,311.75,175.01,170.64
750.96,312.65,175.01,170.64
750.66,313.56,175.01,170.64
755.16,312.05,175.01,170.64
760.26,299.15,175.01,170.64
760.95,272.89,180.24,175.74
734.46,242.76,185.63,180.99
729.45,238.46,191.18,186.4
726.92,235.35,196.9,191.98
726.59,235.01,196.9,191.98
723.98,232.48,202.79,197.72
725.02,234.22,202.79,197.72
722.34,233,208.85,203.63
723.41,234.79,208.85,203.63
727.35,235.15,208.85,203.63
730.57,234.79,208.85,203.63
734.51,233,208.85,203.63
734.16,232.64,208.85,203.63
737.38,233,208.85,203.63
737.02,239.8,208.85,203.63
732.11,243.56,215.09,209.72
736.9,240.98,215.09,209.72
736.53,241.35,215.09,209.72
736.16,243.2,215.09,209.72
729.16,245.78,215.09,209.72
719.2,247.62,215.09,209.72
705.29,247.07,221.53,215.99
704.15,245.93,221.53,215.99
701.22,244.6,228.15,222.45
706.25,246.53,228.15,222.45
709.74,253.12,228.15,222.45
714.77,255.83,228.15,222.45
715.16,255.44,228.15,222.45
713.22,255.05,228.15,222.45
726,253.89,228.15,222.45
732.58,257.38,228.15,222.45
736.07,261.64,228.15,222.45
735.68,261.25,228.15,222.45
736.84,263.96,228.15,222.45
738.01,266.67,228.15,222.45
736.07,272.48,228.15,222.45
732.58,275.96,228.15,222.45
732.97,275.58,228.15,222.45
725.61,279.06,228.15,222.45
719.03,282.55,228.15,222.45
683.02,289.13,228.15,222.45
695.48,293.94,234.97,229.1
695.87,295.1,234.97,229.1
708.65,292.39,234.97,229.1
724.53,288.9,234.97,229.1
734.98,275.35,234.97,229.1
744.89,266.58,228.33,222.62
747.74,268.6,221.87,216.33
757.61,261.65,221.87,216.33
768.95,251.05,221.87,216.33
777.36,240.45,221.87,216.33
768.95,237.16,221.87,216.33
752.49,243.37,221.87,216.33
789.42,221.8,221.87,216.33
782.82,200.65,228.51,222.79
779.02,187.15,235.34,229.45
779.41,167.4,235.34,229.45
778.25,164.69,235.34,229.45
772.44,150.36,235.34,229.45
766.63,136.03,235.34,229.45
756.95,123.25,235.34,229.45
748.82,110.47,235.34,229.45
748.43,108.54,235.34,229.45
738.75,97.307,235.34,229.45
728.29,85.302,235.34,229.45
716.29,78.719,235.34,229.45
706.61,75.234,235.34,229.45
704.67,74.846,235.34,229.45
698.09,78.332,235.34,229.45
697.93,87.384,228.68,222.97
691.53,101.31,228.68,222.97
687.39,127.27,228.68,222.97
687.77,129.91,228.68,222.97
691.91,162.64,228.68,222.97
697.55,197.64,228.68,222.97
703.95,220.59,228.68,222.97
708.84,233.01,228.68,222.97
708.47,234.14,228.68,222.97
710.57,239.93,222.22,216.66
704.35,249.8,222.22,216.66
704.2,253.96,215.94,210.54
699.2,244.06,222.39,216.83
699.57,243.69,222.39,216.83
705.05,246.99,222.39,216.83
709.81,243.69,222.39,216.83
713.11,236.01,222.39,216.83
712.01,224.67,222.39,216.83
710.91,222.1,222.39,216.83
698.83,199.05,222.39,216.83
735.79,197.95,222.39,216.83
740.55,177.82,222.39,216.83
741.65,161.36,222.39,216.83
742.02,160.26,222.39,216.83
735.79,151.11,222.39,216.83
731.77,144.89,222.39,216.83
729.21,143.79,222.39,216.83
732.5,143.43,222.39,216.83
732.13,143.79,222.39,216.83
736.89,146.35,222.39,216.83
741.65,148.92,222.39,216.83
744.21,152.21,222.39,216.83
748.97,151.11,222.39,216.83
748.6,150.75,222.39,216.83
747.5,149.65,222.39,216.83
748.6,151.48,222.39,216.83
751.16,159.89,222.39,216.83
750.07,171.24,222.39,216.83
749.7,171.6,222.39,216.83
743.48,183.68,222.39,216.83
739.45,194.29,222.39,216.83
731.37,200.93,229.04,223.32
727.23,218.64,229.04,223.32
726.85,222.04,229.04,223.32
711.4,242.01,229.04,223.32
699.71,258.22,229.04,223.32
665.42,287.99,229.04,223.32
635.23,310.66,235.89,229.99
634.07,312.59,235.89,229.99
624.39,323.82,235.89,229.99
622.69,333.66,229.22,223.49
624.8,338.7,222.74,217.17
616.39,341.99,222.74,217.17
616.76,342.36,222.74,217.17
612,343.45,222.74,217.17
602.13,339.43,222.74,217.17
592.26,333.95,222.74,217.17
586.04,329.92,222.74,217.17
580.88,328.51,229.4,223.66
574.48,322.1,229.4,223.66
564.31,320.22,229.4,223.66
554.48,321.02,236.26,230.35
548.24,319.51,243.32,237.24
549.4,318.35,243.32,237.24
550.56,319.51,243.32,237.24
559.47,323.77,243.32,237.24
575.35,327.26,243.32,237.24
594.32,331.52,243.32,237.24
597.03,330.36,243.32,237.24
613.69,334.62,243.32,237.24
622.83,343.07,250.6,244.33
651.87,355.08,250.6,244.33
653.03,330.68,250.6,244.33
652.64,328.74,250.6,244.33
663.1,328.36,250.6,244.33
669.68,324.1,250.6,244.33
676.27,316.74,250.6,244.33
687.5,314.03,250.6,244.33
688.66,313.64,250.6,244.33
698.34,307.06,250.6,244.33
703.37,301.25,250.6,244.33
710.4,298.12,243.51,237.42
712.28,296.24,243.51,237.42
716.1,297.71,236.63,230.71
721.28,291.1,229.94,224.19
724.47,282.22,229.94,224.19
735.6,265.01,236.81,230.89
734.51,245.62,236.81,230.89
734.87,243.05,236.81,230.89
740.36,230.25,236.81,230.89
737.92,208.86,243.89,237.8
738.3,196.43,243.89,237.8
736.53,189.48,251.18,244.91
736.92,188.32,251.18,244.91
740.41,186.38,251.18,244.91
744.67,184.45,251.18,244.91
749.7,181.73,251.18,244.91
760.93,177.47,251.18,244.91
761.32,177.86,251.18,244.91
766.35,173.6,251.18,244.91
776.03,170.12,251.18,244.91
787.26,168.18,251.18,244.91
803.92,161.6,251.18,244.91
804.3,160.44,251.18,244.91
807.9,169.55,258.7,252.23
812.72,161.89,251.38,245.1
821.38,163.87,258.9,252.42
821.77,162.81,266.64,259.97
824.48,143.06,266.64,259.97
834.94,131.05,266.64,259.97
848.49,120.6,266.64,259.97
848.88,120.21,266.64,259.97
848.49,119.82,266.64,259.97
851.2,126.41,266.64,259.97
856.24,132.21,266.64,259.97
865.92,134.15,266.64,259.97
877.15,133.76,266.64,259.97
877.54,134.15,266.64,259.97
887.99,132.99,266.64,259.97
893.03,134.15,266.64,259.97
897.29,136.86,266.64,259.97
896.9,144.22,266.64,259.97
896.51,143.83,266.64,259.97
896.12,154.29,266.64,259.97
888.77,160.87,266.64,259.97
882.96,160.48,266.64,259.97
881.8,150.8,266.64,259.97
881.41,151.19,266.64,259.97
887.22,138.41,266.64,259.97
882.96,127.95,266.64,259.97
871.73,122.15,266.64,259.97
858.95,121.76,266.64,259.97
858.56,122.15,266.64,259.97
854.3,123.31,266.64,259.97
848.49,126.02,266.64,259.97
841.14,130.28,266.64,259.97
829.91,136.86,266.64,259.97
829.52,137.25,266.64,259.97
829.91,138.41,266.64,259.97
835.71,141.12,266.64,259.97
839.2,148.48,266.64,259.97
834.05,155.05,274.61,267.75
833.66,156.21,274.61,267.75
827.08,166.67,274.61,267.75
815.62,183.96,282.82,275.75
810.58,208.36,282.82,275.75
808.65,224.23,282.82,275.75
807.49,224.62,282.82,275.75
804,233.53,282.82,275.75
793.54,238.56,282.82,275.75
782.31,242.05,282.82,275.75
764.89,249.41,282.82,275.75
763.73,249.02,282.82,275.75
744.75,267.22,282.82,275.75
728.87,303.23,282.82,275.75
654.14,311.37,282.82,275.75
633.26,356.42,291.28,284
628.51,357.21,299.99,292.49
623.64,388.85,308.96,301.23
610.09,409.38,308.96,301.23
597.31,421.38,308.96,301.23
609.03,479.47,300.22,292.72
607.15,479.84,300.22,292.72
596.24,491.51,300.22,292.72
589.09,488.87,300.22,292.72
575.17,484.74,300.22,292.72
559.74,475.33,300.22,292.72
558.61,475.7,300.22,292.72
543.93,468.55,300.22,292.72
537.54,449.36,300.22,292.72
495.5,464.41,291.73,284.44
522.19,455.27,291.73,284.44
525.48,452.71,291.73,284.44
582.16,465.51,291.73,284.44
617.36,484.52,283.48,276.4
595.69,479.91,283.48,276.4
571.88,463.92,283.48,276.4
574.11,466.05,275.47,268.58
569.38,452.23,267.68,260.99
577.76,443.18,267.68,260.99
599.57,445.52,267.68,260.99
630.77,441.16,267.68,260.99
633.12,440.83,267.68,260.99
655.6,410.3,267.68,260.99
653.25,424.72,267.68,260.99
631.47,333.25,275.68,268.79
615.92,328.76,275.68,268.79
613.5,329.11,275.68,268.79
623.27,332.56,267.89,261.19
631,323.49,267.89,261.19
662.89,339.28,267.89,261.19
664.57,342.3,267.89,261.19
664.91,342.63,267.89,261.19
656.54,343.09,275.9,269
661.73,353.81,275.9,269
679.36,391.51,275.9,269
670.05,358.78,284.15,277.04
668.98,351.3,284.15,277.04
680.74,355.22,284.15,277.04
691.78,361.28,284.15,277.04
706.38,365.91,284.15,277.04
713.86,366.98,284.15,277.04
714.93,367.33,284.15,277.04
722.41,371.25,284.15,277.04
727.04,372.32,284.15,277.04
729.53,371.96,284.15,277.04
732.73,369.47,284.15,277.04
733.09,369.11,284.15,277.04
730.62,366.75,292.64,285.33
729.55,365.05,301.39,293.86
730.68,368.45,301.39,293.86
726.53,364.3,301.39,293.86
726.15,363.92,301.39,293.86
718.97,357.5,301.39,293.86
708.77,354.1,301.39,293.86
697.82,349.94,301.39,293.86
689.13,345.79,301.39,293.86
688.75,345.41,301.39,293.86
681.57,340.5,301.39,293.86
671.4,334.22,310.41,302.65
660.18,326.98,319.69,311.69
649.59,321.93,329.25,321.01
644.28,316.75,339.09,330.61
633.4,313.74,349.23,340.5
628.37,314.9,349.23,340.5
625.66,314.52,349.23,340.5
623.72,313.35,349.23,340.5
624.11,312.97,349.23,340.5
624.49,310.26,349.23,340.5
626.43,308.32,349.23,340.5
628.37,305.61,349.23,340.5
632.63,301.35,349.23,340.5
632.24,300.19,349.23,340.5
632.63,296.7,349.23,340.5
633.01,291.67,349.23,340.5
636.5,285.08,349.23,340.5
639.21,278.5,349.23,340.5
639.6,278.11,349.23,340.5
643.86,273.85,349.23,340.5
651.21,271.14,349.23,340.5
660.12,270.76,349.23,340.5
669.8,270.37,349.23,340.5
669.41,270.76,349.23,340.5
676,268.05,349.23,340.5
681.03,259.91,349.23,340.5
685.29,251.01,349.23,340.5
686.45,241.33,349.23,340.5
686.07,241.71,349.23,340.5
688.78,235.13,349.23,340.5
689.94,236.29,349.23,340.5
688.98,240.11,359.67,350.68
700.21,248.24,359.67,350.68
699.82,250.18,359.67,350.68
714.15,265.28,359.67,350.68
718.41,267.22,359.67,350.68
716.14,291.92,349.5,340.76
724.04,282.51,349.5,340.76
726.67,280.63,349.5,340.76
730.06,256.93,349.5,340.76
722.91,250.53,349.5,340.76
714.25,249.4,349.5,340.76
713.88,269.34,349.5,340.76
722.96,276.8,339.62,331.13
724.05,288.86,339.62,331.13
728.81,301.66,339.62,331.13
739.09,300.86,330.02,321.77
734.48,284.16,330.02,321.77
734.83,283.8,330.02,321.77
727.37,263.55,330.02,321.77
721.33,250.4,330.02,321.77
713.87,249.34,330.02,321.77
707.83,255.38,330.02,321.77
707.47,255.73,330.02,321.77
702.14,253.24,330.02,321.77
694.68,247.91,330.02,321.77
687.22,239.74,330.02,321.77
685.44,236.54,330.02,321.77
685.8,236.9,330.02,321.77
686.15,232.99,330.02,321.77
696.46,232.64,330.02,321.77
713.16,235.12,330.02,321.77
720.62,239.03,330.02,321.77
720.26,239.39,330.02,321.77
713.51,238.32,330.02,321.77
691.84,218.07,330.02,321.77
677.31,202.24,339.88,331.39
681.33,201.14,339.88,331.39
680.97,200.78,339.88,331.39
682.07,201.14,339.88,331.39
682.43,203.71,339.88,331.39
679.87,209.2,339.88,331.39
672.92,216.15,339.88,331.39
672.55,216.51,339.88,331.39
659.05,217.78,350.05,341.3
642.89,218.33,360.51,351.5
629.34,215.62,360.51,351.5
614.23,207.49,360.51,351.5
613.07,207.1,360.51,351.5
601.07,194.32,360.51,351.5
596.81,183.87,360.51,351.5
596.45,174.35,371.29,362.01
589.74,173.97,382.39,372.83
590.9,173.59,382.39,372.83
588.97,178.62,382.39,372.83
589.35,171.26,382.39,372.83
588.97,167,382.39,372.83
587.03,163.52,382.39,372.83
586.64,163.91,382.39,372.83
580.06,161.2,382.39,372.83
576.57,157.71,382.39,372.83
570.77,160.42,382.39,372.83
565.73,162.36,382.39,372.83
566.12,162.74,382.39,372.83
564.96,163.13,382.39,372.83
566.12,165.07,382.39,372.83
570.38,168.55,382.39,372.83
573.09,169.71,382.39,372.83
572.7,169.33,382.39,372.83
576.19,168.94,382.39,372.83
579.67,170.88,382.39,372.83
582.38,181.33,382.39,372.83
590.5,193.96,371.58,362.29
589.37,193.58,371.58,362.29
582.97,200.73,371.58,362.29
572.81,213.9,371.58,362.29
564.91,222.56,371.58,362.29
565.29,228.96,371.58,362.29
564.16,229.33,371.58,362.29
566.79,229.71,371.58,362.29
570.18,229.33,371.58,362.29
575.07,225.95,371.58,362.29
576.95,230.09,371.58,362.29
576.58,230.46,371.58,362.29
579.21,236.11,371.58,362.29
582.6,242.5,371.58,362.29
583.73,268.47,371.58,362.29
599.15,257.55,371.58,362.29
600.28,256.43,371.58,362.29
610.44,234.98,371.58,362.29
618.35,206.75,371.58,362.29
627.75,195.09,371.58,362.29
637.16,190.2,371.58,362.29
637.54,190.57,371.58,362.29
649.2,196.97,371.58,362.29
655.6,216.16,371.58,362.29
649.95,232.34,371.58,362.29
642.05,236.48,371.58,362.29
642.43,238.36,371.58,362.29
635.28,237.99,371.58,362.29
615.05,226.93,382.69,373.13
597.62,208.73,382.69,373.13
584.84,198.27,382.69,373.13
583.68,197.88,382.69,373.13
574,206.02,382.69,373.13
558.9,210.27,382.69,373.13
546.12,209.11,382.69,373.13
545.73,208.73,382.69,373.13
544.57,211.44,382.69,373.13
551.93,212.6,382.69,373.13
562.38,210.66,382.69,373.13
573.61,204.85,382.69,373.13
574,204.47,382.69,373.13
585.23,197.11,382.69,373.13
597.24,192.85,382.69,373.13
603.04,198.66,382.69,373.13
604.97,208.97,371.87,362.58
611.35,212.21,361.36,352.32
604.41,228.67,361.36,352.32
597.46,236.34,361.36,352.32
591.69,231.44,372.16,362.86
581.51,221.13,361.64,352.6
586.99,225.02,351.42,342.63
585.92,222.53,351.42,342.63
595.53,215.77,351.42,342.63
602.01,204.61,361.92,352.87
628.74,198.38,361.92,352.87
623.7,193.47,372.74,363.43
640.67,186.3,372.74,363.43
651.61,183.66,372.74,363.43
655,185.55,372.74,363.43
655.38,191.21,372.74,363.43
655,191.59,372.74,363.43
654.63,201.01,372.74,363.43
657.27,207.43,372.74,363.43
652.07,201.62,383.89,374.29
680.34,202,383.89,374.29
681.5,201.62,383.89,374.29
700.16,198.73,395.37,385.48
735.4,214.61,395.37,385.48
732.69,221.97,395.37,385.48
722.23,224.68,395.37,385.48
722.62,225.06,395.37,385.48
712.16,218.48,395.37,385.48
705.58,211.9,395.37,385.48
702.87,213.06,395.37,385.48
697.06,218.09,395.37,385.48
697.45,218.48,395.37,385.48
684.67,218.87,395.37,385.48
670.34,213.83,395.37,385.48
652.43,197.62,407.19,397.01
635.88,189.74,419.36,408.88
629.23,183.24,431.9,421.11
626.25,184.31,444.82,433.7
655.3,193.99,444.82,433.7
660.33,222.26,444.82,433.7
639.81,242.01,444.82,433.7
638.65,243.94,444.82,433.7
615.02,249.75,444.82,433.7
662.2,172.4,458.12,446.66
688.15,162.72,458.12,446.66
694.08,148.68,471.81,460.02
689.73,141.42,485.92,473.77
699.42,133.29,485.92,473.77
702.9,128.25,485.92,473.77
714.13,127.09,485.92,473.77
711.9,121.17,500.45,487.94
715.39,120.01,500.45,487.94
712.94,106.13,515.41,502.53
715.69,93.584,530.82,517.55
713.56,90.106,546.7,533.03
703.88,109.08,546.7,533.03
703.49,110.24,546.7,533.03
676.77,124.57,546.7,533.03
665.54,136.58,546.7,533.03
658.96,143.93,546.7,533.03
655.82,143.32,563.04,548.97
647.79,136.28,579.88,565.38
645.08,176.94,579.88,565.38
628.88,227.92,563.48,549.4
600.66,246.35,563.48,549.4
562.51,238.52,580.33,565.82
550.35,230.44,597.68,582.74
520.11,224.44,615.55,600.16
486.51,213.54,633.96,618.11
477.27,209.49,616.03,600.63
472.06,198.04,598.62,583.65
480.89,203.73,581.69,567.15
480.94,179.42,565.24,551.11
478.92,165.46,549.26,535.53
478.29,151.89,533.73,520.39
474.43,130.23,518.64,505.67
482.71,137.7,503.98,491.38
474.14,122.17,489.73,477.48
443.78,143.45,504.37,491.76
451.22,156.87,490.11,477.86
455.71,158.37,490.11,477.86
455.41,159.27,490.11,477.86
455.71,155.97,490.11,477.86
454.67,179.67,504.76,492.14
454.98,176.27,504.76,492.14
450.35,173.5,504.76,492.14
441.88,164.6,519.86,506.86
439.66,162.38,519.86,506.86
442.88,169.22,505.16,492.53
450.95,179.58,490.87,478.6
453.99,187.85,477,465.07
453.11,187.56,477,465.07
449.33,188.43,477,465.07
442.04,189.89,477,465.07
436.51,189.6,477,465.07
428.06,189.89,477,465.07
428.35,190.18,477,465.07
422.23,186.39,477,465.07
410.73,174.48,491.26,478.98
412.83,173.58,491.26,478.98
422.13,176.28,491.26,478.98
423.03,176.58,491.26,478.98
439.39,191.33,505.95,493.3
432.9,218.22,505.95,493.3
420.23,226.56,505.95,493.3
412.51,229.96,505.95,493.3
403.4,222.28,521.07,508.05
396.71,212.41,521.07,508.05
386.21,201.27,521.07,508.05
384.62,185.67,521.07,508.05
394.48,175.81,521.07,508.05
395.44,173.58,521.07,508.05
401.21,188.72,506.34,493.68
394.72,190.27,506.34,493.68
398.74,189.96,506.34,493.68
399.05,195.21,506.34,493.68
398.74,194.9,506.34,493.68
426.27,213.77,506.34,493.68
396.74,202.99,521.48,508.44
379.22,186.11,521.48,508.44
375.71,171.77,521.48,508.44
375.4,171.45,521.48,508.44
357.72,159.07,537.07,523.65
342.31,156.78,537.07,523.65
329.51,153.82,537.07,523.65
342.96,183.68,537.07,523.65
344.6,185.98,537.07,523.65
334.43,195.49,537.07,523.65
338.7,199.1,537.07,523.65
354.12,196.8,537.07,523.65
379.38,185.32,537.07,523.65
381.67,184.33,537.07,523.65
401.03,162.35,537.07,523.65
408.57,135.12,537.07,523.65
341.17,123.03,553.13,539.3
331.37,124.72,553.13,539.3
331.03,125.06,553.13,539.3
327.31,123.37,553.13,539.3
324.27,122.36,553.13,539.3
321.23,122.69,553.13,539.3
320.22,125.73,553.13,539.3
319.88,126.07,553.13,539.3
318.19,121.68,553.13,539.3
306.2,109.9,569.67,555.43
284.12,100.55,586.7,572.04
262.8,86.626,604.25,589.14
251.18,77.449,622.31,606.75
241.68,66.425,622.31,606.75
232.18,50.839,622.31,606.75
225.72,39.055,622.31,606.75
240.22,35.089,604.72,589.6
249.87,43.055,587.62,572.93
259.26,43.616,571,556.73
261,41.175,571,556.73
273.61,45.906,554.86,540.99
277.34,44.212,554.86,540.99
278.35,43.873,554.86,540.99
285.47,44.212,554.86,540.99
294.62,44.55,554.86,540.99
305.13,44.212,554.86,540.99
314.28,41.161,554.86,540.99
315.3,40.822,554.86,540.99
320.38,33.027,554.86,540.99
328.85,24.554,554.86,540.99
335.97,14.047,554.86,540.99
342.41,3.5399,554.86,540.99
343.43,2.5231,554.86,540.99
347.83,-5.2723,554.86,540.99
349.53,-6.2891,554.86,540.99
351.9,-1.2052,554.86,540.99
351.56,7.2681,554.86,540.99
352.58,8.2849,554.86,540.99
341.23,9.3482,571.45,557.16
350.36,25.253,555.29,541.41
355.83,38.674,539.59,526.1
348.91,40.981,539.59,526.1
348.58,39.992,539.59,526.1
339.68,38.344,539.59,526.1
331.44,35.378,539.59,526.1
325.18,32.411,539.59,526.1
317.6,32.741,539.59,526.1
316.61,33.07,539.59,526.1
309.69,38.015,539.59,526.1
304.75,44.936,539.59,526.1
299.14,53.176,539.59,526.1
294.2,60.098,539.59,526.1
293.87,60.428,539.59,526.1
290.9,66.69,539.59,526.1
287.94,70.316,539.59,526.1
287.61,75.26,539.59,526.1
290.57,86.796,539.59,526.1
290.24,87.785,539.59,526.1
295.19,99.321,539.59,526.1
298.81,105.58,539.59,526.1
300.46,107.23,539.59,526.1
301.45,104.27,539.59,526.1
301.78,103.94,539.59,526.1
302.77,97.014,539.59,526.1
303.76,88.114,539.59,526.1
302.77,83.17,539.59,526.1
303.76,78.226,539.59,526.1
304.09,78.556,539.59,526.1
307.71,72.293,539.59,526.1
313.32,58.78,539.59,526.1
318.92,48.562,539.59,526.1
329.8,40.981,539.59,526.1
330.78,39.992,539.59,526.1
342.98,36.366,539.59,526.1
354.52,30.763,539.59,526.1
366.71,23.182,539.59,526.1
380.22,16.261,539.59,526.1
380.55,15.931,539.59,526.1
390.77,12.305,539.59,526.1
400.33,10.657,539.59,526.1
405.93,14.283,539.59,526.1
411.54,19.227,539.59,526.1
411.87,19.557,539.59,526.1
418.13,25.16,539.59,526.1
426.37,34.059,539.59,526.1
431.97,40.981,539.59,526.1
436.92,43.288,539.59,526.1
436.59,43.618,539.59,526.1
438.24,40.651,539.59,526.1
440.54,34.389,539.59,526.1
440.21,28.126,539.59,526.1
441.86,19.227,539.59,526.1
442.85,18.897,539.59,526.1
441.86,13.294,539.59,526.1
438.24,3.7356,539.59,526.1
434.61,-5.8229,539.59,526.1
430.98,-16.041,539.59,526.1
431.31,-16.37,539.59,526.1
426.37,-21.974,539.59,526.1
422.08,-24.281,539.59,526.1
418.46,-19.337,539.59,526.1
422.46,-5.6366,524.34,511.23
430.19,1.2703,509.51,496.77
424.28,7.8062,509.51,496.77
416.5,13.097,509.51,496.77
413.08,19.01,509.51,496.77
414.01,25.546,509.51,496.77
414.32,26.48,509.51,496.77
417.75,34.261,509.51,496.77
422.41,39.552,509.51,496.77
425.21,39.863,509.51,496.77
426.15,40.174,509.51,496.77
428.95,37.373,509.51,496.77
433.62,33.327,509.51,496.77
435.17,33.638,509.51,496.77
431.13,33.949,509.51,496.77
430.82,34.261,509.51,496.77
428.02,39.552,509.51,496.77
423.97,44.842,509.51,496.77
416.81,50.133,509.51,496.77
407.16,52.312,509.51,496.77
406.85,52.623,509.51,496.77
399.07,55.424,509.51,496.77
393.16,58.225,509.51,496.77
390.36,63.516,509.51,496.77
390.05,69.43,509.51,496.77
390.36,69.741,509.51,496.77
390.05,75.654,509.51,496.77
390.36,82.812,509.51,496.77
393.78,90.593,509.51,496.77
396.58,101.49,509.51,496.77
396.27,101.8,509.51,496.77
400.32,111.45,509.51,496.77
399.86,118.02,524.74,511.63
403.87,120.95,540.43,526.92
473.53,122.6,540.43,526.92
475.18,122.27,540.43,526.92
483.15,122.79,525.15,512.03
490.89,128.42,510.31,497.55
502.78,137.64,495.88,483.48
504.15,141.01,510.7,497.94
497.46,136.38,525.97,512.82
514.48,164.33,525.97,512.82
528.94,179.43,525.97,512.82
548.54,221.52,525.97,512.82
570.71,270.68,525.97,512.82
571.67,272.92,525.97,512.82
596.41,321.44,525.97,512.82
644.28,323.69,525.97,512.82
690.23,307.3,525.97,512.82
741.31,285.78,525.97,512.82
743.56,284.17,525.97,512.82
766.37,284.49,525.97,512.82
749.99,297.66,525.97,512.82
750.95,303.77,525.97,512.82
752.56,307.3,525.97,512.82
751.59,308.27,525.97,512.82
753.2,306.66,525.97,512.82
756.09,301.84,525.97,512.82
760.91,294.45,525.97,512.82
765.73,285.78,525.97,512.82
765.41,285.45,525.97,512.82
767.66,276.14,525.97,512.82
763.48,266.82,525.97,512.82
758.66,256.22,525.97,512.82
739.55,234.09,541.7,528.16
739.22,232.44,541.7,528.16
723.01,215.56,541.7,528.16
714.74,194.72,541.7,528.16
713.08,173.21,541.7,528.16
712.75,158.32,541.7,528.16
712.42,157.33,541.7,528.16
722.02,141.77,541.7,528.16
710.43,135.49,541.7,528.16
692.23,129.86,541.7,528.16
664.61,120.31,557.9,543.95
652.52,110.48,574.58,560.21
630.25,104.56,591.76,576.96
608.03,98.462,609.45,594.22
602.44,106.28,609.45,594.22
600.58,113.35,609.45,594.22
600.95,114.47,609.45,594.22
603.56,131.97,609.45,594.22
607.65,144.25,609.45,594.22
614.73,152.81,609.45,594.22
643.82,175.73,592.22,577.42
643.46,175.37,592.22,577.42
660.46,182.97,592.22,577.42
685.11,190.05,575.48,561.09
699.22,189.19,559.2,545.22
699.56,184.07,559.2,545.22
708.49,190.75,543.39,529.81
707.88,190.61,528.03,514.83
694.01,184.48,528.03,514.83
682.72,181.57,528.03,514.83
683.04,176.74,528.03,514.83
682.72,176.41,528.03,514.83
690.78,172.22,528.03,514.83
685.79,155.17,543.82,530.22
674.01,134.29,560.08,546.08
658.45,112.1,576.82,562.4
658.8,110.34,576.82,562.4
648.42,88.891,594.07,579.22
639.9,77.691,611.83,596.54
636.36,66.904,630.13,614.37
640.41,50.406,648.97,632.74
632.64,38.236,668.37,651.66
643.17,28.106,688.36,671.15
676.86,34.69,688.36,671.15
693.52,51.341,688.36,671.15
723.77,72.834,668.89,652.17
723.4,73.21,668.89,652.17
729.04,69.824,668.89,652.17
723.4,55.901,668.89,652.17
722.27,32.946,668.89,652.17
712.11,6.9818,668.89,652.17
711.73,4.3477,668.89,652.17
688.78,-16.349,668.89,652.17
659.8,26.926,668.89,652.17
654.16,32.57,668.89,652.17
641.74,32.194,668.89,652.17
640.61,31.065,668.89,652.17
625.18,28.431,668.89,652.17
613.52,30.312,668.89,652.17
609.38,33.699,668.89,652.17
613.52,35.58,668.89,652.17
613.14,35.204,668.89,652.17
620.29,31.065,668.89,652.17
631.2,26.173,668.89,652.17
636.85,27.302,668.89,652.17
636.47,26.173,668.89,652.17
636.09,25.044,668.89,652.17
633.46,33.699,668.89,652.17
626.31,37.838,668.89,652.17
618.41,42.73,668.89,652.17
615.02,52.89,668.89,652.17
614.65,54.019,668.89,652.17
607.5,58.158,668.89,652.17
604.11,64.555,668.89,652.17
600.72,71.705,668.89,652.17
598.09,77.35,668.89,652.17
598.46,76.973,668.89,652.17
595.83,80.36,668.89,652.17
591.69,86.004,668.89,652.17
591.31,92.401,668.89,652.17
587.93,96.541,668.89,652.17
587.55,96.917,668.89,652.17
581.15,97.293,668.89,652.17
569.49,97.67,668.89,652.17
554.06,94.283,668.89,652.17
540.14,87.886,668.89,652.17
539.01,88.262,668.89,652.17
530.35,84.876,668.89,652.17
523.2,90.52,668.89,652.17
522.83,93.154,668.89,652.17
530.73,95.036,668.89,652.17
531.11,94.659,668.89,652.17
538.26,93.53,668.89,652.17
539.17,76.631,688.89,671.67
555.05,69.273,688.89,671.67
556.75,48.001,709.49,691.76
547.31,36.498,730.71,712.44
560.86,36.111,730.71,712.44
563.57,33.4,730.71,712.44
562.41,30.689,730.71,712.44
555.05,24.88,730.71,712.44
553.89,23.719,730.71,712.44
545.76,18.685,730.71,712.44
538.4,15.199,730.71,712.44
541.89,14.812,730.71,712.44
550.02,15.974,730.71,712.44
550.4,15.587,730.71,712.44
565.51,14.425,730.71,712.44
577.51,13.263,730.71,712.44
582.55,13.65,730.71,712.44
580.61,17.136,730.71,712.44
580.22,16.748,730.71,712.44
572.87,25.655,730.71,712.44
564.73,26.817,730.71,712.44
554.28,24.106,730.71,712.44
545.37,19.846,730.71,712.44
544.98,19.459,730.71,712.44
545.37,12.876,730.71,712.44
535.69,37.272,730.71,712.44
578.67,25.268,730.71,712.44
584.48,49.664,730.71,712.44
585.64,52.375,730.71,712.44
579.75,20.425,752.55,733.74
587.11,19.264,752.55,733.74
592.15,18.102,752.55,733.74
590.21,11.519,752.55,733.74
589.82,9.5826,752.55,733.74
590.21,9.9698,752.55,733.74
590.6,14.23,752.55,733.74
587.89,14.617,752.55,733.74
582.85,15.779,752.55,733.74
583.24,15.391,752.55,733.74
580.53,18.102,752.55,733.74
577.04,19.264,752.55,733.74
572.01,18.876,752.55,733.74
567.75,19.264,752.55,733.74
567.36,18.876,752.55,733.74
566.2,20.038,752.55,733.74
565.81,19.651,752.55,733.74
566.98,16.166,752.55,733.74
568.91,14.23,752.55,733.74
569.3,14.617,752.55,733.74
564.63,-2.9358,775.06,755.68
565.82,-6.1011,798.23,778.27
550.72,5.9036,798.23,778.27
530.2,11.712,798.23,778.27
528.26,12.1,798.23,778.27
518.58,12.487,798.23,778.27
512.77,6.6781,798.23,778.27
515.48,3.1929,798.23,778.27
518.19,1.2566,798.23,778.27
518.58,2.4184,798.23,778.27
530.58,-2.6158,798.23,778.27
530.66,-14.638,822.1,801.54
541.11,-12.702,822.1,801.54
543.05,-14.638,822.1,801.54
543.43,-14.251,822.1,801.54
542.27,-13.864,822.1,801.54
538.79,-2.6336,822.1,801.54
532.98,-1.4719,822.1,801.54
523.3,-4.1826,822.1,801.54
522.91,-4.5699,822.1,801.54
516.33,-11.928,822.1,801.54
506.65,-21.609,822.1,801.54
502.39,-35.937,822.1,801.54
495.8,-47.167,822.1,801.54
495.42,-48.329,822.1,801.54
488.83,-57.235,822.1,801.54
481.47,-66.142,822.1,801.54
473.34,-72.725,822.1,801.54
464.44,-77.76,822.1,801.54
464.05,-78.147,822.1,801.54
459.79,-82.407,822.1,801.54
460.18,-86.666,822.1,801.54
460.56,-90.151,822.1,801.54
465.6,-94.411,822.1,801.54
465.21,-94.798,822.1,801.54
470.24,-98.284,822.1,801.54
479.93,-102.54,822.1,801.54
492.7,-98.284,822.1,801.54
514,-83.956,822.1,801.54
515.17,-80.47,822.1,801.54
540.34,-64.593,822.1,801.54
562.41,-49.491,822.1,801.54
573.64,-39.809,822.1,801.54
565.61,-45.209,846.68,825.51
568.32,-44.047,846.68,825.51
568.71,-32.817,846.68,825.51
563.67,-24.685,846.68,825.51
553.22,-24.298,846.68,825.51
543.54,-23.136,846.68,825.51
543.92,-22.749,846.68,825.51
542.76,-24.685,846.68,825.51
543.92,-32.043,846.68,825.51
545.86,-38.626,846.68,825.51
546.25,-39.013,846.68,825.51
547.41,-41.724,846.68,825.51
546.25,-41.337,846.68,825.51
542.76,-37.852,846.68,825.51
527.39,-56.776,871.99,850.19
514.74,-72.197,898.07,875.61
519,-54.771,898.07,875.61
509.32,-16.434,898.07,875.61
486.47,14.159,898.07,875.61
487.64,-6.3652,898.07,875.61
503.04,0.20473,872.67,850.86
489.87,5.0966,872.67,850.86
477.45,7.7307,872.67,850.86
472.56,6.6018,872.67,850.86
477.45,-6.5686,872.67,850.86
477.08,-6.9449,872.67,850.86
488.74,-15.6,872.67,850.86
498.15,-22.749,872.67,850.86
503.8,-29.147,872.67,850.86
503.42,-32.533,872.67,850.86
503.8,-32.157,872.67,850.86
500.41,-34.791,872.67,850.86
497.78,-38.93,872.67,850.86
492.13,-45.327,872.67,850.86
491.75,-53.982,872.67,850.86
491.38,-54.358,872.67,850.86
493.26,-63.013,872.67,850.86
497.4,-70.163,872.67,850.86
502.29,-73.55,872.67,850.86
511.7,-75.431,872.67,850.86
512.07,-75.055,872.67,850.86
523.74,-76.184,872.67,850.86
533.15,-78.065,872.67,850.86
539.54,-81.452,872.67,850.86
545.19,-83.333,872.67,850.86
544.81,-84.462,872.67,850.86
564.3,-73.563,848,826.8
566.86,-77.585,848,826.8
582.87,-73.575,824.02,803.42
581.09,-81.037,824.02,803.42
580.74,-82.103,824.02,803.42
581.09,-89.564,824.02,803.42
585,-96.316,824.02,803.42
588.2,-100.93,824.02,803.42
591.4,-103.42,824.02,803.42
591.75,-103.07,824.02,803.42
594.24,-102,824.02,803.42
599.57,-98.092,824.02,803.42
605.61,-89.92,824.02,803.42
615.2,-78.194,824.02,803.42
615.56,-77.839,824.02,803.42
620.89,-64.692,824.02,803.42
625.51,-47.992,824.02,803.42
626.57,-32.003,824.02,803.42
626.22,-16.013,824.02,803.42
627.28,-14.947,824.02,803.42
622.66,-6.0643,824.02,803.42
601.46,-11.324,848.66,827.44
591.58,-13.886,848.66,827.44
584.63,-14.984,848.66,827.44
584.26,-15.35,848.66,827.44
578.04,-16.448,848.66,827.44
578.41,-20.473,848.66,827.44
584.63,-25.23,848.66,827.44
585.48,-38.698,874.04,852.19
588.12,-39.829,874.04,852.19
588.5,-34.176,874.04,852.19
590.38,-36.06,874.04,852.19
593.02,-37.945,874.04,852.19
578.82,-55.584,900.17,877.67
579.98,-56.746,900.17,877.67
571.85,-58.682,900.17,877.67
566.82,-56.746,900.17,877.67
559.46,-57.908,900.17,877.67
552.1,-65.265,900.17,877.67
551.71,-66.427,900.17,877.67
548.23,-72.236,900.17,877.67
548.62,-76.496,900.17,877.67
549.78,-86.177,900.17,877.67
548.62,-96.633,900.17,877.67
548.23,-97.02,900.17,877.67
543.97,-110.57,900.17,877.67
541.26,-125.68,900.17,877.67
540.1,-132.26,900.17,877.67
540.48,-132.65,900.17,877.67
540.87,-133.03,900.17,877.67
542.03,-125.68,900.17,877.67
543.2,-114.45,900.17,877.67
539.71,-100.12,900.17,877.67
530.03,-85.015,900.17,877.67
528.87,-84.628,900.17,877.67
520.73,-74.172,900.17,877.67
511.05,-65.265,900.17,877.67
506.79,-54.035,900.17,877.67
508.73,-41.256,900.17,877.67
509.12,-40.869,900.17,877.67
516.48,-27.315,900.17,877.67
508.83,-26.883,927.09,903.91
500,-26.068,954.8,930.93
502.71,-10.191,954.8,930.93
502.32,-9.0291,954.8,930.93
505.03,-3.2204,954.8,930.93
516.27,8.0097,954.8,930.93
554.93,29.303,927.81,904.61
578.96,41.715,901.58,879.04
592.07,53.776,876.08,854.18
592.43,47.025,876.08,854.18
589.94,34.589,876.08,854.18
578.93,21.442,876.08,854.18
555.12,17.534,876.08,854.18
554.06,17.178,876.08,854.18
551.87,38.137,851.31,830.03
541.17,33.649,851.31,830.03
540.82,16.04,851.31,830.03
546,15.694,851.31,830.03
546.35,16.04,851.31,830.03
559.81,37.101,851.31,830.03
547.04,41.59,851.31,830.03
533.57,23.29,851.31,830.03
532.54,46.424,851.31,830.03
532.19,48.15,851.31,830.03
558.09,-8.1295,851.31,830.03
565.34,-7.7843,851.31,830.03
555.33,-3.2957,851.31,830.03
536.34,1.8834,851.31,830.03
533.92,2.2287,851.31,830.03
517.69,10.86,851.31,830.03
515.57,38.823,827.24,806.56
528.94,54.587,803.85,783.76
558.89,60.124,781.13,761.6
570.88,71.842,759.04,740.06
589.05,38.902,759.04,740.06
582.58,69.379,759.04,740.06
561.69,6.2883,781.73,762.19
561.37,-1.0039,781.73,762.19
573.38,9.4542,759.63,740.64
556.78,-8.7044,782.34,762.79
544.13,-19.791,805.74,785.59
527.19,-28.594,829.83,809.08
502.33,-29.584,854.64,833.27
501.29,-27.851,854.64,833.27
489.85,-21.265,854.64,833.27
474.94,-13.986,854.64,833.27
473.9,-13.639,854.64,833.27
470.09,10.971,854.64,833.27
470.44,12.011,854.64,833.27
468.71,42.167,854.64,833.27
463.51,64.004,854.64,833.27
477.02,91.388,854.64,833.27
492.92,118.07,830.48,809.71
491.91,118.41,830.48,809.71
487.53,123.46,830.48,809.71
481.13,126.49,830.48,809.71
470.69,124.81,830.48,809.71
471.99,127.84,806.99,786.82
471.01,127.51,806.99,786.82
458.24,119.98,806.99,786.82
449.4,112.45,806.99,786.82
438.6,104.92,806.99,786.82
423.87,94.778,806.99,786.82
423.55,93.796,806.99,786.82
402.27,86.923,806.99,786.82
387.54,78.741,806.99,786.82
372.82,69.904,806.99,786.82
361.36,64.994,806.99,786.82
348.31,53.558,831.12,810.35
347.98,51.873,831.12,810.35
335.21,43.466,855.97,834.58
345.98,49.368,855.97,834.58
355.35,55.27,855.97,834.58
357.78,56.311,855.97,834.58
350.19,49.736,881.57,859.53
342.37,42.964,907.93,885.23
356,51.434,907.93,885.23
370.36,56.957,907.93,885.23
372.94,56.589,907.93,885.23
367.1,44.46,935.07,911.7
370.18,36.518,963.03,938.96
365.47,25.966,991.83,967.03
398.47,40.799,963.78,939.69
398.84,41.175,963.78,939.69
409,40.047,963.78,939.69
422.92,38.165,963.78,939.69
438.35,31.015,963.78,939.69
444.75,20.103,963.78,939.69
445.13,18.221,963.78,939.69
444.75,11.824,963.78,939.69
447.38,7.6849,963.78,939.69
494.42,19.35,963.78,939.69
494.8,19.726,963.78,939.69
495.17,20.103,963.78,939.69
494.8,23.489,963.78,939.69
499.69,29.134,963.78,939.69
514.44,66.125,936.53,913.12
496.42,82.092,964.54,940.42
496.04,88.494,964.54,940.42
507.04,124.76,937.27,913.83
500.82,132.45,937.27,913.83
493.87,135.74,937.27,913.83
502.36,148.29,910.76,888
517.02,160.49,885.01,862.89
512.52,164.98,885.01,862.89
514.25,168.09,885.01,862.89
515.29,171.2,885.01,862.89
516.32,181.22,885.01,862.89
517.36,182.26,885.01,862.89
508.72,193.66,885.01,862.89
512.6,218.65,859.99,838.49
515.69,244.27,835.67,814.78
501,245.25,835.67,814.78
515.1,257.09,812.05,791.75
504.64,259.31,812.05,791.75
510.1,265.11,789.09,769.36
501.16,259.88,789.09,769.36
497.16,254.64,789.09,769.36
497.46,253.71,789.09,769.36
491.61,246.01,789.09,769.36
488.84,238.31,789.09,769.36
487.3,231.84,789.09,769.36
490.07,225.99,789.09,769.36
489.76,225.68,789.09,769.36
493.15,220.44,789.09,769.36
510.78,227.31,766.78,747.61
515.87,224.62,766.78,747.61
525.75,221.92,766.78,747.61
526.64,221.02,766.78,747.61
537.72,218.93,766.78,747.61
551.19,216.83,766.78,747.61
565.26,216.53,766.78,747.61
579.93,216.23,766.78,747.61
580.83,215.94,766.78,747.61
592.51,213.24,766.78,747.61
602.39,209.95,766.78,747.61
611.67,204.86,766.78,747.61
619.15,198.57,766.78,747.61
618.85,198.27,766.78,747.61
620.95,190.19,766.78,747.61
619.45,182.7,766.78,747.61
613.16,175.82,766.78,747.61
602.69,170.73,766.78,747.61
602.98,170.43,766.78,747.61
592.51,165.34,766.78,747.61
581.43,160.85,766.78,747.61
571.55,155.76,766.78,747.61
577.3,161.84,745.1,726.47
588.71,171.82,724.03,705.93
583.9,170.4,724.03,705.93
580.79,171.25,724.03,705.93
580.51,171.54,724.03,705.93
580.23,171.82,724.03,705.93
580.51,167.58,724.03,705.93
568.84,144.87,745.68,727.04
558.56,109.25,767.97,748.77
549.78,57.579,790.94,771.16
538.88,42.036,814.58,794.22
455.87,16.274,814.58,794.22
463.19,1.962,814.58,794.22
468.59,-15.531,814.58,794.22
467,-27.298,814.58,794.22
467.32,-28.252,814.58,794.22
465.1,-33.659,814.58,794.22
463.5,-36.521,814.58,794.22
461.28,-36.839,814.58,794.22
459.05,-32.705,814.58,794.22
459.37,-32.387,814.58,794.22
458.42,-32.069,814.58,794.22
456.83,-31.115,814.58,794.22
454.6,-29.524,814.58,794.22
453.65,-30.479,814.58,794.22
453.96,-30.797,814.58,794.22
453.65,-30.479,814.58,794.22
453.33,-31.433,814.58,794.22
454.28,-31.115,814.58,794.22
453.96,-31.433,814.58,794.22
454.28,-31.115,814.58,794.22
455.24,-31.433,814.58,794.22
456.19,-33.023,814.58,794.22
457.14,-33.977,814.58,794.22
457.46,-35.567,814.58,794.22
457.14,-36.521,814.58,794.22
458.73,-38.748,814.58,794.22
459.05,-41.61,814.58,794.22
460.01,-47.017,814.58,794.22
460.32,-51.788,814.58,794.22
460.01,-52.106,814.58,794.22
460.32,-57.512,814.58,794.22
460.64,-62.283,814.58,794.22
462.23,-65.782,814.58,794.22
461.28,-67.372,814.58,794.22
460.96,-68.326,814.58,794.22
460.01,-69.28,814.58,794.22
457.78,-70.87,814.58,794.22
456.83,-72.461,814.58,794.22
455.87,-74.051,814.58,794.22
455.55,-73.733,814.58,794.22
453.33,-73.415,814.58,794.22
450.47,-73.097,814.58,794.22
448.24,-72.779,814.58,794.22
446.01,-72.461,814.58,794.22
446.33,-72.779,814.58,794.22
444.74,-71.824,814.58,794.22
443.15,-70.87,814.58,794.22
442.83,-69.28,814.58,794.22
441.88,-69.598,814.58,794.22
442.2,-69.916,814.58,794.22
443.15,-70.234,814.58,794.22
442.83,-69.916,814.58,794.22
445.69,-69.598,814.58,794.22
447.28,-69.916,814.58,794.22
446.97,-69.598,814.58,794.22
449.19,-70.552,814.58,794.22
451.42,-68.962,814.58,794.22
453.01,-67.372,814.58,794.22
456.51,-65.145,814.58,794.22
456.19,-64.827,814.58,794.22
459.05,-63.873,814.58,794.22
461.28,-63.555,814.58,794.22
464.14,-63.237,814.58,794.22
468.28,-61.647,814.58,794.22
467.96,-60.693,814.58,794.22
472.73,-57.194,814.58,794.22
473.68,-52.424,814.58,794.22
462.46,-58.254,838.94,817.97
461.48,-50.066,838.94,817.97
461.15,-49.083,838.94,817.97
462.79,-45.48,838.94,817.97
466.39,-41.877,838.94,817.97
470.65,-39.584,838.94,817.97
473.6,-37.946,838.94,817.97
473.92,-38.274,838.94,817.97
478.84,-39.256,838.94,817.97
481.13,-39.584,838.94,817.97
483.42,-39.911,838.94,817.97
487.03,-41.549,838.94,817.97
488.01,-41.222,838.94,817.97
490.96,-43.514,838.94,817.97
492.59,-43.842,838.94,817.97
494.23,-45.48,838.94,817.97
495.87,-47.773,838.94,817.97
496.2,-47.445,838.94,817.97
497.83,-49.738,838.94,817.97
501.44,-52.686,838.94,817.97
507.66,-58.254,838.94,817.97
515.19,-62.513,838.94,817.97
515.52,-62.185,838.94,817.97
523.06,-67.753,838.94,817.97
529.93,-67.426,838.94,817.97
539.43,-68.409,838.94,817.97
545,-66.771,838.94,817.97
545.98,-65.788,838.94,817.97
550.9,-65.461,838.94,817.97
552.54,-65.133,838.94,817.97
554.83,-66.116,838.94,817.97
555.16,-67.753,838.94,817.97
554.83,-67.426,838.94,817.97
554.5,-71.029,838.94,817.97
551.55,-73.322,838.94,817.97
551.88,-76.27,838.94,817.97
550.9,-77.908,838.94,817.97
550.57,-77.58,838.94,817.97
548.93,-79.218,838.94,817.97
547.3,-81.511,838.94,817.97
546.97,-83.804,838.94,817.97
547.95,-86.097,838.94,817.97
548.28,-86.424,838.94,817.97
547.95,-88.717,838.94,817.97
546.97,-89.7,838.94,817.97
545.33,-88.717,838.94,817.97
541.73,-87.734,838.94,817.97
542.05,-88.062,838.94,817.97
538.45,-87.734,838.94,817.97
534.19,-87.407,838.94,817.97
528.62,-87.734,838.94,817.97
523.71,-85.441,838.94,817.97
523.38,-85.769,838.94,817.97
518.47,-85.441,838.94,817.97
515.52,-85.769,838.94,817.97
511.92,-87.407,838.94,817.97
508.97,-89.7,838.94,817.97
508.64,-89.372,838.94,817.97
503.73,-90.355,838.94,817.97
501.44,-91.993,838.94,817.97
497.83,-92.975,838.94,817.97
494.23,-92.648,838.94,817.97
493.25,-92.975,838.94,817.97
489.65,-92.648,838.94,817.97
472.85,-103.24,864.02,842.42
469.81,-99.528,864.02,842.42
453.86,-107.74,889.86,867.61
438.82,-119.66,916.47,893.55
439.17,-114.3,916.47,893.55
430.12,-115.13,943.87,920.27
423.01,-111.57,972.09,947.79
433.26,-95.25,972.09,947.79
419.11,-108.28,1001.2,976.13
422.59,-92.403,1001.2,976.13
435.37,-78.075,1001.2,976.13
444.28,-66.845,1001.2,976.13
454.74,-62.585,1001.2,976.13
455.12,-62.198,1001.2,976.13
460.93,-57.164,1001.2,976.13
407.1,18.349,1001.2,976.13
434.04,31.762,972.85,948.53
441.94,24.612,972.85,948.53
456.82,38.398,945.34,921.71
457.92,24.868,945.34,921.71
456.82,4.7573,945.34,921.71
452.56,-32.059,973.61,949.27
462.73,-45.239,973.61,949.27
462.35,-46.369,973.61,949.27
460.47,-50.512,973.61,949.27
456.33,-51.642,973.61,949.27
449.17,-47.499,973.61,949.27
444.28,-41.85,973.61,949.27
443.9,-40.72,973.61,949.27
441.26,-35.071,973.61,949.27
461.43,10.359,946.08,922.43
459.6,18.775,946.08,922.43
451.91,28.656,946.08,922.43
466.39,42.062,919.33,896.35
466.74,58.775,919.33,896.35
487.21,71.803,893.34,871
502.95,73.404,868.08,846.38
496.57,66.353,868.08,846.38
495.56,66.017,868.08,846.38
483.14,67.696,868.08,846.38
472.06,74.747,868.08,846.38
465.68,75.755,868.08,846.38
460.64,72.733,868.08,846.38
473.92,85.034,843.53,822.45
466.41,87.318,843.53,822.45
476.06,105.14,819.68,799.19
480.18,101.02,819.68,799.19
500.96,103.13,796.51,776.6
512.53,113.8,773.99,754.64
511.63,106.91,773.99,754.64
506.54,106.01,773.99,754.64
505.04,105.11,773.99,754.64
504.15,97.63,773.99,754.64
491.08,85.451,797.13,777.2
490.77,79.592,797.13,777.2
491.08,74.967,797.13,777.2
490.15,73.426,797.13,777.2
489.23,78.051,797.13,777.2
489.54,77.742,797.13,777.2
492.93,87.301,797.13,777.2
493.24,96.242,797.13,777.2
487.99,107.65,797.13,777.2
473.5,114.74,797.13,777.2
460.04,103.43,820.96,800.44
433.48,92.417,845.51,824.37
412.88,86.857,845.51,824.37
393.58,78.681,845.51,824.37
394.74,84.776,821.6,801.06
394.42,85.729,821.6,801.06
388.39,88.589,821.6,801.06
388.7,90.178,821.6,801.06
397.28,86.047,821.6,801.06
409.04,80.644,821.6,801.06
410,80.327,821.6,801.06
421.12,71.111,821.6,801.06
436.06,57.445,821.6,801.06
445.91,47.594,821.6,801.06
450.67,36.471,821.6,801.06
452.26,35.517,821.6,801.06
458.3,27.572,821.6,801.06
444.64,31.068,821.6,801.06
429.7,37.742,821.6,801.06
414.76,46.322,821.6,801.06
411.9,48.547,821.6,801.06
393.79,57.763,821.6,801.06
365.3,48.647,846.17,825.02
357.3,50.819,822.25,801.69
353.34,34.483,799,779.02
349.32,32.937,799,779.02
338.92,-1.2698,822.89,802.31
338.39,-33.317,847.49,826.3
367.57,-33.645,847.49,826.3
401.33,-16.926,847.49,826.3
403.63,-16.599,847.49,826.3
406.36,-10.267,872.83,851.01
398.38,-2.3949,898.93,876.46
394.55,6.2977,898.93,876.46
396.99,5.95,898.93,876.46
397.34,6.2977,898.93,876.46
403.94,8.7317,898.93,876.46
398.5,2.2351,925.81,902.66
390.75,-4.4558,953.49,929.65
393.33,-1.8741,953.49,929.65
392.96,-1.5053,953.49,929.65
415.66,9.0556,926.53,903.37
422.47,17.298,926.53,903.37
443.09,26.844,900.33,877.82
459.65,40.299,874.88,853
459.99,40.637,874.88,853
467.77,45.036,874.88,853
471.5,43.344,874.88,853
477.25,38.268,874.88,853
477.59,37.93,874.88,853
481.31,32.177,874.88,853
487.74,26.424,874.88,853
504.51,32.053,850.14,828.89
500.02,21.963,875.56,853.67
487.95,9.5398,901.74,879.19
497.55,21.62,876.24,854.34
499.25,21.281,876.24,854.34
500.27,20.265,876.24,854.34
502.64,19.926,876.24,854.34
503.65,19.587,876.24,854.34
507.38,15.181,876.24,854.34
509.76,10.097,876.24,854.34
516.87,5.6905,876.24,854.34
537.06,14.04,851.47,830.18
550.08,24.788,827.39,806.71
567.86,26.912,804,783.9
583.27,37.683,781.27,761.73
583.37,30.828,804.63,784.51
575.39,15.054,828.68,807.97
575.71,14.733,828.68,807.97
574.75,14.413,828.68,807.97
582.94,26.155,805.25,785.12
590.9,38.189,782.49,762.92
584.54,39.097,782.49,762.92
595.91,49.58,760.36,741.35
580.13,40.556,783.1,763.52
562.06,31.261,806.51,786.35
558,34.069,806.51,786.35
541.89,26.992,830.63,809.86
529.79,15.849,855.46,834.08
520.2,13.533,855.46,834.08
518.54,20.481,855.46,834.08
518.21,29.415,855.46,834.08
519.2,40.997,855.46,834.08
520.86,43.975,855.46,834.08
521.85,44.967,855.46,834.08
519.54,42.651,855.46,834.08
533.28,50.803,831.27,810.49
533.61,50.481,831.27,810.49
533.93,50.16,831.27,810.49
533.61,49.838,831.27,810.49
520.86,41.258,856.13,834.73
518.54,41.589,856.13,834.73
503.42,34.74,881.73,859.68
503.08,35.081,881.73,859.68
501.37,37.468,881.73,859.68
499.67,36.445,881.73,859.68
499.33,30.647,881.73,859.68
499.67,103.97,881.73,859.68
500.69,105.68,881.73,859.68
479.21,88.285,881.73,859.68
453.63,66.117,881.73,859.68
423.27,43.266,881.73,859.68
389.29,11.656,908.09,885.39
396.86,20.309,882.42,860.36
388.32,12.459,882.42,860.36
356.09,37.933,857.47,836.03
351.77,38.928,857.47,836.03
346.14,39.923,857.47,836.03
345.8,40.255,857.47,836.03
352.95,52.405,833.22,812.39
346.18,54.017,833.22,812.39
340.7,52.405,833.22,812.39
331.36,47.571,833.22,812.39
330.39,47.893,833.22,812.39
342.96,35.324,833.22,812.39
328.46,18.243,833.22,812.39
322.98,4.3841,833.22,812.39
325.88,-8.1852,833.22,812.39
326.2,-9.7967,833.22,812.39
325.23,-19.143,833.22,812.39
312.02,-37.514,833.22,812.39
277.33,-71.252,858.14,836.68
259.25,-88.966,833.87,813.03
252.48,-92.514,833.87,813.03
212.81,-113.48,833.87,813.03
284.52,-190.46,858.8,837.33
292.16,-195.45,858.8,837.33
292.5,-193.79,858.8,837.33
292.16,-192.79,858.8,837.33
293.16,-191.79,858.8,837.33
293.49,-191.46,858.8,837.33
293.16,-191.13,858.8,837.33
306.96,-180.29,834.52,813.66
318.44,-169.11,810.93,790.65
333.35,-159.5,788,768.3
337.31,-163.46,788,768.3
340.67,-166.2,788,768.3
344.02,-167.12,788,768.3
344.93,-167.42,788,768.3
348.29,-167.73,788,768.3
352.25,-167.42,788,768.3
356.82,-168.34,788,768.3
360.78,-168.03,788,768.3
361.09,-167.73,788,768.3
363.83,-167.42,788,768.3
364.75,-167.12,788,768.3
368.1,-167.42,788,768.3
371.45,-167.73,788,768.3
359.98,-177.08,811.56,791.27
348.78,-189.22,835.83,814.93
350.4,-190.19,835.83,814.93
351.37,-189.87,835.83,814.93
351.05,-189.55,835.83,814.93
350.72,-189.22,835.83,814.93
352.34,-188.9,835.83,814.93
352.66,-187.93,835.83,814.93
352.34,-188.25,835.83,814.93
353.96,-187.93,835.83,814.93
353.63,-188.25,835.83,814.93
354.6,-187.93,835.83,814.93
355.57,-188.9,835.83,814.93
357.19,-189.22,835.83,814.93
358.16,-190.19,835.83,814.93
358.48,-189.87,835.83,814.93
357.51,-191.49,835.83,814.93
359.78,-191.81,835.83,814.93
356.22,-191.49,835.83,814.93
357.84,-191.16,835.83,814.93
357.51,-190.84,835.83,814.93
357.19,-190.52,835.83,814.93
357.51,-189.55,835.83,814.93
357.84,-189.22,835.83,814.93
356.87,-188.25,835.83,814.93
357.19,-187.93,835.83,814.93
356.87,-188.9,835.83,814.93
357.19,-189.22,835.83,814.93
357.51,-189.55,835.83,814.93
359.13,-191.16,835.83,814.93
359.45,-190.84,835.83,814.93
359.78,-191.16,835.83,814.93
360.75,-191.49,835.83,814.93
363.01,-191.81,835.83,814.93
367.21,-192.13,835.83,814.93
367.54,-191.81,835.83,814.93
370.44,-192.78,835.83,814.93
371.41,-191.81,835.83,814.93
373.68,-192.13,835.83,814.93
373.35,-191.16,835.83,814.93
373.68,-190.84,835.83,814.93
371.41,-190.52,835.83,814.93
371.09,-188.9,835.83,814.93
368.83,-189.87,835.83,814.93
366.57,-190.19,835.83,814.93
366.89,-189.87,835.83,814.93
365.92,-192.78,835.83,814.93
364.95,-195.04,835.83,814.93
365.27,-194.72,835.83,814.93
366.24,-195.04,835.83,814.93
365.92,-194.72,835.83,814.93
364.95,-194.4,835.83,814.93
363.33,-192.13,835.83,814.93
362.36,-190.52,835.83,814.93
361.39,-189.55,835.83,814.93
361.72,-189.22,835.83,814.93
360.1,-188.9,835.83,814.93
357.19,-189.22,835.83,814.93
356.22,-188.25,835.83,814.93
355.9,-188.58,835.83,814.93
355.57,-188.9,835.83,814.93
355.25,-189.22,835.83,814.93
354.93,-188.25,835.83,814.93
351.37,-186.64,835.83,814.93
350.4,-186.31,835.83,814.93
350.72,-185.99,835.83,814.93
348.46,-185.67,835.83,814.93
348.78,-184.7,835.83,814.93
348.46,-185.67,835.83,814.93
349.43,-187.28,835.83,814.93
349.11,-186.96,835.83,814.93
348.78,-189.87,835.83,814.93
349.11,-191.49,835.83,814.93
350.08,-193.1,835.83,814.93
352.34,-194.72,835.83,814.93
352.66,-195.04,835.83,814.93
352.34,-194.07,835.83,814.93
353.96,-193.75,835.83,814.93
355.57,-191.49,835.83,814.93
358.48,-190.52,835.83,814.93
358.81,-190.19,835.83,814.93
360.42,-189.87,835.83,814.93
363.98,-192.13,835.83,814.93
366.89,-192.46,835.83,814.93
366.57,-192.78,835.83,814.93
366.89,-193.1,835.83,814.93
365.92,-191.49,835.83,814.93
364.95,-191.16,835.83,814.93
365.92,-189.55,835.83,814.93
363.66,-189.22,835.83,814.93
363.33,-188.9,835.83,814.93
363.01,-189.22,835.83,814.93
358.81,-189.55,835.83,814.93
356.54,-190.52,835.83,814.93
352.99,-192.13,835.83,814.93
352.66,-191.81,835.83,814.93
349.11,-194.07,835.83,814.93
345.55,-193.75,835.83,814.93
341.99,-192.78,835.83,814.93
337.15,-191.16,835.83,814.93
337.47,-190.19,835.83,814.93
332.62,-187.93,835.83,814.93
328.42,-186.31,835.83,814.93
327.45,-185.99,835.83,814.93
324.54,-185.02,835.83,814.93
324.86,-185.34,835.83,814.93
323.24,-187.61,835.83,814.93
322.92,-189.22,835.83,814.93
321.3,-189.55,835.83,814.93
320.98,-191.16,835.83,814.93
320.66,-190.84,835.83,814.93
320.33,-191.81,835.83,814.93
320.66,-192.13,835.83,814.93
317.1,-191.81,835.83,814.93
316.13,-192.13,835.83,814.93
315.81,-191.81,835.83,814.93
315.48,-192.13,835.83,814.93
313.87,-193.1,835.83,814.93
312.25,-194.07,835.83,814.93
311.28,-195.69,835.83,814.93
310.96,-196.01,835.83,814.93
310.63,-196.34,835.83,814.93
309.02,-196.01,835.83,814.93
309.99,-196.34,835.83,814.93
310.96,-199.25,835.83,814.93
310.63,-198.92,835.83,814.93
314.19,-201.19,835.83,814.93
319.04,-202.16,835.83,814.93
323.24,-204.42,835.83,814.93
325.51,-207.33,835.83,814.93
325.83,-207.65,835.83,814.93
330.68,-209.92,835.83,814.93
335.53,-210.88,835.83,814.93
342.32,-211.85,835.83,814.93
346.52,-210.88,835.83,814.93
346.84,-210.56,835.83,814.93
350.4,-210.24,835.83,814.93
353.31,-209.92,835.83,814.93
356.87,-209.59,835.83,814.93
359.13,-209.27,835.83,814.93
359.45,-208.95,835.83,814.93
359.78,-208.62,835.83,814.93
360.1,-207.01,835.83,814.93
359.78,-204.1,835.83,814.93
358.81,-203.13,835.83,814.93
359.13,-203.45,835.83,814.93
357.51,-201.83,835.83,814.93
354.6,-200.22,835.83,814.93
351.05,-199.25,835.83,814.93
350.08,-197.63,835.83,814.93
349.75,-197.95,835.83,814.93
348.14,-195.69,835.83,814.93
345.23,-194.07,835.83,814.93
344.26,-193.1,835.83,814.93
343.93,-192.78,835.83,814.93
344.26,-193.75,835.83,814.93
345.23,-192.78,835.83,814.93
344.9,-191.81,835.83,814.93
341.99,-188.9,835.83,814.93
342.32,-188.58,835.83,814.93
340.7,-186.96,835.83,814.93
339.73,-185.99,835.83,814.93
340.7,-185.67,835.83,814.93
341.67,-185.99,835.83,814.93
341.99,-185.67,835.83,814.93
343.61,-187.93,835.83,814.93
343.29,-188.9,835.83,814.93
343.61,-189.22,835.83,814.93
343.29,-188.25,835.83,814.93
344.26,-187.93,835.83,814.93
344.58,-188.25,835.83,814.93
347.49,-187.93,835.83,814.93
349.75,-188.9,835.83,814.93
350.72,-189.22,835.83,814.93
351.05,-188.9,835.83,814.93
353.31,-189.22,835.83,814.93
355.57,-190.19,835.83,814.93
356.54,-191.81,835.83,814.93
359.45,-195.37,835.83,814.93
359.13,-195.04,835.83,814.93
347.6,-206.26,860.82,839.3
347.94,-207.26,860.82,839.3
348.94,-206.26,860.82,839.3
348.6,-205.26,860.82,839.3
348.27,-204.92,860.82,839.3
347.27,-203.93,860.82,839.3
345.61,-202.26,860.82,839.3
345.27,-199.93,860.82,839.3
341.61,-199.6,860.82,839.3
341.94,-199.26,860.82,839.3
338.95,-198.93,860.82,839.3
335.28,-199.26,860.82,839.3
334.29,-199.6,860.82,839.3
333.95,-201.26,860.82,839.3
334.29,-201.6,860.82,839.3
333.29,-203.26,860.82,839.3
332.29,-204.26,860.82,839.3
329.96,-207.92,860.82,839.3
330.29,-210.25,860.82,839.3
329.96,-209.92,860.82,839.3
328.96,-211.58,860.82,839.3
326.63,-213.91,860.82,839.3
325.63,-216.91,860.82,839.3
325.96,-222.57,860.82,839.3
326.29,-222.24,860.82,839.3
326.63,-221.91,860.82,839.3
326.96,-222.24,860.82,839.3
326.63,-222.57,860.82,839.3
324.3,-222.24,860.82,839.3
323.96,-221.91,860.82,839.3
323.63,-223.57,860.82,839.3
321.97,-225.24,860.82,839.3
322.3,-226.23,860.82,839.3
320.63,-229.23,860.82,839.3
320.3,-228.9,860.82,839.3
318.64,-233.23,860.82,839.3
318.3,-234.23,860.82,839.3
313.97,-235.89,860.82,839.3
310.98,-237.56,860.82,839.3
311.31,-237.22,860.82,839.3
307.65,-237.56,860.82,839.3
303.99,-237.89,860.82,839.3
301.65,-237.56,860.82,839.3
296.66,-234.56,860.82,839.3
296.33,-234.23,860.82,839.3
290.67,-231.23,860.82,839.3
290.33,-229.56,860.82,839.3
295.33,-229.9,860.82,839.3
300.99,-232.23,860.82,839.3
301.99,-231.23,860.82,839.3
307.65,-232.23,860.82,839.3
309.31,-232.56,860.82,839.3
310.31,-233.56,860.82,839.3
312.64,-233.23,860.82,839.3
312.98,-232.89,860.82,839.3
317.3,-233.89,860.82,839.3
317.64,-232.89,860.82,839.3
321.3,-231.23,860.82,839.3
321.63,-228.23,860.82,839.3
321.97,-228.57,860.82,839.3
322.96,-227.57,860.82,839.3
323.96,-227.23,860.82,839.3
324.3,-225.57,860.82,839.3
323.96,-225.9,860.82,839.3
324.3,-226.23,860.82,839.3
323.96,-224.57,860.82,839.3
324.3,-225.57,860.82,839.3
320.63,-225.24,860.82,839.3
316.31,-226.23,860.82,839.3
315.31,-226.57,860.82,839.3
310.31,-228.23,860.82,839.3
304.65,-231.23,860.82,839.3
302.99,-235.56,860.82,839.3
299.32,-236.56,860.82,839.3
298.33,-236.89,860.82,839.3
293.33,-234.56,860.82,839.3
288.34,-231.56,860.82,839.3
286.01,-227.23,860.82,839.3
285.67,-224.24,860.82,839.3
286.01,-224.57,860.82,839.3
289,-224.24,860.82,839.3
291.33,-223.9,860.82,839.3
291,-225.57,860.82,839.3
292,-225.9,860.82,839.3
292.33,-226.23,860.82,839.3
279.13,-238.45,886.56,864.39
281.53,-239.48,886.56,864.39
285.99,-240.51,886.56,864.39
289.07,-241.54,886.56,864.39
289.42,-241.88,886.56,864.39
293.19,-242.22,886.56,864.39
298.33,-240.51,886.56,864.39
306.22,-240.85,886.56,864.39
313.42,-240.51,886.56,864.39
313.76,-240.16,886.56,864.39
318.91,-239.82,886.56,864.39
325.42,-236.73,886.56,864.39
331.94,-234.33,886.56,864.39
335.71,-231.93,886.56,864.39
336.74,-232.28,886.56,864.39
337.77,-229.19,886.56,864.39
352.02,-214.57,861.49,839.95
364.53,-200.36,837.13,816.2
362.26,-200.69,837.13,816.2
361.94,-199.72,837.13,816.2
358.38,-197.45,837.13,816.2
366,-186.88,813.46,793.13
358.77,-187.2,813.46,793.13
351.53,-186.25,813.46,793.13
351.21,-185.94,813.46,793.13
342.72,-186.88,813.46,793.13
332.33,-185.94,813.46,793.13
321.32,-186.88,813.46,793.13
312.2,-189.08,813.46,793.13
311.88,-188.77,813.46,793.13
304.65,-190.97,813.46,793.13
297.41,-191.29,813.46,793.13
291.43,-191.6,813.46,793.13
286.71,-192.54,813.46,793.13
286.4,-192.86,813.46,793.13
284.19,-193.17,813.46,793.13
281.99,-191.6,813.46,793.13
279.79,-190.66,813.46,793.13
279.47,-188.45,813.46,793.13
279.79,-188.14,813.46,793.13
279.47,-184.68,813.46,793.13
279.79,-183.73,813.46,793.13
279.47,-182.16,813.46,793.13
283.56,-180.59,813.46,793.13
283.25,-180.9,813.46,793.13
286.08,-181.85,813.46,793.13
290.8,-182.79,813.46,793.13
294.89,-183.73,813.46,793.13
300.87,-184.05,813.46,793.13
301.18,-184.36,813.46,793.13
306.53,-185.31,813.46,793.13
311.88,-186.25,813.46,793.13
316.6,-187.83,813.46,793.13
321.95,-190.03,813.46,793.13
321.64,-190.34,813.46,793.13
325.1,-190.66,813.46,793.13
330.45,-193.49,813.46,793.13
335.8,-193.8,813.46,793.13
339.26,-194.12,813.46,793.13
339.57,-193.8,813.46,793.13
343.66,-192.86,813.46,793.13
345.24,-188.77,813.46,793.13
346.18,-185.31,813.46,793.13
346.49,-180.59,813.46,793.13
346.81,-180.9,813.46,793.13
330.56,-187.41,837.78,816.84
325.05,-183.85,837.78,816.84
320.19,-179.63,837.78,816.84
315.33,-176.72,837.78,816.84
315,-176.39,837.78,816.84
310.79,-177.37,837.78,816.84
306.58,-182.87,837.78,816.84
301.07,-187.74,837.78,816.84
283.03,-205.46,862.83,841.26
282.7,-205.79,862.83,841.26
278.36,-212.8,862.83,841.26
278.03,-219.81,862.83,841.26
274.36,-226.15,862.83,841.26
274.02,-231.82,862.83,841.26
273.69,-231.49,862.83,841.26
274.02,-234.49,862.83,841.26
260.79,-252.74,888.63,866.42
245.1,-266.04,915.2,892.32
244.04,-263.56,915.2,892.32
243.68,-263.21,915.2,892.32
240.5,-259.31,915.2,892.32
237.31,-256.13,915.2,892.32
237.66,-252.94,915.2,892.32
237.31,-244.09,915.2,892.32
237.66,-243.74,915.2,892.32
240.85,-237.72,915.2,892.32
241.91,-234.53,915.2,892.32
258.75,-224.4,889.33,867.09
258.4,-228.18,889.33,867.09
258.06,-227.84,889.33,867.09
259.09,-228.18,889.33,867.09
258.75,-230.59,889.33,867.09
259.78,-231.62,889.33,867.09
259.43,-232.65,889.33,867.09
259.09,-232.31,889.33,867.09
258.06,-236.09,889.33,867.09
259.09,-236.44,889.33,867.09
259.43,-241.6,889.33,867.09
257.71,-245.38,889.33,867.09
258.06,-245.04,889.33,867.09
259.09,-248.13,889.33,867.09
258.75,-251.23,889.33,867.09
260.46,-251.57,889.33,867.09
260.12,-252.6,889.33,867.09
259.78,-252.26,889.33,867.09
273.38,-239.66,864.18,842.58
273.05,-240.66,864.18,842.58
272.71,-238.32,864.18,842.58
274.38,-235.98,864.18,842.58
275.39,-234.98,864.18,842.58
262.13,-244.57,890.02,867.77
245.04,-257.19,916.63,893.72
274.66,-247.04,890.71,868.45
287.6,-235.8,865.53,843.89
287.93,-234.79,865.53,843.89
290.28,-233.79,865.53,843.89
285.26,-231.45,865.53,843.89
282.91,-231.11,865.53,843.89
279.9,-229.44,865.53,843.89
279.56,-229.77,865.53,843.89
277.89,-230.78,865.53,843.89
273.54,-231.11,865.53,843.89
272.53,-235.46,865.53,843.89
272.2,-237.14,865.53,843.89
271.86,-237.47,865.53,843.89
271.53,-239.82,865.53,843.89
257.59,-254.78,891.41,869.12
251.72,-257.19,891.41,869.12
247.93,-257.53,891.41,869.12
248.28,-257.88,891.41,869.12
243.1,-256.15,891.41,869.12
240,-253.05,891.41,869.12
238.97,-250.64,891.41,869.12
238.62,-250.29,891.41,869.12
238.28,-247.19,891.41,869.12
240.69,-244.09,891.41,869.12
241.73,-243.74,891.41,869.12
243.45,-242.71,891.41,869.12
243.1,-243.05,891.41,869.12
230.81,-254.32,918.06,895.11
231.88,-253.26,918.06,895.11
234.36,-253.61,918.06,895.11
239.69,-256.81,918.06,895.11
239.33,-256.45,918.06,895.11
243.24,-258.23,918.06,895.11
244.31,-261.42,918.06,895.11
248.92,-265.33,918.06,895.11
250.7,-268.53,918.06,895.11
251.05,-268.88,918.06,895.11
250.7,-272.08,918.06,895.11
247.5,-271.72,918.06,895.11
242.18,-273.5,918.06,895.11
243.24,-272.43,918.06,895.11
243.6,-272.08,918.06,895.11
244.66,-271.01,918.06,895.11
241.47,-269.95,918.06,895.11
234.72,-268.17,918.06,895.11
225.13,-266.39,918.06,895.11
225.49,-266.75,918.06,895.11
218.03,-265.68,918.06,895.11
209.86,-264.62,918.06,895.11
185.84,-276.23,945.51,921.88
173.04,-274.4,945.51,921.88
172.67,-274.03,945.51,921.88
160.6,-275.86,945.51,921.88
147.8,-279.88,945.51,921.88
137.93,-281.71,945.51,921.88
130.25,-285.73,945.51,921.88
129.15,-286.1,945.51,921.88
118.54,-290.85,945.51,921.88
106.48,-289.76,945.51,921.88
102.45,-288.66,945.51,921.88
99.893,-292.68,945.51,921.88
100.26,-292.32,945.51,921.88
98.43,-291.22,945.51,921.88
92.212,-291.59,945.51,921.88
87.458,-291.95,945.51,921.88
83.435,-290.12,945.51,921.88
83.801,-290.49,945.51,921.88
83.435,-289.39,945.51,921.88
81.606,-286.83,945.51,921.88
81.241,-286.47,945.51,921.88
82.338,-284.64,945.51,921.88
81.241,-284.27,945.51,921.88
81.606,-280.98,945.51,921.88
