23.0, 88.0, 66.0, 55.0
24.0, 89.0, 66.0, 54.0
25.0, 87.0, 64.0, 55.0
24.0, 89.0, 64.0, 53.0
26.0, 89.0, 64.0, 53.0
26.0, 88.0, 63.0, 54.0
25.0, 90.0, 63.0, 52.0
25.0, 91.0, 63.0, 51.0
25.0, 90.0, 63.0, 51.0
25.0, 89.0, 62.0, 52.0
25.0, 89.0, 63.0, 52.0
27.0, 89.0, 61.0, 52.0
27.0, 89.0, 61.0, 51.0
27.0, 87.0, 60.0, 51.0
28.0, 86.0, 60.0, 52.0
28.0, 86.0, 61.0, 50.0
28.0, 86.0, 61.0, 50.0
28.0, 84.0, 61.0, 51.0
28.0, 85.0, 61.0, 49.0
29.0, 85.0, 60.0, 49.0
30.0, 85.0, 59.0, 49.0
30.0, 84.0, 59.0, 52.0
30.0, 85.0, 60.0, 50.0
31.0, 86.0, 59.0, 49.0
32.0, 86.0, 58.0, 49.0
32.0, 86.0, 59.0, 49.0
33.0, 86.0, 58.0, 48.0
33.0, 86.0, 58.0, 48.0
34.0, 86.0, 58.0, 49.0
35.0, 86.0, 58.0, 49.0
36.0, 86.0, 57.0, 49.0
37.0, 86.0, 56.0, 49.0
37.0, 87.0, 56.0, 47.0
38.0, 86.0, 56.0, 47.0
38.0, 87.0, 55.0, 46.0
39.0, 86.0, 55.0, 45.0
40.0, 86.0, 55.0, 45.0
41.0, 84.0, 53.0, 46.0
41.0, 83.0, 54.0, 46.0
42.0, 83.0, 54.0, 45.0
42.0, 82.0, 53.0, 45.0
44.0, 82.0, 53.0, 44.0
44.0, 82.0, 51.0, 44.0
44.0, 82.0, 52.0, 43.0
45.0, 83.0, 51.0, 44.0
45.0, 83.0, 51.0, 46.0
46.0, 86.0, 52.0, 44.0
47.0, 87.0, 51.0, 43.0
46.0, 88.0, 52.0, 42.0
46.0, 89.0, 51.0, 41.0
47.0, 88.0, 51.0, 42.0
48.0, 88.0, 50.0, 41.0
47.0, 88.0, 50.0, 41.0
48.0, 86.0, 49.0, 41.0
48.0, 87.0, 49.0, 39.0
48.0, 87.0, 49.0, 41.0
48.0, 87.0, 48.0, 41.0
50.0, 88.0, 48.0, 42.0
49.0, 88.0, 48.0, 41.0
50.0, 89.0, 47.0, 41.0
50.0, 89.0, 46.0, 41.0
51.0, 90.0, 46.0, 41.0
50.0, 90.0, 47.0, 40.0
50.0, 91.0, 47.0, 39.0
51.0, 91.0, 46.0, 39.0
51.0, 90.0, 46.0, 39.0
51.0, 90.0, 46.0, 39.0
52.0, 88.0, 46.0, 41.0
50.0, 89.0, 47.0, 39.0
51.0, 89.0, 47.0, 38.0
53.0, 88.0, 44.0, 39.0
52.0, 87.0, 45.0, 38.0
52.0, 87.0, 45.0, 38.0
53.0, 87.0, 43.0, 38.0
53.0, 86.0, 44.0, 38.0
53.0, 86.0, 44.0, 38.0
54.0, 87.0, 44.0, 37.0
54.0, 87.0, 44.0, 37.0
54.0, 86.0, 44.0, 38.0
55.0, 86.0, 43.0, 36.0
55.0, 85.0, 44.0, 37.0
55.0, 85.0, 43.0, 38.0
55.0, 84.0, 43.0, 37.0
56.0, 84.0, 43.0, 36.0
56.0, 84.0, 43.0, 37.0
56.0, 84.0, 43.0, 36.0
56.0, 85.0, 43.0, 37.0
57.0, 86.0, 42.0, 36.0
56.0, 85.0, 42.0, 36.0
57.0, 85.0, 41.0, 36.0
56.0, 85.0, 43.0, 36.0
56.0, 85.0, 43.0, 36.0
57.0, 85.0, 42.0, 35.0
57.0, 84.0, 42.0, 35.0
58.0, 84.0, 41.0, 34.0
58.0, 84.0, 41.0, 35.0
58.0, 84.0, 41.0, 35.0
57.0, 84.0, 41.0, 34.0
58.0, 84.0, 41.0, 35.0
57.0, 84.0, 41.0, 34.0
58.0, 84.0, 40.0, 34.0
57.0, 84.0, 41.0, 34.0
58.0, 84.0, 39.0, 35.0
57.0, 85.0, 40.0, 34.0
57.0, 84.0, 40.0, 34.0
58.0, 83.0, 38.0, 34.0
57.0, 82.0, 40.0, 32.0
57.0, 80.0, 39.0, 33.0
57.0, 77.0, 39.0, 34.0
57.0, 77.0, 40.0, 33.0
57.0, 77.0, 40.0, 33.0
56.0, 76.0, 39.0, 33.0
57.0, 76.0, 39.0, 33.0
57.0, 76.0, 39.0, 34.0
56.0, 76.0, 39.0, 33.0
56.0, 77.0, 40.0, 33.0
56.0, 78.0, 38.0, 35.0
55.0, 79.0, 39.0, 34.0
55.0, 80.0, 39.0, 35.0
54.0, 82.0, 40.0, 33.0
55.0, 81.0, 38.0, 36.0
54.0, 83.0, 39.0, 33.0
54.0, 84.0, 39.0, 32.0
55.0, 83.0, 38.0, 33.0
54.0, 82.0, 39.0, 33.0
54.0, 81.0, 37.0, 33.0
54.0, 80.0, 38.0, 34.0
53.0, 79.0, 39.0, 33.0
53.0, 78.0, 38.0, 32.0
52.0, 78.0, 38.0, 32.0
53.0, 79.0, 37.0, 32.0
52.0, 79.0, 38.0, 32.0
53.0, 79.0, 36.0, 33.0
51.0, 80.0, 38.0, 32.0
51.0, 79.0, 38.0, 33.0
51.0, 80.0, 37.0, 31.0
51.0, 81.0, 37.0, 32.0
51.0, 80.0, 36.0, 31.0
49.0, 80.0, 37.0, 31.0
50.0, 79.0, 36.0, 32.0
49.0, 80.0, 37.0, 31.0
49.0, 80.0, 36.0, 31.0
49.0, 80.0, 36.0, 30.0
49.0, 80.0, 35.0, 30.0
48.0, 80.0, 35.0, 30.0
48.0, 80.0, 36.0, 30.0
48.0, 79.0, 35.0, 31.0
47.0, 80.0, 36.0, 30.0
46.0, 80.0, 36.0, 31.0
46.0, 81.0, 36.0, 30.0
46.0, 81.0, 34.0, 30.0
45.0, 82.0, 34.0, 30.0
45.0, 82.0, 34.0, 30.0
45.0, 82.0, 34.0, 29.0
44.0, 81.0, 34.0, 30.0
43.0, 80.0, 34.0, 31.0
44.0, 78.0, 33.0, 30.0
43.0, 77.0, 34.0, 29.0
43.0, 77.0, 34.0, 29.0
42.0, 78.0, 32.0, 30.0
42.0, 77.0, 32.0, 30.0
41.0, 79.0, 33.0, 29.0
41.0, 80.0, 33.0, 29.0
39.0, 79.0, 34.0, 29.0
40.0, 80.0, 32.0, 29.0
40.0, 80.0, 33.0, 29.0
38.0, 80.0, 33.0, 29.0
39.0, 80.0, 32.0, 29.0
38.0, 81.0, 32.0, 28.0
38.0, 80.0, 32.0, 28.0
38.0, 80.0, 32.0, 29.0
37.0, 80.0, 33.0, 29.0
37.0, 79.0, 32.0, 29.0
36.0, 80.0, 32.0, 28.0
35.0, 81.0, 32.0, 28.0
35.0, 81.0, 32.0, 27.0
34.0, 80.0, 33.0, 29.0
34.0, 80.0, 33.0, 29.0
34.0, 80.0, 32.0, 30.0
33.0, 81.0, 33.0, 27.0
34.0, 82.0, 33.0, 28.0
34.0, 82.0, 32.0, 27.0
33.0, 82.0, 32.0, 27.0
32.0, 82.0, 31.0, 28.0
31.0, 82.0, 31.0, 28.0
32.0, 82.0, 31.0, 26.0
31.0, 83.0, 31.0, 26.0
30.0, 83.0, 31.0, 27.0
30.0, 82.0, 32.0, 27.0
29.0, 82.0, 32.0, 28.0
28.0, 82.0, 32.0, 28.0
28.0, 83.0, 33.0, 27.0
28.0, 83.0, 32.0, 28.0
28.0, 85.0, 31.0, 28.0
27.0, 84.0, 31.0, 28.0
27.0, 83.0, 32.0, 28.0
25.0, 83.0, 35.0, 29.0
26.0, 85.0, 32.0, 28.0
22.0, 85.0, 32.0, 28.0
25.0, 84.0, 31.0, 30.0
23.0, 85.0, 32.0, 28.0
23.0, 86.0, 32.0, 28.0
23.0, 86.0, 32.0, 28.0
22.0, 86.0, 32.0, 28.0
24.0, 86.0, 31.0, 28.0
24.0, 85.0, 31.0, 29.0
23.0, 85.0, 33.0, 27.0
21.0, 85.0, 33.0, 27.0
22.0, 83.0, 31.0, 28.0
20.0, 82.0, 32.0, 27.0
20.0, 81.0, 32.0, 27.0
22.0, 80.0, 31.0, 27.0
20.0, 80.0, 32.0, 27.0
20.0, 79.0, 32.0, 27.0
19.0, 80.0, 31.0, 27.0
19.0, 79.0, 32.0, 28.0
20.0, 80.0, 32.0, 29.0
19.0, 80.0, 33.0, 29.0
17.0, 81.0, 32.0, 29.0
17.0, 82.0, 32.0, 29.0
18.0, 81.0, 32.0, 30.0
19.0, 81.0, 31.0, 30.0
19.0, 81.0, 31.0, 30.0
19.0, 81.0, 32.0, 29.0
19.0, 81.0, 31.0, 29.0
18.0, 81.0, 32.0, 28.0
18.0, 81.0, 32.0, 28.0
19.0, 80.0, 31.0, 29.0
18.0, 80.0, 31.0, 28.0
19.0, 79.0, 31.0, 29.0
18.0, 79.0, 32.0, 28.0
18.0, 78.0, 32.0, 29.0
19.0, 79.0, 33.0, 29.0
18.0, 79.0, 33.0, 29.0
18.0, 81.0, 31.0, 28.0
18.0, 81.0, 31.0, 29.0
19.0, 83.0, 30.0, 28.0
18.0, 84.0, 31.0, 28.0
18.0, 84.0, 31.0, 27.0
18.0, 83.0, 31.0, 27.0
18.0, 84.0, 31.0, 27.0
18.0, 83.0, 31.0, 28.0
19.0, 82.0, 30.0, 27.0
18.0, 81.0, 32.0, 28.0
19.0, 81.0, 30.0, 27.0
19.0, 82.0, 31.0, 27.0
19.0, 84.0, 31.0, 26.0
19.0, 85.0, 30.0, 26.0
20.0, 84.0, 31.0, 25.0
20.0, 85.0, 31.0, 26.0
20.0, 84.0, 30.0, 26.0
20.0, 83.0, 30.0, 26.0
20.0, 83.0, 30.0, 25.0
20.0, 81.0, 30.0, 26.0
20.0, 82.0, 30.0, 26.0
21.0, 79.0, 28.0, 27.0
20.0, 81.0, 29.0, 26.0
21.0, 82.0, 29.0, 25.0
21.0, 82.0, 28.0, 25.0
22.0, 85.0, 27.0, 25.0
22.0, 85.0, 27.0, 25.0
22.0, 85.0, 27.0, 24.0
22.0, 85.0, 27.0, 24.0
21.0, 85.0, 27.0, 24.0
21.0, 85.0, 27.0, 25.0
22.0, 85.0, 28.0, 24.0
22.0, 85.0, 28.0, 25.0
23.0, 85.0, 27.0, 25.0
24.0, 85.0, 27.0, 24.0
23.0, 84.0, 27.0, 24.0
23.0, 85.0, 27.0, 25.0
23.0, 86.0, 28.0, 23.0
23.0, 85.0, 28.0, 24.0
23.0, 84.0, 28.0, 24.0
23.0, 84.0, 28.0, 24.0
23.0, 84.0, 28.0, 24.0
24.0, 83.0, 28.0, 24.0
24.0, 82.0, 27.0, 24.0
25.0, 82.0, 28.0, 24.0
24.0, 82.0, 28.0, 24.0
26.0, 80.0, 27.0, 23.0
25.0, 81.0, 27.0, 23.0
26.0, 80.0, 26.0, 23.0
26.0, 81.0, 26.0, 23.0
26.0, 82.0, 28.0, 23.0
27.0, 83.0, 27.0, 22.0
27.0, 83.0, 26.0, 23.0
27.0, 83.0, 26.0, 23.0
26.0, 82.0, 26.0, 22.0
26.0, 82.0, 27.0, 22.0
25.0, 82.0, 27.0, 23.0
26.0, 81.0, 28.0, 22.0
27.0, 82.0, 28.0, 22.0
27.0, 82.0, 26.0, 22.0
27.0, 83.0, 26.0, 23.0
26.0, 83.0, 27.0, 23.0
28.0, 84.0, 26.0, 22.0
29.0, 84.0, 26.0, 22.0
27.0, 85.0, 26.0, 21.0
30.0, 85.0, 26.0, 21.0
28.0, 84.0, 26.0, 21.0
29.0, 83.0, 26.0, 22.0
28.0, 83.0, 26.0, 21.0
29.0, 83.0, 26.0, 21.0
30.0, 83.0, 26.0, 22.0
29.0, 83.0, 26.0, 22.0
29.0, 83.0, 25.0, 22.0
29.0, 84.0, 25.0, 22.0
30.0, 84.0, 26.0, 22.0
29.0, 83.0, 26.0, 23.0
30.0, 83.0, 26.0, 22.0
29.0, 83.0, 26.0, 22.0
29.0, 82.0, 26.0, 22.0
29.0, 82.0, 26.0, 21.0
29.0, 82.0, 26.0, 22.0
29.0, 80.0, 26.0, 23.0
30.0, 82.0, 26.0, 22.0
29.0, 81.0, 26.0, 22.0
30.0, 82.0, 26.0, 22.0
31.0, 83.0, 25.0, 21.0
31.0, 84.0, 25.0, 22.0
30.0, 84.0, 25.0, 22.0
30.0, 84.0, 26.0, 21.0
30.0, 84.0, 25.0, 21.0
30.0, 85.0, 26.0, 21.0
30.0, 84.0, 26.0, 22.0
30.0, 84.0, 25.0, 21.0
30.0, 84.0, 25.0, 22.0
30.0, 86.0, 25.0, 22.0
31.0, 86.0, 26.0, 21.0
31.0, 84.0, 26.0, 22.0
31.0, 85.0, 25.0, 22.0
29.0, 85.0, 26.0, 22.0
29.0, 83.0, 26.0, 22.0
30.0, 84.0, 26.0, 22.0
30.0, 83.0, 26.0, 22.0
30.0, 84.0, 26.0, 22.0
30.0, 84.0, 26.0, 22.0
31.0, 85.0, 25.0, 21.0
31.0, 86.0, 25.0, 21.0
30.0, 85.0, 25.0, 22.0
31.0, 85.0, 25.0, 22.0
30.0, 86.0, 26.0, 23.0
31.0, 87.0, 25.0, 22.0
31.0, 87.0, 26.0, 21.0
32.0, 87.0, 25.0, 21.0
32.0, 87.0, 25.0, 21.0
31.0, 87.0, 25.0, 22.0
31.0, 86.0, 25.0, 22.0
31.0, 87.0, 25.0, 21.0
32.0, 87.0, 25.0, 21.0
32.0, 87.0, 25.0, 21.0
31.0, 86.0, 25.0, 21.0
33.0, 86.0, 24.0, 21.0
33.0, 86.0, 24.0, 21.0
32.0, 87.0, 24.0, 21.0
32.0, 87.0, 24.0, 22.0
33.0, 86.0, 24.0, 22.0
33.0, 87.0, 25.0, 21.0
33.0, 85.0, 25.0, 22.0
33.0, 85.0, 25.0, 21.0
33.0, 84.0, 25.0, 20.0
34.0, 84.0, 24.0, 21.0
34.0, 84.0, 24.0, 20.0
35.0, 85.0, 24.0, 20.0
35.0, 84.0, 24.0, 21.0
35.0, 85.0, 24.0, 20.0
36.0, 85.0, 23.0, 20.0
37.0, 85.0, 24.0, 21.0
37.0, 84.0, 23.0, 21.0
38.0, 84.0, 24.0, 21.0
39.0, 84.0, 24.0, 21.0
39.0, 84.0, 24.0, 21.0
38.0, 84.0, 25.0, 20.0
40.0, 83.0, 24.0, 21.0
41.0, 84.0, 25.0, 20.0
41.0, 84.0, 23.0, 20.0
41.0, 84.0, 24.0, 20.0
42.0, 83.0, 24.0, 20.0
42.0, 83.0, 24.0, 21.0
44.0, 83.0, 24.0, 21.0
43.0, 83.0, 24.0, 20.0
44.0, 83.0, 25.0, 20.0
46.0, 83.0, 24.0, 20.0
46.0, 83.0, 23.0, 20.0
47.0, 83.0, 24.0, 20.0
48.0, 83.0, 23.0, 20.0
48.0, 83.0, 24.0, 21.0
50.0, 84.0, 24.0, 20.0
51.0, 82.0, 23.0, 20.0
52.0, 83.0, 22.0, 19.0
52.0, 82.0, 23.0, 20.0
53.0, 82.0, 23.0, 19.0
55.0, 83.0, 23.0, 19.0
55.0, 82.0, 23.0, 19.0
56.0, 82.0, 22.0, 20.0
57.0, 84.0, 22.0, 20.0
57.0, 87.0, 22.0, 20.0
59.0, 87.0, 22.0, 19.0
60.0, 88.0, 22.0, 20.0
60.0, 87.0, 22.0, 19.0
62.0, 87.0, 23.0, 19.0
64.0, 87.0, 22.0, 19.0
64.0, 85.0, 22.0, 19.0
65.0, 86.0, 21.0, 21.0
66.0, 85.0, 21.0, 21.0
67.0, 86.0, 22.0, 20.0
68.0, 86.0, 21.0, 21.0
69.0, 87.0, 23.0, 22.0
70.0, 88.0, 22.0, 22.0
71.0, 88.0, 23.0, 21.0
72.0, 88.0, 23.0, 21.0
72.0, 87.0, 23.0, 21.0
74.0, 86.0, 23.0, 21.0
75.0, 85.0, 23.0, 21.0
75.0, 84.0, 23.0, 21.0
77.0, 83.0, 23.0, 22.0
78.0, 84.0, 24.0, 21.0
79.0, 83.0, 23.0, 22.0
80.0, 83.0, 23.0, 22.0
81.0, 84.0, 22.0, 21.0
82.0, 83.0, 23.0, 21.0
83.0, 84.0, 23.0, 21.0
85.0, 84.0, 23.0, 21.0
86.0, 84.0, 23.0, 20.0
86.0, 84.0, 22.0, 21.0
88.0, 85.0, 22.0, 20.0
88.0, 85.0, 22.0, 21.0
89.0, 85.0, 22.0, 21.0
90.0, 85.0, 22.0, 21.0
91.0, 84.0, 22.0, 21.0
92.0, 85.0, 22.0, 21.0
92.0, 84.0, 22.0, 21.0
93.0, 84.0, 22.0, 21.0
93.0, 84.0, 22.0, 21.0
94.0, 84.0, 23.0, 21.0
95.0, 84.0, 22.0, 20.0
95.0, 84.0, 22.0, 21.0
96.0, 84.0, 22.0, 20.0
96.0, 84.0, 23.0, 20.0
97.0, 83.0, 22.0, 21.0
98.0, 84.0, 22.0, 20.0
98.0, 84.0, 22.0, 19.0
99.0, 83.0, 22.0, 20.0
100.0, 84.0, 22.0, 19.0
100.0, 84.0, 22.0, 19.0
101.0, 84.0, 22.0, 19.0
102.0, 84.0, 21.0, 19.0
102.0, 83.0, 22.0, 20.0
102.0, 84.0, 22.0, 20.0
102.0, 85.0, 22.0, 19.0
103.0, 84.0, 22.0, 19.0
103.0, 85.0, 22.0, 20.0
104.0, 84.0, 22.0, 19.0
103.0, 84.0, 22.0, 19.0
104.0, 84.0, 22.0, 19.0
105.0, 85.0, 22.0, 20.0
106.0, 86.0, 21.0, 19.0
104.0, 85.0, 22.0, 20.0
105.0, 85.0, 22.0, 21.0
106.0, 85.0, 22.0, 21.0
106.0, 85.0, 21.0, 21.0
106.0, 85.0, 21.0, 21.0
106.0, 85.0, 21.0, 20.0
106.0, 85.0, 21.0, 21.0
107.0, 85.0, 21.0, 19.0
106.0, 85.0, 22.0, 19.0
105.0, 84.0, 22.0, 19.0
107.0, 84.0, 20.0, 19.0
106.0, 84.0, 21.0, 19.0
106.0, 84.0, 20.0, 18.0
106.0, 85.0, 21.0, 18.0
106.0, 84.0, 20.0, 19.0
106.0, 84.0, 20.0, 19.0
106.0, 85.0, 21.0, 18.0
106.0, 85.0, 21.0, 18.0
106.0, 86.0, 21.0, 18.0
106.0, 86.0, 21.0, 18.0
107.0, 87.0, 20.0, 19.0
105.0, 86.0, 21.0, 19.0
106.0, 86.0, 21.0, 20.0
106.0, 87.0, 21.0, 20.0
105.0, 86.0, 21.0, 20.0
106.0, 87.0, 21.0, 20.0
106.0, 87.0, 21.0, 20.0
106.0, 87.0, 21.0, 20.0
106.0, 86.0, 22.0, 20.0
105.0, 87.0, 21.0, 20.0
105.0, 87.0, 22.0, 20.0
106.0, 88.0, 21.0, 19.0
105.0, 88.0, 21.0, 18.0
105.0, 88.0, 21.0, 18.0
106.0, 88.0, 20.0, 18.0
105.0, 87.0, 21.0, 19.0
104.0, 87.0, 21.0, 18.0
104.0, 86.0, 21.0, 19.0
104.0, 86.0, 20.0, 19.0
104.0, 85.0, 21.0, 18.0
104.0, 85.0, 21.0, 18.0
102.0, 84.0, 21.0, 18.0
103.0, 84.0, 22.0, 19.0
103.0, 85.0, 21.0, 18.0
103.0, 85.0, 21.0, 19.0
102.0, 85.0, 21.0, 18.0
102.0, 86.0, 21.0, 18.0
101.0, 86.0, 20.0, 19.0
102.0, 87.0, 20.0, 19.0
101.0, 87.0, 20.0, 19.0
101.0, 86.0, 20.0, 20.0
101.0, 87.0, 20.0, 19.0
100.0, 87.0, 21.0, 19.0
101.0, 87.0, 20.0, 20.0
100.0, 88.0, 21.0, 19.0
100.0, 87.0, 21.0, 19.0
100.0, 87.0, 21.0, 19.0
99.0, 86.0, 22.0, 19.0
101.0, 84.0, 21.0, 18.0
100.0, 85.0, 21.0, 18.0
101.0, 84.0, 21.0, 18.0
101.0, 84.0, 21.0, 18.0
101.0, 84.0, 21.0, 18.0
101.0, 84.0, 21.0, 18.0
101.0, 84.0, 21.0, 19.0
102.0, 84.0, 21.0, 19.0
102.0, 83.0, 20.0, 19.0
102.0, 83.0, 20.0, 19.0
102.0, 83.0, 21.0, 20.0
102.0, 83.0, 21.0, 19.0
103.0, 82.0, 20.0, 20.0
104.0, 83.0, 20.0, 19.0
104.0, 83.0, 20.0, 19.0
104.0, 83.0, 20.0, 18.0
105.0, 84.0, 20.0, 18.0
105.0, 84.0, 20.0, 18.0
105.0, 84.0, 20.0, 18.0
105.0, 84.0, 20.0, 18.0
106.0, 84.0, 20.0, 18.0
107.0, 84.0, 19.0, 18.0
106.0, 83.0, 21.0, 18.0
107.0, 83.0, 20.0, 18.0
106.0, 83.0, 21.0, 18.0
107.0, 82.0, 21.0, 18.0
108.0, 82.0, 21.0, 19.0
107.0, 82.0, 21.0, 20.0
108.0, 83.0, 20.0, 20.0
108.0, 83.0, 20.0, 20.0
109.0, 83.0, 20.0, 20.0
109.0, 83.0, 20.0, 20.0
110.0, 83.0, 20.0, 20.0
109.0, 83.0, 20.0, 20.0
109.0, 83.0, 20.0, 20.0
110.0, 83.0, 20.0, 20.0
111.0, 83.0, 20.0, 19.0
111.0, 84.0, 20.0, 19.0
111.0, 84.0, 20.0, 19.0
111.0, 84.0, 20.0, 20.0
111.0, 83.0, 20.0, 20.0
111.0, 83.0, 20.0, 20.0
111.0, 83.0, 21.0, 19.0
111.0, 83.0, 20.0, 20.0
111.0, 83.0, 20.0, 20.0
111.0, 83.0, 20.0, 20.0
111.0, 83.0, 21.0, 20.0
111.0, 82.0, 21.0, 19.0
111.0, 82.0, 21.0, 20.0
111.0, 82.0, 21.0, 19.0
112.0, 82.0, 20.0, 19.0
111.0, 82.0, 20.0, 19.0
111.0, 82.0, 20.0, 19.0
112.0, 82.0, 20.0, 19.0
111.0, 82.0, 21.0, 20.0
110.0, 83.0, 21.0, 19.0
110.0, 83.0, 21.0, 19.0
110.0, 83.0, 21.0, 19.0
110.0, 83.0, 20.0, 19.0
110.0, 82.0, 21.0, 19.0
110.0, 83.0, 22.0, 19.0
108.0, 83.0, 22.0, 18.0
109.0, 83.0, 22.0, 18.0
109.0, 83.0, 21.0, 18.0
110.0, 84.0, 21.0, 19.0
109.0, 84.0, 21.0, 20.0
109.0, 84.0, 21.0, 20.0
110.0, 85.0, 21.0, 19.0
109.0, 84.0, 22.0, 20.0
109.0, 83.0, 23.0, 20.0
108.0, 84.0, 23.0, 20.0
109.0, 83.0, 22.0, 19.0
108.0, 84.0, 22.0, 20.0
108.0, 84.0, 22.0, 19.0
108.0, 84.0, 23.0, 19.0
109.0, 84.0, 22.0, 19.0
109.0, 84.0, 22.0, 19.0
108.0, 83.0, 22.0, 20.0
108.0, 84.0, 22.0, 19.0
108.0, 82.0, 22.0, 21.0
108.0, 83.0, 23.0, 21.0
108.0, 84.0, 23.0, 21.0
108.0, 82.0, 23.0, 22.0
107.0, 83.0, 23.0, 21.0
107.0, 82.0, 23.0, 22.0
106.0, 82.0, 24.0, 22.0
107.0, 83.0, 24.0, 21.0
107.0, 83.0, 24.0, 20.0
107.0, 83.0, 25.0, 20.0
107.0, 84.0, 24.0, 20.0
107.0, 83.0, 24.0, 20.0
106.0, 83.0, 24.0, 20.0
106.0, 83.0, 24.0, 20.0
106.0, 84.0, 23.0, 20.0
106.0, 83.0, 24.0, 20.0
106.0, 84.0, 24.0, 19.0
106.0, 84.0, 23.0, 20.0
107.0, 84.0, 23.0, 19.0
107.0, 85.0, 23.0, 19.0
107.0, 85.0, 23.0, 19.0
106.0, 84.0, 23.0, 19.0
106.0, 84.0, 23.0, 19.0
105.0, 83.0, 23.0, 19.0
106.0, 84.0, 23.0, 20.0
105.0, 83.0, 23.0, 19.0
105.0, 83.0, 24.0, 19.0
106.0, 83.0, 23.0, 20.0
105.0, 84.0, 23.0, 19.0
105.0, 84.0, 23.0, 19.0
106.0, 84.0, 22.0, 18.0
105.0, 82.0, 23.0, 20.0
105.0, 83.0, 23.0, 19.0
104.0, 83.0, 23.0, 18.0
105.0, 82.0, 23.0, 19.0
104.0, 82.0, 23.0, 20.0
104.0, 82.0, 24.0, 20.0
105.0, 83.0, 23.0, 20.0
105.0, 83.0, 23.0, 20.0
105.0, 84.0, 23.0, 19.0
105.0, 85.0, 22.0, 19.0
104.0, 85.0, 23.0, 19.0
105.0, 85.0, 22.0, 18.0
105.0, 84.0, 22.0, 18.0
104.0, 83.0, 22.0, 19.0
104.0, 83.0, 22.0, 19.0
104.0, 83.0, 22.0, 19.0
104.0, 82.0, 22.0, 19.0
105.0, 83.0, 22.0, 18.0
104.0, 83.0, 22.0, 18.0
104.0, 84.0, 22.0, 18.0
104.0, 84.0, 21.0, 19.0
104.0, 84.0, 22.0, 18.0
104.0, 84.0, 22.0, 19.0
103.0, 84.0, 23.0, 19.0
104.0, 83.0, 22.0, 19.0
104.0, 83.0, 21.0, 20.0
104.0, 83.0, 21.0, 19.0
104.0, 83.0, 22.0, 19.0
103.0, 82.0, 22.0, 19.0
104.0, 82.0, 22.0, 19.0
103.0, 82.0, 23.0, 19.0
104.0, 82.0, 22.0, 18.0
103.0, 82.0, 22.0, 18.0
104.0, 83.0, 21.0, 18.0
104.0, 83.0, 22.0, 18.0
103.0, 84.0, 22.0, 20.0
104.0, 85.0, 21.0, 20.0
104.0, 86.0, 22.0, 20.0
104.0, 86.0, 22.0, 20.0
104.0, 86.0, 22.0, 20.0
104.0, 86.0, 22.0, 20.0
104.0, 86.0, 22.0, 21.0
104.0, 85.0, 22.0, 20.0
104.0, 85.0, 22.0, 20.0
104.0, 85.0, 23.0, 19.0
105.0, 85.0, 21.0, 19.0
105.0, 85.0, 22.0, 19.0
105.0, 84.0, 22.0, 19.0
106.0, 84.0, 22.0, 18.0
105.0, 84.0, 22.0, 19.0
106.0, 83.0, 21.0, 19.0
106.0, 83.0, 22.0, 18.0
107.0, 83.0, 22.0, 18.0
107.0, 81.0, 21.0, 18.0
108.0, 82.0, 21.0, 18.0
108.0, 81.0, 21.0, 18.0
108.0, 81.0, 21.0, 18.0
108.0, 81.0, 22.0, 18.0
108.0, 81.0, 22.0, 18.0
109.0, 81.0, 22.0, 18.0
109.0, 81.0, 22.0, 18.0
110.0, 82.0, 21.0, 18.0
109.0, 82.0, 23.0, 18.0
109.0, 82.0, 22.0, 18.0
109.0, 81.0, 22.0, 19.0
110.0, 82.0, 22.0, 18.0
110.0, 81.0, 22.0, 18.0
111.0, 82.0, 22.0, 19.0
111.0, 83.0, 22.0, 19.0
112.0, 83.0, 22.0, 19.0
112.0, 84.0, 22.0, 19.0
111.0, 84.0, 22.0, 18.0
113.0, 83.0, 22.0, 18.0
112.0, 82.0, 22.0, 19.0
113.0, 83.0, 22.0, 19.0
113.0, 83.0, 22.0, 19.0
115.0, 84.0, 21.0, 19.0
114.0, 84.0, 22.0, 19.0
115.0, 84.0, 21.0, 18.0
115.0, 84.0, 22.0, 18.0
116.0, 84.0, 21.0, 18.0
116.0, 83.0, 22.0, 19.0
117.0, 83.0, 22.0, 18.0
117.0, 83.0, 22.0, 19.0
117.0, 82.0, 22.0, 19.0
118.0, 82.0, 22.0, 19.0
117.0, 82.0, 23.0, 20.0
118.0, 81.0, 22.0, 21.0
118.0, 82.0, 22.0, 21.0
119.0, 82.0, 23.0, 21.0
118.0, 83.0, 22.0, 20.0
119.0, 82.0, 22.0, 21.0
119.0, 81.0, 23.0, 21.0
119.0, 81.0, 23.0, 22.0
119.0, 81.0, 23.0, 22.0
120.0, 80.0, 23.0, 22.0
119.0, 80.0, 24.0, 22.0
120.0, 80.0, 24.0, 22.0
120.0, 80.0, 23.0, 23.0
120.0, 80.0, 24.0, 22.0
119.0, 80.0, 24.0, 22.0
120.0, 80.0, 24.0, 23.0
120.0, 80.0, 24.0, 23.0
120.0, 81.0, 24.0, 22.0
121.0, 81.0, 24.0, 22.0
123.0, 80.0, 24.0, 22.0
124.0, 81.0, 24.0, 21.0
123.0, 82.0, 24.0, 20.0
123.0, 82.0, 23.0, 20.0
125.0, 81.0, 23.0, 20.0
125.0, 81.0, 23.0, 20.0
126.0, 81.0, 23.0, 20.0
126.0, 81.0, 22.0, 20.0
127.0, 81.0, 23.0, 20.0
127.0, 81.0, 22.0, 20.0
127.0, 81.0, 22.0, 20.0
128.0, 81.0, 22.0, 20.0
129.0, 82.0, 21.0, 19.0
130.0, 82.0, 22.0, 20.0
130.0, 82.0, 22.0, 19.0
130.0, 82.0, 22.0, 19.0
132.0, 82.0, 22.0, 20.0
132.0, 81.0, 22.0, 20.0
134.0, 81.0, 22.0, 19.0
134.0, 81.0, 22.0, 19.0
135.0, 80.0, 22.0, 19.0
137.0, 80.0, 21.0, 20.0
137.0, 79.0, 21.0, 22.0
137.0, 80.0, 23.0, 21.0
138.0, 79.0, 23.0, 22.0
138.0, 81.0, 24.0, 21.0
141.0, 80.0, 23.0, 21.0
142.0, 81.0, 23.0, 21.0
142.0, 81.0, 23.0, 20.0
143.0, 81.0, 23.0, 20.0
145.0, 81.0, 23.0, 20.0
146.0, 81.0, 23.0, 21.0
147.0, 81.0, 22.0, 20.0
147.0, 81.0, 22.0, 20.0
148.0, 80.0, 22.0, 19.0
149.0, 80.0, 22.0, 20.0
150.0, 81.0, 22.0, 20.0
151.0, 80.0, 22.0, 19.0
153.0, 80.0, 22.0, 20.0
154.0, 80.0, 21.0, 20.0
155.0, 80.0, 22.0, 20.0
155.0, 80.0, 22.0, 20.0
157.0, 81.0, 22.0, 20.0
157.0, 81.0, 22.0, 20.0
158.0, 81.0, 22.0, 21.0
159.0, 81.0, 23.0, 20.0
159.0, 81.0, 24.0, 21.0
159.0, 82.0, 24.0, 22.0
162.0, 79.0, 23.0, 22.0
162.0, 79.0, 23.0, 22.0
163.0, 78.0, 24.0, 21.0
163.0, 77.0, 24.0, 22.0
163.0, 78.0, 24.0, 22.0
164.0, 76.0, 25.0, 22.0
165.0, 77.0, 24.0, 22.0
166.0, 77.0, 24.0, 22.0
166.0, 77.0, 23.0, 21.0
166.0, 78.0, 23.0, 21.0
167.0, 77.0, 24.0, 21.0
166.0, 77.0, 24.0, 23.0
167.0, 78.0, 25.0, 24.0
168.0, 77.0, 25.0, 24.0
168.0, 78.0, 25.0, 25.0
169.0, 78.0, 24.0, 24.0
169.0, 79.0, 25.0, 25.0
169.0, 79.0, 25.0, 24.0
169.0, 80.0, 26.0, 24.0
170.0, 79.0, 25.0, 24.0
170.0, 79.0, 25.0, 24.0
171.0, 81.0, 24.0, 24.0
171.0, 80.0, 25.0, 24.0
172.0, 81.0, 25.0, 23.0
172.0, 82.0, 25.0, 23.0
172.0, 81.0, 25.0, 24.0
172.0, 81.0, 25.0, 24.0
173.0, 82.0, 25.0, 24.0
173.0, 81.0, 25.0, 24.0
173.0, 82.0, 26.0, 24.0
173.0, 82.0, 26.0, 24.0
174.0, 81.0, 26.0, 25.0
174.0, 80.0, 26.0, 24.0
174.0, 79.0, 26.0, 25.0
174.0, 80.0, 26.0, 24.0
175.0, 80.0, 25.0, 24.0
176.0, 81.0, 24.0, 22.0
175.0, 82.0, 25.0, 22.0
175.0, 82.0, 25.0, 21.0
176.0, 82.0, 24.0, 21.0
176.0, 83.0, 25.0, 21.0
177.0, 82.0, 24.0, 21.0
177.0, 82.0, 24.0, 22.0
176.0, 81.0, 25.0, 22.0
176.0, 82.0, 25.0, 22.0
176.0, 81.0, 25.0, 21.0
178.0, 80.0, 24.0, 22.0
177.0, 81.0, 25.0, 22.0
176.0, 81.0, 26.0, 22.0
177.0, 80.0, 26.0, 23.0
176.0, 80.0, 26.0, 22.0
178.0, 80.0, 26.0, 23.0
177.0, 80.0, 26.0, 24.0
177.0, 81.0, 26.0, 22.0
178.0, 81.0, 25.0, 23.0
176.0, 80.0, 26.0, 22.0
176.0, 81.0, 26.0, 23.0
175.0, 81.0, 26.0, 22.0
176.0, 81.0, 25.0, 23.0
176.0, 81.0, 25.0, 22.0
175.0, 81.0, 25.0, 22.0
175.0, 82.0, 25.0, 22.0
176.0, 81.0, 25.0, 21.0
176.0, 81.0, 24.0, 21.0
176.0, 82.0, 25.0, 22.0
176.0, 81.0, 24.0, 22.0
174.0, 81.0, 26.0, 23.0
175.0, 81.0, 25.0, 21.0
176.0, 81.0, 24.0, 21.0
175.0, 81.0, 24.0, 21.0
174.0, 81.0, 25.0, 21.0
173.0, 81.0, 25.0, 20.0
173.0, 81.0, 25.0, 21.0
173.0, 81.0, 25.0, 21.0
173.0, 82.0, 25.0, 21.0
171.0, 81.0, 25.0, 21.0
171.0, 82.0, 25.0, 21.0
171.0, 81.0, 26.0, 21.0
171.0, 81.0, 26.0, 22.0
171.0, 81.0, 26.0, 21.0
170.0, 80.0, 26.0, 21.0
169.0, 79.0, 26.0, 21.0
169.0, 79.0, 25.0, 20.0
169.0, 79.0, 25.0, 22.0
169.0, 79.0, 26.0, 22.0
169.0, 79.0, 26.0, 22.0
169.0, 80.0, 26.0, 22.0
169.0, 79.0, 25.0, 22.0
169.0, 80.0, 25.0, 22.0
170.0, 79.0, 24.0, 22.0
170.0, 80.0, 25.0, 21.0
168.0, 80.0, 25.0, 21.0
168.0, 80.0, 25.0, 22.0
169.0, 81.0, 24.0, 22.0
168.0, 80.0, 24.0, 22.0
168.0, 82.0, 25.0, 22.0
169.0, 82.0, 24.0, 22.0
169.0, 82.0, 24.0, 22.0
170.0, 82.0, 24.0, 22.0
169.0, 82.0, 25.0, 22.0
169.0, 82.0, 24.0, 23.0
170.0, 82.0, 24.0, 22.0
168.0, 83.0, 25.0, 22.0
170.0, 81.0, 24.0, 23.0
169.0, 79.0, 25.0, 23.0
171.0, 78.0, 23.0, 23.0
170.0, 77.0, 24.0, 23.0
170.0, 77.0, 24.0, 22.0
170.0, 77.0, 24.0, 23.0
169.0, 77.0, 25.0, 23.0
170.0, 77.0, 24.0, 24.0
171.0, 77.0, 25.0, 23.0
170.0, 77.0, 25.0, 23.0
170.0, 77.0, 26.0, 23.0
171.0, 77.0, 26.0, 22.0
170.0, 77.0, 25.0, 22.0
170.0, 77.0, 25.0, 22.0
170.0, 77.0, 25.0, 23.0
170.0, 78.0, 25.0, 24.0
171.0, 79.0, 26.0, 24.0
170.0, 79.0, 26.0, 24.0
171.0, 79.0, 25.0, 24.0
171.0, 79.0, 25.0, 24.0
172.0, 78.0, 25.0, 24.0
172.0, 79.0, 25.0, 24.0
172.0, 78.0, 25.0, 25.0
171.0, 77.0, 26.0, 26.0
172.0, 79.0, 26.0, 24.0
171.0, 78.0, 26.0, 25.0
172.0, 77.0, 26.0, 26.0
171.0, 76.0, 27.0, 26.0
171.0, 76.0, 27.0, 26.0
172.0, 75.0, 27.0, 25.0
172.0, 73.0, 26.0, 26.0
172.0, 73.0, 27.0, 26.0
172.0, 74.0, 27.0, 26.0
173.0, 75.0, 26.0, 26.0
171.0, 73.0, 27.0, 27.0
172.0, 75.0, 28.0, 26.0
172.0, 76.0, 28.0, 25.0
170.0, 76.0, 29.0, 26.0
172.0, 75.0, 27.0, 27.0
171.0, 76.0, 27.0, 26.0
170.0, 75.0, 28.0, 26.0
171.0, 75.0, 27.0, 28.0
171.0, 76.0, 27.0, 27.0
170.0, 75.0, 27.0, 26.0
171.0, 75.0, 27.0, 26.0
170.0, 74.0, 27.0, 26.0
171.0, 74.0, 26.0, 26.0
170.0, 74.0, 27.0, 25.0
170.0, 73.0, 28.0, 27.0
169.0, 73.0, 28.0, 26.0
169.0, 73.0, 27.0, 27.0
168.0, 73.0, 30.0, 26.0
169.0, 73.0, 29.0, 26.0
168.0, 72.0, 29.0, 27.0
167.0, 73.0, 29.0, 27.0
166.0, 72.0, 30.0, 27.0
167.0, 71.0, 28.0, 28.0
168.0, 70.0, 28.0, 29.0
166.0, 71.0, 29.0, 27.0
168.0, 70.0, 28.0, 28.0
166.0, 71.0, 29.0, 27.0
166.0, 71.0, 29.0, 26.0
165.0, 70.0, 31.0, 27.0
166.0, 70.0, 27.0, 28.0
165.0, 70.0, 28.0, 28.0
165.0, 70.0, 29.0, 27.0
165.0, 67.0, 27.0, 29.0
164.0, 69.0, 28.0, 27.0
164.0, 69.0, 29.0, 27.0
164.0, 70.0, 29.0, 27.0
163.0, 69.0, 29.0, 28.0
163.0, 70.0, 29.0, 27.0
162.0, 69.0, 29.0, 28.0
161.0, 71.0, 30.0, 27.0
162.0, 71.0, 28.0, 29.0
161.0, 71.0, 30.0, 27.0
161.0, 72.0, 29.0, 28.0
160.0, 69.0, 29.0, 29.0
159.0, 70.0, 30.0, 28.0
158.0, 70.0, 30.0, 29.0
159.0, 69.0, 30.0, 29.0
159.0, 69.0, 29.0, 29.0
158.0, 70.0, 31.0, 29.0
157.0, 71.0, 32.0, 27.0
157.0, 72.0, 30.0, 28.0
158.0, 72.0, 29.0, 27.0
157.0, 73.0, 30.0, 27.0
158.0, 71.0, 29.0, 27.0
157.0, 72.0, 30.0, 27.0
156.0, 72.0, 29.0, 27.0
158.0, 71.0, 28.0, 26.0
157.0, 71.0, 30.0, 26.0
159.0, 69.0, 29.0, 26.0
158.0, 66.0, 29.0, 29.0
159.0, 66.0, 28.0, 28.0
159.0, 66.0, 28.0, 26.0
158.0, 68.0, 29.0, 25.0
158.0, 66.0, 29.0, 26.0
156.0, 67.0, 29.0, 26.0
156.0, 68.0, 29.0, 26.0
155.0, 68.0, 30.0, 27.0
154.0, 68.0, 30.0, 27.0
155.0, 68.0, 29.0, 27.0
155.0, 68.0, 30.0, 27.0
154.0, 67.0, 30.0, 27.0
155.0, 68.0, 30.0, 27.0
154.0, 67.0, 30.0, 27.0
155.0, 67.0, 29.0, 28.0
154.0, 67.0, 30.0, 29.0
154.0, 68.0, 31.0, 27.0
154.0, 69.0, 30.0, 27.0
154.0, 68.0, 30.0, 28.0
154.0, 68.0, 30.0, 28.0
153.0, 68.0, 30.0, 28.0
154.0, 66.0, 29.0, 30.0
153.0, 67.0, 30.0, 29.0
152.0, 68.0, 32.0, 28.0
153.0, 67.0, 30.0, 29.0
153.0, 69.0, 29.0, 29.0
152.0, 68.0, 31.0, 29.0
154.0, 69.0, 29.0, 28.0
152.0, 67.0, 31.0, 31.0
152.0, 68.0, 29.0, 29.0
152.0, 67.0, 30.0, 29.0
152.0, 66.0, 31.0, 28.0
153.0, 65.0, 29.0, 30.0
153.0, 67.0, 29.0, 28.0
153.0, 67.0, 29.0, 27.0
153.0, 66.0, 29.0, 29.0
154.0, 67.0, 29.0, 28.0
153.0, 67.0, 29.0, 28.0
154.0, 68.0, 28.0, 27.0
154.0, 67.0, 29.0, 27.0
154.0, 68.0, 28.0, 27.0
153.0, 67.0, 29.0, 27.0
152.0, 67.0, 30.0, 26.0
152.0, 66.0, 30.0, 27.0
152.0, 66.0, 31.0, 28.0
