196.0, 51.0, 139.0, 194.0
196.0, 51.0, 140.0, 193.0
195.0, 47.0, 142.0, 193.0
196.0, 48.0, 141.0, 194.0
193.0, 46.0, 145.0, 197.0
193.0, 45.0, 146.0, 197.0
193.0, 44.0, 146.0, 198.0
191.0, 42.0, 148.0, 200.0
192.0, 44.0, 148.0, 199.0
193.0, 43.0, 145.0, 199.0
192.0, 43.0, 147.0, 204.0
192.0, 40.0, 143.0, 206.0
191.0, 41.0, 142.0, 207.0
188.0, 41.0, 145.0, 206.0
185.0, 40.0, 145.0, 207.0
185.0, 41.0, 145.0, 206.0
183.0, 36.0, 144.0, 210.0
182.0, 35.0, 142.0, 213.0
180.0, 33.0, 139.0, 210.0
180.0, 32.0, 140.0, 215.0
178.0, 24.0, 137.0, 223.0
177.0, 25.0, 133.0, 213.0
178.0, 23.0, 130.0, 222.0
176.0, 20.0, 133.0, 225.0
177.0, 21.0, 132.0, 222.0
173.0, 19.0, 138.0, 225.0
172.0, 19.0, 142.0, 224.0
169.0, 20.0, 147.0, 216.0
168.0, 21.0, 156.0, 225.0
173.0, 19.0, 147.0, 221.0
177.0, 21.0, 147.0, 218.0
176.0, 22.0, 154.0, 211.0
173.0, 22.0, 165.0, 214.0
169.0, 21.0, 172.0, 217.0
178.0, 24.0, 173.0, 214.0
181.0, 23.0, 175.0, 216.0
183.0, 22.0, 177.0, 215.0
181.0, 22.0, 173.0, 216.0
192.0, 23.0, 166.0, 209.0
200.0, 24.0, 159.0, 212.0
203.0, 26.0, 155.0, 209.0
214.0, 25.0, 157.0, 213.0
219.0, 20.0, 160.0, 215.0
227.0, 26.0, 162.0, 215.0
231.0, 27.0, 164.0, 210.0
233.0, 18.0, 173.0, 203.0
240.0, 18.0, 169.0, 210.0
246.0, 17.0, 172.0, 208.0
253.0, 17.0, 169.0, 205.0
266.0, 29.0, 175.0, 214.0
289.0, 49.0, 176.0, 220.0
284.0, 49.0, 174.0, 221.0
304.0, 69.0, 181.0, 225.0
318.0, 78.0, 176.0, 227.0
317.0, 74.0, 175.0, 229.0
331.0, 85.0, 169.0, 219.0
337.0, 93.0, 172.0, 216.0
340.0, 98.0, 169.0, 214.0
313.0, 96.0, 166.0, 205.0
277.0, 98.0, 168.0, 200.0
265.0, 99.0, 166.0, 200.0
270.0, 92.0, 162.0, 208.0
283.0, 91.0, 164.0, 216.0
284.0, 96.0, 165.0, 214.0
278.0, 95.0, 166.0, 212.0
275.0, 92.0, 168.0, 211.0
270.0, 93.0, 167.0, 209.0
271.0, 94.0, 170.0, 211.0
282.0, 96.0, 165.0, 208.0
281.0, 102.0, 165.0, 198.0
276.0, 104.0, 168.0, 198.0
279.0, 110.0, 167.0, 194.0
274.0, 104.0, 172.0, 201.0
290.0, 111.0, 166.0, 192.0
291.0, 117.0, 168.0, 190.0
286.0, 113.0, 169.0, 192.0
283.0, 112.0, 172.0, 194.0
286.0, 112.0, 166.0, 193.0
291.0, 101.0, 146.0, 204.0
299.0, 108.0, 158.0, 191.0
305.0, 107.0, 155.0, 188.0
306.0, 111.0, 161.0, 188.0
312.0, 113.0, 157.0, 180.0
316.0, 125.0, 140.0, 195.0
307.0, 125.0, 152.0, 180.0
316.0, 125.0, 144.0, 175.0
313.0, 124.0, 147.0, 182.0
312.0, 121.0, 150.0, 180.0
305.0, 120.0, 155.0, 179.0
317.0, 119.0, 153.0, 179.0
306.0, 120.0, 156.0, 176.0
317.0, 113.0, 147.0, 182.0
313.0, 116.0, 149.0, 180.0
301.0, 115.0, 154.0, 176.0
299.0, 108.0, 159.0, 177.0
297.0, 112.0, 159.0, 174.0
305.0, 114.0, 157.0, 173.0
309.0, 119.0, 154.0, 172.0
313.0, 116.0, 135.0, 188.0
305.0, 122.0, 153.0, 169.0
306.0, 116.0, 156.0, 175.0
303.0, 118.0, 158.0, 177.0
301.0, 120.0, 161.0, 178.0
301.0, 117.0, 158.0, 177.0
309.0, 118.0, 159.0, 178.0
310.0, 113.0, 159.0, 177.0
305.0, 114.0, 157.0, 174.0
303.0, 117.0, 155.0, 173.0
313.0, 120.0, 153.0, 169.0
302.0, 119.0, 153.0, 171.0
309.0, 119.0, 153.0, 171.0
304.0, 123.0, 152.0, 171.0
302.0, 118.0, 155.0, 173.0
302.0, 116.0, 157.0, 177.0
302.0, 116.0, 158.0, 177.0
317.0, 112.0, 157.0, 178.0
301.0, 113.0, 158.0, 176.0
301.0, 115.0, 159.0, 175.0
299.0, 109.0, 160.0, 180.0
298.0, 116.0, 161.0, 178.0
302.0, 113.0, 160.0, 178.0
305.0, 111.0, 161.0, 180.0
297.0, 112.0, 166.0, 184.0
303.0, 113.0, 164.0, 182.0
