549,553,168,165
544,544,169,166
539,539,170,167
538,540,171,168
537,536,171,168
539,534,171,168
538,531,170,168
537,526,170,168
537,526,170,167
535,524,169,167
536,524,169,167
533,521,169,166
530,521,169,166
531,521,168,166
530,518,168,165
530,517,167,165
527,514,167,164
525,511,167,164
526,511,166,164
526,504,166,163
524,502,165,162
521,500,165,162
519,496,164,161
521,497,164,161
518,494,163,161
519,492,163,160
518,488,162,160
516,485,162,159
516,485,161,159
508,481,161,159
505,479,160,158
501,476,160,158
500,470,159,157
499,471,158,157
500,464,158,157
496,458,158,157
494,452,158,157
490,447,158,156
492,448,157,156
483,437,157,156
482,434,157,155
480,431,156,155
477,428,156,154
479,428,155,154
473,427,156,153
473,427,155,153
472,426,155,153
472,423,155,153
472,422,155,152
475,420,155,152
473,414,155,152
472,414,155,152
472,416,154,152
471,417,154,152
468,419,154,152
465,422,154,152
465,426,153,152
469,429,153,152
468,429,153,152
473,432,152,152
480,437,153,152
486,439,153,152
493,442,154,152
491,442,154,153
497,446,155,153
501,449,155,153
503,453,155,154
511,458,155,155
508,458,156,156
516,463,157,157
521,470,157,158
532,491,158,158
536,497,158,159
533,497,159,160
539,505,159,161
544,514,160,162
550,525,161,163
554,526,162,163
553,526,163,163
555,526,164,163
555,532,164,165
562,536,165,165
561,541,166,166
561,540,167,167
557,540,168,167
556,540,169,167
556,540,169,167
560,539,170,168
559,538,171,169
574,541,172,169
586,543,172,169
588,532,172,170
587,532,174,171
586,531,175,172
588,535,175,173
584,532,177,174
587,534,177,176
595,547,178,176
594,546,178,175
596,539,178,175
590,514,179,175
581,509,180,176
591,536,182,178
591,534,184,179
603,539,185,180
613,540,186,180
616,555,186,176
609,555,187,172
610,557,188,169
606,552,188,169
605,552,188,169
606,553,188,169
592,560,188,167
595,559,188,165
588,569,188,161
597,571,188,158
603,571,188,156
600,574,188,153
600,576,188,151
607,577,188,149
614,576,187,148
621,573,187,148
625,567,188,149
626,566,188,150
623,566,190,152
616,564,190,153
621,563,191,154
626,560,192,155
626,559,192,156
629,556,193,157
634,552,193,159
639,542,191,164
642,540,189,167
641,538,188,170
642,542,187,172
643,542,186,173
647,540,186,175
645,545,185,175
646,545,185,175
644,548,185,174
648,548,185,172
656,550,186,171
662,550,185,170
661,551,185,170
671,549,185,169
674,547,185,170
671,548,185,171
674,547,184,171
675,548,184,171
674,546,184,171
674,548,184,171
674,547,184,171
675,542,184,173
674,542,184,174
678,538,184,175
681,532,184,177
685,531,184,177
688,531,184,178
688,529,184,179
691,528,184,179
689,530,184,179
685,530,184,180
683,532,184,180
683,532,184,181
680,536,183,181
680,532,184,181
682,533,184,181
676,535,184,182
677,534,184,181
671,537,184,181
665,537,184,182
655,538,184,182
638,541,185,181
640,541,185,180
618,547,186,177
611,549,187,175
598,555,186,172
593,559,186,168
593,561,186,166
590,564,185,163
594,564,184,161
592,565,184,159
591,565,183,158
593,565,183,157
592,565,183,157
590,564,182,157
583,563,182,158
583,561,182,159
583,560,182,160
578,558,182,161
579,556,182,162
579,555,182,163
575,555,181,164
576,555,181,164
577,556,181,164
581,554,181,165
583,555,181,165
583,557,180,165
583,557,180,165
578,559,181,164
575,561,181,162
578,561,181,161
578,562,181,161
580,562,181,160
580,564,181,159
584,562,181,159
587,562,180,159
590,558,180,160
590,558,179,161
590,558,179,162
587,559,178,162
585,558,178,162
587,558,178,162
587,557,178,163
587,558,178,163
585,559,178,163
586,558,178,163
590,551,178,165
589,551,178,166
595,544,177,168
598,540,177,169
598,541,176,170
600,539,176,171
599,539,175,171
602,538,175,172
604,538,175,172
605,537,174,172
602,540,174,173
602,540,173,173
604,536,173,173
603,536,173,173
595,542,174,174
589,542,174,174
590,542,174,175
592,537,175,175
597,531,175,175
595,533,175,175
590,534,175,176
592,534,175,176
593,533,175,176
591,534,174,176
589,536,174,176
589,539,174,176
590,539,174,175
592,537,174,175
589,539,174,175
590,541,174,175
592,539,175,175
591,539,175,175
593,537,175,175
594,535,175,174
594,538,175,175
587,543,175,175
590,543,175,175
584,546,174,174
586,547,175,174
583,547,175,173
583,547,175,173
583,547,175,172
587,544,176,172
588,542,175,173
588,540,175,173
590,536,175,173
590,536,175,173
590,535,175,174
585,537,175,174
583,537,175,174
588,530,175,174
586,530,175,175
590,527,175,175
585,528,175,175
590,526,175,175
588,525,175,175
590,526,175,175
586,525,175,176
587,525,176,176
589,522,176,176
590,521,176,176
588,521,176,176
590,522,176,176
590,524,176,176
590,526,175,176
591,526,175,176
589,526,176,175
591,524,176,175
588,523,176,176
592,521,176,176
594,517,177,175
593,516,177,174
600,512,176,174
603,509,176,174
608,508,176,173
612,505,176,173
611,505,176,173
616,503,176,173
615,504,176,173
614,504,176,173
618,501,177,173
617,501,177,174
620,501,178,174
617,502,178,174
621,502,178,174
624,500,179,175
625,499,178,175
625,499,178,175
627,498,178,175
627,496,178,175
628,492,178,175
628,492,178,175
630,491,178,175
632,490,178,175
633,489,178,175
634,487,178,174
634,487,178,174
634,485,178,174
631,483,178,174
629,482,178,174
624,484,178,174
625,485,178,174
625,484,178,174
630,480,177,174
629,480,177,174
631,481,177,175
630,481,177,175
634,477,178,175
632,476,178,175
627,478,178,175
630,478,178,175
628,478,178,175
627,479,178,175
624,481,178,176
623,482,179,176
624,480,179,176
624,480,179,176
625,480,179,176
625,481,179,176
630,479,179,176
633,478,178,176
632,478,178,176
632,478,178,176
633,477,178,176
634,475,178,176
635,472,178,176
634,472,178,176
632,470,179,176
628,470,179,176
624,471,179,176
627,470,179,176
628,470,179,176
633,466,179,176
638,463,179,176
640,459,179,176
643,455,179,176
642,455,179,176
650,446,179,176
645,446,179,176
643,447,179,176
640,448,179,176
641,448,179,175
636,451,179,175
632,453,178,175
628,457,179,176
622,461,179,176
624,462,179,176
618,463,179,176
620,461,179,176
615,462,179,176
612,462,179,176
613,462,179,176
608,462,179,176
607,461,179,176
607,459,180,176
606,458,180,177
606,457,180,177
602,456,180,177
597,456,180,177
593,458,180,177
589,458,180,177
592,459,181,177
592,456,181,177
593,451,180,178
592,449,180,178
589,448,180,178
590,448,180,178
589,448,181,178
590,445,180,178
589,440,180,178
585,438,181,178
586,438,181,178
576,436,181,179
575,431,181,179
570,424,181,179
572,418,181,179
572,418,181,179
576,411,180,178
580,404,179,178
593,386,178,176
596,380,176,175
596,380,175,174
594,379,172,174
591,378,170,173
848,342,173,180
848,336,179,184
847,334,185,188
837,334,188,191
830,332,190,193
828,325,190,195
823,320,190,196
826,319,190,197
817,317,191,198
811,318,192,199
800,317,192,200
799,317,193,201
798,317,193,201
796,313,194,202
790,314,195,202
780,319,196,203
779,320,197,203
780,321,198,204
775,325,199,203
770,328,201,204
769,330,202,204
771,331,203,204
770,330,203,204
764,334,204,205
761,338,205,205
761,340,206,206
767,339,207,206
766,338,208,206
769,337,208,206
766,338,209,207
767,338,210,207
769,337,211,208
768,337,211,208
769,337,211,209
770,339,212,209
772,338,212,209
773,338,212,209
771,338,213,209
768,338,213,209
769,338,213,209
764,339,214,210
765,339,213,210
765,339,213,210
765,339,213,210
1066,328,213,210
1067,329,213,210
1064,329,213,211
1066,328,213,211
1063,330,213,211
1061,330,214,211
1063,329,214,211
1065,328,214,210
1065,328,214,210
1066,327,214,210
1063,328,214,210
1062,329,214,210
1062,330,214,210
1063,330,215,211
1063,330,215,211
1062,330,215,211
1060,331,215,211
1059,331,216,211
1059,331,216,211
1055,332,216,211
1051,333,216,211
1045,337,217,211
1041,337,217,211
1043,336,217,211
1037,337,217,211
1023,340,218,211
1020,338,218,211
1020,336,219,212
1019,334,220,212
1017,333,220,213
1018,332,220,213
1017,332,220,214
1015,336,220,214
1016,335,220,215
1013,338,220,215
1015,342,220,215
1012,345,220,214
1011,346,220,214
1012,346,219,214
1010,347,219,214
1010,345,219,214
1007,345,219,214
1001,346,219,214
1003,345,219,214
998,347,220,214
997,344,220,214
999,343,220,214
997,343,220,215
999,342,220,215
994,345,221,215
993,344,221,215
993,344,221,215
988,347,221,215
988,347,221,215
984,350,222,215
985,350,222,215
983,348,222,215
981,347,222,215
982,348,222,215
980,348,222,215
978,349,222,215
978,346,221,215
978,345,221,215
978,346,221,215
976,345,221,215
975,342,222,215
978,338,222,215
976,339,222,215
978,339,221,215
979,340,221,215
976,342,221,215
976,341,221,215
978,339,221,215
976,340,221,215
978,338,220,215
975,336,220,214
970,336,220,214
962,330,220,212
963,330,219,212
960,325,219,210
964,318,218,209
967,310,217,208
970,299,216,206
970,298,216,206
977,287,216,205
981,274,216,205
981,263,216,205
981,244,216,204
982,245,215,204
978,238,216,205
974,230,216,205
970,220,217,205
1055,524,218,202
1059,521,219,201
1051,514,221,202
1045,496,222,207
1041,468,223,210
1040,413,224,212
1039,411,226,215
1037,387,227,218
1036,368,228,220
1041,355,229,222
1043,339,229,224
1040,338,229,225
1047,326,230,227
1054,315,228,227
1054,315,228,227
978,-17,228,219
979,-13,228,212
995,-17,227,204
694,-7,225,202
808,288,224,204
813,276,223,206
813,275,224,207
818,260,223,208
824,245,223,210
989,533,221,202
995,528,217,198
996,531,214,194
1001,524,212,193
1002,520,210,193
1004,516,209,193
1004,512,208,194
1006,511,207,194
1005,509,207,194
1003,507,206,194
1002,507,206,195
1005,505,205,195
1004,505,205,195
1008,506,204,195
1013,507,204,195
1017,506,204,195
1021,506,203,196
1020,507,203,196
1021,509,203,196
1024,509,203,196
1028,509,203,196
1029,513,202,197
1027,513,202,197
1027,517,202,196
1027,518,202,196
1026,520,202,195
1025,521,202,194
1026,521,201,194
1026,523,201,193
1023,523,202,193
1023,524,202,192
1025,522,202,192
1023,523,202,192
1028,521,202,192
1030,525,202,192
1027,527,202,192
1030,527,202,191
1028,527,202,191
1029,528,202,190
1025,529,202,190
1026,531,202,189
1027,532,202,188
1026,532,202,187
1027,532,202,187
1027,534,202,186
1025,538,202,185
1021,541,202,183
1024,539,202,182
1023,539,202,181
1026,537,201,181
1022,541,201,180
1019,544,202,179
1020,543,202,178
1020,544,202,177
1021,543,203,177
1016,550,203,175
1016,549,203,174
1015,551,204,172
1016,549,204,171
1015,551,204,170
1015,550,204,170
1014,551,204,170
1014,551,204,170
1014,553,204,169
1015,552,204,168
1015,555,204,167
1015,557,204,166
1016,558,204,166
1017,559,204,165
1017,557,204,164
1018,560,204,163
1017,559,204,163
1017,560,204,163
1013,563,204,162
1011,562,204,161
1013,562,204,161
1018,555,203,161
1018,557,204,161
1021,555,204,162
1029,552,204,163
1032,550,205,164
1033,553,206,165
1033,552,206,165
1032,558,206,165
1031,560,206,164
1030,560,207,162
1041,560,206,162
1040,561,206,162
1044,558,206,161
1050,559,206,161
1056,558,206,162
1064,557,206,163
1062,557,206,163
1068,557,205,163
1074,556,205,164
1079,559,204,164
1084,560,202,163
1083,561,201,162
1092,560,198,162
1098,561,194,161
1102,564,189,161
1107,564,185,159
1108,565,182,158
1113,567,178,157
1116,570,174,155
1120,572,171,153
1125,573,167,151
1128,575,163,149
1132,581,159,147
1136,582,156,145
1140,583,152,142
1143,585,148,140
1144,586,144,138
1147,588,142,136
1150,588,139,135
1153,590,136,133
1155,592,134,132
1156,592,131,131
1158,594,129,130
1159,597,127,128
1161,601,126,126
1164,602,124,124
1165,602,122,122
1167,603,120,121
1168,603,118,120
1171,603,116,119
1172,604,114,118
1173,606,113,117
1175,607,111,116
1177,609,110,115
1178,612,108,113
1178,615,107,111
1179,616,106,109
1180,617,105,107
1181,618,104,106
1181,621,103,104
1180,623,103,102
1181,624,103,100
1181,626,102,99
1182,629,102,96
1184,631,100,94
1186,633,99,91
1187,636,98,89
1188,638,97,86
1191,639,96,84
1194,640,94,83
1195,641,92,82
1197,641,90,81
1199,641,88,80
1200,642,86,79
1201,648,85,77
1201,643,83,77
1201,649,83,75
1201,645,82,75
1200,643,81,75
1199,650,81,73
1199,647,80,72
1199,644,80,73
1199,651,80,71
1199,649,79,71
1198,648,79,70
1198,654,79,69
1199,651,79,68
1200,656,79,67
1202,650,78,67
1206,652,76,68
1206,652,76,68
906,664,85,63
649,667,92,59
417,663,98,59
430,662,101,60
414,662,107,60
409,663,113,60
403,666,120,58
394,669,127,55
390,672,133,52
391,673,138,50
387,674,141,48
386,675,144,46
385,678,146,44
388,680,148,43
390,681,148,41
390,683,148,39
391,684,146,37
396,685,146,36
399,686,145,35
399,687,143,34
400,688,141,33
400,689,139,32
404,690,138,31
405,691,137,30
405,691,137,30
90,678,139,33
80,678,142,35
77,679,146,36
78,679,149,36
72,681,151,35
71,683,152,35
69,685,152,34
59,685,152,34
43,648,143,43
49,659,136,48
54,645,130,55
71,652,126,58
86,658,124,59
91,653,121,61
96,659,120,60
100,654,118,61
102,659,117,61
106,655,116,61
107,661,116,60
117,656,115,61
113,655,115,61
114,663,118,59
120,551,110,68
125,560,104,75
132,569,100,80
136,567,96,84
153,578,94,89
147,579,91,93
597,603,91,97
149,596,90,100
155,599,90,103
602,606,94,106
587,611,96,107
586,613,99,107
586,617,105,106
1060,126,112,112
1053,127,118,118
1047,128,124,123
1043,126,130,127
1041,123,134,132
1039,122,138,136
1036,120,141,139
1032,117,144,141
1025,114,147,144
1018,110,149,146
1018,109,150,147
1008,108,152,148
995,109,153,149
984,111,154,150
971,116,154,150
974,116,155,150
958,120,156,150
939,126,156,150
932,128,156,150
923,134,156,150
926,134,157,150
921,135,157,150
917,139,157,150
909,147,157,150
907,149,157,150
907,149,157,150
899,153,157,150
895,158,157,150
885,165,157,149
888,163,156,150
887,162,157,150
882,164,157,150
882,166,157,150
884,168,157,150
884,170,157,150
885,170,156,150
882,177,156,150
885,181,156,150
886,187,155,149
888,193,154,149
886,194,154,149
886,198,154,148
889,201,153,148
890,206,153,148
886,212,152,148
889,212,152,147
888,213,151,147
889,216,151,146
896,216,150,145
908,209,150,144
911,208,150,144
904,213,149,143
898,220,149,143
902,223,149,143
902,223,149,143
901,224,149,143
904,224,149,143
899,226,149,143
894,235,149,143
891,243,149,142
893,243,149,142
886,250,149,142
878,266,149,142
868,279,149,141
861,291,149,141
865,290,148,141
866,297,148,141
873,299,148,141
880,303,147,141
877,312,147,140
879,311,147,140
876,313,147,140
875,310,147,139
868,307,147,139
864,303,147,138
868,303,146,138
858,299,145,138
854,300,145,137
855,296,145,137
853,290,144,136
855,291,144,136
855,285,144,135
855,280,143,135
859,280,143,135
866,276,143,135
867,275,143,135
873,273,143,134
877,274,143,134
881,277,142,134
880,280,142,134
882,280,142,134
871,289,141,133
869,289,141,133
873,284,141,133
876,286,141,133
875,286,141,133
869,287,141,133
864,287,141,134
858,288,141,134
845,290,141,134
849,290,141,134
841,292,141,133
850,284,141,133
854,277,141,133
856,276,141,133
855,276,141,133
855,272,141,133
852,271,141,133
853,279,140,134
857,283,140,134
858,283,140,134
858,287,139,134
858,289,139,133
859,290,139,133
858,294,139,133
858,294,139,133
859,298,139,133
861,300,138,133
856,304,138,133
857,308,138,133
857,309,138,133
860,315,138,133
860,317,138,133
855,318,139,133
848,315,139,133
850,315,139,133
841,314,139,133
833,313,139,133
826,312,139,133
827,312,139,133
826,312,139,133
824,309,139,133
825,307,139,133
827,305,139,133
827,301,140,132
828,300,140,133
831,295,140,132
834,292,140,132
833,295,140,133
828,298,141,133
831,298,141,133
827,301,141,134
822,311,141,134
824,312,141,134
827,311,141,134
827,311,141,134
832,311,141,134
834,309,141,134
837,302,141,134
835,303,142,134
835,303,142,134
831,304,142,134
832,303,142,134
828,300,142,134
826,301,142,134
827,301,142,134
829,301,142,134
832,299,142,134
833,295,142,134
835,293,142,134
834,293,142,134
834,293,142,134
832,292,142,134
830,292,142,135
831,292,142,135
831,292,142,135
832,291,142,135
832,291,142,135
829,291,142,135
830,292,142,135
831,292,142,135
834,289,142,135
835,289,142,135
835,291,142,135
837,290,142,135
836,290,142,135
837,290,142,135
835,291,142,135
837,290,142,135
836,291,142,135
837,291,142,135
833,294,142,135
833,294,142,135
831,295,142,135
829,295,142,135
830,295,142,136
830,296,142,136
826,296,142,136
826,296,142,136
826,296,142,136
825,296,142,136
826,294,143,136
824,294,143,136
824,293,142,136
825,293,142,136
824,293,142,136
824,294,142,136
824,294,142,136
824,295,142,136
823,296,142,136
824,296,142,136
820,296,142,136
823,296,142,136
826,295,142,136
826,293,142,136
826,293,142,136
825,294,142,136
826,293,142,136
825,293,142,136
827,293,142,136
827,293,142,136
828,293,142,136
830,294,142,137
828,295,142,136
829,295,142,137
829,294,143,137
832,293,143,137
833,292,143,137
830,293,143,137
830,293,143,137
831,293,143,137
831,292,143,137
832,292,143,137
833,293,143,137
830,294,143,137
831,295,143,136
827,298,143,136
824,302,143,136
825,305,143,136
825,306,143,136
826,306,144,137
825,307,144,137
827,307,144,137
826,307,144,137
826,308,144,137
826,308,144,137
825,308,144,138
827,305,144,138
828,303,144,138
828,302,144,138
828,302,144,138
823,302,144,138
818,295,145,138
812,290,145,137
812,289,144,138
812,289,144,138
813,283,144,137
806,278,144,137
795,267,143,136
783,254,143,135
784,252,142,134
776,244,141,134
774,245,140,134
775,246,140,134
773,242,139,133
775,242,139,133
773,237,138,132
777,236,138,132
779,229,137,131
781,226,136,131
780,225,136,131
780,221,136,130
778,216,135,130
777,211,135,130
776,198,135,129
777,198,135,129
773,192,134,129
772,191,134,129
768,188,134,128
770,179,134,128
770,179,134,128
770,166,134,128
769,162,134,127
768,157,133,127
769,145,133,127
770,145,133,127
772,141,132,127
773,137,132,127
775,129,132,126
777,126,132,126
776,126,131,126
774,123,131,126
770,117,131,126
771,114,131,126
768,112,131,126
769,112,130,126
766,109,130,126
764,107,130,126
760,108,130,126
762,108,129,126
761,108,129,126
753,113,129,126
747,118,129,126
740,120,129,126
732,122,129,126
734,122,129,126
724,126,129,125
718,127,128,125
715,126,129,125
712,128,129,125
714,128,129,125
706,131,129,125
703,133,129,125
705,139,128,125
700,148,128,125
703,148,128,125
699,151,127,124
704,153,127,124
709,157,127,124
712,162,127,124
709,162,127,124
713,170,127,125
