978,496,56,25
969,508,55,26
957,514,54,27
947,511,55,27
940,511,56,27
934,520,57,28
932,521,58,28
934,519,58,28
946,526,58,28
953,520,58,28
956,510,58,28
944,490,55,29
951,484,53,30
960,483,53,30
964,489,54,30
970,506,55,30
969,500,53,32
958,513,53,33
933,548,55,32
909,560,57,32
882,566,59,32
858,567,60,32
840,572,61,32
828,577,62,32
818,584,63,33
807,596,65,33
793,603,68,33
776,618,70,34
756,632,73,35
707,639,70,39
680,647,67,42
666,654,65,44
646,654,64,45
640,652,64,45
627,645,63,45
608,637,62,45
590,630,61,45
585,630,63,44
585,630,63,44
530,468,65,43
613,201,63,46
624,177,61,48
331,349,67,44
123,268,70,41
-4,235,66,43
-3,235,63,43
-4,225,61,44
-2,221,59,44
-1,217,57,44
4,206,57,43
10,196,59,42
0,358,57,41
-3,360,55,42
19,185,57,40
21,193,58,38
21,193,58,38
36,218,61,36
51,232,63,34
71,247,64,33
87,267,64,33
91,305,65,31
103,330,64,31
340,436,65,31
354,447,66,31
361,446,67,32
362,444,68,32
364,438,69,32
371,443,68,33
296,467,68,33
180,321,68,33
185,328,64,36
267,477,65,37
248,482,65,38
222,501,66,39
202,513,66,39
181,525,66,40
34,685,69,38
270,437,70,37
350,509,67,37
316,530,65,37
119,311,63,39
235,575,62,39
174,625,63,38
118,659,60,40
49,676,57,41
93,674,56,41
293,667,56,43
293,667,56,43
45,416,57,44
107,262,57,44
378,273,58,42
384,265,58,40
385,262,58,39
391,258,57,39
395,255,56,39
395,254,55,39
397,258,54,38
397,260,53,38
396,267,52,37
400,275,51,37
400,288,50,37
393,305,49,36
381,312,47,36
367,325,46,36
355,334,45,36
352,334,43,36
355,338,42,36
354,343,42,36
230,357,41,36
349,349,40,36
230,361,40,36
229,367,41,36
351,364,39,36
150,393,42,33
225,385,43,34
11,384,45,32
54,381,48,31
200,395,51,29
27,391,55,28
15,401,57,27
2,408,58,28
-4,413,56,28
140,423,58,28
127,426,60,28
112,430,62,28
96,434,64,28
82,439,65,28
68,443,67,27
61,442,67,27
47,452,68,27
39,455,69,27
29,454,70,27
29,454,70,27
29,454,70,27
29,454,70,27
-2,457,69,28
-2,455,67,28
-3,459,65,29
-4,454,62,31
-3,450,59,34
-6,451,55,36
-7,447,50,40
3,452,51,40
0,455,50,41
-3,460,48,41
-5,463,45,43
-4,466,43,43
-9,463,40,47
-7,467,36,49
-7,466,33,52
-7,466,33,52
-7,466,33,52
9,546,35,49
9,546,35,49
83,670,36,48
169,451,39,44
164,451,41,41
159,450,43,39
153,449,46,36
202,433,47,35
125,448,46,33
116,450,45,33
186,439,45,31
100,456,45,31
175,437,45,30
168,436,46,29
165,436,46,28
157,436,47,27
151,435,47,26
148,430,48,25
13,518,45,27
5,520,45,29
6,514,44,30
0,513,43,31
0,518,43,31
114,451,41,31
117,459,40,31
110,457,39,31
106,461,38,31
5,463,40,29
106,474,39,29
89,478,38,29
82,485,37,29
159,463,36,30
75,488,35,30
71,484,35,30
1,592,34,29
143,449,33,30
48,471,33,30
42,468,33,30
128,440,32,30
124,442,32,30
24,468,32,30
105,435,31,30
94,430,31,30
79,430,31,30
60,429,31,29
45,424,31,29
30,424,31,29
20,422,31,29
10,418,30,29
0,415,30,28
121,404,32,26
114,405,34,24
108,405,35,23
10,413,36,22
96,406,36,21
92,406,37,20
88,407,37,19
86,406,38,19
84,407,38,19
83,407,38,18
82,406,38,18
82,407,38,18
85,407,38,18
83,408,38,18
79,408,38,18
78,408,38,18
74,408,39,18
70,409,39,18
69,410,39,18
67,411,39,18
68,416,40,19
68,417,40,19
69,418,40,20
68,418,41,20
66,419,42,20
62,422,43,20
57,423,44,21
54,424,45,21
48,428,46,21
45,428,47,22
42,428,48,22
40,433,49,22
37,433,50,22
35,433,52,21
35,432,52,22
36,428,54,21
38,428,55,21
39,428,56,20
41,427,56,20
40,427,56,20
37,426,57,20
36,431,57,20
34,430,58,20
30,430,58,20
36,438,56,23
36,438,56,23
214,423,57,22
214,422,58,21
212,422,59,20
211,422,60,20
214,421,60,19
96,524,59,20
302,603,57,21
312,617,56,21
318,628,55,21
327,639,56,21
338,668,56,21
338,668,56,21
338,668,56,21
338,668,56,21
120,454,53,24
-3,493,52,24
-3,493,51,24
-3,494,51,24
-3,493,50,24
-2,495,50,24
0,490,50,24
0,489,49,24
0,481,47,25
-2,478,45,26
-4,470,43,28
-4,463,40,30
-3,460,38,32
-1,459,37,33
0,459,37,32
0,459,37,32
30,469,37,32
23,466,37,33
15,463,37,33
132,442,37,33
4,437,38,33
0,463,37,34
121,441,39,32
117,443,40,32
113,444,41,31
111,451,42,31
72,443,43,30
94,452,45,29
90,451,47,28
81,451,49,28
55,442,51,26
44,442,51,26
33,437,52,25
29,436,52,25
26,432,52,25
26,432,52,25
26,432,52,25
111,307,48,29
111,307,48,29
111,307,48,29
111,307,48,29
111,307,48,29
111,307,48,29
111,307,48,29
111,307,48,29
111,307,48,29
111,307,48,29
111,307,48,29
111,307,48,29
111,307,48,29
111,307,48,29
-12,189,44,33
-12,189,44,33
-12,189,44,33
-12,189,44,33
119,129,42,34
119,129,42,34
119,129,42,34
119,129,42,34
119,129,42,34
119,129,42,34
42,185,39,37
42,178,37,39
84,-3,37,37
80,-4,38,36
74,-6,38,35
19,167,37,35
13,165,36,36
7,160,36,36
2,156,35,36
0,153,34,36
0,149,33,37
-4,142,30,39
51,15,32,37
33,7,34,34
33,7,34,34
10,101,32,37
10,101,32,37
9,69,30,39
0,49,29,40
-4,27,26,43
-4,27,26,43
-4,27,26,43
-4,27,26,43
-4,27,26,43
-4,27,26,43
-4,27,26,43
-4,27,26,43
-4,27,26,43
-4,27,26,43
56,214,29,40
56,214,29,40
56,214,29,40
56,214,29,40
56,214,29,40
56,214,29,40
17,385,30,39
-3,523,28,41
-3,523,28,41
-3,523,28,41
-1,550,27,42
-1,550,27,42
0,571,26,42
8,417,28,40
8,417,28,40
-1,566,27,41
-1,566,27,41
-1,566,27,41
-1,566,27,41
6,416,29,39
-4,555,26,41
-4,555,26,41
-4,555,26,41
6,407,28,40
6,407,28,40
6,407,28,40
6,407,28,40
0,574,27,40
0,574,27,40
0,553,26,40
5,388,27,39
5,388,27,39
5,388,27,39
5,388,27,39
5,388,27,39
0,553,26,40
58,390,29,37
58,390,29,37
58,390,29,37
65,416,32,35
65,416,35,33
65,416,35,33
53,412,37,32
53,412,37,32
53,412,37,32
53,412,37,32
-3,389,36,32
30,399,37,31
28,398,37,30
26,397,36,30
22,402,37,29
22,402,37,29
22,402,37,29
22,402,37,29
22,402,37,29
6,402,38,28
6,402,38,28
6,402,38,28
6,402,38,28
6,402,38,28
6,402,38,28
62,565,37,28
2,419,38,28
3,419,39,27
6,416,39,26
6,416,39,26
7,412,40,25
8,408,41,24
8,408,41,24
17,400,42,24
17,400,42,24
17,400,42,24
17,400,42,24
17,400,42,24
9,373,42,23
9,373,42,23
171,421,42,23
171,421,42,23
171,421,42,23
171,421,42,23
171,421,42,23
171,415,42,22
74,585,40,24
62,600,39,26
46,608,39,28
-6,670,36,31
-4,667,33,33
-2,659,31,35
-5,677,29,37
-3,677,27,39
0,679,27,39
105,558,28,38
90,573,28,37
78,581,28,37
64,594,28,37
52,611,28,36
35,624,29,36
13,642,29,36
0,649,29,36
-2,647,27,37
-1,638,27,38
-1,633,26,38
0,624,25,40
0,624,25,39
-2,449,23,41
-2,445,21,42
0,613,20,43
0,607,20,43
1,601,21,42
1,601,21,42
0,594,20,42
0,593,20,41
1,593,20,41
-1,595,20,41
0,585,19,41
0,585,19,41
0,585,19,41
0,583,19,41
0,593,20,40
1,598,20,40
0,606,20,39
1,608,19,39
70,553,22,37
52,589,24,35
159,458,23,37
153,467,22,38
150,471,21,39
150,468,20,40
146,464,20,41
138,465,20,42
130,470,19,42
125,476,19,43
117,477,19,44
114,477,19,45
232,415,20,44
108,477,20,45
105,483,20,45
99,494,20,45
234,422,20,45
89,506,21,46
236,421,21,45
235,416,21,44
234,415,22,44
234,418,22,44
233,416,22,44
233,415,22,44
233,414,23,44
234,414,23,44
235,412,23,44
236,411,23,44
240,408,23,44
240,401,23,44
241,399,23,44
243,394,23,44
244,393,24,44
245,396,24,44
243,398,24,44
239,400,24,44
238,404,24,45
234,407,25,45
233,400,25,45
233,392,25,45
233,385,25,45
233,378,26,45
236,376,26,45
237,373,26,45
241,369,26,45
245,362,26,45
251,359,26,45
259,358,26,46
267,360,27,46
272,357,27,46
278,356,27,46
283,353,27,46
283,353,27,46
286,353,27,46
287,355,28,46
115,354,26,48
292,357,26,48
512,485,29,47
518,488,29,46
518,493,31,44
316,355,30,45
505,490,31,44
318,360,31,45
483,479,30,46
479,474,32,44
476,469,33,42
471,474,35,41
463,479,35,40
464,482,35,39
643,321,39,37
453,479,39,37
600,583,40,36
541,628,43,35
471,466,44,35
358,326,45,34
358,326,45,34
358,326,45,34
345,331,46,32
460,547,43,36
548,593,43,36
547,593,43,36
475,604,45,35
475,604,45,35
475,604,45,35
342,378,44,36
107,316,46,34
105,315,47,33
106,311,48,31
301,321,49,30
101,312,49,29
101,313,49,28
103,314,48,28
100,313,48,27
98,311,48,26
297,311,48,26
339,321,48,26
338,317,47,26
553,304,49,25
557,299,49,24
716,317,50,24
561,298,49,24
566,298,50,24
589,103,47,27
713,109,47,26
764,105,47,26
680,115,48,25
693,124,48,24
697,130,49,24
710,125,49,24
710,126,49,24
704,126,49,23
763,108,49,23
763,104,48,23
662,104,48,23
661,119,48,23
659,119,49,22
662,120,49,22
750,98,48,22
750,99,48,23
669,122,48,22
673,118,48,22
676,113,49,22
689,100,49,22
688,100,49,22
708,97,48,22
711,97,48,22
714,111,48,22
718,111,48,22
741,115,48,22
855,98,48,22
855,99,47,22
727,112,47,22
734,134,47,22
825,126,47,22
737,165,47,22
736,157,47,22
735,153,47,21
730,144,47,21
713,140,47,21
823,124,46,21
814,99,46,22
687,111,46,21
699,103,45,21
699,103,45,21
673,91,45,21
689,82,45,21
684,83,45,21
687,83,45,21
711,108,45,21
735,105,45,21
563,174,45,21
621,316,45,20
593,401,44,20
599,403,44,19
603,404,43,19
605,408,42,19
603,412,41,19
601,416,41,20
598,420,41,20
593,420,40,20
588,421,40,20
583,424,39,20
579,424,39,20
575,418,39,20
575,414,38,19
578,416,38,20
583,427,38,20
584,435,39,20
577,439,39,20
570,439,40,20
570,448,40,20
562,457,41,20
548,453,41,20
539,457,42,19
533,458,42,20
527,453,42,19
519,449,42,18
516,449,42,18
512,449,43,17
513,450,43,17
508,455,44,17
506,459,43,17
506,460,44,17
505,464,44,17
505,466,44,17
504,470,43,17
505,468,43,17
507,471,43,17
510,470,43,18
514,471,43,18
515,472,43,18
515,472,44,17
512,471,44,17
512,469,44,17
513,468,43,17
514,467,43,17
517,467,42,17
523,467,41,16
526,467,41,16
533,465,41,16
537,464,40,16
542,463,40,16
546,462,39,16
551,463,39,16
556,466,39,16
559,466,38,16
564,466,38,16
569,470,37,16
575,473,37,15
582,472,37,15
587,471,36,15
591,470,36,15
592,470,35,15
595,469,35,15
599,469,35,15
604,465,34,15
609,462,34,14
618,462,33,15
627,461,33,15
637,461,33,15
642,464,32,14
647,464,32,14
650,463,32,14
652,461,31,14
654,460,31,14
655,459,31,14
657,459,31,14
659,460,32,14
661,461,32,15
662,463,32,15
663,465,33,15
663,466,33,15
663,467,33,15
663,468,33,15
664,469,33,15
665,470,33,15
665,470,34,15
665,469,34,15
665,470,34,15
665,470,34,15
662,469,33,15
659,468,33,15
656,465,33,15
651,463,32,15
651,459,32,14
649,457,32,14
647,456,32,14
647,456,32,14
646,456,32,14
647,455,31,14
647,450,31,14
650,448,31,14
655,445,31,14
661,440,31,14
666,439,31,14
674,440,31,14
679,446,31,14
681,454,31,14
691,456,31,15
690,464,32,14
688,471,33,15
684,466,33,15
683,461,32,14
686,462,33,14
688,469,33,14
689,470,34,14
688,468,34,14
689,466,33,14
689,465,33,15
689,464,33,15
688,463,33,15
687,464,34,15
685,464,34,15
682,464,35,15
680,464,35,15
678,465,36,15
679,466,36,16
679,467,36,16
681,468,37,16
683,472,37,16
684,471,37,16
684,470,37,16
682,468,38,16
681,466,38,16
679,465,38,15
677,464,38,15
679,465,39,16
682,468,39,16
687,473,40,16
691,477,40,17
694,482,41,17
695,484,42,17
697,488,42,17
699,492,43,17
701,494,43,18
701,496,43,18
701,501,44,18
701,506,45,18
704,505,46,18
703,504,46,18
703,504,47,18
703,504,48,18
702,503,48,18
701,502,49,18
702,497,50,19
700,493,51,19
698,497,52,19
698,502,52,20
700,507,52,20
704,507,53,20
708,502,53,20
711,502,53,21
712,506,53,21
714,511,53,21
714,515,53,21
715,520,54,21
716,524,55,21
715,527,56,21
716,531,57,21
715,534,58,22
715,539,58,22
714,544,58,22
715,549,59,22
716,553,59,22
716,553,60,22
714,551,61,22
716,552,62,23
719,552,62,23
720,555,63,23
723,560,64,23
724,565,65,24
729,569,65,24
733,570,66,24
734,569,67,24
732,567,68,24
729,560,68,25
731,554,68,25
732,553,69,25
738,554,69,26
743,558,69,26
755,562,70,26
763,562,70,26
773,565,71,26
782,563,73,26
788,563,73,26
794,563,74,26
799,563,75,26
801,563,76,26
797,562,76,26
792,566,77,26
790,567,78,27
787,572,78,27
789,570,78,27
793,568,79,27
798,567,80,28
805,569,82,28
811,569,83,28
817,576,84,29
821,581,84,29
820,581,85,29
815,587,86,29
807,586,86,29
803,585,86,29
798,583,87,29
797,582,88,29
797,581,89,30
799,579,89,30
793,578,89,30
789,576,90,30
787,576,91,30
783,582,91,30
780,587,91,30
780,586,92,31
776,583,92,31
776,575,93,31
774,573,93,32
772,572,93,32
772,571,93,32
772,576,92,32
768,574,92,33
763,572,91,33
748,569,90,33
737,566,89,33
721,565,89,33
708,564,88,34
703,571,88,33
700,571,88,34
699,577,88,34
696,577,88,35
691,583,87,35
688,581,88,34
682,580,88,34
688,579,88,35
688,576,88,34
680,574,89,34
683,573,90,35
690,579,89,34
700,578,88,34
721,576,89,35
720,589,89,35
751,579,90,37
767,585,91,38
782,591,91,40
772,605,91,40
785,589,91,42
770,593,92,42
741,608,93,41
734,599,94,41
721,595,95,42
715,583,97,41
707,572,98,41
696,562,100,40
697,550,101,40
690,545,101,40
684,540,103,41
684,538,102,41
692,525,103,42
693,523,104,43
690,528,104,43
691,527,104,45
680,535,104,46
666,541,104,46
666,531,105,48
652,530,106,49
641,530,106,50
627,538,107,51
625,547,109,52
625,557,111,52
634,567,113,53
635,576,115,53
633,585,118,53
634,584,120,54
630,592,122,54
623,600,124,54
622,595,125,54
624,583,126,55
626,576,127,56
624,577,127,57
620,576,127,58
617,576,128,58
617,568,130,59
615,566,131,59
614,563,133,59
613,559,134,59
613,555,135,59
617,553,135,60
622,562,136,60
627,569,137,59
628,568,138,60
631,575,140,60
634,572,141,61
631,570,141,62
628,566,141,63
619,561,139,63
613,554,137,63
611,549,137,62
612,547,137,63
616,546,137,63
617,553,136,63
617,561,137,63
624,558,138,63
631,553,138,63
638,549,137,62
645,543,136,62
654,527,135,61
659,521,133,60
666,516,132,59
678,514,131,59
686,520,130,58
694,519,130,58
700,528,130,58
704,536,130,58
707,544,130,58
713,552,130,58
717,561,131,59
719,569,131,59
721,576,133,58
722,570,133,57
723,565,134,56
723,559,134,56
722,553,134,57
724,547,133,58
725,542,133,58
727,548,133,59
731,554,133,58
738,559,134,58
743,555,135,57
745,552,134,57
752,537,133,57
755,531,132,57
757,526,131,58
755,533,130,57
761,541,130,57
760,551,130,57
763,550,131,57
761,559,130,56
765,557,130,55
758,555,130,56
747,553,130,56
745,550,130,57
747,546,129,57
753,542,129,57
757,550,130,57
764,558,130,56
770,565,131,56
773,573,131,56
764,582,131,55
763,578,131,54
763,575,131,54
775,560,131,55
774,559,132,56
776,559,133,58
775,567,133,58
772,576,134,58
781,572,135,58
784,570,135,58
789,567,134,58
797,563,133,59
808,560,132,60
811,557,132,61
812,555,132,62
806,553,132,62
792,549,133,62
794,536,133,63
796,533,133,64
798,532,134,65
800,537,135,65
797,538,136,66
789,537,136,67
774,546,136,67
771,543,137,67
767,551,138,65
761,559,139,64
768,568,139,63
777,576,139,63
803,574,139,63
812,582,139,64
825,580,139,65
836,579,138,66
838,578,137,67
836,572,134,70
825,568,134,69
811,564,135,69
798,560,135,68
792,557,135,67
792,554,135,67
792,562,136,66
791,559,137,65
789,555,137,64
785,551,137,64
779,548,137,63
768,554,137,62
773,550,138,61
773,556,138,60
781,552,137,60
776,561,136,60
771,569,135,59
774,563,134,58
767,560,133,58
771,547,132,58
769,552,130,58
771,548,130,58
770,555,129,57
773,551,130,56
779,548,129,56
776,554,129,55
787,550,128,54
797,545,127,54
796,540,126,53
800,536,125,52
802,531,123,52
800,526,121,52
795,520,119,51
790,514,117,50
794,501,117,49
798,488,117,49
797,495,117,48
801,504,117,47
807,504,115,46
816,504,114,45
821,503,113,45
827,504,113,44
834,504,112,44
845,503,112,44
850,502,112,43
852,499,111,43
856,499,111,42
862,499,111,41
863,501,111,41
857,501,110,40
854,502,109,40
851,512,109,40
848,520,108,40
848,526,108,40
849,526,108,39
849,528,108,39
850,538,109,38
851,545,109,38
852,552,110,38
858,553,109,39
863,554,109,39
869,555,109,39
870,562,109,39
871,562,109,39
869,562,109,39
863,568,108,39
863,575,107,39
866,575,107,39
870,582,107,39
877,589,107,38
881,589,106,38
884,590,106,38
883,596,104,39
888,595,105,39
890,593,104,39
891,591,103,40
891,590,102,40
881,596,103,40
882,595,102,40
882,592,101,39
880,588,101,39
885,586,100,40
891,595,100,40
902,601,100,41
915,599,100,41
919,597,99,42
924,594,99,43
928,594,99,44
928,593,98,45
918,593,97,45
902,592,96,45
889,591,95,45
879,592,96,45
878,600,96,43
879,601,97,42
878,601,97,41
874,602,97,41
867,604,97,41
860,612,98,39
860,611,98,38
860,610,99,38
858,609,99,37
854,608,99,37
856,610,100,37
858,617,100,36
859,618,100,36
848,616,100,36
839,614,99,36
833,611,100,36
830,608,100,35
834,607,99,35
841,606,99,35
844,613,99,35
849,612,98,35
855,612,98,35
859,609,97,35
864,607,97,36
873,598,96,36
880,594,96,36
887,584,96,36
891,582,96,37
893,578,96,36
895,577,96,36
894,568,95,36
890,564,94,36
890,559,94,36
892,548,94,36
895,545,93,36
896,542,93,36
903,539,92,36
910,536,92,37
916,533,92,37
918,531,91,38
918,531,90,38
908,539,90,38
902,538,90,38
888,537,89,38
885,536,89,38
892,540,89,38
902,545,90,38
911,542,90,38
918,538,90,37
919,534,90,38
917,532,90,38
906,538,90,38
895,539,90,38
877,539,91,38
868,540,91,38
859,546,91,38
856,547,91,38
847,548,92,38
837,555,93,38
836,556,93,38
835,564,94,38
841,571,96,38
847,579,96,39
850,579,97,39
849,578,98,39
844,574,98,40
835,573,98,40
832,573,98,40
824,574,98,40
820,581,99,40
822,580,101,39
823,580,101,39
824,580,102,39
825,580,103,40
830,579,103,40
836,578,104,40
839,576,105,41
841,582,105,41
841,590,105,41
834,596,106,42
825,596,106,42
814,596,105,43
800,596,104,43
789,594,105,42
783,593,106,42
791,592,107,42
797,600,108,42
802,599,109,43
804,606,110,43
805,604,111,43
805,602,111,44
803,600,110,44
792,599,110,44
780,598,111,44
763,597,111,43
747,594,111,42
741,591,113,42
750,587,113,43
759,585,114,44
765,591,115,44
766,591,115,45
764,600,115,45
754,600,116,44
752,599,115,43
746,598,116,43
746,598,116,42
748,598,117,42
751,599,117,42
752,608,117,43
762,606,116,43
773,612,116,44
785,610,117,44
793,609,117,45
799,609,118,45
803,609,117,46
803,609,116,47
792,617,116,46
790,616,115,46
780,616,115,46
775,616,115,46
773,616,114,45
775,615,114,44
779,622,115,44
789,621,116,44
794,628,117,44
798,626,117,44
796,624,116,44
784,620,115,43
777,615,115,44
780,613,115,44
786,610,116,43
794,608,116,43
803,607,116,44
805,614,116,44
808,613,116,44
809,614,116,45
809,612,116,44
807,609,116,44
800,604,116,44
802,610,115,44
806,618,115,44
806,625,116,44
806,629,115,45
809,628,115,45
806,625,116,45
803,614,116,46
801,613,115,46
792,602,116,46
784,601,116,46
778,599,117,46
773,598,116,46
764,597,117,45
762,606,117,45
764,614,118,44
771,614,120,45
781,622,121,45
790,622,122,46
797,623,124,46
798,623,124,45
796,622,123,45
786,622,123,45
781,620,123,44
786,618,122,45
796,625,121,46
814,624,122,46
820,633,123,45
818,642,123,45
813,640,123,44
807,637,122,44
795,636,122,44
792,634,120,43
792,632,120,43
793,631,120,42
793,631,120,42
791,631,119,42
788,628,119,41
784,623,118,42
789,619,118,42
792,614,117,42
794,611,117,42
797,607,116,43
804,597,117,43
803,595,116,43
807,594,117,43
814,601,117,43
818,608,117,44
819,618,117,44
819,626,117,44
818,626,116,44
807,623,117,44
798,618,117,44
790,615,118,44
784,616,119,43
778,616,120,43
774,616,122,44
770,616,122,44
764,622,123,44
762,621,122,45
757,617,123,45
748,607,123,45
743,607,122,44
731,607,122,44
723,614,123,44
719,614,124,44
720,614,124,44
721,613,124,43
714,612,125,43
710,612,125,44
720,621,127,44
728,628,129,44
738,627,130,45
737,635,131,45
731,632,131,45
721,621,129,45
704,618,129,45
705,615,130,45
714,613,132,45
719,621,132,45
723,619,134,45
732,617,134,45
742,614,134,46
755,621,133,46
773,619,132,46
779,626,132,46
782,620,132,47
778,607,131,47
768,603,131,48
755,597,129,48
744,582,128,48
727,576,127,48
720,563,125,48
716,561,125,48
717,568,123,47
749,552,121,49
752,557,120,50
756,562,119,51
765,559,117,53
763,567,115,54
759,572,113,55
759,568,110,57
760,565,110,58
754,573,109,58
751,571,109,58
750,571,108,58
748,573,108,58
747,575,109,57
740,575,111,57
734,567,111,58
724,566,111,57
718,565,112,57
713,562,114,56
712,560,115,56
713,552,115,56
708,552,116,56
706,551,116,55
704,551,117,55
700,561,118,55
703,572,119,54
693,591,120,53
695,598,122,51
694,594,123,50
696,582,125,50
694,579,127,50
680,586,127,49
680,584,126,48
674,593,125,49
676,589,124,48
676,587,124,48
680,584,125,47
679,583,124,47
694,569,125,47
698,565,126,47
695,573,127,47
696,580,127,46
704,579,128,46
704,587,127,46
711,585,127,46
713,592,128,45
726,589,127,46
725,595,127,46
721,601,125,46
731,597,125,46
731,603,124,46
741,599,124,47
740,605,123,47
745,612,123,47
737,629,122,47
737,629,122,47
666,520,118,49
669,526,114,51
673,512,111,52
672,506,107,54
676,500,104,56
768,598,107,54
694,494,104,56
705,492,100,58
809,592,103,56
785,620,106,54
794,630,108,52
735,551,103,57
739,511,102,57
842,600,105,56
836,600,108,55
722,502,105,58
725,496,103,59
722,491,101,60
720,487,99,61
724,484,97,62
730,490,96,62
735,493,95,62
739,499,94,62
739,516,94,63
841,606,99,61
845,608,102,59
733,522,101,60
730,516,100,60
726,522,99,60
719,515,98,61
718,519,97,61
722,524,96,61
721,519,96,61
720,524,96,62
716,520,96,61
712,515,96,61
710,509,96,61
717,505,95,61
726,494,96,60
724,500,96,60
727,496,95,60
724,492,94,60
721,486,94,60
720,491,94,60
719,495,94,60
723,501,93,60
724,497,93,60
725,503,93,60
726,509,92,60
723,517,92,60
721,514,93,59
711,521,93,59
708,520,94,59
694,497,93,59
688,483,92,59
682,477,91,59
680,475,90,60
677,480,88,60
671,478,88,60
661,483,87,60
654,488,87,59
643,483,87,59
631,478,87,59
619,473,87,58
612,470,86,58
608,466,86,58
610,464,85,57
614,471,85,58
672,551,89,54
615,468,88,55
614,475,87,56
623,503,87,61
613,463,87,60
616,469,87,59
681,549,91,56
605,494,90,56
595,494,91,57
583,496,91,58
563,475,91,57
559,482,91,57
556,480,91,57
554,477,91,58
559,483,90,58
568,481,90,58
579,488,89,59
584,496,86,60
591,509,86,62
590,507,85,64
585,504,85,66
576,499,85,67
577,515,83,70
619,582,87,65
617,581,92,62
616,581,95,59
612,581,99,56
609,591,102,53
607,590,105,51
599,598,107,49
594,596,110,48
590,595,111,47
585,593,113,46
581,600,114,46
581,599,115,45
585,598,117,44
589,594,117,45
588,589,117,45
588,594,115,45
591,600,114,44
601,598,112,45
611,595,110,46
618,594,109,47
621,596,107,48
624,606,106,48
629,618,107,49
628,620,107,50
621,622,106,51
618,622,107,50
618,624,106,50
619,624,105,50
623,623,104,49
623,621,102,48
627,620,101,47
632,619,99,46
637,617,98,46
643,613,97,45
651,609,96,45
663,605,95,45
672,606,95,44
676,608,95,45
674,611,95,45
682,622,95,45
692,624,95,45
701,624,95,45
706,623,94,45
710,620,92,44
714,616,91,44
716,614,91,44
715,611,90,43
714,608,89,42
715,601,88,41
717,592,87,41
718,583,86,40
716,583,85,39
718,582,84,39
717,580,82,38
718,579,81,38
719,578,80,37
720,577,79,36
720,576,78,36
719,575,76,35
719,573,75,35
719,566,73,34
717,564,72,34
717,556,70,33
717,554,69,33
718,547,68,32
717,541,67,32
717,534,66,31
715,532,64,31
714,526,63,30
715,520,62,30
713,514,61,30
710,506,60,29
707,493,58,29
707,481,57,28
705,472,56,28
706,465,55,28
708,464,54,27
708,463,53,27
705,462,52,26
703,456,51,25
695,449,51,25
681,428,50,25
665,401,49,25
655,366,49,25
645,341,48,25
642,319,48,25
644,311,47,25
646,310,48,24
653,309,50,23
670,315,50,23
681,326,48,24
684,338,46,26
686,360,45,27
685,383,45,27
678,414,45,28
670,440,44,28
663,453,44,28
661,457,44,28
661,460,44,28
658,464,44,28
651,473,44,28
647,475,44,28
643,467,44,28
645,461,43,27
646,464,44,27
642,471,44,27
632,482,44,27
624,490,44,27
620,497,44,27
619,500,44,27
622,501,45,27
625,502,45,26
629,501,45,26
635,500,44,26
641,499,44,25
646,500,44,25
650,502,44,25
652,502,44,26
652,505,44,26
653,508,44,26
654,511,44,26
656,513,44,26
658,514,45,26
660,513,44,26
664,511,44,25
670,510,44,24
677,505,44,24
683,503,44,24
688,501,44,23
689,497,44,23
690,496,44,23
690,494,44,23
696,493,44,23
703,492,45,22
710,490,45,22
713,488,46,21
715,487,47,21
714,485,48,20
712,483,48,20
710,485,49,19
708,487,50,19
705,488,51,19
703,490,51,19
