227.0, 207.0, 122.0, 99.0
237.0, 210.0, 134.0, 95.0
256.0, 211.0, 124.0, 102.0
260.0, 220.0, 121.0, 103.0
260.0, 229.0, 121.0, 103.0
256.0, 238.0, 124.0, 101.0
246.0, 247.0, 126.0, 100.0
242.0, 254.0, 123.0, 97.0
248.0, 256.0, 130.0, 95.0
264.0, 258.0, 120.0, 105.0
257.0, 270.0, 125.0, 98.0
251.0, 270.0, 122.0, 98.0
252.0, 269.0, 123.0, 98.0
263.0, 274.0, 121.0, 107.0
271.0, 286.0, 118.0, 112.0
275.0, 301.0, 124.0, 104.0
279.0, 310.0, 123.0, 98.0
260.0, 308.0, 134.0, 100.0
245.0, 292.0, 125.0, 113.0
242.0, 274.0, 120.0, 115.0
247.0, 262.0, 124.0, 111.0
261.0, 257.0, 135.0, 100.0
279.0, 255.0, 119.0, 116.0
261.0, 279.0, 129.0, 113.0
227.0, 297.0, 136.0, 108.0
219.0, 292.0, 121.0, 118.0
238.0, 272.0, 129.0, 113.0
261.0, 251.0, 133.0, 109.0
278.0, 252.0, 131.0, 104.0
292.0, 260.0, 124.0, 110.0
278.0, 270.0, 139.0, 100.0
248.0, 263.0, 141.0, 104.0
214.0, 255.0, 138.0, 106.0
205.0, 249.0, 126.0, 105.0
208.0, 251.0, 130.0, 101.0
217.0, 253.0, 126.0, 100.0
221.0, 253.0, 127.0, 101.0
224.0, 255.0, 125.0, 108.0
213.0, 263.0, 130.0, 101.0
211.0, 249.0, 124.0, 115.0
208.0, 235.0, 123.0, 116.0
208.0, 218.0, 125.0, 116.0
221.0, 205.0, 134.0, 109.0
235.0, 204.0, 124.0, 118.0
223.0, 225.0, 125.0, 120.0
218.0, 245.0, 124.0, 120.0
220.0, 262.0, 137.0, 108.0
240.0, 268.0, 126.0, 114.0
228.0, 280.0, 134.0, 113.0
222.0, 289.0, 128.0, 104.0
221.0, 271.0, 127.0, 119.0
211.0, 248.0, 128.0, 122.0
202.0, 224.0, 125.0, 120.0
210.0, 221.0, 135.0, 103.0
222.0, 225.0, 133.0, 102.0
228.0, 226.0, 134.0, 102.0
237.0, 214.0, 132.0, 114.0
245.0, 207.0, 130.0, 107.0
232.0, 208.0, 140.0, 108.0
212.0, 219.0, 138.0, 119.0
194.0, 240.0, 135.0, 120.0
191.0, 250.0, 139.0, 105.0
209.0, 240.0, 147.0, 109.0
231.0, 231.0, 143.0, 111.0
246.0, 218.0, 133.0, 115.0
250.0, 205.0, 131.0, 118.0
238.0, 204.0, 143.0, 104.0
215.0, 206.0, 149.0, 114.0
189.0, 219.0, 151.0, 105.0
177.0, 215.0, 141.0, 112.0
176.0, 193.0, 135.0, 128.0
176.0, 163.0, 135.0, 130.0
172.0, 159.0, 139.0, 120.0
173.0, 175.0, 143.0, 123.0
195.0, 179.0, 156.0, 111.0
232.0, 173.0, 148.0, 113.0
232.0, 195.0, 134.0, 129.0
217.0, 249.0, 134.0, 133.0
225.0, 307.0, 146.0, 126.0
266.0, 335.0, 164.0, 109.0
303.0, 312.0, 136.0, 133.0
277.0, 282.0, 149.0, 129.0
235.0, 246.0, 152.0, 127.0
195.0, 216.0, 153.0, 125.0
186.0, 214.0, 139.0, 117.0
192.0, 227.0, 139.0, 129.0
198.0, 246.0, 139.0, 120.0
196.0, 244.0, 139.0, 125.0
200.0, 223.0, 141.0, 127.0
208.0, 199.0, 138.0, 128.0
207.0, 191.0, 142.0, 111.0
201.0, 189.0, 143.0, 122.0
198.0, 204.0, 139.0, 127.0
204.0, 224.0, 156.0, 112.0
231.0, 214.0, 154.0, 121.0
252.0, 208.0, 149.0, 110.0
264.0, 209.0, 153.0, 122.0
291.0, 223.0, 160.0, 122.0
327.0, 236.0, 160.0, 113.0
351.0, 235.0, 148.0, 113.0
354.0, 217.0, 142.0, 129.0
330.0, 202.0, 156.0, 124.0
301.0, 200.0, 160.0, 113.0
288.0, 202.0, 148.0, 117.0
287.0, 206.0, 147.0, 112.0
289.0, 205.0, 147.0, 116.0
282.0, 209.0, 145.0, 127.0
271.0, 221.0, 147.0, 129.0
266.0, 237.0, 145.0, 115.0
270.0, 238.0, 152.0, 114.0
280.0, 238.0, 145.0, 119.0
251.0, 247.0, 159.0, 125.0
215.0, 262.0, 164.0, 114.0
211.0, 242.0, 142.0, 135.0
224.0, 224.0, 155.0, 125.0
251.0, 204.0, 153.0, 127.0
268.0, 199.0, 143.0, 113.0
251.0, 203.0, 154.0, 130.0
236.0, 218.0, 149.0, 136.0
238.0, 235.0, 143.0, 123.0
239.0, 242.0, 154.0, 114.0
255.0, 241.0, 161.0, 116.0
276.0, 233.0, 142.0, 123.0
262.0, 226.0, 158.0, 122.0
259.0, 225.0, 143.0, 115.0
260.0, 226.0, 160.0, 120.0
281.0, 227.0, 152.0, 121.0
283.0, 208.0, 147.0, 140.0
263.0, 195.0, 159.0, 133.0
250.0, 192.0, 151.0, 121.0
252.0, 189.0, 155.0, 117.0
261.0, 191.0, 147.0, 115.0
236.0, 191.0, 172.0, 117.0
205.0, 184.0, 172.0, 122.0
200.0, 180.0, 150.0, 118.0
204.0, 179.0, 162.0, 117.0
223.0, 178.0, 150.0, 117.0
191.0, 178.0, 178.0, 116.0
143.0, 181.0, 180.0, 120.0
134.0, 189.0, 163.0, 122.0
172.0, 193.0, 180.0, 118.0
235.0, 192.0, 179.0, 119.0
278.0, 197.0, 159.0, 114.0
285.0, 198.0, 150.0, 116.0
279.0, 199.0, 151.0, 116.0
250.0, 188.0, 173.0, 124.0
208.0, 184.0, 174.0, 118.0
189.0, 183.0, 155.0, 118.0
191.0, 186.0, 155.0, 117.0
204.0, 186.0, 155.0, 117.0
210.0, 184.0, 150.0, 118.0
198.0, 180.0, 152.0, 117.0
199.0, 178.0, 144.0, 116.0
200.0, 176.0, 151.0, 117.0
210.0, 173.0, 169.0, 117.0
242.0, 160.0, 166.0, 126.0
267.0, 139.0, 143.0, 137.0
243.0, 143.0, 164.0, 123.0
242.0, 153.0, 147.0, 120.0
246.0, 152.0, 170.0, 120.0
274.0, 143.0, 167.0, 121.0
297.0, 138.0, 142.0, 141.0
283.0, 170.0, 149.0, 148.0
265.0, 210.0, 146.0, 148.0
262.0, 240.0, 145.0, 116.0
264.0, 220.0, 142.0, 142.0
258.0, 197.0, 145.0, 144.0
245.0, 188.0, 154.0, 127.0
229.0, 191.0, 155.0, 119.0
221.0, 198.0, 149.0, 114.0
216.0, 197.0, 146.0, 115.0
215.0, 192.0, 155.0, 117.0
235.0, 185.0, 160.0, 117.0
258.0, 176.0, 159.0, 115.0
272.0, 176.0, 144.0, 115.0
270.0, 181.0, 142.0, 117.0
275.0, 182.0, 141.0, 130.0
277.0, 195.0, 138.0, 137.0
270.0, 216.0, 142.0, 133.0
262.0, 233.0, 143.0, 116.0
262.0, 226.0, 137.0, 128.0
264.0, 210.0, 140.0, 134.0
273.0, 196.0, 139.0, 131.0
271.0, 182.0, 146.0, 132.0
249.0, 175.0, 156.0, 121.0
240.0, 178.0, 148.0, 114.0
233.0, 181.0, 146.0, 128.0
222.0, 196.0, 143.0, 133.0
225.0, 215.0, 141.0, 134.0
237.0, 231.0, 164.0, 112.0
277.0, 222.0, 156.0, 119.0
308.0, 200.0, 140.0, 130.0
308.0, 185.0, 142.0, 128.0
301.0, 185.0, 146.0, 110.0
315.0, 186.0, 153.0, 107.0
334.0, 181.0, 150.0, 110.0
349.0, 171.0, 141.0, 116.0
345.0, 169.0, 148.0, 108.0
319.0, 174.0, 154.0, 117.0
310.0, 184.0, 135.0, 121.0
321.0, 190.0, 163.0, 108.0
363.0, 187.0, 165.0, 109.0
400.0, 184.0, 152.0, 108.0
414.0, 185.0, 137.0, 113.0
419.0, 189.0, 142.0, 124.0
427.0, 200.0, 153.0, 109.0
445.0, 183.0, 137.0, 128.0
434.0, 178.0, 154.0, 113.0
403.0, 181.0, 162.0, 108.0
367.0, 189.0, 164.0, 112.0
327.0, 199.0, 161.0, 108.0
321.0, 203.0, 134.0, 106.0
322.0, 196.0, 148.0, 111.0
336.0, 189.0, 145.0, 114.0
350.0, 178.0, 145.0, 114.0
365.0, 176.0, 132.0, 105.0
353.0, 177.0, 138.0, 119.0
349.0, 189.0, 129.0, 123.0
335.0, 207.0, 145.0, 105.0
308.0, 197.0, 155.0, 116.0
259.0, 186.0, 161.0, 111.0
220.0, 190.0, 156.0, 104.0
205.0, 193.0, 136.0, 104.0
207.0, 196.0, 143.0, 105.0
222.0, 195.0, 138.0, 105.0
222.0, 188.0, 141.0, 105.0
204.0, 190.0, 143.0, 107.0
202.0, 197.0, 125.0, 124.0
209.0, 216.0, 144.0, 116.0
240.0, 228.0, 154.0, 108.0
268.0, 237.0, 131.0, 101.0
239.0, 230.0, 154.0, 108.0
203.0, 223.0, 155.0, 107.0
181.0, 219.0, 143.0, 106.0
180.0, 218.0, 139.0, 101.0
201.0, 217.0, 154.0, 100.0
252.0, 215.0, 153.0, 100.0
286.0, 216.0, 141.0, 104.0
278.0, 223.0, 147.0, 100.0
238.0, 221.0, 161.0, 102.0
179.0, 217.0, 162.0, 105.0
137.0, 218.0, 152.0, 103.0
136.0, 207.0, 125.0, 116.0
145.0, 200.0, 143.0, 107.0
172.0, 192.0, 146.0, 104.0
192.0, 187.0, 131.0, 104.0
197.0, 188.0, 133.0, 102.0
207.0, 190.0, 145.0, 103.0
229.0, 192.0, 148.0, 102.0
253.0, 194.0, 134.0, 106.0
258.0, 201.0, 125.0, 105.0
244.0, 207.0, 134.0, 100.0
237.0, 210.0, 128.0, 109.0
236.0, 219.0, 119.0, 117.0
236.0, 235.0, 119.0, 112.0
236.0, 238.0, 121.0, 110.0
247.0, 213.0, 118.0, 120.0
251.0, 191.0, 120.0, 109.0
250.0, 193.0, 118.0, 115.0
246.0, 213.0, 119.0, 118.0
234.0, 233.0, 124.0, 111.0
218.0, 249.0, 134.0, 95.0
211.0, 242.0, 124.0, 106.0
214.0, 225.0, 118.0, 114.0
218.0, 202.0, 116.0, 115.0
218.0, 197.0, 120.0, 98.0
226.0, 197.0, 127.0, 111.0
247.0, 215.0, 121.0, 114.0
260.0, 234.0, 116.0, 111.0
253.0, 243.0, 122.0, 98.0
249.0, 226.0, 116.0, 112.0
247.0, 212.0, 118.0, 110.0
253.0, 206.0, 121.0, 98.0
259.0, 207.0, 119.0, 97.0
264.0, 213.0, 116.0, 95.0
267.0, 207.0, 116.0, 100.0
268.0, 203.0, 116.0, 98.0
270.0, 202.0, 128.0, 93.0
283.0, 200.0, 125.0, 93.0
295.0, 184.0, 111.0, 112.0
293.0, 171.0, 113.0, 108.0
275.0, 173.0, 131.0, 95.0
270.0, 177.0, 113.0, 113.0
278.0, 199.0, 121.0, 116.0
296.0, 224.0, 132.0, 103.0
318.0, 212.0, 111.0, 117.0
303.0, 186.0, 120.0, 114.0
274.0, 180.0, 133.0, 94.0
263.0, 184.0, 117.0, 106.0
266.0, 197.0, 120.0, 107.0
282.0, 209.0, 122.0, 101.0
288.0, 218.0, 115.0, 93.0
288.0, 204.0, 109.0, 111.0
285.0, 180.0, 113.0, 118.0
275.0, 163.0, 112.0, 110.0
274.0, 164.0, 130.0, 100.0
301.0, 173.0, 126.0, 109.0
311.0, 191.0, 121.0, 93.0
282.0, 174.0, 134.0, 106.0
243.0, 173.0, 137.0, 93.0
222.0, 177.0, 123.0, 91.0
226.0, 176.0, 127.0, 92.0
245.0, 169.0, 125.0, 93.0
262.0, 164.0, 124.0, 90.0
267.0, 162.0, 120.0, 89.0
242.0, 158.0, 132.0, 91.0
214.0, 163.0, 127.0, 92.0
206.0, 170.0, 107.0, 107.0
200.0, 185.0, 111.0, 96.0
178.0, 195.0, 126.0, 89.0
163.0, 200.0, 114.0, 99.0
159.0, 212.0, 112.0, 94.0
169.0, 207.0, 120.0, 97.0
189.0, 192.0, 118.0, 96.0
204.0, 186.0, 110.0, 91.0
187.0, 190.0, 120.0, 90.0
179.0, 197.0, 106.0, 103.0
178.0, 210.0, 120.0, 89.0
198.0, 199.0, 111.0, 100.0
212.0, 178.0, 103.0, 103.0
216.0, 162.0, 113.0, 97.0
232.0, 159.0, 123.0, 86.0
255.0, 156.0, 108.0, 103.0
256.0, 177.0, 102.0, 104.0
249.0, 196.0, 105.0, 97.0
248.0, 193.0, 103.0, 101.0
241.0, 168.0, 105.0, 106.0
228.0, 141.0, 111.0, 102.0
214.0, 141.0, 107.0, 96.0
221.0, 151.0, 107.0, 105.0
238.0, 173.0, 108.0, 105.0
244.0, 189.0, 114.0, 88.0
258.0, 177.0, 105.0, 97.0
270.0, 163.0, 110.0, 95.0
282.0, 159.0, 110.0, 89.0
289.0, 164.0, 101.0, 103.0
280.0, 182.0, 111.0, 94.0
245.0, 185.0, 127.0, 90.0
202.0, 169.0, 127.0, 100.0
171.0, 166.0, 117.0, 93.0
161.0, 165.0, 107.0, 91.0
165.0, 167.0, 101.0, 100.0
167.0, 177.0, 109.0, 92.0
171.0, 180.0, 119.0, 88.0
194.0, 172.0, 121.0, 90.0
223.0, 165.0, 123.0, 87.0
246.0, 164.0, 111.0, 86.0
252.0, 161.0, 106.0, 89.0
251.0, 160.0, 108.0, 88.0
241.0, 163.0, 110.0, 97.0
236.0, 176.0, 102.0, 101.0
227.0, 193.0, 109.0, 93.0
199.0, 204.0, 121.0, 87.0
167.0, 208.0, 124.0, 85.0
136.0, 204.0, 123.0, 88.0
121.0, 195.0, 111.0, 97.0
118.0, 195.0, 107.0, 86.0
127.0, 196.0, 122.0, 84.0
151.0, 193.0, 121.0, 87.0
177.0, 181.0, 118.0, 89.0
195.0, 178.0, 118.0, 85.0
211.0, 176.0, 120.0, 84.0
231.0, 175.0, 115.0, 84.0
245.0, 160.0, 98.0, 96.0
229.0, 147.0, 112.0, 91.0
206.0, 150.0, 115.0, 87.0
198.0, 158.0, 102.0, 88.0
205.0, 161.0, 117.0, 84.0
228.0, 165.0, 114.0, 80.0
245.0, 155.0, 105.0, 90.0
254.0, 146.0, 110.0, 86.0
267.0, 143.0, 103.0, 84.0
262.0, 146.0, 107.0, 86.0
256.0, 154.0, 102.0, 92.0
250.0, 171.0, 97.0, 95.0
247.0, 187.0, 96.0, 92.0
245.0, 191.0, 98.0, 85.0
247.0, 190.0, 107.0, 82.0
259.0, 181.0, 102.0, 89.0
268.0, 167.0, 100.0, 91.0
276.0, 162.0, 115.0, 81.0
305.0, 166.0, 107.0, 89.0
333.0, 185.0, 97.0, 91.0
335.0, 204.0, 96.0, 92.0
305.0, 228.0, 108.0, 85.0
267.0, 238.0, 114.0, 80.0
259.0, 219.0, 93.0, 93.0
265.0, 192.0, 92.0, 93.0
253.0, 177.0, 105.0, 85.0
246.0, 177.0, 92.0, 91.0
257.0, 198.0, 102.0, 88.0
280.0, 213.0, 92.0, 93.0
273.0, 220.0, 101.0, 90.0
272.0, 202.0, 93.0, 93.0
276.0, 176.0, 94.0, 94.0
275.0, 176.0, 91.0, 93.0
281.0, 204.0, 95.0, 92.0
285.0, 223.0, 99.0, 87.0
293.0, 211.0, 98.0, 92.0
303.0, 188.0, 96.0, 92.0
301.0, 189.0, 98.0, 90.0
298.0, 204.0, 94.0, 93.0
298.0, 217.0, 98.0, 85.0
295.0, 206.0, 98.0, 93.0
272.0, 192.0, 107.0, 88.0
245.0, 186.0, 108.0, 79.0
252.0, 189.0, 98.0, 92.0
266.0, 209.0, 97.0, 94.0
275.0, 222.0, 103.0, 81.0
286.0, 209.0, 94.0, 92.0
289.0, 189.0, 92.0, 94.0
290.0, 185.0, 104.0, 85.0
308.0, 195.0, 106.0, 88.0
320.0, 205.0, 103.0, 82.0
295.0, 198.0, 109.0, 86.0
261.0, 186.0, 107.0, 88.0
235.0, 174.0, 106.0, 84.0
238.0, 175.0, 93.0, 91.0
222.0, 189.0, 109.0, 84.0
207.0, 194.0, 105.0, 85.0
210.0, 199.0, 116.0, 82.0
241.0, 195.0, 117.0, 81.0
261.0, 192.0, 103.0, 84.0
238.0, 199.0, 114.0, 83.0
210.0, 207.0, 114.0, 82.0
209.0, 210.0, 116.0, 82.0
251.0, 203.0, 112.0, 84.0
284.0, 187.0, 97.0, 91.0
272.0, 183.0, 110.0, 82.0
256.0, 184.0, 112.0, 82.0
243.0, 188.0, 106.0, 85.0
246.0, 193.0, 113.0, 86.0
297.0, 199.0, 117.0, 83.0
342.0, 196.0, 112.0, 83.0
352.0, 187.0, 103.0, 87.0
336.0, 181.0, 109.0, 86.0
302.0, 175.0, 117.0, 82.0
256.0, 182.0, 113.0, 86.0
243.0, 191.0, 93.0, 94.0
253.0, 206.0, 110.0, 89.0
284.0, 216.0, 114.0, 83.0
310.0, 206.0, 95.0, 95.0
289.0, 192.0, 111.0, 92.0
253.0, 192.0, 115.0, 84.0
240.0, 199.0, 95.0, 96.0
244.0, 214.0, 109.0, 90.0
264.0, 216.0, 107.0, 89.0
278.0, 194.0, 95.0, 97.0
267.0, 185.0, 111.0, 86.0
258.0, 185.0, 101.0, 97.0
256.0, 201.0, 103.0, 96.0
267.0, 209.0, 117.0, 87.0
290.0, 194.0, 110.0, 95.0
306.0, 177.0, 106.0, 97.0
320.0, 172.0, 113.0, 92.0
345.0, 193.0, 106.0, 100.0
357.0, 213.0, 103.0, 96.0
359.0, 211.0, 101.0, 97.0
359.0, 190.0, 99.0, 102.0
354.0, 171.0, 100.0, 99.0
352.0, 169.0, 109.0, 87.0
360.0, 171.0, 105.0, 95.0
356.0, 179.0, 109.0, 87.0
340.0, 182.0, 121.0, 88.0
307.0, 191.0, 124.0, 88.0
270.0, 197.0, 122.0, 86.0
262.0, 192.0, 112.0, 91.0
245.0, 177.0, 116.0, 99.0
218.0, 159.0, 119.0, 100.0
180.0, 159.0, 124.0, 87.0
166.0, 165.0, 106.0, 104.0
169.0, 182.0, 121.0, 97.0
210.0, 186.0, 124.0, 92.0
253.0, 164.0, 119.0, 98.0
279.0, 140.0, 108.0, 102.0
275.0, 140.0, 111.0, 98.0
275.0, 157.0, 106.0, 106.0
284.0, 180.0, 121.0, 99.0
306.0, 179.0, 111.0, 100.0
301.0, 167.0, 118.0, 95.0
269.0, 172.0, 122.0, 94.0
225.0, 198.0, 120.0, 95.0
203.0, 215.0, 108.0, 103.0
206.0, 228.0, 127.0, 89.0
231.0, 217.0, 114.0, 100.0
225.0, 204.0, 119.0, 99.0
198.0, 204.0, 125.0, 92.0
198.0, 214.0, 106.0, 105.0
207.0, 244.0, 112.0, 105.0
219.0, 265.0, 119.0, 102.0
231.0, 267.0, 118.0, 98.0
242.0, 249.0, 110.0, 105.0
255.0, 223.0, 118.0, 104.0
271.0, 212.0, 122.0, 94.0
277.0, 215.0, 110.0, 108.0
281.0, 234.0, 125.0, 101.0
314.0, 236.0, 129.0, 96.0
343.0, 219.0, 115.0, 107.0
337.0, 190.0, 124.0, 109.0
290.0, 182.0, 137.0, 93.0
239.0, 197.0, 128.0, 102.0
226.0, 227.0, 112.0, 109.0
227.0, 250.0, 133.0, 96.0
255.0, 223.0, 120.0, 109.0
269.0, 193.0, 119.0, 109.0
271.0, 194.0, 117.0, 110.0
272.0, 206.0, 135.0, 99.0
307.0, 206.0, 144.0, 97.0
349.0, 200.0, 140.0, 99.0
361.0, 202.0, 132.0, 104.0
322.0, 212.0, 143.0, 104.0
272.0, 217.0, 149.0, 102.0
228.0, 212.0, 141.0, 111.0
208.0, 196.0, 129.0, 119.0
202.0, 178.0, 126.0, 117.0
210.0, 178.0, 141.0, 103.0
230.0, 178.0, 142.0, 106.0
249.0, 181.0, 142.0, 105.0
268.0, 182.0, 146.0, 106.0
292.0, 182.0, 144.0, 106.0
301.0, 172.0, 139.0, 115.0
276.0, 173.0, 146.0, 104.0
256.0, 173.0, 145.0, 106.0
240.0, 175.0, 144.0, 110.0
236.0, 180.0, 131.0, 109.0
235.0, 177.0, 146.0, 112.0
251.0, 175.0, 138.0, 110.0
244.0, 175.0, 144.0, 110.0
237.0, 175.0, 135.0, 123.0
244.0, 187.0, 151.0, 124.0
287.0, 204.0, 156.0, 120.0
327.0, 211.0, 148.0, 112.0
315.0, 200.0, 152.0, 119.0
282.0, 194.0, 158.0, 113.0
247.0, 195.0, 163.0, 113.0
211.0, 194.0, 159.0, 114.0
201.0, 193.0, 143.0, 117.0
202.0, 195.0, 154.0, 115.0
219.0, 194.0, 150.0, 116.0
228.0, 184.0, 146.0, 128.0
235.0, 176.0, 156.0, 122.0
250.0, 171.0, 143.0, 120.0
240.0, 169.0, 150.0, 119.0
235.0, 171.0, 148.0, 122.0
236.0, 173.0, 148.0, 119.0
227.0, 165.0, 159.0, 125.0
197.0, 164.0, 170.0, 122.0
175.0, 167.0, 165.0, 134.0
170.0, 176.0, 155.0, 142.0
178.0, 188.0, 166.0, 127.0
191.0, 175.0, 159.0, 143.0
166.0, 174.0, 175.0, 127.0
151.0, 177.0, 164.0, 144.0
139.0, 196.0, 157.0, 154.0
134.0, 216.0, 158.0, 147.0
125.0, 224.0, 162.0, 135.0
125.0, 213.0, 161.0, 145.0
131.0, 205.0, 171.0, 140.0
146.0, 198.0, 172.0, 136.0
159.0, 199.0, 173.0, 136.0
173.0, 203.0, 168.0, 140.0
173.0, 205.0, 172.0, 138.0
183.0, 192.0, 168.0, 149.0
167.0, 190.0, 180.0, 140.0
153.0, 188.0, 174.0, 150.0
144.0, 201.0, 177.0, 150.0
146.0, 201.0, 171.0, 150.0
140.0, 189.0, 176.0, 156.0
125.0, 188.0, 183.0, 145.0
124.0, 187.0, 179.0, 165.0
131.0, 205.0, 178.0, 163.0
137.0, 219.0, 178.0, 151.0
126.0, 217.0, 186.0, 152.0
110.0, 210.0, 192.0, 154.0
108.0, 201.0, 186.0, 158.0
109.0, 200.0, 186.0, 155.0
111.0, 200.0, 190.0, 173.0
109.0, 214.0, 190.0, 164.0
104.0, 217.0, 196.0, 160.0
103.0, 211.0, 197.0, 162.0
109.0, 208.0, 194.0, 161.0
101.0, 194.0, 202.0, 173.0
73.0, 193.0, 220.0, 163.0
44.0, 197.0, 221.0, 170.0
42.0, 206.0, 202.0, 173.0
