340.0, 358.0, 18.0, 55.0
339.0, 359.0, 18.0, 54.0
339.0, 359.0, 18.0, 51.0
337.0, 360.0, 19.0, 51.0
336.0, 360.0, 18.0, 49.0
335.0, 360.0, 18.0, 49.0
334.0, 358.0, 18.0, 49.0
330.0, 356.0, 18.0, 55.0
326.0, 359.0, 18.0, 50.0
323.0, 358.0, 18.0, 51.0
321.0, 358.0, 18.0, 53.0
318.0, 359.0, 18.0, 53.0
316.0, 360.0, 18.0, 52.0
314.0, 359.0, 19.0, 53.0
313.0, 362.0, 18.0, 52.0
312.0, 363.0, 18.0, 52.0
310.0, 364.0, 18.0, 53.0
308.0, 365.0, 19.0, 55.0
305.0, 367.0, 19.0, 52.0
305.0, 367.0, 19.0, 52.0
305.0, 368.0, 18.0, 50.0
305.0, 368.0, 18.0, 51.0
304.0, 371.0, 19.0, 48.0
303.0, 372.0, 18.0, 48.0
302.0, 374.0, 18.0, 48.0
300.0, 374.0, 19.0, 50.0
298.0, 375.0, 18.0, 50.0
297.0, 375.0, 19.0, 53.0
296.0, 377.0, 17.0, 52.0
297.0, 377.0, 17.0, 53.0
297.0, 377.0, 17.0, 53.0
296.0, 379.0, 17.0, 50.0
295.0, 380.0, 17.0, 50.0
296.0, 381.0, 17.0, 50.0
297.0, 380.0, 18.0, 51.0
297.0, 380.0, 18.0, 51.0
297.0, 379.0, 19.0, 51.0
298.0, 380.0, 19.0, 49.0
298.0, 381.0, 18.0, 49.0
298.0, 381.0, 18.0, 48.0
296.0, 380.0, 18.0, 48.0
295.0, 379.0, 17.0, 48.0
294.0, 380.0, 17.0, 48.0
294.0, 379.0, 17.0, 50.0
293.0, 378.0, 17.0, 50.0
291.0, 378.0, 16.0, 50.0
291.0, 380.0, 16.0, 49.0
291.0, 379.0, 17.0, 50.0
291.0, 377.0, 17.0, 52.0
291.0, 377.0, 18.0, 52.0
291.0, 377.0, 18.0, 51.0
290.0, 376.0, 19.0, 52.0
291.0, 377.0, 18.0, 51.0
291.0, 379.0, 18.0, 49.0
290.0, 379.0, 18.0, 48.0
290.0, 380.0, 18.0, 48.0
289.0, 381.0, 18.0, 48.0
287.0, 383.0, 18.0, 47.0
287.0, 384.0, 18.0, 48.0
284.0, 384.0, 17.0, 50.0
283.0, 385.0, 17.0, 51.0
282.0, 386.0, 17.0, 52.0
280.0, 386.0, 17.0, 53.0
279.0, 387.0, 17.0, 53.0
278.0, 389.0, 17.0, 50.0
276.0, 389.0, 17.0, 51.0
275.0, 388.0, 17.0, 51.0
273.0, 386.0, 18.0, 54.0
273.0, 385.0, 18.0, 53.0
273.0, 384.0, 18.0, 51.0
271.0, 383.0, 18.0, 49.0
271.0, 381.0, 18.0, 48.0
273.0, 379.0, 18.0, 50.0
272.0, 377.0, 18.0, 50.0
270.0, 375.0, 18.0, 51.0
268.0, 375.0, 17.0, 50.0
266.0, 373.0, 17.0, 52.0
265.0, 372.0, 16.0, 51.0
264.0, 373.0, 16.0, 50.0
264.0, 372.0, 17.0, 50.0
265.0, 370.0, 17.0, 52.0
265.0, 370.0, 18.0, 54.0
265.0, 372.0, 18.0, 54.0
264.0, 373.0, 18.0, 55.0
263.0, 374.0, 18.0, 54.0
262.0, 372.0, 19.0, 55.0
260.0, 373.0, 18.0, 51.0
259.0, 370.0, 18.0, 52.0
258.0, 369.0, 18.0, 51.0
257.0, 370.0, 18.0, 50.0
255.0, 370.0, 19.0, 51.0
252.0, 371.0, 19.0, 50.0
251.0, 371.0, 19.0, 51.0
251.0, 370.0, 18.0, 52.0
250.0, 368.0, 18.0, 54.0
248.0, 366.0, 18.0, 54.0
248.0, 367.0, 18.0, 52.0
248.0, 365.0, 18.0, 53.0
248.0, 364.0, 18.0, 51.0
247.0, 363.0, 18.0, 50.0
248.0, 363.0, 18.0, 51.0
247.0, 364.0, 18.0, 52.0
246.0, 363.0, 18.0, 55.0
245.0, 361.0, 18.0, 54.0
244.0, 361.0, 18.0, 53.0
244.0, 363.0, 18.0, 51.0
243.0, 363.0, 18.0, 52.0
241.0, 363.0, 18.0, 52.0
240.0, 364.0, 18.0, 52.0
239.0, 365.0, 17.0, 53.0
239.0, 364.0, 17.0, 53.0
238.0, 364.0, 16.0, 52.0
240.0, 362.0, 17.0, 50.0
241.0, 361.0, 18.0, 51.0
246.0, 358.0, 19.0, 53.0
248.0, 353.0, 18.0, 52.0
251.0, 348.0, 17.0, 54.0
251.0, 348.0, 17.0, 51.0
250.0, 349.0, 17.0, 54.0
250.0, 349.0, 18.0, 55.0
250.0, 348.0, 18.0, 55.0
252.0, 349.0, 19.0, 55.0
253.0, 351.0, 19.0, 53.0
255.0, 350.0, 19.0, 53.0
258.0, 351.0, 18.0, 52.0
258.0, 351.0, 18.0, 51.0
260.0, 351.0, 18.0, 51.0
260.0, 352.0, 18.0, 51.0
260.0, 351.0, 19.0, 51.0
260.0, 351.0, 19.0, 52.0
258.0, 352.0, 18.0, 53.0
259.0, 353.0, 18.0, 54.0
259.0, 352.0, 17.0, 55.0
261.0, 353.0, 17.0, 53.0
261.0, 354.0, 17.0, 52.0
261.0, 351.0, 17.0, 54.0
261.0, 349.0, 17.0, 52.0
260.0, 348.0, 17.0, 52.0
260.0, 347.0, 17.0, 51.0
261.0, 347.0, 17.0, 51.0
261.0, 345.0, 18.0, 54.0
261.0, 346.0, 18.0, 52.0
259.0, 347.0, 18.0, 51.0
258.0, 348.0, 18.0, 52.0
258.0, 349.0, 18.0, 51.0
258.0, 348.0, 18.0, 50.0
259.0, 349.0, 18.0, 51.0
259.0, 349.0, 17.0, 53.0
257.0, 352.0, 18.0, 55.0
256.0, 357.0, 17.0, 52.0
254.0, 357.0, 17.0, 49.0
250.0, 357.0, 18.0, 51.0
247.0, 358.0, 18.0, 50.0
245.0, 359.0, 18.0, 50.0
243.0, 358.0, 17.0, 51.0
242.0, 358.0, 17.0, 49.0
243.0, 358.0, 17.0, 50.0
242.0, 356.0, 18.0, 54.0
240.0, 357.0, 18.0, 53.0
239.0, 359.0, 18.0, 53.0
239.0, 360.0, 18.0, 52.0
237.0, 361.0, 19.0, 51.0
235.0, 362.0, 19.0, 50.0
235.0, 362.0, 19.0, 51.0
234.0, 360.0, 19.0, 54.0
232.0, 361.0, 19.0, 54.0
230.0, 363.0, 19.0, 54.0
229.0, 361.0, 19.0, 55.0
227.0, 358.0, 20.0, 58.0
225.0, 355.0, 20.0, 60.0
224.0, 355.0, 19.0, 60.0
222.0, 352.0, 20.0, 62.0
222.0, 348.0, 21.0, 61.0
220.0, 345.0, 20.0, 59.0
219.0, 344.0, 20.0, 60.0
217.0, 345.0, 21.0, 59.0
215.0, 346.0, 22.0, 58.0
212.0, 344.0, 22.0, 63.0
214.0, 344.0, 22.0, 61.0
213.0, 343.0, 22.0, 62.0
212.0, 345.0, 22.0, 63.0
209.0, 347.0, 23.0, 61.0
209.0, 349.0, 23.0, 63.0
208.0, 348.0, 24.0, 64.0
207.0, 348.0, 24.0, 65.0
204.0, 348.0, 24.0, 66.0
203.0, 350.0, 24.0, 66.0
200.0, 351.0, 25.0, 69.0
198.0, 351.0, 24.0, 71.0
195.0, 350.0, 24.0, 71.0
193.0, 349.0, 25.0, 71.0
190.0, 350.0, 26.0, 71.0
187.0, 351.0, 26.0, 73.0
186.0, 348.0, 27.0, 72.0
184.0, 350.0, 27.0, 72.0
181.0, 354.0, 28.0, 74.0
180.0, 360.0, 27.0, 69.0
178.0, 361.0, 27.0, 70.0
176.0, 359.0, 26.0, 72.0
173.0, 360.0, 27.0, 73.0
171.0, 360.0, 27.0, 73.0
169.0, 359.0, 28.0, 77.0
167.0, 368.0, 28.0, 77.0
163.0, 363.0, 30.0, 81.0
162.0, 367.0, 29.0, 78.0
163.0, 365.0, 31.0, 87.0
163.0, 372.0, 29.0, 85.0
159.0, 369.0, 31.0, 87.0
158.0, 371.0, 32.0, 85.0
156.0, 372.0, 34.0, 86.0
151.0, 376.0, 35.0, 89.0
147.0, 371.0, 36.0, 92.0
146.0, 367.0, 35.0, 90.0
145.0, 370.0, 37.0, 91.0
139.0, 371.0, 36.0, 97.0
135.0, 364.0, 36.0, 99.0
129.0, 358.0, 38.0, 99.0
127.0, 358.0, 38.0, 98.0
129.0, 350.0, 37.0, 103.0
130.0, 347.0, 41.0, 99.0
136.0, 346.0, 40.0, 104.0
141.0, 349.0, 40.0, 105.0
149.0, 343.0, 42.0, 111.0
159.0, 343.0, 41.0, 108.0
169.0, 334.0, 40.0, 110.0
180.0, 332.0, 41.0, 111.0
187.0, 333.0, 40.0, 113.0
195.0, 337.0, 43.0, 122.0
202.0, 346.0, 42.0, 114.0
206.0, 347.0, 42.0, 113.0
211.0, 352.0, 45.0, 117.0
215.0, 354.0, 43.0, 117.0
217.0, 355.0, 45.0, 119.0
217.0, 354.0, 46.0, 124.0
219.0, 360.0, 47.0, 122.0
221.0, 370.0, 46.0, 124.0
219.0, 369.0, 45.0, 123.0
222.0, 374.0, 46.0, 128.0
228.0, 375.0, 50.0, 131.0
232.0, 371.0, 49.0, 135.0
238.0, 377.0, 49.0, 137.0
244.0, 372.0, 48.0, 139.0
243.0, 368.0, 51.0, 134.0
240.0, 357.0, 53.0, 138.0
233.0, 345.0, 55.0, 138.0
229.0, 342.0, 56.0, 137.0
224.0, 330.0, 57.0, 140.0
224.0, 318.0, 56.0, 142.0
228.0, 306.0, 57.0, 144.0
226.0, 304.0, 55.0, 139.0
230.0, 303.0, 57.0, 143.0
229.0, 298.0, 60.0, 150.0
234.0, 287.0, 58.0, 150.0
239.0, 294.0, 57.0, 154.0
245.0, 304.0, 55.0, 152.0
247.0, 301.0, 55.0, 157.0
255.0, 294.0, 56.0, 154.0
265.0, 295.0, 56.0, 159.0
267.0, 301.0, 58.0, 156.0
268.0, 305.0, 61.0, 161.0
272.0, 306.0, 60.0, 155.0
272.0, 309.0, 60.0, 153.0
272.0, 313.0, 60.0, 159.0
270.0, 316.0, 59.0, 155.0
263.0, 311.0, 60.0, 154.0
261.0, 310.0, 58.0, 152.0
256.0, 308.0, 58.0, 157.0
249.0, 302.0, 59.0, 160.0
246.0, 295.0, 61.0, 161.0
240.0, 293.0, 60.0, 165.0
241.0, 296.0, 60.0, 168.0
246.0, 291.0, 60.0, 171.0
259.0, 298.0, 57.0, 169.0
266.0, 289.0, 55.0, 172.0
272.0, 282.0, 57.0, 162.0
274.0, 272.0, 58.0, 165.0
277.0, 269.0, 60.0, 160.0
286.0, 263.0, 62.0, 171.0
286.0, 257.0, 61.0, 172.0
287.0, 260.0, 62.0, 161.0
287.0, 269.0, 63.0, 160.0
291.0, 271.0, 61.0, 156.0
298.0, 274.0, 61.0, 156.0
299.0, 275.0, 62.0, 161.0
299.0, 282.0, 60.0, 161.0
297.0, 277.0, 60.0, 157.0
300.0, 279.0, 58.0, 165.0
300.0, 275.0, 58.0, 166.0
293.0, 278.0, 60.0, 164.0
287.0, 278.0, 59.0, 167.0
283.0, 279.0, 60.0, 168.0
276.0, 278.0, 63.0, 169.0
274.0, 272.0, 64.0, 170.0
270.0, 268.0, 64.0, 164.0
268.0, 267.0, 65.0, 168.0
260.0, 266.0, 65.0, 166.0
255.0, 273.0, 63.0, 161.0
252.0, 274.0, 61.0, 157.0
250.0, 276.0, 61.0, 159.0
248.0, 280.0, 63.0, 158.0
245.0, 280.0, 62.0, 158.0
248.0, 280.0, 62.0, 164.0
243.0, 284.0, 61.0, 167.0
242.0, 282.0, 64.0, 171.0
241.0, 272.0, 63.0, 170.0
236.0, 271.0, 62.0, 167.0
231.0, 266.0, 61.0, 168.0
239.0, 267.0, 60.0, 170.0
243.0, 274.0, 62.0, 159.0
253.0, 281.0, 61.0, 168.0
259.0, 283.0, 62.0, 166.0
264.0, 292.0, 61.0, 164.0
268.0, 297.0, 61.0, 160.0
276.0, 309.0, 66.0, 163.0
283.0, 327.0, 64.0, 160.0
284.0, 337.0, 60.0, 153.0
289.0, 336.0, 63.0, 160.0
290.0, 343.0, 64.0, 160.0
293.0, 351.0, 63.0, 159.0
291.0, 353.0, 64.0, 160.0
296.0, 356.0, 61.0, 161.0
296.0, 359.0, 63.0, 160.0
297.0, 360.0, 63.0, 162.0
297.0, 362.0, 65.0, 164.0
300.0, 370.0, 66.0, 159.0
296.0, 376.0, 67.0, 148.0
293.0, 378.0, 66.0, 151.0
288.0, 381.0, 67.0, 152.0
287.0, 386.0, 67.0, 147.0
285.0, 387.0, 67.0, 149.0
280.0, 398.0, 68.0, 152.0
273.0, 408.0, 64.0, 147.0
273.0, 404.0, 64.0, 151.0
275.0, 398.0, 62.0, 150.0
272.0, 397.0, 62.0, 149.0
269.0, 391.0, 62.0, 155.0
268.0, 383.0, 59.0, 158.0
268.0, 377.0, 59.0, 168.0
265.0, 371.0, 59.0, 161.0
268.0, 366.0, 60.0, 163.0
270.0, 358.0, 59.0, 157.0
274.0, 354.0, 59.0, 155.0
274.0, 353.0, 62.0, 154.0
274.0, 354.0, 62.0, 156.0
274.0, 355.0, 62.0, 152.0
274.0, 358.0, 62.0, 154.0
271.0, 359.0, 64.0, 152.0
273.0, 360.0, 62.0, 161.0
272.0, 367.0, 62.0, 154.0
275.0, 363.0, 59.0, 158.0
274.0, 375.0, 55.0, 155.0
270.0, 375.0, 55.0, 167.0
267.0, 358.0, 55.0, 168.0
258.0, 415.0, 55.0, 168.0
256.0, 414.0, 55.0, 167.0
258.0, 396.0, 54.0, 166.0
256.0, 400.0, 56.0, 170.0
256.0, 404.0, 55.0, 169.0
262.0, 382.0, 55.0, 169.0
274.0, 369.0, 56.0, 170.0
278.0, 344.0, 56.0, 170.0
283.0, 335.0, 56.0, 170.0
302.0, 324.0, 56.0, 170.0
309.0, 330.0, 56.0, 171.0
308.0, 333.0, 56.0, 170.0
317.0, 335.0, 56.0, 172.0
323.0, 332.0, 57.0, 173.0
335.0, 351.0, 60.0, 160.0
349.0, 348.0, 61.0, 166.0
365.0, 353.0, 62.0, 167.0
384.0, 359.0, 58.0, 173.0
393.0, 364.0, 57.0, 163.0
399.0, 365.0, 59.0, 156.0
413.0, 358.0, 60.0, 160.0
430.0, 349.0, 51.0, 162.0
437.0, 333.0, 58.0, 176.0
446.0, 342.0, 57.0, 174.0
436.0, 385.0, 58.0, 177.0
436.0, 390.0, 58.0, 178.0
432.0, 398.0, 58.0, 179.0
436.0, 409.0, 59.0, 179.0
437.0, 388.0, 59.0, 180.0
445.0, 357.0, 58.0, 178.0
443.0, 346.0, 41.0, 173.0
433.0, 359.0, 49.0, 168.0
418.0, 364.0, 59.0, 162.0
399.0, 369.0, 62.0, 162.0
386.0, 373.0, 61.0, 157.0
374.0, 367.0, 61.0, 162.0
359.0, 365.0, 65.0, 164.0
347.0, 366.0, 66.0, 168.0
334.0, 370.0, 67.0, 164.0
326.0, 369.0, 69.0, 164.0
319.0, 374.0, 65.0, 159.0
317.0, 372.0, 65.0, 154.0
311.0, 374.0, 64.0, 153.0
304.0, 382.0, 64.0, 150.0
297.0, 379.0, 65.0, 149.0
292.0, 380.0, 63.0, 154.0
286.0, 374.0, 65.0, 156.0
277.0, 380.0, 62.0, 160.0
278.0, 375.0, 60.0, 162.0
276.0, 378.0, 59.0, 168.0
273.0, 381.0, 58.0, 162.0
273.0, 382.0, 59.0, 161.0
272.0, 384.0, 60.0, 157.0
273.0, 388.0, 57.0, 155.0
275.0, 390.0, 58.0, 156.0
273.0, 390.0, 59.0, 157.0
276.0, 390.0, 60.0, 157.0
277.0, 392.0, 59.0, 153.0
279.0, 393.0, 58.0, 149.0
282.0, 388.0, 58.0, 146.0
282.0, 382.0, 60.0, 150.0
279.0, 378.0, 61.0, 153.0
280.0, 374.0, 60.0, 155.0
279.0, 373.0, 58.0, 159.0
278.0, 369.0, 59.0, 161.0
277.0, 367.0, 58.0, 160.0
276.0, 361.0, 60.0, 159.0
276.0, 356.0, 59.0, 162.0
275.0, 353.0, 61.0, 165.0
272.0, 352.0, 64.0, 164.0
270.0, 350.0, 64.0, 162.0
267.0, 350.0, 65.0, 167.0
263.0, 361.0, 65.0, 166.0
264.0, 369.0, 61.0, 165.0
264.0, 378.0, 60.0, 164.0
262.0, 377.0, 57.0, 169.0
260.0, 372.0, 59.0, 171.0
260.0, 377.0, 59.0, 165.0
255.0, 370.0, 62.0, 163.0
257.0, 365.0, 64.0, 158.0
257.0, 358.0, 62.0, 161.0
252.0, 359.0, 63.0, 163.0
250.0, 360.0, 60.0, 155.0
249.0, 357.0, 57.0, 154.0
243.0, 361.0, 58.0, 147.0
236.0, 359.0, 61.0, 145.0
235.0, 357.0, 59.0, 150.0
231.0, 362.0, 58.0, 147.0
227.0, 363.0, 61.0, 153.0
225.0, 352.0, 62.0, 156.0
223.0, 341.0, 59.0, 153.0
226.0, 329.0, 60.0, 150.0
233.0, 322.0, 58.0, 145.0
242.0, 310.0, 61.0, 147.0
253.0, 297.0, 59.0, 151.0
261.0, 287.0, 58.0, 147.0
276.0, 270.0, 55.0, 155.0
288.0, 258.0, 56.0, 152.0
298.0, 264.0, 53.0, 150.0
301.0, 264.0, 53.0, 153.0
305.0, 268.0, 54.0, 149.0
305.0, 268.0, 56.0, 158.0
304.0, 275.0, 57.0, 154.0
301.0, 277.0, 60.0, 155.0
299.0, 288.0, 60.0, 153.0
299.0, 297.0, 59.0, 157.0
298.0, 300.0, 58.0, 155.0
298.0, 298.0, 57.0, 153.0
300.0, 298.0, 55.0, 153.0
303.0, 304.0, 57.0, 150.0
307.0, 294.0, 58.0, 146.0
306.0, 296.0, 58.0, 144.0
304.0, 295.0, 57.0, 150.0
306.0, 297.0, 58.0, 152.0
307.0, 291.0, 55.0, 155.0
313.0, 300.0, 52.0, 153.0
316.0, 303.0, 55.0, 149.0
325.0, 300.0, 54.0, 146.0
338.0, 293.0, 57.0, 147.0
348.0, 292.0, 57.0, 145.0
356.0, 291.0, 58.0, 148.0
363.0, 291.0, 58.0, 146.0
368.0, 294.0, 59.0, 146.0
373.0, 292.0, 60.0, 142.0
377.0, 290.0, 61.0, 147.0
381.0, 300.0, 62.0, 151.0
379.0, 305.0, 60.0, 149.0
371.0, 306.0, 58.0, 150.0
369.0, 309.0, 61.0, 151.0
371.0, 317.0, 56.0, 151.0
378.0, 322.0, 53.0, 150.0
383.0, 328.0, 55.0, 149.0
393.0, 328.0, 56.0, 147.0
399.0, 327.0, 57.0, 151.0
400.0, 327.0, 60.0, 154.0
404.0, 339.0, 59.0, 149.0
408.0, 338.0, 61.0, 149.0
410.0, 330.0, 62.0, 147.0
409.0, 329.0, 59.0, 146.0
398.0, 327.0, 60.0, 142.0
373.0, 327.0, 60.0, 142.0
358.0, 340.0, 57.0, 139.0
342.0, 345.0, 59.0, 139.0
314.0, 335.0, 61.0, 145.0
306.0, 333.0, 59.0, 144.0
291.0, 338.0, 59.0, 149.0
277.0, 348.0, 58.0, 153.0
267.0, 349.0, 57.0, 152.0
260.0, 360.0, 57.0, 146.0
254.0, 355.0, 61.0, 147.0
254.0, 369.0, 59.0, 141.0
244.0, 374.0, 61.0, 140.0
247.0, 377.0, 62.0, 149.0
250.0, 379.0, 62.0, 148.0
250.0, 368.0, 65.0, 149.0
259.0, 361.0, 67.0, 148.0
263.0, 343.0, 66.0, 154.0
257.0, 331.0, 64.0, 146.0
246.0, 329.0, 65.0, 147.0
225.0, 321.0, 67.0, 147.0
206.0, 319.0, 65.0, 150.0
208.0, 322.0, 61.0, 146.0
209.0, 307.0, 61.0, 149.0
214.0, 302.0, 61.0, 146.0
221.0, 301.0, 62.0, 148.0
226.0, 287.0, 62.0, 158.0
237.0, 281.0, 66.0, 157.0
248.0, 278.0, 69.0, 154.0
256.0, 268.0, 69.0, 152.0
266.0, 265.0, 66.0, 154.0
278.0, 261.0, 64.0, 154.0
297.0, 266.0, 65.0, 148.0
303.0, 267.0, 63.0, 144.0
314.0, 268.0, 62.0, 142.0
321.0, 280.0, 63.0, 141.0
315.0, 283.0, 64.0, 143.0
305.0, 296.0, 64.0, 144.0
306.0, 305.0, 64.0, 143.0
309.0, 301.0, 64.0, 150.0
305.0, 303.0, 62.0, 147.0
307.0, 304.0, 62.0, 150.0
314.0, 291.0, 65.0, 148.0
326.0, 287.0, 68.0, 150.0
337.0, 284.0, 65.0, 144.0
350.0, 289.0, 65.0, 144.0
362.0, 285.0, 65.0, 145.0
372.0, 288.0, 64.0, 144.0
382.0, 297.0, 64.0, 140.0
391.0, 291.0, 63.0, 142.0
410.0, 289.0, 63.0, 142.0
425.0, 288.0, 52.0, 140.0
437.0, 280.0, 42.0, 145.0
439.0, 285.0, 39.0, 148.0
444.0, 287.0, 36.0, 149.0
443.0, 283.0, 50.0, 153.0
440.0, 290.0, 37.0, 140.0
440.0, 294.0, 38.0, 138.0
442.0, 292.0, 37.0, 144.0
442.0, 305.0, 37.0, 140.0
439.0, 304.0, 41.0, 140.0
433.0, 309.0, 45.0, 142.0
427.0, 313.0, 49.0, 139.0
411.0, 318.0, 60.0, 131.0
396.0, 321.0, 61.0, 134.0
382.0, 329.0, 60.0, 131.0
365.0, 334.0, 60.0, 129.0
356.0, 338.0, 57.0, 131.0
340.0, 345.0, 59.0, 129.0
329.0, 340.0, 58.0, 128.0
323.0, 338.0, 58.0, 131.0
318.0, 337.0, 58.0, 130.0
315.0, 342.0, 56.0, 136.0
310.0, 349.0, 56.0, 137.0
305.0, 349.0, 57.0, 141.0
304.0, 352.0, 58.0, 142.0
304.0, 348.0, 58.0, 135.0
300.0, 342.0, 59.0, 137.0
298.0, 339.0, 58.0, 132.0
300.0, 337.0, 58.0, 131.0
300.0, 330.0, 61.0, 144.0
304.0, 325.0, 61.0, 139.0
300.0, 321.0, 61.0, 140.0
295.0, 321.0, 61.0, 138.0
291.0, 327.0, 61.0, 141.0
283.0, 320.0, 59.0, 141.0
276.0, 319.0, 58.0, 145.0
267.0, 325.0, 59.0, 143.0
253.0, 331.0, 59.0, 137.0
245.0, 329.0, 57.0, 139.0
235.0, 331.0, 56.0, 141.0
221.0, 323.0, 59.0, 139.0
212.0, 321.0, 59.0, 140.0
200.0, 322.0, 60.0, 148.0
185.0, 312.0, 61.0, 153.0
175.0, 311.0, 60.0, 147.0
168.0, 313.0, 62.0, 147.0
157.0, 316.0, 60.0, 142.0
149.0, 314.0, 57.0, 140.0
142.0, 316.0, 57.0, 137.0
133.0, 312.0, 59.0, 140.0
127.0, 316.0, 58.0, 139.0
117.0, 312.0, 57.0, 141.0
108.0, 310.0, 58.0, 142.0
104.0, 309.0, 58.0, 145.0
99.0, 305.0, 59.0, 150.0
94.0, 299.0, 59.0, 155.0
95.0, 301.0, 57.0, 150.0
95.0, 301.0, 58.0, 150.0
97.0, 304.0, 58.0, 148.0
98.0, 308.0, 57.0, 143.0
101.0, 315.0, 56.0, 143.0
103.0, 319.0, 60.0, 142.0
113.0, 323.0, 59.0, 146.0
114.0, 321.0, 62.0, 147.0
121.0, 321.0, 60.0, 143.0
127.0, 318.0, 60.0, 144.0
134.0, 322.0, 60.0, 144.0
138.0, 322.0, 59.0, 143.0
145.0, 321.0, 57.0, 141.0
149.0, 317.0, 56.0, 140.0
153.0, 318.0, 56.0, 143.0
158.0, 311.0, 54.0, 142.0
159.0, 307.0, 55.0, 147.0
160.0, 307.0, 54.0, 144.0
161.0, 303.0, 54.0, 144.0
162.0, 303.0, 54.0, 143.0
162.0, 302.0, 55.0, 143.0
165.0, 301.0, 57.0, 143.0
168.0, 302.0, 57.0, 139.0
173.0, 306.0, 56.0, 139.0
175.0, 309.0, 55.0, 136.0
176.0, 309.0, 55.0, 137.0
179.0, 310.0, 54.0, 137.0
180.0, 318.0, 55.0, 137.0
181.0, 319.0, 54.0, 135.0
185.0, 309.0, 57.0, 144.0
189.0, 317.0, 55.0, 146.0
193.0, 315.0, 57.0, 152.0
196.0, 315.0, 55.0, 151.0
199.0, 311.0, 56.0, 157.0
202.0, 310.0, 54.0, 154.0
204.0, 317.0, 54.0, 148.0
204.0, 323.0, 55.0, 137.0
205.0, 323.0, 56.0, 141.0
209.0, 322.0, 56.0, 144.0
211.0, 324.0, 57.0, 144.0
211.0, 330.0, 56.0, 136.0
209.0, 330.0, 57.0, 134.0
210.0, 333.0, 55.0, 137.0
212.0, 339.0, 54.0, 142.0
214.0, 338.0, 53.0, 144.0
217.0, 331.0, 52.0, 148.0
217.0, 327.0, 52.0, 144.0
221.0, 329.0, 51.0, 146.0
224.0, 327.0, 50.0, 148.0
229.0, 319.0, 51.0, 142.0
233.0, 315.0, 51.0, 146.0
236.0, 307.0, 51.0, 145.0
241.0, 312.0, 53.0, 138.0
240.0, 318.0, 53.0, 135.0
244.0, 316.0, 49.0, 132.0
247.0, 312.0, 52.0, 134.0
246.0, 315.0, 49.0, 137.0
246.0, 318.0, 51.0, 133.0
243.0, 323.0, 51.0, 132.0
242.0, 321.0, 50.0, 131.0
244.0, 313.0, 52.0, 134.0
237.0, 318.0, 53.0, 138.0
233.0, 311.0, 54.0, 139.0
233.0, 304.0, 53.0, 136.0
231.0, 305.0, 54.0, 144.0
229.0, 309.0, 52.0, 141.0
230.0, 303.0, 52.0, 145.0
233.0, 305.0, 51.0, 145.0
236.0, 303.0, 53.0, 148.0
245.0, 304.0, 53.0, 149.0
249.0, 303.0, 52.0, 154.0
255.0, 310.0, 53.0, 152.0
263.0, 311.0, 56.0, 148.0
272.0, 305.0, 56.0, 145.0
285.0, 310.0, 53.0, 139.0
294.0, 305.0, 54.0, 141.0
304.0, 304.0, 52.0, 144.0
310.0, 294.0, 53.0, 148.0
317.0, 292.0, 52.0, 146.0
322.0, 291.0, 51.0, 149.0
323.0, 297.0, 50.0, 146.0
323.0, 296.0, 50.0, 144.0
322.0, 292.0, 56.0, 142.0
325.0, 290.0, 57.0, 140.0
315.0, 292.0, 60.0, 138.0
314.0, 294.0, 58.0, 137.0
308.0, 289.0, 58.0, 139.0
303.0, 291.0, 57.0, 139.0
296.0, 290.0, 58.0, 139.0
290.0, 284.0, 58.0, 138.0
280.0, 280.0, 60.0, 137.0
270.0, 287.0, 58.0, 137.0
263.0, 289.0, 56.0, 138.0
261.0, 276.0, 57.0, 150.0
261.0, 281.0, 57.0, 144.0
258.0, 284.0, 56.0, 144.0
257.0, 285.0, 57.0, 145.0
257.0, 288.0, 56.0, 146.0
254.0, 294.0, 55.0, 147.0
258.0, 290.0, 56.0, 149.0
260.0, 288.0, 55.0, 147.0
257.0, 290.0, 56.0, 146.0
254.0, 301.0, 58.0, 145.0
254.0, 305.0, 59.0, 146.0
253.0, 308.0, 60.0, 149.0
253.0, 310.0, 61.0, 147.0
252.0, 318.0, 60.0, 141.0
249.0, 319.0, 61.0, 141.0
251.0, 315.0, 61.0, 141.0
247.0, 313.0, 60.0, 143.0
248.0, 314.0, 59.0, 142.0
250.0, 304.0, 58.0, 144.0
250.0, 302.0, 57.0, 146.0
251.0, 299.0, 57.0, 150.0
250.0, 291.0, 59.0, 147.0
256.0, 284.0, 58.0, 148.0
255.0, 280.0, 61.0, 150.0
254.0, 279.0, 61.0, 150.0
257.0, 274.0, 61.0, 159.0
259.0, 271.0, 60.0, 157.0
264.0, 268.0, 61.0, 158.0
264.0, 272.0, 62.0, 155.0
262.0, 276.0, 61.0, 156.0
262.0, 277.0, 59.0, 153.0
267.0, 272.0, 57.0, 148.0
272.0, 262.0, 62.0, 155.0
274.0, 262.0, 58.0, 153.0
275.0, 264.0, 58.0, 154.0
276.0, 266.0, 58.0, 149.0
274.0, 257.0, 60.0, 148.0
274.0, 261.0, 60.0, 146.0
272.0, 261.0, 60.0, 147.0
273.0, 260.0, 60.0, 148.0
277.0, 270.0, 59.0, 154.0
274.0, 274.0, 61.0, 146.0
285.0, 273.0, 61.0, 143.0
277.0, 262.0, 64.0, 149.0
262.0, 271.0, 62.0, 148.0
248.0, 284.0, 62.0, 143.0
239.0, 282.0, 57.0, 149.0
237.0, 281.0, 57.0, 153.0
220.0, 282.0, 60.0, 148.0
208.0, 284.0, 59.0, 149.0
200.0, 274.0, 58.0, 153.0
195.0, 284.0, 59.0, 155.0
181.0, 289.0, 59.0, 148.0
171.0, 289.0, 60.0, 149.0
157.0, 282.0, 60.0, 145.0
151.0, 299.0, 60.0, 141.0
143.0, 290.0, 60.0, 144.0
145.0, 282.0, 60.0, 145.0
146.0, 278.0, 61.0, 142.0
150.0, 278.0, 60.0, 144.0
144.0, 264.0, 60.0, 147.0
149.0, 266.0, 59.0, 147.0
148.0, 262.0, 59.0, 151.0
152.0, 260.0, 58.0, 151.0
154.0, 254.0, 57.0, 154.0
159.0, 255.0, 58.0, 150.0
156.0, 251.0, 59.0, 151.0
161.0, 250.0, 57.0, 148.0
162.0, 248.0, 55.0, 147.0
165.0, 257.0, 58.0, 139.0
163.0, 259.0, 57.0, 138.0
166.0, 267.0, 57.0, 141.0
164.0, 265.0, 55.0, 143.0
162.0, 260.0, 54.0, 144.0
161.0, 265.0, 53.0, 141.0
155.0, 264.0, 54.0, 142.0
151.0, 268.0, 57.0, 145.0
149.0, 274.0, 58.0, 146.0
149.0, 276.0, 58.0, 145.0
150.0, 282.0, 60.0, 146.0
148.0, 285.0, 59.0, 148.0
144.0, 295.0, 59.0, 146.0
146.0, 305.0, 59.0, 142.0
150.0, 305.0, 60.0, 142.0
153.0, 297.0, 56.0, 144.0
154.0, 302.0, 59.0, 144.0
153.0, 300.0, 61.0, 144.0
158.0, 300.0, 62.0, 141.0
159.0, 295.0, 62.0, 143.0
162.0, 290.0, 62.0, 145.0
168.0, 287.0, 62.0, 141.0
173.0, 286.0, 64.0, 145.0
175.0, 282.0, 62.0, 142.0
177.0, 281.0, 61.0, 143.0
185.0, 282.0, 61.0, 145.0
186.0, 278.0, 61.0, 143.0
187.0, 268.0, 62.0, 146.0
186.0, 266.0, 61.0, 147.0
188.0, 260.0, 62.0, 145.0
192.0, 258.0, 63.0, 145.0
