177,51,21,129
177,51,21,129
177,51,21,129
177,51,21,129
177,51,21,129
177,51,21,129
176,51,20,126
176,51,21,129
176,51,20,126
175,51,20,126
175,51,20,126
175,53,20,123
176,54,19,121
176,55,19,119
176,55,19,119
175,55,19,121
174,54,20,126
174,54,20,128
173,56,20,123
173,55,20,126
173,55,20,126
173,56,20,128
173,56,20,128
172,57,20,128
172,57,20,128
171,57,20,128
170,58,20,126
170,60,20,123
170,61,19,121
170,63,19,119
169,62,19,121
167,60,20,126
167,62,20,123
167,61,20,128
166,59,21,134
166,62,21,131
167,65,20,126
166,67,20,123
168,69,20,128
167,72,20,123
169,74,20,128
168,75,20,126
170,79,19,121
172,84,19,116
173,85,19,119
174,88,18,114
176,91,17,110
177,95,17,105
192,79,16,103
177,58,17,107
177,57,18,112
172,94,19,116
170,96,19,116
170,97,19,116
169,98,19,119
167,99,18,114
167,101,17,110
165,97,18,114
164,95,19,119
161,94,20,123
162,92,20,128
162,95,20,123
163,96,19,121
165,98,19,116
166,97,19,116
167,98,18,112
168,98,17,110
169,99,17,107
169,99,16,103
170,97,16,103
171,94,17,105
171,92,17,105
170,91,16,103
169,89,16,99
169,85,16,103
167,80,16,101
167,77,16,103
166,73,16,99
166,69,16,101
165,63,17,105
163,60,16,101
164,54,16,103
164,49,17,107
163,46,16,103
163,43,16,99
166,42,15,95
167,37,15,93
170,35,14,90
170,29,14,92
194,36,15,95
196,39,15,93
197,42,14,90
196,47,14,86
194,31,14,90
196,32,14,86
199,36,13,83
202,37,13,80
202,40,12,78
202,42,13,81
200,45,13,81
189,43,13,85
191,45,13,81
192,45,13,85
192,47,13,85
192,47,14,88
192,47,14,92
191,50,15,95
185,52,15,97
183,51,16,101
186,36,15,97
185,36,15,93
188,37,15,95
181,29,14,92
183,31,14,88
187,35,13,85
188,37,13,81
188,37,13,81
188,36,13,85
189,36,13,85
189,37,13,83
190,37,14,86
191,39,14,86
191,44,13,83
188,29,13,85
190,29,13,81
176,23,13,81
179,22,12,78
190,26,12,75
191,25,12,78
191,25,13,81
196,28,12,78
198,34,12,75
198,34,12,78
185,36,13,81
184,35,13,85
192,37,14,86
201,46,13,83
191,40,13,85
189,39,14,88
190,39,14,92
189,42,15,95
183,47,14,92
183,47,15,95
182,48,15,93
185,35,14,90
189,40,14,86
189,42,13,83
187,37,14,86
188,39,13,83
189,42,13,81
190,45,12,78
191,45,13,80
191,45,13,83
192,49,13,81
192,51,13,83
193,56,13,81
193,60,12,78
190,46,12,77
192,48,12,75
179,40,12,78
182,43,12,75
190,44,12,78
194,46,13,81
198,50,12,78
199,56,12,77
201,57,13,80
204,67,12,77
203,65,13,80
194,69,13,83
190,69,14,86
188,68,14,90
191,74,15,93
187,70,15,97
186,73,16,101
186,76,17,105
181,80,17,105
177,86,16,101
174,92,15,97
173,93,15,95
158,80,15,95
179,66,14,92
179,64,15,93
182,68,14,90
181,65,15,93
182,63,15,97
183,66,15,93
184,63,14,92
185,67,14,88
187,67,14,90
188,69,14,86
191,72,13,83
193,74,13,80
195,76,12,78
197,77,13,81
199,77,13,85
200,80,13,81
201,81,13,81
202,81,13,85
203,83,13,85
204,85,13,85
205,87,13,85
204,87,14,86
206,91,13,85
204,90,14,88
204,93,14,86
205,97,13,83
204,99,13,83
204,102,13,80
204,107,12,77
203,110,12,74
203,113,11,72
202,117,11,69
201,120,11,69
201,124,10,67
200,127,10,64
