205.0, 151.0, 17.0, 50.0
203.0, 150.0, 18.0, 50.0
202.0, 150.0, 18.0, 49.0
201.0, 150.0, 18.0, 50.0
200.0, 150.0, 18.0, 48.0
199.0, 150.0, 18.0, 49.0
198.0, 150.0, 19.0, 49.0
194.0, 149.0, 18.0, 50.0
193.0, 148.0, 18.0, 50.0
192.0, 149.0, 20.0, 49.0
189.0, 147.0, 20.0, 49.0
190.0, 146.0, 19.0, 49.0
188.0, 146.0, 18.0, 47.0
188.0, 145.0, 18.0, 48.0
186.0, 144.0, 18.0, 49.0
183.0, 144.0, 19.0, 48.0
183.0, 144.0, 19.0, 48.0
181.0, 144.0, 18.0, 47.0
181.0, 143.0, 19.0, 47.0
181.0, 143.0, 18.0, 44.0
179.0, 141.0, 18.0, 45.0
177.0, 140.0, 18.0, 47.0
176.0, 139.0, 19.0, 46.0
176.0, 139.0, 18.0, 45.0
175.0, 139.0, 19.0, 46.0
174.0, 139.0, 19.0, 45.0
174.0, 139.0, 19.0, 45.0
173.0, 136.0, 19.0, 49.0
171.0, 135.0, 20.0, 51.0
169.0, 130.0, 19.0, 52.0
168.0, 128.0, 20.0, 52.0
168.0, 129.0, 19.0, 51.0
167.0, 127.0, 19.0, 52.0
166.0, 126.0, 19.0, 53.0
166.0, 127.0, 18.0, 51.0
164.0, 125.0, 19.0, 51.0
165.0, 125.0, 18.0, 51.0
165.0, 126.0, 18.0, 48.0
164.0, 125.0, 18.0, 47.0
163.0, 124.0, 19.0, 49.0
163.0, 124.0, 19.0, 48.0
163.0, 123.0, 19.0, 49.0
161.0, 122.0, 18.0, 48.0
162.0, 123.0, 18.0, 47.0
161.0, 122.0, 18.0, 48.0
160.0, 123.0, 16.0, 46.0
159.0, 125.0, 16.0, 44.0
158.0, 127.0, 16.0, 40.0
157.0, 126.0, 15.0, 38.0
156.0, 126.0, 16.0, 39.0
155.0, 124.0, 15.0, 40.0
153.0, 124.0, 15.0, 39.0
151.0, 123.0, 15.0, 38.0
150.0, 123.0, 16.0, 37.0
150.0, 123.0, 15.0, 37.0
149.0, 123.0, 15.0, 37.0
147.0, 123.0, 15.0, 36.0
146.0, 124.0, 16.0, 37.0
145.0, 124.0, 15.0, 36.0
143.0, 124.0, 15.0, 37.0
142.0, 124.0, 15.0, 36.0
140.0, 122.0, 15.0, 38.0
138.0, 121.0, 14.0, 36.0
137.0, 121.0, 14.0, 37.0
136.0, 122.0, 14.0, 36.0
135.0, 121.0, 14.0, 37.0
133.0, 121.0, 15.0, 37.0
132.0, 121.0, 14.0, 36.0
130.0, 120.0, 13.0, 34.0
127.0, 119.0, 14.0, 36.0
125.0, 117.0, 15.0, 38.0
126.0, 116.0, 14.0, 37.0
124.0, 115.0, 14.0, 36.0
124.0, 114.0, 14.0, 36.0
121.0, 113.0, 14.0, 35.0
121.0, 114.0, 14.0, 35.0
118.0, 112.0, 14.0, 35.0
118.0, 111.0, 14.0, 36.0
117.0, 109.0, 14.0, 37.0
116.0, 110.0, 14.0, 37.0
114.0, 109.0, 14.0, 38.0
113.0, 109.0, 14.0, 37.0
112.0, 108.0, 13.0, 37.0
110.0, 109.0, 14.0, 35.0
108.0, 110.0, 14.0, 34.0
106.0, 109.0, 13.0, 33.0
105.0, 110.0, 13.0, 33.0
103.0, 108.0, 13.0, 33.0
102.0, 108.0, 13.0, 33.0
100.0, 107.0, 14.0, 34.0
98.0, 105.0, 13.0, 34.0
98.0, 105.0, 13.0, 34.0
95.0, 105.0, 13.0, 34.0
94.0, 104.0, 14.0, 35.0
92.0, 105.0, 13.0, 33.0
92.0, 105.0, 13.0, 34.0
89.0, 104.0, 14.0, 34.0
88.0, 104.0, 13.0, 34.0
86.0, 102.0, 12.0, 35.0
85.0, 102.0, 13.0, 36.0
83.0, 102.0, 12.0, 34.0
82.0, 102.0, 12.0, 33.0
81.0, 103.0, 12.0, 33.0
79.0, 102.0, 12.0, 33.0
77.0, 102.0, 12.0, 33.0
76.0, 102.0, 12.0, 32.0
74.0, 102.0, 12.0, 34.0
73.0, 101.0, 12.0, 33.0
72.0, 100.0, 13.0, 32.0
69.0, 98.0, 12.0, 31.0
69.0, 98.0, 12.0, 31.0
67.0, 98.0, 11.0, 30.0
66.0, 99.0, 12.0, 30.0
65.0, 98.0, 12.0, 31.0
63.0, 98.0, 12.0, 32.0
62.0, 97.0, 13.0, 32.0
60.0, 97.0, 12.0, 32.0
59.0, 97.0, 12.0, 33.0
59.0, 96.0, 11.0, 31.0
57.0, 96.0, 12.0, 32.0
