494,298,8,12
488,302,10,11
485,305,10,11
482,307,10,10
479,313,10,10
475,323,10,10
473,327,10,10
471,335,10,10
467,344,10,10
466,353,10,10
465,358,10,10
463,369,10,10
462,382,10,11
460,390,10,10
461,388,10,10
461,388,10,10
462,391,10,10
464,390,10,10
464,390,10,10
463,390,10,10
473,385,10,10
480,386,10,10
478,370,10,10
477,371,10,10
478,370,10,10
477,370,10,10
475,371,10,10
475,369,10,10
475,368,10,10
472,366,10,10
472,366,10,10
471,361,10,10
470,360,10,10
467,358,10,10
466,356,10,10
465,353,10,10
464,352,10,11
463,353,10,11
463,351,10,11
463,352,10,11
463,355,10,10
459,356,10,10
459,356,10,10
458,356,10,10
471,366,10,10
470,365,10,10
469,365,10,10
466,366,10,10
464,367,10,10
473,378,10,10
463,370,10,10
461,373,10,10
451,373,10,10
449,375,10,10
449,378,10,10
449,383,10,10
447,380,10,10
448,365,10,10
446,362,10,11
445,361,10,11
444,360,10,11
443,358,10,11
442,357,10,11
442,356,10,11
441,355,10,11
442,355,10,10
442,355,10,10
441,357,10,10
441,357,10,10
440,359,10,10
441,360,10,10
439,361,10,10
444,357,10,10
443,356,10,10
449,348,10,11
449,347,10,11
449,346,10,12
453,349,10,12
453,348,10,12
453,344,10,12
450,346,10,12
449,347,10,12
450,348,10,13
449,348,10,14
450,347,10,14
448,344,10,14
448,345,10,13
450,343,10,13
450,344,10,13
450,344,10,13
449,342,10,13
449,341,10,13
450,340,10,13
450,340,10,13
450,341,10,13
451,340,10,13
452,339,10,13
452,337,10,13
459,330,10,13
457,329,10,13
448,324,11,12
447,325,12,11
447,325,13,10
445,326,13,10
446,325,14,10
445,326,14,10
445,326,15,10
446,324,15,10
445,325,15,10
445,325,15,10
446,325,16,10
446,325,16,10
447,325,16,10
446,326,16,10
445,326,16,10
446,325,17,10
446,326,17,10
447,324,17,10
446,325,16,10
446,325,16,10
444,325,16,10
445,325,17,10
444,325,17,10
443,326,17,10
443,324,17,10
443,324,17,10
441,324,17,10
445,325,16,10
447,326,16,10
449,324,15,10
448,324,15,10
448,324,15,10
443,323,15,10
448,323,15,10
445,325,15,10
444,325,16,10
444,326,16,10
444,326,16,10
443,324,17,10
443,326,17,10
442,325,17,10
442,325,18,10
443,326,18,10
443,324,18,10
442,326,18,10
442,325,18,10
442,325,19,10
443,325,19,10
442,325,19,10
442,325,19,10
442,325,19,10
441,325,19,10
441,325,20,10
441,325,20,10
442,325,19,10
442,325,19,10
441,325,19,10
441,325,19,10
441,325,19,10
442,325,20,10
442,325,20,10
441,325,20,10
441,325,20,10
441,325,20,10
441,325,20,10
441,325,20,10
440,325,20,10
441,325,20,10
441,325,20,10
441,325,20,10
443,327,19,10
447,325,18,11
460,330,17,11
464,328,17,11
470,333,16,12
474,337,15,13
476,344,14,14
481,330,14,14
475,332,14,13
468,337,16,12
467,338,16,12
466,337,16,12
465,338,16,12
468,337,16,12
465,337,15,12
462,339,15,13
461,339,15,13
461,339,14,14
460,339,14,14
461,338,14,14
460,338,14,14
459,338,14,14
460,337,14,14
459,337,14,14
458,339,14,14
459,337,14,14
456,337,14,14
457,337,14,14
456,338,14,14
456,337,14,14
455,338,14,13
454,338,14,13
455,337,14,13
454,337,14,13
456,336,14,13
454,336,14,13
454,337,15,13
454,336,15,13
447,337,14,13
448,338,14,13
447,338,14,13
446,338,13,13
447,338,13,13
446,338,13,13
445,338,13,13
445,338,13,13
442,343,12,14
444,339,13,14
445,337,14,13
444,337,15,12
442,337,16,11
443,336,16,11
448,325,16,11
448,326,15,11
448,325,14,11
449,325,14,11
449,324,14,11
450,323,14,11
450,323,14,11
460,329,14,11
458,330,14,11
455,330,13,11
450,326,13,11
448,326,12,11
447,325,12,11
446,325,13,10
446,326,13,10
445,325,14,10
445,325,14,10
445,325,15,10
445,325,15,10
444,325,16,10
444,326,16,10
444,324,16,10
444,324,16,10
443,325,16,10
443,325,17,10
443,325,17,10
443,326,17,10
443,326,17,10
443,326,17,10
443,326,18,10
443,326,18,10
443,326,18,10
443,326,18,10
443,326,18,10
441,326,18,10
443,326,18,10
443,325,19,10
442,325,19,10
442,325,19,10
442,325,19,10
442,325,19,10
442,326,19,10
442,325,19,10
442,326,19,10
441,326,19,10
442,326,19,10
441,326,19,10
442,326,19,10
442,324,19,10
441,325,19,10
441,325,19,10
441,325,19,10
441,325,19,10
441,325,19,10
441,325,19,10
442,325,19,10
443,326,18,11
442,324,18,11
443,324,17,11
443,324,17,11
444,325,17,12
443,325,16,12
443,324,16,12
444,324,16,12
444,324,16,12
443,323,16,12
442,323,16,12
443,325,16,12
443,325,16,12
442,323,16,12
443,323,16,12
444,324,16,12
443,324,16,12
443,324,16,12
443,324,16,12
443,324,16,12
443,324,16,12
442,324,16,11
442,324,17,10
442,325,17,10
442,325,18,10
443,325,18,10
443,325,18,10
443,325,18,10
444,325,18,10
444,325,18,10
444,325,18,10
446,325,17,10
445,324,17,10
445,325,17,10
446,325,17,10
446,325,17,10
446,325,17,10
446,325,17,10
446,326,17,10
447,326,16,10
447,326,16,10
446,325,16,10
447,326,16,10
447,326,15,10
448,327,15,10
447,312,14,11
452,310,13,11
456,310,13,11
460,311,12,11
466,312,12,11
469,314,12,11
475,315,12,11
480,314,11,11
486,314,11,11
491,314,11,11
497,311,11,11
502,310,11,11
507,310,11,11
512,308,11,11
517,308,10,11
523,308,10,11
533,307,10,11
535,307,10,11
538,307,10,11
538,307,10,11
538,307,10,11
538,306,10,11
537,305,10,11
535,307,10,11
535,307,10,11
534,308,10,11
535,308,10,11
535,307,10,10
535,308,10,10
535,308,10,10
534,308,10,10
535,307,10,10
535,308,10,10
534,308,10,10
535,308,10,10
535,307,10,10
534,308,10,10
535,308,10,10
534,308,10,10
534,307,10,10
535,308,10,10
534,308,10,10
534,308,10,10
535,309,10,10
534,308,10,10
534,308,10,10
535,308,10,10
534,308,10,10
535,308,10,10
535,308,10,10
534,308,10,10
534,308,10,10
534,308,10,10
535,308,10,10
535,308,10,10
535,308,10,10
535,308,10,10
534,308,10,10
534,308,10,10
535,309,10,10
535,308,10,10
535,308,10,10
535,309,10,10
534,308,10,10
535,308,10,10
535,308,10,10
535,308,10,10
535,308,10,10
534,308,10,10
534,308,10,10
535,308,10,10
535,308,10,10
535,309,10,10
535,308,10,10
535,308,10,10
535,309,10,10
535,308,10,10
535,309,10,10
534,308,10,10
535,308,10,10
535,308,10,10
535,308,10,10
535,308,10,10
535,308,10,10
534,308,10,10
535,308,10,10
535,308,10,10
535,308,10,10
535,308,10,10
534,308,10,10
535,308,10,10
535,308,10,10
535,308,10,10
534,308,10,10
534,308,10,10
535,308,10,10
535,308,10,10
535,308,10,10
535,309,10,10
534,308,10,10
535,308,10,10
535,308,10,10
535,308,10,10
534,308,10,10
534,308,10,10
535,308,10,10
535,308,10,10
535,309,10,10
534,308,10,10
534,309,10,10
534,308,10,10
534,308,10,10
535,308,10,10
534,308,10,10
534,308,10,10
535,308,10,10
534,308,10,10
535,308,10,10
535,309,10,10
535,308,10,10
534,308,10,10
534,308,10,10
535,308,10,10
534,308,10,10
534,308,10,10
535,309,10,10
534,308,10,10
534,308,10,10
535,308,10,10
535,308,10,10
534,308,10,10
535,309,10,10
534,308,10,10
534,308,10,10
535,308,10,10
535,309,10,10
534,308,10,10
534,308,10,10
534,308,10,10
535,308,10,10
534,309,10,10
534,308,10,10
535,308,10,10
535,308,10,10
534,308,10,10
535,308,10,10
535,308,10,10
535,308,10,10
534,308,10,10
534,308,10,10
535,308,10,10
534,308,10,10
534,308,10,10
535,308,10,10
535,309,10,10
534,308,10,10
534,308,10,10
534,309,10,10
535,308,10,10
534,308,10,10
535,308,10,10
535,308,10,10
534,308,10,10
535,308,10,10
534,308,10,10
535,308,10,10
535,308,10,10
534,308,10,10
535,308,10,10
535,308,10,10
534,308,10,10
535,308,10,10
535,308,10,10
534,308,10,10
534,308,10,10
535,308,10,10
534,308,10,10
534,308,10,10
535,308,10,10
534,308,10,10
534,308,10,10
535,308,10,10
534,308,10,10
534,308,10,10
535,308,10,10
535,307,10,10
534,308,10,10
535,308,10,10
534,308,10,10
534,308,10,10
535,307,10,10
535,308,10,10
535,308,10,10
535,308,10,10
534,308,10,10
535,308,10,10
534,308,10,10
534,308,10,10
535,308,10,10
535,308,10,10
535,308,10,10
534,308,10,10
535,308,10,10
534,308,10,10
535,308,10,10
534,308,10,10
534,308,10,10
535,308,10,10
534,308,10,10
534,308,10,10
535,308,10,10
534,308,10,10
535,308,10,10
535,308,10,10
534,308,10,10
535,308,10,10
534,308,10,10
534,308,10,10
535,308,10,10
534,308,10,10
534,308,10,10
535,308,10,10
535,308,10,10
534,308,10,10
534,308,10,10
535,308,10,10
534,308,10,10
534,308,10,10
534,308,10,10
534,308,10,10
535,308,10,10
534,308,10,10
535,308,10,10
534,308,10,10
535,308,10,10
534,308,10,10
535,308,10,10
534,308,10,10
534,308,10,10
534,308,10,10
535,308,10,10
534,309,10,11
534,308,10,10
534,308,10,10
534,308,10,10
535,308,10,10
535,308,10,10
534,308,10,10
535,308,10,10
535,308,10,10
534,308,10,10
535,308,10,10
535,308,10,10
534,308,10,10
535,308,10,10
535,308,10,10
534,308,10,10
534,308,10,10
534,308,10,10
534,308,10,10
535,308,10,10
534,308,10,10
534,308,10,10
535,308,10,10
535,308,10,10
534,308,10,10
534,308,10,10
534,308,10,10
535,308,10,10
535,308,10,10
535,308,10,10
535,308,10,11
535,308,10,11
534,308,10,10
534,308,10,10
534,308,10,10
534,308,10,10
534,308,10,10
534,308,10,10
534,308,10,10
534,308,10,10
534,309,10,10
534,308,11,10
534,308,11,10
534,307,11,11
535,307,11,10
535,307,11,11
534,308,11,10
535,308,11,11
535,307,11,11
534,308,11,10
534,308,11,11
534,307,11,11
534,308,11,10
534,308,10,10
534,307,10,11
534,308,10,10
534,308,10,10
534,308,10,10
534,308,10,10
535,307,10,10
535,307,10,10
535,307,10,10
535,308,10,10
534,308,10,10
535,308,10,10
534,307,10,10
534,308,10,10
534,308,10,10
535,308,10,10
534,307,10,11
534,307,10,11
535,307,10,10
535,308,10,10
534,307,10,10
535,307,10,10
534,308,10,10
535,308,10,10
535,308,10,10
534,308,10,10
534,307,10,10
534,308,10,10
534,308,10,10
535,308,10,10
534,308,10,10
534,308,10,10
535,308,10,10
535,308,10,11
535,308,10,11
535,308,10,11
535,308,10,11
534,308,10,10
534,308,10,10
535,308,10,10
534,308,10,10
534,308,10,10
535,308,10,10
535,308,10,10
534,308,10,10
535,308,10,10
534,308,10,10
534,308,10,10
535,308,10,10
534,308,10,10
535,308,10,10
535,308,10,10
534,308,10,10
534,308,10,10
535,308,10,10
534,308,10,10
535,308,10,10
535,307,10,10
535,308,10,10
534,308,10,10
535,308,10,10
535,308,10,10
534,308,10,10
535,308,10,10
534,308,10,10
534,308,10,10
535,308,10,10
534,308,10,10
535,308,10,10
534,308,10,10
534,308,10,10
535,308,10,11
535,307,10,10
535,308,10,10
534,308,10,10
535,308,10,10
535,308,10,10
535,308,10,10
535,308,10,10
535,308,10,10
535,307,10,10
535,308,10,10
535,308,10,10
534,308,10,10
534,308,10,10
534,308,10,10
534,308,10,10
535,308,10,10
535,308,10,10
534,307,10,10
534,308,10,10
534,308,10,10
534,308,10,10
534,307,10,10
535,308,10,10
535,308,10,10
535,308,10,10
535,308,10,10
534,308,10,10
535,307,10,10
535,307,10,10
535,308,10,10
535,308,10,10
534,308,10,10
534,308,10,10
534,308,10,10
534,308,10,10
534,308,10,10
534,308,10,10
534,307,10,10
535,308,10,10
535,308,10,10
535,308,10,10
534,308,10,10
534,307,10,10
534,308,10,10
534,308,10,10
534,308,10,10
535,308,10,10
535,308,10,10
535,308,10,10
535,308,10,10
535,308,10,10
534,308,10,10
535,308,10,10
535,308,10,10
535,308,10,10
535,308,10,10
534,308,10,10
535,308,10,10
535,308,10,10
534,308,10,10
535,308,10,10
535,308,10,10
534,308,10,10
534,308,10,10
534,308,10,10
534,308,10,10
535,308,10,10
535,308,10,10
534,308,10,10
534,308,10,10
534,308,10,10
535,308,10,10
535,308,10,10
534,308,10,10
535,308,10,10
535,308,10,10
534,308,10,10
535,307,10,10
534,308,10,10
535,308,10,10
535,308,10,10
534,308,10,10
534,308,10,10
535,308,10,10
534,308,10,10
535,308,10,10
535,308,10,10
534,308,10,10
535,308,10,10
534,308,10,10
535,308,10,10
535,308,10,10
534,308,10,10
534,308,10,10
534,308,10,10
534,308,10,10
534,308,10,10
535,308,10,10
535,308,10,10
534,308,10,10
535,308,10,10
534,308,10,10
535,308,10,10
535,308,10,10
534,308,10,10
535,308,10,10
535,308,10,10
535,308,10,10
535,308,10,10
534,308,10,10
534,308,10,10
535,308,10,10
535,308,10,10
535,308,10,10
535,308,10,10
535,308,10,10
534,308,10,10
535,308,10,10
534,308,10,10
535,308,10,10
535,308,10,10
534,308,10,10
535,308,10,10
535,308,10,10
535,308,10,10
535,308,10,10
534,308,10,10
535,308,10,10
535,308,10,10
535,308,10,10
535,308,10,10
534,308,10,10
535,308,10,10
535,308,10,10
534,308,10,10
535,308,10,10
535,308,10,10
534,308,10,10
534,308,10,10
534,308,10,10
534,308,10,10
534,307,10,10
534,308,10,10
534,308,10,10
534,308,10,10
534,308,10,10
534,307,10,10
535,308,10,10
534,308,10,10
534,308,10,10
534,308,10,10
534,308,10,10
535,307,10,10
534,308,10,10
534,308,10,10
534,308,10,10
534,308,10,10
535,308,10,10
534,308,11,10
534,308,11,10
534,308,11,10
534,308,11,10
535,308,11,10
534,308,11,11
534,308,11,10
534,307,11,11
534,308,11,11
535,308,11,11
534,308,10,11
535,307,10,11
535,308,10,11
534,308,10,11
535,308,10,11
534,308,10,11
534,308,10,11
534,308,10,11
534,308,10,10
534,308,10,10
535,308,10,10
535,307,10,10
534,308,10,10
534,308,10,10
534,308,10,10
534,308,10,10
534,308,10,10
534,309,10,10
535,308,10,10
534,308,10,10
534,308,10,10
534,308,10,10
534,308,10,10
534,308,10,10
534,308,10,10
535,308,10,10
535,308,10,10
535,308,10,10
535,308,10,10
534,308,10,10
535,308,10,10
535,308,10,10
535,308,10,10
534,307,10,10
534,308,10,10
535,308,10,10
535,308,10,10
534,308,10,10
535,308,10,10
534,308,10,10
535,308,10,10
535,308,10,10
534,308,10,10
535,308,10,10
534,308,10,10
535,307,10,10
534,308,10,10
535,307,10,11
535,307,10,11
535,307,10,11
534,308,10,11
534,308,10,11
534,307,10,11
535,308,10,10
534,308,10,10
534,308,10,10
535,307,10,10
535,308,10,10
534,308,10,10
535,308,10,10
534,308,10,10
534,307,10,10
535,308,10,10
534,308,10,10
535,307,10,10
535,308,10,10
534,307,10,10
534,308,10,10
535,308,10,10
534,308,10,10
535,308,10,10
535,308,10,10
534,308,10,10
535,307,10,10
535,308,10,10
534,308,10,10
535,308,10,10
535,308,10,10
535,308,10,10
534,308,10,10
534,307,10,10
535,308,10,10
534,308,10,10
534,308,10,10
535,307,10,10
534,308,10,10
535,307,10,10
535,307,10,10
534,307,10,10
535,307,10,10
534,307,10,10
535,308,10,10
534,308,10,10
535,307,10,10
535,307,10,10
534,307,10,10
535,307,10,10
536,307,10,11
536,306,10,11
536,306,10,11
536,305,10,11
535,300,10,10
537,300,10,10
540,300,10,10
542,300,10,10
544,299,10,10
547,300,10,10
550,300,10,10
551,302,10,10
554,302,10,10
556,302,10,10
559,304,10,10
561,304,10,10
565,304,10,10
567,303,10,10
569,302,10,10
569,302,10,10
569,301,10,10
568,300,10,10
570,299,10,10
570,300,10,10
579,295,10,10
583,296,10,10
586,296,10,10
592,295,10,10
596,297,10,10
599,297,10,10
605,298,10,10
608,299,10,10
607,304,10,10
607,307,10,10
608,308,10,10
608,307,10,10
608,308,10,10
607,307,10,10
608,307,10,10
608,308,10,10
607,307,10,10
608,308,10,10
608,308,10,10
608,308,10,10
607,307,10,10
608,308,10,10
608,307,10,10
608,307,10,10
608,308,10,10
607,307,10,10
608,308,10,10
608,307,10,10
608,308,10,10
608,307,10,10
608,308,10,10
608,307,10,10
608,307,10,10
608,308,10,10
608,307,10,10
608,307,10,10
608,307,10,10
608,307,10,10
608,307,10,10
609,307,10,10
608,307,10,10
608,307,10,10
608,307,10,10
608,307,10,10
608,307,10,10
607,307,10,10
608,307,10,10
607,307,10,10
608,307,10,10
608,307,10,10
607,307,10,10
608,307,10,10
608,307,10,10
607,307,10,10
607,307,10,10
608,307,10,10
607,307,10,10
608,308,10,10
608,307,10,10
607,307,10,10
607,307,10,10
607,307,10,10
607,307,10,10
608,307,10,10
608,307,10,10
608,307,10,10
608,307,10,10
607,306,10,10
608,307,10,10
608,307,10,10
608,306,10,10
608,307,10,10
608,307,10,10
608,307,10,10
608,307,10,10
608,307,10,10
608,307,10,10
609,307,10,10
609,307,10,10
608,307,10,10
608,308,10,10
609,307,10,10
609,307,10,10
608,308,10,10
609,308,10,10
609,307,10,10
609,308,10,10
609,308,10,10
608,307,10,10
609,308,10,10
609,307,10,10
609,308,10,10
609,307,10,10
608,308,10,10
609,307,10,10
609,308,10,10
609,308,10,10
609,308,10,10
609,308,10,10
609,308,10,10
608,307,10,10
609,308,10,10
609,308,10,10
609,308,10,10
609,308,10,10
609,308,10,10
608,307,10,10
609,308,10,10
609,307,10,10
609,308,10,10
609,307,10,10
609,307,10,10
609,307,10,10
609,307,10,10
609,307,10,10
609,307,10,10
609,307,10,10
609,307,10,10
609,307,10,10
609,307,10,10
610,307,10,10
610,307,10,10
609,307,10,10
610,307,10,10
610,307,10,10
610,307,10,10
610,307,10,10
610,307,10,10
610,307,10,10
610,307,10,10
611,307,10,10
610,307,10,10
611,308,10,10
611,306,10,10
611,308,10,10
611,307,10,10
612,307,10,10
612,307,10,10
612,307,10,10
612,307,10,10
613,307,10,10
612,307,10,10
612,307,10,10
612,308,10,10
613,307,10,10
612,307,10,10
611,308,10,10
612,307,10,10
611,307,10,10
611,308,10,10
611,307,10,10
611,307,10,10
611,307,10,10
611,308,10,10
610,307,10,10
611,307,10,10
610,307,10,10
610,308,10,10
610,307,10,10
610,307,10,10
609,308,10,10
610,307,10,10
609,307,10,10
609,307,10,10
610,307,10,10
610,307,10,10
610,307,10,10
610,306,10,10
610,307,10,10
609,307,10,10
610,307,10,10
610,307,10,10
611,307,10,10
610,307,10,10
610,307,10,10
611,307,10,10
611,307,10,10
610,306,10,10
611,307,10,10
610,308,10,10
610,308,10,10
611,307,10,10
610,308,10,10
610,308,10,10
610,308,10,10
610,307,10,10
610,308,10,10
610,308,10,10
610,308,10,10
610,307,10,10
611,308,10,10
610,307,10,10
610,307,10,10
610,307,10,10
611,308,10,10
610,306,10,10
611,307,10,10
611,307,10,10
611,307,10,10
610,307,10,10
610,307,10,10
611,306,10,10
611,307,10,10
612,307,10,10
612,307,10,10
612,307,10,10
612,307,10,10
612,308,10,10
612,307,10,10
613,307,10,10
612,307,10,10
613,308,10,10
613,307,10,10
613,307,10,10
613,308,10,10
612,307,10,10
613,308,10,10
613,308,10,10
614,307,10,10
613,308,10,10
613,308,10,10
614,307,10,10
613,308,10,10
613,307,10,10
612,308,10,10
613,307,10,10
613,307,10,10
613,306,10,10
613,307,10,10
612,307,10,10
612,307,10,10
612,307,10,10
612,307,10,10
612,306,10,10
611,307,10,10
611,307,10,10
611,307,10,10
611,307,10,10
611,306,10,10
611,307,10,10
610,306,10,10
611,307,10,10
610,307,10,10
610,307,10,10
611,306,10,10
610,307,10,10
611,306,10,10
610,307,10,10
610,306,10,10
611,307,10,10
610,307,10,10
610,306,10,10
610,307,10,10
611,307,10,10
611,306,10,10
610,307,10,10
611,307,10,10
611,307,10,10
611,307,10,10
611,307,10,10
611,307,10,10
611,307,10,10
611,308,10,10
611,307,10,10
611,307,10,10
610,307,10,10
611,307,10,10
610,307,10,10
611,307,10,10
610,306,10,10
610,307,10,10
611,307,10,10
610,307,10,10
610,307,10,10
610,307,10,10
610,307,10,10
610,307,10,10
609,306,10,10
610,307,10,10
610,307,10,10
610,307,10,10
610,307,10,10
610,307,10,10
610,307,10,10
611,306,10,10
610,307,10,10
610,307,10,10
610,307,10,10
610,307,10,10
611,307,10,10
611,308,10,10
611,307,10,10
611,307,10,10
611,307,10,10
611,307,10,10
611,307,10,10
611,307,10,10
611,307,10,10
612,307,10,10
611,307,10,10
611,307,10,10
610,307,10,10
611,308,10,10
611,307,10,10
612,307,10,10
611,308,10,10
611,307,10,10
611,307,10,10
611,308,10,10
611,307,10,10
610,308,10,10
611,308,10,10
610,307,10,10
612,307,10,10
611,307,10,10
612,307,10,10
611,307,10,10
611,307,10,10
611,307,10,10
612,307,10,10
611,308,10,10
611,307,10,10
611,307,10,10
611,307,10,10
611,307,10,10
611,307,10,10
610,307,10,10
611,307,10,10
611,307,10,10
611,307,10,10
610,307,10,10
611,307,10,10
611,307,10,10
610,307,10,10
611,307,10,10
610,307,10,10
611,307,10,10
610,307,10,10
610,307,10,10
609,307,10,10
610,307,10,10
610,306,10,10
610,307,10,10
610,307,10,10
610,307,10,10
610,307,10,10
610,306,10,10
609,307,10,10
610,307,10,10
610,306,10,10
610,307,10,10
610,306,10,10
610,306,10,10
610,307,10,10
610,306,10,10
610,306,10,10
610,306,10,10
610,307,10,10
610,306,10,10
611,306,10,10
611,307,10,10
611,306,10,10
611,306,10,10
611,306,10,10
611,306,10,10
612,306,10,10
612,306,10,10
612,306,10,10
612,306,10,10
612,306,10,10
612,306,10,10
613,306,10,10
613,306,10,10
613,306,10,10
613,306,10,10
613,307,10,10
614,306,10,10
615,307,10,10
614,306,10,10
615,307,10,10
615,306,10,10
616,307,10,10
615,306,10,10
616,306,10,10
616,306,10,10
617,306,10,10
616,306,10,10
617,306,10,10
617,305,10,10
617,306,10,10
616,306,10,10
617,306,10,10
617,306,10,10
616,306,10,10
616,306,10,10
617,307,10,10
615,306,10,10
616,306,10,10
616,307,10,10
615,306,10,10
615,307,10,10
615,306,10,10
615,307,10,10
614,306,10,10
614,306,10,10
614,307,10,10
614,306,10,10
613,306,10,10
613,306,10,10
613,306,10,10
612,306,10,10
611,306,10,10
611,306,10,10
612,306,10,10
611,306,10,10
612,305,10,10
611,306,10,10
610,306,10,10
610,306,10,10
610,306,10,10
610,306,10,10
610,306,10,10
609,306,10,10
610,306,10,10
609,307,10,10
611,306,10,10
610,307,10,10
610,308,10,11
610,306,10,10
610,308,10,11
610,308,10,11
611,307,10,12
612,308,10,13
611,308,10,13
611,308,10,14
610,308,10,14
610,308,10,14
611,308,10,15
610,308,10,15
610,308,10,15
610,306,10,16
610,308,10,16
609,308,10,16
609,307,10,17
609,307,10,17
609,308,10,17
608,308,11,17
609,307,11,18
609,307,11,18
608,307,11,18
608,307,11,18
608,307,11,18
608,308,11,19
608,307,11,19
608,307,11,19
608,308,11,19
608,307,11,19
608,308,11,19
608,307,12,19
609,307,12,19
607,311,11,20
607,312,11,21
607,311,11,22
607,311,11,22
607,310,11,23
607,311,11,23
606,311,12,23
607,310,12,24
606,310,12,24
606,310,12,24
607,309,12,24
606,310,12,25
606,310,12,25
606,310,12,25
606,309,13,25
606,310,13,25
606,309,13,25
606,310,13,25
606,309,14,25
606,309,14,25
606,310,14,25
608,309,14,26
605,309,14,26
607,309,14,26
607,308,14,26
606,309,14,26
607,309,14,26
608,308,14,26
605,309,14,26
607,308,14,26
607,309,14,26
607,309,14,26
607,309,14,26
607,308,14,27
607,308,14,27
606,309,14,26
606,308,14,26
606,309,14,26
606,309,14,27
607,308,14,27
606,309,14,27
606,309,14,26
608,308,14,26
607,309,14,26
607,308,14,26
606,309,14,26
606,309,14,26
606,309,14,26
606,310,14,26
607,308,14,26
607,309,14,26
606,310,14,26
606,308,14,26
606,309,14,26
606,309,14,26
606,310,14,26
606,310,14,26
608,309,14,26
607,309,14,26
607,308,14,26
607,308,14,26
607,309,14,26
608,308,14,26
608,308,14,26
608,309,14,27
608,308,14,27
610,308,14,27
610,308,14,26
609,304,16,25
608,305,16,23
608,306,17,22
606,307,17,22
609,307,17,21
610,307,17,21
609,307,17,21
607,310,16,22
607,311,15,23
607,309,15,24
607,308,14,25
607,309,14,26
607,308,14,26
607,308,14,26
608,308,14,26
608,308,14,26
608,307,14,27
608,308,14,27
608,307,13,27
607,308,13,27
607,308,13,27
607,307,13,27
608,307,13,27
608,307,14,27
608,308,14,27
607,307,14,27
608,307,14,27
608,308,14,27
607,307,14,27
608,307,14,27
608,307,14,27
608,308,14,27
607,307,14,27
608,307,14,28
608,307,14,27
607,307,14,27
607,307,14,27
608,308,14,27
607,307,14,28
607,307,14,27
607,307,14,27
608,307,14,27
608,307,14,27
608,307,14,27
608,307,14,27
608,307,14,27
608,307,14,27
606,308,14,27
607,306,15,27
607,308,15,28
607,307,15,28
608,307,15,27
608,307,15,27
608,308,15,27
607,307,15,27
607,307,14,28
608,307,14,28
607,308,14,28
608,308,14,28
607,307,14,28
607,307,14,28
607,308,14,28
607,307,14,28
608,307,14,28
608,307,14,28
607,307,14,28
608,307,14,28
608,307,14,28
608,308,14,28
608,307,14,28
608,307,14,28
608,307,15,28
608,307,15,28
607,307,15,28
608,307,15,28
608,307,15,28
608,307,15,28
608,307,15,28
608,307,15,28
608,307,15,28
608,307,15,28
608,307,15,28
610,307,16,27
609,307,16,27
609,307,16,27
609,307,16,27
609,307,16,27
610,306,17,26
609,306,19,25
608,307,19,25
608,309,20,25
607,308,21,25
607,309,21,25
607,308,22,25
606,307,22,25
606,307,22,25
607,309,23,25
607,308,23,25
607,308,23,25
607,307,23,25
607,307,23,25
606,307,24,26
606,307,24,26
606,307,24,26
606,307,24,26
606,307,24,26
606,308,24,26
606,307,24,26
605,307,24,26
606,308,24,26
606,307,24,26
606,308,24,26
608,307,24,26
607,306,24,26
606,309,23,26
606,310,22,27
605,308,20,28
604,310,19,28
604,311,18,29
607,307,18,29
610,304,19,27
609,305,20,26
610,306,20,26
609,306,21,25
607,306,21,24
607,305,22,24
608,306,22,24
607,306,22,23
608,307,23,23
607,307,23,23
609,308,23,23
608,308,22,23
608,307,22,24
608,308,22,24
607,307,22,24
607,309,22,24
607,308,22,24
607,307,22,25
607,309,22,25
607,308,22,25
608,308,22,25
608,307,22,25
608,308,23,26
608,307,23,26
609,307,23,26
609,307,23,26
608,307,23,26
608,307,23,26
608,307,23,26
609,307,23,26
608,307,23,26
608,307,23,26
609,307,23,26
610,308,23,26
609,306,23,25
608,307,23,25
608,307,23,25
610,308,23,25
609,308,23,25
612,308,23,25
612,309,23,25
610,307,23,25
606,306,23,25
604,305,23,24
605,305,23,24
606,305,22,24
606,305,22,23
609,306,22,23
607,306,22,23
607,305,21,22
607,305,21,22
608,305,21,21
608,305,20,21
608,305,20,21
608,305,20,20
608,305,20,20
609,305,19,20
609,305,19,20
609,305,18,19
609,305,18,19
609,305,18,19
609,305,18,18
609,305,17,18
609,305,17,18
609,306,17,18
609,305,16,17
609,306,16,17
609,305,16,17
609,305,16,16
609,306,16,16
609,306,16,16
609,306,16,16
608,306,15,16
609,306,15,15
610,305,15,15
609,306,15,15
610,306,15,15
610,305,15,15
610,306,15,15
610,306,15,15
611,306,15,15
609,306,14,15
609,306,14,14
609,306,14,14
611,306,14,14
611,306,14,14
614,306,14,14
611,306,14,14
611,306,14,14
610,306,14,14
610,306,14,14
610,306,14,14
610,306,14,14
609,307,13,15
610,307,13,15
609,307,13,15
610,307,13,15
609,306,13,15
609,306,13,15
609,306,13,15
609,306,13,15
609,307,13,15
609,306,13,15
610,306,13,15
609,307,13,15
609,306,13,15
610,307,13,15
609,306,13,15
609,306,13,15
610,306,13,15
609,306,13,15
610,306,13,15
610,306,13,15
609,306,13,15
610,306,13,15
609,306,13,15
610,306,13,15
610,305,13,14
610,306,13,14
610,305,13,14
610,305,13,14
610,306,13,14
610,307,13,14
610,306,13,14
610,306,13,14
611,306,13,14
611,306,13,14
611,306,13,13
611,306,13,13
612,306,13,13
612,305,13,13
612,307,13,13
612,307,13,13
612,307,13,13
612,306,13,12
612,307,13,13
612,307,13,13
613,306,13,13
613,305,13,12
613,305,13,12
613,306,13,12
613,306,13,12
614,307,13,12
614,306,12,11
614,306,12,11
615,306,12,11
615,306,12,11
616,307,12,11
616,306,11,11
617,307,11,11
618,307,11,11
618,307,11,10
618,307,11,10
618,307,10,10
618,307,10,10
619,308,10,10
619,307,10,10
620,308,10,10
619,307,10,10
620,307,10,10
620,307,10,10
620,307,10,10
619,308,10,10
620,308,10,10
620,307,10,10
620,307,10,10
620,307,10,10
619,307,10,10
619,307,10,10
619,307,10,10
619,306,10,10
619,307,10,10
619,307,10,10
619,308,10,10
618,307,10,10
618,307,10,10
619,307,10,10
618,307,10,10
617,307,10,10
618,306,10,10
618,307,10,10
617,306,10,10
618,307,10,10
617,306,10,10
617,307,10,10
616,307,10,10
617,307,10,10
617,307,10,10
618,307,10,10
618,307,10,10
617,307,10,10
618,307,10,10
617,307,10,10
617,307,10,10
616,308,10,10
617,307,10,10
618,308,10,10
617,307,10,10
617,308,10,10
618,308,10,10
617,308,10,10
618,307,10,10
617,308,10,10
618,309,10,10
618,308,10,10
617,309,10,11
616,308,10,11
617,307,10,10
616,307,10,10
616,307,10,10
616,308,10,10
616,307,10,10
615,307,10,10
616,307,10,10
615,307,10,10
615,307,10,10
615,307,10,10
615,307,10,10
614,307,10,10
615,307,10,10
615,306,10,10
615,307,10,10
615,307,10,10
615,307,10,10
616,306,10,10
615,307,10,10
617,307,10,10
616,307,10,10
617,307,10,10
617,307,10,10
617,307,10,10
618,308,10,10
618,307,10,10
618,308,10,10
618,308,10,10
618,308,10,10
619,308,10,10
619,309,10,10
619,308,10,10
619,309,10,10
620,309,10,10
619,309,10,10
620,309,10,10
620,309,10,10
621,310,10,10
620,310,10,10
620,309,10,10
621,310,10,10
620,310,10,10
621,310,10,10
620,309,10,10
621,310,10,10
621,310,10,10
621,310,10,10
621,310,10,10
621,310,10,10
621,310,10,10
621,310,10,10
621,310,10,10
621,310,10,10
620,310,10,10
621,310,10,10
621,310,10,10
620,309,10,10
621,310,10,10
621,309,10,10
620,310,10,10
621,310,10,10
621,310,10,10
621,309,10,10
620,310,10,10
621,309,10,10
620,310,10,10
620,310,10,10
621,309,10,10
620,310,10,10
619,310,10,10
619,310,10,10
620,309,10,10
620,310,10,10
620,310,10,10
621,310,10,10
620,309,10,10
620,310,10,10
620,310,10,10
621,310,10,10
621,310,10,10
620,309,10,10
620,310,10,10
621,309,10,10
620,309,10,10
620,310,10,10
621,309,10,10
621,310,10,10
620,309,10,10
620,309,10,10
621,310,10,10
620,309,10,10
620,309,10,10
620,310,10,10
621,309,10,10
620,310,10,10
621,310,10,10
620,309,10,10
621,309,10,10
620,310,10,10
621,310,10,10
620,309,10,10
621,310,10,10
621,310,10,10
621,310,10,10
622,310,10,10
620,310,10,10
621,309,10,10
620,310,10,10
621,310,10,10
620,310,10,10
621,310,10,10
620,310,10,10
621,310,10,10
620,310,10,10
621,310,10,10
620,309,10,10
621,310,10,10
621,310,10,10
620,310,10,10
621,309,10,10
620,310,10,10
621,310,10,10
620,309,10,10
621,310,10,10
621,309,10,10
620,309,10,10
620,310,10,10
620,309,10,10
620,310,10,10
620,309,10,10
620,309,10,10
620,309,10,10
620,309,10,10
620,309,10,10
620,309,10,10
620,308,10,10
619,309,10,10
618,308,10,10
619,309,10,10
618,308,10,10
619,308,10,10
617,308,10,10
616,307,10,10
617,308,10,10
616,308,10,10
616,307,10,10
616,307,10,10
615,307,10,10
615,307,10,10
615,307,10,10
615,306,10,10
614,307,10,10
614,306,10,10
614,306,10,10
615,306,10,10
614,306,10,10
614,307,10,10
614,306,10,10
614,306,10,10
614,306,10,10
614,306,10,10
614,306,10,10
614,306,10,10
614,306,10,10
615,305,10,10
614,306,10,10
614,306,10,10
614,306,10,10
614,306,10,10
614,306,10,10
614,306,10,10
614,307,10,10
614,306,10,10
614,306,10,10
614,307,10,10
614,306,10,10
614,306,10,10
614,306,10,10
614,306,10,10
614,306,10,10
614,306,10,10
614,306,10,10
615,306,10,10
614,307,10,10
614,306,10,10
614,306,10,10
614,306,10,10
614,306,10,10
614,306,10,10
615,306,10,10
614,306,10,10
614,306,10,10
615,307,10,10
614,306,10,10
615,307,10,10
615,307,10,10
616,307,10,10
615,306,10,10
615,307,10,10
616,307,10,10
615,307,10,10
615,306,10,10
616,307,10,10
616,306,10,10
617,306,10,10
616,307,10,10
617,307,10,10
616,307,10,10
616,307,10,10
617,307,10,10
616,306,10,10
617,307,10,10
616,307,10,10
617,307,10,10
616,307,10,10
617,306,10,10
616,307,10,10
617,307,10,10
616,307,10,10
616,308,10,10
617,307,10,10
616,307,10,10
616,307,10,10
617,307,10,10
616,306,10,10
616,307,10,10
616,306,10,10
616,307,10,10
616,307,10,10
615,307,10,10
616,307,10,10
616,308,10,10
617,308,10,10
617,308,10,10
616,308,10,10
616,308,10,10
616,308,10,10
617,308,10,10
616,308,10,10
617,307,10,10
616,307,10,10
616,307,10,10
615,307,10,10
616,306,10,10
616,306,10,10
616,307,10,10
616,306,10,10
615,306,10,10
616,305,10,10
615,306,10,10
616,306,10,10
615,305,10,10
615,306,10,10
615,306,10,10
615,306,10,10
615,305,10,10
615,306,10,10
615,306,10,10
615,305,10,10
615,306,10,10
615,306,10,10
616,305,10,10
615,306,10,10
615,306,10,10
616,306,10,10
615,306,10,10
615,306,10,10
615,305,10,10
615,306,10,10
615,306,10,10
615,306,10,10
614,306,10,10
615,306,10,10
615,307,10,10
614,306,10,10
614,307,10,10
613,306,10,10
613,306,10,10
614,306,10,10
613,306,10,10
613,306,10,10
614,306,10,10
614,306,10,10
613,306,10,10
614,305,10,10
613,306,10,10
613,305,10,10
614,306,10,10
613,306,10,10
613,305,10,10
613,306,10,10
613,306,10,10
613,305,10,10
614,306,10,10
613,305,10,10
614,305,10,10
613,306,10,10
614,305,10,10
614,305,10,10
613,306,10,10
614,305,10,10
614,306,10,10
613,305,10,10
614,306,10,10
614,305,10,10
615,305,10,10
614,306,10,10
614,306,10,10
614,305,10,10
614,306,10,10
615,306,10,10
615,306,10,10
615,305,10,10
616,306,10,10
616,304,10,10
616,305,10,10
617,306,10,10
618,307,10,10
620,308,10,10
621,309,10,10
621,310,10,10
620,309,10,10
621,309,10,10
620,310,10,10
621,310,10,10
621,311,10,10
621,308,10,10
620,309,11,10
618,306,11,10
616,306,11,10
616,306,11,10
616,306,11,10
616,305,11,10
617,304,11,10
615,306,11,10
615,305,11,10
614,305,10,10
614,306,10,10
614,306,10,10
614,305,10,10
614,306,10,10
615,306,10,10
614,306,10,10
614,306,10,10
614,306,10,10
614,305,10,10
614,306,10,10
614,306,10,10
613,306,10,10
615,306,10,10
614,306,10,10
614,306,10,10
614,306,10,10
615,305,10,10
614,306,10,10
615,306,10,10
615,306,10,10
614,306,10,10
615,306,10,10
615,306,10,10
615,306,10,10
615,307,10,10
615,306,10,10
615,306,10,10
615,305,10,10
615,306,10,10
616,306,10,10
615,306,10,10
615,305,10,10
615,306,10,10
615,306,10,10
615,306,10,10
615,306,10,10
615,307,10,10
616,306,10,10
615,307,10,10
616,306,10,10
615,307,10,10
616,307,10,10
616,306,10,10
616,307,10,10
616,307,10,10
616,307,10,10
616,307,10,10
616,307,10,10
616,306,10,10
616,307,10,10
615,308,10,10
616,307,10,10
615,308,10,10
616,308,10,10
615,308,10,10
616,309,10,10
615,309,10,10
616,308,10,10
615,309,10,10
616,308,10,10
616,308,10,10
615,309,10,10
616,308,10,10
615,308,10,10
616,308,10,10
615,308,10,10
616,307,10,10
616,308,10,10
617,309,10,10
616,308,10,10
617,307,10,10
616,308,10,10
616,309,10,10
615,308,10,10
616,308,10,10
615,309,10,10
616,308,10,10
616,308,10,10
616,308,10,10
616,308,10,10
615,309,10,10
616,308,10,10
615,308,10,10
616,308,10,10
617,308,10,10
616,307,10,10
616,308,10,10
616,307,10,10
616,308,10,10
616,307,10,10
616,307,10,10
617,307,10,10
616,307,10,10
616,307,10,10
616,307,10,10
617,308,10,10
617,307,10,10
617,307,10,10
617,307,10,10
616,307,10,10
617,307,10,10
617,307,10,10
617,307,10,10
617,307,10,10
617,307,10,10
617,307,10,10
617,307,10,10
617,307,10,10
617,307,10,10
616,307,10,10
617,307,10,10
617,307,10,10
617,307,10,10
617,306,10,10
617,307,10,10
617,307,10,10
617,307,10,10
