867,367,410,204
875,366,406,205
863,367,407,206
853,371,409,207
844,377,406,206
828,377,402,205
816,377,396,202
797,379,386,198
783,384,376,193
773,388,365,188
764,390,356,183
763,396,352,180
761,397,352,181
746,395,356,181
738,395,353,179
727,397,352,178
721,397,349,178
709,397,349,179
689,396,355,180
674,398,356,180
659,401,354,180
645,405,351,178
637,408,346,176
629,411,337,172
622,413,329,169
614,414,320,165
613,416,310,160
607,416,300,155
608,414,293,151
607,412,286,147
608,410,279,143
608,409,272,138
611,405,256,144
617,398,244,148
616,396,233,150
613,396,228,150
611,395,223,149
608,393,218,147
605,390,215,147
603,389,211,144
599,389,207,141
593,388,205,141
587,388,205,140
579,385,205,141
574,386,203,142
569,386,202,142
564,385,199,141
558,384,196,141
554,385,194,140
549,383,191,140
546,382,186,138
543,384,182,137
541,384,178,136
539,385,176,134
537,385,174,131
537,386,174,130
532,384,174,129
527,385,176,129
523,387,177,128
519,385,178,128
515,387,178,128
508,385,176,128
502,387,174,128
491,405,171,125
484,407,161,131
482,393,152,140
482,383,142,149
490,362,128,164
496,347,118,174
499,346,111,184
501,340,107,191
503,344,106,196
502,348,106,198
506,346,104,199
512,347,104,201
516,347,103,206
519,345,103,210
523,346,102,208
525,346,103,209
524,345,103,210
521,343,104,212
520,343,104,212
519,343,104,212
518,343,104,211
518,345,104,210
518,344,104,209
518,347,105,208
519,348,105,207
519,349,106,206
521,349,106,203
525,347,106,201
530,346,106,201
537,345,105,202
541,342,105,203
548,342,104,203
555,345,104,201
562,344,104,198
570,344,103,196
577,340,101,196
582,339,100,196
586,336,98,195
589,335,97,196
594,333,96,194
595,335,96,195
597,334,96,194
600,333,95,194
601,330,95,195
603,329,96,200
605,325,96,204
607,324,97,206
607,320,98,206
606,321,98,205
607,324,99,206
606,323,99,204
606,324,100,204
605,324,100,203
605,322,101,205
605,319,101,208
605,321,102,211
605,322,102,210
594,324,103,211
599,317,104,213
597,322,105,216
597,318,106,216
597,321,106,217
598,320,106,218
599,319,106,217
600,321,105,216
602,322,104,213
601,324,104,212
602,323,103,212
602,323,103,213
604,327,104,214
606,327,104,214
609,327,104,216
610,328,104,215
613,330,105,218
616,333,104,220
612,327,113,219
610,335,121,213
613,329,124,217
611,334,130,216
614,338,134,216
612,336,136,213
612,338,139,212
613,343,140,211
612,343,143,210
611,341,146,210
609,342,148,210
606,342,150,213
603,343,154,216
602,348,154,221
598,352,156,224
595,350,158,226
591,350,161,230
591,356,165,235
587,352,168,241
585,353,173,251
581,348,178,257
580,347,181,262
580,349,183,266
579,348,186,267
583,348,188,268
585,349,189,268
585,343,191,271
583,343,194,270
583,343,194,270
583,340,194,270
583,336,194,271
584,337,194,272
586,340,195,273
589,342,195,271
589,343,196,270
593,342,196,268
594,337,198,272
593,333,198,275
596,327,197,277
597,324,196,279
600,324,196,279
604,325,196,277
607,325,195,274
608,324,195,275
608,325,195,271
604,321,196,269
604,320,195,267
609,321,192,265
612,320,190,265
613,320,190,265
613,318,191,265
612,316,190,263
613,316,189,263
613,313,188,265
613,312,184,263
614,314,182,262
615,314,180,260
611,316,180,257
613,317,179,252
610,319,179,250
606,323,179,246
603,324,179,243
601,323,178,241
603,322,175,239
609,326,173,238
612,326,172,236
614,325,171,235
614,324,169,232
614,321,167,234
616,322,166,234
620,318,164,234
620,316,162,233
620,318,162,231
619,319,162,228
618,317,163,227
616,316,163,226
615,315,164,225
613,313,163,224
614,311,162,225
614,311,162,225
614,312,162,226
615,314,162,226
617,315,161,224
619,317,161,222
623,316,158,223
626,314,155,225
626,314,153,227
626,315,153,228
627,318,154,227
626,318,155,222
627,319,156,219
624,317,158,218
621,319,160,218
621,321,160,217
622,321,160,218
619,320,161,220
619,320,161,223
617,320,163,224
617,321,164,223
616,322,164,223
617,324,164,226
616,320,163,228
620,318,161,230
619,319,162,231
617,318,162,229
616,319,164,229
613,318,168,230
614,319,168,230
613,320,171,228
612,322,173,228
616,323,171,226
617,323,172,227
617,326,173,230
616,325,175,231
618,324,176,231
613,324,180,234
610,321,183,236
610,321,185,239
610,325,186,243
611,326,188,243
612,327,189,242
614,326,190,246
618,327,190,249
625,325,187,249
632,322,185,250
635,324,184,247
637,326,185,244
641,327,184,244
638,324,186,246
638,326,186,248
639,324,187,247
640,324,187,245
642,326,187,246
642,326,188,246
643,325,189,246
643,327,190,249
642,321,192,252
645,319,194,255
647,313,195,259
653,311,195,262
656,307,194,263
658,307,195,265
663,306,193,267
660,307,194,267
661,309,195,268
658,312,196,267
657,315,198,267
655,313,198,264
657,312,198,262
656,315,197,261
658,316,196,260
661,317,196,260
661,317,196,259
660,318,197,258
660,313,197,259
662,313,198,265
663,304,198,267
664,302,195,268
665,299,192,272
667,297,191,274
664,296,193,278
659,297,194,276
652,298,196,276
647,302,198,276
640,303,201,277
634,303,203,279
631,302,204,281
628,304,204,283
621,301,204,287
614,304,208,291
611,303,210,296
604,302,215,300
600,307,218,304
597,307,219,306
599,300,218,311
598,296,216,316
603,298,214,318
603,296,213,323
603,301,213,323
600,301,216,324
600,303,218,325
601,309,221,324
604,309,223,323
603,315,226,320
602,318,227,321
603,320,229,322
604,320,229,326
602,323,232,327
600,326,234,326
599,327,236,328
599,327,239,328
602,323,240,332
612,317,238,336
619,310,235,340
627,306,230,344
630,301,228,348
628,299,231,351
625,299,235,351
622,299,237,355
622,306,241,355
626,307,241,352
630,307,242,350
629,308,244,350
632,311,243,351
634,315,243,348
632,316,245,348
631,319,248,347
632,320,250,347
634,317,251,348
640,314,250,351
646,313,249,350
653,308,246,351
657,303,244,352
656,301,243,355
654,299,245,357
647,292,250,363
647,296,254,363
646,301,256,362
652,305,255,357
654,305,254,354
654,302,253,353
655,303,253,354
652,304,253,353
649,305,256,354
650,306,256,352
649,304,258,353
653,302,259,354
657,300,258,354
663,295,253,356
669,295,249,356
672,294,247,357
674,295,246,358
668,289,248,361
663,288,251,364
660,287,253,366
660,293,255,366
662,297,257,363
664,295,257,363
661,299,258,364
660,301,259,365
656,303,262,366
653,310,264,362
651,315,265,360
651,312,266,363
654,309,267,366
659,308,265,371
664,306,261,373
664,304,260,376
663,302,261,379
660,289,261,386
627,289,263,389
632,294,267,390
636,296,270,389
644,296,270,389
651,302,269,388
644,299,271,390
639,297,274,393
633,331,275,391
601,328,275,390
606,326,278,391
614,320,280,394
622,320,280,394
634,314,279,397
643,308,277,402
642,301,278,409
642,300,279,412
640,297,278,416
640,294,279,418
614,323,312,388
587,356,344,357
589,335,357,349
577,362,374,334
571,339,385,333
567,365,396,328
562,389,409,320
566,361,410,322
566,377,420,322
569,382,431,323
563,388,439,321
553,385,451,321
551,384,460,321
548,380,463,325
561,380,456,328
563,384,452,326
564,393,456,323
562,406,463,314
572,412,461,307
564,416,470,302
563,420,471,299
553,421,475,299
554,407,476,303
566,408,471,304
571,406,471,306
578,402,468,308
576,425,481,295
571,444,498,284
574,452,509,272
582,458,510,266
576,467,511,258
570,475,510,251
570,480,502,246
580,486,501,240
587,491,500,235
590,500,499,230
592,505,499,223
583,504,495,219
585,506,490,217
579,505,486,216
592,504,483,216
593,501,481,216
605,506,481,215
601,510,478,213
606,511,479,210
608,509,482,209
614,504,485,210
608,503,484,213
615,505,485,212
619,511,483,211
620,516,487,207
637,517,482,205
650,516,479,204
634,516,478,205
644,509,477,208
642,512,475,206
643,515,471,203
654,514,470,202
655,514,470,201
659,513,473,202
655,511,477,201
659,505,477,203
659,507,470,204
669,505,458,205
674,498,453,207
680,498,447,206
687,493,440,207
682,493,436,206
663,493,440,204
652,495,442,204
630,494,450,204
621,491,455,207
610,483,461,210
616,479,465,215
619,475,470,219
609,468,476,223
611,465,480,225
611,461,479,226
606,457,480,227
607,455,480,228
601,451,482,227
595,446,482,230
602,442,477,230
616,437,474,230
617,435,468,230
612,433,463,229
611,429,460,228
613,427,456,226
613,422,453,224
617,418,450,223
618,413,448,221
619,409,443,219
619,403,439,219
621,404,433,217
621,402,428,215
611,401,426,214
615,399,426,213
606,399,422,209
600,401,420,207
604,402,418,206
598,402,415,205
597,399,412,204
583,396,407,204
579,396,404,203
575,396,401,200
565,400,399,197
565,398,397,196
555,396,396,195
550,398,395,195
542,399,394,193
539,404,392,193
536,407,392,192
539,412,390,190
532,415,391,190
533,419,390,188
528,420,389,187
517,421,390,187
514,423,388,188
508,426,388,189
503,426,389,189
496,426,389,188
481,425,393,189
476,427,393,190
479,426,394,191
472,424,396,193
462,427,398,194
454,430,403,196
452,429,408,197
443,430,413,197
443,433,414,195
443,435,413,196
435,438,414,197
437,441,413,197
426,438,415,197
420,438,418,197
409,438,426,199
399,437,432,200
411,431,429,201
401,430,428,200
397,427,429,202
385,426,437,205
375,430,441,206
376,434,442,208
379,441,442,211
382,444,441,211
375,443,448,210
370,443,447,210
363,445,449,212
360,447,451,214
359,444,451,216
355,440,456,217
350,443,457,217
342,444,462,218
340,444,463,218
336,444,464,217
331,447,470,220
324,448,474,221
320,449,477,221
320,453,480,224
327,453,478,224
326,452,480,225
325,453,480,225
322,454,480,223
318,456,478,222
316,456,476,223
308,458,482,223
306,463,491,224
295,458,500,227
296,457,500,230
297,453,502,232
299,455,497,232
294,455,502,232
294,454,501,230
294,455,503,231
298,459,502,231
301,459,501,230
307,457,499,231
316,455,499,232
325,455,493,232
330,454,487,235
339,453,482,234
346,451,483,235
345,450,488,234
355,447,488,234
365,440,486,235
373,433,489,237
379,436,486,235
387,434,482,233
394,430,479,231
401,430,476,230
407,433,479,232
415,430,477,230
428,428,476,230
438,428,470,228
444,428,466,227
456,428,460,226
460,429,455,224
468,428,450,223
473,424,448,222
478,421,446,221
486,419,444,220
488,411,442,219
494,417,440,219
495,419,439,218
496,418,439,217
497,417,441,217
506,420,446,216
509,419,444,215
515,415,444,216
524,419,440,215
535,421,438,213
539,419,434,212
544,418,431,211
546,420,428,211
550,423,429,212
555,418,432,214
556,416,436,216
559,414,441,218
564,418,442,219
565,418,445,219
567,421,448,219
572,420,454,221
578,422,458,221
586,421,463,222
598,422,456,220
603,420,452,220
614,419,452,222
620,418,449,220
613,417,450,220
627,416,448,220
623,414,443,220
638,419,446,223
637,417,444,224
643,413,445,228
644,416,446,232
642,423,449,235
647,430,449,235
657,433,454,235
664,434,460,240
676,430,468,242
680,422,471,245
686,418,475,249
684,421,473,252
694,420,472,253
699,416,471,253
693,424,474,251
704,430,478,250
715,432,478,251
715,435,476,253
722,436,476,254
734,437,477,255
751,442,471,253
748,442,472,252
748,446,475,250
757,445,479,252
753,448,482,252
755,445,478,253
758,440,481,255
754,439,480,256
762,439,475,257
758,431,470,258
748,432,476,257
727,435,484,255
732,435,489,254
731,438,491,254
723,439,492,256
728,439,485,254
720,436,493,254
723,438,496,255
718,437,504,256
707,436,516,259
702,433,528,263
697,429,529,266
684,418,538,270
681,407,539,275
681,405,538,280
679,406,536,280
676,408,533,277
672,409,533,276
661,408,532,273
666,403,529,270
654,407,531,265
654,408,526,264
656,406,521,265
651,402,530,268
650,401,534,271
637,402,534,271
635,407,544,271
636,396,556,276
636,396,557,280
634,393,557,282
638,382,556,287
640,390,552,290
638,394,548,292
648,392,542,290
624,387,551,290
632,392,552,288
625,398,555,287
630,400,549,289
622,403,548,288
620,399,552,289
616,400,554,290
617,400,560,291
614,403,562,291
610,399,571,293
619,396,577,297
608,396,586,301
602,395,588,298
599,391,590,300
595,383,591,304
603,383,585,308
606,386,584,309
602,383,589,310
589,386,591,307
584,385,588,305
590,388,587,305
586,389,585,305
582,383,583,308
581,386,583,307
589,390,579,304
580,396,582,300
587,392,589,300
578,385,593,303
580,382,595,309
576,378,596,310
576,376,592,311
578,375,589,312
583,383,587,307
588,382,577,305
589,381,572,305
580,383,575,303
578,391,576,300
573,386,576,300
579,388,569,301
569,389,572,302
572,391,570,301
568,390,570,300
569,394,572,297
566,391,578,297
561,390,585,297
559,384,595,306
549,377,600,308
547,380,603,308
544,376,610,313
552,376,605,317
552,376,602,320
554,377,601,321
549,380,605,320
545,389,608,310
546,392,618,306
541,392,615,308
542,386,623,317
539,380,626,323
539,378,628,327
524,386,630,322
519,393,636,321
540,386,645,322
542,383,651,328
546,378,655,328
548,378,664,329
538,375,670,332
549,372,670,334
545,382,665,336
547,391,660,330
542,387,663,327
532,391,668,322
518,403,677,313
530,410,674,309
540,411,680,309
544,409,689,313
547,404,694,313
533,399,693,314
535,393,696,318
533,397,702,318
531,387,702,322
536,393,703,320
548,394,704,321
554,389,702,322
561,401,697,316
565,406,691,316
571,409,680,313
572,414,673,309
575,410,675,307
569,412,668,303
567,414,666,301
581,415,661,298
587,412,659,297
593,415,659,297
600,417,659,297
604,413,661,297
611,407,668,301
622,402,673,304
614,400,671,303
612,407,667,300
618,404,658,302
626,408,649,301
634,413,644,300
649,417,634,299
639,424,632,294
629,429,640,289
613,439,644,283
613,444,651,278
617,440,653,280
617,441,651,280
626,440,649,281
631,438,643,281
639,442,646,280
641,443,648,279
640,436,648,282
633,434,650,284
645,427,647,285
646,421,648,291
648,417,646,294
644,417,645,297
652,421,638,297
650,425,631,294
639,434,631,289
639,439,629,284
639,446,631,279
642,448,633,277
647,441,636,278
652,442,639,276
642,444,637,273
652,435,637,278
649,424,637,284
641,418,642,292
618,408,647,301
613,406,653,308
625,391,653,315
623,379,657,325
619,371,658,333
611,359,664,343
583,345,680,355
571,341,695,363
558,338,702,366
550,338,710,367
541,343,716,368
543,348,720,369
536,353,732,367
529,351,741,368
521,353,748,368
505,353,762,369
489,345,775,372
480,345,780,377
464,336,777,383
452,336,773,382
456,336,759,381
453,335,751,383
448,343,752,378
440,344,745,375
445,347,733,371
435,358,728,362
435,362,719,357
433,366,717,352
435,368,709,347
435,369,701,341
445,372,692,336
451,374,688,332
452,377,679,327
455,377,674,327
461,385,664,323
471,386,650,317
475,386,639,313
476,391,630,306
482,391,619,302
485,390,609,298
490,387,599,295
488,389,592,290
488,388,584,287
488,387,577,284
490,385,567,280
495,385,556,275
495,385,548,270
497,389,540,265
498,397,534,260
497,402,530,258
503,403,524,254
509,408,516,251
510,405,507,248
517,406,501,245
516,401,494,242
520,400,485,239
530,399,476,234
523,394,473,231
523,389,472,231
527,390,466,230
528,385,461,229
533,386,461,229
534,385,459,228
538,388,457,228
542,390,461,230
546,388,461,231
552,385,459,230
555,386,457,228
563,386,452,226
566,380,448,224
566,379,443,221
565,380,437,219
558,377,438,219
555,377,439,219
549,371,443,220
551,368,441,221
554,365,443,223
552,362,446,224
547,363,451,226
542,367,457,227
547,369,457,227
550,365,453,226
560,370,446,220
561,373,437,216
563,372,435,213
558,365,433,211
558,368,431,210
549,367,431,209
556,373,430,210
551,371,433,210
556,371,433,211
552,370,436,211
551,368,432,210
559,369,430,211
561,364,431,211
563,366,430,211
559,373,430,212
562,378,432,212
568,379,431,212
573,384,428,210
580,386,421,207
577,386,417,205
576,381,414,204
580,381,409,202
577,385,410,203
578,386,408,202
586,388,405,201
588,388,405,201
591,386,405,201
593,391,409,202
593,393,412,203
594,398,414,204
599,402,416,204
603,403,420,205
613,406,417,203
618,406,412,202
619,407,412,202
623,408,414,202
627,407,417,204
632,410,419,205
631,411,426,206
632,403,427,210
634,396,429,215
635,398,435,216
634,400,443,219
633,401,448,222
631,409,454,224
634,413,458,226
636,416,462,228
644,421,460,227
649,423,460,225
659,424,457,225
662,426,456,223
662,424,457,222
666,425,459,222
666,424,460,220
663,427,465,220
661,428,467,219
660,421,469,220
664,419,476,224
662,420,481,227
658,424,487,229
665,424,488,230
660,427,495,233
663,422,499,235
663,424,501,235
665,423,496,235
669,423,490,232
665,419,491,231
667,420,490,229
663,425,489,226
663,426,486,225
666,424,487,226
663,420,489,230
660,413,493,232
655,408,498,236
647,410,500,236
641,417,500,237
639,418,502,240
641,423,506,242
638,425,505,241
639,426,504,241
641,426,500,242
643,425,496,241
644,424,497,241
642,424,495,241
649,421,493,243
652,427,491,244
651,432,494,243
649,429,499,243
654,426,507,248
654,428,514,250
651,430,517,251
654,430,524,253
655,430,535,254
655,424,544,256
658,424,549,258
657,424,551,260
659,422,551,263
656,417,551,262
655,420,548,261
659,422,545,258
661,426,541,257
663,424,541,256
664,425,537,258
667,417,541,259
663,414,547,260
662,416,547,261
661,410,549,262
662,409,555,265
660,407,560,266
661,405,563,266
663,405,562,265
674,405,557,264
660,406,556,262
651,404,558,260
648,407,562,258
642,411,562,258
643,417,559,255
635,421,562,254
635,421,563,257
630,419,563,258
636,420,567,264
651,421,565,264
647,422,567,262
664,423,568,262
654,423,570,263
655,421,580,264
660,423,581,264
682,434,583,264
690,436,581,265
689,439,576,266
707,444,576,263
704,447,570,258
714,451,558,258
727,452,549,258
739,453,541,258
748,453,531,258
754,454,524,257
770,451,515,258
805,453,502,260
829,451,489,260
669,457,483,259
653,462,482,256
653,459,474,255
656,461,479,253
657,460,475,253
660,465,477,251
688,462,472,250
703,461,479,250
667,457,484,251
698,456,495,253
646,446,486,258
690,447,488,257
650,449,474,257
657,450,465,256
670,447,453,258
661,450,442,258
617,415,427,257
614,377,421,257
666,435,414,255
669,446,408,253
678,452,410,251
691,452,414,251
702,455,423,250
717,458,429,247
775,453,440,245
782,449,442,242
829,457,441,239
839,459,439,237
850,456,432,236
849,448,428,234
852,452,422,233
839,452,427,233
833,455,435,236
829,445,443,243
827,446,443,242
827,447,442,241
829,445,438,242
831,454,433,240
823,453,436,239
829,458,432,237
835,460,428,237
831,465,429,237
824,470,432,235
808,477,437,230
808,487,438,225
809,491,440,223
813,496,440,219
829,497,440,219
840,495,438,219
848,484,434,225
849,491,431,226
843,498,431,222
844,511,430,215
842,512,437,212
842,514,437,209
832,512,439,208
848,513,438,207
835,511,442,208
829,515,447,206
836,515,445,206
842,512,440,208
848,514,436,209
853,520,431,208
848,522,430,207
864,526,428,205
847,534,434,198
855,543,432,192
860,545,428,188
850,556,430,181
839,561,434,177
843,562,437,173
870,563,427,171
841,572,430,166
837,582,432,161
831,588,438,152
811,593,454,147
770,564,455,152
715,567,454,156
747,572,458,158
607,535,437,169
458,469,426,179
319,520,410,183
309,527,410,185
278,527,409,187
285,525,402,189
292,526,398,190
307,528,395,189
316,530,387,189
332,530,381,189
348,529,381,188
359,533,386,184
358,537,385,182
365,539,380,181
369,538,374,181
383,536,366,181
399,532,357,182
410,529,351,184
419,530,346,183
419,529,342,184
422,525,343,185
453,517,346,190
455,512,349,193
459,510,349,195
450,509,340,198
455,510,336,198
474,487,330,201
460,494,317,212
459,480,304,218
463,484,295,223
481,468,290,226
500,474,286,228
493,478,280,230
510,459,275,234
505,462,269,237
504,452,266,237
531,459,269,235
523,464,271,232
516,447,267,233
534,453,271,233
521,444,268,232
515,434,263,231
528,445,262,231
515,436,259,230
529,445,257,232
517,445,255,230
533,434,254,228
528,441,252,231
540,443,254,230
536,430,251,234
530,439,248,235
557,442,252,234
557,445,258,234
548,434,256,232
570,443,262,229
560,428,261,229
558,428,259,229
557,427,258,228
550,413,252,229
553,398,246,231
566,400,242,228
576,384,240,225
583,374,236,224
589,381,238,219
595,364,237,219
585,361,233,217
595,360,231,214
608,351,233,213
617,351,235,209
612,348,235,206
636,347,244,201
651,336,248,201
656,344,252,198
660,353,257,193
657,357,267,189
652,357,274,187
644,354,281,186
640,355,285,183
643,349,285,185
636,346,288,189
631,345,291,191
628,349,293,190
630,351,293,188
631,348,289,187
630,351,288,187
623,351,287,184
627,358,287,181
624,356,286,179
630,356,284,178
626,352,283,177
625,352,283,177
626,353,284,178
622,357,286,179
623,364,289,179
627,364,288,179
628,367,287,177
630,368,286,177
633,370,287,176
635,370,285,174
637,368,282,174
633,371,284,174
635,370,285,175
637,367,286,177
637,363,287,181
636,362,285,182
635,364,288,182
637,364,293,183
634,365,295,182
634,366,297,182
636,364,299,184
636,362,299,184
638,360,297,186
638,362,296,186
639,361,295,186
639,364,295,185
638,363,292,185
634,366,295,183
631,366,298,184
628,364,298,184
628,365,298,184
627,363,298,186
629,366,298,185
627,368,297,183
627,365,297,184
625,370,297,182
625,369,298,182
629,369,294,181
630,369,290,179
629,368,289,178
630,368,284,177
627,364,282,177
624,368,284,176
625,370,285,175
623,367,285,175
623,365,284,173
629,363,281,173
632,362,278,171
630,361,279,171
632,360,277,169
633,361,279,170
634,357,280,171
640,357,278,172
639,355,278,171
644,354,276,170
650,355,272,169
652,354,272,168
654,355,271,167
658,355,272,167
656,351,270,167
665,353,266,165
664,353,267,165
670,350,265,164
671,349,265,165
673,348,266,165
674,349,268,164
678,346,272,165
680,345,275,166
681,346,275,165
685,341,273,166
693,342,270,167
696,339,269,168
695,340,268,168
695,341,269,165
700,338,267,166
704,335,266,168
704,338,267,166
709,334,268,167
710,331,270,168
711,330,271,168
712,329,269,168
713,332,272,168
719,333,272,168
723,336,272,166
724,336,271,166
725,334,269,166
728,336,269,166
730,333,267,167
725,336,267,165
725,334,265,165
724,338,264,162
723,338,263,161
727,337,259,161
727,333,257,162
730,334,255,163
729,333,252,163
729,335,253,163
733,332,251,165
730,331,248,164
729,333,245,163
730,335,242,163
727,336,240,161
728,336,237,162
721,337,236,162
717,341,235,160
715,339,233,160
715,340,232,158
716,341,229,157
710,340,226,156
712,345,224,154
713,343,219,155
710,347,219,155
714,348,214,155
713,349,210,156
707,348,208,155
704,348,205,153
697,351,203,149
700,357,201,147
694,357,201,145
690,358,201,144
688,360,200,143
682,359,201,142
686,359,199,142
687,358,195,142
686,358,196,141
684,355,195,142
684,357,196,143
684,357,196,143
683,355,194,144
681,353,194,145
675,353,194,145
676,353,193,145
679,356,190,144
682,355,187,143
675,356,187,143
679,356,186,143
677,354,186,141
677,353,186,140
681,354,186,140
680,352,185,140
681,352,184,140
682,354,185,141
687,355,184,142
690,356,181,143
691,354,180,144
689,353,178,144
682,354,178,143
682,360,177,140
683,363,176,138
679,365,176,137
682,365,175,137
677,368,175,135
677,363,176,135
682,363,173,134
682,361,172,134
685,359,170,133
688,359,166,133
690,359,165,134
692,357,163,134
689,355,161,133
690,357,159,132
689,355,157,131
687,354,157,129
688,356,155,128
686,357,155,127
687,361,153,126
687,368,153,125
685,363,155,125
688,360,154,124
691,361,152,123
687,359,153,121
691,359,152,121
691,358,152,122
693,354,151,122
694,356,149,122
695,356,148,121
696,356,146,120
693,352,147,120
687,353,149,120
686,354,150,119
680,357,153,119
674,357,156,120
675,358,159,119
674,356,161,120
673,355,163,122
671,348,166,126
673,344,166,129
675,345,166,130
673,346,166,131
678,345,165,131
678,341,164,131
673,338,162,132
665,340,163,131
665,345,161,130
664,344,159,130
658,346,160,129
658,350,160,126
657,351,162,125
655,348,163,125
658,347,160,124
654,347,161,122
657,344,160,124
658,346,159,123
658,342,159,125
656,340,157,126
654,338,155,127
653,341,154,127
650,341,154,126
648,342,155,126
648,341,155,127
642,344,158,128
641,346,159,127
642,347,160,127
643,348,163,126
648,347,164,126
646,349,167,127
644,348,171,128
646,348,173,130
645,349,176,130
651,349,176,132
652,344,173,135
646,341,174,137
651,341,176,138
651,342,177,139
643,342,178,140
633,345,179,140
634,353,179,138
643,350,181,140
635,348,184,141
641,348,184,144
648,349,187,144
643,347,189,144
641,346,191,146
648,348,193,146
643,340,192,147
645,343,191,148
645,340,188,150
649,337,187,151
653,337,187,152
652,335,186,152
650,334,182,153
645,337,182,152
650,342,181,150
650,343,184,148
655,339,186,148
660,333,185,150
659,329,185,152
662,332,186,152
658,333,185,153
663,336,185,153
666,332,183,153
665,334,182,151
664,337,183,149
665,343,182,148
668,348,182,145
675,348,183,143
679,347,187,141
676,344,185,140
680,348,185,138
684,346,187,137
689,340,185,138
688,337,184,137
692,338,179,137
695,335,175,138
692,336,175,138
693,338,173,137
694,338,171,136
691,339,171,134
691,340,168,133
688,340,168,131
687,344,166,130
684,343,166,130
685,346,167,127
687,343,166,128
684,341,166,128
683,340,165,128
684,339,164,128
685,340,162,130
672,343,162,130
675,344,162,130
672,338,163,132
669,338,161,130
669,342,160,129
666,342,160,128
665,342,160,127
663,342,158,128
656,343,157,127
659,346,155,127
653,344,155,128
652,344,155,129
653,343,155,129
653,340,153,130
655,338,153,130
652,340,153,129
650,338,151,128
647,341,151,126
645,340,149,125
640,341,149,125
633,344,150,123
627,349,151,122
622,354,152,120
614,357,154,119
611,361,153,117
606,362,154,115
602,364,155,114
598,367,155,114
594,371,155,116
593,372,154,118
589,374,154,118
585,379,153,117
571,381,152,116
572,383,152,114
574,385,150,114
572,388,149,115
568,392,149,114
567,393,148,116
570,399,147,115
571,401,146,112
569,401,147,113
573,402,145,116
574,407,143,118
574,408,142,119
556,409,142,119
542,408,142,119
548,424,144,119
552,421,148,118
553,420,150,121
554,423,151,124
557,433,153,123
547,439,155,122
535,441,158,122
524,442,161,123
514,442,163,126
520,442,166,131
522,442,168,133
521,441,169,134
513,442,172,135
477,433,177,138
478,437,180,140
472,437,187,141
469,438,191,142
470,439,193,141
471,440,194,140
467,435,197,139
460,431,201,141
455,427,208,144
447,423,216,150
441,419,225,156
436,415,232,161
438,413,235,165
437,408,237,167
436,407,239,167
436,406,239,167
431,399,237,168
429,402,237,167
426,400,233,167
429,397,228,165
426,396,223,164
424,397,218,161
422,398,213,160
425,397,208,158
420,397,203,156
418,395,198,155
414,396,193,153
413,396,188,152
410,398,183,151
404,398,179,149
399,397,175,147
397,398,170,145
392,399,165,144
388,401,161,141
386,401,158,140
381,401,153,141
377,402,150,139
375,400,146,138
372,401,142,137
372,402,138,136
369,402,135,135
368,402,132,133
366,403,130,131
366,403,128,129
365,403,126,127
366,400,124,127
366,402,121,125
367,403,119,123
366,401,117,124
366,401,115,123
365,400,114,123
365,400,112,121
365,401,111,121
367,404,109,120
369,403,108,119
369,402,106,119
369,403,104,119
371,403,103,118
373,403,101,118
376,401,100,118
374,402,99,117
374,403,98,117
375,400,97,117
375,399,95,116
373,400,94,115
374,399,93,115
374,399,92,114
372,400,91,114
371,399,90,114
370,399,89,115
369,400,89,114
367,400,88,113
367,401,87,112
365,401,86,111
362,399,85,111
359,400,84,111
356,400,83,110
354,399,83,109
352,398,83,109
348,399,82,109
347,399,83,108
346,401,82,108
345,403,82,106
344,402,81,105
342,402,80,105
340,401,79,105
338,401,79,105
335,401,79,105
332,402,78,105
329,401,78,104
327,402,78,104
326,402,78,103
326,403,77,103
326,403,76,104
325,404,77,102
323,403,76,102
322,403,75,102
322,403,75,102
322,404,75,102
321,404,74,102
319,403,74,102
319,404,74,101
318,403,74,100
317,403,74,101
317,402,73,101
317,402,74,100
316,402,73,100
315,400,73,100
316,400,73,99
316,400,73,99
316,399,72,98
317,398,72,98
317,397,72,98
318,397,71,98
320,398,72,97
324,397,72,97
327,397,71,97
330,395,70,97
333,395,69,98
338,394,68,97
343,395,68,97
349,394,68,97
356,394,68,98
364,394,68,99
371,393,68,100
388,392,68,99
396,392,67,100
412,391,67,99
419,392,67,98
436,391,66,98
445,394,68,97
455,396,68,95
463,396,70,94
471,397,70,95
479,396,71,94
487,396,72,94
504,397,70,93
511,398,69,93
518,397,69,93
525,399,69,94
532,398,70,93
540,398,69,93
547,397,69,92
553,396,67,92
559,397,66,92
565,399,64,92
571,398,63,91
576,398,62,91
582,397,61,90
586,399,61,91
590,398,60,91
593,397,60,91
597,398,60,91
600,398,59,92
603,398,59,91
606,397,59,91
608,397,58,92
610,397,58,92
612,396,58,92
614,396,57,92
617,396,58,92
618,396,58,92
620,397,58,92
623,395,58,93
625,395,58,93
627,395,58,93
628,395,58,93
631,394,58,93
633,394,58,93
635,393,58,93
635,393,58,93
636,393,59,93
637,394,59,93
638,391,59,94
641,392,59,94
643,392,59,95
643,392,59,96
645,392,59,96
646,392,60,96
646,392,60,96
647,392,60,97
647,392,60,97
650,393,60,96
650,393,61,96
651,394,61,95
653,395,61,96
654,395,61,97
655,394,62,98
655,394,61,98
655,394,61,98
657,395,62,98
658,394,62,99
659,394,62,100
659,394,63,101
659,393,63,101
660,393,63,101
662,392,63,102
662,393,64,103
665,394,64,104
665,392,64,104
665,394,64,104
666,393,64,105
668,393,64,105
670,392,64,106
672,392,64,106
673,391,64,106
674,391,65,106
676,389,65,107
678,390,65,107
679,391,66,106
677,391,66,107
677,393,66,108
677,391,66,108
676,391,66,108
674,391,67,109
673,390,67,110
673,390,68,110
670,389,68,111
670,388,69,111
669,387,69,111
670,386,70,112
672,384,71,115
669,386,72,117
665,382,73,117
664,381,73,119
660,380,74,120
659,380,75,120
659,382,76,122
658,378,76,122
658,379,76,124
657,380,77,125
655,380,78,125
655,380,78,127
656,380,78,127
656,381,79,129
654,380,79,128
654,382,79,129
655,382,80,131
656,383,81,132
656,383,83,135
653,382,83,135
654,385,84,137
652,383,86,137
652,386,87,140
649,387,88,140
647,385,89,141
648,384,90,141
651,386,90,141
652,386,91,139
649,385,92,141
649,384,91,143
649,383,92,143
649,385,94,145
650,385,95,146
649,386,96,147
648,387,97,148
649,384,97,148
652,387,99,149
653,389,100,149
653,388,101,149
652,385,102,149
654,382,103,150
655,382,104,151
656,383,105,151
656,386,107,152
654,386,108,152
653,387,109,152
653,388,109,151
655,387,111,153
654,385,112,155
656,384,113,156
658,381,115,160
661,381,117,163
665,382,117,164
667,377,118,169
669,376,120,174
672,378,122,179
675,376,126,182
678,370,127,184
683,371,131,190
685,367,134,194
689,369,138,198
690,370,142,199
692,368,143,205
695,372,146,209
698,370,150,211
700,373,153,215
702,373,156,217
703,375,161,220
705,370,167,224
708,366,171,228
708,360,173,232
709,360,175,235
712,356,176,237
718,358,180,243
722,358,183,245
722,360,187,249
724,358,190,251
731,353,193,253
731,351,196,255
736,349,199,259
738,348,202,264
742,347,203,265
744,345,205,268
750,339,208,269
754,336,212,274
757,335,215,279
763,332,219,283
770,328,221,287
776,324,225,292
776,322,228,295
775,319,231,298
775,317,236,303
781,315,238,305
781,318,240,308
782,318,238,310
779,319,241,311
777,320,240,310
775,321,243,310
772,319,245,310
768,317,248,310
766,316,248,311
764,314,248,311
762,313,247,312
764,314,246,313
761,312,244,310
758,311,243,308
758,309,241,306
757,306,239,304
754,304,239,303
750,301,240,302
747,300,240,302
748,299,237,301
748,298,235,301
745,300,236,301
742,301,235,301
737,302,236,300
733,302,236,300
731,301,236,300
728,301,235,299
728,300,233,297
724,298,233,297
721,300,232,295
719,300,231,293
716,299,230,291
713,298,228,291
710,296,228,290
707,295,227,288
700,294,226,287
694,294,226,285
688,295,225,286
685,297,223,284
679,298,223,283
673,299,222,283
666,302,223,283
664,304,220,280
659,304,220,282
656,306,218,280
651,306,219,281
649,309,218,281
646,309,217,278
641,311,216,278
638,312,214,276
634,314,213,274
631,314,212,272
628,314,211,271
626,316,210,270
624,317,210,269
621,317,209,269
620,317,207,267
619,317,206,265
617,318,204,264
616,318,203,265
615,318,202,262
612,318,203,262
609,317,202,262
606,316,203,261
606,317,202,262
604,316,202,260
601,314,204,262
597,312,204,263
597,310,202,263
594,310,203,263
591,310,204,264
590,310,203,263
589,310,202,264
590,309,202,264
591,308,202,263
592,308,203,264
596,309,203,266
601,310,202,266
602,310,204,267
602,311,207,269
605,311,208,270
608,311,209,271
610,312,211,273
612,313,211,273
615,314,210,272
615,314,210,272
617,313,211,272
618,312,212,272
617,312,213,273
617,312,213,272
618,313,214,273
617,312,215,274
618,311,216,273
616,309,218,274
617,308,218,275
619,309,219,275
618,307,220,276
618,307,220,279
617,303,221,280
619,303,222,282
620,301,224,284
619,301,225,285
621,303,226,287
622,302,226,288
624,304,224,287
624,305,226,287
627,305,226,288
629,304,226,290
630,305,228,291
630,305,230,294
629,302,232,296
630,301,232,298
633,301,234,299
634,301,235,300
636,300,235,300
637,300,236,301
639,300,235,300
639,300,235,298
640,299,235,297
640,300,236,299
641,300,236,298
641,300,237,299
642,299,237,301
641,298,237,300
640,297,238,302
639,299,239,305
640,299,239,305
639,296,241,306
640,295,241,306
640,293,240,305
639,291,240,304
640,291,241,305
639,290,241,306
639,287,242,306
639,284,243,308
640,285,244,309
642,285,244,308
642,286,244,308
644,289,244,308
644,288,244,307
644,287,243,309
646,289,240,308
644,289,239,306
645,291,238,305
644,291,238,306
644,291,239,307
645,294,238,308
648,293,237,306
647,292,236,304
647,293,236,305
647,296,235,305
648,299,235,301
649,299,235,301
651,299,235,300
650,300,235,300
651,299,235,300
651,300,236,301
653,301,237,304
654,300,238,304
655,301,238,304
654,299,240,304
654,300,241,306
658,300,241,307
657,300,242,309
656,300,242,309
657,300,242,309
658,300,244,310
659,300,244,310
659,300,245,311
661,301,246,313
660,302,248,315
660,303,248,318
661,303,249,319
661,305,250,321
662,306,251,322
660,307,253,324
659,306,254,325
658,307,255,327
657,307,257,329
657,307,258,328
656,307,260,330
656,307,261,332
655,306,262,334
653,305,262,335
650,303,264,336
649,302,266,340
646,300,268,342
644,300,269,345
644,300,269,345
642,296,269,346
640,293,269,347
638,292,270,348
634,292,271,351
632,293,273,352
630,294,272,352
629,296,271,354
628,297,271,355
626,298,271,353
623,297,271,354
619,297,274,355
619,299,274,355
615,299,275,355
611,299,277,358
610,298,277,357
609,300,276,356
607,300,276,355
605,301,277,356
604,304,276,355
604,306,275,352
604,304,274,351
602,303,272,349
603,301,271,348
607,301,268,346
606,301,267,345
606,300,267,343
603,298,266,341
606,296,264,340
607,295,263,337
609,293,262,336
611,294,261,335
612,292,259,332
614,293,257,331
617,292,256,330
618,292,256,329
620,291,255,326
624,289,254,326
627,289,254,325
630,288,252,324
628,288,252,324
630,288,252,323
632,287,251,323
633,287,251,323
638,288,251,322
638,288,252,323
639,288,252,323
641,288,252,322
644,289,251,322
648,291,250,320
650,290,251,320
653,289,250,321
656,287,250,320
658,287,250,318
656,286,250,317
660,286,249,317
664,285,248,317
666,286,248,317
669,288,247,316
673,288,246,314
675,287,244,313
676,289,244,314
683,290,242,312
689,293,240,311
694,293,240,310
693,294,242,310
696,294,242,310
703,294,240,307
710,296,238,305
714,296,237,305
719,298,236,304
723,298,236,304
727,298,236,305
728,296,236,305
729,296,238,305
732,295,238,305
733,292,239,307
733,289,242,309
733,287,244,313
732,287,246,316
730,286,245,316
728,285,246,317
723,286,248,317
720,291,250,318
720,294,248,318
719,295,246,317
717,293,245,317
712,293,245,317
709,292,246,318
706,293,247,320
701,294,248,321
701,295,249,321
700,295,250,320
699,295,249,318
698,296,248,318
696,296,248,317
694,298,248,318
694,299,247,318
695,300,247,317
695,300,247,316
694,300,245,315
695,300,247,317
694,302,246,316
693,301,246,315
694,300,245,316
692,300,247,318
692,299,248,319
693,299,249,319
695,299,249,319
697,301,250,321
697,299,252,323
698,299,254,323
703,299,253,323
707,297,254,324
711,297,256,326
711,301,258,329
711,302,259,330
714,306,259,332
714,311,261,335
713,313,264,338
713,315,265,339
713,317,264,341
712,318,268,346
711,319,269,348
713,322,269,349
710,322,270,349
711,324,270,349
710,325,274,351
705,326,276,351
704,328,277,352
699,329,277,353
700,331,277,354
698,331,278,353
692,334,281,354
686,336,283,355
682,337,286,356
675,334,289,362
672,331,290,363
667,326,291,368
633,328,295,373
632,329,298,377
627,326,301,381
626,325,303,385
620,327,307,387
616,322,313,393
610,315,314,398
581,316,312,401
584,316,311,403
583,317,314,402
578,317,318,404
569,315,320,406
565,315,322,407
557,313,326,411
550,311,330,412
547,308,331,414
539,304,334,419
536,303,334,424
532,302,333,424
525,301,336,426
522,299,338,428
520,296,338,428
514,294,339,432
508,292,341,436
506,291,342,438
502,291,343,440
501,289,344,441
498,288,345,442
493,289,345,441
488,287,346,443
483,285,348,445
483,287,347,446
474,286,349,449
473,283,349,449
472,282,348,449
468,280,349,451
466,278,350,450
462,276,352,450
458,276,353,452
459,278,352,452
456,276,351,452
450,277,354,454
450,280,354,453
445,284,353,453
445,285,350,452
441,284,349,453
441,281,345,451
440,281,343,449
442,281,340,446
444,282,337,443
441,284,338,443
440,285,338,441
441,286,337,442
443,287,336,441
447,288,333,442
446,289,332,442
446,292,333,441
448,293,331,440
454,297,329,436
463,300,327,436
465,301,327,435
467,300,327,431
471,299,324,427
477,301,322,425
482,299,320,423
486,300,319,421
492,303,317,418
495,304,316,418
496,302,315,418
504,303,312,414
512,306,310,410
520,306,308,408
527,307,307,407
534,306,305,406
541,305,303,401
549,305,300,398
556,305,299,397
562,304,297,397
569,302,296,394
571,301,297,395
576,303,296,393
588,304,293,390
595,305,294,390
603,305,294,388
611,305,292,385
618,306,291,382
624,305,290,381
632,304,288,379
641,306,287,378
648,306,287,377
654,304,287,377
661,306,289,378
667,306,290,379
675,306,290,381
686,307,289,379
696,308,289,380
709,308,288,379
716,308,290,382
730,306,291,383
738,307,293,386
752,305,293,386
764,303,296,389
775,302,298,390
783,301,301,394
792,300,303,396
803,298,304,396
808,294,307,399
812,289,312,405
817,288,316,409
823,289,318,413
829,290,321,414
830,286,323,416
831,285,325,419
832,283,327,422
834,283,328,422
835,283,330,425
838,282,332,428
839,284,335,430
839,285,335,429
839,288,338,431
840,290,339,430
844,292,339,431
846,294,341,431
848,297,340,431
849,297,340,432
851,300,339,431
853,301,340,431
851,301,341,431
852,302,342,431
854,302,343,430
859,302,341,431
859,303,343,430
860,302,345,431
859,301,346,432
857,301,349,434
859,300,348,434
859,299,349,435
869,297,347,432
870,298,346,430
868,298,348,431
867,296,347,431
868,298,344,432
870,300,344,431
872,302,343,429
877,303,342,428
878,301,342,426
880,299,341,425
884,297,338,422
886,296,338,420
886,296,337,418
887,297,334,415
886,297,334,414
889,298,332,411
892,301,332,410
895,301,330,410
895,302,331,411
895,302,331,409
895,302,331,409
896,299,330,407
895,297,328,403
895,295,327,404
891,290,327,400
891,286,326,400
886,284,328,396
883,280,328,396
878,276,327,397
876,273,324,397
871,268,323,394
867,267,322,391
866,265,318,389
862,263,316,389
856,261,316,386
856,260,312,385
856,260,307,382
851,261,308,382
852,263,305,380
851,265,301,375
851,269,298,372
844,269,297,370
839,270,298,370
835,272,294,368
834,273,292,366
831,275,290,365
828,278,289,362
825,279,288,361
821,280,286,361
820,281,283,358
817,282,282,356
812,284,284,357
807,283,284,357
804,284,285,355
801,284,285,356
797,283,285,356
793,284,286,356
793,283,286,355
790,282,285,356
788,282,284,356
787,283,285,357
783,283,287,357
781,284,286,358
781,285,284,358
780,288,283,357
778,289,282,357
779,292,280,355
776,295,281,355
773,295,281,356
773,296,280,358
773,299,278,360
775,299,278,361
774,301,279,360
771,303,280,359
773,308,279,356
769,311,282,357
770,313,280,356
763,312,282,357
754,308,284,359
750,309,284,361
746,310,285,363
745,313,284,361
740,315,285,362
735,316,287,366
733,317,287,365
731,313,284,363
725,312,285,364
722,313,285,367
720,311,284,365
718,312,281,361
712,314,278,359
706,316,276,356
696,316,279,355
690,317,276,352
689,320,275,350
684,320,273,348
684,319,271,349
680,319,271,348
679,321,269,346
677,323,268,346
674,324,265,343
673,324,261,341
673,323,258,337
674,323,254,335
672,322,253,334
669,320,251,334
665,321,250,331
661,323,249,328
660,326,248,325
660,329,245,323
659,330,243,321
656,330,242,318
654,329,240,316
654,329,238,313
654,326,238,315
655,327,237,315
654,327,237,316
655,326,234,314
654,325,232,312
654,326,231,311
650,327,230,309
649,327,229,304
646,326,230,301
643,327,230,299
644,328,227,297
