360,38,433,671
356,31,436,668
355,27,439,665
352,26,443,665
354,27,444,664
356,26,445,664
353,26,446,663
357,26,447,663
355,27,447,663
356,27,447,661
354,30,447,660
357,28,447,660
356,30,447,661
355,31,446,660
354,33,446,659
356,30,446,660
354,34,447,657
356,33,446,659
355,36,446,657
357,35,446,658
354,35,448,657
357,34,447,658
357,36,446,658
358,37,446,658
357,37,446,659
359,36,446,660
359,37,446,659
361,36,447,660
361,39,446,659
361,40,446,657
359,39,448,657
362,39,447,659
360,40,447,656
361,41,446,657
358,42,448,658
362,42,448,655
358,39,449,659
360,39,448,657
360,38,448,657
359,37,448,656
363,39,449,655
360,37,449,655
362,36,448,655
363,35,447,654
364,32,447,655
362,30,447,655
369,31,446,653
367,28,446,655
365,28,447,656
363,27,448,657
367,31,446,655
370,33,443,654
378,39,446,653
379,38,446,655
378,48,450,657
374,45,452,659
373,43,453,661
380,43,457,662
374,49,457,659
371,46,460,659
373,45,461,661
373,44,461,662
373,41,464,663
377,37,465,664
384,37,466,662
382,37,467,663
386,34,466,662
395,30,466,664
394,31,468,664
392,30,469,664
389,30,471,665
387,35,472,666
378,32,469,666
387,34,468,664
390,40,466,659
391,48,463,654
388,49,463,651
386,50,466,653
392,48,463,653
394,44,459,651
386,44,460,647
388,48,461,644
390,42,459,645
388,40,459,644
388,34,461,645
387,41,461,642
390,34,462,643
392,33,463,644
386,33,463,645
389,28,465,649
387,28,464,652
394,27,466,653
392,30,465,651
389,34,462,648
390,37,462,644
391,36,462,643
386,41,462,642
391,36,461,641
397,32,462,642
395,37,459,641
397,31,459,641
397,30,458,639
397,29,456,638
399,26,454,638
393,23,455,641
395,19,459,642
396,25,457,640
394,18,457,641
396,23,457,641
396,23,456,641
396,22,456,642
401,22,453,641
397,23,456,644
398,23,456,643
398,23,455,643
398,23,455,643
397,23,456,642
397,21,457,642
397,20,458,642
397,22,459,643
396,22,458,643
395,20,459,644
396,20,460,643
401,19,459,645
399,22,458,646
391,24,456,648
395,17,460,651
398,22,459,648
396,24,459,646
392,20,457,650
390,24,457,653
399,20,460,654
388,22,457,654
400,23,458,656
395,27,455,652
403,24,455,649
399,25,456,645
407,29,454,642
403,31,455,640
404,34,453,635
405,35,452,633
406,32,454,632
404,35,452,631
406,31,454,632
403,35,454,631
405,32,454,632
403,34,454,630
405,30,455,630
403,33,452,630
407,27,454,630
405,30,452,630
407,30,449,629
407,31,451,629
409,33,448,629
409,28,448,630
408,32,449,628
410,32,447,626
412,28,447,624
419,31,443,623
415,29,442,622
421,30,440,621
421,27,440,624
420,26,441,625
419,24,441,626
418,22,441,628
419,23,440,627
418,19,441,629
417,27,441,629
415,26,444,629
416,23,446,628
417,26,442,628
424,26,442,630
426,27,440,630
425,32,438,630
422,30,437,629
426,28,437,628
423,31,438,631
426,33,435,630
424,35,435,627
423,36,436,626
420,31,439,627
429,30,439,627
426,35,437,628
419,34,438,629
423,30,439,630
424,32,436,629
421,34,436,627
427,27,438,629
421,33,439,630
420,35,439,628
420,31,440,626
423,34,437,626
420,31,438,627
423,30,439,627
421,34,438,628
418,30,439,628
418,32,440,629
416,28,440,628
419,30,442,630
417,29,441,627
415,33,441,626
414,26,442,628
418,24,445,628
416,26,444,630
415,27,443,631
414,29,444,628
416,29,443,625
415,31,443,623
422,32,443,623
417,32,441,623
421,30,443,625
421,34,440,620
426,31,440,621
424,29,439,621
426,33,438,622
426,29,437,622
426,34,436,622
426,27,436,624
425,28,436,622
425,33,437,623
427,28,436,623
427,27,435,622
428,35,435,622
427,31,436,623
427,30,436,622
427,30,436,622
426,31,436,622
429,28,435,621
430,28,435,621
426,27,436,624
430,32,437,623
428,27,437,623
429,30,438,621
427,27,437,621
428,31,439,620
425,24,439,621
426,31,439,622
424,25,439,624
421,25,440,622
425,22,439,624
423,21,439,624
424,27,441,624
421,26,442,622
425,25,443,624
422,28,443,624
424,27,443,623
423,28,442,620
423,27,443,621
423,30,442,618
424,27,444,619
420,28,443,618
425,28,444,621
424,30,442,619
426,35,438,617
430,29,436,617
427,30,435,618
427,33,435,617
429,34,433,616
431,37,432,617
427,32,433,618
430,32,434,620
427,36,434,624
424,38,434,624
423,41,434,621
424,35,436,621
426,43,435,623
423,39,435,621
425,44,435,622
425,42,435,620
422,42,436,622
423,37,437,622
425,40,436,624
425,40,436,622
423,41,436,622
425,36,436,622
426,41,436,624
426,41,436,622
424,41,436,621
423,43,435,619
426,43,436,617
426,44,435,618
404,42,437,623
403,41,440,627
401,39,441,630
404,41,442,629
397,40,444,631
399,37,448,633
408,39,449,633
406,37,448,633
407,36,446,634
407,38,444,631
407,35,442,632
412,37,441,635
407,38,442,634
413,36,445,633
408,39,445,631
415,39,446,630
413,40,444,629
415,35,444,633
410,41,443,631
411,34,441,634
411,34,441,637
413,33,440,638
412,31,440,641
410,29,442,642
413,30,440,642
411,27,442,643
411,40,441,644
411,45,441,648
412,47,441,647
407,52,441,649
407,64,443,649
388,71,446,642
378,78,446,633
375,81,448,632
369,84,447,630
356,83,448,629
351,89,444,635
348,83,444,640
345,83,444,644
354,80,443,647
372,70,444,652
442,61,437,657
448,59,429,664
451,57,423,667
450,52,422,677
448,50,418,679
446,53,415,675
441,48,413,674
438,56,412,669
443,57,416,666
439,63,416,663
444,66,425,660
385,46,415,668
389,45,407,678
388,36,401,686
399,37,403,692
407,38,408,692
427,40,408,689
436,40,411,686
433,44,409,688
416,43,410,681
431,42,425,684
452,37,431,686
458,37,438,684
481,33,442,684
497,41,449,680
502,50,448,675
522,54,448,676
514,56,450,675
499,61,455,670
494,57,463,667
501,70,463,664
528,72,465,657
527,77,465,652
537,79,466,649
535,72,463,649
544,63,465,651
538,63,470,656
534,61,474,659
556,52,471,662
557,54,470,663
554,53,471,663
550,52,463,662
564,55,461,663
551,60,462,659
543,64,464,656
547,72,460,654
558,70,456,652
556,72,460,649
550,70,463,648
550,74,464,646
553,71,467,644
550,69,468,646
551,75,468,646
547,68,469,646
564,69,467,646
562,62,466,653
550,56,471,655
548,56,475,657
575,46,473,661
499,31,475,670
512,34,483,675
516,28,484,678
519,26,493,680
524,26,490,684
518,29,491,684
543,33,487,682
543,42,490,676
547,47,489,672
543,47,489,671
546,48,487,671
575,44,478,668
591,39,463,666
562,35,466,665
572,33,472,668
613,31,464,667
627,14,439,666
627,9,422,666
629,4,408,664
637,3,396,658
643,5,387,654
654,8,377,653
649,10,371,651
650,8,365,650
653,13,360,654
657,6,357,656
654,20,355,655
654,16,354,659
655,16,352,660
655,19,350,658
654,24,346,660
653,23,349,663
655,29,349,659
657,30,348,661
657,36,348,661
661,40,347,660
659,39,348,656
660,40,348,655
658,40,350,655
656,43,353,657
654,43,354,657
654,42,353,652
653,46,352,648
654,44,349,644
646,48,351,641
658,51,348,646
657,49,347,643
652,48,350,640
659,47,347,641
648,44,351,640
651,43,353,643
661,37,352,651
699,41,350,655
680,23,346,660
636,4,345,668
637,16,345,668
651,27,348,664
658,34,347,662
652,40,350,658
657,33,349,654
656,36,350,653
649,44,352,652
652,43,353,650
652,48,353,648
649,47,353,642
654,46,352,645
652,48,354,643
653,47,354,638
652,51,355,638
651,37,355,642
650,42,359,647
682,47,356,652
662,34,356,656
656,30,358,664
631,22,368,667
644,23,365,669
655,30,360,661
654,30,356,654
651,35,356,650
649,35,352,648
645,37,355,647
681,27,348,653
671,24,345,659
670,14,348,672
661,2,349,684
645,11,358,683
650,14,362,681
654,11,360,676
655,16,361,677
645,20,360,672
648,13,359,670
654,16,362,672
660,17,363,676
664,20,363,674
649,17,370,680
641,17,372,683
638,15,372,683
636,20,377,683
643,27,378,679
649,23,375,673
637,28,378,671
639,27,378,667
638,29,379,663
645,32,376,660
644,36,377,657
636,35,380,655
647,37,377,660
650,31,377,664
658,27,378,673
618,7,388,673
598,16,394,666
589,14,400,667
627,21,393,660
618,13,394,664
636,18,386,667
641,16,380,665
608,22,380,659
600,14,382,658
577,21,379,658
564,16,382,661
502,15,386,676
510,25,377,691
512,25,380,699
554,22,386,702
603,21,389,704
561,11,381,711
613,19,382,714
603,15,377,720
548,14,374,720
554,13,370,720
559,22,366,720
540,32,371,714
542,30,366,715
532,36,374,708
528,48,386,703
515,56,396,691
523,72,412,679
489,78,426,670
520,84,438,661
487,91,449,652
447,95,452,644
408,98,449,635
402,96,448,628
399,94,441,621
388,98,434,614
399,101,430,611
406,103,426,608
409,105,425,605
415,106,423,603
425,108,425,599
436,105,427,601
448,105,431,604
442,105,433,608
445,101,440,612
437,95,443,617
439,95,446,621
438,94,444,624
437,90,445,627
431,89,445,629
428,87,448,629
428,82,450,633
437,77,455,635
430,76,456,634
431,72,455,635
430,74,457,635
426,75,458,635
423,77,457,631
421,75,459,631
419,80,459,630
420,76,458,630
420,82,459,629
428,84,456,625
429,85,453,623
430,81,457,624
432,78,462,625
426,86,464,621
412,104,461,611
416,116,458,604
409,118,456,605
409,110,461,606
409,98,469,613
411,74,474,620
413,74,474,619
417,78,474,620
408,66,473,622
410,71,471,621
411,69,469,621
412,71,469,621
412,71,466,620
414,73,465,616
416,72,465,618
421,72,462,617
425,68,461,618
419,69,461,618
421,66,459,619
424,66,457,618
428,70,456,618
422,70,456,617
425,69,459,617
427,64,456,617
429,66,457,619
430,59,456,621
429,60,458,620
429,59,461,621
429,58,462,621
430,55,463,621
434,51,462,621
436,55,459,620
437,57,460,619
435,53,460,621
437,51,462,620
441,52,461,622
436,52,460,622
442,47,458,623
446,46,456,622
454,47,452,622
457,53,446,618
455,49,442,619
458,53,441,617
455,59,438,616
451,53,438,616
453,49,441,617
450,54,439,617
450,51,441,618
446,47,441,622
448,52,438,619
450,49,438,620
446,50,437,619
447,48,440,622
448,49,439,622
448,52,438,621
450,49,439,621
446,54,436,619
454,46,437,619
454,53,435,617
454,48,435,618
456,48,435,619
447,45,436,619
457,49,436,620
451,46,437,619
457,49,435,618
456,53,436,619
458,56,435,619
455,53,436,619
453,57,438,620
451,56,441,620
449,60,443,618
446,59,445,617
451,58,442,618
450,61,442,619
454,62,440,619
457,65,440,621
458,62,437,620
457,62,434,619
452,59,434,622
453,73,435,623
453,73,433,620
451,75,434,618
449,76,436,620
447,78,436,618
450,80,435,621
450,84,436,620
450,81,435,619
456,83,436,618
459,85,436,616
461,78,439,620
460,80,439,620
461,78,439,618
459,81,439,619
457,80,440,618
455,80,442,619
456,84,443,619
453,80,444,619
454,80,446,622
457,82,448,624
462,81,448,621
462,85,446,621
463,84,445,618
467,89,446,620
468,85,444,618
462,85,442,619
463,83,442,618
461,85,445,619
460,87,446,618
460,88,446,616
456,91,449,615
458,87,449,615
452,90,452,613
452,91,453,611
456,87,452,610
456,88,452,612
458,81,452,617
457,85,455,618
457,86,457,619
455,86,457,621
458,87,458,623
446,83,458,621
443,79,461,624
444,78,462,625
444,75,462,627
446,73,461,627
448,76,461,628
447,71,462,629
449,71,463,630
453,73,464,630
444,72,460,629
440,67,463,630
447,74,459,626
449,69,461,629
448,71,458,629
446,68,462,631
442,70,464,631
441,68,466,631
436,70,469,629
435,67,469,630
439,74,464,627
433,69,469,628
433,66,469,629
437,71,466,629
436,69,467,629
437,67,466,630
442,73,462,625
439,70,465,629
439,74,467,629
436,68,471,631
440,71,471,631
438,72,470,629
437,71,470,627
437,65,469,628
439,71,468,626
436,69,470,628
440,69,469,627
440,70,469,630
441,68,470,631
442,66,471,631
443,71,468,628
440,67,472,630
440,65,472,631
443,69,470,630
436,64,470,631
434,60,471,631
442,64,469,629
436,63,472,631
436,60,473,632
431,60,476,632
432,60,477,632
429,60,480,633
430,61,480,632
432,58,479,635
431,57,479,636
430,58,478,635
430,56,479,636
429,56,479,637
424,53,480,640
427,47,477,639
428,52,476,637
429,45,471,639
426,47,473,637
426,49,471,638
425,51,473,638
417,53,469,635
416,52,469,631
420,55,469,628
419,58,465,626
419,52,465,626
416,52,466,629
414,49,467,632
413,51,469,631
414,48,471,633
417,50,470,633
414,56,468,633
414,53,467,634
413,64,464,635
412,71,461,637
410,78,460,642
407,94,461,642
412,93,459,644
417,101,456,642
422,98,454,636
422,105,455,632
425,108,458,630
429,106,461,627
436,110,463,625
441,102,467,629
445,101,467,630
439,89,475,633
438,84,477,635
440,77,482,637
439,69,484,642
447,62,483,643
438,64,483,643
436,63,485,644
428,64,486,643
410,62,486,645
404,69,485,643
393,82,481,638
399,86,478,633
403,91,475,629
408,93,469,625
412,89,466,623
416,82,465,625
417,89,464,622
422,88,460,620
421,81,458,620
420,78,459,621
426,76,457,622
429,80,456,622
430,74,456,624
436,70,456,628
439,66,455,630
436,53,453,634
432,56,451,633
436,54,452,634
435,58,449,631
441,56,448,630
436,61,445,626
443,59,444,623
441,60,443,623
447,53,443,625
444,57,441,622
448,45,443,625
444,51,441,624
447,41,443,626
443,46,441,626
445,35,442,629
442,43,443,629
438,35,442,632
440,35,440,631
442,39,440,631
441,35,438,631
441,40,438,630
443,39,440,630
438,41,440,631
443,35,442,633
434,43,443,633
438,49,441,630
434,44,442,631
438,47,439,629
438,49,439,628
440,53,438,625
441,45,436,627
431,54,437,630
439,49,438,631
437,49,439,630
439,51,439,628
438,47,440,629
441,46,440,629
442,51,438,626
441,45,440,628
443,48,439,627
442,50,438,628
442,48,438,628
442,48,439,631
436,45,441,631
436,47,442,630
434,49,441,630
434,48,442,629
436,44,441,631
436,45,441,632
434,44,440,633
435,46,440,631
431,42,443,632
433,46,441,629
431,42,441,630
429,47,442,631
431,40,444,633
429,44,444,632
429,44,444,628
431,47,443,627
433,45,441,627
435,49,439,628
432,42,442,630
433,43,440,630
432,45,441,629
431,44,441,628
432,46,443,628
430,42,443,629
431,47,441,627
424,43,444,627
427,41,447,633
420,39,449,634
423,43,449,631
421,39,450,630
417,46,450,632
409,50,447,631
400,61,448,629
404,57,449,636
394,64,451,635
400,61,454,641
399,63,458,643
406,69,463,642
408,62,465,645
404,67,467,645
407,65,468,646
410,68,469,646
404,59,471,648
408,57,471,647
411,56,469,647
414,56,468,644
406,59,469,646
411,54,473,653
411,50,480,657
418,50,479,655
422,51,479,655
429,51,481,662
416,50,479,660
415,56,481,661
402,55,484,666
400,55,485,668
387,57,485,667
387,62,484,667
385,59,486,664
381,64,487,663
388,69,484,657
382,67,485,654
381,73,483,655
386,72,483,654
382,69,484,653
384,71,484,656
381,68,484,653
388,70,482,656
385,67,483,659
387,62,480,659
390,68,480,660
389,65,482,659
387,68,484,660
388,65,482,660
387,68,484,661
391,67,483,661
389,67,486,659
392,71,485,658
390,69,487,656
385,71,486,653
396,78,483,652
388,73,482,649
389,77,483,646
384,78,485,651
393,74,484,652
388,75,482,646
388,79,484,647
386,78,484,648
391,74,483,649
389,76,484,653
402,68,488,655
397,63,486,652
413,56,487,653
409,60,486,654
407,60,485,657
408,50,483,658
411,61,483,656
415,45,480,660
417,49,476,662
408,49,472,663
405,49,470,666
404,52,469,665
390,52,468,663
397,54,465,659
386,55,464,664
379,58,464,662
376,56,464,662
370,57,463,665
372,56,462,667
381,58,463,668
387,59,461,664
377,68,452,660
374,59,446,659
372,59,433,663
374,60,426,665
379,55,422,668
380,40,420,670
383,42,420,673
422,41,418,676
436,37,410,675
455,22,395,683
474,27,385,692
480,28,378,699
661,90,407,677
692,81,450,665
657,78,490,660
677,59,528,665
646,45,566,675
664,21,587,690
664,19,598,702
662,12,606,713
650,6,617,717
649,8,623,720
648,15,631,718
647,10,633,717
652,15,632,714
656,17,635,711
652,10,635,712
649,16,638,714
641,15,643,714
629,8,648,717
623,11,652,716
621,14,653,715
604,13,660,715
602,15,666,714
593,18,676,715
581,19,684,711
583,25,686,707
579,29,692,704
585,28,690,701
584,26,690,704
589,23,689,707
591,19,688,710
597,17,686,712
592,17,683,712
605,8,679,715
609,13,676,719
611,13,672,716
629,8,665,714
640,14,659,713
641,15,654,714
644,14,649,714
653,17,646,712
664,20,640,709
668,9,633,709
679,8,622,712
639,9,635,712
609,7,657,711
544,-9,674,713
504,-3,667,713
553,-6,669,710
557,-15,679,711
555,-14,686,712
537,-18,697,708
541,-14,702,702
537,-12,708,698
527,-8,719,696
519,-3,727,691
508,0,738,688
464,2,734,684
602,14,717,691
638,23,688,697
660,5,663,704
577,-5,680,717
567,0,692,720
541,-6,711,720
532,-7,724,720
524,1,733,720
509,-4,746,720
503,-4,755,720
504,-2,756,720
510,1,752,720
511,-4,748,720
508,5,747,720
516,0,739,720
519,0,738,720
513,-2,741,720
519,7,737,720
523,2,734,720
527,5,732,720
530,5,729,720
533,4,726,720
539,4,720,720
536,-2,720,720
542,2,719,720
543,0,716,720
545,-1,714,720
553,6,712,720
553,-3,713,720
556,0,713,720
551,-6,715,720
567,-2,708,720
565,0,707,720
583,1,700,720
572,-5,699,720
580,-3,698,720
573,-3,702,720
575,0,701,720
566,-6,705,720
569,-6,704,720
568,-3,702,720
573,-5,703,720
568,-9,702,720
576,1,702,720
573,-4,702,720
573,-8,703,720
575,-10,702,720
575,-2,703,720
591,-1,696,720
606,-11,685,720
609,-6,677,720
627,4,667,720
635,-2,658,720
673,9,641,720
699,7,621,718
283,6,605,705
301,4,596,695
307,5,587,690
344,-2,580,677
381,-10,565,667
430,-9,544,662
458,-4,525,656
447,4,520,650
476,10,503,642
499,13,490,636
518,19,479,631
531,20,471,627
534,26,465,622
541,22,466,621
550,24,461,619
545,12,451,624
553,18,445,622
555,5,438,630
553,24,430,628
546,21,437,626
563,7,428,633
556,26,426,628
552,26,426,626
572,16,418,635
571,23,417,636
566,28,417,637
534,28,425,637
559,30,422,641
496,37,436,647
509,25,426,661
256,20,438,671
196,13,441,683
217,10,443,691
155,5,440,693
166,10,433,694
157,16,429,696
446,1,456,692
494,10,453,683
515,27,448,676
518,33,439,668
522,33,432,664
521,32,428,664
521,34,425,664
527,30,422,662
530,29,420,662
533,28,419,662
529,27,417,662
532,32,415,659
534,34,413,656
532,27,411,660
530,33,409,659
529,30,409,656
530,32,407,658
527,27,408,664
528,31,405,662
529,30,405,659
533,26,402,664
539,29,399,664
548,30,395,664
550,31,390,662
558,27,387,664
548,26,388,669
549,28,383,667
558,34,380,665
557,33,379,665
219,14,389,676
202,9,399,678
202,7,408,685
207,6,418,685
207,1,429,688
208,-1,439,691
203,-2,443,690
202,-4,453,692
192,-3,449,694
178,0,442,695
180,-6,442,700
214,0,451,702
194,1,454,701
185,4,442,695
457,17,466,689
507,22,459,684
501,21,454,679
503,25,451,676
511,24,449,676
506,23,449,677
523,24,443,673
511,24,441,672
515,27,442,676
504,24,443,675
504,24,439,672
514,27,438,674
513,25,439,673
504,24,437,674
507,26,435,675
519,22,435,676
531,29,435,675
542,30,432,674
546,32,426,669
557,39,425,669
556,39,424,668
559,41,420,664
559,44,419,659
558,48,418,658
568,48,414,657
569,47,413,655
567,48,415,657
572,46,413,655
563,46,415,654
563,51,414,656
570,49,413,655
572,51,412,656
570,51,411,653
577,53,406,654
572,52,407,652
572,53,407,652
571,50,408,653
570,51,409,655
568,47,408,654
560,44,409,653
564,48,411,653
553,43,413,654
559,40,414,656
555,43,415,656
554,38,416,658
543,34,420,659
538,30,425,667
543,28,425,670
527,27,427,673
519,26,425,673
511,27,424,676
501,30,425,676
509,26,424,677
491,26,425,683
281,24,459,678
191,16,459,682
175,14,455,690
171,12,453,695
505,19,441,695
532,18,431,689
536,22,425,681
554,26,419,674
555,26,416,673
559,26,414,671
565,28,414,673
564,28,415,673
564,31,414,670
568,31,413,669
568,31,412,667
575,31,411,668
577,31,410,668
574,33,411,670
571,30,410,667
571,32,410,667
573,34,409,668
571,33,409,666
571,34,410,666
572,34,410,665
569,36,412,664
571,37,412,664
576,40,412,663
574,38,410,662
576,38,411,663
574,37,411,661
578,38,410,661
577,37,410,663
575,38,411,663
574,38,412,661
577,41,414,663
579,46,412,659
584,49,410,658
582,50,410,653
583,55,412,652
590,56,413,650
590,61,414,647
593,63,413,643
592,63,414,646
592,63,412,644
594,59,410,645
589,58,411,643
597,60,411,649
591,55,410,648
589,54,410,647
589,53,410,649
591,51,410,652
591,53,410,653
595,49,408,651
590,48,410,655
590,50,409,654
593,50,409,653
593,50,407,652
591,49,407,653
587,48,408,654
584,47,413,656
582,49,415,658
569,46,415,654
569,48,417,657
565,42,418,657
563,51,415,659
559,49,413,657
562,50,412,651
569,52,410,651
573,60,408,649
576,67,408,645
549,63,399,645
495,55,397,647
431,47,409,653
429,56,420,654
318,39,414,664
260,40,407,673
334,43,403,674
312,33,403,687
310,25,400,698
294,52,408,699
294,50,410,705
281,46,413,704
273,47,415,698
275,51,417,696
272,54,417,693
276,59,417,688
266,65,425,685
267,71,430,679
265,70,427,678
263,77,432,672
264,79,434,667
263,83,435,664
267,83,435,662
264,86,436,661
263,87,437,661
266,86,437,662
264,86,437,660
266,83,436,660
265,88,437,659
263,89,438,660
265,84,437,655
268,90,435,653
265,90,435,654
265,91,435,651
264,86,437,649
254,83,434,647
262,85,434,643
251,83,438,638
256,83,439,635
253,77,440,635
254,71,445,641
258,60,452,648
263,47,460,659
259,48,465,663
278,38,472,670
291,31,473,673
287,33,479,678
301,32,479,681
304,34,481,682
312,29,497,686
318,34,503,686
315,41,508,684
316,48,512,685
327,48,508,684
323,57,510,677
332,57,510,670
330,62,511,670
337,60,507,666
339,61,506,665
339,61,508,665
338,65,505,663
336,60,505,665
333,58,503,667
338,57,507,667
339,55,505,667
343,56,509,668
343,52,512,670
345,52,518,669
340,53,516,669
350,50,518,671
351,49,518,670
356,51,517,667
358,52,513,666
358,58,512,668
361,62,508,663
374,58,502,660
389,64,500,653
389,59,497,651
388,63,495,650
395,59,489,648
391,53,485,649
393,53,480,649
388,51,477,650
393,46,476,649
395,50,473,649
394,52,471,650
399,54,467,647
405,60,463,646
411,58,460,646
414,62,454,641
417,62,451,639
421,62,450,639
422,61,447,637
420,60,446,636
428,63,444,633
427,62,442,634
427,66,441,631
424,62,442,632
427,63,442,631
419,64,442,630
421,61,443,629
419,61,441,628
417,60,444,627
420,58,442,624
419,56,441,625
419,57,439,625
420,57,441,626
418,57,440,626
419,57,441,626
416,63,439,624
413,62,439,626
410,72,440,626
406,74,438,627
411,72,439,628
398,80,439,624
397,79,440,627
393,79,440,630
391,77,441,630
387,77,444,632
385,72,450,636
385,66,452,639
383,61,455,641
385,58,453,643
389,61,451,643
390,57,453,647
387,59,454,645
388,57,455,647
387,58,455,646
386,58,455,646
387,58,454,646
389,60,452,646
387,58,451,647
385,55,453,647
387,54,453,646
385,57,452,645
388,55,453,646
386,55,453,645
385,54,454,648
384,53,454,649
386,48,454,652
388,45,454,650
390,44,453,650
386,39,456,652
386,37,457,655
391,33,458,656
395,36,458,653
389,41,456,649
391,36,456,651
394,40,455,651
395,39,453,651
396,40,452,651
398,39,451,650
396,39,451,649
396,37,452,653
400,37,450,652
397,40,449,649
397,41,450,647
394,41,450,646
397,44,450,646
393,40,450,646
390,40,450,647
393,43,448,644
389,44,448,643
390,42,448,645
391,43,447,643
389,43,448,643
390,45,448,643
390,47,447,641
389,45,447,642
392,47,444,637
392,43,443,639
391,40,443,639
390,38,443,639
390,36,443,641
393,42,442,640
394,44,443,641
396,46,443,643
399,48,443,643
401,49,441,641
402,59,440,638
407,62,439,635
403,68,439,634
404,63,437,637
404,66,439,635
405,67,439,635
405,69,438,633
406,69,437,633
407,67,437,634
405,71,438,634
406,66,437,637
406,66,437,636
405,64,437,636
405,62,439,637
403,68,439,636
404,64,437,638
404,63,437,637
404,66,438,637
402,63,438,638
402,68,438,637
402,65,438,639
403,62,439,640
402,63,438,638
403,62,439,638
404,61,439,637
405,56,439,640
404,59,439,638
403,58,439,638
404,59,439,637
403,56,440,639
404,62,439,640
403,64,439,640
407,66,441,639
413,65,441,635
409,66,439,635
411,58,438,637
416,65,438,634
414,58,438,633
413,62,440,633
415,64,441,630
414,59,441,630
409,65,442,630
409,60,445,631
410,63,444,630
412,61,443,631
411,66,443,629
410,65,446,629
408,65,447,626
412,65,446,624
413,71,444,622
410,68,443,623
409,68,446,623
405,63,452,628
405,65,452,628
408,63,452,628
406,58,451,631
407,60,449,628
409,57,448,628
409,57,448,628
410,57,448,627
412,58,448,628
408,55,448,629
411,58,448,628
411,56,447,629
410,52,447,630
406,55,445,629
400,58,443,630
401,56,444,635
399,53,445,638
398,55,446,640
402,55,444,640
401,60,443,641
401,56,445,643
400,55,444,643
401,53,445,645
403,51,446,647
403,45,445,649
400,43,448,652
402,41,450,654
395,41,451,651
401,35,450,654
402,38,450,652
402,38,451,652
400,38,452,652
404,37,452,654
404,33,449,653
407,34,449,651
404,35,447,649
406,30,450,654
403,31,449,652
406,26,449,654
407,26,448,652
407,31,446,648
413,23,445,651
404,31,441,647
412,23,445,652
410,26,443,650
413,23,443,649
410,27,440,646
413,23,439,649
410,26,438,646
408,22,439,650
409,26,438,648
408,25,440,650
407,27,440,650
408,29,440,649
408,32,440,646
409,36,440,645
407,39,439,644
408,40,441,643
410,46,439,641
409,45,440,642
411,45,440,641
409,45,440,642
410,44,440,642
410,44,441,644
410,46,440,642
411,43,440,643
410,44,440,643
412,42,440,643
413,37,438,643
411,39,438,643
413,36,439,642
411,39,438,641
411,36,441,643
410,40,440,642
415,34,440,644
407,40,439,638
413,36,441,641
408,40,439,638
411,39,442,640
410,38,442,640
410,37,443,640
409,37,444,639
410,39,444,639
411,33,443,642
412,35,440,641
411,30,440,642
410,34,439,640
412,30,441,642
409,32,440,641
408,31,443,641
407,32,443,642
407,33,443,641
409,34,443,639
408,33,441,640
407,30,443,641
406,37,442,640
407,34,443,641
409,40,441,640
404,46,441,646
403,60,443,649
397,62,445,650
394,59,447,646
390,73,450,644
393,99,448,634
396,103,448,626
401,120,448,616
407,124,440,607
411,143,438,596
408,176,432,576
411,187,427,563
418,195,421,551
423,198,415,542
430,203,409,536
427,195,408,537
429,185,407,541
426,181,411,547
426,180,411,548
424,176,412,551
421,170,416,556
421,169,414,556
421,168,413,557
421,167,414,558
424,171,413,556
420,173,413,555
418,173,413,556
418,174,413,555
417,174,413,556
418,176,413,555
413,186,412,546
412,190,411,542
412,193,409,536
410,196,407,531
418,205,406,523
423,224,409,512
427,233,406,503
431,238,401,493
435,243,397,486
441,244,392,484
433,244,391,481
432,242,389,481
426,239,388,481
429,239,389,483
429,234,388,486
431,232,389,489
431,231,389,491
432,228,393,496
432,226,394,496
431,229,397,497
434,233,403,495
441,238,407,492
446,244,409,489
444,240,410,488
449,248,413,485
460,257,414,480
468,256,412,475
475,262,411,472
478,259,406,470
486,262,405,467
505,259,407,465
523,252,408,467
545,241,409,472
547,237,412,476
566,231,412,480
607,220,417,484
640,218,419,485
661,214,422,487
664,216,428,488
678,216,428,488
709,216,428,487
721,221,425,482
737,222,421,478
745,222,421,478
753,222,419,478
760,217,416,476
763,214,413,468
768,217,407,465
767,219,402,461
771,216,397,460
777,214,394,458
780,213,388,457
786,210,386,456
783,211,382,454
787,210,380,453
782,213,377,453
780,212,374,453
778,214,371,452
777,213,370,452
776,211,366,449
768,208,360,450
763,207,355,450
762,207,352,450
763,207,349,450
759,206,346,448
724,199,345,447
719,193,342,444
718,195,343,441
696,187,340,441
684,183,336,439
659,178,331,445
657,178,332,446
655,177,333,448
653,176,331,448
652,176,332,447
653,170,332,449
654,167,332,450
656,170,330,449
656,167,331,448
656,163,332,450
659,153,335,454
662,147,335,455
661,148,334,458
660,140,336,461
654,126,338,465
650,114,339,470
639,105,340,474
641,102,341,475
633,90,342,481
627,82,344,482
622,73,346,486
617,71,346,488
617,69,345,491
616,65,346,492
612,63,346,494
603,62,346,493
603,61,346,492
602,62,347,492
596,58,346,491
593,59,346,491
589,55,344,490
587,52,344,489
587,51,346,489
586,50,345,488
585,45,345,488
588,40,345,488
591,40,343,486
589,40,343,486
591,39,342,485
593,38,341,484
595,36,342,482
594,40,341,482
595,37,341,481
593,40,341,480
594,45,339,477
597,46,337,475
598,47,336,473
597,46,335,473
601,46,335,473
601,45,335,472
605,42,334,471
607,40,333,468
607,41,333,468
608,40,334,466
607,36,333,465
604,36,331,467
605,33,330,468
604,34,328,467
607,31,327,466
603,31,326,465
608,34,324,460
611,37,323,457
612,37,321,458
617,37,320,456
614,36,317,457
621,48,318,464
625,51,315,476
627,54,314,490
632,47,313,489
640,59,312,494
647,63,312,490
651,74,311,488
656,83,311,491
651,89,312,494
652,92,313,496
652,108,315,496
657,116,315,500
657,111,317,500
652,116,318,499
651,119,318,500
654,120,318,502
648,124,318,500
654,123,317,502
650,124,318,505
648,126,319,510
646,124,319,511
638,123,322,513
641,117,323,514
639,123,324,511
626,122,326,513
623,118,327,510
626,123,326,507
627,121,325,507
625,123,326,507
627,125,326,506
626,123,326,509
628,124,325,509
629,121,324,511
629,125,325,512
627,118,326,512
639,119,326,512
644,117,325,512
646,120,325,511
650,120,323,513
655,119,322,516
657,114,322,519
661,112,322,521
655,108,323,518
662,109,323,518
660,111,324,518
668,109,324,522
657,109,325,522
663,105,324,520
659,108,325,521
662,105,326,521
661,104,325,521
662,109,325,522
659,105,324,519
662,107,323,519
660,108,324,518
660,105,326,519
656,106,328,519
657,102,328,519
654,103,329,517
655,99,330,514
661,99,328,512
663,102,327,514
655,101,329,516
660,99,328,515
662,95,327,509
664,96,325,505
668,99,324,503
667,102,324,504
668,104,324,506
663,106,324,509
658,103,328,509
660,112,328,511
655,108,331,512
661,112,330,513
660,109,328,510
660,111,326,505
662,117,325,506
661,119,327,507
650,120,330,510
654,117,329,509
653,115,329,505
650,118,331,511
651,116,330,510
649,115,332,509
648,115,332,510
648,112,333,507
648,116,333,510
647,115,334,513
649,110,333,511
645,115,333,515
647,112,332,517
653,108,331,512
649,110,331,513
646,108,332,510
654,113,331,513
652,111,331,515
655,109,331,512
650,109,332,513
654,106,331,511
654,114,330,515
655,107,330,516
655,110,330,517
655,106,331,514
651,108,333,513
654,103,331,507
657,105,329,506
659,103,330,506
653,103,330,504
662,100,329,500
672,95,328,494
681,96,327,488
691,91,327,482
688,96,328,482
705,96,330,478
726,92,334,477
744,92,335,470
763,93,335,466
765,94,331,463
782,96,332,461
800,106,334,460
823,101,337,460
840,107,339,457
836,110,340,457
848,108,339,458
874,119,342,455
887,119,339,454
901,121,338,452
903,124,337,452
913,123,336,452
928,127,334,451
932,131,332,447
937,133,331,447
937,127,330,449
940,127,328,448
943,126,326,446
943,122,325,447
948,119,322,446
950,122,321,447
952,119,320,448
952,111,320,449
954,105,320,451
957,100,319,451
954,97,318,452
958,98,318,451
947,87,319,453
942,74,322,453
933,60,326,454
933,61,325,452
928,49,328,452
919,40,329,453
910,35,330,454
898,27,333,456
891,30,331,458
883,22,331,461
872,14,330,463
863,13,331,463
852,7,330,465
851,11,330,462
841,3,329,461
828,1,327,458
822,-1,325,456
822,-2,322,454
821,-1,321,452
814,-2,321,449
810,-4,320,447
812,-4,319,446
807,-5,319,446
809,-5,319,445
808,-4,318,444
801,-5,318,442
804,-5,317,441
799,-6,317,440
806,-2,316,439
811,-3,313,436
807,-3,315,434
798,-6,316,434
797,-3,314,430
801,-7,315,431
796,-1,313,428
785,-5,316,429
786,-3,315,425
781,1,314,423
779,-3,314,424
776,0,315,423
766,-3,317,425
768,-1,316,426
772,-4,315,427
768,-1,315,425
771,-4,314,426
766,-1,315,423
760,-4,318,422
762,-2,317,422
759,0,317,419
753,-5,319,419
745,-1,320,419
754,0,322,419
744,-2,322,418
749,0,319,419
751,2,319,419
759,-2,316,421
757,-1,317,421
760,-4,317,422
759,-3,317,423
758,-3,317,424
756,-4,317,424
757,-5,317,424
755,-4,318,424
756,-3,317,424
756,-4,317,421
753,-3,318,420
754,-4,316,419
748,-4,318,418
749,-5,317,420
754,-3,315,419
759,-2,314,419
757,0,316,418
755,0,318,417
752,-4,318,418
755,-1,317,418
759,-2,317,418
761,-1,317,417
765,0,317,414
761,0,317,411
759,0,318,410
760,0,318,409
760,0,317,408
761,0,317,407
759,0,317,406
760,0,317,405
755,2,317,404
758,1,315,405
753,0,315,403
754,2,315,403
746,1,315,405
746,-3,317,407
744,-2,319,410
746,-1,319,411
752,-4,319,412
756,-2,318,410
768,-3,319,414
772,-3,320,417
772,-4,319,419
780,-4,320,424
785,-3,320,426
789,7,322,433
795,11,324,437
801,8,324,442
803,13,323,446
799,21,324,449
804,37,327,453
808,35,325,456
807,33,326,459
808,32,323,460
818,37,322,460
830,37,323,459
830,36,322,459
829,36,322,460
825,38,322,461
823,43,322,460
788,50,326,460
778,51,326,460
777,53,326,459
765,53,327,460
761,55,326,460
758,54,323,458
755,53,322,458
752,55,323,456
750,55,322,457
745,52,322,457
736,57,323,456
733,59,322,454
736,58,323,457
733,60,321,456
729,58,321,458
730,57,322,460
727,55,322,461
729,54,323,461
726,54,323,460
722,54,324,461
727,60,322,457
720,59,323,460
723,58,323,462
722,61,323,460
723,62,323,461
722,64,323,461
722,64,325,462
722,64,324,462
724,64,323,463
725,64,323,464
721,65,324,464
720,66,325,464
721,66,324,463
722,66,323,463
720,66,323,463
719,64,322,463
718,64,322,463
717,65,323,463
717,62,322,465
718,61,322,467
716,58,322,467
717,58,323,468
716,59,322,467
716,58,322,468
713,58,322,466
715,56,323,468
716,56,322,468
715,57,322,468
718,56,320,468
714,55,322,468
715,53,322,469
713,55,323,468
713,54,324,468
711,55,324,466
712,55,325,465
711,56,325,465
712,56,324,465
712,57,324,464
716,57,326,463
711,56,326,463
710,56,326,464
710,56,326,464
710,56,326,464
712,56,326,464
712,56,325,465
713,57,324,466
712,55,323,465
713,55,322,466
713,56,322,466
712,57,322,465
709,57,323,465
712,56,322,467
707,55,323,467
708,55,324,468
710,56,323,467
712,57,321,468
713,54,322,469
706,55,324,468
711,54,323,468
710,56,323,467
714,52,323,469
710,52,324,469
711,53,324,468
711,52,324,467
711,52,324,466
709,52,325,467
714,57,327,467
708,56,329,472
708,55,329,473
707,58,327,473
709,53,324,473
711,55,322,469
711,54,321,468
709,55,322,469
712,56,322,469
709,58,323,471
715,56,323,474
712,57,324,476
713,56,324,476
714,58,324,476
715,58,324,477
718,58,323,477
716,56,323,476
721,57,322,476
719,57,323,476
719,58,324,478
719,58,324,480
718,58,325,481
717,59,326,483
717,58,327,483
718,56,327,480
713,58,327,479
715,58,325,477
718,58,324,477
717,60,324,478
715,57,325,480
717,57,325,478
716,57,325,477
712,59,326,474
717,62,324,471
713,61,323,469
710,64,323,473
710,61,322,471
716,61,320,471
712,62,321,473
712,61,321,472
711,59,322,473
712,57,322,472
712,63,322,476
713,59,323,474
715,58,323,473
714,58,323,473
714,59,324,474
713,59,324,473
717,59,322,472
714,62,323,473
717,60,322,472
717,57,322,471
715,62,323,471
721,59,323,472
719,56,323,474
723,58,322,471
720,60,323,474
717,56,323,473
722,60,323,473
721,56,322,473
717,58,324,473
722,58,322,473
719,55,323,472
722,59,321,471
723,55,321,470
720,58,322,470
721,58,321,469
722,59,321,471
722,54,321,470
721,56,322,470
725,60,324,470
721,57,323,471
720,53,324,471
715,56,325,471
720,56,324,471
718,54,324,471
722,56,322,468
718,55,322,469
718,56,322,470
722,55,321,470
719,53,322,471
719,54,322,470
718,55,322,470
720,54,321,468
719,54,321,469
720,55,321,470
717,54,322,470
720,55,322,471
719,53,322,471
716,53,323,471
722,53,321,471
717,51,322,473
722,51,320,471
720,52,320,470
717,51,322,470
719,53,323,473
721,49,323,471
719,49,322,471
718,50,323,472
716,48,323,471
724,50,324,470
714,50,324,471
719,49,324,471
718,49,324,472
718,47,324,471
716,47,324,470
716,47,325,469
716,47,325,468
717,46,325,467
715,48,324,465
717,45,325,467
718,49,323,466
721,48,323,466
720,49,323,467
720,49,322,468
719,48,322,468
723,48,321,469
718,48,322,469
719,47,322,469
719,48,322,469
719,48,323,470
719,49,322,470
716,49,323,471
720,50,322,471
718,49,323,470
720,50,322,470
719,50,323,471
724,51,322,471
720,50,323,471
722,53,321,468
721,54,322,469
726,55,323,467
724,58,323,467
726,59,322,469
723,60,323,469
720,61,322,468
725,60,321,469
724,63,321,468
723,64,322,469
723,65,321,468
723,61,321,467
720,62,321,464
724,61,320,464
724,63,319,464
726,65,318,464
726,66,318,464
723,65,318,467
724,65,319,468
724,67,320,469
724,61,320,469
725,63,320,467
724,63,320,468
726,64,320,469
725,62,321,471
725,62,321,470
725,62,320,471
724,62,320,470
724,60,321,470
724,60,320,471
724,61,320,470
725,61,320,469
725,62,319,469
724,63,320,470
723,58,321,468
724,58,320,467
723,57,320,465
725,57,320,465
725,57,320,465
724,54,320,465
725,54,320,461
728,55,319,458
728,62,318,460
726,66,321,469
725,50,322,472
721,45,321,461
723,47,318,449
723,44,316,438
727,51,315,436
729,54,315,437
727,43,315,428
728,46,316,423
723,41,318,413
730,42,316,407
727,50,319,405
727,51,320,407
726,53,321,409
717,53,323,414
726,74,318,430
707,64,318,446
721,53,324,450
719,57,326,455
721,48,328,454
720,46,329,453
711,47,328,455
715,47,328,455
711,47,330,454
710,46,332,454
713,46,330,452
704,47,332,453
706,45,332,454
708,42,332,451
701,46,334,455
704,43,334,455
704,41,334,454
705,42,333,453
704,41,331,453
705,43,331,453
706,43,330,451
705,43,332,451
705,43,332,452
705,42,332,451
701,40,332,449
699,41,331,447
700,40,331,446
703,42,329,447
699,42,329,448
702,42,328,446
700,42,328,447
702,42,327,446
703,44,327,445
705,45,327,447
703,43,328,448
704,44,328,448
704,41,329,448
704,44,329,447
705,40,329,447
702,44,328,447
704,39,328,447
704,40,329,449
704,41,327,448
703,39,327,448
702,35,324,448
711,36,321,444
704,36,321,446
712,36,320,447
707,36,320,448
708,37,321,452
708,37,323,454
704,40,322,456
706,34,322,457
704,32,320,455
712,33,319,453
707,31,320,456
706,29,320,456
705,29,320,456
704,28,320,457
704,27,320,456
702,27,320,455
700,26,321,454
705,29,320,456
702,27,321,457
701,24,321,457
704,26,320,457
700,26,321,457
705,28,320,455
705,26,321,456
706,26,321,456
707,27,321,456
707,26,321,454
709,27,322,455
708,27,321,455
711,26,320,455
709,25,320,456
714,25,320,455
705,26,322,455
712,25,319,454
708,27,320,454
710,27,320,454
704,30,320,455
714,36,321,456
707,36,326,461
706,34,326,460
704,38,326,462
704,41,328,462
704,47,327,461
705,49,327,465
701,52,323,470
706,59,320,475
708,47,317,469
710,68,315,468
715,60,312,464
716,57,310,452
712,69,308,452
715,75,308,456
713,70,307,458
714,73,308,459
714,66,307,457
712,71,307,453
715,66,305,445
715,72,305,446
714,72,306,446
718,71,308,448
715,70,309,450
716,70,309,449
716,67,309,446
719,67,308,443
716,68,308,442
715,65,309,438
713,67,308,432
716,66,306,427
711,69,306,426
718,70,306,423
709,68,308,423
714,72,308,424
712,68,309,427
716,69,308,426
711,70,309,430
714,70,309,431
708,67,312,436
711,67,310,435
707,70,310,435
701,69,312,436
705,67,311,433
699,71,309,434
698,78,309,441
698,74,311,447
697,72,312,446
690,70,311,444
692,71,310,444
690,74,309,442
694,74,307,441
690,79,308,444
692,78,307,446
682,83,310,444
680,89,312,439
678,87,316,437
670,89,317,435
673,95,320,436
670,85,319,436
683,96,319,438
670,92,319,440
677,95,314,438
674,101,314,440
687,98,315,439
689,98,316,439
682,94,317,443
684,93,315,444
679,94,316,445
679,89,316,448
680,88,316,450
680,84,316,453
681,82,316,454
677,80,317,454
681,78,317,454
682,77,317,455
683,76,317,454
685,77,317,453
687,76,317,453
689,75,316,453
690,75,317,455
692,75,317,455
692,76,317,454
694,77,317,454
698,76,317,455
692,78,318,453
699,78,317,451
697,78,317,452
701,76,317,453
699,75,317,453
698,75,317,453
701,74,318,453
699,73,318,454
700,72,318,454
703,72,317,455
701,71,318,455
701,70,318,456
701,70,318,456
700,69,318,456
698,69,319,455
700,69,318,454
701,70,318,454
699,71,318,453
700,70,318,453
701,72,318,454
699,72,318,454
702,71,318,453
700,73,318,453
703,73,316,453
707,72,317,454
702,71,317,454
706,70,317,453
706,69,317,454
708,68,318,455
708,66,319,457
707,65,319,457
707,65,319,457
706,64,319,457
706,64,320,457
707,64,320,458
707,63,319,458
709,62,319,458
710,60,318,458
715,58,318,457
720,57,318,455
715,55,319,454
715,56,320,453
716,56,320,454
717,55,320,454
723,55,320,451
724,57,317,448
727,58,315,445
727,58,314,444
731,61,314,444
736,61,315,445
732,62,316,447
737,62,318,451
743,62,318,452
744,67,318,454
753,72,318,457
749,73,323,459
748,75,326,459
741,71,325,460
744,72,325,457
738,72,323,456
743,73,321,457
739,73,321,458
739,73,320,458
739,74,319,458
734,77,318,457
736,76,319,459
737,77,319,459
736,79,317,458
739,80,316,456
736,87,314,452
739,86,313,451
734,91,312,447
734,90,312,446
735,94,311,440
738,99,311,440
735,99,311,440
737,101,311,437
738,104,312,437
740,106,310,436
742,108,309,436
745,107,310,439
742,108,310,443
738,107,311,446
740,107,310,447
736,106,311,449
738,106,310,448
735,105,311,450
737,105,311,448
737,103,311,449
738,101,311,449
741,101,309,448
740,101,309,448
743,102,308,447
739,101,310,447
743,102,311,447
742,101,311,447
744,99,310,446
744,99,310,448
745,99,309,448
741,98,311,449
743,99,311,448
741,98,311,448
745,98,309,447
738,97,310,446
742,96,309,445
735,95,310,446
737,94,311,445
737,94,309,445
740,94,308,445
730,87,312,445
739,90,312,443
736,87,312,444
737,85,312,444
739,84,311,443
742,83,309,441
744,82,309,443
742,82,309,443
745,83,309,444
742,84,309,443
746,84,310,442
746,84,309,442
748,84,310,441
752,82,310,439
753,80,312,439
764,80,315,442
756,79,317,444
758,77,318,446
761,74,320,447
763,72,321,448
765,71,320,446
762,72,319,448
767,71,321,450
769,69,321,449
768,69,320,452
770,67,320,453
768,67,320,454
770,65,321,455
769,64,322,454
775,65,324,455
782,63,327,454
781,63,326,456
789,62,328,457
790,59,329,459
798,58,330,458
807,57,332,457
808,62,330,455
813,61,331,457
817,62,332,459
821,63,333,459
832,63,335,459
833,71,336,457
841,68,337,457
841,69,339,456
850,70,339,455
865,67,338,456
864,69,338,457
871,71,338,455
879,73,338,455
889,74,339,455
910,74,339,458
907,78,340,459
924,84,340,460
933,89,339,464
942,86,338,463
951,85,331,463
957,84,326,464
960,82,322,466
964,72,319,467
963,62,318,468
957,37,319,475
957,40,318,474
953,30,321,473
942,20,323,475
933,14,324,479
916,4,326,478
906,8,329,475
900,4,327,473
893,2,328,470
885,-1,329,467
871,-9,327,459
869,-8,325,454
857,-9,323,446
843,-10,320,438
834,-8,317,429
823,-11,313,418
820,-9,311,409
816,-7,309,401
821,-4,306,394
821,-3,304,388
818,-4,301,384
819,-2,300,379
821,-1,296,374
814,-3,295,372
814,-1,292,368
806,-3,291,365
804,-1,289,363
809,0,286,360
810,-2,284,359
807,-2,284,357
806,-1,284,355
809,1,283,354
805,0,283,354
804,0,283,354
807,0,284,354
810,0,286,355
812,-1,286,355
813,3,285,354
818,2,285,354
821,4,286,355
832,5,287,358
838,3,290,362
847,3,292,364
857,1,291,364
853,2,291,365
863,6,290,366
867,4,290,368
864,2,290,370
867,5,291,371
864,3,293,373
863,3,293,375
861,1,293,376
856,3,294,376
851,0,298,378
849,-1,299,378
836,-3,302,377
836,0,301,375
832,-1,301,375
829,0,301,373
824,-2,300,371
822,-1,299,369
824,-1,297,365
824,0,295,361
818,0,294,359
811,0,293,357
811,0,297,354
783,0,299,354
786,0,303,350
780,0,306,346
777,1,307,343
778,0,306,342
772,0,307,340
770,0,308,340
766,-1,309,340
762,0,310,339
758,0,310,338
749,-1,311,339
744,-2,313,337
736,-1,315,336
731,-1,316,337
724,-2,318,337
723,-1,318,337
722,-2,317,337
720,-3,318,337
717,0,319,336
715,0,320,336
721,0,321,339
730,2,324,343
741,4,326,347
750,4,330,354
753,4,333,355
771,3,338,363
791,5,340,372
810,7,343,383
835,13,343,394
842,3,346,403
857,19,345,420
861,13,346,433
855,16,348,442
850,23,349,447
851,25,351,452
830,30,351,455
817,34,352,455
806,38,355,456
799,42,354,456
797,43,353,456
790,50,352,456
784,52,351,453
773,55,351,451
765,58,350,449
766,58,347,448
754,63,347,446
753,67,345,445
749,72,343,443
747,75,342,444
749,76,339,445
744,81,339,446
743,79,340,448
735,81,340,446
737,81,339,447
737,81,338,447
728,85,341,448
724,79,340,445
711,80,338,443
713,84,335,440
712,84,336,439
699,85,334,436
694,91,331,436
677,96,333,443
670,91,330,440
676,95,329,434
644,84,328,423
631,76,328,415
614,78,329,415
583,84,339,415
583,96,344,422
537,96,351,431
520,88,358,440
501,83,363,446
495,84,362,454
500,81,361,462
481,76,365,465
476,74,365,467
474,70,367,473
469,66,369,477
468,67,371,479
461,63,371,481
460,61,372,486
457,58,372,487
458,63,373,489
455,59,373,490
439,55,372,490
449,61,370,489
442,61,370,491
440,56,371,493
439,60,372,492
425,58,374,492
441,64,367,491
438,66,366,490
445,66,362,485
447,68,359,483
460,69,353,485
471,68,349,493
479,69,343,499
494,69,340,506
500,64,338,511
671,223,359,508
648,215,373,508
619,193,378,512
590,95,381,525
574,107,385,545
914,75,382,579
911,64,383,604
805,85,382,614
813,91,385,617
820,83,390,622
816,90,393,624
805,89,396,624
802,98,398,620
807,103,398,620
811,99,399,619
821,110,396,614
834,111,393,613
853,121,390,607
870,130,384,599
868,124,380,594
883,140,378,586
897,141,374,579
891,145,373,570
898,159,370,560
899,157,367,556
896,166,367,549
892,167,367,544
889,167,366,541
890,171,363,537
888,169,361,535
883,167,361,535
879,165,361,536
880,160,358,531
883,160,356,522
885,161,354,514
885,156,351,508
885,154,349,502
884,153,346,498
884,152,345,497
884,152,344,495
879,147,345,493
877,146,344,489
878,145,344,489
882,145,345,488
882,140,342,486
892,145,343,484
898,142,340,482
900,146,340,481
906,150,341,481
904,149,340,480
917,159,340,480
917,155,342,480
914,158,342,478
911,159,343,478
912,158,340,475
904,158,341,477
906,153,339,479
898,149,339,473
891,149,338,471
899,151,336,468
882,150,336,466
879,145,335,468
878,141,334,471
876,141,334,472
876,139,334,473
869,134,335,474
865,134,335,475
859,130,337,476
853,125,341,479
854,123,340,481
832,117,341,479
828,116,340,477
815,112,340,476
804,108,339,475
808,110,336,473
778,104,336,469
775,100,334,469
764,96,333,470
761,93,332,470
760,92,331,470
749,85,333,470
