565,198,374,246
570,208,382,240
578,216,386,235
587,224,389,232
599,231,390,230
613,239,391,228
628,246,392,226
642,250,392,226
651,252,393,226
658,252,396,226
664,251,397,227
661,250,397,229
651,247,399,229
647,239,399,228
643,234,400,228
633,227,401,228
620,216,402,227
615,199,403,227
622,186,403,228
618,180,404,231
604,173,407,232
588,165,410,233
578,157,413,235
577,150,414,236
573,145,417,239
568,145,418,239
553,150,419,241
542,160,421,240
530,160,420,240
522,164,418,239
515,165,418,239
516,161,416,238
521,154,414,237
523,145,412,235
528,137,411,235
533,126,411,235
540,122,411,235
547,126,413,237
558,134,413,237
572,144,414,238
585,154,415,238
593,164,414,239
595,171,416,237
592,172,417,235
591,162,418,235
584,152,417,237
585,142,421,237
582,134,424,238
583,128,427,238
583,125,428,240
588,120,428,239
590,115,429,241
591,105,431,244
588,99,431,246
586,91,432,248
582,82,434,251
580,76,436,253
578,71,435,253
579,65,436,254
579,62,435,255
582,60,436,255
586,62,437,256
589,63,438,257
591,62,439,259
592,61,439,259
592,60,439,260
592,60,439,260
587,63,440,260
586,63,440,259
582,68,440,258
581,72,440,258
580,76,441,258
584,78,442,257
590,83,442,256
593,87,442,256
602,91,443,256
606,94,443,256
607,94,442,256
606,91,442,255
611,90,440,254
615,87,439,253
619,81,439,252
624,78,438,253
628,75,437,253
634,70,437,253
637,66,436,253
642,62,435,253
646,60,436,254
649,59,436,255
652,59,436,256
652,58,436,257
653,58,436,257
652,58,437,258
645,55,435,257
640,56,437,258
634,58,437,258
623,60,437,259
621,59,437,257
614,58,437,259
606,55,437,258
603,57,436,259
602,60,435,260
601,64,434,261
604,73,432,260
608,81,430,259
616,86,427,259
624,94,424,258
632,100,421,257
639,105,418,255
646,111,414,253
648,116,414,253
646,118,413,251
646,121,412,250
644,122,412,250
645,124,412,250
644,126,412,250
645,126,413,250
642,124,414,252
644,125,415,254
642,125,414,254
642,129,415,254
642,132,416,255
637,136,418,254
637,139,418,255
631,144,419,256
627,147,418,256
618,150,419,256
611,151,419,255
605,153,419,254
601,153,417,254
595,153,416,253
589,152,414,251
586,151,413,252
584,150,411,251
583,149,410,250
580,151,411,251
578,151,413,251
577,151,414,251
579,149,412,251
575,149,414,252
575,149,416,254
570,150,417,255
569,151,418,256
562,153,421,258
561,152,421,258
557,152,422,259
552,153,424,260
556,152,423,260
563,153,423,261
563,154,424,262
569,153,422,261
572,150,424,260
580,145,426,260
589,141,427,259
597,138,427,260
608,136,428,261
615,135,427,263
622,134,427,264
624,135,428,265
626,137,430,267
625,139,429,269
623,139,429,268
617,140,431,269
613,142,432,271
608,142,432,271
605,143,434,272
603,141,433,271
603,145,434,273
600,147,436,274
599,151,438,276
594,153,440,276
595,153,439,276
601,153,438,278
602,152,436,276
609,151,436,276
609,150,436,275
611,150,437,276
613,151,438,277
612,150,439,276
613,154,439,277
610,157,441,278
605,161,442,279
602,164,444,281
599,163,444,281
596,161,444,281
592,157,445,281
592,150,444,280
592,148,445,281
593,143,445,281
594,142,446,281
596,142,448,282
593,145,452,285
587,145,453,287
584,148,455,288
581,152,455,289
578,156,456,290
575,160,457,291
576,162,457,292
572,167,459,294
571,174,461,294
568,183,461,295
563,190,461,294
557,197,462,293
551,203,460,291
554,209,456,289
552,208,449,284
554,206,444,279
549,201,439,276
553,193,438,275
553,186,437,275
556,177,437,275
562,171,439,275
569,165,438,274
574,163,439,272
578,167,440,272
583,167,438,269
589,170,436,267
597,168,432,265
605,166,430,261
611,166,429,260
618,163,429,260
626,162,428,259
634,160,427,258
643,157,425,258
651,155,425,258
656,152,423,258
658,148,424,259
662,145,426,261
662,138,428,261
663,133,430,263
667,129,432,266
668,122,434,266
671,119,434,266
676,119,435,267
682,113,435,267
686,111,436,269
687,106,434,268
691,106,434,269
692,100,435,269
696,96,436,270
696,91,438,271
702,90,437,271
704,87,437,273
709,85,435,273
715,86,436,275
719,82,435,276
724,81,435,277
729,80,434,278
732,77,433,279
737,76,435,279
739,79,435,278
742,78,434,280
741,75,435,282
744,73,436,282
746,70,435,282
748,69,436,282
750,67,436,282
754,64,436,282
756,64,437,283
751,66,439,285
743,69,440,286
745,69,436,286
741,70,434,286
744,69,433,286
739,70,434,286
735,74,435,286
732,84,434,287
732,82,432,286
728,84,432,283
728,79,430,283
729,73,427,282
731,68,425,279
733,73,424,277
736,77,425,278
739,83,424,278
738,91,423,277
734,100,423,277
727,105,424,276
720,114,423,277
712,119,423,276
700,128,423,277
690,132,423,274
683,140,423,271
677,141,421,268
677,147,420,266
674,148,419,263
672,154,418,263
673,153,417,261
673,152,415,259
673,153,414,258
673,152,413,256
672,150,413,256
673,147,414,257
674,142,416,258
675,138,414,259
678,135,415,259
682,134,413,260
682,130,413,261
682,127,414,261
682,126,413,263
684,125,413,263
684,122,415,263
675,123,417,264
674,117,417,263
670,117,417,263
670,120,418,263
666,119,417,264
666,122,414,263
668,118,411,261
671,120,410,258
672,121,409,257
671,121,408,258
672,116,404,256
676,114,405,255
681,109,404,254
686,107,403,252
693,109,402,250
701,110,400,248
709,115,400,247
715,112,397,247
720,115,396,248
725,113,395,249
728,112,393,249
728,111,392,249
724,111,391,252
719,112,390,254
714,109,388,257
707,112,388,258
700,114,388,259
691,116,387,260
683,116,386,261
674,117,385,262
666,117,386,262
656,118,387,262
649,118,389,261
640,117,389,260
635,115,392,260
629,113,393,261
624,113,396,262
619,111,397,263
615,115,398,262
612,114,397,261
612,113,400,261
613,112,400,260
614,111,400,260
615,110,400,260
616,114,401,260
618,111,402,260
622,111,402,259
626,112,402,260
626,109,400,260
629,108,401,259
630,109,401,262
630,108,401,264
631,105,402,263
634,104,404,263
634,104,405,264
635,102,406,264
637,103,405,264
641,105,407,263
646,107,407,262
651,108,406,261
654,111,408,262
655,111,407,262
657,112,407,263
656,111,406,264
654,108,404,263
650,111,401,261
644,119,396,259
643,118,392,255
645,116,389,252
647,117,385,249
649,114,383,247
651,118,383,246
654,114,382,245
656,119,381,245
658,116,380,246
657,115,380,247
656,115,379,248
657,113,379,246
658,113,379,247
657,113,379,248
658,110,378,246
660,110,379,247
660,109,380,249
661,105,380,247
662,108,381,250
661,105,380,250
663,104,381,248
664,107,382,250
665,106,383,251
666,105,383,250
665,104,382,250
667,101,382,249
667,105,382,250
668,103,381,250
669,101,381,250
669,102,381,251
668,102,381,252
667,102,381,252
665,101,381,252
666,101,380,252
664,103,380,252
665,102,381,251
664,103,381,252
666,100,381,251
665,103,381,252
667,99,381,251
665,101,382,252
666,101,382,252
664,101,381,252
666,100,382,251
665,103,382,251
664,103,381,251
666,102,381,250
665,102,381,251
664,103,380,251
666,102,381,249
665,104,381,250
667,102,381,248
670,103,381,248
672,102,381,247
673,102,380,248
675,101,379,247
678,101,379,247
681,99,379,247
684,101,379,248
687,97,379,249
688,99,379,249
687,100,380,252
686,97,380,253
686,97,380,252
686,97,381,253
687,96,380,253
688,97,380,253
689,95,379,253
691,95,379,252
692,94,379,252
695,95,379,252
696,95,378,252
698,95,378,252
699,96,379,253
699,94,378,252
702,92,378,251
705,93,377,250
708,93,376,250
711,92,376,251
713,91,375,251
715,91,376,251
714,91,376,252
713,89,375,252
711,88,375,252
709,88,375,252
708,88,375,252
707,86,374,252
707,84,376,252
705,84,377,252
701,81,378,251
701,79,381,251
697,76,380,250
695,77,382,249
695,74,383,248
693,75,384,249
694,72,384,249
695,74,384,247
698,74,384,247
699,76,384,246
699,76,384,245
699,76,384,245
699,73,383,243
700,75,383,243
700,74,384,243
698,74,385,244
700,75,385,244
701,73,383,244
702,74,383,244
704,74,381,244
703,74,381,245
703,73,381,244
702,74,381,245
701,74,383,246
701,73,384,246
698,74,383,245
697,77,383,245
696,79,383,244
697,80,383,245
697,82,383,246
699,81,381,245
697,82,379,244
698,83,379,243
696,82,378,243
697,82,378,244
696,82,379,244
695,81,378,245
695,80,379,245
695,79,378,246
694,78,378,246
694,77,379,247
696,75,379,247
694,75,378,248
695,74,379,248
694,73,379,248
694,73,379,249
695,73,380,249
694,73,381,250
695,71,380,250
695,72,380,250
695,72,379,250
695,71,379,250
694,71,378,249
695,72,379,250
695,71,379,250
694,72,378,251
694,70,379,252
689,70,380,252
689,67,381,253
688,64,380,255
687,62,381,255
685,59,382,257
683,58,384,257
684,54,386,257
681,53,386,259
682,54,388,261
679,53,388,262
680,52,387,263
683,54,387,264
678,58,387,265
678,55,388,264
678,58,390,264
679,61,389,264
679,65,387,264
673,67,387,264
672,70,386,264
667,76,385,263
664,79,384,263
662,83,383,262
661,88,382,261
659,88,384,261
659,88,384,260
658,91,382,259
659,90,382,258
659,93,383,257
660,92,383,257
661,92,382,256
662,94,382,256
663,92,381,254
666,94,380,254
668,94,379,255
668,94,380,255
669,95,380,255
671,97,380,255
671,95,379,256
670,96,380,255
671,95,379,255
669,92,378,255
668,92,379,257
663,89,381,260
661,87,385,263
662,83,388,268
660,77,390,272
656,73,393,276
655,71,397,279
653,70,400,281
654,68,402,283
655,64,404,286
653,67,405,290
653,62,406,290
653,64,407,291
653,61,406,291
650,65,407,292
649,60,406,291
647,62,407,292
646,60,407,292
645,60,408,293
645,58,407,294
646,58,408,296
645,55,407,296
645,55,409,298
649,53,409,298
646,54,409,299
644,56,410,298
646,54,410,297
640,56,411,301
640,53,409,299
644,52,409,299
642,49,409,302
634,43,410,306
631,43,415,309
626,41,420,313
618,39,425,317
614,37,432,320
613,36,437,322
609,33,440,325
606,34,443,328
604,30,444,328
605,30,446,332
601,27,446,332
606,29,449,333
605,29,450,334
604,27,449,335
607,28,450,334
606,29,450,335
609,31,450,336
608,31,451,337
608,30,450,337
610,34,450,338
608,37,451,338
607,36,449,336
610,38,448,336
610,40,448,337
613,36,448,335
617,37,447,334
616,37,446,334
619,39,445,334
617,39,445,334
620,43,444,335
614,43,444,337
609,39,446,340
609,34,449,342
605,31,452,346
607,31,455,350
607,62,457,352
606,49,455,354
605,78,455,350
612,63,453,353
616,50,451,356
609,80,452,357
616,66,449,360
607,97,449,356
618,85,446,356
621,74,444,358
615,105,445,357
619,92,443,359
613,123,445,354
621,109,441,355
614,101,436,356
612,99,432,355
606,101,428,351
604,106,424,347
600,114,420,342
601,118,413,337
600,121,409,333
598,150,405,328
608,139,398,326
607,135,395,323
610,132,391,320
616,131,390,319
613,161,389,315
619,150,387,314
621,142,384,314
625,136,383,313
620,166,384,310
624,153,382,311
624,146,381,311
627,140,380,310
627,168,381,307
626,157,380,308
625,149,379,308
620,144,374,306
620,144,372,304
619,144,370,301
618,170,368,298
622,160,364,297
623,155,360,295
621,179,359,290
627,167,357,289
627,159,355,289
633,154,353,288
630,180,352,284
631,170,351,285
632,162,349,285
626,186,352,280
635,174,351,282
625,194,353,277
637,181,351,277
634,170,350,280
634,160,348,281
633,183,351,280
634,171,351,281
635,161,349,282
631,183,351,279
639,172,350,280
628,192,353,276
642,178,352,276
633,167,350,278
634,190,352,274
641,178,351,276
634,197,352,271
641,182,352,272
639,170,350,275
634,190,354,272
644,176,353,275
643,166,351,277
635,185,352,274
648,173,351,276
642,164,349,278
638,184,353,275
645,173,352,276
636,192,353,272
643,179,353,273
641,165,350,275
635,187,353,272
639,171,353,273
629,191,355,271
636,177,355,273
632,163,355,276
629,184,358,274
636,171,358,276
623,191,361,273
628,177,362,274
621,194,365,270
625,177,365,271
619,194,366,268
626,178,364,269
622,196,364,266
629,180,362,267
624,197,362,265
631,181,360,267
627,200,360,264
629,182,358,266
636,171,356,269
625,190,355,268
633,176,354,270
627,196,355,265
631,180,355,266
627,198,357,264
630,182,355,265
627,200,356,263
633,185,354,264
625,204,355,260
629,189,354,262
625,206,354,260
622,189,353,262
623,207,354,258
622,192,354,260
625,210,354,256
626,198,354,255
630,153,340,266
644,166,326,285
635,186,322,295
648,165,314,305
641,153,312,312
654,135,307,322
640,160,308,324
650,141,306,328
640,168,307,328
651,146,304,331
643,139,305,333
657,123,303,339
644,153,304,338
656,133,303,341
642,162,306,338
654,141,304,341
640,167,305,339
652,145,302,343
643,137,302,346
637,167,304,343
649,147,303,346
637,172,304,344
650,152,302,347
637,179,303,345
649,160,301,347
636,153,301,350
647,171,300,350
635,163,299,353
646,150,297,357
637,178,296,356
648,161,294,360
651,148,293,362
651,144,292,363
652,140,292,363
653,140,294,364
650,139,295,364
652,139,295,365
652,138,296,366
654,138,296,367
654,135,296,369
654,135,295,370
675,124,298,376
646,151,297,374
632,187,299,365
641,173,300,359
663,124,298,364
648,121,299,366
671,115,302,372
640,148,303,370
648,140,300,371
688,101,306,376
682,101,310,382
708,88,323,392
700,82,334,401
693,87,345,408
690,75,350,420
687,69,358,423
682,60,365,428
672,74,370,434
674,65,375,438
671,50,378,444
667,63,382,447
666,54,386,450
660,68,390,454
665,51,392,454
661,65,395,456
665,47,397,458
668,38,398,459
662,51,401,461
665,38,405,461
662,36,409,461
656,37,415,459
652,41,419,460
646,41,424,463
643,38,429,465
643,37,432,466
641,39,435,465
644,38,439,463
640,40,439,464
646,40,440,463
645,35,441,463
645,35,440,463
645,30,441,462
642,28,444,462
639,26,446,464
641,27,445,463
639,26,443,464
642,26,444,465
647,24,446,464
647,24,447,463
647,23,447,461
647,23,446,462
649,23,446,459
652,20,446,458
650,20,445,458
653,19,445,457
654,18,446,457
657,19,447,456
657,21,448,456
657,18,448,456
658,19,448,455
657,21,448,456
660,18,448,455
659,17,448,453
657,20,449,454
655,18,450,452
655,20,451,452
655,16,454,453
648,10,457,455
636,8,465,458
628,8,476,459
554,49,480,464
543,60,486,462
538,73,489,458
525,92,484,448
522,111,468,433
549,139,450,421
564,148,435,405
591,171,422,387
593,179,406,374
610,183,392,363
621,186,379,355
623,189,368,349
634,192,358,341
645,197,347,335
648,199,338,330
653,199,330,326
658,199,324,324
659,200,320,323
667,204,316,319
670,203,313,318
674,201,310,316
673,195,308,315
676,192,306,312
678,190,304,310
679,188,303,310
679,185,302,310
679,184,299,310
676,183,298,309
674,181,297,307
669,180,296,306
663,179,295,304
656,179,295,302
650,180,293,300
657,179,286,300
661,179,280,299
670,178,274,299
676,178,268,301
681,176,264,303
683,174,261,302
681,174,261,302
679,173,261,302
679,173,260,302
679,174,258,303
677,175,258,303
675,175,258,303
674,174,257,303
672,173,256,302
669,172,256,300
667,172,255,299
665,171,255,298
664,172,255,297
662,174,254,296
663,175,253,296
665,176,252,295
665,179,251,293
665,179,250,294
667,180,250,294
666,180,251,293
666,180,251,293
664,180,251,291
664,182,250,291
664,182,250,290
664,181,250,289
652,185,250,287
656,187,250,287
655,186,251,287
643,189,253,285
643,186,253,285
639,183,254,286
634,178,255,287
622,180,254,287
624,180,256,286
623,182,256,284
624,185,256,282
630,185,254,280
634,185,252,276
635,185,250,274
638,188,250,270
637,187,248,268
641,186,248,266
641,184,248,263
642,179,248,262
646,176,248,259
645,166,250,253
650,162,252,249
655,170,251,252
656,172,249,253
657,171,247,254
657,171,246,253
657,171,246,253
658,171,245,253
662,172,245,254
662,172,244,256
662,173,243,258
663,173,242,259
663,173,242,259
665,172,242,259
665,172,241,260
666,170,241,260
666,169,242,260
666,170,242,260
667,167,242,260
666,166,243,260
668,165,243,261
668,163,243,262
668,163,243,262
667,163,244,262
666,164,245,261
668,166,247,263
667,166,248,263
671,167,249,264
670,168,250,262
673,170,250,263
677,170,249,264
680,172,247,263
680,172,246,263
678,171,247,262
676,170,247,262
682,169,246,262
682,169,247,263
686,170,247,264
684,168,247,263
686,169,248,264
690,169,248,265
693,171,247,265
696,170,246,264
699,169,246,265
700,170,246,264
701,171,246,263
700,169,247,262
705,169,248,263
708,170,248,263
706,169,249,264
708,170,249,263
709,167,250,265
707,163,254,268
708,156,261,270
712,151,265,274
707,148,269,280
705,148,271,284
702,145,273,288
700,141,275,291
699,140,277,292
697,141,280,292
699,144,282,292
696,148,285,289
688,154,290,289
688,155,293,287
685,158,296,284
689,159,297,282
681,160,298,277
682,161,299,275
684,161,298,272
679,160,299,270
678,157,298,270
674,157,300,270
676,155,302,270
670,156,304,269
668,157,308,267
669,157,309,267
672,154,308,267
671,156,307,269
671,153,307,271
671,152,307,272
669,149,307,272
669,146,306,272
669,145,305,274
668,143,306,274
666,142,308,274
671,141,308,276
669,140,308,277
666,140,310,280
669,142,312,282
668,141,315,283
669,142,315,285
672,145,314,287
670,144,314,290
661,147,314,292
662,143,312,294
660,141,311,296
665,136,310,297
659,138,310,297
663,135,311,300
661,133,313,301
672,126,314,304
663,128,318,303
672,122,318,304
666,118,321,305
675,112,320,305
666,113,324,305
671,111,323,307
664,113,324,306
661,115,325,306
661,118,327,307
658,118,327,311
654,122,327,311
654,122,328,312
654,123,327,311
653,124,328,310
654,125,327,310
663,122,326,314
661,122,326,314
671,118,324,316
667,116,324,317
680,110,323,318
674,113,325,316
681,116,327,314
688,118,326,312
689,115,328,314
691,110,328,316
689,110,329,316
696,107,327,315
696,103,327,315
702,98,325,315
713,92,322,315
709,90,325,315
718,83,322,316
712,79,324,315
716,81,324,314
705,82,328,311
711,84,326,309
695,90,328,308
700,96,329,307
682,104,329,306
680,110,330,303
669,118,330,301
671,123,330,301
660,130,330,299
667,133,328,301
659,137,328,302
666,138,324,304
658,138,323,307
664,139,321,305
663,139,322,304
659,138,323,305
667,140,322,302
659,145,324,301
666,147,320,303
665,149,320,301
672,148,318,301
668,148,319,300
671,146,318,299
676,147,317,298
675,149,318,298
681,148,317,296
678,147,319,295
685,148,317,293
678,148,321,292
682,146,322,290
680,148,323,290
683,147,325,289
684,148,326,290
680,151,327,289
680,151,325,290
684,152,321,290
684,153,320,291
687,155,320,290
677,170,323,285
681,182,324,276
682,190,330,267
679,195,333,260
682,196,335,256
685,199,334,254
692,198,332,254
689,200,331,254
693,199,330,254
691,197,329,255
697,194,327,256
702,193,323,257
704,190,320,258
708,188,318,258
709,187,317,259
709,186,318,259
714,185,315,260
713,183,315,260
709,183,318,260
710,184,318,260
713,181,318,260
713,185,318,260
714,184,317,260
707,183,319,261
716,181,318,260
708,181,320,260
715,179,318,259
715,181,318,259
714,178,319,260
711,181,320,260
714,180,321,261
714,179,320,261
716,179,319,261
711,180,319,261
715,180,320,262
716,180,318,263
718,178,315,265
717,175,314,265
718,172,315,264
721,173,314,263
718,172,315,263
722,171,313,263
716,171,315,261
728,169,312,259
725,173,313,258
719,173,315,258
727,171,313,256
720,173,315,256
722,173,316,255
724,173,315,254
721,173,317,254
726,173,316,255
719,173,320,255
728,174,318,256
727,176,316,257
725,173,317,258
731,175,315,258
729,177,315,258
723,174,317,258
731,174,314,259
733,176,314,259
733,176,311,259
736,176,310,259
729,176,310,260
731,175,310,259
728,174,312,258
730,175,312,258
728,173,313,257
733,174,312,257
738,171,310,258
729,173,312,258
732,170,312,259
727,170,314,257
733,170,313,258
731,169,315,257
724,169,318,257
733,169,315,256
727,169,316,257
731,168,315,259
730,165,317,259
731,166,317,259
732,164,317,260
733,163,316,260
733,164,318,260
723,163,322,260
732,159,322,262
727,161,324,263
727,158,323,263
725,153,324,263
720,149,326,261
717,147,328,260
717,147,331,259
717,147,332,258
717,145,334,257
717,145,334,256
717,144,335,254
716,143,336,253
719,143,337,252
719,141,337,251
721,140,338,251
721,140,339,250
720,142,340,250
721,147,339,252
721,149,336,253
717,152,335,252
717,154,333,252
711,157,333,251
713,157,330,251
711,158,329,249
709,158,328,248
706,159,327,247
704,159,325,246
702,156,324,245
699,157,324,243
698,157,324,242
696,158,323,242
696,158,324,240
695,158,323,242
690,158,324,241
689,159,324,242
685,156,323,240
684,157,322,240
684,157,322,240
675,155,321,240
675,154,323,239
672,154,323,240
670,152,322,239
670,152,323,239
669,152,324,239
667,153,324,240
665,149,323,240
666,149,324,240
662,149,324,241
661,148,324,241
660,148,324,241
659,147,324,241
657,147,324,241
656,147,325,242
654,147,325,243
650,146,326,245
649,144,326,245
650,144,326,245
649,144,327,246
647,145,327,248
643,144,327,248
641,144,326,248
639,145,325,249
632,144,325,250
632,145,326,249
630,145,326,249
628,148,326,250
625,148,323,251
622,148,323,250
624,148,323,249
622,148,324,249
620,147,324,249
619,143,324,249
616,136,327,248
618,127,330,248
615,114,329,249
619,104,330,250
621,97,335,248
622,91,338,246
623,90,339,246
624,87,340,247
625,83,341,249
625,83,342,251
626,80,343,252
624,96,347,253
627,84,348,255
628,79,348,258
627,78,348,260
630,79,348,261
628,81,348,262
632,81,349,263
630,84,349,263
630,85,350,264
630,86,350,265
630,86,349,264
629,89,350,265
629,89,350,265
629,93,350,265
630,94,350,265
631,98,349,265
630,97,348,263
631,100,346,261
629,101,345,260
630,101,345,260
630,105,343,260
631,110,341,260
631,117,340,258
633,121,338,258
636,123,336,256
633,120,337,256
616,150,342,252
611,190,346,248
603,193,346,243
593,192,345,238
585,187,332,250
597,196,325,257
603,195,321,268
606,187,320,278
615,176,320,285
618,167,318,291
624,161,317,296
630,152,313,303
631,170,314,303
634,153,311,308
632,171,311,308
631,155,308,312
627,145,306,319
629,136,303,326
629,160,302,327
630,151,301,329
628,143,301,332
631,135,299,337
634,157,299,337
637,147,298,339
641,141,297,341
641,135,296,346
645,132,295,349
649,131,293,352
652,131,292,354
654,130,292,356
656,127,291,357
654,127,291,360
654,126,290,360
654,125,287,359
653,127,285,359
652,132,282,354
650,137,280,348
652,140,277,345
653,141,274,343
653,144,271,341
653,145,269,340
655,145,267,337
653,148,267,336
654,148,266,334
654,151,265,333
653,150,265,332
656,149,265,331
657,149,265,332
659,148,265,331
660,149,264,330
662,151,264,329
661,154,261,330
657,155,259,325
654,160,255,321
657,161,251,317
657,159,249,314
656,159,247,311
658,160,245,311
657,157,244,309
656,157,243,309
659,156,243,308
659,155,242,308
658,156,242,309
661,157,242,308
660,159,242,307
665,166,241,308
667,171,240,303
673,182,241,297
674,191,241,290
678,201,241,283
668,210,244,277
667,216,244,271
666,220,245,266
662,227,245,261
659,227,245,253
659,220,250,235
667,230,250,220
672,237,249,208
678,240,248,196
683,241,247,184
687,245,244,176
692,246,241,172
697,245,238,168
702,242,233,166
706,239,230,164
710,235,226,163
710,230,223,163
709,227,221,163
707,224,218,163
703,221,216,163
698,219,218,163
698,219,219,163
699,215,217,164
702,213,214,164
704,210,211,164
704,210,208,163
703,209,206,162
704,207,204,161
706,205,201,159
706,204,200,158
705,204,198,156
704,204,197,156
700,205,197,156
701,204,197,156
696,204,196,156
695,204,197,155
694,206,197,154
691,207,197,154
691,208,197,154
690,209,198,153
690,210,198,153
689,212,198,153
687,213,197,154
687,212,197,154
683,213,196,153
682,214,196,153
681,215,197,153
677,216,196,152
678,216,196,151
676,218,195,151
676,218,195,150
677,218,194,150
678,219,194,149
680,217,194,149
682,216,194,149
683,216,193,148
684,217,193,148
685,217,193,147
685,218,193,148
685,218,192,148
685,218,192,147
685,218,192,147
685,217,192,148
686,216,192,147
686,214,193,147
686,212,194,146
687,211,193,146
688,211,193,146
689,211,193,146
692,210,193,146
695,208,193,146
700,204,193,147
705,199,192,148
712,196,190,149
717,191,190,149
720,189,191,150
723,186,191,150
726,185,193,150
725,185,193,150
728,183,194,149
728,183,194,150
728,182,194,150
726,182,194,150
725,182,194,150
721,182,194,150
720,182,194,150
716,183,194,150
714,183,194,151
711,182,194,151
710,181,194,151
709,182,194,151
707,182,195,151
707,181,195,152
707,179,195,152
706,179,195,152
708,178,196,152
709,177,196,152
710,176,196,152
710,176,197,152
711,175,196,151
710,177,196,152
709,176,197,152
711,174,198,153
710,174,197,153
711,173,198,153
710,174,198,153
712,175,199,153
712,176,198,153
710,177,198,153
709,177,198,153
707,177,198,154
703,175,199,155
700,174,198,156
700,172,198,156
696,171,198,156
697,169,198,157
695,168,198,156
694,168,199,156
692,167,199,157
691,166,199,157
689,165,200,157
685,164,200,158
685,162,200,158
686,160,199,157
687,159,200,157
683,159,199,157
686,158,201,156
680,160,200,157
685,158,201,156
681,159,201,156
681,160,201,156
678,160,200,156
678,161,201,157
677,161,201,157
676,161,202,157
672,160,202,157
669,158,202,157
669,157,203,157
667,156,204,159
666,155,205,159
668,157,205,158
666,158,204,158
667,157,204,157
666,159,204,158
662,158,203,158
665,157,203,157
661,157,203,158
664,155,203,158
661,153,202,158
665,149,202,158
668,147,204,158
670,144,204,159
673,140,205,159
677,136,205,160
679,133,205,161
681,130,205,161
682,127,205,162
681,125,204,163
682,122,204,163
677,120,203,164
679,118,204,163
673,117,203,164
676,114,204,163
673,111,203,164
675,107,203,163
672,104,202,163
674,101,203,163
674,101,203,162
672,101,203,162
673,102,203,161
674,104,203,159
675,107,203,159
676,108,203,158
672,109,201,158
673,109,202,158
666,110,200,158
669,109,200,157
669,109,200,157
668,107,201,157
668,108,202,157
668,106,201,158
670,106,201,158
668,105,200,159
670,104,199,160
668,104,198,161
666,102,198,162
666,102,197,162
665,102,197,161
663,103,195,161
663,103,196,161
662,103,196,160
663,102,196,160
663,104,196,159
664,103,197,160
665,102,197,160
666,102,197,160
666,101,198,159
668,100,197,159
669,99,197,159
669,99,196,158
670,99,195,159
671,99,194,160
672,99,194,160
673,106,195,164
670,101,195,164
670,99,196,164
668,98,195,163
668,97,196,161
668,96,196,161
668,95,196,161
668,93,196,162
669,93,196,162
669,92,195,162
670,92,195,162
670,92,195,162
671,99,197,165
668,94,197,165
669,93,197,166
669,91,197,165
671,98,198,168
671,93,198,168
671,90,199,168
670,89,198,167
671,87,198,167
673,94,199,169
670,88,198,170
672,84,199,169
672,82,199,169
673,80,198,169
676,92,203,173
676,86,200,174
681,87,202,177
679,85,200,178
680,89,199,180
679,85,197,180
678,81,196,179
681,88,196,180
678,83,194,180
678,81,194,179
682,87,195,180
679,82,194,180
679,79,194,178
683,85,195,179
680,79,194,179
683,84,195,180
680,79,194,180
680,76,194,179
682,84,194,181
677,79,193,181
678,76,193,179
678,75,193,178
678,75,193,177
680,83,194,179
676,78,193,179
680,83,194,181
672,78,193,181
674,76,193,179
672,77,193,178
670,77,193,177
668,77,193,176
667,78,193,176
666,78,193,175
666,87,193,177
660,82,192,177
665,87,194,178
660,82,192,178
664,87,193,179
658,83,192,179
660,81,193,178
659,81,194,177
658,81,194,176
658,81,194,175
656,81,194,175
656,80,194,174
656,81,195,174
656,82,195,174
655,81,195,174
654,81,195,173
653,82,195,173
651,82,195,174
651,84,194,174
644,92,194,176
640,87,194,177
638,87,194,176
633,90,194,175
634,99,195,177
626,95,195,176
626,96,196,175
620,98,195,174
619,100,195,173
612,101,195,173
610,100,195,172
604,101,194,172
603,99,195,171
598,100,195,170
597,99,195,170
599,106,196,172
596,101,196,172
598,107,197,174
596,101,197,174
599,106,198,175
597,101,199,175
597,98,199,173
596,106,199,176
594,101,199,176
592,99,199,175
591,106,199,177
589,100,199,177
588,97,200,176
587,96,200,175
586,95,201,175
586,94,201,175
586,92,202,174
584,92,202,175
582,90,202,176
580,90,202,176
578,88,203,177
576,88,203,177
575,87,204,177
573,86,204,178
574,85,205,178
572,85,205,178
571,85,205,178
572,84,206,177
569,85,206,178
569,85,206,177
569,85,206,177
569,84,206,177
569,83,206,177
569,83,206,177
568,83,207,177
565,83,206,177
565,83,207,177
555,83,211,179
537,98,225,185
550,125,234,180
525,109,239,178
495,117,244,177
563,200,248,168
523,97,249,167
514,97,249,165
513,78,250,164
524,83,250,164
520,93,251,163
512,133,250,164
309,329,253,161
295,338,248,165
494,165,250,177
498,143,247,184
509,131,252,188
510,125,254,190
511,121,253,191
507,119,254,190
518,114,251,189
521,108,249,187
521,107,245,185
517,106,245,182
516,103,246,179
514,101,246,177
517,97,245,177
520,93,242,177
518,92,241,174
526,101,241,175
515,101,237,174
518,107,232,176
515,107,225,175
523,110,225,177
519,111,221,176
521,112,218,175
524,113,216,175
528,115,217,176
527,116,219,175
524,117,219,175
520,117,215,173
522,116,213,171
522,119,209,170
524,118,207,169
524,120,205,168
520,121,200,167
517,120,195,165
523,122,194,164
517,122,190,162
523,123,190,161
519,124,187,160
520,124,185,160
522,126,184,159
523,128,183,158
524,130,181,158
525,130,179,158
532,135,179,157
532,139,177,159
531,138,176,158
535,141,177,157
536,140,176,154
541,142,176,154
542,140,174,154
544,139,173,152
546,140,173,150
548,137,172,149
550,135,170,152
552,131,169,154
553,126,169,156
553,125,169,157
554,125,169,159
556,125,169,160
557,124,169,161
558,126,169,163
556,125,170,164
556,123,170,163
558,123,171,163
559,125,171,163
558,125,172,160
558,127,172,161
558,126,172,159
559,129,172,160
560,128,172,158
561,132,171,160
562,130,172,159
557,130,173,158
552,126,174,159
549,124,175,161
541,119,176,164
532,117,178,167
525,113,180,169
522,114,181,171
521,118,182,172
518,121,182,174
517,122,183,175
517,122,184,177
514,121,185,177
514,124,186,178
513,124,186,179
511,125,187,180
511,125,187,181
511,126,187,182
512,127,187,182
512,128,188,183
512,131,188,184
514,134,188,185
515,134,188,185
517,135,188,185
520,138,188,186
522,138,188,186
524,139,188,187
524,139,187,187
525,140,187,188
525,140,187,188
526,141,187,189
528,141,187,190
529,142,187,190
531,143,188,190
531,139,189,188
534,142,189,188
538,143,189,188
535,143,189,189
530,142,190,189
528,142,190,189
530,142,189,189
533,142,189,189
536,143,189,189
539,143,189,189
542,144,189,189
544,143,189,189
544,143,189,189
543,141,189,189
541,141,189,189
541,141,189,189
539,140,189,189
538,139,189,188
537,139,189,188
539,138,189,188
540,138,189,187
542,137,189,187
543,136,189,187
543,136,189,187
544,135,189,187
545,136,188,187
545,135,188,187
546,134,188,187
547,133,188,187
548,131,188,187
547,129,189,187
546,128,189,187
544,127,189,186
544,125,190,185
546,125,190,185
545,126,190,185
538,121,191,184
535,127,192,184
535,125,193,184
544,125,193,185
547,124,193,185
551,122,193,185
554,121,192,185
555,121,192,185
556,119,192,185
558,119,192,185
559,118,191,184
560,123,191,184
559,120,191,184
558,119,190,184
557,119,190,184
556,119,190,184
557,119,189,184
557,120,189,184
557,119,189,184
556,118,188,184
555,118,188,184
553,118,188,184
551,116,188,184
547,116,188,183
544,114,188,183
545,113,189,182
546,115,189,182
546,116,189,183
544,113,189,182
548,122,189,182
552,115,190,183
556,112,189,183
555,109,189,182
553,106,189,181
553,105,190,180
552,105,191,178
554,106,191,177
556,107,191,177
555,105,191,177
554,104,192,177
554,104,192,177
555,103,192,176
555,102,193,176
555,102,192,176
555,101,192,175
554,100,192,175
554,97,193,174
553,96,193,172
556,97,193,171
556,96,193,171
557,98,192,171
558,97,191,171
557,97,191,171
558,99,190,172
560,98,190,173
561,96,190,173
564,95,189,174
567,93,189,173
568,93,189,173
567,92,189,172
566,92,189,171
564,90,189,170
562,86,190,168
560,88,190,166
559,89,190,165
559,88,189,165
559,89,189,164
559,89,189,164
559,88,189,163
561,89,188,163
562,87,188,163
563,87,187,162
567,88,187,163
564,86,187,162
565,85,186,162
567,84,186,162
567,85,186,161
568,85,186,161
569,85,186,161
569,86,186,160
570,85,185,160
571,85,185,159
569,85,185,159
573,87,185,160
572,86,185,159
571,85,186,158
568,86,186,158
567,88,186,157
566,92,187,157
569,93,187,157
568,96,187,157
570,99,188,157
570,102,188,157
572,106,188,157
573,111,188,157
573,115,189,157
574,118,189,157
576,121,188,157
572,122,189,157
574,126,188,157
575,131,188,157
575,134,188,157
574,136,189,158
573,137,189,158
573,138,189,158
571,139,189,158
568,136,189,158
570,140,189,158
568,141,189,157
569,144,189,157
568,147,189,157
568,149,189,157
345,308,194,150
347,314,196,145
349,319,198,142
352,324,198,140
350,317,196,141
350,322,198,139
356,325,199,138
357,327,200,137
357,328,201,137
360,329,202,137
360,331,203,138
360,321,200,141
365,328,202,140
365,332,203,140
367,334,204,141
369,326,206,139
369,331,207,139
364,333,206,140
369,325,207,138
370,332,207,139
374,334,207,140
378,324,208,138
375,331,206,138
377,333,205,139
378,334,205,140
373,335,204,140
377,325,205,138
375,333,204,138
376,333,204,138
376,336,204,140
376,336,204,140
376,338,203,139
372,340,202,139
373,341,203,139
371,342,204,140
371,342,205,141
373,343,205,142
374,344,205,142
374,345,205,142
372,336,205,140
368,340,203,139
361,344,203,140
351,349,203,141
346,354,202,146
336,359,204,149
325,364,204,153
314,367,206,155
313,364,205,159
301,361,205,160
304,360,204,162
301,357,203,164
309,348,205,168
318,338,208,169
327,327,208,172
343,302,206,173
360,293,204,175
373,285,200,175
379,278,198,174
388,269,195,176
401,251,193,177
396,253,194,177
410,254,192,176
427,257,189,174
445,247,189,173
452,252,188,171
453,253,188,170
484,257,186,168
496,259,184,167
496,260,183,166
513,251,184,165
521,260,185,163
524,266,185,161
533,270,185,160
533,274,185,159
577,190,185,161
575,179,187,160
574,186,188,160
572,178,190,159
571,184,193,158
571,176,195,155
558,165,200,149
564,170,202,145
556,171,204,140
453,295,197,143
455,300,192,147
433,294,191,148
424,304,188,151
427,311,186,155
421,316,185,157
425,309,183,157
427,313,182,159
429,317,183,157
432,310,184,155
423,325,182,155
433,320,182,155
435,316,181,154
439,300,183,153
439,302,183,153
443,291,183,153
449,279,183,154
451,286,183,153
451,278,182,153
448,288,181,155
447,279,181,155
440,281,181,156
443,272,182,156
440,265,181,157
438,273,182,156
441,266,183,155
446,270,183,155
463,253,183,155
462,256,183,155
462,247,184,154
461,252,184,153
462,245,185,153
473,236,186,152
491,115,204,138
491,120,221,128
471,111,233,119
471,116,244,113
468,122,251,112
467,113,256,111
474,118,257,112
498,105,254,112
502,113,251,114
536,138,238,129
580,137,223,144
579,121,214,153
602,123,207,158
566,79,209,153
615,179,204,156
629,178,202,156
638,155,199,157
630,177,198,157
643,155,196,156
642,160,194,155
651,141,190,155
658,145,187,154
665,150,185,153
667,148,181,154
679,142,178,157
744,126,178,161
757,134,176,162
758,145,175,161
759,135,174,161
760,147,174,160
760,137,173,160
762,148,172,159
762,137,172,159
763,148,171,158
764,138,171,158
763,150,170,157
762,140,170,158
762,152,169,157
756,142,169,157
760,152,169,157
763,143,168,157
758,154,168,157
765,164,168,156
769,154,168,156
770,166,168,156
774,178,168,154
775,170,168,154
777,183,167,153
771,193,167,153
775,184,167,153
776,195,166,152
770,208,166,152
774,199,166,152
768,210,166,152
772,221,165,151
766,213,165,151
770,206,165,151
764,219,164,151
770,212,164,150
770,225,164,149
772,218,164,149
563,229,165,148
555,232,166,146
553,235,167,145
550,226,167,144
547,231,167,143
545,233,167,142
546,225,167,141
547,229,167,140
544,231,167,140
540,232,166,140
539,219,167,139
526,222,169,137
502,224,170,138
458,215,175,132
391,243,174,136
321,248,179,134
264,307,181,136
245,314,189,134
230,342,189,141
247,365,190,148
253,348,193,150
258,350,194,154
262,355,194,157
267,359,195,159
283,366,195,161
277,374,195,164
274,384,196,167
272,392,197,171
268,397,197,173
273,400,197,174
276,404,196,175
283,412,192,173
286,417,190,173
270,425,192,173
266,433,195,172
273,418,194,171
288,419,188,171
273,418,182,173
274,416,177,173
276,412,172,173
279,409,168,171
