633,417,48,15
633,416,48,14
634,416,48,14
636,416,48,14
636,417,48,14
638,417,48,14
639,417,48,14
640,416,49,14
643,418,48,14
643,418,49,14
644,419,49,14
645,419,49,14
647,420,49,14
648,421,49,14
649,421,49,14
649,422,49,14
650,422,49,14
651,423,49,14
651,424,49,14
651,423,49,14
652,424,49,14
653,424,50,14
654,424,49,14
655,424,49,14
655,425,50,14
655,424,50,14
656,424,50,14
656,424,50,14
656,424,50,14
656,423,50,14
657,423,50,14
657,423,50,14
657,423,50,14
658,423,50,14
658,423,51,14
657,422,51,14
658,422,51,14
657,421,51,14
658,420,51,14
658,420,51,14
658,420,51,14
658,419,51,14
658,419,51,14
659,419,51,14
660,419,51,14
658,418,51,14
660,419,52,14
659,418,52,14
659,418,52,14
659,418,52,15
658,418,52,15
659,418,52,15
659,418,52,15
659,418,52,15
659,418,52,15
659,418,52,15
659,420,52,15
659,421,53,15
659,421,52,15
660,422,53,15
659,423,53,15
659,425,53,15
659,427,53,15
659,429,53,15
659,430,53,15
659,431,53,15
658,432,53,15
658,434,53,15
658,433,54,15
657,434,54,15
657,434,54,15
656,434,54,15
656,436,54,15
656,437,54,15
655,437,55,15
655,438,55,15
654,439,56,16
654,439,56,16
653,440,56,16
653,440,57,16
652,441,58,16
651,441,58,16
651,441,59,16
650,441,59,17
650,441,60,17
648,440,60,17
648,440,61,17
648,440,61,17
647,441,61,17
646,441,62,17
646,442,62,18
645,442,62,18
645,444,62,18
644,445,62,18
644,446,62,18
643,448,62,18
642,449,63,18
641,450,64,18
640,450,64,18
639,450,64,18
639,450,65,18
638,450,65,18
637,449,66,18
635,448,66,19
636,448,67,19
633,447,67,19
634,448,67,19
634,448,68,19
634,450,68,19
632,452,68,19
632,454,69,19
633,455,69,19
632,457,69,20
632,458,69,20
632,459,70,20
631,460,70,20
631,460,70,20
630,460,71,20
629,460,71,20
629,459,72,20
629,460,72,20
628,459,73,20
628,459,73,21
628,459,74,21
630,460,74,21
629,460,74,21
629,460,74,21
629,461,74,21
629,462,75,21
629,463,75,21
629,464,75,21
629,464,75,21
631,466,75,21
630,465,75,21
631,466,75,21
631,467,76,22
631,467,76,21
632,467,76,22
631,467,77,22
633,468,77,22
633,469,78,22
632,469,79,22
633,470,79,22
633,470,79,22
634,472,79,22
634,472,79,22
633,472,79,22
634,473,79,22
633,473,79,22
632,474,79,22
633,473,79,22
634,473,79,22
635,473,79,23
636,473,79,23
637,472,80,23
637,472,80,23
636,472,80,23
638,473,80,23
638,473,80,23
639,474,80,24
640,475,80,24
640,475,80,24
640,476,80,24
640,477,80,24
641,478,80,24
641,479,81,24
641,480,81,24
641,481,81,24
641,481,81,24
642,481,82,24
642,480,82,24
642,480,82,24
642,479,83,24
643,478,83,25
643,477,82,25
645,476,82,25
644,475,83,25
645,475,83,25
646,474,83,25
647,473,83,25
648,473,83,25
648,474,82,24
648,473,82,24
649,473,82,24
649,472,82,24
651,473,82,24
650,472,82,24
652,472,83,24
652,473,83,24
654,474,82,24
656,475,82,24
654,475,81,24
656,476,81,24
656,476,81,24
655,476,81,24
656,477,81,23
657,476,81,23
658,475,81,23
657,474,81,23
658,473,81,23
659,472,82,23
660,471,82,23
662,471,81,23
661,471,81,23
663,471,81,23
664,472,81,23
664,472,81,23
664,472,81,23
667,473,80,23
666,473,80,23
667,474,80,23
668,474,79,23
668,474,79,23
669,474,79,23
671,472,79,23
671,471,79,23
672,469,79,23
672,469,78,23
673,467,78,23
674,466,78,23
675,465,78,22
676,463,78,22
678,464,78,22
679,463,77,22
680,464,77,22
681,465,76,22
681,466,77,22
683,467,76,22
684,468,76,22
684,468,76,22
685,468,76,22
687,468,75,22
688,468,75,22
689,468,75,22
689,467,75,22
691,466,75,22
692,466,75,22
693,465,76,22
695,466,75,22
695,464,75,22
697,464,75,22
698,464,75,22
699,464,76,22
701,463,76,22
701,463,76,22
702,462,76,22
704,462,76,22
704,462,75,21
705,462,76,21
707,462,76,21
708,463,76,21
709,463,76,21
711,464,76,21
712,465,76,21
713,465,76,21
714,467,76,22
714,467,76,22
716,468,76,22
717,469,77,22
717,469,77,22
717,470,77,22
718,471,77,22
718,471,77,22
720,472,78,22
720,472,78,22
720,472,78,22
721,473,78,22
722,473,78,22
721,472,78,22
722,471,79,22
724,470,78,22
725,470,78,22
726,470,79,22
725,470,79,22
725,471,79,22
725,471,80,22
728,471,79,22
727,472,80,23
726,472,81,23
726,473,81,23
725,473,82,23
725,473,82,23
724,474,83,23
724,474,84,23
725,474,84,23
724,476,85,23
725,477,85,23
724,478,84,24
724,478,84,24
724,479,84,24
723,480,84,24
723,481,83,24
722,481,83,24
721,481,83,24
720,480,84,24
720,479,84,24
720,478,84,24
721,478,84,24
721,478,84,24
719,478,84,24
719,479,84,24
717,480,84,24
716,481,85,24
716,482,85,24
715,483,85,24
715,484,84,24
715,484,84,24
713,484,84,24
713,484,83,24
712,483,84,24
710,483,84,24
709,483,84,24
708,482,84,24
707,482,85,24
707,482,85,24
706,483,85,24
705,484,85,24
702,486,85,24
701,487,85,24
699,487,86,24
698,488,86,24
696,489,86,24
694,489,86,24
693,490,86,24
689,491,86,24
688,491,87,24
686,491,87,25
685,491,87,25
683,490,87,25
682,490,88,25
679,489,89,25
676,488,89,25
674,486,89,25
671,485,90,25
670,486,90,25
668,485,89,25
666,486,89,25
663,487,90,25
661,488,89,25
659,488,90,25
657,489,90,25
657,489,90,25
654,490,89,25
653,491,89,25
652,491,89,25
651,491,89,25
650,492,89,25
649,492,89,25
648,491,89,26
646,491,89,25
646,491,89,26
646,491,89,26
644,491,89,26
643,491,89,25
643,492,89,25
643,491,90,26
642,492,90,26
641,492,90,26
641,491,90,26
640,491,90,26
638,491,91,26
638,490,91,26
638,489,91,26
638,488,91,26
639,489,91,26
638,489,91,26
639,489,91,26
639,489,91,26
639,489,91,26
640,489,91,26
640,487,90,26
640,486,90,26
642,486,90,26
642,485,89,26
643,485,89,26
644,485,89,26
645,486,88,26
644,486,88,26
646,486,88,25
647,486,88,25
647,485,88,25
649,485,87,25
649,485,87,25
649,483,87,25
651,482,87,25
652,482,87,25
653,482,87,25
654,482,87,25
655,482,86,25
655,482,86,25
657,482,86,25
658,481,86,25
659,481,86,25
661,480,86,25
662,479,85,25
664,479,84,25
665,478,84,25
667,478,83,24
668,478,83,24
671,478,83,24
672,479,82,24
673,480,82,24
675,481,82,24
676,481,82,24
678,481,82,24
678,479,81,24
681,479,81,24
682,476,80,24
683,474,80,24
685,473,80,24
686,472,80,24
687,471,80,24
689,470,79,23
690,469,79,23
692,468,78,23
694,468,78,23
695,467,77,23
697,468,76,23
698,467,76,23
700,466,76,22
701,466,75,22
703,467,75,22
704,467,75,22
705,467,75,22
706,467,75,22
709,467,74,22
709,467,74,22
712,466,73,22
712,464,73,22
714,464,73,22
715,463,73,22
718,462,72,22
719,461,72,22
720,461,73,22
720,460,73,22
723,460,72,22
725,459,73,22
725,458,73,22
726,457,72,22
727,457,72,22
728,456,72,22
729,456,72,22
730,456,72,21
731,456,72,21
731,455,72,22
732,455,72,21
733,456,71,21
735,456,71,21
736,457,71,21
736,458,71,21
737,458,71,21
738,458,71,21
740,460,71,21
740,460,71,21
742,461,71,21
743,461,72,21
746,462,71,21
749,462,70,21
752,464,70,21
755,464,69,21
758,465,70,20
760,466,69,20
763,467,69,21
765,468,69,21
768,469,69,21
770,470,69,21
772,470,69,21
774,470,69,21
775,470,70,21
776,471,70,21
777,471,69,21
777,472,70,21
777,472,70,21
774,472,70,21
772,472,71,21
768,473,71,21
763,472,73,21
759,472,74,21
755,472,75,21
749,472,76,22
744,472,77,22
737,473,78,22
732,474,79,22
727,474,79,23
721,475,80,23
716,476,80,23
710,478,80,23
705,478,81,23
701,478,80,23
697,478,81,23
693,477,81,23
689,476,81,23
685,476,82,24
684,475,82,24
683,474,82,24
683,474,83,24
683,475,83,24
684,477,83,24
685,479,83,24
686,481,83,24
688,483,83,25
690,484,83,25
692,486,83,25
695,487,82,25
697,487,83,25
699,487,83,25
700,487,83,25
703,488,83,25
705,488,84,24
707,488,84,25
709,489,84,25
711,490,84,24
713,492,84,25
714,493,85,24
716,494,84,24
717,494,84,24
717,494,84,24
718,494,84,25
718,493,85,25
719,491,85,25
719,489,86,25
719,487,86,25
721,485,86,25
721,484,87,25
721,483,87,25
723,483,86,26
722,485,86,26
723,487,86,26
723,489,86,26
723,491,86,26
723,492,86,26
722,493,86,26
722,495,86,26
719,494,87,26
719,493,87,26
719,491,88,26
717,490,89,26
717,490,89,26
717,491,89,26
717,490,89,26
719,493,89,26
718,493,89,26
718,495,89,26
718,497,89,26
717,498,90,26
717,498,90,26
714,499,91,26
714,499,91,26
712,500,92,26
711,500,93,26
711,501,93,26
711,501,94,26
712,503,94,26
711,502,94,26
709,502,94,26
709,502,94,26
708,503,94,26
707,502,94,26
706,501,95,26
707,501,95,26
706,500,95,26
706,499,96,26
706,500,97,26
705,501,97,27
705,503,97,27
705,505,97,27
704,508,98,27
704,510,97,27
704,513,97,27
703,516,97,27
701,518,98,28
701,520,97,27
701,523,97,27
700,522,98,27
699,522,98,27
698,522,98,27
697,520,98,28
696,518,98,28
696,517,98,28
696,517,98,28
695,514,98,28
694,513,99,28
694,513,99,28
694,512,99,28
694,512,99,28
694,511,99,28
693,512,99,28
692,511,99,28
691,511,99,28
690,513,99,28
690,514,99,28
688,516,100,28
688,518,100,28
687,520,100,28
686,521,100,28
686,523,100,28
685,524,101,28
683,525,101,28
683,525,101,28
682,524,102,28
680,523,102,28
680,523,101,28
679,522,102,29
678,522,102,29
678,523,102,28
677,522,102,28
676,522,102,28
676,523,102,28
675,524,102,28
673,524,102,28
673,524,103,28
671,523,103,28
670,524,104,28
669,523,104,28
667,523,105,28
667,523,105,29
666,524,105,29
664,524,105,29
665,525,105,29
664,526,105,30
663,527,105,30
662,527,106,30
661,528,106,30
660,529,106,30
657,529,106,30
655,529,106,30
654,529,106,30
653,529,106,31
651,529,106,31
649,528,106,31
647,527,106,31
646,526,107,31
643,526,107,31
643,525,107,31
642,524,108,31
640,523,108,31
639,522,108,31
637,523,108,31
636,523,108,31
636,523,108,31
635,524,108,31
634,525,108,31
633,527,107,31
632,527,107,31
630,529,107,31
629,530,107,31
628,530,108,31
627,531,108,31
624,531,108,31
622,531,108,31
622,532,109,31
622,533,109,31
620,534,109,31
619,534,109,31
619,535,109,31
619,535,109,31
619,536,109,31
619,536,109,31
619,536,108,31
618,536,108,31
615,535,109,31
616,534,109,31
618,533,110,31
616,533,109,31
615,532,109,32
614,532,109,32
613,532,109,31
613,531,110,31
612,530,110,31
612,529,111,32
611,528,111,32
611,528,111,32
612,529,110,31
614,529,110,31
615,531,109,31
616,532,109,31
617,534,108,31
619,535,108,31
619,536,108,31
621,537,107,31
622,538,108,31
623,538,107,31
624,538,107,31
627,539,107,31
627,539,107,31
627,540,107,30
628,541,108,30
629,542,108,31
630,542,108,31
631,543,109,31
632,543,109,31
633,544,110,31
634,544,110,31
635,543,110,31
636,543,110,31
636,544,110,31
637,544,110,31
639,544,111,31
638,544,111,31
639,544,111,31
640,543,111,31
641,544,111,31
640,543,111,31
642,542,111,31
644,542,110,31
644,543,110,31
647,542,110,31
646,543,110,31
647,543,110,31
648,543,110,31
649,544,111,31
650,545,111,31
651,546,111,32
652,548,111,32
654,549,111,32
655,550,111,32
656,551,110,31
655,551,111,31
656,551,111,31
655,551,111,31
656,551,112,31
656,550,112,31
657,547,112,32
657,545,113,32
657,544,114,32
659,542,114,32
660,542,114,32
660,543,115,32
661,544,115,32
660,545,116,32
659,545,116,32
660,546,116,32
659,546,116,32
659,545,116,32
661,545,116,32
661,545,116,32
662,546,117,33
663,546,117,33
664,546,117,33
665,545,117,33
665,547,117,33
664,549,117,33
665,551,117,33
666,554,117,33
666,556,117,33
666,559,116,34
667,561,116,34
665,563,116,33
665,563,116,33
665,564,116,33
665,563,117,33
666,562,117,33
665,561,116,33
665,558,117,33
665,557,117,33
666,556,117,33
666,556,117,33
666,557,116,33
666,558,117,33
664,559,118,33
664,558,118,33
665,559,118,33
665,558,118,33
666,559,118,32
665,559,118,32
663,559,119,33
663,559,119,33
663,559,119,33
662,558,119,33
661,556,119,33
661,555,119,33
661,553,120,33
660,553,120,33
659,552,120,33
659,553,121,33
658,554,121,33
657,555,121,33
656,558,121,34
655,560,121,34
655,562,121,34
655,565,120,34
653,567,121,34
652,568,121,34
652,568,121,34
649,568,122,34
650,568,122,34
648,567,125,32
646,567,127,31
646,566,128,31
645,565,130,30
646,565,130,30
645,565,131,30
644,566,131,30
644,568,132,30
644,570,132,30
645,571,132,30
645,573,132,30
647,575,131,30
648,576,131,30
648,577,131,30
648,577,131,30
648,577,131,29
649,576,131,29
650,574,131,30
650,571,132,30
649,569,132,30
649,567,132,30
650,565,133,30
648,563,133,31
649,561,133,31
649,560,133,30
651,560,134,30
651,560,134,30
653,561,133,30
655,561,134,30
654,561,133,30
656,561,133,30
657,560,132,30
656,559,131,30
658,559,130,29
656,557,130,30
657,556,130,30
658,555,130,30
656,554,129,30
658,554,129,30
659,555,128,30
658,555,127,30
660,556,126,30
659,555,127,30
660,556,127,30
661,556,127,30
661,556,127,29
660,556,126,29
661,556,126,29
662,554,127,29
662,552,126,30
661,551,127,30
661,549,127,30
658,548,127,30
659,546,127,30
659,547,126,30
659,547,125,30
659,547,125,30
660,546,125,30
660,544,124,30
662,543,125,30
663,541,124,30
662,539,123,30
662,536,123,30
663,533,124,30
666,531,122,30
668,530,121,30
666,528,120,30
666,526,119,30
665,523,118,30
665,521,117,30
666,519,117,30
666,518,116,30
666,517,115,29
666,516,115,29
665,516,114,29
667,515,113,29
665,514,112,28
666,514,111,28
664,513,111,28
665,512,109,28
665,511,108,27
664,510,108,27
665,508,107,27
663,507,106,27
662,504,105,26
662,502,105,26
661,499,105,26
659,498,104,26
660,496,103,26
659,494,103,26
658,493,102,26
656,491,101,25
656,489,99,25
655,487,98,25
654,485,97,25
655,484,96,25
654,482,95,25
654,481,94,24
653,478,93,24
652,478,92,24
651,476,91,23
649,475,91,23
649,474,90,23
648,473,89,23
648,472,89,23
647,471,88,23
645,470,87,22
644,469,86,22
644,468,85,22
644,467,84,22
643,466,83,22
641,465,82,21
641,463,81,21
639,461,80,21
639,460,80,21
638,459,79,20
637,459,78,20
637,458,77,20
636,456,76,20
636,456,76,20
634,456,76,19
635,455,76,19
634,454,75,19
634,453,75,19
632,452,74,19
632,451,74,19
630,450,74,19
630,449,72,19
631,448,72,19
629,447,71,18
629,447,70,18
628,446,70,18
628,445,69,18
628,445,69,18
627,443,69,17
626,442,69,17
626,441,68,17
627,440,67,17
626,438,67,17
625,437,66,17
626,436,66,17
626,435,65,17
625,434,65,17
625,433,65,17
625,432,64,17
625,432,64,16
625,432,64,16
625,431,63,16
625,431,63,16
625,432,62,16
626,433,62,16
626,434,61,15
626,435,61,15
626,435,61,15
627,436,61,15
628,437,61,15
628,438,61,15
628,439,60,15
628,439,60,15
627,440,60,15
626,440,60,15
626,440,60,15
626,440,60,15
626,439,60,15
626,439,59,15
627,437,59,15
626,436,60,15
626,435,60,15
625,433,59,15
625,431,59,15
626,430,59,15
626,428,59,15
625,427,59,15
625,426,59,15
625,426,59,15
626,425,59,15
625,425,58,15
625,425,58,15
625,425,58,15
625,425,58,15
626,425,58,15
627,425,58,15
626,426,58,15
626,426,58,15
625,426,58,15
624,425,58,15
625,425,58,15
626,426,57,15
625,426,57,15
625,426,57,15
625,426,57,15
625,427,57,14
624,427,57,15
624,428,58,15
624,427,58,15
625,427,58,15
624,427,58,15
624,427,58,15
623,427,58,15
624,426,58,15
623,426,58,15
623,427,58,15
623,429,59,15
623,430,59,15
623,431,59,15
623,433,59,15
623,435,59,15
624,437,58,15
624,438,58,16
624,440,58,16
625,442,58,16
625,443,59,16
626,444,59,16
626,444,59,15
626,443,60,16
625,442,61,16
626,441,60,16
626,439,60,16
627,438,60,16
629,436,61,16
630,435,61,16
632,435,61,16
633,435,61,16
634,435,61,16
635,436,61,16
637,436,61,16
637,436,61,16
640,436,61,16
640,435,61,16
641,435,61,16
641,435,61,16
642,435,62,16
641,435,62,16
643,435,62,16
643,435,62,16
644,435,63,16
645,435,63,16
645,436,64,16
645,436,64,16
646,436,64,16
645,436,64,16
645,436,65,16
646,437,65,16
645,437,65,16
646,439,65,16
646,439,65,16
648,441,64,16
647,442,64,16
647,444,64,16
646,446,64,16
646,447,65,16
648,449,65,16
646,449,65,16
646,450,66,16
646,450,67,16
646,451,66,16
645,452,67,16
645,452,67,16
645,453,67,16
645,454,67,16
644,456,67,16
643,456,68,16
642,457,69,16
642,458,69,16
642,459,69,16
641,459,70,16
640,460,70,17
639,460,71,17
637,460,71,17
637,460,71,17
636,459,72,17
635,459,72,17
636,460,71,17
635,460,72,17
634,461,72,17
634,462,72,17
634,464,72,18
632,464,72,18
632,466,72,17
631,466,73,17
630,467,73,17
629,466,73,17
629,465,72,18
629,464,73,18
628,462,73,18
627,460,73,18
626,459,74,18
625,457,74,18
623,456,75,18
623,455,74,18
623,455,75,18
623,456,75,18
624,457,75,18
623,457,74,18
624,459,74,18
622,459,74,18
623,460,73,18
623,461,73,18
622,461,73,18
622,460,74,18
621,460,73,18
621,459,73,18
619,459,73,18
619,458,73,18
619,458,73,18
619,458,73,18
619,458,73,18
619,458,73,18
620,458,73,18
619,459,73,18
620,459,73,18
619,460,73,18
620,460,73,18
619,460,73,18
619,460,73,18
618,460,73,18
619,459,73,18
619,457,74,18
619,457,73,18
619,456,73,19
620,456,73,18
620,457,73,18
619,457,73,18
619,459,73,18
618,460,72,18
618,462,73,18
618,463,73,18
617,465,73,18
616,467,74,19
616,468,74,19
615,468,73,19
615,469,74,18
613,469,74,19
612,469,74,18
612,469,75,19
611,468,75,19
610,468,76,19
610,468,77,19
609,468,77,19
608,468,76,19
608,469,77,19
608,469,77,19
608,471,76,19
607,472,76,19
606,474,75,19
605,475,75,19
605,476,75,19
604,477,77,19
603,478,77,19
602,478,78,19
600,478,78,19
598,478,78,19
598,477,79,19
596,477,79,19
595,477,80,19
595,475,80,20
593,475,80,20
593,474,81,20
593,475,81,20
593,476,81,20
592,477,81,20
590,478,81,20
589,479,81,20
588,480,81,20
587,480,81,19
587,481,81,19
585,482,81,19
585,482,82,20
583,482,82,20
583,481,83,20
581,481,83,20
579,481,83,20
579,480,84,20
577,481,84,20
578,482,84,20
576,484,83,20
575,485,84,20
575,486,84,20
574,488,85,20
574,488,86,20
572,489,86,20
572,489,87,20
572,489,88,21
571,489,89,21
571,488,89,21
571,487,90,21
571,486,90,22
572,486,91,22
571,486,92,22
571,486,92,22
572,487,93,22
573,490,92,22
575,494,93,23
575,501,94,23
575,508,95,23
577,512,94,23
577,519,94,23
579,522,94,23
581,526,94,23
581,528,94,23
582,529,94,23
583,528,95,23
583,525,96,24
586,520,97,24
587,514,97,24
587,511,98,24
589,506,98,24
590,504,99,24
591,502,99,24
591,501,100,24
594,500,101,24
595,501,101,24
596,501,102,24
598,502,102,24
601,503,102,24
601,503,102,24
601,504,102,24
602,504,103,24
603,504,104,24
603,505,104,24
604,507,104,25
605,509,104,25
605,511,105,25
605,513,105,25
604,515,106,25
602,516,106,25
602,518,105,25
600,519,106,25
599,520,106,25
599,521,106,25
598,521,106,25
599,522,107,25
598,521,107,25
599,521,106,25
598,521,107,25
598,521,106,25
598,522,106,25
599,522,106,25
598,521,106,25
599,521,106,25
598,521,106,25
598,521,106,25
599,521,106,25
599,521,106,25
600,521,106,25
599,520,106,25
601,520,106,25
601,521,106,25
602,521,106,25
604,520,106,25
605,520,106,25
607,520,106,25
608,521,106,25
609,521,106,24
612,521,105,24
610,521,105,24
612,521,105,24
614,520,105,24
615,520,105,24
616,519,104,24
618,519,104,24
619,518,104,24
621,517,104,24
622,516,103,24
623,515,103,24
625,514,102,24
626,513,102,24
627,512,102,24
629,510,102,24
630,508,102,24
631,507,102,24
631,506,102,24
632,504,102,24
633,502,100,24
635,501,100,24
635,500,99,24
637,499,99,24
638,497,99,24
638,496,98,24
638,495,98,24
640,494,98,24
639,493,97,23
639,493,97,23
639,493,96,23
640,492,96,23
639,491,95,23
639,491,95,23
639,490,95,23
639,490,95,22
640,490,95,22
638,489,94,22
638,488,94,22
637,487,94,22
637,487,94,22
637,486,94,22
638,485,94,22
636,484,93,22
636,484,94,22
635,483,94,22
634,484,93,22
634,483,93,22
634,484,92,22
634,484,92,22
634,485,92,22
632,485,91,22
631,486,91,22
630,486,91,22
628,486,91,22
629,486,91,21
629,485,90,21
629,484,89,21
628,484,89,21
626,483,89,21
625,482,90,21
624,480,89,22
622,478,89,22
622,477,90,22
621,476,90,22
621,477,89,21
622,478,88,21
620,478,88,21
618,479,89,21
619,479,88,21
618,479,88,21
618,479,88,21
617,479,87,21
616,478,87,21
616,477,87,21
616,477,87,21
616,476,87,21
615,475,87,21
615,475,87,21
615,475,87,21
616,475,86,21
616,474,86,21
617,474,86,21
618,475,86,21
617,475,86,20
617,475,86,20
618,475,85,20
618,475,85,20
618,475,85,20
619,475,85,20
618,475,84,20
619,475,84,20
619,474,84,20
620,475,85,20
618,474,84,21
619,473,84,21
620,472,84,21
620,471,85,21
621,470,84,21
621,470,84,21
622,469,84,21
623,469,84,21
625,469,84,21
626,470,84,21
626,471,83,21
627,471,83,20
627,471,83,20
627,471,83,20
627,470,83,20
628,469,83,21
628,468,84,21
629,467,84,21
629,465,84,21
628,465,84,21
629,464,84,21
631,465,84,21
631,465,84,21
631,466,85,21
632,468,85,21
632,470,85,21
633,473,85,21
634,475,84,21
635,477,84,21
635,480,84,22
636,483,84,22
636,485,83,22
637,487,84,21
638,489,84,21
638,489,84,21
638,490,84,21
639,490,85,21
639,490,85,21
639,489,85,21
639,488,86,21
639,487,86,21
639,486,86,21
639,484,87,22
641,484,87,22
642,484,86,21
642,484,87,21
643,483,87,21
642,483,87,21
643,484,87,21
644,485,87,22
644,485,87,21
645,486,87,21
646,488,87,22
647,490,87,22
647,492,87,22
647,494,87,21
648,496,87,21
648,496,87,21
648,496,87,21
648,495,88,21
648,494,88,21
648,492,88,22
649,490,89,22
649,489,89,22
649,488,90,22
650,487,90,22
650,487,90,22
650,487,90,22
651,488,91,22
651,489,91,22
652,490,92,22
652,491,91,22
653,493,91,22
654,495,92,23
656,496,92,22
657,498,92,22
658,498,92,22
661,499,92,22
663,499,92,22
666,500,92,22
669,500,92,22
673,501,92,22
676,500,93,23
681,501,93,23
683,501,93,23
687,501,93,23
692,501,94,23
696,501,94,23
700,500,94,23
706,499,94,23
711,499,93,24
716,498,93,24
722,497,93,24
727,497,92,24
734,497,91,24
740,497,91,24
746,497,90,24
752,497,90,24
758,497,89,24
765,498,88,24
771,499,88,24
778,500,87,24
785,502,87,24
791,503,87,24
798,503,86,24
804,503,86,24
811,504,86,24
818,504,85,24
824,503,85,24
831,503,84,24
838,502,84,24
845,501,84,24
851,500,83,24
857,500,83,24
864,500,82,24
871,500,82,24
878,501,81,24
884,501,80,24
891,502,80,24
898,504,80,24
904,506,79,24
910,507,79,24
916,509,79,24
922,512,79,24
929,514,80,24
935,516,80,24
941,517,80,24
949,520,80,24
956,522,80,24
962,524,80,24
970,526,81,25
977,528,81,25
985,531,81,25
993,534,81,25
1001,537,81,26
1008,540,81,27
1016,544,81,27
