478.0, 143.0, 80.0, 111.0
477.0, 141.0, 80.0, 110.0
476.0, 137.0, 81.0, 112.0
475.0, 135.0, 82.0, 111.0
473.0, 133.0, 83.0, 110.0
472.0, 132.0, 82.0, 110.0
470.0, 130.0, 82.0, 109.0
467.0, 128.0, 83.0, 111.0
466.0, 126.0, 83.0, 111.0
467.0, 125.0, 81.0, 111.0
466.0, 123.0, 81.0, 112.0
464.0, 122.0, 82.0, 113.0
464.0, 121.0, 82.0, 113.0
463.0, 121.0, 82.0, 113.0
462.0, 118.0, 83.0, 116.0
462.0, 118.0, 84.0, 115.0
460.0, 117.0, 86.0, 116.0
459.0, 118.0, 86.0, 115.0
456.0, 118.0, 86.0, 118.0
454.0, 118.0, 89.0, 119.0
452.0, 120.0, 90.0, 118.0
449.0, 120.0, 91.0, 119.0
445.0, 121.0, 94.0, 120.0
441.0, 121.0, 95.0, 121.0
435.0, 123.0, 99.0, 122.0
428.0, 124.0, 103.0, 125.0
420.0, 128.0, 104.0, 126.0
413.0, 132.0, 107.0, 124.0
404.0, 135.0, 108.0, 126.0
397.0, 140.0, 108.0, 126.0
386.0, 142.0, 112.0, 129.0
376.0, 147.0, 112.0, 130.0
366.0, 151.0, 108.0, 129.0
357.0, 155.0, 104.0, 130.0
350.0, 158.0, 102.0, 131.0
338.0, 161.0, 103.0, 130.0
324.0, 163.0, 104.0, 130.0
312.0, 165.0, 101.0, 130.0
299.0, 168.0, 103.0, 130.0
289.0, 167.0, 107.0, 132.0
276.0, 166.0, 110.0, 135.0
267.0, 167.0, 108.0, 134.0
260.0, 168.0, 110.0, 134.0
256.0, 168.0, 107.0, 135.0
252.0, 169.0, 104.0, 135.0
253.0, 169.0, 101.0, 138.0
253.0, 171.0, 103.0, 139.0
251.0, 172.0, 106.0, 139.0
253.0, 172.0, 109.0, 139.0
254.0, 171.0, 107.0, 140.0
258.0, 169.0, 108.0, 143.0
261.0, 165.0, 112.0, 147.0
263.0, 161.0, 114.0, 149.0
267.0, 158.0, 107.0, 150.0
269.0, 148.0, 112.0, 154.0
269.0, 137.0, 110.0, 158.0
271.0, 124.0, 113.0, 162.0
272.0, 113.0, 113.0, 163.0
275.0, 101.0, 114.0, 165.0
276.0, 89.0, 108.0, 163.0
274.0, 80.0, 108.0, 160.0
272.0, 71.0, 108.0, 160.0
271.0, 60.0, 109.0, 162.0
273.0, 52.0, 106.0, 158.0
272.0, 47.0, 103.0, 154.0
273.0, 42.0, 102.0, 151.0
271.0, 38.0, 102.0, 148.0
272.0, 33.0, 100.0, 146.0
275.0, 31.0, 96.0, 142.0
279.0, 29.0, 94.0, 138.0
280.0, 29.0, 92.0, 133.0
282.0, 28.0, 92.0, 131.0
283.0, 29.0, 94.0, 129.0
287.0, 29.0, 93.0, 128.0
291.0, 32.0, 93.0, 127.0
295.0, 33.0, 91.0, 126.0
301.0, 35.0, 92.0, 127.0
309.0, 37.0, 88.0, 126.0
314.0, 39.0, 89.0, 125.0
320.0, 41.0, 88.0, 124.0
325.0, 45.0, 89.0, 123.0
335.0, 43.0, 88.0, 124.0
340.0, 45.0, 91.0, 124.0
348.0, 44.0, 92.0, 126.0
358.0, 44.0, 93.0, 126.0
370.0, 43.0, 93.0, 127.0
380.0, 45.0, 98.0, 128.0
395.0, 47.0, 96.0, 125.0
406.0, 48.0, 94.0, 125.0
418.0, 50.0, 96.0, 127.0
430.0, 52.0, 96.0, 128.0
443.0, 54.0, 94.0, 127.0
456.0, 60.0, 92.0, 125.0
467.0, 64.0, 95.0, 124.0
480.0, 68.0, 98.0, 123.0
489.0, 74.0, 97.0, 122.0
499.0, 76.0, 98.0, 123.0
505.0, 81.0, 98.0, 123.0
511.0, 85.0, 95.0, 124.0
515.0, 89.0, 89.0, 126.0
515.0, 92.0, 90.0, 129.0
512.0, 98.0, 88.0, 128.0
508.0, 101.0, 91.0, 127.0
503.0, 106.0, 90.0, 126.0
496.0, 110.0, 91.0, 125.0
490.0, 113.0, 92.0, 126.0
480.0, 116.0, 94.0, 127.0
472.0, 120.0, 95.0, 126.0
465.0, 125.0, 96.0, 125.0
459.0, 127.0, 95.0, 125.0
450.0, 129.0, 97.0, 126.0
442.0, 131.0, 99.0, 128.0
432.0, 135.0, 101.0, 129.0
424.0, 138.0, 102.0, 129.0
417.0, 144.0, 102.0, 128.0
408.0, 147.0, 108.0, 130.0
402.0, 150.0, 108.0, 132.0
395.0, 154.0, 108.0, 132.0
388.0, 158.0, 110.0, 134.0
381.0, 162.0, 108.0, 135.0
375.0, 169.0, 107.0, 134.0
368.0, 172.0, 106.0, 136.0
360.0, 176.0, 107.0, 138.0
352.0, 179.0, 108.0, 140.0
343.0, 183.0, 107.0, 139.0
336.0, 185.0, 106.0, 138.0
328.0, 190.0, 109.0, 137.0
320.0, 191.0, 107.0, 136.0
315.0, 191.0, 110.0, 136.0
311.0, 191.0, 105.0, 136.0
310.0, 191.0, 105.0, 136.0
310.0, 192.0, 101.0, 134.0
310.0, 191.0, 105.0, 133.0
311.0, 191.0, 106.0, 132.0
316.0, 192.0, 107.0, 130.0
321.0, 195.0, 106.0, 129.0
331.0, 196.0, 104.0, 128.0
341.0, 199.0, 103.0, 128.0
349.0, 201.0, 103.0, 128.0
362.0, 205.0, 102.0, 129.0
372.0, 209.0, 104.0, 127.0
382.0, 213.0, 105.0, 127.0
393.0, 218.0, 106.0, 125.0
405.0, 223.0, 107.0, 123.0
418.0, 226.0, 108.0, 124.0
427.0, 229.0, 109.0, 124.0
437.0, 236.0, 105.0, 123.0
440.0, 241.0, 107.0, 121.0
445.0, 249.0, 106.0, 116.0
449.0, 254.0, 106.0, 113.0
452.0, 254.0, 106.0, 114.0
453.0, 251.0, 104.0, 115.0
450.0, 249.0, 106.0, 117.0
449.0, 243.0, 101.0, 121.0
451.0, 233.0, 98.0, 127.0
444.0, 225.0, 104.0, 130.0
437.0, 224.0, 110.0, 125.0
431.0, 224.0, 110.0, 124.0
430.0, 222.0, 109.0, 126.0
433.0, 217.0, 107.0, 130.0
433.0, 215.0, 109.0, 130.0
431.0, 211.0, 113.0, 133.0
432.0, 206.0, 113.0, 136.0
435.0, 202.0, 113.0, 138.0
437.0, 200.0, 111.0, 142.0
437.0, 200.0, 112.0, 145.0
431.0, 202.0, 116.0, 143.0
427.0, 199.0, 119.0, 147.0
422.0, 197.0, 121.0, 149.0
411.0, 194.0, 122.0, 151.0
402.0, 191.0, 122.0, 154.0
392.0, 190.0, 123.0, 156.0
380.0, 190.0, 120.0, 155.0
371.0, 190.0, 118.0, 155.0
357.0, 188.0, 115.0, 154.0
345.0, 188.0, 114.0, 152.0
329.0, 186.0, 116.0, 152.0
314.0, 181.0, 118.0, 153.0
295.0, 177.0, 120.0, 151.0
281.0, 175.0, 120.0, 147.0
269.0, 173.0, 121.0, 145.0
259.0, 172.0, 117.0, 143.0
248.0, 171.0, 116.0, 140.0
237.0, 171.0, 118.0, 140.0
226.0, 170.0, 117.0, 139.0
222.0, 168.0, 117.0, 141.0
215.0, 171.0, 117.0, 140.0
206.0, 173.0, 118.0, 139.0
199.0, 176.0, 117.0, 140.0
193.0, 180.0, 119.0, 141.0
187.0, 184.0, 118.0, 140.0
184.0, 188.0, 118.0, 141.0
175.0, 191.0, 118.0, 140.0
167.0, 194.0, 117.0, 139.0
164.0, 194.0, 117.0, 141.0
161.0, 196.0, 118.0, 141.0
157.0, 199.0, 116.0, 141.0
155.0, 200.0, 113.0, 140.0
154.0, 201.0, 110.0, 140.0
153.0, 201.0, 107.0, 140.0
151.0, 203.0, 106.0, 139.0
150.0, 203.0, 109.0, 138.0
148.0, 204.0, 109.0, 137.0
146.0, 203.0, 111.0, 136.0
143.0, 201.0, 112.0, 136.0
140.0, 196.0, 115.0, 139.0
136.0, 190.0, 116.0, 139.0
132.0, 184.0, 116.0, 139.0
126.0, 175.0, 118.0, 141.0
123.0, 166.0, 116.0, 144.0
120.0, 157.0, 114.0, 146.0
118.0, 145.0, 116.0, 147.0
116.0, 136.0, 114.0, 147.0
112.0, 122.0, 112.0, 149.0
111.0, 108.0, 110.0, 150.0
110.0, 95.0, 108.0, 152.0
111.0, 83.0, 107.0, 155.0
114.0, 73.0, 106.0, 152.0
115.0, 63.0, 106.0, 152.0
114.0, 53.0, 107.0, 152.0
119.0, 38.0, 112.0, 156.0
122.0, 29.0, 112.0, 153.0
130.0, 21.0, 111.0, 153.0
135.0, 12.0, 112.0, 154.0
142.0, 7.0, 117.0, 151.0
151.0, 6.0, 116.0, 146.0
158.0, 4.0, 119.0, 145.0
175.0, 1.0, 109.0, 142.0
178.0, 0.0, 110.0, 143.0
192.0, 1.0, 107.0, 137.0
197.0, 2.0, 111.0, 134.0
214.0, 2.0, 105.0, 130.0
220.0, 3.0, 104.0, 128.0
229.0, 3.0, 101.0, 125.0
241.0, 3.0, 94.0, 124.0
247.0, 4.0, 91.0, 123.0
254.0, 6.0, 87.0, 121.0
258.0, 10.0, 84.0, 118.0
263.0, 12.0, 79.0, 117.0
260.0, 17.0, 80.0, 115.0
262.0, 21.0, 79.0, 112.0
264.0, 21.0, 79.0, 113.0
260.0, 24.0, 81.0, 112.0
256.0, 25.0, 82.0, 114.0
257.0, 27.0, 79.0, 114.0
257.0, 28.0, 77.0, 115.0
256.0, 28.0, 78.0, 118.0
257.0, 29.0, 76.0, 120.0
253.0, 35.0, 77.0, 116.0
252.0, 40.0, 77.0, 115.0
255.0, 40.0, 77.0, 115.0
260.0, 44.0, 75.0, 112.0
263.0, 43.0, 76.0, 111.0
263.0, 46.0, 78.0, 110.0
265.0, 48.0, 79.0, 108.0
266.0, 50.0, 79.0, 110.0
269.0, 56.0, 80.0, 105.0
269.0, 55.0, 80.0, 106.0
273.0, 54.0, 81.0, 105.0
281.0, 51.0, 78.0, 104.0
286.0, 51.0, 74.0, 103.0
289.0, 51.0, 72.0, 104.0
291.0, 51.0, 71.0, 106.0
292.0, 51.0, 70.0, 106.0
291.0, 52.0, 70.0, 104.0
291.0, 53.0, 68.0, 104.0
291.0, 53.0, 69.0, 105.0
288.0, 55.0, 71.0, 105.0
287.0, 58.0, 72.0, 105.0
287.0, 60.0, 72.0, 106.0
286.0, 62.0, 73.0, 106.0
285.0, 66.0, 72.0, 104.0
283.0, 68.0, 73.0, 104.0
282.0, 70.0, 72.0, 102.0
281.0, 73.0, 71.0, 102.0
282.0, 75.0, 71.0, 103.0
284.0, 78.0, 70.0, 102.0
284.0, 83.0, 70.0, 101.0
283.0, 86.0, 71.0, 100.0
285.0, 88.0, 72.0, 99.0
286.0, 91.0, 72.0, 98.0
287.0, 93.0, 70.0, 99.0
285.0, 96.0, 71.0, 99.0
285.0, 99.0, 72.0, 99.0
287.0, 102.0, 70.0, 98.0
286.0, 104.0, 72.0, 100.0
287.0, 106.0, 70.0, 101.0
284.0, 110.0, 69.0, 100.0
283.0, 113.0, 70.0, 99.0
285.0, 116.0, 70.0, 98.0
284.0, 121.0, 71.0, 98.0
285.0, 124.0, 72.0, 98.0
284.0, 128.0, 76.0, 98.0
285.0, 130.0, 77.0, 98.0
291.0, 131.0, 77.0, 99.0
293.0, 135.0, 77.0, 97.0
294.0, 139.0, 77.0, 95.0
295.0, 142.0, 77.0, 93.0
298.0, 146.0, 75.0, 94.0
299.0, 148.0, 76.0, 96.0
298.0, 151.0, 74.0, 92.0
301.0, 155.0, 77.0, 91.0
304.0, 158.0, 81.0, 89.0
308.0, 162.0, 79.0, 86.0
310.0, 164.0, 78.0, 85.0
310.0, 165.0, 77.0, 84.0
310.0, 165.0, 79.0, 86.0
310.0, 166.0, 80.0, 86.0
310.0, 166.0, 77.0, 86.0
311.0, 163.0, 69.0, 95.0
307.0, 170.0, 75.0, 85.0
306.0, 169.0, 76.0, 86.0
307.0, 170.0, 78.0, 86.0
308.0, 170.0, 78.0, 84.0
310.0, 169.0, 79.0, 84.0
310.0, 166.0, 78.0, 84.0
310.0, 163.0, 78.0, 86.0
309.0, 162.0, 77.0, 86.0
309.0, 157.0, 78.0, 90.0
310.0, 151.0, 80.0, 94.0
308.0, 146.0, 78.0, 96.0
308.0, 140.0, 76.0, 98.0
305.0, 133.0, 78.0, 100.0
306.0, 127.0, 76.0, 100.0
308.0, 121.0, 75.0, 101.0
311.0, 115.0, 72.0, 102.0
313.0, 107.0, 70.0, 103.0
316.0, 100.0, 68.0, 103.0
317.0, 96.0, 69.0, 101.0
318.0, 89.0, 70.0, 101.0
320.0, 84.0, 71.0, 101.0
323.0, 78.0, 72.0, 103.0
325.0, 72.0, 73.0, 104.0
329.0, 67.0, 73.0, 104.0
331.0, 62.0, 73.0, 106.0
334.0, 56.0, 73.0, 106.0
336.0, 50.0, 75.0, 107.0
339.0, 45.0, 76.0, 107.0
344.0, 41.0, 76.0, 107.0
348.0, 37.0, 79.0, 108.0
354.0, 33.0, 80.0, 107.0
360.0, 28.0, 80.0, 108.0
369.0, 24.0, 80.0, 108.0
379.0, 17.0, 79.0, 111.0
387.0, 13.0, 82.0, 111.0
394.0, 12.0, 86.0, 111.0
405.0, 11.0, 87.0, 110.0
411.0, 13.0, 85.0, 110.0
423.0, 14.0, 85.0, 109.0
431.0, 19.0, 84.0, 109.0
441.0, 21.0, 83.0, 108.0
451.0, 25.0, 86.0, 110.0
458.0, 30.0, 86.0, 109.0
462.0, 38.0, 88.0, 110.0
470.0, 45.0, 87.0, 108.0
478.0, 54.0, 83.0, 108.0
484.0, 60.0, 78.0, 109.0
485.0, 69.0, 78.0, 107.0
483.0, 78.0, 78.0, 106.0
481.0, 83.0, 79.0, 107.0
479.0, 89.0, 79.0, 107.0
472.0, 89.0, 81.0, 108.0
468.0, 97.0, 82.0, 107.0
463.0, 107.0, 80.0, 105.0
461.0, 113.0, 78.0, 103.0
458.0, 118.0, 78.0, 102.0
458.0, 123.0, 74.0, 101.0
459.0, 127.0, 73.0, 100.0
458.0, 132.0, 73.0, 99.0
459.0, 137.0, 73.0, 101.0
458.0, 142.0, 74.0, 102.0
459.0, 148.0, 75.0, 102.0
459.0, 155.0, 74.0, 102.0
459.0, 159.0, 76.0, 102.0
455.0, 166.0, 77.0, 100.0
457.0, 171.0, 75.0, 99.0
461.0, 175.0, 72.0, 97.0
463.0, 177.0, 74.0, 97.0
466.0, 178.0, 75.0, 97.0
468.0, 180.0, 76.0, 96.0
472.0, 179.0, 74.0, 98.0
476.0, 181.0, 73.0, 96.0
478.0, 180.0, 72.0, 96.0
477.0, 179.0, 72.0, 97.0
476.0, 179.0, 72.0, 97.0
473.0, 177.0, 74.0, 97.0
471.0, 174.0, 74.0, 99.0
470.0, 171.0, 72.0, 99.0
471.0, 166.0, 70.0, 99.0
472.0, 161.0, 70.0, 100.0
472.0, 155.0, 71.0, 102.0
473.0, 148.0, 73.0, 102.0
476.0, 142.0, 73.0, 104.0
480.0, 135.0, 73.0, 104.0
482.0, 128.0, 74.0, 105.0
484.0, 123.0, 72.0, 105.0
485.0, 118.0, 72.0, 106.0
485.0, 114.0, 74.0, 105.0
485.0, 109.0, 75.0, 106.0
484.0, 107.0, 74.0, 105.0
485.0, 102.0, 75.0, 106.0
484.0, 97.0, 77.0, 106.0
486.0, 91.0, 77.0, 108.0
486.0, 82.0, 79.0, 111.0
483.0, 76.0, 80.0, 109.0
478.0, 74.0, 81.0, 106.0
471.0, 70.0, 83.0, 107.0
466.0, 65.0, 85.0, 109.0
462.0, 60.0, 85.0, 109.0
456.0, 55.0, 84.0, 108.0
449.0, 51.0, 85.0, 107.0
434.0, 46.0, 83.0, 108.0
424.0, 42.0, 86.0, 111.0
412.0, 41.0, 82.0, 112.0
404.0, 37.0, 87.0, 112.0
396.0, 33.0, 90.0, 111.0
389.0, 29.0, 89.0, 109.0
378.0, 26.0, 84.0, 110.0
368.0, 24.0, 81.0, 109.0
357.0, 22.0, 82.0, 108.0
348.0, 20.0, 82.0, 108.0
337.0, 16.0, 82.0, 108.0
328.0, 13.0, 81.0, 110.0
317.0, 10.0, 83.0, 112.0
312.0, 10.0, 80.0, 111.0
306.0, 9.0, 78.0, 112.0
298.0, 8.0, 80.0, 112.0
293.0, 9.0, 79.0, 110.0
286.0, 10.0, 79.0, 110.0
282.0, 8.0, 78.0, 110.0
274.0, 5.0, 80.0, 112.0
269.0, 4.0, 82.0, 115.0
264.0, 4.0, 79.0, 115.0
261.0, 7.0, 78.0, 112.0
258.0, 8.0, 75.0, 111.0
255.0, 9.0, 75.0, 111.0
254.0, 11.0, 75.0, 112.0
248.0, 15.0, 77.0, 111.0
251.0, 17.0, 77.0, 113.0
246.0, 21.0, 80.0, 113.0
243.0, 25.0, 80.0, 109.0
238.0, 30.0, 82.0, 108.0
231.0, 32.0, 82.0, 107.0
226.0, 36.0, 81.0, 107.0
222.0, 39.0, 79.0, 107.0
211.0, 43.0, 80.0, 106.0
214.0, 49.0, 76.0, 102.0
216.0, 51.0, 74.0, 102.0
217.0, 56.0, 70.0, 99.0
211.0, 60.0, 78.0, 102.0
203.0, 64.0, 80.0, 99.0
202.0, 67.0, 81.0, 102.0
205.0, 73.0, 79.0, 103.0
202.0, 79.0, 80.0, 104.0
201.0, 85.0, 81.0, 104.0
199.0, 91.0, 79.0, 101.0
200.0, 96.0, 79.0, 96.0
202.0, 97.0, 76.0, 105.0
201.0, 107.0, 75.0, 91.0
206.0, 102.0, 74.0, 103.0
204.0, 109.0, 74.0, 102.0
209.0, 115.0, 72.0, 100.0
207.0, 127.0, 71.0, 99.0
194.0, 141.0, 71.0, 98.0
196.0, 141.0, 71.0, 99.0
204.0, 143.0, 71.0, 98.0
196.0, 151.0, 70.0, 97.0
202.0, 144.0, 72.0, 99.0
197.0, 151.0, 72.0, 100.0
197.0, 147.0, 71.0, 99.0
201.0, 152.0, 72.0, 100.0
199.0, 142.0, 72.0, 99.0
180.0, 145.0, 72.0, 100.0
207.0, 120.0, 72.0, 100.0
210.0, 121.0, 72.0, 99.0
212.0, 115.0, 71.0, 98.0
199.0, 122.0, 70.0, 97.0
216.0, 112.0, 69.0, 96.0
215.0, 99.0, 69.0, 95.0
226.0, 109.0, 68.0, 85.0
231.0, 107.0, 69.0, 87.0
230.0, 106.0, 71.0, 88.0
230.0, 102.0, 73.0, 91.0
237.0, 96.0, 69.0, 94.0
241.0, 91.0, 67.0, 93.0
242.0, 84.0, 68.0, 94.0
245.0, 79.0, 67.0, 95.0
250.0, 77.0, 66.0, 94.0
252.0, 75.0, 64.0, 95.0
254.0, 69.0, 63.0, 96.0
256.0, 63.0, 62.0, 97.0
252.0, 58.0, 66.0, 99.0
252.0, 54.0, 68.0, 99.0
254.0, 50.0, 71.0, 99.0
254.0, 47.0, 76.0, 100.0
259.0, 46.0, 76.0, 100.0
269.0, 42.0, 74.0, 104.0
275.0, 42.0, 76.0, 104.0
281.0, 40.0, 78.0, 106.0
283.0, 36.0, 75.0, 109.0
259.0, 35.0, 76.0, 111.0
268.0, 35.0, 73.0, 110.0
272.0, 34.0, 75.0, 113.0
278.0, 34.0, 73.0, 113.0
303.0, 34.0, 73.0, 113.0
336.0, 33.0, 74.0, 113.0
340.0, 35.0, 76.0, 116.0
345.0, 38.0, 78.0, 117.0
351.0, 42.0, 80.0, 119.0
359.0, 48.0, 79.0, 118.0
348.0, 56.0, 75.0, 118.0
324.0, 61.0, 79.0, 122.0
328.0, 69.0, 77.0, 121.0
333.0, 77.0, 80.0, 123.0
338.0, 85.0, 82.0, 123.0
343.0, 89.0, 83.0, 123.0
348.0, 96.0, 86.0, 122.0
354.0, 105.0, 87.0, 124.0
359.0, 112.0, 89.0, 122.0
365.0, 117.0, 92.0, 122.0
372.0, 121.0, 95.0, 124.0
378.0, 124.0, 97.0, 124.0
384.0, 127.0, 100.0, 123.0
390.0, 129.0, 101.0, 122.0
396.0, 133.0, 100.0, 119.0
402.0, 135.0, 101.0, 120.0
410.0, 136.0, 100.0, 120.0
416.0, 135.0, 99.0, 120.0
422.0, 137.0, 98.0, 120.0
432.0, 137.0, 93.0, 120.0
439.0, 138.0, 95.0, 119.0
447.0, 139.0, 98.0, 118.0
456.0, 142.0, 99.0, 118.0
465.0, 144.0, 102.0, 120.0
477.0, 149.0, 99.0, 119.0
491.0, 153.0, 94.0, 117.0
502.0, 158.0, 93.0, 118.0
513.0, 162.0, 92.0, 119.0
521.0, 168.0, 92.0, 119.0
531.0, 170.0, 93.0, 123.0
540.0, 175.0, 92.0, 122.0
544.0, 179.0, 94.0, 123.0
552.0, 181.0, 84.0, 124.0
552.0, 186.0, 85.0, 124.0
559.0, 189.0, 80.0, 125.0
564.0, 191.0, 78.0, 127.0
568.0, 192.0, 78.0, 130.0
571.0, 195.0, 76.0, 129.0
573.0, 198.0, 75.0, 127.0
569.0, 198.0, 75.0, 127.0
560.0, 198.0, 81.0, 127.0
553.0, 200.0, 84.0, 126.0
542.0, 200.0, 90.0, 129.0
531.0, 196.0, 100.0, 132.0
513.0, 193.0, 112.0, 134.0
496.0, 191.0, 109.0, 134.0
480.0, 189.0, 109.0, 138.0
456.0, 185.0, 112.0, 136.0
437.0, 182.0, 113.0, 137.0
419.0, 177.0, 113.0, 139.0
405.0, 173.0, 113.0, 140.0
394.0, 173.0, 107.0, 138.0
384.0, 171.0, 110.0, 138.0
377.0, 171.0, 106.0, 137.0
370.0, 171.0, 105.0, 139.0
365.0, 173.0, 105.0, 138.0
378.0, 175.0, 100.0, 136.0
387.0, 175.0, 106.0, 140.0
405.0, 176.0, 98.0, 139.0
400.0, 177.0, 95.0, 138.0
397.0, 178.0, 92.0, 138.0
359.0, 176.0, 97.0, 139.0
329.0, 175.0, 98.0, 137.0
328.0, 178.0, 100.0, 138.0
329.0, 180.0, 97.0, 136.0
327.0, 182.0, 100.0, 135.0
320.0, 183.0, 106.0, 133.0
314.0, 183.0, 105.0, 135.0
303.0, 182.0, 102.0, 137.0
292.0, 184.0, 103.0, 135.0
279.0, 185.0, 102.0, 135.0
266.0, 184.0, 100.0, 135.0
258.0, 183.0, 98.0, 133.0
248.0, 180.0, 101.0, 135.0
240.0, 182.0, 104.0, 131.0
235.0, 183.0, 102.0, 128.0
228.0, 182.0, 103.0, 127.0
220.0, 181.0, 102.0, 128.0
214.0, 179.0, 102.0, 129.0
212.0, 177.0, 101.0, 129.0
211.0, 175.0, 99.0, 132.0
211.0, 175.0, 97.0, 130.0
210.0, 175.0, 103.0, 128.0
209.0, 173.0, 108.0, 132.0
211.0, 172.0, 112.0, 132.0
217.0, 175.0, 113.0, 128.0
227.0, 171.0, 110.0, 131.0
237.0, 169.0, 108.0, 133.0
246.0, 171.0, 107.0, 131.0
254.0, 172.0, 105.0, 131.0
253.0, 172.0, 110.0, 133.0
241.0, 173.0, 114.0, 135.0
246.0, 173.0, 115.0, 134.0
252.0, 170.0, 118.0, 135.0
254.0, 170.0, 116.0, 133.0
263.0, 168.0, 115.0, 133.0
264.0, 166.0, 110.0, 132.0
264.0, 163.0, 104.0, 132.0
258.0, 160.0, 102.0, 130.0
261.0, 157.0, 100.0, 130.0
255.0, 153.0, 102.0, 128.0
257.0, 149.0, 104.0, 129.0
257.0, 147.0, 105.0, 128.0
261.0, 143.0, 110.0, 129.0
262.0, 142.0, 107.0, 127.0
265.0, 139.0, 106.0, 127.0
265.0, 133.0, 108.0, 130.0
270.0, 129.0, 109.0, 132.0
274.0, 126.0, 108.0, 132.0
272.0, 126.0, 108.0, 130.0
289.0, 120.0, 104.0, 131.0
303.0, 115.0, 95.0, 127.0
302.0, 113.0, 94.0, 125.0
304.0, 110.0, 91.0, 126.0
304.0, 107.0, 91.0, 126.0
305.0, 107.0, 91.0, 122.0
303.0, 106.0, 92.0, 121.0
304.0, 104.0, 90.0, 119.0
305.0, 104.0, 91.0, 117.0
300.0, 106.0, 95.0, 115.0
303.0, 106.0, 92.0, 115.0
301.0, 105.0, 93.0, 114.0
304.0, 106.0, 91.0, 113.0
304.0, 108.0, 91.0, 111.0
306.0, 108.0, 89.0, 111.0
305.0, 108.0, 94.0, 112.0
308.0, 110.0, 95.0, 112.0
308.0, 113.0, 98.0, 110.0
314.0, 113.0, 99.0, 115.0
316.0, 117.0, 100.0, 113.0
320.0, 119.0, 100.0, 114.0
323.0, 122.0, 102.0, 115.0
331.0, 125.0, 97.0, 114.0
335.0, 130.0, 96.0, 113.0
340.0, 133.0, 93.0, 114.0
345.0, 135.0, 90.0, 116.0
348.0, 138.0, 91.0, 117.0
352.0, 142.0, 88.0, 118.0
354.0, 146.0, 87.0, 119.0
357.0, 149.0, 84.0, 122.0
358.0, 153.0, 83.0, 122.0
356.0, 158.0, 86.0, 124.0
352.0, 165.0, 89.0, 123.0
346.0, 171.0, 92.0, 123.0
338.0, 174.0, 95.0, 123.0
332.0, 180.0, 97.0, 123.0
325.0, 187.0, 98.0, 122.0
318.0, 194.0, 98.0, 120.0
311.0, 200.0, 98.0, 117.0
305.0, 204.0, 97.0, 116.0
298.0, 210.0, 96.0, 113.0
296.0, 215.0, 94.0, 110.0
297.0, 216.0, 89.0, 110.0
298.0, 220.0, 84.0, 108.0
299.0, 223.0, 82.0, 107.0
299.0, 226.0, 81.0, 105.0
299.0, 229.0, 85.0, 102.0
301.0, 231.0, 85.0, 102.0
305.0, 231.0, 84.0, 102.0
309.0, 234.0, 83.0, 101.0
311.0, 236.0, 80.0, 99.0
312.0, 236.0, 81.0, 99.0
311.0, 236.0, 81.0, 100.0
312.0, 236.0, 79.0, 100.0
311.0, 237.0, 80.0, 99.0
312.0, 236.0, 81.0, 99.0
310.0, 236.0, 80.0, 100.0
311.0, 235.0, 80.0, 101.0
310.0, 236.0, 81.0, 100.0
311.0, 236.0, 81.0, 100.0
311.0, 236.0, 81.0, 100.0
311.0, 236.0, 83.0, 100.0
310.0, 236.0, 82.0, 101.0
310.0, 236.0, 82.0, 100.0
310.0, 237.0, 81.0, 99.0
311.0, 235.0, 81.0, 100.0
310.0, 236.0, 82.0, 99.0
311.0, 236.0, 81.0, 99.0
312.0, 236.0, 80.0, 99.0
310.0, 236.0, 82.0, 99.0
311.0, 236.0, 80.0, 100.0
311.0, 236.0, 80.0, 100.0
311.0, 236.0, 81.0, 99.0
311.0, 236.0, 79.0, 99.0
312.0, 236.0, 78.0, 99.0
311.0, 236.0, 80.0, 99.0
310.0, 236.0, 81.0, 99.0
311.0, 236.0, 80.0, 100.0
311.0, 236.0, 81.0, 100.0
311.0, 235.0, 81.0, 101.0
310.0, 236.0, 81.0, 100.0
310.0, 236.0, 80.0, 99.0
311.0, 236.0, 80.0, 100.0
310.0, 236.0, 80.0, 100.0
311.0, 236.0, 80.0, 99.0
311.0, 236.0, 81.0, 100.0
312.0, 236.0, 80.0, 100.0
310.0, 236.0, 80.0, 100.0
312.0, 236.0, 81.0, 100.0
312.0, 236.0, 79.0, 100.0
311.0, 236.0, 80.0, 99.0
311.0, 236.0, 80.0, 100.0
311.0, 237.0, 79.0, 99.0
310.0, 236.0, 81.0, 99.0
310.0, 236.0, 81.0, 99.0
311.0, 236.0, 80.0, 100.0
312.0, 236.0, 80.0, 99.0
311.0, 236.0, 81.0, 99.0
311.0, 236.0, 79.0, 99.0
311.0, 236.0, 79.0, 100.0
312.0, 236.0, 80.0, 99.0
311.0, 236.0, 79.0, 99.0
310.0, 237.0, 79.0, 100.0
312.0, 236.0, 80.0, 100.0
310.0, 237.0, 80.0, 100.0
311.0, 237.0, 80.0, 99.0
311.0, 236.0, 80.0, 99.0
311.0, 236.0, 79.0, 99.0
311.0, 235.0, 81.0, 100.0
311.0, 236.0, 81.0, 100.0
311.0, 236.0, 80.0, 100.0
311.0, 236.0, 80.0, 100.0
311.0, 236.0, 80.0, 100.0
311.0, 237.0, 80.0, 98.0
312.0, 236.0, 79.0, 99.0
311.0, 237.0, 79.0, 99.0
311.0, 236.0, 80.0, 99.0
311.0, 237.0, 80.0, 99.0
311.0, 236.0, 79.0, 99.0
311.0, 237.0, 80.0, 99.0
311.0, 237.0, 82.0, 98.0
311.0, 236.0, 80.0, 99.0
311.0, 236.0, 80.0, 99.0
312.0, 236.0, 80.0, 100.0
310.0, 236.0, 80.0, 100.0
311.0, 236.0, 80.0, 99.0
312.0, 236.0, 79.0, 99.0
311.0, 236.0, 80.0, 99.0
311.0, 236.0, 79.0, 99.0
311.0, 237.0, 79.0, 98.0
312.0, 236.0, 80.0, 99.0
311.0, 236.0, 80.0, 99.0
311.0, 236.0, 81.0, 99.0
312.0, 236.0, 79.0, 99.0
311.0, 237.0, 80.0, 99.0
311.0, 236.0, 80.0, 99.0
311.0, 236.0, 80.0, 99.0
311.0, 236.0, 80.0, 99.0
312.0, 236.0, 80.0, 99.0
311.0, 236.0, 79.0, 99.0
312.0, 236.0, 79.0, 99.0
310.0, 236.0, 80.0, 99.0
310.0, 237.0, 80.0, 99.0
312.0, 236.0, 80.0, 98.0
311.0, 237.0, 80.0, 99.0
311.0, 236.0, 80.0, 100.0
311.0, 236.0, 80.0, 100.0
311.0, 236.0, 81.0, 99.0
311.0, 236.0, 80.0, 99.0
311.0, 236.0, 80.0, 100.0
310.0, 236.0, 80.0, 100.0
310.0, 237.0, 80.0, 99.0
311.0, 236.0, 80.0, 100.0
310.0, 236.0, 80.0, 101.0
310.0, 236.0, 81.0, 100.0
310.0, 235.0, 83.0, 101.0
310.0, 235.0, 83.0, 100.0
310.0, 236.0, 80.0, 99.0
310.0, 236.0, 81.0, 100.0
310.0, 237.0, 80.0, 99.0
311.0, 236.0, 81.0, 100.0
310.0, 236.0, 80.0, 100.0
311.0, 236.0, 80.0, 100.0
312.0, 236.0, 82.0, 99.0
311.0, 236.0, 80.0, 100.0
311.0, 236.0, 79.0, 100.0
311.0, 236.0, 81.0, 100.0
311.0, 236.0, 79.0, 99.0
311.0, 236.0, 78.0, 100.0
311.0, 236.0, 79.0, 99.0
311.0, 236.0, 79.0, 100.0
312.0, 236.0, 80.0, 100.0
310.0, 236.0, 79.0, 100.0
311.0, 236.0, 80.0, 100.0
311.0, 236.0, 80.0, 100.0
310.0, 236.0, 81.0, 100.0
310.0, 236.0, 80.0, 99.0
311.0, 236.0, 81.0, 100.0
311.0, 236.0, 80.0, 99.0
311.0, 235.0, 81.0, 100.0
311.0, 236.0, 81.0, 99.0
310.0, 237.0, 81.0, 99.0
311.0, 236.0, 81.0, 99.0
310.0, 236.0, 79.0, 100.0
310.0, 233.0, 79.0, 102.0
308.0, 231.0, 82.0, 101.0
306.0, 228.0, 83.0, 102.0
305.0, 224.0, 81.0, 104.0
305.0, 220.0, 81.0, 106.0
305.0, 216.0, 82.0, 108.0
306.0, 212.0, 80.0, 110.0
306.0, 208.0, 83.0, 109.0
308.0, 203.0, 84.0, 110.0
310.0, 198.0, 84.0, 110.0
313.0, 191.0, 87.0, 113.0
318.0, 187.0, 86.0, 111.0
324.0, 182.0, 88.0, 110.0
329.0, 175.0, 87.0, 112.0
335.0, 170.0, 90.0, 112.0
340.0, 163.0, 91.0, 115.0
345.0, 158.0, 91.0, 116.0
355.0, 152.0, 90.0, 117.0
361.0, 147.0, 91.0, 118.0
369.0, 139.0, 93.0, 120.0
376.0, 136.0, 98.0, 119.0
383.0, 133.0, 98.0, 118.0
391.0, 131.0, 99.0, 118.0
399.0, 128.0, 99.0, 117.0
405.0, 128.0, 99.0, 116.0
414.0, 128.0, 98.0, 114.0
419.0, 127.0, 101.0, 116.0
426.0, 127.0, 100.0, 116.0
435.0, 130.0, 97.0, 114.0
441.0, 132.0, 94.0, 115.0
446.0, 133.0, 93.0, 114.0
449.0, 136.0, 94.0, 113.0
454.0, 138.0, 92.0, 112.0
460.0, 141.0, 90.0, 110.0
464.0, 144.0, 89.0, 108.0
471.0, 147.0, 84.0, 108.0
474.0, 152.0, 84.0, 106.0
477.0, 156.0, 83.0, 105.0
482.0, 159.0, 81.0, 105.0
485.0, 164.0, 79.0, 103.0
484.0, 169.0, 82.0, 102.0
487.0, 173.0, 81.0, 100.0
492.0, 177.0, 78.0, 98.0
492.0, 180.0, 78.0, 96.0
494.0, 183.0, 79.0, 94.0
498.0, 185.0, 76.0, 93.0
497.0, 186.0, 75.0, 94.0
498.0, 188.0, 73.0, 95.0
495.0, 192.0, 74.0, 94.0
494.0, 194.0, 73.0, 92.0
492.0, 195.0, 73.0, 93.0
488.0, 196.0, 75.0, 92.0
486.0, 196.0, 75.0, 93.0
483.0, 196.0, 75.0, 91.0
480.0, 194.0, 76.0, 91.0
480.0, 193.0, 74.0, 91.0
474.0, 193.0, 77.0, 91.0
477.0, 191.0, 72.0, 90.0
476.0, 190.0, 72.0, 89.0
475.0, 190.0, 72.0, 89.0
472.0, 190.0, 73.0, 88.0
474.0, 188.0, 71.0, 89.0
476.0, 187.0, 70.0, 88.0
475.0, 184.0, 71.0, 90.0
478.0, 181.0, 70.0, 90.0
478.0, 181.0, 71.0, 88.0
481.0, 179.0, 70.0, 88.0
483.0, 177.0, 70.0, 88.0
484.0, 176.0, 69.0, 89.0
484.0, 175.0, 71.0, 89.0
484.0, 174.0, 72.0, 89.0
485.0, 171.0, 72.0, 90.0
484.0, 170.0, 73.0, 91.0
478.0, 168.0, 76.0, 94.0
476.0, 168.0, 75.0, 93.0
468.0, 165.0, 77.0, 97.0
465.0, 164.0, 83.0, 96.0
463.0, 161.0, 82.0, 98.0
460.0, 159.0, 81.0, 99.0
459.0, 157.0, 81.0, 99.0
460.0, 154.0, 79.0, 102.0
459.0, 153.0, 80.0, 102.0
460.0, 152.0, 79.0, 104.0
460.0, 152.0, 80.0, 104.0
460.0, 152.0, 81.0, 105.0
460.0, 152.0, 84.0, 106.0
462.0, 152.0, 87.0, 107.0
465.0, 151.0, 86.0, 108.0
467.0, 150.0, 87.0, 109.0
468.0, 149.0, 89.0, 109.0
469.0, 148.0, 91.0, 111.0
470.0, 147.0, 92.0, 112.0
474.0, 146.0, 91.0, 112.0
474.0, 144.0, 90.0, 116.0
482.0, 144.0, 90.0, 114.0
485.0, 144.0, 86.0, 114.0
479.0, 146.0, 88.0, 113.0
472.0, 146.0, 90.0, 115.0
465.0, 147.0, 92.0, 114.0
459.0, 147.0, 92.0, 114.0
450.0, 147.0, 94.0, 115.0
443.0, 149.0, 94.0, 114.0
438.0, 148.0, 94.0, 116.0
433.0, 153.0, 93.0, 112.0
432.0, 153.0, 90.0, 111.0
432.0, 152.0, 87.0, 110.0
428.0, 153.0, 88.0, 105.0
403.0, 153.0, 97.0, 110.0
377.0, 148.0, 93.0, 116.0
377.0, 149.0, 88.0, 115.0
378.0, 150.0, 89.0, 116.0
377.0, 152.0, 93.0, 115.0
378.0, 151.0, 91.0, 117.0
375.0, 152.0, 90.0, 117.0
374.0, 153.0, 91.0, 120.0
375.0, 154.0, 101.0, 122.0
393.0, 157.0, 94.0, 119.0
431.0, 159.0, 87.0, 118.0
432.0, 161.0, 87.0, 119.0
433.0, 163.0, 87.0, 120.0
430.0, 165.0, 89.0, 122.0
424.0, 169.0, 92.0, 121.0
413.0, 174.0, 98.0, 122.0
400.0, 176.0, 103.0, 124.0
387.0, 177.0, 104.0, 126.0
374.0, 178.0, 102.0, 127.0
359.0, 177.0, 99.0, 133.0
346.0, 178.0, 104.0, 129.0
331.0, 180.0, 101.0, 129.0
321.0, 182.0, 102.0, 128.0
311.0, 183.0, 102.0, 127.0
303.0, 182.0, 98.0, 126.0
296.0, 183.0, 101.0, 126.0
287.0, 181.0, 102.0, 126.0
281.0, 180.0, 102.0, 127.0
274.0, 179.0, 103.0, 127.0
267.0, 177.0, 104.0, 127.0
263.0, 174.0, 106.0, 130.0
257.0, 171.0, 107.0, 130.0
259.0, 168.0, 98.0, 133.0
259.0, 165.0, 99.0, 132.0
257.0, 162.0, 106.0, 132.0
261.0, 159.0, 108.0, 133.0
266.0, 155.0, 109.0, 134.0
274.0, 147.0, 111.0, 137.0
281.0, 138.0, 112.0, 140.0
291.0, 131.0, 108.0, 140.0
298.0, 121.0, 108.0, 143.0
304.0, 112.0, 107.0, 144.0
311.0, 103.0, 105.0, 146.0
316.0, 97.0, 102.0, 145.0
317.0, 89.0, 100.0, 144.0
316.0, 82.0, 101.0, 144.0
314.0, 76.0, 102.0, 144.0
311.0, 72.0, 104.0, 144.0
309.0, 67.0, 101.0, 142.0
307.0, 63.0, 101.0, 140.0
304.0, 57.0, 100.0, 138.0
300.0, 52.0, 99.0, 135.0
294.0, 48.0, 99.0, 134.0
290.0, 45.0, 98.0, 132.0
285.0, 43.0, 98.0, 129.0
278.0, 42.0, 99.0, 130.0
275.0, 42.0, 97.0, 128.0
273.0, 44.0, 94.0, 126.0
273.0, 46.0, 89.0, 124.0
274.0, 47.0, 85.0, 124.0
275.0, 50.0, 84.0, 121.0
275.0, 51.0, 85.0, 120.0
274.0, 54.0, 88.0, 119.0
275.0, 55.0, 91.0, 121.0
280.0, 57.0, 90.0, 125.0
284.0, 60.0, 92.0, 127.0
292.0, 66.0, 92.0, 127.0
298.0, 74.0, 92.0, 128.0
306.0, 80.0, 95.0, 129.0
310.0, 88.0, 99.0, 129.0
316.0, 95.0, 102.0, 130.0
321.0, 103.0, 103.0, 129.0
330.0, 111.0, 103.0, 129.0
339.0, 120.0, 100.0, 131.0
343.0, 128.0, 102.0, 134.0
349.0, 135.0, 104.0, 133.0
355.0, 142.0, 100.0, 135.0
359.0, 149.0, 96.0, 138.0
359.0, 155.0, 98.0, 140.0
351.0, 162.0, 101.0, 138.0
345.0, 168.0, 102.0, 137.0
339.0, 171.0, 100.0, 135.0
332.0, 174.0, 102.0, 132.0
326.0, 177.0, 103.0, 130.0
318.0, 176.0, 102.0, 129.0
311.0, 173.0, 102.0, 128.0
306.0, 170.0, 101.0, 124.0
297.0, 168.0, 98.0, 123.0
290.0, 165.0, 98.0, 120.0
287.0, 162.0, 88.0, 119.0
289.0, 159.0, 90.0, 118.0
293.0, 158.0, 88.0, 115.0
296.0, 160.0, 84.0, 113.0
299.0, 157.0, 85.0, 115.0
301.0, 154.0, 90.0, 117.0
302.0, 154.0, 87.0, 115.0
307.0, 151.0, 88.0, 115.0
306.0, 149.0, 87.0, 115.0
309.0, 146.0, 86.0, 115.0
313.0, 144.0, 85.0, 112.0
316.0, 143.0, 87.0, 110.0
315.0, 142.0, 87.0, 109.0
313.0, 140.0, 90.0, 110.0
310.0, 138.0, 92.0, 111.0
301.0, 137.0, 94.0, 113.0
297.0, 135.0, 94.0, 112.0
292.0, 135.0, 92.0, 112.0
289.0, 135.0, 91.0, 112.0
287.0, 135.0, 89.0, 112.0
290.0, 135.0, 83.0, 110.0
289.0, 132.0, 80.0, 112.0
288.0, 131.0, 79.0, 112.0
289.0, 129.0, 84.0, 111.0
292.0, 127.0, 86.0, 114.0
296.0, 126.0, 86.0, 114.0
297.0, 126.0, 84.0, 111.0
299.0, 127.0, 81.0, 109.0
296.0, 127.0, 84.0, 108.0
297.0, 127.0, 84.0, 108.0
296.0, 127.0, 84.0, 106.0
295.0, 129.0, 82.0, 106.0
296.0, 127.0, 83.0, 106.0
295.0, 125.0, 83.0, 108.0
297.0, 123.0, 83.0, 111.0
301.0, 122.0, 84.0, 111.0
303.0, 122.0, 81.0, 110.0
303.0, 121.0, 83.0, 111.0
303.0, 122.0, 84.0, 111.0
303.0, 121.0, 83.0, 110.0
303.0, 121.0, 83.0, 111.0
304.0, 121.0, 83.0, 111.0
304.0, 120.0, 85.0, 109.0
307.0, 119.0, 84.0, 109.0
306.0, 118.0, 83.0, 109.0
307.0, 119.0, 85.0, 108.0
305.0, 121.0, 83.0, 107.0
308.0, 120.0, 85.0, 108.0
308.0, 121.0, 84.0, 108.0
307.0, 122.0, 84.0, 108.0
308.0, 122.0, 83.0, 106.0
308.0, 122.0, 84.0, 106.0
309.0, 124.0, 84.0, 104.0
310.0, 124.0, 82.0, 104.0
311.0, 124.0, 82.0, 105.0
311.0, 124.0, 81.0, 103.0
312.0, 124.0, 82.0, 103.0
313.0, 123.0, 80.0, 104.0
313.0, 122.0, 81.0, 105.0
313.0, 122.0, 80.0, 105.0
313.0, 121.0, 82.0, 105.0
315.0, 120.0, 80.0, 105.0
315.0, 119.0, 80.0, 105.0
314.0, 118.0, 82.0, 106.0
313.0, 118.0, 82.0, 107.0
314.0, 118.0, 81.0, 107.0
311.0, 117.0, 83.0, 107.0
310.0, 118.0, 84.0, 106.0
308.0, 117.0, 86.0, 107.0
307.0, 117.0, 85.0, 107.0
305.0, 116.0, 85.0, 107.0
304.0, 116.0, 84.0, 106.0
304.0, 115.0, 83.0, 108.0
302.0, 114.0, 82.0, 110.0
300.0, 115.0, 82.0, 110.0
299.0, 115.0, 82.0, 109.0
298.0, 114.0, 80.0, 110.0
298.0, 112.0, 81.0, 112.0
298.0, 111.0, 80.0, 112.0
297.0, 111.0, 81.0, 111.0
296.0, 111.0, 80.0, 111.0
296.0, 111.0, 80.0, 112.0
298.0, 110.0, 80.0, 113.0
300.0, 110.0, 80.0, 111.0
301.0, 109.0, 81.0, 112.0
302.0, 110.0, 83.0, 111.0
303.0, 109.0, 83.0, 111.0
305.0, 107.0, 83.0, 111.0
306.0, 107.0, 84.0, 111.0
308.0, 105.0, 83.0, 112.0
310.0, 105.0, 83.0, 112.0
311.0, 104.0, 84.0, 113.0
313.0, 103.0, 85.0, 116.0
315.0, 102.0, 87.0, 116.0
318.0, 103.0, 88.0, 116.0
323.0, 102.0, 88.0, 117.0
325.0, 104.0, 89.0, 117.0
331.0, 104.0, 89.0, 118.0
335.0, 106.0, 90.0, 118.0
339.0, 108.0, 90.0, 117.0
344.0, 109.0, 90.0, 117.0
348.0, 109.0, 91.0, 119.0
354.0, 109.0, 91.0, 120.0
358.0, 110.0, 91.0, 120.0
362.0, 110.0, 93.0, 121.0
366.0, 111.0, 94.0, 122.0
369.0, 111.0, 96.0, 121.0
372.0, 111.0, 95.0, 121.0
376.0, 111.0, 98.0, 123.0
379.0, 113.0, 98.0, 125.0
382.0, 114.0, 98.0, 124.0
383.0, 113.0, 99.0, 125.0
385.0, 114.0, 98.0, 126.0
388.0, 114.0, 96.0, 123.0
387.0, 114.0, 98.0, 127.0
388.0, 117.0, 100.0, 122.0
387.0, 115.0, 98.0, 123.0
385.0, 115.0, 97.0, 122.0
385.0, 116.0, 99.0, 122.0
384.0, 114.0, 94.0, 126.0
384.0, 115.0, 95.0, 125.0
384.0, 115.0, 93.0, 125.0
384.0, 116.0, 93.0, 126.0
384.0, 116.0, 93.0, 125.0
386.0, 117.0, 94.0, 123.0
388.0, 119.0, 94.0, 123.0
390.0, 119.0, 94.0, 123.0
393.0, 121.0, 94.0, 120.0
396.0, 123.0, 95.0, 119.0
399.0, 124.0, 93.0, 119.0
402.0, 125.0, 94.0, 120.0
405.0, 128.0, 96.0, 120.0
409.0, 129.0, 99.0, 119.0
409.0, 130.0, 98.0, 126.0
413.0, 134.0, 99.0, 124.0
415.0, 136.0, 97.0, 125.0
417.0, 137.0, 97.0, 127.0
419.0, 138.0, 97.0, 131.0
420.0, 141.0, 97.0, 129.0
421.0, 143.0, 98.0, 130.0
418.0, 144.0, 102.0, 132.0
415.0, 147.0, 104.0, 133.0
411.0, 148.0, 106.0, 136.0
409.0, 149.0, 108.0, 130.0
402.0, 149.0, 109.0, 134.0
396.0, 148.0, 111.0, 135.0
392.0, 146.0, 112.0, 136.0
386.0, 147.0, 112.0, 135.0
382.0, 144.0, 113.0, 136.0
377.0, 141.0, 112.0, 137.0
372.0, 143.0, 111.0, 133.0
365.0, 139.0, 111.0, 133.0
364.0, 136.0, 104.0, 131.0
359.0, 133.0, 102.0, 132.0
358.0, 132.0, 96.0, 131.0
357.0, 130.0, 90.0, 129.0
354.0, 129.0, 88.0, 126.0
354.0, 128.0, 86.0, 123.0
356.0, 128.0, 83.0, 122.0
357.0, 128.0, 81.0, 119.0
356.0, 127.0, 81.0, 119.0
