143.0, 125.0, 30.0, 54.0
143.0, 125.0, 30.0, 53.0
143.0, 125.0, 30.0, 53.0
143.0, 126.0, 30.0, 53.0
143.0, 126.0, 30.0, 53.0
143.0, 126.0, 30.0, 54.0
143.0, 127.0, 30.0, 54.0
144.0, 127.0, 30.0, 53.0
144.0, 127.0, 29.0, 53.0
143.0, 127.0, 29.0, 53.0
143.0, 127.0, 30.0, 53.0
143.0, 127.0, 30.0, 53.0
143.0, 127.0, 30.0, 53.0
143.0, 125.0, 30.0, 56.0
143.0, 124.0, 30.0, 57.0
143.0, 123.0, 30.0, 57.0
142.0, 122.0, 31.0, 57.0
142.0, 121.0, 31.0, 59.0
141.0, 121.0, 32.0, 62.0
140.0, 121.0, 33.0, 64.0
141.0, 122.0, 33.0, 65.0
140.0, 122.0, 34.0, 65.0
140.0, 122.0, 34.0, 66.0
141.0, 122.0, 33.0, 66.0
140.0, 121.0, 35.0, 67.0
140.0, 121.0, 35.0, 71.0
139.0, 122.0, 35.0, 70.0
138.0, 121.0, 36.0, 71.0
139.0, 121.0, 36.0, 71.0
139.0, 121.0, 37.0, 73.0
139.0, 120.0, 37.0, 78.0
140.0, 123.0, 37.0, 74.0
140.0, 123.0, 36.0, 75.0
140.0, 123.0, 37.0, 76.0
140.0, 123.0, 37.0, 76.0
139.0, 122.0, 37.0, 76.0
138.0, 124.0, 38.0, 76.0
137.0, 123.0, 40.0, 75.0
135.0, 125.0, 40.0, 74.0
133.0, 127.0, 40.0, 72.0
132.0, 130.0, 39.0, 68.0
133.0, 129.0, 35.0, 69.0
132.0, 129.0, 37.0, 67.0
129.0, 129.0, 38.0, 64.0
127.0, 125.0, 37.0, 67.0
130.0, 125.0, 33.0, 62.0
130.0, 125.0, 36.0, 59.0
131.0, 128.0, 39.0, 57.0
135.0, 127.0, 39.0, 57.0
137.0, 127.0, 40.0, 57.0
140.0, 128.0, 41.0, 58.0
143.0, 127.0, 41.0, 59.0
149.0, 127.0, 38.0, 60.0
149.0, 127.0, 36.0, 62.0
147.0, 131.0, 39.0, 58.0
146.0, 131.0, 36.0, 59.0
145.0, 130.0, 34.0, 58.0
141.0, 130.0, 36.0, 62.0
139.0, 131.0, 36.0, 66.0
137.0, 134.0, 36.0, 67.0
138.0, 137.0, 33.0, 64.0
138.0, 137.0, 35.0, 63.0
138.0, 136.0, 37.0, 66.0
140.0, 134.0, 35.0, 69.0
140.0, 129.0, 36.0, 77.0
140.0, 127.0, 37.0, 77.0
138.0, 128.0, 39.0, 70.0
135.0, 127.0, 42.0, 69.0
134.0, 120.0, 39.0, 83.0
132.0, 115.0, 41.0, 87.0
134.0, 108.0, 42.0, 84.0
137.0, 99.0, 41.0, 86.0
137.0, 87.0, 43.0, 92.0
140.0, 81.0, 42.0, 92.0
137.0, 78.0, 45.0, 85.0
132.0, 79.0, 49.0, 77.0
126.0, 79.0, 50.0, 75.0
121.0, 87.0, 41.0, 73.0
111.0, 94.0, 42.0, 75.0
97.0, 107.0, 42.0, 76.0
90.0, 117.0, 45.0, 96.0
92.0, 131.0, 45.0, 85.0
103.0, 144.0, 43.0, 78.0
113.0, 156.0, 43.0, 78.0
125.0, 166.0, 43.0, 78.0
139.0, 170.0, 43.0, 78.0
143.0, 175.0, 52.0, 68.0
153.0, 178.0, 51.0, 67.0
158.0, 174.0, 47.0, 68.0
162.0, 165.0, 45.0, 74.0
161.0, 156.0, 45.0, 82.0
159.0, 148.0, 44.0, 80.0
156.0, 141.0, 44.0, 78.0
153.0, 131.0, 44.0, 77.0
144.0, 125.0, 46.0, 75.0
136.0, 121.0, 49.0, 71.0
128.0, 121.0, 47.0, 65.0
120.0, 121.0, 46.0, 61.0
114.0, 120.0, 43.0, 64.0
111.0, 121.0, 39.0, 71.0
113.0, 125.0, 34.0, 71.0
113.0, 131.0, 39.0, 64.0
115.0, 134.0, 43.0, 59.0
119.0, 134.0, 44.0, 58.0
126.0, 133.0, 44.0, 59.0
131.0, 132.0, 42.0, 60.0
136.0, 128.0, 42.0, 62.0
142.0, 127.0, 40.0, 60.0
145.0, 122.0, 40.0, 65.0
149.0, 119.0, 38.0, 65.0
153.0, 116.0, 33.0, 65.0
150.0, 118.0, 36.0, 62.0
147.0, 113.0, 38.0, 65.0
145.0, 114.0, 40.0, 59.0
139.0, 113.0, 41.0, 56.0
134.0, 112.0, 40.0, 59.0
132.0, 114.0, 37.0, 63.0
132.0, 116.0, 34.0, 69.0
132.0, 120.0, 33.0, 70.0
132.0, 124.0, 34.0, 66.0
134.0, 127.0, 31.0, 62.0
135.0, 126.0, 34.0, 66.0
136.0, 122.0, 34.0, 66.0
139.0, 123.0, 30.0, 61.0
140.0, 123.0, 30.0, 60.0
137.0, 121.0, 34.0, 62.0
136.0, 117.0, 32.0, 67.0
133.0, 115.0, 33.0, 66.0
133.0, 116.0, 33.0, 55.0
133.0, 116.0, 32.0, 56.0
133.0, 116.0, 32.0, 55.0
132.0, 116.0, 32.0, 56.0
127.0, 115.0, 38.0, 58.0
131.0, 113.0, 35.0, 57.0
129.0, 114.0, 34.0, 57.0
129.0, 112.0, 33.0, 57.0
130.0, 112.0, 31.0, 57.0
130.0, 113.0, 33.0, 57.0
129.0, 114.0, 33.0, 57.0
128.0, 111.0, 33.0, 60.0
128.0, 110.0, 33.0, 62.0
128.0, 108.0, 34.0, 63.0
129.0, 106.0, 33.0, 67.0
129.0, 109.0, 34.0, 63.0
129.0, 105.0, 33.0, 68.0
131.0, 106.0, 33.0, 71.0
127.0, 112.0, 34.0, 61.0
123.0, 101.0, 33.0, 66.0
125.0, 114.0, 35.0, 60.0
124.0, 113.0, 37.0, 60.0
123.0, 113.0, 34.0, 61.0
116.0, 109.0, 37.0, 60.0
125.0, 90.0, 35.0, 63.0
125.0, 83.0, 35.0, 63.0
120.0, 91.0, 35.0, 64.0
120.0, 96.0, 39.0, 62.0
121.0, 99.0, 36.0, 64.0
114.0, 107.0, 36.0, 63.0
112.0, 115.0, 39.0, 60.0
116.0, 114.0, 37.0, 56.0
116.0, 115.0, 36.0, 57.0
119.0, 113.0, 36.0, 56.0
118.0, 114.0, 38.0, 57.0
122.0, 112.0, 35.0, 64.0
121.0, 118.0, 35.0, 58.0
123.0, 115.0, 35.0, 66.0
122.0, 122.0, 37.0, 57.0
123.0, 121.0, 33.0, 66.0
124.0, 124.0, 34.0, 66.0
125.0, 124.0, 34.0, 68.0
123.0, 130.0, 34.0, 64.0
122.0, 131.0, 35.0, 64.0
120.0, 135.0, 37.0, 61.0
118.0, 136.0, 37.0, 60.0
117.0, 134.0, 35.0, 68.0
117.0, 138.0, 35.0, 65.0
116.0, 134.0, 35.0, 69.0
114.0, 146.0, 40.0, 59.0
118.0, 142.0, 41.0, 63.0
121.0, 143.0, 42.0, 57.0
126.0, 142.0, 42.0, 58.0
132.0, 139.0, 43.0, 59.0
138.0, 138.0, 38.0, 66.0
138.0, 141.0, 38.0, 62.0
137.0, 140.0, 38.0, 61.0
139.0, 141.0, 36.0, 61.0
140.0, 140.0, 38.0, 61.0
138.0, 140.0, 38.0, 61.0
141.0, 139.0, 38.0, 60.0
142.0, 140.0, 38.0, 59.0
141.0, 138.0, 40.0, 62.0
143.0, 140.0, 40.0, 59.0
143.0, 139.0, 41.0, 59.0
149.0, 137.0, 42.0, 57.0
154.0, 139.0, 42.0, 57.0
159.0, 139.0, 42.0, 59.0
167.0, 133.0, 43.0, 64.0
174.0, 137.0, 38.0, 69.0
172.0, 142.0, 43.0, 63.0
178.0, 142.0, 45.0, 63.0
184.0, 145.0, 43.0, 63.0
190.0, 149.0, 37.0, 65.0
190.0, 149.0, 37.0, 69.0
188.0, 151.0, 38.0, 69.0
190.0, 155.0, 36.0, 65.0
187.0, 154.0, 38.0, 66.0
188.0, 153.0, 39.0, 69.0
189.0, 147.0, 40.0, 78.0
189.0, 140.0, 41.0, 81.0
188.0, 136.0, 40.0, 71.0
181.0, 121.0, 41.0, 79.0
178.0, 111.0, 41.0, 80.0
176.0, 103.0, 42.0, 81.0
177.0, 96.0, 44.0, 84.0
176.0, 91.0, 43.0, 85.0
174.0, 84.0, 44.0, 86.0
170.0, 81.0, 49.0, 80.0
163.0, 81.0, 50.0, 77.0
156.0, 82.0, 54.0, 79.0
144.0, 82.0, 55.0, 79.0
135.0, 79.0, 57.0, 82.0
123.0, 79.0, 56.0, 83.0
105.0, 77.0, 57.0, 82.0
76.0, 77.0, 58.0, 83.0
64.0, 77.0, 58.0, 86.0
53.0, 76.0, 56.0, 84.0
39.0, 79.0, 55.0, 88.0
33.0, 80.0, 54.0, 93.0
33.0, 79.0, 53.0, 104.0
28.0, 82.0, 52.0, 107.0
31.0, 91.0, 52.0, 98.0
32.0, 95.0, 54.0, 97.0
36.0, 98.0, 54.0, 97.0
39.0, 107.0, 57.0, 88.0
44.0, 110.0, 57.0, 85.0
52.0, 108.0, 57.0, 84.0
57.0, 109.0, 54.0, 81.0
63.0, 108.0, 54.0, 78.0
68.0, 106.0, 53.0, 76.0
75.0, 109.0, 52.0, 76.0
77.0, 114.0, 49.0, 73.0
86.0, 111.0, 45.0, 82.0
88.0, 117.0, 47.0, 80.0
90.0, 126.0, 48.0, 75.0
94.0, 130.0, 53.0, 68.0
98.0, 129.0, 53.0, 67.0
105.0, 131.0, 47.0, 65.0
109.0, 128.0, 42.0, 67.0
108.0, 126.0, 44.0, 69.0
109.0, 126.0, 43.0, 67.0
115.0, 124.0, 39.0, 67.0
110.0, 124.0, 41.0, 66.0
111.0, 121.0, 41.0, 68.0
114.0, 119.0, 39.0, 67.0
108.0, 116.0, 41.0, 67.0
109.0, 112.0, 42.0, 68.0
105.0, 105.0, 44.0, 78.0
112.0, 107.0, 39.0, 66.0
110.0, 104.0, 40.0, 63.0
111.0, 104.0, 41.0, 60.0
114.0, 104.0, 40.0, 59.0
115.0, 104.0, 40.0, 60.0
116.0, 102.0, 39.0, 59.0
120.0, 101.0, 39.0, 58.0
120.0, 101.0, 38.0, 57.0
120.0, 100.0, 39.0, 57.0
123.0, 100.0, 38.0, 57.0
123.0, 101.0, 38.0, 57.0
125.0, 102.0, 36.0, 61.0
125.0, 104.0, 36.0, 57.0
124.0, 104.0, 38.0, 55.0
124.0, 103.0, 39.0, 57.0
125.0, 101.0, 39.0, 60.0
126.0, 101.0, 38.0, 60.0
123.0, 101.0, 41.0, 60.0
122.0, 100.0, 42.0, 59.0
118.0, 100.0, 44.0, 59.0
116.0, 101.0, 43.0, 57.0
112.0, 101.0, 41.0, 59.0
113.0, 99.0, 41.0, 61.0
114.0, 104.0, 38.0, 61.0
113.0, 104.0, 37.0, 64.0
113.0, 109.0, 36.0, 66.0
113.0, 113.0, 36.0, 66.0
114.0, 118.0, 36.0, 66.0
116.0, 122.0, 36.0, 67.0
116.0, 129.0, 37.0, 66.0
114.0, 132.0, 39.0, 68.0
118.0, 135.0, 39.0, 65.0
117.0, 138.0, 42.0, 61.0
119.0, 141.0, 41.0, 61.0
122.0, 141.0, 39.0, 61.0
121.0, 139.0, 39.0, 61.0
117.0, 137.0, 41.0, 62.0
115.0, 136.0, 45.0, 62.0
114.0, 137.0, 45.0, 61.0
112.0, 139.0, 41.0, 61.0
113.0, 139.0, 39.0, 63.0
113.0, 138.0, 38.0, 65.0
112.0, 140.0, 37.0, 67.0
112.0, 139.0, 38.0, 73.0
112.0, 144.0, 37.0, 68.0
112.0, 144.0, 37.0, 71.0
113.0, 147.0, 37.0, 68.0
114.0, 148.0, 39.0, 67.0
111.0, 150.0, 43.0, 63.0
115.0, 152.0, 38.0, 66.0
115.0, 152.0, 41.0, 62.0
115.0, 152.0, 38.0, 66.0
116.0, 150.0, 40.0, 65.0
114.0, 150.0, 42.0, 66.0
115.0, 151.0, 39.0, 66.0
112.0, 146.0, 45.0, 68.0
117.0, 145.0, 46.0, 66.0
121.0, 147.0, 43.0, 66.0
124.0, 148.0, 42.0, 66.0
126.0, 149.0, 42.0, 69.0
128.0, 152.0, 43.0, 68.0
131.0, 153.0, 43.0, 68.0
133.0, 154.0, 40.0, 73.0
136.0, 156.0, 38.0, 77.0
138.0, 163.0, 36.0, 71.0
136.0, 168.0, 38.0, 61.0
137.0, 166.0, 39.0, 65.0
140.0, 165.0, 37.0, 64.0
141.0, 165.0, 35.0, 63.0
140.0, 165.0, 36.0, 62.0
143.0, 163.0, 35.0, 64.0
142.0, 163.0, 35.0, 63.0
152.0, 129.0, 39.0, 71.0
155.0, 119.0, 35.0, 71.0
156.0, 125.0, 35.0, 66.0
156.0, 128.0, 34.0, 62.0
155.0, 128.0, 35.0, 65.0
156.0, 133.0, 34.0, 61.0
155.0, 133.0, 35.0, 60.0
151.0, 134.0, 39.0, 58.0
146.0, 135.0, 41.0, 58.0
142.0, 135.0, 39.0, 58.0
139.0, 132.0, 39.0, 59.0
137.0, 130.0, 37.0, 61.0
134.0, 124.0, 38.0, 61.0
134.0, 121.0, 35.0, 61.0
133.0, 119.0, 33.0, 59.0
131.0, 118.0, 33.0, 57.0
128.0, 116.0, 33.0, 56.0
129.0, 114.0, 33.0, 55.0
128.0, 113.0, 34.0, 55.0
126.0, 111.0, 35.0, 54.0
126.0, 109.0, 35.0, 53.0
126.0, 108.0, 35.0, 52.0
123.0, 109.0, 35.0, 52.0
124.0, 110.0, 34.0, 50.0
126.0, 108.0, 33.0, 49.0
124.0, 108.0, 33.0, 48.0
122.0, 109.0, 33.0, 49.0
124.0, 109.0, 33.0, 49.0
122.0, 112.0, 32.0, 49.0
123.0, 112.0, 32.0, 51.0
121.0, 112.0, 33.0, 53.0
121.0, 115.0, 33.0, 54.0
127.0, 116.0, 31.0, 55.0
126.0, 119.0, 31.0, 55.0
128.0, 123.0, 31.0, 54.0
128.0, 126.0, 31.0, 55.0
128.0, 129.0, 29.0, 55.0
129.0, 131.0, 30.0, 56.0
129.0, 136.0, 30.0, 52.0
124.0, 138.0, 33.0, 52.0
124.0, 139.0, 33.0, 50.0
123.0, 139.0, 33.0, 49.0
122.0, 138.0, 34.0, 51.0
122.0, 136.0, 31.0, 55.0
120.0, 136.0, 32.0, 54.0
121.0, 137.0, 31.0, 55.0
121.0, 136.0, 31.0, 59.0
122.0, 138.0, 32.0, 57.0
122.0, 141.0, 32.0, 58.0
124.0, 145.0, 32.0, 58.0
125.0, 145.0, 34.0, 65.0
126.0, 152.0, 34.0, 59.0
128.0, 154.0, 34.0, 60.0
128.0, 152.0, 34.0, 64.0
125.0, 151.0, 36.0, 60.0
121.0, 151.0, 39.0, 55.0
114.0, 152.0, 38.0, 54.0
110.0, 151.0, 39.0, 56.0
109.0, 151.0, 36.0, 60.0
106.0, 153.0, 36.0, 59.0
107.0, 155.0, 34.0, 58.0
104.0, 152.0, 35.0, 67.0
104.0, 155.0, 35.0, 67.0
104.0, 157.0, 35.0, 67.0
103.0, 164.0, 39.0, 56.0
107.0, 165.0, 40.0, 55.0
113.0, 165.0, 41.0, 55.0
123.0, 165.0, 41.0, 55.0
127.0, 164.0, 41.0, 55.0
132.0, 160.0, 39.0, 59.0
140.0, 149.0, 37.0, 69.0
143.0, 142.0, 36.0, 72.0
141.0, 137.0, 36.0, 71.0
141.0, 132.0, 36.0, 67.0
136.0, 130.0, 39.0, 64.0
131.0, 130.0, 41.0, 59.0
123.0, 129.0, 43.0, 58.0
118.0, 129.0, 42.0, 58.0
112.0, 130.0, 41.0, 61.0
105.0, 133.0, 43.0, 62.0
103.0, 137.0, 40.0, 60.0
105.0, 136.0, 36.0, 63.0
103.0, 134.0, 38.0, 68.0
103.0, 139.0, 39.0, 59.0
103.0, 138.0, 40.0, 59.0
106.0, 137.0, 41.0, 58.0
109.0, 134.0, 43.0, 58.0
118.0, 132.0, 44.0, 59.0
126.0, 127.0, 45.0, 62.0
135.0, 124.0, 45.0, 61.0
145.0, 120.0, 44.0, 62.0
150.0, 118.0, 43.0, 62.0
155.0, 110.0, 43.0, 67.0
160.0, 108.0, 41.0, 65.0
165.0, 103.0, 41.0, 66.0
170.0, 103.0, 42.0, 61.0
175.0, 101.0, 42.0, 60.0
180.0, 101.0, 42.0, 60.0
186.0, 100.0, 37.0, 61.0
187.0, 100.0, 37.0, 65.0
183.0, 103.0, 38.0, 68.0
181.0, 104.0, 38.0, 68.0
181.0, 105.0, 37.0, 72.0
181.0, 112.0, 35.0, 71.0
180.0, 114.0, 36.0, 72.0
176.0, 122.0, 37.0, 66.0
173.0, 124.0, 37.0, 62.0
170.0, 122.0, 36.0, 67.0
168.0, 120.0, 36.0, 64.0
165.0, 120.0, 37.0, 62.0
161.0, 119.0, 39.0, 59.0
156.0, 118.0, 39.0, 58.0
149.0, 116.0, 41.0, 60.0
139.0, 120.0, 42.0, 64.0
132.0, 121.0, 43.0, 69.0
128.0, 126.0, 40.0, 73.0
127.0, 130.0, 37.0, 71.0
126.0, 133.0, 40.0, 66.0
127.0, 134.0, 40.0, 66.0
131.0, 133.0, 39.0, 70.0
131.0, 139.0, 40.0, 64.0
132.0, 138.0, 41.0, 66.0
138.0, 139.0, 37.0, 64.0
137.0, 139.0, 37.0, 64.0
137.0, 137.0, 37.0, 68.0
136.0, 133.0, 39.0, 70.0
135.0, 127.0, 39.0, 73.0
132.0, 124.0, 39.0, 74.0
132.0, 121.0, 39.0, 73.0
132.0, 122.0, 37.0, 67.0
131.0, 120.0, 39.0, 74.0
130.0, 121.0, 41.0, 78.0
129.0, 125.0, 40.0, 80.0
130.0, 131.0, 41.0, 73.0
132.0, 132.0, 41.0, 77.0
133.0, 140.0, 41.0, 69.0
134.0, 141.0, 43.0, 65.0
136.0, 139.0, 42.0, 67.0
139.0, 139.0, 41.0, 68.0
141.0, 137.0, 41.0, 73.0
143.0, 140.0, 41.0, 77.0
145.0, 144.0, 43.0, 71.0
145.0, 144.0, 43.0, 72.0
