82.0, 218.0, 69.0, 73.0
85.0, 220.0, 67.0, 72.0
87.0, 224.0, 65.0, 69.0
88.0, 224.0, 73.0, 70.0
91.0, 226.0, 74.0, 70.0
96.0, 225.0, 75.0, 71.0
103.0, 224.0, 71.0, 73.0
111.0, 223.0, 69.0, 71.0
118.0, 225.0, 67.0, 70.0
122.0, 216.0, 68.0, 72.0
126.0, 225.0, 65.0, 69.0
128.0, 227.0, 66.0, 71.0
136.0, 230.0, 64.0, 73.0
138.0, 232.0, 66.0, 74.0
145.0, 230.0, 61.0, 77.0
147.0, 235.0, 57.0, 78.0
146.0, 239.0, 63.0, 75.0
153.0, 236.0, 68.0, 75.0
158.0, 235.0, 71.0, 74.0
166.0, 234.0, 67.0, 77.0
172.0, 235.0, 68.0, 76.0
176.0, 236.0, 67.0, 76.0
179.0, 239.0, 66.0, 75.0
185.0, 239.0, 65.0, 74.0
189.0, 241.0, 64.0, 74.0
193.0, 242.0, 62.0, 75.0
197.0, 243.0, 62.0, 75.0
201.0, 242.0, 62.0, 76.0
203.0, 243.0, 64.0, 75.0
205.0, 242.0, 67.0, 74.0
206.0, 243.0, 70.0, 73.0
212.0, 241.0, 68.0, 73.0
215.0, 240.0, 68.0, 75.0
222.0, 239.0, 66.0, 72.0
226.0, 237.0, 66.0, 75.0
228.0, 240.0, 66.0, 76.0
232.0, 239.0, 64.0, 77.0
236.0, 240.0, 63.0, 75.0
239.0, 239.0, 63.0, 76.0
245.0, 240.0, 62.0, 74.0
247.0, 237.0, 62.0, 77.0
248.0, 239.0, 63.0, 78.0
250.0, 240.0, 62.0, 76.0
257.0, 242.0, 64.0, 79.0
262.0, 240.0, 57.0, 82.0
265.0, 247.0, 58.0, 78.0
272.0, 248.0, 59.0, 76.0
281.0, 247.0, 57.0, 74.0
283.0, 231.0, 59.0, 73.0
285.0, 237.0, 61.0, 73.0
278.0, 239.0, 63.0, 74.0
273.0, 237.0, 65.0, 76.0
268.0, 236.0, 67.0, 77.0
269.0, 235.0, 66.0, 77.0
258.0, 229.0, 72.0, 79.0
257.0, 229.0, 68.0, 76.0
249.0, 231.0, 71.0, 78.0
242.0, 229.0, 74.0, 77.0
239.0, 230.0, 72.0, 79.0
239.0, 229.0, 73.0, 82.0
234.0, 231.0, 73.0, 80.0
229.0, 224.0, 70.0, 76.0
225.0, 223.0, 69.0, 76.0
219.0, 223.0, 70.0, 78.0
216.0, 222.0, 69.0, 77.0
211.0, 225.0, 70.0, 81.0
208.0, 222.0, 71.0, 81.0
203.0, 227.0, 70.0, 82.0
195.0, 229.0, 72.0, 78.0
191.0, 228.0, 70.0, 80.0
189.0, 223.0, 67.0, 80.0
182.0, 215.0, 69.0, 81.0
174.0, 214.0, 67.0, 82.0
167.0, 211.0, 72.0, 86.0
161.0, 210.0, 75.0, 87.0
155.0, 212.0, 76.0, 85.0
149.0, 215.0, 77.0, 84.0
148.0, 213.0, 75.0, 85.0
144.0, 213.0, 74.0, 86.0
142.0, 213.0, 74.0, 86.0
137.0, 215.0, 73.0, 83.0
134.0, 218.0, 72.0, 80.0
131.0, 220.0, 72.0, 80.0
130.0, 217.0, 71.0, 84.0
127.0, 219.0, 70.0, 82.0
125.0, 219.0, 69.0, 80.0
123.0, 217.0, 69.0, 84.0
122.0, 218.0, 70.0, 82.0
119.0, 217.0, 70.0, 82.0
118.0, 216.0, 70.0, 83.0
111.0, 218.0, 77.0, 81.0
109.0, 221.0, 73.0, 83.0
120.0, 215.0, 73.0, 83.0
117.0, 216.0, 70.0, 82.0
103.0, 214.0, 74.0, 78.0
85.0, 214.0, 81.0, 77.0
80.0, 214.0, 84.0, 77.0
105.0, 207.0, 79.0, 74.0
142.0, 172.0, 78.0, 82.0
