84.0, 53.0, 62.0, 70.0
87.0, 53.0, 61.0, 70.0
90.0, 54.0, 60.0, 69.0
92.0, 55.0, 59.0, 69.0
93.0, 55.0, 59.0, 69.0
93.0, 55.0, 59.0, 68.0
93.0, 55.0, 58.0, 68.0
93.0, 55.0, 59.0, 68.0
92.0, 54.0, 58.0, 68.0
91.0, 54.0, 58.0, 68.0
90.0, 54.0, 58.0, 67.0
89.0, 54.0, 58.0, 67.0
87.0, 54.0, 58.0, 67.0
86.0, 54.0, 58.0, 67.0
84.0, 55.0, 58.0, 67.0
82.0, 55.0, 58.0, 66.0
81.0, 56.0, 57.0, 66.0
80.0, 57.0, 56.0, 66.0
78.0, 58.0, 58.0, 67.0
77.0, 60.0, 57.0, 65.0
77.0, 60.0, 56.0, 66.0
76.0, 61.0, 57.0, 66.0
77.0, 61.0, 56.0, 66.0
77.0, 60.0, 56.0, 66.0
78.0, 61.0, 56.0, 65.0
79.0, 62.0, 55.0, 63.0
80.0, 61.0, 56.0, 65.0
81.0, 60.0, 56.0, 65.0
82.0, 59.0, 57.0, 65.0
84.0, 58.0, 57.0, 64.0
85.0, 58.0, 56.0, 64.0
86.0, 57.0, 56.0, 65.0
88.0, 57.0, 56.0, 65.0
89.0, 55.0, 56.0, 67.0
91.0, 56.0, 56.0, 65.0
91.0, 56.0, 56.0, 64.0
93.0, 56.0, 56.0, 65.0
94.0, 56.0, 56.0, 65.0
95.0, 56.0, 55.0, 64.0
95.0, 56.0, 56.0, 65.0
96.0, 55.0, 56.0, 65.0
97.0, 56.0, 56.0, 65.0
98.0, 55.0, 55.0, 66.0
99.0, 57.0, 55.0, 64.0
99.0, 56.0, 55.0, 65.0
99.0, 56.0, 56.0, 66.0
99.0, 57.0, 56.0, 64.0
100.0, 57.0, 56.0, 67.0
100.0, 57.0, 56.0, 65.0
100.0, 58.0, 56.0, 65.0
100.0, 58.0, 56.0, 64.0
99.0, 58.0, 56.0, 66.0
99.0, 58.0, 55.0, 65.0
99.0, 57.0, 57.0, 66.0
99.0, 58.0, 56.0, 64.0
98.0, 58.0, 56.0, 65.0
97.0, 57.0, 56.0, 66.0
97.0, 56.0, 56.0, 66.0
97.0, 56.0, 57.0, 66.0
96.0, 57.0, 56.0, 65.0
96.0, 57.0, 55.0, 64.0
95.0, 56.0, 56.0, 65.0
94.0, 57.0, 56.0, 65.0
93.0, 57.0, 57.0, 65.0
92.0, 57.0, 57.0, 65.0
92.0, 57.0, 56.0, 64.0
91.0, 58.0, 55.0, 64.0
90.0, 57.0, 57.0, 65.0
89.0, 57.0, 57.0, 65.0
88.0, 56.0, 57.0, 66.0
88.0, 56.0, 57.0, 66.0
88.0, 57.0, 56.0, 65.0
87.0, 57.0, 57.0, 66.0
87.0, 57.0, 56.0, 65.0
86.0, 57.0, 56.0, 65.0
86.0, 57.0, 55.0, 64.0
85.0, 57.0, 56.0, 65.0
85.0, 57.0, 55.0, 64.0
85.0, 57.0, 55.0, 65.0
85.0, 57.0, 55.0, 64.0
84.0, 56.0, 56.0, 66.0
84.0, 56.0, 57.0, 66.0
83.0, 56.0, 56.0, 66.0
83.0, 56.0, 56.0, 66.0
83.0, 57.0, 56.0, 65.0
83.0, 57.0, 56.0, 65.0
83.0, 57.0, 55.0, 65.0
83.0, 56.0, 57.0, 67.0
82.0, 56.0, 57.0, 67.0
83.0, 56.0, 57.0, 66.0
82.0, 56.0, 56.0, 65.0
82.0, 57.0, 56.0, 65.0
82.0, 56.0, 57.0, 66.0
82.0, 57.0, 56.0, 65.0
82.0, 56.0, 57.0, 66.0
81.0, 56.0, 57.0, 66.0
81.0, 56.0, 57.0, 66.0
81.0, 56.0, 58.0, 67.0
81.0, 56.0, 57.0, 66.0
81.0, 56.0, 58.0, 66.0
82.0, 57.0, 56.0, 66.0
82.0, 57.0, 56.0, 65.0
82.0, 56.0, 57.0, 66.0
82.0, 56.0, 58.0, 66.0
82.0, 56.0, 58.0, 67.0
82.0, 56.0, 57.0, 67.0
83.0, 57.0, 57.0, 66.0
83.0, 57.0, 57.0, 65.0
83.0, 57.0, 57.0, 66.0
84.0, 57.0, 57.0, 65.0
84.0, 57.0, 57.0, 66.0
84.0, 57.0, 57.0, 65.0
85.0, 58.0, 56.0, 65.0
85.0, 58.0, 56.0, 64.0
85.0, 57.0, 57.0, 66.0
86.0, 56.0, 56.0, 67.0
86.0, 57.0, 58.0, 66.0
86.0, 56.0, 57.0, 67.0
87.0, 56.0, 57.0, 67.0
88.0, 58.0, 55.0, 65.0
87.0, 58.0, 56.0, 65.0
88.0, 58.0, 57.0, 66.0
88.0, 57.0, 57.0, 66.0
88.0, 57.0, 57.0, 66.0
89.0, 58.0, 56.0, 65.0
89.0, 58.0, 56.0, 65.0
89.0, 58.0, 56.0, 65.0
89.0, 57.0, 57.0, 66.0
89.0, 58.0, 57.0, 65.0
88.0, 57.0, 57.0, 66.0
88.0, 58.0, 56.0, 64.0
88.0, 57.0, 56.0, 66.0
86.0, 57.0, 57.0, 65.0
85.0, 57.0, 57.0, 65.0
85.0, 58.0, 57.0, 65.0
84.0, 57.0, 57.0, 65.0
83.0, 57.0, 58.0, 67.0
83.0, 58.0, 57.0, 65.0
83.0, 57.0, 58.0, 66.0
83.0, 57.0, 58.0, 67.0
82.0, 57.0, 57.0, 66.0
82.0, 57.0, 58.0, 67.0
82.0, 57.0, 59.0, 67.0
83.0, 58.0, 57.0, 66.0
83.0, 56.0, 59.0, 67.0
85.0, 57.0, 57.0, 66.0
85.0, 57.0, 58.0, 66.0
86.0, 57.0, 57.0, 67.0
87.0, 56.0, 57.0, 67.0
88.0, 57.0, 56.0, 66.0
88.0, 56.0, 56.0, 67.0
88.0, 57.0, 56.0, 67.0
88.0, 57.0, 57.0, 66.0
88.0, 56.0, 56.0, 66.0
88.0, 56.0, 57.0, 65.0
88.0, 56.0, 56.0, 66.0
88.0, 56.0, 56.0, 65.0
87.0, 56.0, 57.0, 65.0
86.0, 56.0, 57.0, 65.0
86.0, 56.0, 56.0, 65.0
86.0, 56.0, 56.0, 66.0
85.0, 57.0, 56.0, 65.0
85.0, 56.0, 56.0, 65.0
84.0, 56.0, 57.0, 65.0
83.0, 56.0, 57.0, 65.0
82.0, 55.0, 57.0, 66.0
81.0, 55.0, 56.0, 65.0
80.0, 55.0, 56.0, 66.0
79.0, 54.0, 57.0, 67.0
79.0, 55.0, 56.0, 65.0
79.0, 55.0, 57.0, 66.0
79.0, 55.0, 56.0, 65.0
78.0, 54.0, 57.0, 67.0
78.0, 54.0, 57.0, 67.0
78.0, 54.0, 56.0, 67.0
78.0, 54.0, 56.0, 67.0
77.0, 54.0, 57.0, 67.0
77.0, 54.0, 58.0, 68.0
78.0, 55.0, 57.0, 66.0
79.0, 56.0, 57.0, 65.0
79.0, 55.0, 57.0, 66.0
80.0, 55.0, 56.0, 66.0
80.0, 55.0, 58.0, 67.0
82.0, 55.0, 57.0, 65.0
83.0, 55.0, 57.0, 65.0
84.0, 56.0, 57.0, 65.0
85.0, 56.0, 57.0, 65.0
87.0, 56.0, 57.0, 65.0
88.0, 56.0, 58.0, 66.0
90.0, 56.0, 58.0, 65.0
92.0, 57.0, 57.0, 65.0
93.0, 57.0, 57.0, 65.0
94.0, 57.0, 58.0, 65.0
95.0, 57.0, 57.0, 66.0
96.0, 56.0, 58.0, 66.0
96.0, 56.0, 58.0, 66.0
97.0, 56.0, 58.0, 65.0
97.0, 55.0, 58.0, 67.0
97.0, 55.0, 58.0, 66.0
97.0, 56.0, 57.0, 66.0
96.0, 56.0, 58.0, 66.0
95.0, 56.0, 58.0, 66.0
94.0, 55.0, 58.0, 67.0
92.0, 54.0, 59.0, 67.0
91.0, 53.0, 59.0, 67.0
89.0, 53.0, 60.0, 67.0
88.0, 53.0, 59.0, 68.0
87.0, 53.0, 59.0, 68.0
84.0, 52.0, 60.0, 67.0
83.0, 52.0, 59.0, 67.0
81.0, 52.0, 60.0, 69.0
80.0, 53.0, 59.0, 68.0
79.0, 53.0, 60.0, 68.0
77.0, 53.0, 61.0, 68.0
77.0, 53.0, 60.0, 68.0
76.0, 53.0, 60.0, 69.0
75.0, 52.0, 61.0, 68.0
75.0, 51.0, 61.0, 69.0
75.0, 51.0, 60.0, 69.0
75.0, 50.0, 61.0, 70.0
76.0, 51.0, 60.0, 69.0
76.0, 50.0, 60.0, 69.0
77.0, 49.0, 61.0, 70.0
77.0, 48.0, 61.0, 70.0
79.0, 48.0, 62.0, 70.0
80.0, 47.0, 62.0, 71.0
81.0, 47.0, 62.0, 71.0
82.0, 46.0, 62.0, 71.0
84.0, 46.0, 62.0, 71.0
86.0, 46.0, 63.0, 71.0
89.0, 46.0, 63.0, 72.0
92.0, 46.0, 64.0, 72.0
95.0, 46.0, 64.0, 72.0
99.0, 46.0, 65.0, 72.0
104.0, 47.0, 65.0, 71.0
109.0, 48.0, 65.0, 70.0
114.0, 48.0, 66.0, 72.0
120.0, 48.0, 66.0, 72.0
126.0, 47.0, 66.0, 72.0
131.0, 46.0, 67.0, 72.0
138.0, 46.0, 66.0, 72.0
143.0, 47.0, 67.0, 71.0
149.0, 47.0, 66.0, 71.0
154.0, 46.0, 67.0, 72.0
158.0, 46.0, 66.0, 70.0
164.0, 47.0, 65.0, 69.0
167.0, 47.0, 66.0, 69.0
171.0, 47.0, 65.0, 68.0
176.0, 47.0, 64.0, 69.0
178.0, 46.0, 64.0, 69.0
181.0, 46.0, 64.0, 69.0
184.0, 47.0, 63.0, 68.0
186.0, 47.0, 62.0, 67.0
188.0, 46.0, 63.0, 69.0
189.0, 47.0, 62.0, 68.0
190.0, 47.0, 62.0, 69.0
190.0, 46.0, 63.0, 70.0
191.0, 48.0, 62.0, 68.0
191.0, 48.0, 62.0, 67.0
191.0, 48.0, 62.0, 68.0
190.0, 48.0, 62.0, 68.0
189.0, 47.0, 62.0, 68.0
187.0, 48.0, 62.0, 68.0
186.0, 48.0, 62.0, 68.0
184.0, 48.0, 62.0, 67.0
181.0, 48.0, 63.0, 67.0
179.0, 49.0, 63.0, 67.0
177.0, 49.0, 62.0, 65.0
174.0, 49.0, 62.0, 66.0
171.0, 49.0, 62.0, 66.0
167.0, 49.0, 62.0, 66.0
164.0, 49.0, 61.0, 68.0
160.0, 49.0, 61.0, 68.0
156.0, 50.0, 62.0, 67.0
151.0, 51.0, 62.0, 66.0
146.0, 50.0, 61.0, 66.0
141.0, 51.0, 62.0, 66.0
137.0, 51.0, 61.0, 66.0
131.0, 52.0, 62.0, 66.0
127.0, 52.0, 61.0, 65.0
122.0, 51.0, 62.0, 65.0
117.0, 52.0, 61.0, 66.0
113.0, 52.0, 60.0, 65.0
109.0, 53.0, 60.0, 65.0
105.0, 54.0, 60.0, 64.0
102.0, 54.0, 59.0, 64.0
98.0, 53.0, 60.0, 65.0
96.0, 54.0, 60.0, 64.0
94.0, 54.0, 59.0, 64.0
92.0, 55.0, 59.0, 63.0
90.0, 55.0, 59.0, 64.0
88.0, 54.0, 59.0, 64.0
86.0, 55.0, 59.0, 63.0
85.0, 54.0, 60.0, 64.0
84.0, 55.0, 59.0, 64.0
83.0, 55.0, 59.0, 64.0
83.0, 55.0, 59.0, 64.0
82.0, 54.0, 59.0, 64.0
82.0, 55.0, 59.0, 64.0
82.0, 54.0, 60.0, 64.0
83.0, 55.0, 59.0, 63.0
83.0, 54.0, 59.0, 65.0
84.0, 54.0, 59.0, 64.0
85.0, 53.0, 59.0, 65.0
86.0, 54.0, 59.0, 65.0
88.0, 53.0, 59.0, 65.0
89.0, 53.0, 59.0, 66.0
91.0, 53.0, 60.0, 66.0
94.0, 54.0, 59.0, 65.0
97.0, 54.0, 59.0, 66.0
100.0, 54.0, 59.0, 65.0
103.0, 54.0, 60.0, 65.0
107.0, 54.0, 59.0, 65.0
110.0, 55.0, 59.0, 64.0
114.0, 55.0, 58.0, 64.0
118.0, 55.0, 60.0, 64.0
123.0, 55.0, 59.0, 65.0
128.0, 56.0, 59.0, 63.0
132.0, 56.0, 59.0, 63.0
137.0, 56.0, 60.0, 64.0
142.0, 56.0, 59.0, 64.0
147.0, 55.0, 59.0, 65.0
151.0, 56.0, 61.0, 65.0
156.0, 56.0, 60.0, 64.0
161.0, 56.0, 59.0, 64.0
165.0, 56.0, 59.0, 65.0
170.0, 57.0, 58.0, 64.0
175.0, 58.0, 56.0, 62.0
179.0, 58.0, 56.0, 62.0
183.0, 58.0, 55.0, 61.0
187.0, 59.0, 54.0, 61.0
191.0, 59.0, 54.0, 62.0
193.0, 59.0, 55.0, 62.0
196.0, 59.0, 55.0, 63.0
199.0, 59.0, 54.0, 63.0
200.0, 58.0, 55.0, 64.0
202.0, 59.0, 55.0, 64.0
205.0, 58.0, 54.0, 64.0
206.0, 58.0, 54.0, 65.0
208.0, 58.0, 53.0, 65.0
208.0, 59.0, 53.0, 64.0
209.0, 59.0, 53.0, 64.0
209.0, 58.0, 54.0, 65.0
209.0, 58.0, 54.0, 65.0
208.0, 58.0, 54.0, 65.0
209.0, 58.0, 53.0, 65.0
208.0, 58.0, 54.0, 64.0
207.0, 58.0, 54.0, 65.0
206.0, 58.0, 54.0, 64.0
204.0, 57.0, 54.0, 65.0
203.0, 57.0, 54.0, 65.0
203.0, 58.0, 53.0, 64.0
199.0, 57.0, 56.0, 65.0
198.0, 56.0, 55.0, 66.0
197.0, 57.0, 54.0, 64.0
195.0, 57.0, 54.0, 65.0
192.0, 55.0, 55.0, 66.0
191.0, 56.0, 54.0, 65.0
187.0, 55.0, 55.0, 66.0
185.0, 55.0, 55.0, 67.0
182.0, 54.0, 55.0, 67.0
180.0, 54.0, 54.0, 68.0
178.0, 54.0, 53.0, 67.0
174.0, 53.0, 55.0, 67.0
172.0, 53.0, 55.0, 68.0
168.0, 52.0, 55.0, 70.0
166.0, 52.0, 55.0, 70.0
163.0, 52.0, 55.0, 69.0
160.0, 52.0, 55.0, 70.0
157.0, 50.0, 56.0, 73.0
155.0, 51.0, 54.0, 70.0
153.0, 50.0, 54.0, 71.0
149.0, 50.0, 56.0, 72.0
147.0, 49.0, 55.0, 72.0
147.0, 49.0, 53.0, 70.0
143.0, 49.0, 56.0, 72.0
142.0, 50.0, 55.0, 71.0
140.0, 49.0, 55.0, 73.0
139.0, 49.0, 55.0, 73.0
137.0, 48.0, 55.0, 75.0
136.0, 47.0, 56.0, 75.0
136.0, 47.0, 56.0, 75.0
133.0, 47.0, 57.0, 77.0
133.0, 46.0, 57.0, 78.0
134.0, 47.0, 56.0, 76.0
134.0, 48.0, 55.0, 77.0
131.0, 46.0, 58.0, 78.0
134.0, 47.0, 56.0, 76.0
133.0, 47.0, 57.0, 77.0
134.0, 48.0, 56.0, 75.0
135.0, 48.0, 57.0, 75.0
136.0, 48.0, 56.0, 77.0
136.0, 47.0, 58.0, 77.0
137.0, 47.0, 57.0, 76.0
140.0, 47.0, 56.0, 77.0
141.0, 47.0, 57.0, 77.0
144.0, 47.0, 57.0, 77.0
146.0, 47.0, 57.0, 76.0
148.0, 46.0, 58.0, 77.0
151.0, 45.0, 59.0, 77.0
154.0, 45.0, 59.0, 78.0
158.0, 45.0, 58.0, 76.0
162.0, 45.0, 58.0, 76.0
165.0, 45.0, 58.0, 74.0
169.0, 44.0, 59.0, 77.0
174.0, 44.0, 57.0, 74.0
177.0, 44.0, 58.0, 75.0
181.0, 43.0, 58.0, 76.0
185.0, 43.0, 58.0, 75.0
189.0, 43.0, 58.0, 75.0
191.0, 42.0, 60.0, 77.0
195.0, 42.0, 60.0, 77.0
199.0, 42.0, 60.0, 77.0
203.0, 43.0, 59.0, 76.0
207.0, 42.0, 59.0, 75.0
209.0, 42.0, 60.0, 77.0
212.0, 41.0, 61.0, 78.0
215.0, 42.0, 61.0, 77.0
217.0, 41.0, 62.0, 77.0
220.0, 41.0, 62.0, 78.0
221.0, 41.0, 62.0, 79.0
223.0, 41.0, 63.0, 81.0
225.0, 41.0, 62.0, 80.0
228.0, 41.0, 62.0, 79.0
229.0, 41.0, 62.0, 78.0
230.0, 41.0, 62.0, 78.0
230.0, 40.0, 62.0, 79.0
230.0, 40.0, 63.0, 79.0
229.0, 40.0, 63.0, 80.0
230.0, 40.0, 63.0, 80.0
229.0, 39.0, 64.0, 81.0
227.0, 39.0, 64.0, 82.0
227.0, 40.0, 64.0, 80.0
225.0, 38.0, 65.0, 82.0
224.0, 39.0, 65.0, 80.0
222.0, 38.0, 65.0, 81.0
220.0, 38.0, 65.0, 80.0
218.0, 39.0, 64.0, 79.0
214.0, 39.0, 65.0, 79.0
211.0, 38.0, 65.0, 78.0
207.0, 39.0, 65.0, 79.0
204.0, 38.0, 65.0, 79.0
200.0, 38.0, 65.0, 78.0
196.0, 37.0, 66.0, 79.0
192.0, 37.0, 65.0, 79.0
188.0, 36.0, 66.0, 79.0
183.0, 36.0, 66.0, 80.0
179.0, 35.0, 66.0, 80.0
174.0, 35.0, 67.0, 82.0
170.0, 35.0, 67.0, 81.0
166.0, 35.0, 66.0, 81.0
161.0, 35.0, 67.0, 83.0
158.0, 35.0, 66.0, 82.0
155.0, 35.0, 66.0, 82.0
152.0, 36.0, 65.0, 82.0
148.0, 35.0, 67.0, 83.0
146.0, 36.0, 65.0, 82.0
143.0, 36.0, 65.0, 82.0
141.0, 37.0, 64.0, 81.0
137.0, 35.0, 66.0, 83.0
136.0, 36.0, 65.0, 81.0
134.0, 36.0, 65.0, 83.0
133.0, 36.0, 65.0, 83.0
132.0, 37.0, 65.0, 82.0
131.0, 37.0, 64.0, 82.0
131.0, 37.0, 64.0, 81.0
130.0, 38.0, 65.0, 82.0
130.0, 39.0, 64.0, 79.0
131.0, 40.0, 64.0, 80.0
130.0, 40.0, 65.0, 80.0
132.0, 41.0, 64.0, 79.0
132.0, 41.0, 65.0, 80.0
135.0, 43.0, 64.0, 77.0
136.0, 43.0, 63.0, 77.0
138.0, 44.0, 62.0, 77.0
139.0, 44.0, 64.0, 77.0
142.0, 45.0, 62.0, 75.0
144.0, 45.0, 62.0, 74.0
145.0, 46.0, 63.0, 74.0
147.0, 47.0, 62.0, 74.0
148.0, 47.0, 63.0, 74.0
150.0, 48.0, 62.0, 73.0
151.0, 49.0, 62.0, 72.0
152.0, 50.0, 61.0, 72.0
153.0, 51.0, 61.0, 71.0
154.0, 51.0, 61.0, 70.0
154.0, 52.0, 60.0, 70.0
155.0, 53.0, 60.0, 69.0
156.0, 53.0, 59.0, 69.0
156.0, 53.0, 59.0, 69.0
156.0, 53.0, 59.0, 69.0
156.0, 53.0, 59.0, 69.0
155.0, 54.0, 59.0, 68.0
155.0, 54.0, 59.0, 68.0
154.0, 54.0, 59.0, 68.0
154.0, 53.0, 58.0, 68.0
153.0, 53.0, 58.0, 69.0
151.0, 54.0, 58.0, 68.0
150.0, 54.0, 58.0, 67.0
149.0, 54.0, 57.0, 67.0
146.0, 54.0, 58.0, 67.0
145.0, 55.0, 58.0, 67.0
143.0, 55.0, 58.0, 66.0
141.0, 55.0, 58.0, 67.0
138.0, 56.0, 58.0, 67.0
136.0, 56.0, 57.0, 67.0
133.0, 56.0, 57.0, 66.0
130.0, 57.0, 57.0, 67.0
127.0, 57.0, 57.0, 66.0
123.0, 57.0, 57.0, 66.0
120.0, 58.0, 57.0, 66.0
117.0, 58.0, 57.0, 67.0
114.0, 59.0, 57.0, 66.0
111.0, 60.0, 56.0, 66.0
109.0, 60.0, 55.0, 66.0
106.0, 60.0, 56.0, 66.0
104.0, 61.0, 55.0, 66.0
102.0, 62.0, 54.0, 65.0
100.0, 63.0, 54.0, 66.0
98.0, 62.0, 54.0, 66.0
96.0, 63.0, 54.0, 66.0
94.0, 62.0, 54.0, 67.0
93.0, 62.0, 54.0, 66.0
93.0, 63.0, 53.0, 65.0
91.0, 63.0, 54.0, 65.0
90.0, 64.0, 54.0, 64.0
90.0, 63.0, 53.0, 63.0
89.0, 63.0, 54.0, 65.0
89.0, 63.0, 53.0, 64.0
88.0, 63.0, 54.0, 63.0
88.0, 63.0, 53.0, 64.0
89.0, 63.0, 53.0, 63.0
89.0, 62.0, 53.0, 64.0
89.0, 62.0, 54.0, 63.0
90.0, 63.0, 52.0, 62.0
89.0, 61.0, 54.0, 63.0
90.0, 61.0, 53.0, 63.0
91.0, 61.0, 53.0, 64.0
91.0, 60.0, 55.0, 65.0
93.0, 60.0, 53.0, 64.0
94.0, 61.0, 53.0, 62.0
96.0, 60.0, 53.0, 64.0
97.0, 60.0, 54.0, 63.0
99.0, 60.0, 53.0, 63.0
101.0, 61.0, 53.0, 61.0
102.0, 60.0, 54.0, 62.0
105.0, 60.0, 52.0, 62.0
106.0, 60.0, 54.0, 62.0
108.0, 60.0, 54.0, 62.0
111.0, 60.0, 53.0, 62.0
113.0, 60.0, 53.0, 63.0
115.0, 60.0, 53.0, 62.0
118.0, 60.0, 52.0, 61.0
120.0, 60.0, 53.0, 61.0
122.0, 61.0, 52.0, 60.0
125.0, 61.0, 52.0, 60.0
127.0, 60.0, 53.0, 62.0
129.0, 61.0, 53.0, 61.0
132.0, 61.0, 52.0, 60.0
134.0, 62.0, 52.0, 60.0
137.0, 61.0, 53.0, 62.0
139.0, 62.0, 52.0, 61.0
141.0, 62.0, 53.0, 61.0
143.0, 62.0, 53.0, 62.0
146.0, 63.0, 52.0, 60.0
147.0, 63.0, 52.0, 61.0
149.0, 62.0, 53.0, 62.0
150.0, 62.0, 53.0, 61.0
152.0, 62.0, 52.0, 60.0
153.0, 63.0, 51.0, 61.0
154.0, 62.0, 53.0, 62.0
155.0, 62.0, 52.0, 61.0
156.0, 63.0, 51.0, 61.0
155.0, 62.0, 53.0, 62.0
156.0, 62.0, 53.0, 62.0
156.0, 62.0, 53.0, 63.0
156.0, 61.0, 52.0, 63.0
155.0, 62.0, 54.0, 62.0
155.0, 62.0, 53.0, 63.0
154.0, 60.0, 54.0, 64.0
154.0, 61.0, 53.0, 62.0
153.0, 60.0, 54.0, 64.0
152.0, 60.0, 54.0, 63.0
150.0, 59.0, 55.0, 65.0
149.0, 58.0, 56.0, 65.0
148.0, 59.0, 55.0, 65.0
147.0, 58.0, 54.0, 65.0
146.0, 57.0, 54.0, 65.0
144.0, 56.0, 55.0, 65.0
142.0, 56.0, 55.0, 66.0
140.0, 55.0, 56.0, 67.0
138.0, 54.0, 57.0, 67.0
136.0, 54.0, 57.0, 68.0
135.0, 54.0, 57.0, 68.0
134.0, 54.0, 57.0, 68.0
132.0, 54.0, 57.0, 68.0
131.0, 54.0, 57.0, 68.0
130.0, 53.0, 58.0, 69.0
129.0, 54.0, 57.0, 67.0
128.0, 53.0, 57.0, 68.0
127.0, 53.0, 58.0, 68.0
127.0, 53.0, 58.0, 69.0
126.0, 53.0, 57.0, 69.0
126.0, 53.0, 58.0, 69.0
126.0, 53.0, 58.0, 69.0
126.0, 53.0, 57.0, 68.0
125.0, 53.0, 59.0, 70.0
126.0, 53.0, 58.0, 69.0
127.0, 53.0, 58.0, 70.0
128.0, 53.0, 58.0, 69.0
128.0, 53.0, 59.0, 69.0
129.0, 54.0, 59.0, 69.0
130.0, 53.0, 60.0, 70.0
132.0, 53.0, 59.0, 69.0
133.0, 53.0, 60.0, 69.0
135.0, 53.0, 60.0, 69.0
137.0, 52.0, 61.0, 70.0
139.0, 52.0, 61.0, 70.0
142.0, 51.0, 61.0, 71.0
144.0, 51.0, 61.0, 70.0
147.0, 50.0, 62.0, 70.0
150.0, 50.0, 62.0, 70.0
153.0, 50.0, 62.0, 70.0
156.0, 49.0, 63.0, 72.0
159.0, 48.0, 63.0, 71.0
163.0, 48.0, 63.0, 71.0
166.0, 47.0, 63.0, 71.0
169.0, 47.0, 63.0, 72.0
173.0, 47.0, 62.0, 72.0
176.0, 46.0, 63.0, 72.0
179.0, 47.0, 63.0, 72.0
183.0, 47.0, 63.0, 71.0
185.0, 46.0, 64.0, 72.0
188.0, 46.0, 63.0, 72.0
191.0, 45.0, 64.0, 74.0
194.0, 46.0, 63.0, 72.0
197.0, 46.0, 63.0, 73.0
200.0, 46.0, 63.0, 73.0
202.0, 46.0, 64.0, 73.0
204.0, 46.0, 63.0, 74.0
206.0, 46.0, 63.0, 74.0
208.0, 46.0, 63.0, 74.0
210.0, 46.0, 63.0, 74.0
212.0, 46.0, 63.0, 73.0
213.0, 46.0, 62.0, 74.0
214.0, 46.0, 63.0, 74.0
215.0, 45.0, 62.0, 75.0
215.0, 46.0, 62.0, 74.0
216.0, 45.0, 62.0, 74.0
216.0, 45.0, 62.0, 76.0
216.0, 46.0, 62.0, 74.0
216.0, 45.0, 62.0, 75.0
216.0, 45.0, 62.0, 75.0
216.0, 45.0, 62.0, 75.0
215.0, 45.0, 62.0, 75.0
215.0, 44.0, 62.0, 76.0
213.0, 44.0, 63.0, 76.0
212.0, 44.0, 63.0, 75.0
211.0, 44.0, 63.0, 76.0
210.0, 44.0, 62.0, 76.0
208.0, 43.0, 63.0, 76.0
205.0, 43.0, 63.0, 76.0
203.0, 42.0, 64.0, 76.0
200.0, 42.0, 65.0, 77.0
198.0, 42.0, 64.0, 76.0
196.0, 41.0, 63.0, 77.0
192.0, 40.0, 64.0, 77.0
188.0, 40.0, 65.0, 78.0
186.0, 40.0, 63.0, 75.0
182.0, 40.0, 65.0, 77.0
178.0, 39.0, 65.0, 78.0
174.0, 38.0, 65.0, 77.0
171.0, 38.0, 65.0, 78.0
166.0, 37.0, 66.0, 80.0
162.0, 37.0, 66.0, 79.0
159.0, 37.0, 65.0, 79.0
155.0, 36.0, 65.0, 80.0
151.0, 37.0, 66.0, 78.0
148.0, 36.0, 66.0, 81.0
144.0, 36.0, 66.0, 80.0
142.0, 36.0, 64.0, 81.0
138.0, 35.0, 66.0, 83.0
134.0, 35.0, 66.0, 83.0
132.0, 36.0, 65.0, 81.0
130.0, 37.0, 64.0, 80.0
128.0, 36.0, 64.0, 82.0
125.0, 36.0, 64.0, 83.0
124.0, 37.0, 63.0, 81.0
120.0, 35.0, 64.0, 84.0
118.0, 36.0, 64.0, 83.0
117.0, 37.0, 63.0, 82.0
115.0, 36.0, 63.0, 83.0
113.0, 36.0, 64.0, 83.0
112.0, 36.0, 64.0, 83.0
110.0, 36.0, 65.0, 83.0
109.0, 35.0, 65.0, 84.0
110.0, 35.0, 64.0, 83.0
109.0, 35.0, 64.0, 83.0
109.0, 36.0, 64.0, 83.0
109.0, 35.0, 64.0, 83.0
109.0, 36.0, 64.0, 84.0
109.0, 36.0, 64.0, 83.0
111.0, 36.0, 63.0, 82.0
112.0, 36.0, 63.0, 82.0
112.0, 35.0, 63.0, 83.0
112.0, 35.0, 64.0, 82.0
114.0, 35.0, 64.0, 82.0
116.0, 35.0, 64.0, 82.0
116.0, 36.0, 64.0, 81.0
118.0, 35.0, 63.0, 80.0
119.0, 37.0, 64.0, 80.0
120.0, 37.0, 63.0, 79.0
121.0, 37.0, 64.0, 80.0
123.0, 39.0, 63.0, 78.0
124.0, 39.0, 63.0, 78.0
127.0, 39.0, 62.0, 79.0
128.0, 39.0, 62.0, 79.0
129.0, 39.0, 62.0, 80.0
130.0, 41.0, 62.0, 78.0
131.0, 41.0, 61.0, 78.0
133.0, 41.0, 62.0, 78.0
132.0, 42.0, 62.0, 78.0
133.0, 42.0, 62.0, 78.0
133.0, 42.0, 61.0, 78.0
133.0, 42.0, 62.0, 79.0
135.0, 43.0, 61.0, 77.0
133.0, 43.0, 62.0, 78.0
134.0, 42.0, 61.0, 78.0
133.0, 42.0, 60.0, 79.0
133.0, 42.0, 61.0, 78.0
131.0, 42.0, 61.0, 78.0
130.0, 42.0, 60.0, 77.0
128.0, 43.0, 61.0, 77.0
126.0, 42.0, 61.0, 79.0
124.0, 42.0, 61.0, 78.0
122.0, 43.0, 61.0, 77.0
119.0, 44.0, 60.0, 77.0
115.0, 44.0, 61.0, 75.0
113.0, 45.0, 60.0, 75.0
108.0, 44.0, 60.0, 74.0
105.0, 45.0, 60.0, 74.0
101.0, 45.0, 59.0, 73.0
97.0, 46.0, 60.0, 75.0
93.0, 46.0, 59.0, 74.0
88.0, 47.0, 60.0, 75.0
83.0, 47.0, 59.0, 73.0
78.0, 47.0, 60.0, 74.0
75.0, 48.0, 59.0, 74.0
70.0, 48.0, 60.0, 75.0
67.0, 48.0, 59.0, 75.0
63.0, 48.0, 59.0, 75.0
60.0, 49.0, 58.0, 74.0
59.0, 49.0, 58.0, 73.0
55.0, 49.0, 59.0, 74.0
54.0, 50.0, 58.0, 73.0
52.0, 49.0, 58.0, 74.0
51.0, 51.0, 57.0, 72.0
51.0, 50.0, 57.0, 73.0
51.0, 51.0, 57.0, 73.0
50.0, 51.0, 57.0, 72.0
51.0, 51.0, 57.0, 73.0
51.0, 52.0, 56.0, 71.0
52.0, 51.0, 55.0, 72.0
52.0, 52.0, 56.0, 72.0
53.0, 51.0, 56.0, 73.0
54.0, 51.0, 56.0, 73.0
55.0, 51.0, 56.0, 74.0
56.0, 51.0, 56.0, 72.0
58.0, 52.0, 56.0, 72.0
60.0, 52.0, 56.0, 72.0
63.0, 53.0, 55.0, 71.0
64.0, 52.0, 57.0, 72.0
67.0, 53.0, 55.0, 70.0
70.0, 53.0, 56.0, 71.0
72.0, 54.0, 57.0, 71.0
77.0, 55.0, 55.0, 70.0
78.0, 55.0, 57.0, 71.0
83.0, 56.0, 56.0, 68.0
86.0, 56.0, 56.0, 69.0
89.0, 57.0, 56.0, 68.0
93.0, 56.0, 56.0, 69.0
97.0, 58.0, 55.0, 68.0
100.0, 57.0, 55.0, 69.0
104.0, 59.0, 53.0, 67.0
107.0, 60.0, 54.0, 66.0
110.0, 61.0, 53.0, 65.0
112.0, 61.0, 54.0, 66.0
115.0, 61.0, 52.0, 67.0
117.0, 62.0, 53.0, 66.0
119.0, 61.0, 54.0, 67.0
120.0, 63.0, 53.0, 66.0
123.0, 64.0, 52.0, 65.0
124.0, 63.0, 52.0, 65.0
125.0, 63.0, 52.0, 65.0
126.0, 63.0, 52.0, 65.0
126.0, 64.0, 52.0, 65.0
127.0, 64.0, 52.0, 65.0
127.0, 64.0, 52.0, 65.0
128.0, 65.0, 52.0, 64.0
127.0, 65.0, 53.0, 64.0
128.0, 65.0, 51.0, 64.0
128.0, 64.0, 51.0, 65.0
127.0, 64.0, 52.0, 64.0
127.0, 65.0, 51.0, 63.0
127.0, 65.0, 51.0, 63.0
126.0, 66.0, 51.0, 62.0
126.0, 66.0, 50.0, 62.0
124.0, 67.0, 51.0, 60.0
124.0, 68.0, 51.0, 61.0
124.0, 69.0, 50.0, 61.0
124.0, 69.0, 50.0, 61.0
124.0, 69.0, 50.0, 61.0
124.0, 70.0, 50.0, 59.0
123.0, 71.0, 51.0, 59.0
124.0, 70.0, 51.0, 60.0
125.0, 71.0, 49.0, 60.0
126.0, 71.0, 50.0, 59.0
128.0, 72.0, 48.0, 58.0
128.0, 71.0, 49.0, 59.0
128.0, 71.0, 50.0, 58.0
130.0, 71.0, 49.0, 57.0
131.0, 71.0, 50.0, 59.0
133.0, 71.0, 50.0, 59.0
135.0, 71.0, 49.0, 58.0
138.0, 71.0, 48.0, 57.0
140.0, 71.0, 49.0, 59.0
142.0, 71.0, 49.0, 58.0
145.0, 70.0, 49.0, 58.0
148.0, 70.0, 49.0, 57.0
150.0, 69.0, 51.0, 57.0
154.0, 69.0, 50.0, 59.0
157.0, 69.0, 51.0, 58.0
161.0, 69.0, 50.0, 58.0
165.0, 70.0, 51.0, 57.0
168.0, 69.0, 51.0, 58.0
172.0, 69.0, 51.0, 58.0
176.0, 70.0, 50.0, 56.0
180.0, 69.0, 50.0, 58.0
183.0, 69.0, 51.0, 58.0
186.0, 69.0, 51.0, 58.0
190.0, 70.0, 50.0, 57.0
193.0, 69.0, 49.0, 58.0
195.0, 69.0, 49.0, 58.0
198.0, 69.0, 50.0, 57.0
199.0, 69.0, 50.0, 59.0
202.0, 68.0, 50.0, 58.0
203.0, 68.0, 50.0, 59.0
205.0, 68.0, 51.0, 59.0
206.0, 68.0, 51.0, 59.0
208.0, 68.0, 51.0, 60.0
209.0, 68.0, 50.0, 58.0
209.0, 68.0, 51.0, 59.0
211.0, 68.0, 49.0, 59.0
210.0, 67.0, 51.0, 60.0
210.0, 68.0, 52.0, 60.0
210.0, 67.0, 51.0, 61.0
210.0, 68.0, 51.0, 60.0
209.0, 67.0, 51.0, 61.0
208.0, 67.0, 52.0, 61.0
207.0, 67.0, 53.0, 61.0
206.0, 66.0, 53.0, 62.0
204.0, 66.0, 54.0, 61.0
203.0, 65.0, 53.0, 62.0
201.0, 65.0, 54.0, 63.0
199.0, 64.0, 54.0, 63.0
196.0, 63.0, 55.0, 64.0
194.0, 63.0, 55.0, 63.0
191.0, 61.0, 56.0, 65.0
189.0, 61.0, 56.0, 64.0
185.0, 61.0, 56.0, 64.0
183.0, 60.0, 55.0, 64.0
180.0, 59.0, 56.0, 65.0
176.0, 57.0, 57.0, 66.0
173.0, 57.0, 57.0, 65.0
171.0, 57.0, 57.0, 65.0
167.0, 56.0, 58.0, 66.0
165.0, 56.0, 58.0, 66.0
162.0, 56.0, 58.0, 66.0
160.0, 56.0, 58.0, 66.0
157.0, 55.0, 59.0, 67.0
155.0, 55.0, 58.0, 67.0
153.0, 55.0, 58.0, 67.0
152.0, 55.0, 58.0, 67.0
150.0, 54.0, 58.0, 68.0
149.0, 54.0, 58.0, 68.0
148.0, 54.0, 59.0, 68.0
146.0, 54.0, 59.0, 67.0
145.0, 54.0, 59.0, 68.0
145.0, 55.0, 59.0, 68.0
145.0, 54.0, 59.0, 69.0
144.0, 54.0, 59.0, 69.0
144.0, 54.0, 60.0, 69.0
144.0, 54.0, 60.0, 69.0
145.0, 54.0, 60.0, 69.0
145.0, 55.0, 60.0, 70.0
146.0, 54.0, 60.0, 70.0
146.0, 54.0, 61.0, 70.0
147.0, 54.0, 61.0, 70.0
148.0, 53.0, 61.0, 71.0
149.0, 52.0, 62.0, 71.0
150.0, 51.0, 62.0, 71.0
151.0, 50.0, 63.0, 72.0
152.0, 50.0, 63.0, 72.0
154.0, 49.0, 63.0, 74.0
155.0, 48.0, 63.0, 74.0
157.0, 47.0, 64.0, 74.0
158.0, 46.0, 65.0, 74.0
160.0, 45.0, 65.0, 74.0
162.0, 44.0, 65.0, 75.0
164.0, 43.0, 66.0, 76.0
166.0, 42.0, 66.0, 76.0
168.0, 42.0, 66.0, 76.0
170.0, 41.0, 66.0, 77.0
171.0, 41.0, 67.0, 77.0
173.0, 40.0, 67.0, 77.0
174.0, 40.0, 67.0, 77.0
176.0, 39.0, 68.0, 78.0
178.0, 39.0, 67.0, 78.0
179.0, 38.0, 67.0, 79.0
180.0, 38.0, 68.0, 78.0
181.0, 37.0, 68.0, 79.0
181.0, 37.0, 69.0, 79.0
182.0, 37.0, 69.0, 79.0
183.0, 36.0, 69.0, 80.0
183.0, 36.0, 70.0, 79.0
183.0, 36.0, 69.0, 80.0
182.0, 35.0, 71.0, 80.0
182.0, 34.0, 70.0, 82.0
181.0, 34.0, 70.0, 81.0
180.0, 34.0, 71.0, 81.0
178.0, 33.0, 72.0, 82.0
177.0, 34.0, 71.0, 81.0
174.0, 34.0, 72.0, 82.0
171.0, 35.0, 73.0, 81.0
169.0, 33.0, 73.0, 83.0
165.0, 33.0, 74.0, 83.0
161.0, 32.0, 75.0, 83.0
157.0, 31.0, 75.0, 85.0
154.0, 30.0, 76.0, 85.0
149.0, 29.0, 77.0, 86.0
145.0, 29.0, 77.0, 86.0
141.0, 29.0, 77.0, 86.0
137.0, 29.0, 77.0, 86.0
134.0, 29.0, 77.0, 86.0
130.0, 28.0, 78.0, 87.0
127.0, 28.0, 77.0, 87.0
123.0, 27.0, 78.0, 88.0
120.0, 27.0, 79.0, 88.0
118.0, 27.0, 78.0, 88.0
116.0, 28.0, 77.0, 87.0
114.0, 27.0, 77.0, 86.0
113.0, 28.0, 76.0, 87.0
112.0, 28.0, 75.0, 88.0
110.0, 28.0, 76.0, 87.0
109.0, 29.0, 75.0, 86.0
109.0, 29.0, 75.0, 86.0
109.0, 31.0, 74.0, 86.0
109.0, 31.0, 74.0, 85.0
110.0, 33.0, 73.0, 84.0
111.0, 34.0, 73.0, 85.0
112.0, 35.0, 73.0, 84.0
113.0, 37.0, 72.0, 83.0
114.0, 38.0, 72.0, 82.0
116.0, 41.0, 70.0, 81.0
117.0, 42.0, 70.0, 80.0
118.0, 43.0, 70.0, 79.0
118.0, 43.0, 70.0, 80.0
119.0, 43.0, 69.0, 79.0
120.0, 45.0, 68.0, 77.0
120.0, 44.0, 68.0, 77.0
120.0, 44.0, 68.0, 77.0
120.0, 44.0, 67.0, 76.0
120.0, 44.0, 67.0, 77.0
120.0, 44.0, 66.0, 76.0
119.0, 44.0, 65.0, 75.0
119.0, 45.0, 65.0, 75.0
118.0, 44.0, 65.0, 75.0
117.0, 45.0, 65.0, 74.0
115.0, 45.0, 65.0, 75.0
113.0, 45.0, 65.0, 75.0
112.0, 46.0, 64.0, 74.0
110.0, 47.0, 64.0, 73.0
108.0, 47.0, 64.0, 74.0
106.0, 48.0, 63.0, 72.0
104.0, 49.0, 64.0, 72.0
102.0, 49.0, 63.0, 72.0
100.0, 50.0, 63.0, 72.0
97.0, 51.0, 62.0, 71.0
95.0, 51.0, 62.0, 70.0
92.0, 52.0, 62.0, 70.0
89.0, 53.0, 62.0, 70.0
87.0, 54.0, 61.0, 69.0
84.0, 55.0, 61.0, 69.0
82.0, 55.0, 61.0, 69.0
80.0, 56.0, 61.0, 68.0
78.0, 57.0, 60.0, 68.0
77.0, 58.0, 59.0, 67.0
75.0, 58.0, 59.0, 67.0
74.0, 59.0, 59.0, 66.0
72.0, 59.0, 59.0, 66.0
72.0, 58.0, 59.0, 66.0
70.0, 58.0, 59.0, 66.0
70.0, 59.0, 58.0, 65.0
69.0, 58.0, 58.0, 65.0
69.0, 58.0, 58.0, 66.0
69.0, 58.0, 58.0, 65.0
69.0, 58.0, 58.0, 65.0
69.0, 58.0, 58.0, 65.0
70.0, 58.0, 58.0, 65.0
71.0, 57.0, 57.0, 65.0
71.0, 57.0, 57.0, 65.0
73.0, 57.0, 58.0, 65.0
74.0, 58.0, 57.0, 65.0
75.0, 57.0, 58.0, 66.0
77.0, 58.0, 58.0, 65.0
80.0, 58.0, 58.0, 65.0
82.0, 58.0, 58.0, 65.0
85.0, 58.0, 58.0, 65.0
88.0, 58.0, 58.0, 66.0
91.0, 58.0, 58.0, 65.0
95.0, 59.0, 59.0, 65.0
99.0, 59.0, 58.0, 65.0
103.0, 59.0, 58.0, 65.0
107.0, 59.0, 58.0, 65.0
111.0, 60.0, 58.0, 63.0
116.0, 60.0, 58.0, 63.0
120.0, 60.0, 57.0, 63.0
124.0, 60.0, 57.0, 64.0
128.0, 60.0, 57.0, 64.0
132.0, 60.0, 58.0, 64.0
136.0, 60.0, 56.0, 64.0
139.0, 60.0, 57.0, 64.0
143.0, 61.0, 56.0, 64.0
146.0, 62.0, 56.0, 63.0
149.0, 62.0, 56.0, 63.0
152.0, 62.0, 55.0, 62.0
155.0, 62.0, 55.0, 63.0
157.0, 62.0, 54.0, 62.0
159.0, 63.0, 55.0, 61.0
161.0, 62.0, 55.0, 63.0
163.0, 62.0, 54.0, 62.0
165.0, 62.0, 54.0, 63.0
167.0, 63.0, 54.0, 62.0
169.0, 62.0, 54.0, 63.0
171.0, 62.0, 54.0, 64.0
172.0, 63.0, 54.0, 62.0
173.0, 62.0, 54.0, 63.0
174.0, 63.0, 53.0, 62.0
175.0, 62.0, 54.0, 63.0
176.0, 62.0, 54.0, 63.0
177.0, 62.0, 54.0, 64.0
178.0, 63.0, 54.0, 64.0
178.0, 63.0, 54.0, 63.0
179.0, 63.0, 54.0, 63.0
179.0, 63.0, 55.0, 63.0
180.0, 63.0, 55.0, 65.0
180.0, 63.0, 54.0, 63.0
180.0, 63.0, 55.0, 65.0
181.0, 63.0, 54.0, 64.0
181.0, 63.0, 54.0, 65.0
181.0, 63.0, 54.0, 65.0
181.0, 63.0, 54.0, 65.0
182.0, 62.0, 52.0, 66.0
181.0, 61.0, 53.0, 66.0
179.0, 61.0, 53.0, 67.0
179.0, 60.0, 52.0, 67.0
177.0, 59.0, 54.0, 67.0
177.0, 58.0, 53.0, 69.0
174.0, 57.0, 54.0, 70.0
174.0, 56.0, 53.0, 70.0
172.0, 56.0, 54.0, 70.0
170.0, 55.0, 54.0, 70.0
169.0, 54.0, 55.0, 71.0
167.0, 53.0, 55.0, 72.0
166.0, 54.0, 55.0, 72.0
165.0, 53.0, 54.0, 71.0
164.0, 53.0, 54.0, 72.0
163.0, 53.0, 55.0, 72.0
161.0, 52.0, 55.0, 73.0
162.0, 52.0, 54.0, 73.0
162.0, 54.0, 53.0, 71.0
159.0, 52.0, 56.0, 74.0
159.0, 52.0, 55.0, 73.0
160.0, 52.0, 54.0, 73.0
159.0, 51.0, 55.0, 73.0
159.0, 51.0, 55.0, 74.0
158.0, 51.0, 57.0, 75.0
159.0, 50.0, 56.0, 74.0
158.0, 51.0, 57.0, 73.0
160.0, 51.0, 55.0, 75.0
159.0, 50.0, 57.0, 75.0
160.0, 50.0, 57.0, 74.0
162.0, 50.0, 57.0, 73.0
162.0, 50.0, 58.0, 75.0
164.0, 50.0, 57.0, 75.0
166.0, 50.0, 57.0, 74.0
167.0, 49.0, 57.0, 75.0
170.0, 48.0, 57.0, 76.0
170.0, 48.0, 60.0, 76.0
173.0, 47.0, 58.0, 76.0
175.0, 46.0, 59.0, 77.0
176.0, 45.0, 61.0, 77.0
179.0, 44.0, 60.0, 78.0
181.0, 43.0, 60.0, 79.0
183.0, 42.0, 61.0, 78.0
186.0, 41.0, 62.0, 80.0
189.0, 41.0, 62.0, 79.0
190.0, 40.0, 63.0, 80.0
194.0, 39.0, 62.0, 78.0
196.0, 38.0, 63.0, 80.0
197.0, 37.0, 65.0, 81.0
200.0, 37.0, 65.0, 80.0
203.0, 37.0, 64.0, 80.0
204.0, 37.0, 65.0, 81.0
206.0, 36.0, 65.0, 82.0
209.0, 36.0, 65.0, 81.0
210.0, 35.0, 65.0, 82.0
211.0, 34.0, 66.0, 83.0
213.0, 34.0, 65.0, 82.0
212.0, 34.0, 65.0, 81.0
214.0, 33.0, 65.0, 84.0
213.0, 34.0, 65.0, 83.0
212.0, 33.0, 66.0, 83.0
212.0, 34.0, 66.0, 83.0
211.0, 34.0, 66.0, 82.0
209.0, 34.0, 66.0, 83.0
207.0, 34.0, 68.0, 83.0
205.0, 35.0, 67.0, 82.0
203.0, 34.0, 68.0, 83.0
200.0, 35.0, 69.0, 84.0
197.0, 35.0, 69.0, 83.0
196.0, 35.0, 69.0, 83.0
192.0, 36.0, 69.0, 84.0
188.0, 36.0, 69.0, 83.0
186.0, 35.0, 70.0, 84.0
181.0, 35.0, 70.0, 85.0
180.0, 34.0, 70.0, 85.0
175.0, 34.0, 70.0, 85.0
170.0, 34.0, 70.0, 86.0
166.0, 34.0, 70.0, 86.0
162.0, 35.0, 70.0, 86.0
157.0, 35.0, 71.0, 85.0
153.0, 35.0, 70.0, 85.0
149.0, 35.0, 70.0, 86.0
143.0, 34.0, 71.0, 88.0
140.0, 34.0, 70.0, 87.0
137.0, 35.0, 67.0, 84.0
132.0, 35.0, 68.0, 86.0
129.0, 36.0, 65.0, 85.0
125.0, 37.0, 65.0, 85.0
119.0, 37.0, 67.0, 87.0
116.0, 38.0, 66.0, 86.0
113.0, 40.0, 65.0, 86.0
108.0, 40.0, 67.0, 87.0
105.0, 41.0, 66.0, 87.0
102.0, 42.0, 67.0, 87.0
100.0, 43.0, 65.0, 87.0
96.0, 42.0, 67.0, 88.0
94.0, 43.0, 66.0, 88.0
92.0, 43.0, 66.0, 87.0
92.0, 43.0, 65.0, 88.0
91.0, 45.0, 65.0, 86.0
91.0, 43.0, 63.0, 86.0
88.0, 43.0, 65.0, 86.0
89.0, 46.0, 62.0, 84.0
88.0, 45.0, 64.0, 85.0
87.0, 46.0, 64.0, 84.0
87.0, 45.0, 64.0, 84.0
87.0, 45.0, 64.0, 83.0
88.0, 47.0, 64.0, 82.0
88.0, 48.0, 64.0, 81.0
90.0, 49.0, 64.0, 80.0
91.0, 49.0, 64.0, 80.0
95.0, 51.0, 62.0, 78.0
95.0, 52.0, 63.0, 79.0
94.0, 52.0, 64.0, 79.0
97.0, 55.0, 62.0, 77.0
99.0, 56.0, 62.0, 76.0
100.0, 57.0, 61.0, 75.0
100.0, 57.0, 62.0, 74.0
103.0, 58.0, 59.0, 73.0
103.0, 59.0, 60.0, 73.0
101.0, 57.0, 62.0, 75.0
103.0, 58.0, 60.0, 72.0
102.0, 57.0, 61.0, 73.0
102.0, 57.0, 61.0, 73.0
103.0, 58.0, 59.0, 73.0
100.0, 56.0, 61.0, 74.0
101.0, 56.0, 59.0, 73.0
100.0, 57.0, 58.0, 73.0
97.0, 55.0, 60.0, 74.0
97.0, 56.0, 59.0, 74.0
95.0, 56.0, 59.0, 74.0
94.0, 55.0, 58.0, 74.0
90.0, 56.0, 58.0, 74.0
89.0, 56.0, 58.0, 74.0
86.0, 56.0, 58.0, 74.0
82.0, 57.0, 59.0, 73.0
78.0, 56.0, 58.0, 74.0
75.0, 57.0, 58.0, 74.0
72.0, 57.0, 58.0, 73.0
68.0, 58.0, 58.0, 74.0
65.0, 59.0, 58.0, 73.0
62.0, 60.0, 58.0, 73.0
58.0, 60.0, 58.0, 71.0
56.0, 61.0, 58.0, 73.0
54.0, 61.0, 58.0, 73.0
51.0, 61.0, 57.0, 73.0
49.0, 62.0, 57.0, 72.0
50.0, 63.0, 55.0, 71.0
47.0, 63.0, 55.0, 72.0
46.0, 63.0, 55.0, 69.0
45.0, 63.0, 55.0, 69.0
46.0, 63.0, 54.0, 70.0
47.0, 64.0, 53.0, 69.0
46.0, 64.0, 54.0, 68.0
47.0, 63.0, 53.0, 68.0
47.0, 63.0, 53.0, 69.0
48.0, 63.0, 53.0, 68.0
50.0, 62.0, 52.0, 69.0
53.0, 63.0, 51.0, 68.0
54.0, 63.0, 52.0, 67.0
56.0, 62.0, 52.0, 67.0
59.0, 61.0, 52.0, 68.0
60.0, 62.0, 53.0, 67.0
64.0, 62.0, 53.0, 67.0
68.0, 63.0, 52.0, 65.0
72.0, 63.0, 53.0, 65.0
76.0, 63.0, 53.0, 67.0
79.0, 64.0, 54.0, 66.0
84.0, 64.0, 55.0, 66.0
90.0, 64.0, 53.0, 64.0
94.0, 64.0, 54.0, 66.0
100.0, 65.0, 52.0, 65.0
104.0, 64.0, 53.0, 64.0
109.0, 64.0, 52.0, 65.0
113.0, 65.0, 52.0, 65.0
117.0, 66.0, 51.0, 63.0
121.0, 65.0, 52.0, 65.0
124.0, 64.0, 52.0, 66.0
128.0, 65.0, 51.0, 64.0
129.0, 65.0, 52.0, 64.0
133.0, 65.0, 50.0, 65.0
135.0, 65.0, 50.0, 65.0
137.0, 66.0, 49.0, 64.0
138.0, 65.0, 50.0, 66.0
140.0, 65.0, 50.0, 66.0
141.0, 66.0, 50.0, 63.0
142.0, 65.0, 50.0, 66.0
142.0, 66.0, 50.0, 64.0
141.0, 65.0, 50.0, 65.0
142.0, 65.0, 50.0, 65.0
141.0, 64.0, 51.0, 67.0
139.0, 65.0, 51.0, 65.0
138.0, 65.0, 51.0, 65.0
136.0, 65.0, 51.0, 65.0
134.0, 65.0, 52.0, 65.0
132.0, 64.0, 51.0, 66.0
130.0, 63.0, 51.0, 67.0
127.0, 64.0, 52.0, 64.0
124.0, 64.0, 52.0, 63.0
120.0, 62.0, 53.0, 66.0
117.0, 61.0, 53.0, 67.0
114.0, 62.0, 52.0, 65.0
109.0, 61.0, 53.0, 65.0
106.0, 60.0, 52.0, 66.0
101.0, 60.0, 53.0, 66.0
96.0, 58.0, 54.0, 67.0
93.0, 58.0, 52.0, 65.0
88.0, 57.0, 54.0, 68.0
85.0, 57.0, 52.0, 66.0
81.0, 57.0, 52.0, 67.0
75.0, 55.0, 54.0, 68.0
72.0, 55.0, 54.0, 70.0
69.0, 56.0, 52.0, 67.0
64.0, 54.0, 54.0, 69.0
62.0, 54.0, 54.0, 69.0
61.0, 54.0, 52.0, 68.0
58.0, 54.0, 52.0, 67.0
56.0, 53.0, 52.0, 69.0
53.0, 54.0, 53.0, 68.0
51.0, 53.0, 54.0, 68.0
50.0, 53.0, 54.0, 70.0
50.0, 53.0, 53.0, 69.0
49.0, 52.0, 54.0, 69.0
48.0, 52.0, 55.0, 72.0
48.0, 52.0, 54.0, 71.0
47.0, 53.0, 55.0, 69.0
48.0, 52.0, 55.0, 71.0
48.0, 52.0, 56.0, 71.0
49.0, 52.0, 56.0, 70.0
49.0, 51.0, 56.0, 72.0
51.0, 51.0, 55.0, 72.0
52.0, 51.0, 55.0, 72.0
53.0, 50.0, 57.0, 73.0
54.0, 51.0, 56.0, 72.0
56.0, 50.0, 56.0, 72.0
58.0, 50.0, 56.0, 73.0
61.0, 49.0, 56.0, 73.0
64.0, 49.0, 54.0, 73.0
67.0, 48.0, 54.0, 73.0
70.0, 48.0, 54.0, 73.0
73.0, 47.0, 55.0, 73.0
76.0, 46.0, 55.0, 71.0
80.0, 45.0, 55.0, 73.0
83.0, 46.0, 55.0, 74.0
86.0, 45.0, 55.0, 73.0
90.0, 44.0, 55.0, 73.0
93.0, 45.0, 56.0, 72.0
96.0, 45.0, 55.0, 72.0
100.0, 45.0, 56.0, 73.0
103.0, 45.0, 56.0, 73.0
106.0, 45.0, 57.0, 72.0
109.0, 45.0, 58.0, 73.0
111.0, 44.0, 58.0, 74.0
114.0, 44.0, 59.0, 74.0
116.0, 46.0, 59.0, 73.0
119.0, 45.0, 60.0, 74.0
121.0, 45.0, 60.0, 75.0
123.0, 45.0, 60.0, 76.0
125.0, 44.0, 60.0, 77.0
126.0, 44.0, 60.0, 77.0
128.0, 44.0, 59.0, 77.0
129.0, 44.0, 60.0, 78.0
129.0, 43.0, 61.0, 78.0
129.0, 44.0, 61.0, 78.0
131.0, 45.0, 59.0, 77.0
131.0, 44.0, 60.0, 77.0
131.0, 44.0, 60.0, 77.0
129.0, 44.0, 61.0, 77.0
131.0, 44.0, 58.0, 76.0
129.0, 42.0, 60.0, 78.0
129.0, 42.0, 59.0, 77.0
128.0, 41.0, 59.0, 77.0
128.0, 41.0, 59.0, 77.0
127.0, 40.0, 60.0, 78.0
125.0, 40.0, 61.0, 78.0
125.0, 40.0, 61.0, 78.0
124.0, 40.0, 61.0, 78.0
124.0, 39.0, 60.0, 78.0
124.0, 38.0, 60.0, 78.0
123.0, 37.0, 61.0, 78.0
122.0, 37.0, 63.0, 79.0
124.0, 37.0, 60.0, 77.0
123.0, 36.0, 62.0, 79.0
123.0, 36.0, 62.0, 79.0
122.0, 36.0, 64.0, 80.0
123.0, 35.0, 64.0, 80.0
122.0, 33.0, 67.0, 83.0
125.0, 33.0, 64.0, 80.0
128.0, 35.0, 64.0, 79.0
130.0, 34.0, 63.0, 81.0
130.0, 34.0, 66.0, 82.0
135.0, 34.0, 63.0, 81.0
134.0, 33.0, 67.0, 83.0
138.0, 34.0, 66.0, 82.0
140.0, 34.0, 68.0, 83.0
144.0, 35.0, 69.0, 82.0
148.0, 36.0, 68.0, 81.0
150.0, 35.0, 70.0, 83.0
153.0, 37.0, 71.0, 81.0
158.0, 37.0, 70.0, 80.0
161.0, 36.0, 70.0, 80.0
165.0, 36.0, 70.0, 80.0
169.0, 37.0, 68.0, 79.0
172.0, 34.0, 69.0, 80.0
175.0, 34.0, 69.0, 81.0
178.0, 35.0, 68.0, 81.0
180.0, 34.0, 67.0, 82.0
182.0, 36.0, 66.0, 81.0
183.0, 34.0, 65.0, 83.0
185.0, 35.0, 64.0, 82.0
186.0, 34.0, 64.0, 82.0
188.0, 33.0, 62.0, 81.0
188.0, 33.0, 62.0, 83.0
188.0, 32.0, 63.0, 83.0
188.0, 32.0, 64.0, 84.0
190.0, 31.0, 62.0, 83.0
188.0, 31.0, 63.0, 83.0
189.0, 31.0, 62.0, 82.0
190.0, 33.0, 62.0, 82.0
189.0, 32.0, 61.0, 82.0
189.0, 32.0, 59.0, 82.0
189.0, 35.0, 59.0, 81.0
190.0, 34.0, 58.0, 80.0
189.0, 37.0, 58.0, 80.0
190.0, 38.0, 58.0, 79.0
191.0, 39.0, 58.0, 77.0
191.0, 42.0, 56.0, 76.0
192.0, 45.0, 57.0, 75.0
192.0, 45.0, 57.0, 75.0
193.0, 46.0, 56.0, 75.0
193.0, 47.0, 55.0, 75.0
193.0, 49.0, 56.0, 75.0
194.0, 49.0, 55.0, 74.0
195.0, 49.0, 55.0, 74.0
195.0, 50.0, 56.0, 74.0
196.0, 49.0, 56.0, 74.0
198.0, 50.0, 57.0, 74.0
199.0, 49.0, 55.0, 73.0
201.0, 50.0, 56.0, 73.0
202.0, 50.0, 54.0, 71.0
203.0, 49.0, 54.0, 73.0
205.0, 50.0, 53.0, 73.0
207.0, 49.0, 53.0, 73.0
208.0, 51.0, 53.0, 73.0
210.0, 52.0, 53.0, 71.0
210.0, 50.0, 55.0, 73.0
215.0, 53.0, 54.0, 73.0
217.0, 52.0, 53.0, 71.0
219.0, 51.0, 53.0, 71.0
220.0, 52.0, 54.0, 74.0
219.0, 51.0, 55.0, 76.0
221.0, 53.0, 55.0, 77.0
220.0, 53.0, 56.0, 77.0
220.0, 54.0, 57.0, 77.0
224.0, 57.0, 54.0, 74.0
223.0, 57.0, 54.0, 75.0
223.0, 57.0, 53.0, 73.0
222.0, 58.0, 53.0, 72.0
222.0, 58.0, 53.0, 71.0
218.0, 59.0, 54.0, 72.0
218.0, 60.0, 52.0, 70.0
214.0, 60.0, 53.0, 71.0
212.0, 60.0, 53.0, 70.0
208.0, 58.0, 53.0, 70.0
204.0, 58.0, 53.0, 69.0
199.0, 59.0, 53.0, 69.0
195.0, 60.0, 53.0, 68.0
190.0, 58.0, 52.0, 68.0
186.0, 60.0, 52.0, 68.0
180.0, 60.0, 54.0, 70.0
172.0, 59.0, 56.0, 73.0
166.0, 57.0, 55.0, 72.0
162.0, 56.0, 54.0, 71.0
157.0, 56.0, 55.0, 72.0
152.0, 55.0, 55.0, 70.0
147.0, 57.0, 55.0, 71.0
142.0, 56.0, 55.0, 68.0
139.0, 57.0, 54.0, 67.0
135.0, 58.0, 54.0, 67.0
133.0, 58.0, 53.0, 66.0
129.0, 59.0, 53.0, 66.0
127.0, 58.0, 53.0, 67.0
124.0, 59.0, 54.0, 66.0
121.0, 59.0, 53.0, 66.0
118.0, 59.0, 55.0, 66.0
114.0, 59.0, 55.0, 66.0
112.0, 59.0, 54.0, 66.0
109.0, 58.0, 54.0, 66.0
107.0, 59.0, 54.0, 66.0
105.0, 59.0, 54.0, 65.0
103.0, 58.0, 54.0, 64.0
101.0, 58.0, 53.0, 65.0
100.0, 57.0, 55.0, 66.0
98.0, 56.0, 54.0, 64.0
96.0, 55.0, 55.0, 65.0
94.0, 54.0, 54.0, 65.0
92.0, 54.0, 54.0, 65.0
90.0, 54.0, 54.0, 64.0
88.0, 54.0, 54.0, 64.0
86.0, 54.0, 54.0, 65.0
84.0, 54.0, 53.0, 65.0
81.0, 53.0, 55.0, 65.0
79.0, 52.0, 54.0, 66.0
78.0, 50.0, 55.0, 65.0
75.0, 50.0, 54.0, 65.0
73.0, 48.0, 56.0, 66.0
70.0, 49.0, 53.0, 66.0
67.0, 48.0, 53.0, 66.0
64.0, 47.0, 53.0, 67.0
62.0, 46.0, 54.0, 67.0
58.0, 46.0, 54.0, 69.0
56.0, 45.0, 55.0, 69.0
54.0, 45.0, 57.0, 70.0
51.0, 45.0, 57.0, 71.0
49.0, 45.0, 56.0, 71.0
47.0, 45.0, 56.0, 71.0
44.0, 47.0, 56.0, 71.0
42.0, 48.0, 56.0, 69.0
39.0, 49.0, 56.0, 70.0
36.0, 51.0, 56.0, 70.0
34.0, 51.0, 57.0, 70.0
33.0, 51.0, 55.0, 69.0
30.0, 53.0, 56.0, 69.0
28.0, 53.0, 56.0, 70.0
25.0, 55.0, 55.0, 68.0
23.0, 56.0, 55.0, 69.0
21.0, 56.0, 54.0, 68.0
18.0, 56.0, 54.0, 69.0
