302,135,67,81
299,138,67,81
295,140,68,82
294,143,68,82
296,143,69,84
299,145,69,84
303,147,69,84
307,147,69,84
307,147,69,84
304,148,71,85
304,147,72,87
307,145,72,87
314,142,71,85
323,137,72,87
328,134,72,87
331,131,72,87
331,129,72,87
330,129,72,87
331,126,73,89
334,122,73,89
341,116,73,89
347,113,73,89
351,111,73,89
357,110,73,89
365,117,73,89
375,125,73,89
380,127,75,91
373,119,75,91
362,104,75,91
352,92,75,91
345,85,75,91
341,83,73,89
338,82,73,89
338,84,73,89
340,91,75,91
351,105,75,91
365,121,75,91
376,131,75,91
376,128,75,91
368,113,73,89
361,96,72,87
360,88,71,85
360,84,71,85
361,83,71,85
362,84,71,85
365,90,71,85
370,103,71,85
378,122,71,85
385,137,71,85
386,140,71,85
380,126,71,85
374,109,71,85
370,101,71,85
368,101,71,85
367,104,71,85
367,109,71,85
367,121,71,85
350,135,71,85
333,119,71,85
333,133,69,84
309,139,69,84
295,115,68,82
293,79,67,81
290,67,67,81
302,82,68,82
298,82,68,82
295,85,68,82
294,90,69,84
276,78,69,84
274,91,68,82
292,79,68,82
296,78,68,82
300,90,68,82
311,108,68,82
310,85,68,82
307,70,67,81
298,62,65,79
274,61,64,77
293,44,64,77
296,50,64,77
285,64,64,77
274,60,64,77
273,63,64,77
274,75,63,76
277,84,63,76
277,88,63,76
279,94,64,77
280,103,64,77
284,115,64,77
278,133,64,77
270,138,64,77
262,157,64,77
261,170,65,79
262,178,65,79
264,181,67,81
267,182,68,82
269,183,68,82
273,183,68,82
275,185,68,82
278,183,68,82
280,179,68,82
281,175,68,82
280,171,68,82
280,162,68,82
282,161,68,82
282,154,68,82
280,163,68,82
274,173,68,82
271,171,68,82
272,172,68,82
270,170,68,82
265,169,69,84
261,171,69,84
238,149,69,84
236,154,68,82
231,143,67,81
230,140,67,81
233,138,67,81
234,133,67,81
229,135,67,81
230,132,67,81
237,130,67,81
238,136,67,81
239,141,67,81
242,142,67,81
247,143,67,81
253,143,67,81
258,143,67,81
263,146,67,81
265,145,67,81
264,156,67,81
272,153,67,81
272,155,67,81
275,158,67,81
278,161,67,81
281,160,67,81
281,158,68,82
282,157,68,82
282,158,68,82
281,159,68,82
279,160,68,82
276,160,68,82
273,159,68,82
272,158,68,82
272,157,68,82
270,156,68,82
262,151,68,82
257,147,69,84
249,146,69,84
242,146,69,84
234,149,69,84
228,151,69,84
220,151,71,85
215,150,71,85
212,149,71,85
210,148,71,85
206,149,71,85
205,149,71,85
204,149,69,84
203,151,69,84
201,153,69,84
202,156,69,84
208,159,69,84
213,162,69,84
220,166,71,85
230,168,72,87
238,172,72,87
247,175,72,87
252,176,72,87
260,178,72,87
264,182,72,87
269,186,72,87
272,189,72,87
275,192,72,87
278,194,72,87
283,195,72,87
289,197,72,87
294,198,72,87
297,199,72,87
300,200,72,87
301,201,72,87
304,199,72,87
312,196,72,87
317,194,72,87
325,190,72,87
333,187,72,87
336,185,72,87
341,189,72,87
344,197,72,87
348,199,73,89
346,191,73,89
345,177,73,89
341,166,72,87
338,162,71,85
335,164,71,85
334,172,69,84
335,184,69,84
337,196,69,84
340,201,69,84
342,197,69,84
342,181,69,84
341,169,69,84
342,156,68,82
342,153,67,81
341,154,67,81
340,162,67,81
334,173,67,81
333,183,67,81
327,187,67,81
319,182,65,79
311,169,65,79
307,161,64,77
306,156,63,76
302,157,63,76
299,164,61,74
296,172,61,74
294,184,61,74
295,194,61,74
298,199,60,73
301,194,60,73
304,188,59,71
305,180,58,70
305,176,57,69
305,175,57,69
304,179,57,69
303,187,57,69
304,195,57,69
303,195,57,69
299,186,57,69
294,178,56,67
292,170,54,66
291,168,53,65
289,167,52,63
290,168,51,62
290,173,51,62
291,181,51,62
292,187,51,62
293,188,51,62
297,173,50,61
300,180,49,60
302,187,49,60
304,190,49,60
305,188,49,60
305,182,48,59
304,172,47,57
303,162,46,56
303,156,45,55
303,151,45,54
304,150,45,54
304,153,45,54
305,157,45,54
306,160,45,54
307,159,45,54
308,152,45,54
307,143,44,53
307,136,43,52
307,131,42,51
306,129,42,51
305,131,42,51
305,135,41,50
303,141,41,50
302,145,41,50
299,144,42,51
296,138,42,51
295,131,42,51
294,127,42,51
293,126,42,51
290,129,42,51
289,134,42,51
288,142,42,51
287,150,42,51
286,153,42,51
286,152,41,50
285,149,41,50
283,153,41,50
284,152,41,50
286,153,41,50
288,155,41,50
290,160,41,50
292,157,41,50
292,158,41,50
291,164,41,50
290,158,41,50
289,151,41,50
290,146,41,50
290,144,41,50
291,145,41,50
292,149,41,50
293,155,41,50
295,159,41,50
293,157,41,50
294,151,41,50
295,145,41,50
297,142,41,50
301,142,41,50
303,144,41,50
304,150,41,50
305,156,41,50
306,158,41,50
306,155,41,50
303,148,41,50
301,140,42,51
302,136,42,51
303,134,42,51
304,136,42,51
304,140,42,51
305,150,42,51
305,158,42,51
306,162,42,51
307,161,42,51
309,155,42,51
310,146,41,50
311,140,41,50
311,137,41,50
311,138,41,50
310,141,41,50
309,146,41,50
308,151,42,51
307,149,43,52
308,144,43,52
308,137,42,51
308,130,41,50
307,126,41,50
306,125,41,50
304,128,41,50
302,134,41,50
300,142,41,50
297,148,41,50
296,147,41,50
295,142,41,50
294,136,41,50
294,134,40,49
294,132,40,49
294,133,40,49
295,137,40,49
294,144,40,49
295,151,40,49
296,155,41,50
298,154,41,50
300,147,41,50
302,141,40,49
304,136,40,48
307,136,39,47
309,138,39,47
310,142,39,47
311,147,39,47
311,149,39,47
312,150,39,47
311,149,39,47
311,148,39,47
310,148,39,47
311,149,39,47
312,150,38,46
314,149,38,46
315,149,38,46
313,148,38,46
311,147,38,46
309,147,38,46
308,146,38,46
307,147,38,46
306,147,38,46
305,147,38,46
304,146,38,46
302,147,38,46
301,149,38,46
300,148,38,46
299,146,38,46
298,145,38,46
296,145,38,46
296,147,38,46
297,148,38,46
299,149,38,46
301,150,38,46
301,151,38,46
302,153,38,46
303,154,39,47
305,156,39,47
307,158,39,47
310,160,38,46
313,162,38,46
317,164,38,46
322,167,38,46
326,173,37,45
326,176,36,44
324,184,36,43
324,188,35,42
322,193,35,42
320,200,36,43
321,207,36,44
319,212,37,45
319,216,38,46
320,218,38,46
