245.0, 64.0, 12.0, 13.0
245.0, 64.0, 12.0, 13.0
245.0, 64.0, 12.0, 13.0
245.0, 64.0, 12.0, 13.0
245.0, 64.0, 12.0, 13.0
245.0, 64.0, 12.0, 13.0
245.0, 64.0, 12.0, 13.0
245.0, 64.0, 12.0, 13.0
245.0, 63.0, 12.0, 13.0
246.0, 63.0, 12.0, 13.0
246.0, 64.0, 12.0, 13.0
246.0, 63.0, 12.0, 13.0
246.0, 63.0, 12.0, 13.0
246.0, 63.0, 12.0, 14.0
246.0, 64.0, 12.0, 14.0
246.0, 64.0, 12.0, 13.0
246.0, 63.0, 12.0, 14.0
246.0, 63.0, 12.0, 14.0
246.0, 64.0, 12.0, 13.0
245.0, 63.0, 12.0, 14.0
245.0, 64.0, 12.0, 13.0
245.0, 63.0, 12.0, 14.0
245.0, 63.0, 12.0, 14.0
245.0, 64.0, 12.0, 13.0
244.0, 64.0, 13.0, 14.0
243.0, 64.0, 12.0, 14.0
242.0, 63.0, 13.0, 15.0
241.0, 64.0, 13.0, 14.0
241.0, 63.0, 13.0, 14.0
240.0, 63.0, 12.0, 14.0
239.0, 63.0, 13.0, 14.0
238.0, 64.0, 13.0, 14.0
237.0, 64.0, 13.0, 14.0
235.0, 64.0, 13.0, 14.0
234.0, 64.0, 13.0, 14.0
233.0, 65.0, 13.0, 14.0
232.0, 65.0, 13.0, 14.0
230.0, 65.0, 13.0, 14.0
228.0, 65.0, 13.0, 14.0
227.0, 65.0, 13.0, 14.0
225.0, 64.0, 13.0, 15.0
223.0, 65.0, 13.0, 14.0
222.0, 65.0, 13.0, 14.0
219.0, 64.0, 13.0, 14.0
218.0, 64.0, 13.0, 14.0
216.0, 64.0, 13.0, 13.0
214.0, 63.0, 12.0, 13.0
212.0, 63.0, 13.0, 13.0
211.0, 62.0, 13.0, 14.0
209.0, 62.0, 13.0, 14.0
207.0, 62.0, 13.0, 14.0
205.0, 62.0, 13.0, 13.0
204.0, 62.0, 13.0, 13.0
202.0, 62.0, 12.0, 13.0
200.0, 62.0, 13.0, 14.0
199.0, 63.0, 12.0, 13.0
197.0, 63.0, 13.0, 13.0
195.0, 63.0, 13.0, 14.0
193.0, 63.0, 13.0, 14.0
191.0, 63.0, 12.0, 13.0
190.0, 63.0, 13.0, 14.0
188.0, 63.0, 13.0, 14.0
186.0, 62.0, 13.0, 14.0
185.0, 62.0, 13.0, 14.0
183.0, 62.0, 13.0, 14.0
181.0, 62.0, 12.0, 13.0
179.0, 62.0, 13.0, 14.0
178.0, 61.0, 13.0, 14.0
176.0, 61.0, 13.0, 14.0
174.0, 61.0, 13.0, 14.0
172.0, 61.0, 13.0, 14.0
170.0, 61.0, 13.0, 14.0
169.0, 62.0, 13.0, 14.0
167.0, 62.0, 13.0, 14.0
165.0, 62.0, 13.0, 14.0
163.0, 63.0, 13.0, 14.0
161.0, 62.0, 13.0, 14.0
160.0, 62.0, 13.0, 14.0
158.0, 62.0, 13.0, 15.0
156.0, 62.0, 13.0, 14.0
155.0, 62.0, 13.0, 14.0
153.0, 61.0, 13.0, 14.0
152.0, 61.0, 14.0, 14.0
151.0, 61.0, 14.0, 14.0
150.0, 60.0, 14.0, 14.0
149.0, 60.0, 14.0, 14.0
149.0, 60.0, 14.0, 14.0
149.0, 61.0, 14.0, 14.0
149.0, 61.0, 14.0, 14.0
149.0, 61.0, 13.0, 14.0
149.0, 61.0, 14.0, 14.0
149.0, 62.0, 14.0, 14.0
149.0, 62.0, 14.0, 14.0
150.0, 62.0, 13.0, 15.0
150.0, 63.0, 14.0, 15.0
151.0, 63.0, 13.0, 14.0
151.0, 62.0, 13.0, 15.0
152.0, 63.0, 13.0, 14.0
152.0, 63.0, 13.0, 14.0
152.0, 62.0, 14.0, 15.0
152.0, 62.0, 13.0, 14.0
152.0, 61.0, 14.0, 15.0
153.0, 61.0, 13.0, 15.0
153.0, 61.0, 14.0, 15.0
153.0, 61.0, 14.0, 15.0
153.0, 61.0, 14.0, 15.0
153.0, 61.0, 14.0, 15.0
153.0, 61.0, 14.0, 15.0
154.0, 61.0, 14.0, 15.0
153.0, 61.0, 14.0, 15.0
154.0, 62.0, 14.0, 15.0
154.0, 62.0, 14.0, 15.0
154.0, 63.0, 14.0, 15.0
154.0, 63.0, 14.0, 16.0
154.0, 64.0, 14.0, 16.0
155.0, 64.0, 14.0, 16.0
155.0, 65.0, 14.0, 16.0
155.0, 65.0, 14.0, 16.0
156.0, 65.0, 14.0, 16.0
156.0, 66.0, 15.0, 16.0
155.0, 65.0, 15.0, 16.0
155.0, 65.0, 16.0, 16.0
155.0, 65.0, 16.0, 17.0
155.0, 65.0, 16.0, 17.0
155.0, 64.0, 16.0, 17.0
154.0, 64.0, 16.0, 18.0
155.0, 63.0, 15.0, 18.0
154.0, 63.0, 15.0, 18.0
154.0, 62.0, 16.0, 17.0
153.0, 61.0, 16.0, 18.0
152.0, 61.0, 16.0, 18.0
151.0, 60.0, 16.0, 18.0
150.0, 60.0, 16.0, 17.0
150.0, 59.0, 16.0, 18.0
149.0, 59.0, 16.0, 17.0
148.0, 59.0, 16.0, 18.0
147.0, 60.0, 16.0, 17.0
147.0, 59.0, 16.0, 18.0
146.0, 60.0, 17.0, 18.0
146.0, 60.0, 16.0, 18.0
146.0, 60.0, 16.0, 18.0
145.0, 60.0, 17.0, 18.0
145.0, 60.0, 17.0, 18.0
145.0, 59.0, 17.0, 19.0
145.0, 59.0, 18.0, 19.0
144.0, 58.0, 17.0, 18.0
144.0, 57.0, 17.0, 19.0
143.0, 56.0, 18.0, 19.0
142.0, 56.0, 17.0, 19.0
141.0, 56.0, 18.0, 19.0
140.0, 56.0, 17.0, 19.0
139.0, 56.0, 17.0, 19.0
138.0, 56.0, 18.0, 19.0
136.0, 56.0, 18.0, 19.0
135.0, 56.0, 17.0, 19.0
134.0, 57.0, 18.0, 19.0
132.0, 57.0, 18.0, 19.0
129.0, 58.0, 18.0, 19.0
128.0, 57.0, 18.0, 19.0
126.0, 58.0, 18.0, 19.0
124.0, 58.0, 18.0, 19.0
122.0, 58.0, 18.0, 19.0
121.0, 58.0, 18.0, 18.0
119.0, 58.0, 17.0, 18.0
118.0, 57.0, 18.0, 19.0
117.0, 56.0, 18.0, 19.0
115.0, 55.0, 18.0, 19.0
114.0, 55.0, 17.0, 19.0
113.0, 54.0, 18.0, 19.0
111.0, 53.0, 17.0, 19.0
110.0, 53.0, 17.0, 19.0
108.0, 53.0, 17.0, 19.0
107.0, 52.0, 18.0, 19.0
106.0, 53.0, 17.0, 19.0
105.0, 53.0, 17.0, 19.0
104.0, 53.0, 17.0, 19.0
103.0, 53.0, 17.0, 19.0
102.0, 53.0, 18.0, 19.0
101.0, 53.0, 18.0, 20.0
101.0, 53.0, 17.0, 20.0
100.0, 53.0, 18.0, 20.0
100.0, 53.0, 17.0, 20.0
99.0, 53.0, 18.0, 20.0
99.0, 53.0, 18.0, 19.0
98.0, 52.0, 18.0, 20.0
98.0, 52.0, 18.0, 20.0
97.0, 52.0, 18.0, 20.0
96.0, 51.0, 19.0, 20.0
95.0, 51.0, 18.0, 21.0
94.0, 51.0, 19.0, 20.0
93.0, 51.0, 19.0, 20.0
92.0, 51.0, 19.0, 21.0
91.0, 52.0, 19.0, 20.0
90.0, 52.0, 19.0, 20.0
89.0, 53.0, 19.0, 20.0
87.0, 53.0, 19.0, 21.0
86.0, 53.0, 19.0, 21.0
84.0, 54.0, 19.0, 21.0
82.0, 55.0, 19.0, 21.0
81.0, 55.0, 19.0, 21.0
79.0, 55.0, 19.0, 21.0
77.0, 55.0, 19.0, 21.0
76.0, 54.0, 19.0, 21.0
75.0, 53.0, 19.0, 21.0
74.0, 53.0, 19.0, 20.0
74.0, 51.0, 19.0, 21.0
74.0, 51.0, 19.0, 21.0
73.0, 50.0, 19.0, 21.0
73.0, 50.0, 20.0, 21.0
73.0, 50.0, 20.0, 22.0
73.0, 50.0, 21.0, 22.0
74.0, 51.0, 20.0, 22.0
74.0, 50.0, 21.0, 22.0
75.0, 51.0, 21.0, 22.0
76.0, 50.0, 21.0, 23.0
78.0, 51.0, 21.0, 23.0
79.0, 51.0, 21.0, 23.0
81.0, 50.0, 20.0, 22.0
82.0, 50.0, 21.0, 22.0
83.0, 49.0, 21.0, 22.0
83.0, 49.0, 21.0, 23.0
84.0, 49.0, 20.0, 23.0
84.0, 48.0, 21.0, 23.0
84.0, 48.0, 22.0, 23.0
85.0, 48.0, 22.0, 23.0
85.0, 48.0, 22.0, 23.0
86.0, 48.0, 22.0, 23.0
87.0, 49.0, 21.0, 23.0
87.0, 48.0, 22.0, 24.0
88.0, 48.0, 21.0, 24.0
88.0, 49.0, 22.0, 24.0
88.0, 49.0, 22.0, 24.0
89.0, 49.0, 22.0, 24.0
88.0, 49.0, 23.0, 25.0
89.0, 50.0, 22.0, 25.0
89.0, 49.0, 23.0, 25.0
89.0, 49.0, 23.0, 24.0
89.0, 48.0, 23.0, 25.0
90.0, 48.0, 23.0, 25.0
90.0, 48.0, 23.0, 24.0
91.0, 47.0, 23.0, 25.0
91.0, 46.0, 23.0, 25.0
91.0, 46.0, 24.0, 25.0
93.0, 46.0, 24.0, 25.0
94.0, 45.0, 23.0, 25.0
93.0, 45.0, 24.0, 25.0
94.0, 44.0, 23.0, 25.0
94.0, 44.0, 23.0, 25.0
94.0, 43.0, 24.0, 25.0
95.0, 44.0, 23.0, 26.0
97.0, 44.0, 24.0, 26.0
97.0, 45.0, 25.0, 26.0
99.0, 46.0, 25.0, 25.0
100.0, 45.0, 26.0, 27.0
100.0, 44.0, 27.0, 28.0
103.0, 45.0, 28.0, 28.0
106.0, 45.0, 28.0, 29.0
107.0, 45.0, 29.0, 31.0
110.0, 46.0, 29.0, 30.0
113.0, 46.0, 28.0, 31.0
116.0, 46.0, 29.0, 31.0
119.0, 47.0, 30.0, 31.0
123.0, 47.0, 30.0, 31.0
126.0, 45.0, 30.0, 30.0
128.0, 45.0, 30.0, 31.0
132.0, 45.0, 29.0, 30.0
134.0, 44.0, 29.0, 30.0
136.0, 43.0, 28.0, 29.0
138.0, 42.0, 29.0, 29.0
139.0, 42.0, 29.0, 29.0
140.0, 41.0, 29.0, 29.0
141.0, 40.0, 29.0, 30.0
144.0, 41.0, 28.0, 29.0
145.0, 40.0, 29.0, 30.0
146.0, 40.0, 30.0, 30.0
148.0, 40.0, 31.0, 31.0
149.0, 40.0, 31.0, 32.0
149.0, 40.0, 32.0, 34.0
152.0, 40.0, 33.0, 34.0
156.0, 41.0, 33.0, 33.0
158.0, 42.0, 33.0, 35.0
162.0, 42.0, 34.0, 34.0
166.0, 44.0, 33.0, 34.0
170.0, 44.0, 32.0, 34.0
174.0, 45.0, 33.0, 35.0
179.0, 45.0, 34.0, 34.0
184.0, 46.0, 33.0, 34.0
187.0, 46.0, 34.0, 35.0
192.0, 46.0, 33.0, 35.0
195.0, 45.0, 33.0, 35.0
199.0, 45.0, 33.0, 34.0
202.0, 45.0, 33.0, 34.0
206.0, 44.0, 33.0, 34.0
208.0, 44.0, 32.0, 34.0
211.0, 44.0, 32.0, 34.0
215.0, 43.0, 32.0, 33.0
217.0, 43.0, 32.0, 33.0
220.0, 44.0, 32.0, 33.0
223.0, 44.0, 32.0, 33.0
226.0, 44.0, 32.0, 33.0
228.0, 45.0, 33.0, 33.0
232.0, 45.0, 32.0, 34.0
235.0, 45.0, 32.0, 34.0
238.0, 46.0, 32.0, 34.0
241.0, 47.0, 32.0, 33.0
244.0, 48.0, 31.0, 33.0
248.0, 48.0, 31.0, 33.0
251.0, 48.0, 30.0, 33.0
253.0, 48.0, 30.0, 33.0
256.0, 48.0, 29.0, 33.0
259.0, 47.0, 30.0, 32.0
262.0, 48.0, 30.0, 33.0
265.0, 47.0, 29.0, 33.0
267.0, 47.0, 28.0, 32.0
271.0, 47.0, 28.0, 31.0
274.0, 48.0, 28.0, 31.0
276.0, 48.0, 28.0, 32.0
280.0, 48.0, 27.0, 31.0
282.0, 49.0, 27.0, 31.0
285.0, 50.0, 28.0, 31.0
287.0, 51.0, 28.0, 31.0
289.0, 50.0, 28.0, 31.0
290.0, 49.0, 28.0, 31.0
293.0, 50.0, 27.0, 30.0
294.0, 49.0, 27.0, 30.0
295.0, 48.0, 26.0, 31.0
296.0, 47.0, 26.0, 29.0
298.0, 46.0, 26.0, 29.0
298.0, 46.0, 26.0, 29.0
299.0, 45.0, 27.0, 30.0
299.0, 43.0, 27.0, 30.0
299.0, 42.0, 27.0, 30.0
300.0, 41.0, 27.0, 31.0
301.0, 40.0, 27.0, 30.0
302.0, 38.0, 27.0, 31.0
302.0, 38.0, 28.0, 31.0
303.0, 37.0, 28.0, 31.0
304.0, 38.0, 29.0, 31.0
305.0, 39.0, 29.0, 32.0
306.0, 41.0, 30.0, 32.0
308.0, 43.0, 31.0, 32.0
310.0, 44.0, 30.0, 32.0
313.0, 45.0, 30.0, 32.0
315.0, 45.0, 30.0, 32.0
318.0, 43.0, 31.0, 33.0
320.0, 43.0, 31.0, 33.0
322.0, 41.0, 31.0, 33.0
323.0, 40.0, 32.0, 35.0
324.0, 38.0, 32.0, 34.0
326.0, 38.0, 33.0, 34.0
325.0, 36.0, 33.0, 35.0
326.0, 36.0, 33.0, 35.0
325.0, 35.0, 33.0, 35.0
324.0, 32.0, 35.0, 37.0
323.0, 31.0, 35.0, 38.0
321.0, 30.0, 36.0, 38.0
319.0, 31.0, 36.0, 38.0
318.0, 30.0, 37.0, 40.0
315.0, 32.0, 37.0, 39.0
314.0, 33.0, 38.0, 40.0
311.0, 33.0, 38.0, 42.0
308.0, 34.0, 38.0, 41.0
304.0, 36.0, 39.0, 41.0
301.0, 37.0, 40.0, 42.0
298.0, 37.0, 40.0, 43.0
295.0, 36.0, 40.0, 43.0
292.0, 37.0, 41.0, 43.0
289.0, 36.0, 40.0, 43.0
286.0, 34.0, 41.0, 43.0
284.0, 33.0, 41.0, 43.0
282.0, 32.0, 42.0, 44.0
279.0, 31.0, 43.0, 45.0
277.0, 29.0, 43.0, 46.0
273.0, 29.0, 44.0, 46.0
271.0, 30.0, 45.0, 46.0
267.0, 31.0, 44.0, 46.0
264.0, 32.0, 45.0, 47.0
262.0, 32.0, 47.0, 48.0
258.0, 31.0, 47.0, 48.0
255.0, 33.0, 47.0, 47.0
253.0, 32.0, 47.0, 49.0
249.0, 32.0, 47.0, 49.0
248.0, 32.0, 46.0, 49.0
246.0, 30.0, 47.0, 49.0
242.0, 31.0, 47.0, 50.0
241.0, 32.0, 48.0, 49.0
237.0, 30.0, 47.0, 50.0
235.0, 29.0, 48.0, 51.0
233.0, 31.0, 47.0, 50.0
229.0, 31.0, 47.0, 51.0
229.0, 32.0, 49.0, 51.0
225.0, 33.0, 48.0, 51.0
223.0, 33.0, 48.0, 51.0
223.0, 35.0, 49.0, 51.0
222.0, 33.0, 48.0, 52.0
223.0, 34.0, 49.0, 52.0
222.0, 32.0, 48.0, 53.0
222.0, 32.0, 48.0, 52.0
222.0, 29.0, 49.0, 54.0
223.0, 30.0, 47.0, 52.0
222.0, 26.0, 48.0, 53.0
222.0, 26.0, 47.0, 53.0
222.0, 22.0, 47.0, 53.0
221.0, 19.0, 48.0, 54.0
221.0, 17.0, 49.0, 53.0
223.0, 16.0, 49.0, 53.0
225.0, 15.0, 47.0, 52.0
227.0, 15.0, 47.0, 52.0
228.0, 14.0, 47.0, 52.0
227.0, 13.0, 47.0, 52.0
226.0, 13.0, 48.0, 52.0
224.0, 14.0, 48.0, 52.0
221.0, 14.0, 49.0, 52.0
218.0, 14.0, 48.0, 52.0
214.0, 15.0, 49.0, 52.0
210.0, 17.0, 49.0, 51.0
204.0, 18.0, 49.0, 52.0
198.0, 20.0, 50.0, 51.0
191.0, 22.0, 50.0, 51.0
182.0, 23.0, 51.0, 51.0
172.0, 25.0, 51.0, 52.0
162.0, 27.0, 52.0, 53.0
150.0, 29.0, 52.0, 52.0
137.0, 30.0, 54.0, 53.0
125.0, 31.0, 53.0, 52.0
116.0, 32.0, 51.0, 52.0
106.0, 33.0, 51.0, 50.0
96.0, 32.0, 51.0, 51.0
87.0, 32.0, 49.0, 49.0
79.0, 31.0, 49.0, 49.0
72.0, 31.0, 49.0, 48.0
67.0, 30.0, 49.0, 49.0
63.0, 29.0, 47.0, 50.0
57.0, 30.0, 47.0, 49.0
55.0, 31.0, 48.0, 49.0
51.0, 31.0, 48.0, 50.0
48.0, 31.0, 47.0, 49.0
45.0, 31.0, 47.0, 49.0
44.0, 30.0, 47.0, 49.0
42.0, 30.0, 48.0, 49.0
41.0, 29.0, 47.0, 49.0
40.0, 28.0, 45.0, 48.0
39.0, 26.0, 46.0, 48.0
39.0, 24.0, 45.0, 48.0
39.0, 22.0, 45.0, 48.0
39.0, 20.0, 45.0, 48.0
38.0, 18.0, 45.0, 48.0
37.0, 17.0, 45.0, 47.0
36.0, 15.0, 46.0, 49.0
36.0, 14.0, 46.0, 48.0
34.0, 13.0, 46.0, 48.0
32.0, 12.0, 46.0, 48.0
30.0, 12.0, 47.0, 49.0
28.0, 12.0, 47.0, 48.0
25.0, 12.0, 48.0, 50.0
21.0, 12.0, 49.0, 50.0
17.0, 12.0, 49.0, 50.0
11.0, 12.0, 51.0, 51.0
6.0, 12.0, 53.0, 50.0
0.0, 11.0, 54.0, 51.0
0.0, 9.0, 54.0, 53.0
0.0, 0.0, 0.0, 0.0
0.0, 0.0, 0.0, 0.0
0.0, 0.0, 0.0, 0.0
0.0, 0.0, 0.0, 0.0
0.0, 0.0, 0.0, 0.0
0.0, 0.0, 0.0, 0.0
0.0, 0.0, 0.0, 0.0
0.0, 0.0, 0.0, 0.0
0.0, 0.0, 0.0, 0.0
0.0, 0.0, 0.0, 0.0
0.0, 0.0, 0.0, 0.0
0.0, 0.0, 0.0, 0.0
0.0, 0.0, 0.0, 0.0
