58.0, 100.0, 28.0, 23.0
60.0, 100.0, 27.0, 22.0
61.0, 100.0, 28.0, 23.0
63.0, 100.0, 27.0, 23.0
63.0, 100.0, 27.0, 24.0
65.0, 101.0, 27.0, 24.0
67.0, 101.0, 27.0, 24.0
69.0, 102.0, 27.0, 24.0
70.0, 103.0, 27.0, 23.0
71.0, 103.0, 27.0, 23.0
71.0, 102.0, 29.0, 23.0
73.0, 104.0, 27.0, 23.0
72.0, 104.0, 26.0, 23.0
72.0, 105.0, 26.0, 23.0
70.0, 105.0, 27.0, 23.0
71.0, 105.0, 26.0, 23.0
70.0, 105.0, 27.0, 24.0
69.0, 106.0, 26.0, 23.0
67.0, 106.0, 27.0, 24.0
67.0, 106.0, 27.0, 24.0
67.0, 106.0, 27.0, 25.0
66.0, 108.0, 28.0, 24.0
66.0, 108.0, 28.0, 23.0
67.0, 109.0, 28.0, 23.0
69.0, 109.0, 28.0, 23.0
69.0, 108.0, 28.0, 22.0
72.0, 108.0, 28.0, 23.0
76.0, 108.0, 27.0, 24.0
82.0, 108.0, 27.0, 23.0
87.0, 109.0, 26.0, 22.0
90.0, 109.0, 26.0, 21.0
92.0, 109.0, 27.0, 21.0
94.0, 110.0, 26.0, 22.0
94.0, 110.0, 26.0, 22.0
95.0, 110.0, 25.0, 21.0
97.0, 110.0, 24.0, 22.0
98.0, 111.0, 25.0, 21.0
98.0, 111.0, 24.0, 21.0
100.0, 112.0, 24.0, 20.0
101.0, 112.0, 24.0, 21.0
103.0, 112.0, 24.0, 20.0
103.0, 112.0, 25.0, 20.0
104.0, 112.0, 24.0, 20.0
106.0, 112.0, 24.0, 20.0
107.0, 112.0, 24.0, 20.0
108.0, 112.0, 24.0, 20.0
108.0, 112.0, 24.0, 20.0
108.0, 111.0, 25.0, 20.0
111.0, 108.0, 25.0, 21.0
111.0, 108.0, 25.0, 21.0
112.0, 105.0, 25.0, 21.0
113.0, 103.0, 26.0, 21.0
115.0, 101.0, 25.0, 21.0
117.0, 99.0, 25.0, 21.0
119.0, 98.0, 25.0, 20.0
119.0, 98.0, 25.0, 20.0
120.0, 97.0, 26.0, 21.0
122.0, 97.0, 26.0, 21.0
124.0, 98.0, 25.0, 20.0
125.0, 98.0, 25.0, 20.0
125.0, 98.0, 25.0, 20.0
126.0, 98.0, 25.0, 20.0
127.0, 99.0, 25.0, 20.0
129.0, 99.0, 24.0, 20.0
130.0, 99.0, 24.0, 21.0
129.0, 99.0, 25.0, 21.0
131.0, 99.0, 25.0, 20.0
133.0, 99.0, 25.0, 21.0
133.0, 99.0, 25.0, 21.0
135.0, 100.0, 25.0, 20.0
137.0, 101.0, 25.0, 19.0
137.0, 101.0, 24.0, 20.0
139.0, 101.0, 24.0, 20.0
141.0, 101.0, 23.0, 20.0
141.0, 100.0, 24.0, 20.0
143.0, 101.0, 25.0, 19.0
145.0, 101.0, 25.0, 20.0
144.0, 101.0, 25.0, 20.0
147.0, 100.0, 25.0, 21.0
147.0, 101.0, 26.0, 21.0
149.0, 101.0, 25.0, 21.0
151.0, 101.0, 26.0, 21.0
153.0, 102.0, 25.0, 22.0
154.0, 101.0, 24.0, 21.0
154.0, 102.0, 24.0, 21.0
156.0, 103.0, 23.0, 20.0
158.0, 103.0, 23.0, 20.0
159.0, 102.0, 23.0, 21.0
160.0, 102.0, 23.0, 21.0
162.0, 102.0, 24.0, 21.0
162.0, 102.0, 24.0, 21.0
163.0, 103.0, 24.0, 20.0
163.0, 103.0, 25.0, 21.0
164.0, 104.0, 24.0, 20.0
167.0, 103.0, 23.0, 21.0
167.0, 103.0, 23.0, 21.0
169.0, 103.0, 22.0, 22.0
170.0, 104.0, 24.0, 21.0
171.0, 104.0, 23.0, 20.0
172.0, 104.0, 23.0, 21.0
172.0, 104.0, 23.0, 21.0
174.0, 105.0, 24.0, 21.0
175.0, 105.0, 25.0, 22.0
177.0, 105.0, 24.0, 22.0
177.0, 105.0, 24.0, 22.0
178.0, 106.0, 25.0, 21.0
179.0, 107.0, 24.0, 21.0
179.0, 108.0, 25.0, 21.0
180.0, 108.0, 25.0, 21.0
181.0, 109.0, 25.0, 20.0
181.0, 109.0, 25.0, 20.0
181.0, 109.0, 25.0, 21.0
181.0, 109.0, 26.0, 21.0
182.0, 110.0, 25.0, 20.0
183.0, 110.0, 25.0, 20.0
184.0, 111.0, 24.0, 20.0
183.0, 111.0, 24.0, 20.0
186.0, 112.0, 22.0, 21.0
185.0, 111.0, 23.0, 21.0
186.0, 112.0, 23.0, 22.0
186.0, 112.0, 23.0, 22.0
186.0, 112.0, 23.0, 22.0
187.0, 112.0, 23.0, 21.0
187.0, 113.0, 22.0, 22.0
186.0, 113.0, 22.0, 23.0
187.0, 113.0, 22.0, 23.0
186.0, 114.0, 23.0, 22.0
187.0, 113.0, 23.0, 23.0
187.0, 113.0, 22.0, 23.0
187.0, 113.0, 22.0, 24.0
185.0, 113.0, 23.0, 24.0
183.0, 115.0, 24.0, 24.0
182.0, 115.0, 25.0, 24.0
179.0, 117.0, 26.0, 24.0
178.0, 119.0, 26.0, 22.0
177.0, 118.0, 26.0, 23.0
176.0, 120.0, 26.0, 22.0
174.0, 119.0, 27.0, 22.0
173.0, 119.0, 26.0, 23.0
173.0, 119.0, 26.0, 23.0
169.0, 121.0, 29.0, 23.0
168.0, 121.0, 29.0, 23.0
167.0, 122.0, 28.0, 22.0
167.0, 122.0, 28.0, 22.0
170.0, 122.0, 27.0, 23.0
165.0, 123.0, 28.0, 22.0
162.0, 123.0, 28.0, 23.0
160.0, 123.0, 29.0, 23.0
158.0, 124.0, 30.0, 21.0
157.0, 123.0, 30.0, 22.0
159.0, 122.0, 29.0, 23.0
155.0, 122.0, 30.0, 23.0
153.0, 123.0, 30.0, 22.0
151.0, 123.0, 30.0, 22.0
151.0, 123.0, 31.0, 22.0
149.0, 125.0, 30.0, 21.0
148.0, 126.0, 28.0, 21.0
147.0, 125.0, 26.0, 22.0
145.0, 123.0, 27.0, 22.0
143.0, 122.0, 27.0, 22.0
142.0, 122.0, 28.0, 22.0
140.0, 119.0, 27.0, 22.0
139.0, 116.0, 27.0, 22.0
138.0, 113.0, 27.0, 21.0
137.0, 111.0, 27.0, 21.0
133.0, 107.0, 28.0, 21.0
134.0, 107.0, 28.0, 21.0
132.0, 105.0, 27.0, 22.0
129.0, 103.0, 27.0, 21.0
128.0, 101.0, 27.0, 23.0
127.0, 101.0, 27.0, 23.0
126.0, 99.0, 28.0, 23.0
125.0, 99.0, 28.0, 22.0
123.0, 97.0, 28.0, 23.0
122.0, 96.0, 29.0, 23.0
122.0, 95.0, 29.0, 22.0
125.0, 95.0, 28.0, 23.0
124.0, 93.0, 27.0, 22.0
124.0, 94.0, 28.0, 23.0
124.0, 95.0, 28.0, 23.0
117.0, 93.0, 29.0, 22.0
113.0, 94.0, 30.0, 22.0
111.0, 92.0, 29.0, 24.0
112.0, 93.0, 28.0, 23.0
109.0, 93.0, 30.0, 23.0
107.0, 92.0, 30.0, 24.0
109.0, 93.0, 29.0, 24.0
107.0, 91.0, 29.0, 24.0
105.0, 91.0, 30.0, 23.0
104.0, 90.0, 30.0, 23.0
103.0, 89.0, 29.0, 24.0
101.0, 89.0, 29.0, 23.0
101.0, 89.0, 29.0, 22.0
100.0, 88.0, 28.0, 23.0
97.0, 87.0, 30.0, 23.0
97.0, 88.0, 29.0, 23.0
95.0, 88.0, 28.0, 23.0
95.0, 89.0, 29.0, 22.0
93.0, 88.0, 29.0, 23.0
92.0, 87.0, 29.0, 23.0
92.0, 87.0, 28.0, 24.0
90.0, 85.0, 29.0, 25.0
91.0, 86.0, 29.0, 25.0
89.0, 84.0, 29.0, 24.0
88.0, 84.0, 29.0, 25.0
85.0, 84.0, 29.0, 24.0
86.0, 84.0, 28.0, 24.0
85.0, 84.0, 29.0, 24.0
84.0, 84.0, 29.0, 24.0
82.0, 82.0, 30.0, 24.0
83.0, 82.0, 30.0, 23.0
81.0, 82.0, 31.0, 24.0
81.0, 82.0, 30.0, 24.0
82.0, 81.0, 29.0, 23.0
80.0, 80.0, 29.0, 23.0
79.0, 79.0, 29.0, 24.0
79.0, 78.0, 29.0, 24.0
77.0, 78.0, 29.0, 24.0
76.0, 77.0, 30.0, 24.0
77.0, 78.0, 29.0, 24.0
79.0, 81.0, 29.0, 26.0
78.0, 80.0, 30.0, 26.0
76.0, 78.0, 29.0, 26.0
75.0, 78.0, 29.0, 26.0
74.0, 76.0, 29.0, 25.0
73.0, 77.0, 29.0, 25.0
73.0, 77.0, 29.0, 25.0
72.0, 75.0, 30.0, 26.0
72.0, 76.0, 29.0, 25.0
71.0, 76.0, 30.0, 26.0
71.0, 75.0, 31.0, 26.0
70.0, 75.0, 31.0, 26.0
69.0, 74.0, 30.0, 25.0
69.0, 74.0, 29.0, 25.0
67.0, 72.0, 30.0, 25.0
66.0, 72.0, 30.0, 25.0
67.0, 72.0, 30.0, 26.0
66.0, 71.0, 31.0, 26.0
66.0, 71.0, 31.0, 27.0
64.0, 71.0, 31.0, 27.0
64.0, 71.0, 30.0, 26.0
62.0, 69.0, 31.0, 27.0
61.0, 69.0, 32.0, 27.0
59.0, 68.0, 33.0, 28.0
60.0, 68.0, 31.0, 27.0
59.0, 68.0, 32.0, 26.0
58.0, 66.0, 32.0, 26.0
58.0, 67.0, 32.0, 26.0
58.0, 66.0, 32.0, 27.0
59.0, 66.0, 30.0, 26.0
56.0, 65.0, 32.0, 27.0
57.0, 65.0, 30.0, 26.0
58.0, 65.0, 30.0, 26.0
57.0, 63.0, 31.0, 26.0
57.0, 63.0, 31.0, 27.0
57.0, 63.0, 31.0, 26.0
57.0, 63.0, 31.0, 27.0
58.0, 62.0, 31.0, 26.0
58.0, 61.0, 30.0, 26.0
58.0, 61.0, 30.0, 27.0
58.0, 60.0, 30.0, 26.0
57.0, 60.0, 31.0, 27.0
56.0, 60.0, 30.0, 27.0
57.0, 60.0, 30.0, 27.0
56.0, 59.0, 31.0, 27.0
55.0, 58.0, 32.0, 27.0
55.0, 58.0, 32.0, 27.0
53.0, 57.0, 33.0, 27.0
52.0, 56.0, 34.0, 27.0
52.0, 57.0, 34.0, 27.0
52.0, 55.0, 33.0, 28.0
52.0, 55.0, 34.0, 27.0
51.0, 54.0, 34.0, 27.0
51.0, 54.0, 34.0, 27.0
51.0, 53.0, 35.0, 28.0
52.0, 53.0, 35.0, 28.0
52.0, 52.0, 34.0, 28.0
52.0, 50.0, 35.0, 28.0
54.0, 50.0, 34.0, 28.0
54.0, 51.0, 33.0, 28.0
53.0, 50.0, 34.0, 27.0
52.0, 49.0, 34.0, 27.0
53.0, 50.0, 33.0, 27.0
52.0, 50.0, 34.0, 27.0
54.0, 50.0, 33.0, 27.0
52.0, 49.0, 34.0, 27.0
52.0, 49.0, 35.0, 28.0
50.0, 49.0, 35.0, 28.0
50.0, 48.0, 36.0, 28.0
50.0, 48.0, 35.0, 28.0
49.0, 48.0, 36.0, 27.0
48.0, 46.0, 38.0, 28.0
46.0, 45.0, 38.0, 27.0
47.0, 45.0, 38.0, 27.0
49.0, 45.0, 36.0, 26.0
49.0, 45.0, 36.0, 27.0
48.0, 44.0, 36.0, 27.0
48.0, 43.0, 36.0, 28.0
50.0, 44.0, 35.0, 27.0
50.0, 44.0, 35.0, 27.0
48.0, 43.0, 36.0, 27.0
49.0, 43.0, 33.0, 27.0
50.0, 42.0, 33.0, 27.0
51.0, 43.0, 32.0, 25.0
51.0, 42.0, 32.0, 25.0
50.0, 41.0, 32.0, 26.0
50.0, 41.0, 32.0, 26.0
51.0, 41.0, 32.0, 25.0
51.0, 40.0, 30.0, 25.0
49.0, 40.0, 31.0, 26.0
49.0, 40.0, 32.0, 26.0
49.0, 40.0, 31.0, 25.0
48.0, 40.0, 31.0, 25.0
47.0, 40.0, 31.0, 25.0
48.0, 40.0, 30.0, 24.0
46.0, 39.0, 32.0, 24.0
45.0, 39.0, 32.0, 24.0
45.0, 38.0, 32.0, 25.0
45.0, 39.0, 32.0, 23.0
43.0, 38.0, 33.0, 24.0
45.0, 38.0, 31.0, 24.0
44.0, 37.0, 31.0, 24.0
45.0, 37.0, 30.0, 23.0
45.0, 38.0, 29.0, 22.0
45.0, 37.0, 29.0, 23.0
45.0, 38.0, 28.0, 22.0
45.0, 37.0, 29.0, 22.0
45.0, 37.0, 29.0, 22.0
44.0, 36.0, 29.0, 23.0
41.0, 35.0, 30.0, 23.0
42.0, 36.0, 29.0, 22.0
42.0, 36.0, 29.0, 22.0
41.0, 36.0, 29.0, 22.0
40.0, 35.0, 29.0, 22.0
36.0, 35.0, 30.0, 22.0
36.0, 35.0, 30.0, 23.0
35.0, 35.0, 30.0, 23.0
35.0, 35.0, 30.0, 23.0
33.0, 35.0, 30.0, 23.0
32.0, 35.0, 31.0, 23.0
31.0, 34.0, 30.0, 23.0
32.0, 35.0, 29.0, 21.0
30.0, 34.0, 29.0, 22.0
30.0, 35.0, 27.0, 21.0
29.0, 34.0, 27.0, 21.0
28.0, 34.0, 27.0, 21.0
26.0, 34.0, 27.0, 22.0
26.0, 34.0, 26.0, 22.0
26.0, 34.0, 25.0, 21.0
24.0, 36.0, 24.0, 22.0
23.0, 37.0, 23.0, 22.0
23.0, 37.0, 23.0, 22.0
22.0, 37.0, 24.0, 22.0
21.0, 37.0, 24.0, 22.0
22.0, 36.0, 24.0, 22.0
23.0, 37.0, 24.0, 21.0
21.0, 37.0, 23.0, 23.0
21.0, 39.0, 22.0, 22.0
21.0, 39.0, 22.0, 22.0
20.0, 38.0, 22.0, 23.0
20.0, 40.0, 22.0, 22.0
20.0, 40.0, 21.0, 22.0
20.0, 42.0, 21.0, 21.0
20.0, 41.0, 21.0, 22.0
20.0, 41.0, 21.0, 21.0
20.0, 42.0, 20.0, 22.0
20.0, 43.0, 20.0, 21.0
19.0, 43.0, 21.0, 22.0
18.0, 42.0, 22.0, 22.0
18.0, 42.0, 22.0, 21.0
19.0, 43.0, 21.0, 22.0
19.0, 42.0, 21.0, 23.0
18.0, 45.0, 21.0, 22.0
18.0, 45.0, 21.0, 22.0
18.0, 46.0, 20.0, 22.0
17.0, 44.0, 21.0, 22.0
17.0, 45.0, 21.0, 23.0
18.0, 46.0, 21.0, 22.0
19.0, 45.0, 21.0, 23.0
19.0, 45.0, 21.0, 23.0
18.0, 46.0, 20.0, 23.0
19.0, 47.0, 20.0, 22.0
19.0, 47.0, 20.0, 23.0
18.0, 48.0, 20.0, 24.0
19.0, 48.0, 19.0, 24.0
19.0, 49.0, 20.0, 23.0
19.0, 49.0, 20.0, 23.0
20.0, 49.0, 20.0, 22.0
19.0, 50.0, 19.0, 23.0
18.0, 51.0, 20.0, 24.0
17.0, 51.0, 21.0, 24.0
17.0, 51.0, 21.0, 24.0
15.0, 51.0, 23.0, 25.0
14.0, 51.0, 24.0, 25.0
15.0, 53.0, 23.0, 24.0
15.0, 52.0, 23.0, 24.0
14.0, 52.0, 24.0, 25.0
14.0, 53.0, 24.0, 25.0
14.0, 54.0, 24.0, 24.0
15.0, 53.0, 23.0, 24.0
15.0, 53.0, 23.0, 24.0
16.0, 55.0, 23.0, 24.0
17.0, 56.0, 23.0, 23.0
17.0, 55.0, 23.0, 23.0
16.0, 55.0, 23.0, 24.0
17.0, 55.0, 23.0, 24.0
20.0, 57.0, 21.0, 23.0
19.0, 57.0, 23.0, 23.0
21.0, 58.0, 22.0, 23.0
21.0, 59.0, 22.0, 22.0
21.0, 58.0, 23.0, 23.0
21.0, 59.0, 23.0, 23.0
22.0, 60.0, 22.0, 22.0
22.0, 61.0, 22.0, 22.0
22.0, 61.0, 22.0, 22.0
23.0, 62.0, 22.0, 21.0
23.0, 62.0, 22.0, 22.0
23.0, 63.0, 21.0, 21.0
26.0, 64.0, 20.0, 20.0
25.0, 65.0, 21.0, 21.0
24.0, 64.0, 21.0, 21.0
25.0, 65.0, 22.0, 21.0
25.0, 65.0, 21.0, 20.0
27.0, 66.0, 20.0, 20.0
28.0, 66.0, 20.0, 20.0
28.0, 67.0, 21.0, 20.0
28.0, 67.0, 21.0, 20.0
28.0, 67.0, 21.0, 20.0
31.0, 68.0, 20.0, 21.0
32.0, 69.0, 20.0, 21.0
32.0, 69.0, 21.0, 20.0
33.0, 70.0, 21.0, 20.0
34.0, 70.0, 21.0, 21.0
35.0, 70.0, 21.0, 20.0
35.0, 71.0, 22.0, 21.0
35.0, 71.0, 22.0, 21.0
36.0, 72.0, 22.0, 20.0
36.0, 72.0, 21.0, 20.0
35.0, 72.0, 23.0, 20.0
36.0, 73.0, 23.0, 20.0
38.0, 74.0, 22.0, 20.0
39.0, 75.0, 21.0, 19.0
40.0, 76.0, 22.0, 19.0
40.0, 76.0, 23.0, 20.0
40.0, 76.0, 23.0, 20.0
41.0, 76.0, 23.0, 20.0
42.0, 76.0, 22.0, 21.0
43.0, 77.0, 22.0, 21.0
44.0, 77.0, 22.0, 21.0
44.0, 77.0, 22.0, 21.0
45.0, 77.0, 22.0, 21.0
44.0, 78.0, 23.0, 21.0
47.0, 78.0, 22.0, 22.0
47.0, 78.0, 22.0, 22.0
48.0, 79.0, 23.0, 22.0
49.0, 79.0, 23.0, 22.0
50.0, 79.0, 23.0, 22.0
51.0, 80.0, 23.0, 22.0
51.0, 80.0, 23.0, 21.0
52.0, 80.0, 23.0, 22.0
54.0, 81.0, 23.0, 22.0
54.0, 81.0, 23.0, 22.0
54.0, 81.0, 23.0, 22.0
55.0, 82.0, 22.0, 21.0
56.0, 82.0, 23.0, 22.0
57.0, 83.0, 24.0, 21.0
56.0, 83.0, 24.0, 21.0
58.0, 84.0, 24.0, 20.0
59.0, 84.0, 24.0, 21.0
60.0, 85.0, 24.0, 21.0
61.0, 86.0, 24.0, 21.0
61.0, 86.0, 25.0, 21.0
62.0, 86.0, 24.0, 22.0
63.0, 86.0, 24.0, 22.0
63.0, 87.0, 25.0, 22.0
65.0, 87.0, 24.0, 22.0
65.0, 87.0, 24.0, 22.0
66.0, 88.0, 24.0, 23.0
68.0, 88.0, 24.0, 23.0
69.0, 89.0, 24.0, 22.0
70.0, 90.0, 24.0, 21.0
72.0, 90.0, 24.0, 21.0
72.0, 90.0, 25.0, 22.0
72.0, 90.0, 24.0, 22.0
73.0, 91.0, 25.0, 22.0
76.0, 91.0, 24.0, 22.0
77.0, 92.0, 25.0, 22.0
77.0, 92.0, 25.0, 22.0
78.0, 92.0, 25.0, 23.0
80.0, 93.0, 25.0, 21.0
80.0, 94.0, 26.0, 21.0
82.0, 94.0, 27.0, 21.0
83.0, 95.0, 27.0, 22.0
83.0, 95.0, 27.0, 22.0
85.0, 95.0, 27.0, 22.0
86.0, 96.0, 28.0, 22.0
88.0, 96.0, 27.0, 22.0
88.0, 96.0, 27.0, 22.0
90.0, 96.0, 26.0, 22.0
91.0, 96.0, 26.0, 22.0
93.0, 97.0, 27.0, 21.0
92.0, 96.0, 28.0, 22.0
94.0, 97.0, 28.0, 22.0
96.0, 97.0, 27.0, 22.0
98.0, 97.0, 27.0, 23.0
98.0, 98.0, 27.0, 23.0
99.0, 98.0, 28.0, 23.0
100.0, 97.0, 28.0, 23.0
102.0, 98.0, 29.0, 23.0
104.0, 97.0, 28.0, 24.0
106.0, 98.0, 28.0, 24.0
106.0, 98.0, 28.0, 24.0
108.0, 98.0, 29.0, 25.0
109.0, 99.0, 29.0, 24.0
111.0, 99.0, 31.0, 24.0
114.0, 99.0, 30.0, 25.0
113.0, 99.0, 31.0, 26.0
115.0, 99.0, 31.0, 26.0
116.0, 100.0, 32.0, 26.0
118.0, 99.0, 32.0, 26.0
120.0, 99.0, 32.0, 27.0
120.0, 99.0, 33.0, 27.0
122.0, 99.0, 32.0, 27.0
124.0, 100.0, 32.0, 26.0
126.0, 101.0, 32.0, 24.0
126.0, 100.0, 32.0, 25.0
127.0, 101.0, 32.0, 25.0
129.0, 100.0, 31.0, 26.0
131.0, 100.0, 32.0, 26.0
131.0, 100.0, 32.0, 26.0
133.0, 99.0, 32.0, 26.0
135.0, 100.0, 33.0, 26.0
137.0, 100.0, 33.0, 26.0
140.0, 99.0, 33.0, 26.0
140.0, 99.0, 33.0, 26.0
142.0, 99.0, 34.0, 26.0
143.0, 99.0, 34.0, 27.0
147.0, 98.0, 33.0, 26.0
150.0, 95.0, 35.0, 28.0
150.0, 99.0, 33.0, 26.0
152.0, 95.0, 33.0, 27.0
154.0, 97.0, 33.0, 27.0
156.0, 95.0, 32.0, 27.0
156.0, 96.0, 33.0, 28.0
156.0, 96.0, 33.0, 28.0
159.0, 96.0, 32.0, 27.0
160.0, 95.0, 33.0, 27.0
160.0, 95.0, 34.0, 27.0
163.0, 95.0, 33.0, 26.0
164.0, 94.0, 32.0, 27.0
164.0, 94.0, 33.0, 27.0
165.0, 95.0, 33.0, 26.0
166.0, 94.0, 32.0, 26.0
169.0, 94.0, 32.0, 27.0
170.0, 94.0, 32.0, 27.0
170.0, 93.0, 32.0, 27.0
172.0, 94.0, 32.0, 27.0
174.0, 92.0, 32.0, 28.0
175.0, 93.0, 34.0, 28.0
177.0, 92.0, 34.0, 28.0
177.0, 92.0, 34.0, 28.0
179.0, 92.0, 32.0, 27.0
180.0, 92.0, 33.0, 27.0
181.0, 92.0, 34.0, 27.0
180.0, 87.0, 36.0, 29.0
182.0, 91.0, 35.0, 28.0
183.0, 91.0, 35.0, 28.0
182.0, 91.0, 34.0, 28.0
182.0, 90.0, 34.0, 27.0
183.0, 87.0, 35.0, 28.0
183.0, 91.0, 34.0, 27.0
182.0, 90.0, 34.0, 27.0
182.0, 92.0, 33.0, 26.0
182.0, 91.0, 32.0, 27.0
183.0, 89.0, 30.0, 27.0
184.0, 88.0, 30.0, 26.0
184.0, 88.0, 31.0, 26.0
184.0, 87.0, 29.0, 26.0
184.0, 87.0, 29.0, 26.0
183.0, 86.0, 29.0, 26.0
183.0, 85.0, 29.0, 26.0
183.0, 85.0, 29.0, 26.0
184.0, 85.0, 29.0, 27.0
184.0, 84.0, 29.0, 26.0
184.0, 84.0, 27.0, 25.0
178.0, 81.0, 28.0, 26.0
170.0, 78.0, 31.0, 26.0
167.0, 76.0, 32.0, 27.0
168.0, 77.0, 31.0, 26.0
168.0, 76.0, 31.0, 27.0
167.0, 76.0, 32.0, 27.0
167.0, 75.0, 31.0, 27.0
167.0, 75.0, 31.0, 26.0
163.0, 74.0, 30.0, 26.0
163.0, 75.0, 29.0, 25.0
161.0, 75.0, 30.0, 24.0
163.0, 75.0, 30.0, 24.0
169.0, 77.0, 29.0, 22.0
160.0, 75.0, 29.0, 23.0
154.0, 73.0, 28.0, 23.0
153.0, 73.0, 28.0, 23.0
154.0, 73.0, 29.0, 24.0
153.0, 72.0, 30.0, 24.0
151.0, 72.0, 29.0, 23.0
153.0, 74.0, 27.0, 22.0
152.0, 73.0, 27.0, 22.0
151.0, 73.0, 26.0, 21.0
152.0, 73.0, 25.0, 22.0
150.0, 73.0, 26.0, 21.0
149.0, 72.0, 26.0, 23.0
146.0, 70.0, 28.0, 24.0
145.0, 70.0, 28.0, 24.0
144.0, 70.0, 28.0, 24.0
141.0, 70.0, 30.0, 24.0
141.0, 71.0, 29.0, 23.0
138.0, 70.0, 31.0, 24.0
135.0, 69.0, 32.0, 24.0
136.0, 70.0, 31.0, 24.0
133.0, 71.0, 31.0, 23.0
131.0, 70.0, 31.0, 23.0
128.0, 70.0, 30.0, 23.0
127.0, 70.0, 30.0, 23.0
125.0, 70.0, 31.0, 23.0
126.0, 69.0, 30.0, 23.0
125.0, 69.0, 28.0, 22.0
123.0, 68.0, 29.0, 21.0
122.0, 69.0, 29.0, 22.0
120.0, 68.0, 29.0, 21.0
121.0, 68.0, 28.0, 21.0
121.0, 68.0, 29.0, 22.0
120.0, 67.0, 29.0, 23.0
118.0, 67.0, 29.0, 22.0
118.0, 67.0, 29.0, 22.0
116.0, 67.0, 29.0, 22.0
116.0, 66.0, 29.0, 22.0
115.0, 67.0, 28.0, 22.0
113.0, 65.0, 29.0, 22.0
110.0, 65.0, 29.0, 22.0
109.0, 66.0, 29.0, 21.0
109.0, 66.0, 29.0, 22.0
108.0, 66.0, 28.0, 22.0
106.0, 65.0, 27.0, 22.0
104.0, 65.0, 28.0, 22.0
102.0, 63.0, 26.0, 22.0
102.0, 64.0, 27.0, 22.0
102.0, 64.0, 27.0, 22.0
100.0, 63.0, 27.0, 23.0
99.0, 62.0, 26.0, 23.0
98.0, 61.0, 28.0, 23.0
98.0, 62.0, 28.0, 23.0
97.0, 61.0, 28.0, 23.0
96.0, 61.0, 28.0, 23.0
96.0, 61.0, 27.0, 22.0
96.0, 61.0, 27.0, 22.0
96.0, 60.0, 26.0, 22.0
93.0, 59.0, 26.0, 22.0
94.0, 59.0, 26.0, 22.0
92.0, 58.0, 26.0, 22.0
92.0, 58.0, 25.0, 22.0
92.0, 58.0, 25.0, 21.0
89.0, 57.0, 25.0, 22.0
89.0, 57.0, 26.0, 23.0
87.0, 58.0, 26.0, 22.0
84.0, 57.0, 26.0, 22.0
84.0, 57.0, 26.0, 22.0
82.0, 57.0, 26.0, 23.0
82.0, 56.0, 27.0, 23.0
81.0, 55.0, 25.0, 23.0
80.0, 54.0, 27.0, 24.0
80.0, 54.0, 27.0, 23.0
78.0, 55.0, 26.0, 23.0
78.0, 54.0, 26.0, 22.0
77.0, 54.0, 26.0, 22.0
77.0, 54.0, 27.0, 22.0
76.0, 54.0, 27.0, 22.0
75.0, 53.0, 27.0, 21.0
76.0, 53.0, 26.0, 21.0
76.0, 53.0, 26.0, 21.0
75.0, 53.0, 26.0, 21.0
75.0, 52.0, 26.0, 22.0
74.0, 51.0, 25.0, 22.0
72.0, 50.0, 26.0, 22.0
73.0, 51.0, 26.0, 22.0
71.0, 50.0, 26.0, 22.0
70.0, 50.0, 26.0, 23.0
68.0, 49.0, 27.0, 23.0
67.0, 49.0, 27.0, 22.0
66.0, 50.0, 26.0, 21.0
65.0, 50.0, 27.0, 22.0
64.0, 49.0, 27.0, 22.0
63.0, 48.0, 28.0, 23.0
61.0, 46.0, 28.0, 23.0
60.0, 46.0, 29.0, 24.0
60.0, 46.0, 28.0, 23.0
60.0, 46.0, 28.0, 23.0
59.0, 46.0, 28.0, 23.0
58.0, 44.0, 28.0, 23.0
59.0, 45.0, 27.0, 22.0
59.0, 45.0, 27.0, 22.0
59.0, 45.0, 27.0, 22.0
60.0, 45.0, 28.0, 22.0
59.0, 44.0, 27.0, 23.0
57.0, 43.0, 27.0, 22.0
58.0, 44.0, 27.0, 21.0
57.0, 42.0, 28.0, 22.0
57.0, 43.0, 27.0, 22.0
56.0, 42.0, 27.0, 22.0
55.0, 42.0, 27.0, 22.0
55.0, 42.0, 26.0, 22.0
54.0, 42.0, 26.0, 21.0
53.0, 42.0, 26.0, 21.0
52.0, 41.0, 26.0, 22.0
51.0, 41.0, 27.0, 22.0
51.0, 41.0, 27.0, 22.0
51.0, 41.0, 27.0, 21.0
49.0, 41.0, 28.0, 21.0
48.0, 39.0, 27.0, 22.0
48.0, 40.0, 28.0, 21.0
48.0, 40.0, 27.0, 20.0
48.0, 40.0, 27.0, 20.0
48.0, 40.0, 27.0, 20.0
47.0, 40.0, 26.0, 20.0
45.0, 39.0, 27.0, 19.0
45.0, 38.0, 27.0, 20.0
47.0, 39.0, 26.0, 20.0
46.0, 38.0, 25.0, 20.0
45.0, 38.0, 25.0, 19.0
45.0, 38.0, 26.0, 20.0
43.0, 38.0, 26.0, 20.0
43.0, 38.0, 26.0, 20.0
42.0, 37.0, 27.0, 20.0
41.0, 38.0, 26.0, 19.0
40.0, 38.0, 26.0, 19.0
39.0, 38.0, 27.0, 19.0
38.0, 37.0, 27.0, 20.0
37.0, 37.0, 26.0, 20.0
36.0, 36.0, 27.0, 21.0
35.0, 36.0, 26.0, 21.0
35.0, 37.0, 26.0, 20.0
34.0, 36.0, 26.0, 20.0
34.0, 36.0, 25.0, 19.0
33.0, 36.0, 24.0, 19.0
34.0, 37.0, 25.0, 19.0
34.0, 37.0, 24.0, 18.0
34.0, 37.0, 24.0, 17.0
33.0, 36.0, 23.0, 18.0
33.0, 36.0, 22.0, 17.0
32.0, 37.0, 23.0, 17.0
32.0, 37.0, 23.0, 17.0
31.0, 36.0, 23.0, 17.0
30.0, 37.0, 22.0, 17.0
29.0, 36.0, 23.0, 17.0
27.0, 36.0, 23.0, 18.0
27.0, 36.0, 23.0, 18.0
25.0, 36.0, 24.0, 18.0
24.0, 35.0, 23.0, 18.0
24.0, 36.0, 24.0, 18.0
24.0, 36.0, 24.0, 18.0
23.0, 36.0, 23.0, 19.0
22.0, 34.0, 23.0, 21.0
20.0, 34.0, 22.0, 21.0
22.0, 35.0, 22.0, 20.0
23.0, 36.0, 22.0, 19.0
24.0, 37.0, 22.0, 19.0
24.0, 36.0, 22.0, 20.0
24.0, 36.0, 22.0, 20.0
25.0, 36.0, 22.0, 20.0
26.0, 36.0, 22.0, 19.0
24.0, 36.0, 23.0, 20.0
23.0, 35.0, 23.0, 21.0
24.0, 35.0, 23.0, 21.0
24.0, 36.0, 22.0, 21.0
23.0, 36.0, 22.0, 20.0
21.0, 35.0, 22.0, 20.0
22.0, 35.0, 22.0, 20.0
22.0, 37.0, 22.0, 20.0
22.0, 37.0, 23.0, 21.0
19.0, 37.0, 22.0, 23.0
18.0, 38.0, 24.0, 24.0
18.0, 39.0, 23.0, 24.0
18.0, 39.0, 23.0, 23.0
18.0, 41.0, 22.0, 23.0
18.0, 40.0, 22.0, 23.0
18.0, 42.0, 22.0, 23.0
18.0, 42.0, 22.0, 24.0
18.0, 42.0, 22.0, 24.0
18.0, 42.0, 21.0, 23.0
18.0, 45.0, 21.0, 23.0
17.0, 44.0, 21.0, 23.0
18.0, 45.0, 20.0, 23.0
17.0, 46.0, 21.0, 23.0
18.0, 46.0, 21.0, 24.0
18.0, 46.0, 21.0, 23.0
20.0, 46.0, 21.0, 23.0
20.0, 47.0, 20.0, 23.0
19.0, 47.0, 20.0, 23.0
20.0, 47.0, 20.0, 23.0
20.0, 49.0, 20.0, 22.0
21.0, 49.0, 19.0, 23.0
20.0, 49.0, 20.0, 23.0
20.0, 50.0, 21.0, 24.0
21.0, 50.0, 21.0, 23.0
21.0, 51.0, 20.0, 23.0
20.0, 51.0, 21.0, 23.0
20.0, 51.0, 21.0, 24.0
20.0, 52.0, 20.0, 23.0
20.0, 53.0, 21.0, 23.0
20.0, 53.0, 21.0, 23.0
20.0, 54.0, 21.0, 23.0
21.0, 54.0, 21.0, 23.0
21.0, 54.0, 21.0, 23.0
22.0, 55.0, 21.0, 23.0
21.0, 55.0, 21.0, 23.0
21.0, 56.0, 21.0, 23.0
22.0, 56.0, 21.0, 23.0
22.0, 56.0, 21.0, 23.0
27.0, 61.0, 20.0, 19.0
26.0, 59.0, 20.0, 20.0
25.0, 59.0, 20.0, 21.0
24.0, 59.0, 20.0, 22.0
25.0, 60.0, 20.0, 21.0
26.0, 61.0, 20.0, 21.0
24.0, 62.0, 20.0, 21.0
26.0, 63.0, 20.0, 21.0
25.0, 63.0, 20.0, 21.0
26.0, 63.0, 20.0, 21.0
24.0, 63.0, 20.0, 22.0
24.0, 65.0, 20.0, 21.0
24.0, 65.0, 21.0, 22.0
26.0, 66.0, 20.0, 21.0
24.0, 67.0, 21.0, 22.0
23.0, 67.0, 21.0, 22.0
24.0, 67.0, 22.0, 22.0
25.0, 68.0, 22.0, 23.0
24.0, 68.0, 23.0, 23.0
26.0, 71.0, 22.0, 21.0
27.0, 71.0, 22.0, 22.0
27.0, 71.0, 22.0, 22.0
27.0, 71.0, 23.0, 23.0
27.0, 72.0, 23.0, 23.0
26.0, 72.0, 24.0, 23.0
26.0, 73.0, 23.0, 22.0
25.0, 73.0, 24.0, 23.0
26.0, 73.0, 23.0, 23.0
25.0, 74.0, 24.0, 23.0
27.0, 77.0, 23.0, 22.0
27.0, 76.0, 23.0, 22.0
27.0, 77.0, 23.0, 22.0
27.0, 78.0, 24.0, 22.0
27.0, 80.0, 23.0, 22.0
27.0, 81.0, 24.0, 22.0
28.0, 81.0, 23.0, 23.0
27.0, 81.0, 23.0, 23.0
28.0, 81.0, 23.0, 23.0
28.0, 82.0, 23.0, 23.0
29.0, 82.0, 24.0, 23.0
29.0, 85.0, 24.0, 22.0
31.0, 84.0, 23.0, 23.0
30.0, 85.0, 23.0, 22.0
33.0, 86.0, 22.0, 23.0
33.0, 86.0, 23.0, 23.0
31.0, 87.0, 24.0, 23.0
32.0, 87.0, 23.0, 24.0
31.0, 88.0, 24.0, 24.0
31.0, 86.0, 25.0, 25.0
30.0, 88.0, 25.0, 24.0
31.0, 91.0, 24.0, 23.0
31.0, 89.0, 24.0, 24.0
32.0, 92.0, 24.0, 23.0
32.0, 92.0, 24.0, 23.0
32.0, 93.0, 25.0, 23.0
33.0, 94.0, 24.0, 24.0
33.0, 94.0, 24.0, 24.0
33.0, 95.0, 23.0, 24.0
34.0, 96.0, 23.0, 24.0
35.0, 97.0, 22.0, 24.0
34.0, 96.0, 24.0, 24.0
35.0, 99.0, 24.0, 24.0
35.0, 98.0, 24.0, 24.0
37.0, 99.0, 23.0, 23.0
41.0, 100.0, 23.0, 23.0
40.0, 101.0, 23.0, 24.0
40.0, 101.0, 23.0, 25.0
39.0, 100.0, 24.0, 25.0
39.0, 100.0, 24.0, 24.0
40.0, 102.0, 25.0, 25.0
40.0, 103.0, 24.0, 25.0
41.0, 103.0, 24.0, 25.0
42.0, 106.0, 23.0, 24.0
41.0, 105.0, 23.0, 25.0
42.0, 107.0, 24.0, 24.0
43.0, 109.0, 24.0, 24.0
42.0, 109.0, 24.0, 25.0
44.0, 111.0, 25.0, 25.0
45.0, 111.0, 25.0, 26.0
46.0, 114.0, 25.0, 25.0
44.0, 111.0, 26.0, 27.0
45.0, 114.0, 26.0, 26.0
46.0, 113.0, 26.0, 26.0
46.0, 114.0, 26.0, 27.0
47.0, 116.0, 25.0, 26.0
47.0, 116.0, 27.0, 26.0
48.0, 118.0, 27.0, 26.0
49.0, 118.0, 28.0, 26.0
49.0, 118.0, 28.0, 27.0
51.0, 119.0, 27.0, 27.0
50.0, 120.0, 28.0, 27.0
52.0, 122.0, 28.0, 27.0
52.0, 122.0, 29.0, 28.0
52.0, 122.0, 29.0, 28.0
54.0, 123.0, 28.0, 28.0
53.0, 123.0, 28.0, 28.0
54.0, 124.0, 29.0, 29.0
54.0, 124.0, 28.0, 29.0
56.0, 126.0, 27.0, 29.0
56.0, 127.0, 28.0, 29.0
56.0, 128.0, 29.0, 29.0
57.0, 129.0, 29.0, 29.0
56.0, 129.0, 30.0, 29.0
56.0, 130.0, 29.0, 30.0
56.0, 131.0, 30.0, 30.0
58.0, 131.0, 31.0, 30.0
58.0, 131.0, 31.0, 30.0
58.0, 131.0, 31.0, 30.0
59.0, 133.0, 31.0, 30.0
62.0, 134.0, 31.0, 31.0
67.0, 138.0, 30.0, 30.0
67.0, 138.0, 30.0, 32.0
67.0, 139.0, 29.0, 31.0
68.0, 140.0, 30.0, 31.0
68.0, 139.0, 29.0, 31.0
67.0, 139.0, 30.0, 32.0
67.0, 140.0, 31.0, 32.0
70.0, 142.0, 30.0, 32.0
69.0, 141.0, 30.0, 32.0
69.0, 145.0, 31.0, 31.0
71.0, 146.0, 30.0, 31.0
73.0, 147.0, 29.0, 31.0
74.0, 148.0, 29.0, 30.0
74.0, 149.0, 29.0, 30.0
74.0, 151.0, 30.0, 31.0
76.0, 153.0, 31.0, 31.0
77.0, 155.0, 31.0, 30.0
79.0, 156.0, 29.0, 31.0
80.0, 155.0, 29.0, 32.0
80.0, 155.0, 30.0, 33.0
82.0, 157.0, 29.0, 32.0
83.0, 158.0, 30.0, 32.0
85.0, 158.0, 30.0, 34.0
83.0, 157.0, 31.0, 33.0
86.0, 160.0, 32.0, 34.0
87.0, 161.0, 33.0, 33.0
89.0, 163.0, 34.0, 33.0
89.0, 163.0, 34.0, 33.0
90.0, 163.0, 33.0, 33.0
91.0, 163.0, 34.0, 34.0
93.0, 165.0, 34.0, 34.0
97.0, 168.0, 33.0, 34.0
96.0, 167.0, 34.0, 35.0
98.0, 169.0, 33.0, 35.0
100.0, 171.0, 34.0, 35.0
101.0, 171.0, 36.0, 35.0
103.0, 175.0, 37.0, 34.0
103.0, 174.0, 36.0, 35.0
109.0, 179.0, 35.0, 34.0
109.0, 180.0, 36.0, 34.0
111.0, 181.0, 36.0, 34.0
113.0, 182.0, 36.0, 34.0
116.0, 183.0, 35.0, 34.0
117.0, 183.0, 35.0, 34.0
118.0, 184.0, 35.0, 34.0
119.0, 183.0, 35.0, 34.0
121.0, 184.0, 35.0, 34.0
121.0, 184.0, 35.0, 35.0
123.0, 184.0, 36.0, 34.0
125.0, 185.0, 38.0, 35.0
126.0, 186.0, 39.0, 35.0
129.0, 186.0, 39.0, 36.0
131.0, 188.0, 38.0, 36.0
131.0, 187.0, 40.0, 37.0
133.0, 189.0, 39.0, 37.0
136.0, 192.0, 38.0, 35.0
139.0, 197.0, 40.0, 34.0
139.0, 196.0, 40.0, 35.0
142.0, 200.0, 40.0, 33.0
145.0, 199.0, 39.0, 34.0
147.0, 201.0, 38.0, 32.0
152.0, 203.0, 40.0, 32.0
152.0, 204.0, 42.0, 30.0
152.0, 201.0, 43.0, 33.0
155.0, 203.0, 44.0, 30.0
157.0, 202.0, 41.0, 33.0
157.0, 202.0, 42.0, 33.0
160.0, 205.0, 43.0, 31.0
163.0, 204.0, 43.0, 32.0
166.0, 204.0, 45.0, 32.0
167.0, 204.0, 46.0, 33.0
172.0, 203.0, 45.0, 33.0
171.0, 203.0, 46.0, 34.0
177.0, 203.0, 45.0, 33.0
