117.0, 68.0, 122.0, 125.0
113.0, 59.0, 124.0, 132.0
111.0, 49.0, 121.0, 134.0
109.0, 33.0, 123.0, 126.0
109.0, 36.0, 122.0, 131.0
111.0, 25.0, 123.0, 133.0
112.0, 20.0, 127.0, 131.0
122.0, 18.0, 120.0, 123.0
120.0, 16.0, 126.0, 122.0
127.0, 14.0, 120.0, 123.0
136.0, 10.0, 121.0, 119.0
139.0, 9.0, 119.0, 118.0
148.0, 10.0, 118.0, 119.0
157.0, 13.0, 113.0, 118.0
163.0, 12.0, 106.0, 122.0
170.0, 22.0, 104.0, 119.0
174.0, 32.0, 104.0, 120.0
178.0, 44.0, 103.0, 120.0
184.0, 51.0, 107.0, 119.0
188.0, 56.0, 105.0, 122.0
193.0, 65.0, 103.0, 121.0
194.0, 70.0, 98.0, 121.0
194.0, 74.0, 98.0, 116.0
196.0, 77.0, 102.0, 111.0
193.0, 81.0, 100.0, 108.0
193.0, 83.0, 106.0, 110.0
181.0, 88.0, 123.0, 126.0
191.0, 84.0, 117.0, 114.0
181.0, 84.0, 118.0, 115.0
178.0, 94.0, 116.0, 123.0
173.0, 78.0, 119.0, 127.0
171.0, 75.0, 125.0, 137.0
166.0, 82.0, 127.0, 135.0
172.0, 82.0, 127.0, 136.0
169.0, 80.0, 120.0, 135.0
170.0, 81.0, 120.0, 138.0
163.0, 94.0, 115.0, 132.0
166.0, 96.0, 113.0, 131.0
165.0, 98.0, 118.0, 131.0
163.0, 95.0, 122.0, 134.0
163.0, 100.0, 125.0, 129.0
168.0, 103.0, 127.0, 124.0
169.0, 109.0, 124.0, 116.0
172.0, 115.0, 123.0, 112.0
173.0, 113.0, 120.0, 111.0
174.0, 112.0, 118.0, 111.0
178.0, 118.0, 113.0, 114.0
179.0, 124.0, 111.0, 113.0
181.0, 134.0, 111.0, 116.0
183.0, 143.0, 113.0, 116.0
184.0, 147.0, 117.0, 120.0
188.0, 157.0, 115.0, 118.0
193.0, 165.0, 114.0, 118.0
202.0, 173.0, 116.0, 114.0
205.0, 183.0, 112.0, 111.0
205.0, 188.0, 115.0, 113.0
209.0, 195.0, 118.0, 112.0
216.0, 207.0, 111.0, 106.0
223.0, 210.0, 112.0, 108.0
229.0, 220.0, 111.0, 104.0
239.0, 219.0, 112.0, 105.0
245.0, 219.0, 115.0, 108.0
256.0, 213.0, 115.0, 110.0
265.0, 211.0, 116.0, 110.0
269.0, 207.0, 114.0, 112.0
275.0, 202.0, 110.0, 113.0
287.0, 193.0, 101.0, 112.0
296.0, 173.0, 99.0, 113.0
302.0, 157.0, 101.0, 115.0
310.0, 137.0, 103.0, 118.0
311.0, 121.0, 109.0, 116.0
316.0, 100.0, 103.0, 112.0
327.0, 89.0, 97.0, 111.0
330.0, 76.0, 106.0, 114.0
327.0, 67.0, 114.0, 118.0
335.0, 43.0, 117.0, 120.0
338.0, 41.0, 118.0, 110.0
380.0, 13.0, 103.0, 113.0
364.0, 0.0, 99.0, 112.0
387.0, 0.0, 98.0, 109.0
382.0, 0.0, 93.0, 112.0
396.0, 2.0, 104.0, 112.0
391.0, 0.0, 109.0, 107.0
381.0, 3.0, 107.0, 102.0
374.0, 4.0, 113.0, 104.0
367.0, 3.0, 114.0, 105.0
359.0, 7.0, 117.0, 105.0
346.0, 7.0, 121.0, 106.0
334.0, 11.0, 121.0, 107.0
322.0, 15.0, 120.0, 106.0
309.0, 18.0, 123.0, 108.0
296.0, 23.0, 122.0, 108.0
279.0, 26.0, 125.0, 112.0
264.0, 28.0, 124.0, 113.0
254.0, 34.0, 125.0, 115.0
248.0, 33.0, 121.0, 117.0
238.0, 38.0, 121.0, 117.0
235.0, 39.0, 124.0, 116.0
225.0, 40.0, 119.0, 114.0
224.0, 39.0, 115.0, 114.0
216.0, 41.0, 113.0, 114.0
213.0, 39.0, 111.0, 114.0
207.0, 41.0, 112.0, 114.0
203.0, 41.0, 111.0, 113.0
195.0, 41.0, 113.0, 114.0
192.0, 42.0, 110.0, 111.0
184.0, 47.0, 114.0, 112.0
176.0, 50.0, 115.0, 109.0
167.0, 51.0, 115.0, 109.0
159.0, 55.0, 119.0, 109.0
148.0, 54.0, 119.0, 113.0
137.0, 58.0, 121.0, 115.0
123.0, 62.0, 122.0, 114.0
108.0, 67.0, 127.0, 112.0
105.0, 76.0, 124.0, 109.0
113.0, 85.0, 120.0, 104.0
104.0, 90.0, 123.0, 108.0
94.0, 90.0, 130.0, 114.0
87.0, 99.0, 130.0, 117.0
76.0, 103.0, 133.0, 123.0
64.0, 98.0, 134.0, 128.0
69.0, 111.0, 121.0, 125.0
64.0, 119.0, 118.0, 124.0
57.0, 128.0, 116.0, 123.0
57.0, 140.0, 125.0, 120.0
62.0, 128.0, 124.0, 122.0
61.0, 118.0, 123.0, 125.0
67.0, 107.0, 124.0, 125.0
74.0, 93.0, 125.0, 125.0
79.0, 91.0, 136.0, 122.0
91.0, 84.0, 139.0, 121.0
104.0, 76.0, 139.0, 121.0
114.0, 74.0, 136.0, 119.0
124.0, 69.0, 135.0, 117.0
142.0, 65.0, 135.0, 117.0
152.0, 67.0, 130.0, 114.0
166.0, 67.0, 129.0, 116.0
172.0, 69.0, 123.0, 114.0
176.0, 68.0, 124.0, 119.0
173.0, 72.0, 122.0, 123.0
174.0, 75.0, 123.0, 124.0
176.0, 84.0, 123.0, 122.0
182.0, 94.0, 119.0, 121.0
189.0, 101.0, 118.0, 118.0
192.0, 108.0, 115.0, 113.0
189.0, 109.0, 115.0, 112.0
183.0, 110.0, 114.0, 112.0
184.0, 115.0, 109.0, 113.0
183.0, 121.0, 107.0, 111.0
187.0, 127.0, 108.0, 111.0
186.0, 134.0, 109.0, 111.0
193.0, 138.0, 108.0, 111.0
188.0, 138.0, 112.0, 113.0
190.0, 146.0, 110.0, 109.0
191.0, 148.0, 109.0, 108.0
195.0, 151.0, 110.0, 109.0
189.0, 153.0, 113.0, 110.0
193.0, 153.0, 116.0, 111.0
197.0, 157.0, 115.0, 110.0
204.0, 162.0, 108.0, 104.0
201.0, 158.0, 108.0, 104.0
200.0, 158.0, 106.0, 103.0
204.0, 159.0, 106.0, 102.0
205.0, 156.0, 107.0, 102.0
