431,169,201,146
428,162,201,146
428,160.86,201,146
428,162,201,146
428,160.86,201,146
428,162,201,146
428,160.86,201,146
428,162,201,146
428,160.86,201,146
428,162,201,146
428,160.86,201,146
428,162,201,146
428,160.86,201,146
428,162,201,146
428,160.86,201,146
428,162,201,146
428,160.86,201,146
428,162,201,146
428,160.86,201,146
428,162,201,146
428,160.86,201,146
428,162,201,146
428,160.86,201,146
428,162,201,146
428,160.86,201,146
428,162,201,146
428,160.86,201,146
428,162,201,146
428,160.86,201,146
428,162,201,146
428,160.86,201,146
428,162,201,146
428,160.86,201,146
428,162,201,146
428,160.86,201,146
428,162,201,146
428,160.86,201,146
428,162,201,146
428,160.86,201,146
428,162,201,146
428,160.86,201,146
428,162,201,146
428,160.86,201,146
428,162,201,146
428,160.86,201,146
428,162,201,146
428,160.86,201,146
428,162,201,146
428,160.86,201,146
428,162,201,146
428,160.86,201,146
442,162,201,146
442,160.86,201,146
442,162,201,146
442,160.86,201,146
442,162,201,146
442,160.86,201,146
442,162,201,146
442,160.86,201,146
442,162,201,146
442,160.86,201,146
442,162,201,146
442,160.86,201,146
442,162,201,146
442,160.86,201,146
442,162,201,146
442,160.86,201,146
442,162,201,146
442,160.86,201,146
428,162,201,146
428,160.86,201,146
428,162,201,146
428,160.86,201,146
414,162,201,146
414,160.86,201,146
414,162,201,146
414,160.86,201,146
414,162,201,146
414,160.86,201,146
414,162,201,146
400,160.86,201,146
400,162,201,146
400,160.86,201,146
400,162,201,146
400,160.86,201,146
400,162,201,146
400,160.86,201,146
400,162,201,146
400,160.86,201,146
400,162,201,146
400,160.86,201,146
400,162,201,146
400,160.86,201,146
400,162,201,146
400,160.86,201,146
400,162,201,146
400,160.86,201,146
386,190,201,146
386,188.97,201,146
386,190,201,146
386,188.97,201,146
414,162,201,146
386,188.97,201,146
386,190,201,146
386,188.97,201,146
428,162,201,146
428,160.86,201,146
428,162,201,146
400,160.86,201,146
400,162,201,146
400,160.86,201,146
442,22,201,146
442,20.4,201,146
442,20,201,146
442,20.4,201,146
442,20,201,146
442,20.4,201,146
442,20,201,146
442,20.4,201,146
442,20,201,146
442,20.4,201,146
442,20,201,146
442,20.4,201,146
442,20,201,146
442,20.4,201,146
442,20,201,146
442,20.4,201,146
442,20,201,146
442,20.4,201,146
442,20,201,146
442,20.4,201,146
442,20,201,146
442,20.4,201,146
442,20,201,146
442,20.4,201,146
442,20,201,146
442,20.4,201,146
442,20,201,146
442,20.4,201,146
442,20,201,146
442,20.4,201,146
442,20,201,146
442,20.4,201,146
442,20,201,146
442,20.4,201,146
442,34,201,146
442,34.457,201,146
442,34,201,146
442,34.457,201,146
442,34,201,146
442,34.457,201,146
442,34,201,146
442,34.457,201,146
442,34,201,146
442,34.457,201,146
442,34,201,146
358,118.8,201,146
456,158,201,146
456,160.86,201,146
456,162,201,146
456,160.86,201,146
456,162,201,146
456,160.86,201,146
456,162,201,146
456,160.86,201,146
456,162,201,146
456,160.86,201,146
456,162,201,146
456,160.86,201,146
470,162,201,146
470,160.86,201,146
470,162,201,146
470,160.86,201,146
470,162,201,146
470,160.86,201,146
470,162,201,146
470,160.86,201,146
470,162,201,146
470,160.86,201,146
470,162,201,146
470,160.86,201,146
470,162,201,146
470,160.86,201,146
470,162,201,146
470,160.86,201,146
470,162,201,146
484,188.97,201,146
484,190,201,146
484,188.97,201,146
484,190,201,146
484,188.97,201,146
484,190,201,146
484,188.97,201,146
484,190,201,146
456,188.97,201,146
456,190,201,146
456,188.97,201,146
456,190,201,146
456,188.97,201,146
456,190,201,146
456,188.97,201,146
456,190,201,146
456,188.97,201,146
456,190,201,146
456,188.97,201,146
456,190,201,146
456,188.97,201,146
456,190,201,146
456,188.97,201,146
456,190,201,146
456,188.97,201,146
498,190,201,146
498,188.97,201,146
498,190,201,146
498,188.97,201,146
470,190,201,146
470,188.97,201,146
470,190,201,146
428,188.97,201,146
428,190,201,146
428,188.97,201,146
470,190,201,146
442,188.97,201,146
442,190,201,146
442,188.97,201,146
442,190,201,146
456,188.97,201,146
456,190,201,146
456,188.97,201,146
470,190,201,146
470,188.97,201,146
512,190,201,146
484,160.86,201,146
526,162,201,146
498,160.86,201,146
512,162,201,146
512,160.86,201,146
526,162,201,146
526,160.86,201,146
526,162,201,146
526,160.86,201,146
302,134,201,146
312,132.74,201,146
322,134,201,146
318,132.74,201,146
328,134,201,146
338,132.74,201,146
334,134,201,146
344,132.74,201,146
340,134,201,146
350,132.74,201,146
358,134,201,146
358,132.74,201,146
358,134,201,146
372,132.74,201,146
372,134,201,146
386,132.74,201,146
386,134,201,146
386,132.74,201,146
400,134,201,146
400,132.74,201,146
414,134,201,146
414,132.74,201,146
428,134,201,146
428,132.74,201,146
428,134,201,146
428,132.74,201,146
442,134,201,146
442,132.74,201,146
442,134,201,146
442,132.74,201,146
456,134,201,146
456,132.74,201,146
456,134,201,146
470,132.74,201,146
470,134,201,146
470,132.74,201,146
470,134,201,146
470,132.74,201,146
288,246,201,146
298,245.2,201,146
294,246,201,146
304,245.2,201,146
300,246,201,146
310,245.2,201,146
306,246,201,146
316,245.2,201,146
312,246,201,146
308,245.2,201,146
318,246,201,146
314,245.2,201,146
338,232,201,146
334,245.2,201,146
344,232,201,146
354,231.14,201,146
358,232,201,146
358,231.14,201,146
358,232,201,146
372,231.14,201,146
372,232,201,146
372,231.14,201,146
372,232,201,146
372,231.14,201,146
372,232,201,146
386,231.14,201,146
386,232,201,146
386,231.14,201,146
400,218,201,146
400,217.09,201,146
414,218,201,146
414,217.09,201,146
428,204,201,146
442,203.03,201,146
456,190,201,146
456,188.97,201,146
470,190,201,146
484,188.97,201,146
442,246,201,146
442,245.2,201,146
470,232,201,146
470,231.14,201,146
484,218,201,146
498,217.09,201,146
512,218,201,146
204,188.97,201,146
214,190,201,146
224,188.97,201,146
234,190,201,146
244,188.97,201,146
240,190,201,146
250,188.97,201,146
176,190,201,146
186,188.97,201,146
196,190,201,146
206,188.97,201,146
286,176,201,146
268,174.91,201,146
292,176,201,146
274,174.91,201,146
298,176,201,146
308,174.91,201,146
304,176,201,146
314,174.91,201,146
338,162,201,146
348,160.86,201,146
330,162,201,146
340,160.86,201,146
350,162,201,146
358,160.86,201,146
358,162,201,146
358,160.86,201,146
288,162,201,146
284,160.86,201,146
350,162,201,146
288,160.86,201,146
354,148,201,146
358,146.8,201,146
330,148,201,146
354,146.8,201,146
316,148,201,146
354,146.8,201,146
330,148,201,146
326,146.8,201,146
322,134,201,146
360,132.74,201,146
358,134,201,146
358,132.74,201,146
344,134,201,146
340,132.74,201,146
322,134,201,146
360,132.74,201,146
358,134,201,146
330,146.8,201,146
354,148,201,146
372,146.8,201,146
372,148,201,146
372,146.8,201,146
372,148,201,146
372,146.8,201,146
372,148,201,146
372,146.8,201,146
372,148,201,146
372,160.86,201,146
344,162,201,146
368,160.86,201,146
372,162,201,146
414,160.86,201,146
414,162,201,146
428,160.86,201,146
442,162,201,146
358,188.97,201,146
358,204,201,146
358,203.03,201,146
386,204,201,146
512,174.91,201,146
498,176,201,146
386,217.09,201,146
386,218,201,146
400,217.09,201,146
400,218,201,146
400,217.09,201,146
414,218,201,146
414,217.09,201,146
414,218,201,146
428,217.09,201,146
428,218,201,146
442,217.09,201,146
428,218,201,146
442,217.09,201,146
442,218,201,146
442,217.09,201,146
442,218,201,146
456,217.09,201,146
456,218,201,146
456,217.09,201,146
456,218,201,146
456,217.09,201,146
456,218,201,146
456,231.14,201,146
456,232,201,146
456,231.14,201,146
456,232,201,146
512,231.14,201,146
512,232,201,146
372,231.14,201,146
372,232,201,146
358,231.14,201,146
358,232,201,146
358,231.14,201,146
358,232,201,146
358,245.2,201,146
358,246,201,146
358,245.2,201,146
358,246,201,146
358,245.2,201,146
358,246,201,146
358,245.2,201,146
358,246,201,146
470,259.26,201,146
470,260,201,146
470,273.31,201,146
470,274,201,146
470,273.31,201,146
372,92,201,146
372,90.686,201,146
372,90,201,146
372,90.686,201,146
372,90,201,146
372,104.74,201,146
372,102,201,146
372,98.686,201,146
386,110,201,146
372,106.69,201,146
372,104,201,146
372,114.74,201,146
372,112,201,146
372,122.74,201,146
372,120,201,146
372,116.69,201,146
372,114,201,146
372,124.74,201,146
372,120,201,146
372,130.74,201,146
372,120,201,146
372,130.74,201,146
372,134,201,146
372,132.74,201,146
372,120,201,146
358,130.74,201,146
358,120,201,146
372,116.69,201,146
344,114,201,146
368,110.69,201,146
372,108,201,146
372,104.69,201,146
372,102,201,146
372,98.686,201,146
372,96,201,146
372,92.686,201,146
372,90,201,146
372,90.686,201,146
190,90,201,146
186,90.686,201,146
182,76,201,146
192,76.629,201,146
188,76,201,146
226,76.629,201,146
250,90,201,146
260,104.74,201,146
270,116,201,146
252,140.8,201,146
234,134,201,146
216,132.74,201,146
212,134,201,146
222,118.69,201,146
218,116,201,146
228,112.69,201,146
238,124,201,146
248,118.69,201,146
244,116,201,146
254,126.74,201,146
250,120,201,146
260,116.69,201,146
270,114,201,146
266,124.74,201,146
276,120,201,146
286,116.69,201,146
282,114,201,146
278,124.74,201,146
274,120,201,146
270,116.69,201,146
266,128,201,146
262,118.69,201,146
258,130,201,146
254,118.69,201,146
250,130,201,146
246,132.74,201,146
242,134,201,146
238,132.74,201,146
248,134,201,146
244,132.74,201,146
254,134,201,146
250,132.74,201,146
260,134,201,146
256,132.74,201,146
252,134,201,146
248,132.74,201,146
258,134,201,146
254,132.74,201,146
264,120,201,146
260,116.69,201,146
270,114,201,146
266,110.69,201,146
262,108,201,146
258,90.629,201,146
268,76,201,146
264,62.571,201,146
260,62,201,146
270,48.514,201,146
266,34,201,146
262,34.457,201,146
258,34,201,146
268,20.4,201,146
264,20,201,146
274,20.4,201,146
270,20,201,146
266,20.4,201,146
262,20,201,146
272,6.3429,201,146
268,6,201,146
264,6.3429,201,146
260,6,201,146
270,6.3429,201,146
266,6,201,146
346,-7.7143,201,146
342,-7.7143,201,146
338,-7.7143,201,146
334,-7.7143,201,146
330,-7.7143,201,146
326,-7.7143,201,146
210,160.97,201,146
164,148,201,146
174,146.8,201,146
212,134,201,146
166,132.74,201,146
176,134,201,146
172,132.74,201,146
182,120,201,146
164,116.69,201,146
174,114,201,146
170,124.74,201,146
166,120,201,146
162,116.69,201,146
172,114,201,146
168,110.69,201,146
164,122,201,146
160,118.69,201,146
156,116,201,146
152,112.69,201,146
162,124,201,146
158,118.69,201,146
196,116,201,146
164,112.69,201,146
160,124,201,146
170,118.69,201,146
180,116,201,146
162,126.74,201,146
172,120,201,146
196,116.69,201,146
164,114,201,146
160,124.74,201,146
170,120,201,146
166,116.69,201,146
176,114,201,146
172,124.74,201,146
168,120,201,146
178,116.69,201,146
174,114,201,146
170,124.74,201,146
180,120,201,146
176,116.69,201,146
158,128,201,146
182,118.69,201,146
178,116,201,146
160,126.74,201,146
184,120,201,146
180,116.69,201,146
162,128,201,146
186,118.69,201,146
182,116,201,146
178,126.74,201,146
174,120,201,146
170,116.69,201,146
166,128,201,146
176,118.69,201,146
172,130,201,146
182,118.69,201,146
164,130,201,146
174,118.69,201,146
170,130,201,146
180,118.69,201,146
176,130,201,146
172,118.69,201,146
168,130,201,146
178,118.69,201,146
160,130,201,146
170,118.69,201,146
166,116,201,146
176,126.74,201,146
172,120,201,146
168,116.69,201,146
164,128,201,146
174,118.69,201,146
170,116,201,146
166,126.74,201,146
176,120,201,146
158,130.74,201,146
168,120,201,146
164,130.74,201,146
174,120,201,146
170,130.74,201,146
166,120,201,146
162,130.74,201,146
172,120,201,146
168,130.74,201,146
164,134,201,146
160,132.74,201,146
170,120,201,146
166,130.74,201,146
176,120,201,146
172,130.74,201,146
168,120,201,146
164,130.74,201,146
174,120,201,146
170,130.74,201,146
180,120,201,146
176,130.74,201,146
172,134,201,146
168,132.74,201,146
178,120,201,146
174,130.74,201,146
184,120,201,146
180,130.74,201,146
176,120,201,146
172,130.74,201,146
182,120,201,146
178,130.74,201,146
188,120,201,146
170,130.74,201,146
180,120,201,146
176,130.74,201,146
186,120,201,146
168,130.74,201,146
178,120,201,146
174,130.74,201,146
184,120,201,146
180,130.74,201,146
176,120,201,146
172,130.74,201,146
182,120,201,146
178,130.74,201,146
188,120,201,146
170,130.74,201,146
180,120,201,146
176,130.74,201,146
186,120,201,146
168,130.74,201,146
178,120,201,146
174,130.74,201,146
184,120,201,146
166,130.74,201,146
176,134,201,146
172,132.74,201,146
182,120,201,146
164,130.74,201,146
188,120,201,146
170,130.74,201,146
180,120,201,146
162,130.74,201,146
186,120,201,146
168,130.74,201,146
178,120,201,146
160,130.74,201,146
156,134,201,146
152,132.74,201,146
162,134,201,146
158,132.74,201,146
182,120,201,146
164,130.74,201,146
188,120,201,146
184,116.69,201,146
166,128,201,146
176,118.69,201,146
186,116,201,146
168,126.74,201,146
178,120,201,146
174,130.74,201,146
184,120,201,146
180,116.69,201,146
176,128,201,146
186,118.69,201,146
182,116,201,146
178,126.74,201,146
174,120,201,146
184,116.69,201,146
180,128,201,146
176,118.69,201,146
172,116,201,146
168,126.74,201,146
178,120,201,146
174,116.69,201,146
170,114,201,146
180,124.74,201,146
176,120,201,146
172,116.69,201,146
168,114,201,146
178,124.74,201,146
174,120,201,146
170,116.69,201,146
166,114,201,146
176,124.74,201,146
172,120,201,146
168,116.69,201,146
178,128,201,146
174,118.69,201,146
170,116,201,146
180,126.74,201,146
176,120,201,146
172,130.74,201,146
182,120,201,146
178,130.74,201,146
174,120,201,146
170,130.74,201,146
180,120,201,146
176,130.74,201,146
172,134,201,146
182,132.74,201,146
178,134,201,146
174,132.74,201,146
170,134,201,146
180,132.74,201,146
176,134,201,146
172,132.74,201,146
182,134,201,146
178,132.74,201,146
174,134,201,146
184,132.74,201,146
180,134,201,146
176,132.74,201,146
172,134,201,146
182,132.74,201,146
178,134,201,146
174,132.74,201,146
184,134,201,146
180,132.74,201,146
176,134,201,146
172,132.74,201,146
182,134,201,146
178,132.74,201,146
188,134,201,146
184,132.74,201,146
180,134,201,146
190,132.74,201,146
186,134,201,146
196,132.74,201,146
192,134,201,146
188,132.74,201,146
198,134,201,146
194,132.74,201,146
204,120,201,146
200,130.74,201,146
196,134,201,146
206,132.74,201,146
202,134,201,146
212,132.74,201,146
208,134,201,146
218,132.74,201,146
214,134,201,146
210,132.74,201,146
206,134,201,146
216,132.74,201,146
212,134,201,146
222,132.74,201,146
218,120,201,146
214,130.74,201,146
224,120,201,146
220,130.74,201,146
216,120,201,146
226,130.74,201,146
222,120,201,146
232,130.74,201,146
228,120,201,146
238,116.69,201,146
234,114,201,146
244,124.74,201,146
226,120,201,146
236,116.69,201,146
246,114,201,146
242,124.74,201,146
238,120,201,146
234,116.69,201,146
244,114,201,146
254,110.69,201,146
250,108,201,146
246,104.69,201,146
256,102,201,146
252,98.686,201,146
262,96,201,146
258,92.686,201,146
268,76,201,146
264,76.629,201,146
260,76,201,146
270,76.629,201,146
280,76,201,146
276,62.571,201,146
286,62,201,146
296,62.571,201,146
292,62,201,146
288,62.571,201,146
298,62,201,146
308,62.571,201,146
304,62,201,146
300,62.571,201,146
310,62,201,146
306,48.514,201,146
302,48,201,146
312,48.514,201,146
308,48,201,146
318,48.514,201,146
314,48,201,146
310,48.514,201,146
320,48,201,146
330,48.514,201,146
326,48,201,146
336,48.514,201,146
332,48,201,146
328,48.514,201,146
338,48,201,146
334,48.514,201,146
330,48,201,146
340,48.514,201,146
336,48,201,146
332,62.571,201,146
342,48,201,146
338,48.514,201,146
334,48,201,146
330,62.571,201,146
340,48,201,146
336,48.514,201,146
332,62,201,146
342,48.514,201,146
338,48,201,146
334,48.514,201,146
344,62,201,146
340,48.514,201,146
336,62,201,146
332,62.571,201,146
342,62,201,146
338,62.571,201,146
348,48,201,146
358,48.514,201,146
358,48,201,146
358,48.514,201,146
358,48,201,146
372,48.514,201,146
372,48,201,146
386,48.514,201,146
386,48,201,146
400,48.514,201,146
400,48,201,146
456,48.514,201,146
456,48,201,146
456,48.514,201,146
456,48,201,146
456,48.514,201,146
470,48,201,146
442,48.514,201,146
470,48,201,146
442,48.514,201,146
442,48,201,146
442,48.514,201,146
442,48,201,146
442,48.514,201,146
456,48,201,146
456,48.514,201,146
470,48,201,146
470,48.514,201,146
470,48,201,146
470,48.514,201,146
470,48,201,146
484,48.514,201,146
484,48,201,146
484,48.514,201,146
484,48,201,146
484,48.514,201,146
484,48,201,146
484,48.514,201,146
470,48,201,146
470,48.514,201,146
470,48,201,146
470,48.514,201,146
470,48,201,146
484,48.514,201,146
484,48,201,146
498,48.514,201,146
498,48,201,146
498,48.514,201,146
498,48,201,146
498,48.514,201,146
498,48,201,146
498,48.514,201,146
498,48,201,146
498,48.514,201,146
498,48,201,146
498,48.514,201,146
498,48,201,146
498,48.514,201,146
498,48,201,146
498,48.514,201,146
498,48,201,146
498,48.514,201,146
498,48,201,146
498,48.514,201,146
498,48,201,146
498,48.514,201,146
484,48,201,146
484,48.514,201,146
470,48,201,146
484,48.514,201,146
470,48,201,146
470,48.514,201,146
470,48,201,146
470,48.514,201,146
470,48,201,146
470,48.514,201,146
470,48,201,146
470,48.514,201,146
470,48,201,146
456,48.514,201,146
470,48,201,146
470,48.514,201,146
456,48,201,146
456,48.514,201,146
456,48,201,146
456,48.514,201,146
456,48,201,146
456,48.514,201,146
456,48,201,146
456,48.514,201,146
456,48,201,146
456,48.514,201,146
456,48,201,146
456,48.514,201,146
456,48,201,146
456,48.514,201,146
456,48,201,146
456,48.514,201,146
456,48,201,146
456,48.514,201,146
456,48,201,146
456,48.514,201,146
456,48,201,146
456,48.514,201,146
456,48,201,146
456,48.514,201,146
470,48,201,146
456,48.514,201,146
456,48,201,146
456,48.514,201,146
456,48,201,146
456,48.514,201,146
456,48,201,146
456,48.514,201,146
470,48,201,146
456,48.514,201,146
456,48,201,146
456,48.514,201,146
456,48,201,146
456,48.514,201,146
456,48,201,146
456,48.514,201,146
456,48,201,146
456,48.514,201,146
456,48,201,146
456,48.514,201,146
456,48,201,146
456,48.514,201,146
456,48,201,146
456,48.514,201,146
456,48,201,146
456,48.514,201,146
442,48,201,146
456,48.514,201,146
456,48,201,146
456,48.514,201,146
456,48,201,146
442,48.514,201,146
442,48,201,146
442,48.514,201,146
456,48,201,146
442,48.514,201,146
456,48,201,146
442,48.514,201,146
442,48,201,146
456,48.514,201,146
456,48,201,146
456,48.514,201,146
442,48,201,146
456,48.514,201,146
456,48,201,146
442,48.514,201,146
442,48,201,146
442,48.514,201,146
456,48,201,146
456,48.514,201,146
442,48,201,146
456,48.514,201,146
456,48,201,146
456,48.514,201,146
456,48,201,146
456,48.514,201,146
456,48,201,146
470,48.514,201,146
470,48,201,146
470,48.514,201,146
484,48,201,146
484,48.514,201,146
498,48,201,146
498,48.514,201,146
512,48,201,146
512,48.514,201,146
512,48,201,146
526,48.514,201,146
526,48,201,146
526,48.514,201,146
526,48,201,146
470,48.514,201,146
484,48,201,146
484,48.514,201,146
498,48,201,146
526,48.514,201,146
176,6,201,146
130,6.3429,201,146
154,6,201,146
192,6.3429,201,146
160,6,201,146
170,6.3429,201,146
166,6,201,146
176,6.3429,201,146
172,6,201,146
182,6.3429,201,146
178,6,201,146
188,6.3429,201,146
184,6,201,146
194,6.3429,201,146
190,6,201,146
200,6.3429,201,146
196,6,201,146
206,6.3429,201,146
202,6,201,146
212,6.3429,201,146
208,6,201,146
218,6.3429,201,146
214,6,201,146
224,6.3429,201,146
220,6,201,146
230,6.3429,201,146
268,6,201,146
236,6.3429,201,146
274,6,201,146
228,6.3429,201,146
