845,212,110,130
842.29,208.79,110,130
830.5,206.76,110,130
828.07,204.73,110,130
826.04,202.7,110,130
814.25,200.67,110,130
811.82,198.63,110,130
800.03,196.6,110,130
797.6,194.57,110,130
785.81,202.32,110,130
783.39,200.02,110,130
781.35,197.99,110,130
769.56,195.96,110,130
767.14,193.93,110,130
755.34,191.9,110,130
752.92,189.87,110,130
741.12,197.57,110,130
738.7,194.57,110,130
726.91,192.54,110,130
724.48,200.29,110,130
712.69,197.99,110,130
710.26,195.96,110,130
698.47,203.66,110,130
696.04,200.67,110,130
684.25,198.63,110,130
681.82,206.39,110,130
670.03,204.09,110,130
667.6,202.06,110,130
655.81,209.75,110,130
653.39,206.76,110,130
641.59,214.51,110,130
639.17,212.21,110,130
637.14,219.91,110,130
625.34,216.92,110,130
622.92,224.67,110,130
611.12,222.37,110,130
608.7,230.07,110,130
596.91,236.85,110,130
594.48,234.56,110,130
582.69,242.25,110,130
580.26,239.26,110,130
568.47,247.01,110,130
566.04,244.71,110,130
564.01,252.41,110,130
552.22,259.2,110,130
549.79,256.9,110,130
538,264.6,110,130
535.57,271.39,110,130
533.54,269.09,110,130
521.75,276.78,110,130
519.32,273.79,110,130
517.29,281.54,110,130
505.5,279.24,110,130
503.07,286.94,110,130
501.04,293.73,110,130
499.01,291.43,110,130
487.22,299.13,110,130
484.79,296.13,110,130
482.76,294.1,110,130
480.73,301.85,110,130
478.7,299.56,110,130
476.67,297.52,110,130
474.64,295.49,110,130
472.6,293.46,110,130
470.57,291.43,110,130
468.54,289.4,110,130
466.51,287.37,110,130
464.48,285.34,110,130
462.45,283.31,110,130
460.42,281.27,110,130
448.62,269.51,110,130
446.2,267.7,110,130
444.17,255.88,110,130
442.14,253.48,110,130
440.1,251.45,110,130
438.07,249.42,110,130
436.04,237.6,110,130
434.01,235.2,110,130
431.98,233.17,110,130
410.43,221.35,110,130
427.13,218.95,110,130
423.85,216.92,110,130
412.06,214.88,110,130
409.64,203.07,110,130
407.6,200.67,110,130
405.57,198.63,110,130
403.54,196.6,110,130
391.75,194.57,110,130
389.32,192.54,110,130
387.29,190.51,110,130
375.5,188.48,110,130
373.07,186.45,110,130
371.04,184.42,110,130
359.25,182.38,110,130
356.82,180.35,110,130
354.79,188.1,110,130
352.76,185.81,110,130
350.73,183.77,110,130
348.7,181.74,110,130
336.91,179.71,110,130
334.48,187.41,110,130
332.45,184.42,110,130
330.42,182.38,110,130
328.39,180.35,110,130
326.35,188.1,110,130
324.32,185.81,110,130
322.29,183.77,110,130
320.26,191.47,110,130
318.23,188.48,110,130
316.2,186.45,110,130
314.17,184.42,110,130
312.14,182.38,110,130
310.1,180.35,110,130
308.07,178.32,110,130
296.28,166.51,110,130
293.85,164.1,110,130
291.82,162.07,110,130
289.79,160.04,110,130
287.76,158.01,110,130
275.97,165.76,110,130
273.54,163.46,110,130
271.51,151.7,110,130
269.48,149.88,110,130
267.45,147.85,110,130
265.42,145.82,110,130
263.39,143.79,110,130
261.35,141.76,110,130
259.32,139.73,110,130
257.29,137.7,110,130
255.26,135.67,110,130
253.23,133.63,110,130
251.2,131.6,110,130
249.17,129.57,110,130
247.14,127.54,110,130
254.87,125.51,110,130
252.55,123.48,110,130
258.93,131.23,110,130
256.61,128.93,110,130
262.99,126.9,110,130
270.38,124.87,110,130
277.21,122.84,110,130
284.6,120.81,110,130
281.67,118.77,110,130
289.4,116.74,110,130
296.79,124.44,110,130
303.62,121.45,110,130
301.3,119.42,110,130
307.68,117.38,110,130
315.07,115.35,110,130
321.9,113.32,110,130
319.58,111.29,110,130
325.96,109.26,110,130
304.24,117.01,110,130
301.98,114.71,110,130
338.99,112.68,110,130
346.27,110.65,110,130
343.96,108.62,110,130
301.53,116.32,110,130
357.5,113.32,110,130
345.03,111.29,110,130
362.13,119.04,110,130
368.62,116.74,110,130
376.01,114.71,110,130
373.07,122.41,110,130
380.8,119.42,110,130
388.19,117.38,110,130
375.5,125.14,110,130
373.07,122.84,110,130
390.56,130.53,110,130
377.53,127.54,110,130
384.87,115.73,110,130
411.67,132.89,110,130
419.4,130.96,110,130
417.08,138.66,110,130
423.46,135.67,110,130
411.44,143.42,110,130
429.16,141.12,110,130
425.89,148.82,110,130
433.62,145.82,110,130
431.3,153.57,110,130
437.68,151.27,110,130
445.07,149.24,110,130
442.14,156.94,110,130
449.87,153.95,110,130
447.55,161.7,110,130
424.64,159.4,110,130
460.87,157.37,110,130
468.15,155.34,110,130
465.83,163.03,110,130
472.21,160.04,110,130
460.19,158.01,110,130
468.15,155.98,110,130
485.24,163.73,110,130
482.76,161.43,110,130
480.73,159.4,110,130
478.7,157.37,110,130
486.43,155.34,110,130
522.93,153.31,110,130
520.68,151.27,110,130
507.53,149.24,110,130
514.87,147.21,110,130
512.55,145.18,110,130
518.93,143.15,110,130
516.61,141.12,110,130
513.23,139.09,110,130
540.48,127.33,110,130
537.6,125.51,110,130
535.57,123.48,110,130
543.3,121.45,110,130
540.99,119.42,110,130
537.6,117.38,110,130
545.33,115.35,110,130
543.02,113.32,110,130
559.16,101.51,110,130
575.41,99.104,110,130
581.9,97.072,110,130
579.58,104.82,110,130
576.2,102.52,110,130
593.69,90.765,110,130
600.18,88.947,110,130
597.86,96.698,110,130
604.24,94.4,110,130
601.93,92.368,110,130
608.3,100.07,110,130
615.69,97.072,110,130
622.52,104.82,110,130
639.62,112.25,110,130
646.9,119.04,110,130
644.58,116.74,110,130
650.96,124.44,110,130
658.35,131.23,110,130
665.18,128.93,110,130
672.57,136.63,110,130
679.4,143.42,110,130
686.79,150.85,110,130
693.62,157.64,110,130
701.01,155.34,110,130
707.83,163.03,110,130
715.23,169.82,110,130
731.81,177.25,110,130
757.83,174.26,110,130
754.95,172.23,110,130
762.68,179.98,110,130
760.36,187.41,110,130
766.74,194.2,110,130
774.13,201.63,110,130
780.96,198.63,110,130
788.35,206.39,110,130
795.18,204.09,110,130
802.57,211.78,110,130
809.4,218.57,110,130
816.79,216.27,110,130
823.62,223.97,110,130
821.3,230.76,110,130
827.68,228.46,110,130
854.48,245.89,110,130
862.21,243.32,110,130
850.19,231.51,110,130
867.91,248.67,110,130
854.87,227.29,110,130
852.45,234.82,110,130
860.18,242.25,110,130
857.86,239.26,110,130
854.48,256.79,110,130
881.73,254.87,110,130
859.33,252.84,110,130
876.03,260.53,110,130
863,257.54,110,130
880.1,265.29,110,130
867.06,262.99,110,130
874.4,260.96,110,130
872.08,258.93,110,130
878.46,266.63,110,130
876.15,263.63,110,130
892.28,261.6,110,130
889.01,259.57,110,130
886.98,257.54,110,130
904.47,265.29,110,130
920.72,262.99,110,130
907.69,260.96,110,130
846.69,268.66,110,130
932.17,265.67,110,130
929.64,263.63,110,130
937.37,271.39,110,130
935.05,269.09,110,130
931.67,267.06,110,130
929.64,265.02,110,130
927.6,262.99,110,130
925.57,260.96,110,130
933.3,268.66,110,130
930.99,275.45,110,130
927.6,273.15,110,130
915.81,271.12,110,130
923.15,278.82,110,130
901.42,275.82,110,130
899.17,273.79,110,130
897.14,271.76,110,130
885.34,269.73,110,130
902.44,267.7,110,130
889.41,265.67,110,130
886.98,273.42,110,130
875.19,271.12,110,130
872.76,269.09,110,130
860.97,267.06,110,130
848.78,265.02,110,130
836.59,272.72,110,130
834.17,269.73,110,130
822.37,267.7,110,130
810.19,255.88,110,130
798,263.26,110,130
795.57,270.69,110,130
774.02,267.7,110,130
771.2,265.67,110,130
759.41,263.63,110,130
747.22,271.39,110,130
735.03,269.09,110,130
722.84,267.06,110,130
700.89,265.02,110,130
688.31,262.99,110,130
676.12,270.69,110,130
663.94,267.7,110,130
651.75,265.67,110,130
629.8,263.63,110,130
617.22,261.6,110,130
605.03,259.57,110,130
592.84,257.54,110,130
580.66,265.29,110,130
558.71,262.99,110,130
536.36,280.42,110,130
533.54,268.07,110,130
541.27,285.23,110,130
519.55,283.31,110,130
517.29,291,110,130
485.98,268.45,110,130
463.24,285.23,110,130
450.66,283.31,110,130
438.47,261.82,110,130
416.52,288.92,110,130
403.94,285.98,110,130
391.75,283.95,110,130
379.56,281.92,110,130
367.37,279.88,110,130
364.95,268.07,110,130
362.92,265.67,110,130
351.12,263.63,110,130
338.94,261.6,110,130
336.51,269.35,110,130
324.72,267.06,110,130
322.29,265.02,110,130
320.26,262.99,110,130
308.47,260.96,110,130
306.04,268.66,110,130
304.01,265.67,110,130
292.22,263.63,110,130
289.79,261.6,110,130
287.76,269.35,110,130
285.73,267.06,110,130
283.7,265.02,110,130
281.67,262.99,110,130
269.87,260.96,110,130
277.21,268.66,110,130
284.6,265.67,110,130
271.91,263.63,110,130
269.48,261.6,110,130
267.45,269.35,110,130
265.42,267.06,110,130
273.15,265.02,110,130
270.83,262.99,110,130
267.45,270.69,110,130
265.42,267.7,110,130
273.15,265.67,110,130
270.83,263.63,110,130
277.21,261.6,110,130
274.9,269.35,110,130
291.03,257.33,110,130
287.76,255.51,110,130
285.73,263.26,110,130
312.98,260.96,110,130
319.87,258.93,110,130
327.26,247.17,110,130
324.32,255.14,110,130
322.29,252.84,110,130
320.26,260.53,110,130
318.23,257.54,110,130
355.24,255.51,110,130
333.24,253.48,110,130
340.18,251.45,110,130
347.57,259.2,110,130
354.4,256.9,110,130
361.79,245.14,110,130
368.62,243.32,110,130
376.01,241.29,110,130
353.55,239.26,110,130
389.77,247.01,110,130
397.05,244.71,110,130
404.44,242.68,110,130
401.51,240.65,110,130
409.24,248.35,110,130
406.93,255.14,110,130
413.3,252.84,110,130
420.69,250.81,110,130
427.52,258.5,110,130
434.91,245.73,110,130
431.98,243.32,110,130
439.71,260.86,110,130
437.4,258.93,110,130
453.53,266.63,110,130
460.02,244.07,110,130
467.41,241.29,110,130
474.24,239.26,110,130
413.7,237.23,110,130
401.91,225.42,110,130
409.24,232.79,110,130
406.93,230.49,110,130
403.54,228.46,110,130
401.51,226.43,110,130
399.48,234.13,110,130
397.45,231.13,110,130
395.42,229.1,110,130
393.39,227.07,110,130
391.35,225.04,110,130
389.32,223.01,110,130
387.29,230.76,110,130
385.26,228.46,110,130
383.23,226.43,110,130
381.2,224.4,110,130
379.17,222.37,110,130
377.14,220.34,110,130
375.1,218.31,110,130
373.07,216.27,110,130
371.04,214.24,110,130
369.01,212.21,110,130
366.98,210.18,110,130
364.95,208.15,110,130
362.92,206.12,110,130
360.89,213.82,110,130
358.85,210.82,110,130
356.82,208.79,110,130
354.79,206.76,110,130
352.76,204.73,110,130
360.49,212.48,110,130
358.18,210.18,110,130
354.79,208.15,110,130
352.76,206.12,110,130
350.73,204.09,110,130
348.7,211.78,110,130
346.67,208.79,110,130
344.64,206.76,110,130
342.6,204.73,110,130
340.57,202.7,110,130
338.54,200.67,110,130
346.27,208.42,110,130
343.96,206.12,110,130
340.57,204.09,110,130
338.54,202.06,110,130
336.51,200.02,110,130
334.48,197.99,110,130
332.45,195.96,110,130
340.18,203.66,110,130
337.86,200.67,110,130
334.48,198.63,110,130
332.45,196.6,110,130
330.42,204.35,110,130
338.15,202.06,110,130
335.83,200.02,110,130
332.45,197.99,110,130
330.42,195.96,110,130
328.39,193.93,110,130
336.12,201.63,110,130
333.8,198.63,110,130
330.42,196.6,110,130
328.39,194.57,110,130
336.12,202.32,110,130
333.8,200.02,110,130
330.42,197.99,110,130
328.39,186.23,110,130
336.12,203.98,110,130
333.8,202.06,110,130
330.42,200.02,110,130
338.15,197.99,110,130
335.83,195.96,110,130
332.45,193.93,110,130
340.18,201.63,110,130
337.86,198.63,110,130
334.48,196.6,110,130
332.45,194.57,110,130
340.18,202.32,110,130
337.86,200.02,110,130
334.48,197.99,110,130
332.45,195.96,110,130
330.42,193.93,110,130
338.15,201.63,110,130
335.83,198.63,110,130
332.45,196.6,110,130
340.18,194.57,110,130
337.86,202.32,110,130
344.24,200.02,110,130
341.93,197.99,110,130
338.54,195.96,110,130
336.51,193.93,110,130
334.48,191.9,110,130
342.21,199.6,110,130
339.9,196.6,110,130
336.51,194.57,110,130
344.24,202.32,110,130
341.93,200.02,110,130
338.54,197.99,110,130
336.51,195.96,110,130
334.48,193.93,110,130
342.21,201.63,110,130
339.9,198.63,110,130
336.51,196.6,110,130
334.48,194.57,110,130
342.21,202.32,110,130
339.9,200.02,110,130
336.51,197.99,110,130
344.24,195.96,110,130
341.93,203.66,110,130
338.54,200.67,110,130
336.51,198.63,110,130
334.48,196.6,110,130
342.21,204.35,110,130
339.9,202.06,110,130
336.51,200.02,110,130
344.24,197.99,110,130
341.93,205.69,110,130
338.54,202.7,110,130
346.27,200.67,110,130
334.25,188.85,110,130
342.21,206.01,110,130
339.9,204.09,110,130
346.27,202.06,110,130
343.96,200.02,110,130
340.57,197.99,110,130
348.3,205.69,110,130
345.99,202.7,110,130
342.6,200.67,110,130
340.57,198.63,110,130
348.3,206.39,110,130
345.99,204.09,110,130
342.6,202.06,110,130
350.33,209.75,110,130
348.02,206.76,110,130
344.64,204.73,110,130
342.6,202.7,110,130
340.57,200.67,110,130
348.3,208.42,110,130
345.99,206.12,110,130
352.37,213.82,110,130
350.05,210.82,110,130
356.43,208.79,110,130
354.11,206.76,110,130
350.73,204.73,110,130
348.7,212.48,110,130
356.43,210.18,110,130
354.11,208.15,110,130
350.73,206.12,110,130
358.46,213.82,110,130
356.15,210.82,110,130
352.76,208.79,110,130
350.73,216.54,110,130
358.46,214.24,110,130
356.15,212.21,110,130
333.24,239.37,110,130
359.7,217.66,110,130
366.58,214.88,110,130
364.27,212.85,110,130
360.89,210.82,110,130
368.62,218.57,110,130
366.3,216.27,110,130
372.68,214.24,110,130
370.36,221.94,110,130
376.74,218.95,110,130
374.43,216.92,110,130
371.04,214.88,110,130
378.77,222.64,110,130
376.46,220.34,110,130
373.07,218.31,110,130
380.8,226,110,130
378.49,223.01,110,130
384.87,220.98,110,130
382.55,218.95,110,130
379.17,226.7,110,130
386.9,224.4,110,130
384.58,222.37,110,130
381.2,220.34,110,130
379.17,218.31,110,130
386.9,226,110,130
384.58,223.01,110,130
390.96,230.76,110,130
388.65,228.46,110,130
385.26,226.43,110,130
383.23,224.4,110,130
381.2,222.37,110,130
379.17,220.34,110,130
386.9,228.03,110,130
384.58,225.04,110,130
381.2,223.01,110,130
379.17,220.98,110,130
377.14,218.95,110,130
384.87,226.7,110,130
382.55,224.4,110,130
379.17,222.37,110,130
377.14,220.34,110,130
375.1,218.31,110,130
382.83,226,110,130
380.52,223.01,110,130
377.14,220.98,110,130
375.1,218.95,110,130
373.07,216.92,110,130
380.8,224.67,110,130
378.49,222.37,110,130
375.1,220.34,110,130
373.07,218.31,110,130
371.04,216.27,110,130
369.01,214.24,110,130
366.98,212.21,110,130
364.95,210.18,110,130
372.68,217.88,110,130
370.36,214.88,110,130
366.98,212.85,110,130
364.95,210.82,110,130
362.92,208.79,110,130
360.89,206.76,110,130
358.85,214.51,110,130
356.82,212.21,110,130
354.79,210.18,110,130
352.76,208.15,110,130
350.73,206.12,110,130
348.7,204.09,110,130
346.67,202.06,110,130
344.64,209.75,110,130
342.6,206.76,110,130
340.57,204.73,110,130
338.54,202.7,110,130
336.51,200.67,110,130
334.48,208.42,110,130
332.45,206.12,110,130
330.42,204.09,110,130
328.39,202.06,110,130
326.35,200.02,110,130
324.32,207.72,110,130
322.29,204.73,110,130
320.26,202.7,110,130
318.23,210.45,110,130
316.2,208.15,110,130
314.17,206.12,110,130
312.14,204.09,110,130
310.1,211.78,110,130
308.07,208.79,110,130
306.04,206.76,110,130
304.01,214.51,110,130
301.98,212.21,110,130
299.95,210.18,110,130
297.92,208.15,110,130
286.12,206.12,110,130
293.46,213.82,110,130
291.15,210.82,110,130
287.76,218.57,110,130
285.73,216.27,110,130
283.7,214.24,110,130
281.67,212.21,110,130
269.87,210.18,110,130
277.21,217.88,110,130
274.9,214.88,110,130
261.75,212.85,110,130
269.08,220.6,110,130
266.77,218.31,110,130
263.39,216.27,110,130
261.35,214.24,110,130
259.32,221.94,110,130
257.29,218.95,110,130
255.26,216.92,110,130
253.23,224.67,110,130
251.2,222.37,110,130
249.17,220.34,110,130
247.14,218.31,110,130
245.1,226,110,130
243.07,223.01,110,130
241.04,220.98,110,130
239.01,218.95,110,130
236.98,226.7,110,130
234.95,224.4,110,130
232.92,222.37,110,130
230.89,220.34,110,130
228.85,218.31,110,130
236.58,226,110,130
234.27,223.01,110,130
230.89,220.98,110,130
228.85,218.95,110,130
226.82,216.92,110,130
234.55,224.67,110,130
232.24,222.37,110,130
228.85,220.34,110,130
226.82,218.31,110,130
234.55,216.27,110,130
232.24,223.97,110,130
238.62,220.98,110,130
236.3,218.95,110,130
232.92,216.92,110,130
230.89,214.88,110,130
238.62,222.64,110,130
236.3,220.34,110,130
242.68,218.31,110,130
240.36,216.27,110,130
236.98,214.24,110,130
244.71,221.94,110,130
242.4,218.95,110,130
239.01,216.92,110,130
246.74,214.88,110,130
244.43,212.85,110,130
250.8,220.6,110,130
248.49,218.31,110,130
254.87,216.27,110,130
252.55,214.24,110,130
249.17,212.21,110,130
247.14,210.18,110,130
254.87,217.88,110,130
252.55,214.88,110,130
258.93,212.85,110,130
256.61,210.82,110,130
253.23,208.79,110,130
260.96,216.54,110,130
258.65,214.24,110,130
265.02,212.21,110,130
262.71,210.18,110,130
259.32,208.15,110,130
257.29,206.12,110,130
265.02,204.09,110,130
262.71,211.78,110,130
269.08,208.79,110,130
266.77,206.76,110,130
263.39,204.73,110,130
261.35,202.7,110,130
269.08,210.45,110,130
266.77,208.15,110,130
273.15,206.12,110,130
270.83,204.09,110,130
267.45,202.06,110,130
275.18,209.75,110,130
272.86,206.76,110,130
269.48,204.73,110,130
277.21,212.48,110,130
274.9,210.18,110,130
271.51,208.15,110,130
269.48,206.12,110,130
277.21,213.82,110,130
274.9,210.82,110,130
271.51,208.79,110,130
279.24,216.54,110,130
276.93,214.24,110,130
273.54,212.21,110,130
281.27,219.91,110,130
278.96,216.92,110,130
275.57,214.88,110,130
283.3,222.64,110,130
280.99,220.34,110,130
277.6,218.31,110,130
285.33,226,110,130
283.02,223.01,110,130
279.64,220.98,110,130
287.37,228.73,110,130
285.05,226.43,110,130
291.43,224.4,110,130
289.11,222.37,110,130
285.73,230.07,110,130
293.46,227.07,110,130
320.26,254.39,110,130
318.23,261.23,110,130
316.2,258.93,110,130
304.41,256.9,110,130
301.98,235.41,110,130
299.95,233.17,110,130
297.92,231.13,110,130
305.65,238.89,110,130
303.33,236.59,110,130
299.95,234.56,110,130
307.68,242.25,110,130
305.36,258.82,110,130
301.98,247.17,110,130
309.71,245.35,110,130
307.4,243.32,110,130
304.01,241.29,110,130
321.5,249.04,110,130
308.47,237.01,110,130
306.04,235.2,110,130
323.53,252.73,110,130
310.5,241.08,110,130
308.07,268.61,110,130
306.04,236.32,110,130
313.77,242.95,110,130
311.46,240.65,110,130
356.88,248.35,110,130
305.99,235.57,110,130
313.77,242.95,110,130
311.46,240.65,110,130
308.07,238.62,110,130
306.04,236.59,110,130
313.77,244.28,110,130
311.46,241.29,110,130
308.07,239.26,110,130
315.8,247.01,110,130
313.49,244.71,110,130
319.87,242.68,110,130
317.55,240.65,110,130
314.17,248.35,110,130
321.9,245.35,110,130
309.88,243.32,110,130
308.07,241.29,110,130
315.8,249.04,110,130
313.49,246.74,110,130
319.87,244.71,110,130
317.55,242.68,110,130
314.17,250.38,110,130
312.14,247.38,110,130
319.87,245.35,110,130
317.55,253.1,110,130
314.17,250.81,110,130
321.9,248.77,110,130
319.58,246.74,110,130
316.2,244.71,110,130
323.93,252.41,110,130
321.61,249.42,110,130
318.23,247.38,110,130
316.2,255.14,110,130
314.17,252.84,110,130
321.9,250.81,110,130
319.58,248.77,110,130
316.2,246.74,110,130
323.93,254.44,110,130
321.61,251.45,110,130
318.23,249.42,110,130
316.2,257.17,110,130
323.93,254.87,110,130
321.61,252.84,110,130
318.23,250.81,110,130
316.2,248.77,110,130
323.93,256.47,110,130
311.91,253.48,110,130
319.87,251.45,110,130
317.55,259.2,110,130
323.93,256.9,110,130
321.61,254.87,110,130
318.23,252.84,110,130
316.2,250.81,110,130
314.17,248.77,110,130
321.9,256.47,110,130
319.58,253.48,110,130
316.2,261.23,110,130
323.93,258.93,110,130
321.61,256.9,110,130
318.23,254.87,110,130
316.2,252.84,110,130
323.93,260.53,110,130
321.61,257.54,110,130
318.23,255.51,110,130
316.2,253.48,110,130
323.93,261.23,110,130
321.61,258.93,110,130
318.23,256.9,110,130
316.2,254.87,110,130
314.17,252.84,110,130
321.9,260.53,110,130
319.58,257.54,110,130
316.2,255.51,110,130
314.17,253.48,110,130
321.9,261.23,110,130
319.58,258.93,110,130
316.2,256.9,110,130
323.93,254.87,110,130
321.61,252.84,110,130
318.23,250.81,110,130
325.96,258.5,110,130
323.65,255.51,110,130
320.26,253.48,110,130
318.23,251.45,110,130
325.96,259.2,110,130
323.65,256.9,110,130
320.26,254.87,110,130
327.99,252.84,110,130
325.68,250.81,110,130
322.29,248.77,110,130
320.26,256.47,110,130
327.99,253.48,110,130
325.68,251.45,110,130
322.29,249.42,110,130
320.26,247.38,110,130
318.23,245.35,110,130
325.96,253.1,110,130
323.65,250.81,110,130
320.26,248.77,110,130
318.23,246.74,110,130
325.96,254.44,110,130
323.65,251.45,110,130
320.26,249.42,110,130
327.99,247.38,110,130
325.68,255.14,110,130
322.29,252.84,110,130
330.02,250.81,110,130
327.71,248.77,110,130
324.32,246.74,110,130
322.29,254.44,110,130
320.26,251.45,110,130
327.99,249.42,110,130
325.68,257.17,110,130
322.29,254.87,110,130
330.02,252.84,110,130
327.71,250.81,110,130
324.32,248.77,110,130
322.29,256.47,110,130
330.02,253.48,110,130
327.71,251.45,110,130
324.32,259.2,110,130
322.29,256.9,110,130
320.26,254.87,110,130
327.99,252.84,110,130
325.68,260.53,110,130
322.29,257.54,110,130
320.26,255.51,110,130
327.99,263.26,110,130
325.68,260.96,110,130
322.29,258.93,110,130
320.26,256.9,110,130
327.99,254.87,110,130
325.68,262.57,110,130
322.29,259.57,110,130
330.02,257.54,110,130
327.71,265.29,110,130
324.32,262.99,110,130
332.05,260.96,110,130
329.74,258.93,110,130
326.35,256.9,110,130
324.32,254.87,110,130
332.05,262.57,110,130
329.74,259.57,110,130
326.35,257.54,110,130
324.32,255.51,110,130
322.29,253.48,110,130
330.02,261.23,110,130
327.71,258.93,110,130
334.08,256.9,110,130
331.77,254.87,110,130
328.39,252.84,110,130
326.35,250.81,110,130
324.32,248.77,110,130
332.05,256.47,110,130
329.74,253.48,110,130
326.35,251.45,110,130
334.08,249.42,110,130
331.77,247.38,110,130
328.39,245.35,110,130
326.35,243.32,110,130
334.08,251.07,110,130
331.77,248.77,110,130
328.39,246.74,110,130
326.35,244.71,110,130
324.32,242.68,110,130
332.05,250.38,110,130
329.74,247.38,110,130
326.35,245.35,110,130
324.32,243.32,110,130
322.29,241.29,110,130
330.02,249.04,110,130
327.71,246.74,110,130
324.32,244.71,110,130
332.05,242.68,110,130
329.74,240.65,110,130
326.35,248.35,110,130
334.08,245.35,110,130
331.77,243.32,110,130
328.39,241.29,110,130
326.35,249.04,110,130
334.08,246.74,110,130
331.77,244.71,110,130
328.39,242.68,110,130
326.35,240.65,110,130
324.32,238.62,110,130
332.05,246.32,110,130
329.74,243.32,110,130
326.35,241.29,110,130
324.32,239.26,110,130
332.05,247.01,110,130
329.74,244.71,110,130
326.35,242.68,110,130
324.32,240.65,110,130
322.29,238.62,110,130
330.02,246.32,110,130
327.71,243.32,110,130
324.32,241.29,110,130
322.29,239.26,110,130
330.02,247.01,110,130
327.71,244.71,110,130
324.32,242.68,110,130
332.05,240.65,110,130
329.74,238.62,110,130
326.35,246.32,110,130
324.32,243.32,110,130
332.05,241.29,110,130
329.74,239.26,110,130
326.35,247.01,110,130
334.08,244.71,110,130
331.77,242.68,110,130
328.39,240.65,110,130
326.35,248.35,110,130
334.08,245.35,110,130
331.77,243.32,110,130
328.39,241.29,110,130
326.35,249.04,110,130
334.08,246.74,110,130
331.77,244.71,110,130
328.39,242.68,110,130
326.35,250.38,110,130
324.32,247.38,110,130
332.05,245.35,110,130
329.74,253.1,110,130
326.35,250.81,110,130
334.08,248.77,110,130
331.77,246.74,110,130
328.39,254.44,110,130
326.35,251.45,110,130
324.32,249.42,110,130
332.05,257.17,110,130
329.74,254.87,110,130
326.35,252.84,110,130
324.32,250.81,110,130
332.05,258.5,110,130
329.74,255.51,110,130
326.35,253.48,110,130
334.08,261.23,110,130
331.77,258.93,110,130
328.39,256.9,110,130
326.35,254.87,110,130
334.08,262.57,110,130
331.77,259.57,110,130
328.39,257.54,110,130
336.12,265.29,110,130
333.8,262.99,110,130
330.42,260.96,110,130
328.39,258.93,110,130
336.12,266.63,110,130
333.8,263.63,110,130
330.42,261.6,110,130
328.39,259.57,110,130
336.12,267.32,110,130
333.8,265.02,110,130
330.42,262.99,110,130
338.15,260.96,110,130
335.83,258.93,110,130
332.45,266.63,110,130
340.18,263.63,110,130
337.86,261.6,110,130
334.48,259.57,110,130
332.45,257.54,110,130
340.18,265.29,110,130
337.86,262.99,110,130
334.48,260.96,110,130
342.21,258.93,110,130
339.9,256.9,110,130
336.51,254.87,110,130
334.48,252.84,110,130
342.21,260.53,110,130
339.9,257.54,110,130
336.51,255.51,110,130
334.48,253.48,110,130
332.45,251.45,110,130
340.18,259.2,110,130
337.86,256.9,110,130
344.24,254.87,110,130
341.93,252.84,110,130
338.54,250.81,110,130
336.51,248.77,110,130
344.24,256.47,110,130
341.93,253.48,110,130
338.54,251.45,110,130
336.51,249.42,110,130
344.24,247.38,110,130
341.93,255.14,110,130
338.54,252.84,110,130
346.27,250.81,110,130
343.96,248.77,110,130
340.57,246.74,110,130
338.54,244.71,110,130
336.51,242.68,110,130
344.24,250.38,110,130
341.93,247.38,110,130
338.54,245.35,110,130
336.51,243.32,110,130
344.24,251.07,110,130
341.93,248.77,110,130
338.54,246.74,110,130
336.51,244.71,110,130
344.24,252.41,110,130
341.93,249.42,110,130
338.54,247.38,110,130
336.51,245.35,110,130
344.24,253.1,110,130
341.93,250.81,110,130
338.54,248.77,110,130
336.51,246.74,110,130
344.24,254.44,110,130
341.93,251.45,110,130
338.54,249.42,110,130
336.51,247.38,110,130
344.24,255.14,110,130
341.93,252.84,110,130
338.54,250.81,110,130
336.51,248.77,110,130
334.48,246.74,110,130
342.21,254.44,110,130
339.9,251.45,110,130
336.51,249.42,110,130
334.48,247.38,110,130
342.21,255.14,110,130
339.9,252.84,110,130
336.51,250.81,110,130
334.48,248.77,110,130
332.45,246.74,110,130
340.18,254.44,110,130
337.86,251.45,110,130
334.48,249.42,110,130
332.45,247.38,110,130
340.18,255.14,110,130
337.86,252.84,110,130
334.48,250.81,110,130
332.45,248.77,110,130
330.42,246.74,110,130
338.15,254.44,110,130
335.83,251.45,110,130
332.45,249.42,110,130
330.42,247.38,110,130
338.15,255.14,110,130
335.83,252.84,110,130
332.45,250.81,110,130
330.42,248.77,110,130
328.39,246.74,110,130
336.12,244.71,110,130
333.8,252.41,110,130
330.42,249.42,110,130
328.39,247.38,110,130
336.12,245.35,110,130
333.8,253.1,110,130
330.42,250.81,110,130
338.15,248.77,110,130
335.83,246.74,110,130
332.45,244.71,110,130
330.42,242.68,110,130
328.39,240.65,110,130
336.12,248.35,110,130
333.8,245.35,110,130
330.42,243.32,110,130
328.39,241.29,110,130
336.12,239.26,110,130
333.8,247.01,110,130
340.18,244.71,110,130
337.86,242.68,110,130
334.48,240.65,110,130
332.45,238.62,110,130
340.18,246.32,110,130
337.86,243.32,110,130
334.48,241.29,110,130
332.45,239.26,110,130
340.18,247.01,110,130
337.86,244.71,110,130
334.48,242.68,110,130
332.45,240.65,110,130
340.18,248.35,110,130
337.86,245.35,110,130
334.48,243.32,110,130
332.45,241.29,110,130
340.18,249.04,110,130
337.86,246.74,110,130
334.48,244.71,110,130
332.45,242.68,110,130
340.18,250.38,110,130
337.86,247.38,110,130
334.48,245.35,110,130
342.21,253.1,110,130
339.9,250.81,110,130
336.51,248.77,110,130
334.48,246.74,110,130
342.21,254.44,110,130
339.9,251.45,110,130
336.51,259.2,110,130
344.24,256.9,110,130
341.93,254.87,110,130
338.54,252.84,110,130
336.51,250.81,110,130
344.24,258.5,110,130
341.93,255.51,110,130
338.54,253.48,110,130
336.51,261.23,110,130
344.24,258.93,110,130
341.93,256.9,110,130
338.54,254.87,110,130
336.51,262.57,110,130
344.24,259.57,110,130
341.93,257.54,110,130
338.54,255.51,110,130
336.51,253.48,110,130
344.24,261.23,110,130
341.93,258.93,110,130
338.54,256.9,110,130
336.51,254.87,110,130
344.24,252.84,110,130
341.93,260.53,110,130
338.54,257.54,110,130
336.51,255.51,110,130
344.24,253.48,110,130
341.93,261.23,110,130
338.54,249.2,110,130
346.27,257.17,110,130
343.96,254.87,110,130
340.57,252.84,110,130
338.54,250.81,110,130
346.27,258.5,110,130
343.96,255.51,110,130
340.57,253.48,110,130
338.54,251.45,110,130
346.27,259.2,110,130
343.96,256.9,110,130
340.57,254.87,110,130
348.3,252.84,110,130
345.99,250.81,110,130
342.6,248.77,110,130
350.33,256.47,110,130
348.02,253.48,110,130
344.64,251.45,110,130
342.6,249.42,110,130
350.33,257.17,110,130
348.02,254.87,110,130
344.64,252.84,110,130
352.37,250.81,110,130
350.05,248.77,110,130
346.67,246.74,110,130
344.64,244.71,110,130
352.37,252.41,110,130
350.05,249.42,110,130
356.43,247.38,110,130
354.11,245.35,110,130
350.73,243.32,110,130
348.7,241.29,110,130
356.43,249.04,110,130
354.11,246.74,110,130
350.73,244.71,110,130
358.46,242.68,110,130
356.15,240.65,110,130
352.76,238.62,110,130
350.73,236.59,110,130
358.46,244.28,110,130
356.15,241.29,110,130
352.76,239.26,110,130
350.73,237.23,110,130
348.7,235.2,110,130
356.43,242.95,110,130
354.11,240.65,110,130
350.73,238.62,110,130
348.7,236.59,110,130
356.43,234.56,110,130
354.11,242.25,110,130
350.73,239.26,110,130
348.7,237.23,110,130
356.43,235.2,110,130
354.11,242.95,110,130
350.73,240.65,110,130
348.7,238.62,110,130
356.43,236.59,110,130
354.11,234.56,110,130
350.73,242.25,110,130
348.7,239.26,110,130
356.43,237.23,110,130
354.11,235.2,110,130
350.73,242.95,110,130
358.46,240.65,110,130
356.15,238.62,110,130
352.76,236.59,110,130
350.73,234.56,110,130
348.7,232.52,110,130
346.67,230.49,110,130
354.4,238.19,110,130
352.08,235.2,110,130
348.7,233.17,110,130
346.67,231.13,110,130
354.4,238.89,110,130
352.08,236.59,110,130
348.7,234.56,110,130
346.67,232.52,110,130
344.64,230.49,110,130
352.37,238.19,110,130
350.05,235.2,110,130
346.67,233.17,110,130
344.64,231.13,110,130
352.37,229.1,110,130
350.05,236.85,110,130
346.67,234.56,110,130
354.4,232.52,110,130
352.08,230.49,110,130
348.7,228.46,110,130
346.67,226.43,110,130
354.4,234.13,110,130
352.08,231.13,110,130
348.7,229.1,110,130
346.67,227.07,110,130
354.4,234.82,110,130
352.08,232.52,110,130
348.7,230.49,110,130
346.67,228.46,110,130
344.64,226.43,110,130
352.37,234.13,110,130
350.05,231.13,110,130
346.67,229.1,110,130
344.64,227.07,110,130
352.37,234.82,110,130
350.05,232.52,110,130
346.67,230.49,110,130
344.64,228.46,110,130
352.37,236.16,110,130
350.05,233.17,110,130
346.67,231.13,110,130
354.4,238.89,110,130
352.08,236.59,110,130
348.7,234.56,110,130
346.67,232.52,110,130
354.4,240.22,110,130
352.08,237.23,110,130
348.7,235.2,110,130
346.67,242.95,110,130
354.4,240.65,110,130
352.08,238.62,110,130
348.7,246.32,110,130
346.67,243.32,110,130
344.64,241.29,110,130
352.37,249.04,110,130
350.05,246.74,110,130
346.67,244.71,110,130
344.64,242.68,110,130
352.37,250.38,110,130
350.05,247.38,110,130
346.67,245.35,110,130
354.4,253.1,110,130
352.08,250.81,110,130
348.7,248.77,110,130
346.67,246.74,110,130
354.4,254.44,110,130
352.08,251.45,110,130
348.7,249.42,110,130
356.43,257.17,110,130
354.11,254.87,110,130
350.73,252.84,110,130
358.46,250.81,110,130
356.15,248.77,110,130
352.76,256.47,110,130
350.73,253.48,110,130
358.46,251.45,110,130
356.15,249.42,110,130
352.76,257.17,110,130
360.49,254.87,110,130
358.18,252.84,110,130
354.79,250.81,110,130
352.76,248.77,110,130
350.73,246.74,110,130
358.46,254.44,110,130
356.15,251.45,110,130
352.76,249.42,110,130
350.73,247.38,110,130
358.46,255.14,110,130
356.15,252.84,110,130
352.76,250.81,110,130
350.73,248.77,110,130
358.46,246.74,110,130
356.15,244.71,110,130
352.76,252.41,110,130
360.49,249.42,110,130
358.18,247.38,110,130
354.79,245.35,110,130
352.76,243.32,110,130
350.73,241.29,110,130
358.46,249.04,110,130
356.15,246.74,110,130
352.76,244.71,110,130
350.73,242.68,110,130
358.46,250.38,110,130
356.15,247.38,110,130
352.76,245.35,110,130
350.73,243.32,110,130
358.46,251.07,110,130
356.15,248.77,110,130
352.76,246.74,110,130
350.73,244.71,110,130
358.46,252.41,110,130
356.15,249.42,110,130
352.76,247.38,110,130
350.73,245.35,110,130
358.46,253.1,110,130
356.15,250.81,110,130
352.76,248.77,110,130
350.73,246.74,110,130
358.46,254.44,110,130
356.15,251.45,110,130
352.76,249.42,110,130
360.49,257.17,110,130
358.18,254.87,110,130
354.79,252.84,110,130
352.76,250.81,110,130
350.73,258.5,110,130
358.46,255.51,110,130
356.15,253.48,110,130
352.76,261.23,110,130
350.73,258.93,110,130
358.46,256.9,110,130
356.15,254.87,110,130
352.76,252.84,110,130
350.73,260.53,110,130
358.46,257.54,110,130
356.15,255.51,110,130
352.76,253.48,110,130
350.73,261.23,110,130
358.46,258.93,110,130
356.15,256.9,110,130
352.76,254.87,110,130
350.73,252.84,110,130
358.46,260.53,110,130
356.15,257.54,110,130
352.76,255.51,110,130
350.73,253.48,110,130
348.7,251.45,110,130
356.43,259.2,110,130
354.11,256.9,110,130
350.73,254.87,110,130
348.7,252.84,110,130
346.67,250.81,110,130
354.4,258.5,110,130
352.08,255.51,110,130
348.7,253.48,110,130
356.43,251.45,110,130
354.11,249.42,110,130
350.73,257.17,110,130
358.46,254.87,110,130
356.15,252.84,110,130
352.76,250.81,110,130
350.73,248.77,110,130
348.7,246.74,110,130
356.43,254.44,110,130
354.11,251.45,110,130
350.73,249.42,110,130
358.46,247.38,110,130
356.15,245.35,110,130
352.76,253.1,110,130
350.73,250.81,110,130
358.46,248.77,110,130
356.15,246.74,110,130
352.76,244.71,110,130
350.73,242.68,110,130
358.46,250.38,110,130
356.15,247.38,110,130
352.76,245.35,110,130
350.73,243.32,110,130
348.7,241.29,110,130
356.43,249.04,110,130
354.11,246.74,110,130
350.73,244.71,110,130
348.7,242.68,110,130
356.43,250.38,110,130
354.11,247.38,110,130
350.73,245.35,110,130
348.7,243.32,110,130
356.43,251.07,110,130
354.11,248.77,110,130
350.73,246.74,110,130
348.7,244.71,110,130
356.43,252.41,110,130
354.11,249.42,110,130
350.73,247.38,110,130
348.7,245.35,110,130
356.43,253.1,110,130
354.11,250.81,110,130
350.73,248.77,110,130
348.7,246.74,110,130
356.43,254.44,110,130
354.11,251.45,110,130
350.73,249.42,110,130
348.7,257.17,110,130
356.43,254.87,110,130
354.11,252.84,110,130
350.73,260.53,110,130
348.7,257.54,110,130
346.67,255.51,110,130
344.64,253.48,110,130
352.37,261.23,110,130
350.05,258.93,110,130
346.67,266.63,110,130
344.64,263.63,110,130
342.6,261.6,110,130
340.57,269.35,110,130
348.3,267.06,110,130
345.99,265.02,110,130
342.6,262.99,110,130
340.57,270.69,110,130
338.54,267.7,110,130
336.51,265.67,110,130
334.48,273.42,110,130
332.45,271.12,110,130
330.42,269.09,110,130
328.39,267.06,110,130
336.12,274.75,110,130
333.8,271.76,110,130
330.42,269.73,110,130
328.39,267.7,110,130
326.35,265.67,110,130
334.08,273.42,110,130
331.77,271.12,110,130
328.39,269.09,110,130
326.35,267.06,110,130
324.32,265.02,110,130
322.29,262.99,110,130
330.02,270.69,110,130
327.71,267.7,110,130
324.32,265.67,110,130
322.29,263.63,110,130
330.02,261.6,110,130
327.71,269.35,110,130
324.32,267.06,110,130
322.29,265.02,110,130
330.02,262.99,110,130
327.71,260.96,110,130
324.32,258.93,110,130
322.29,256.9,110,130
330.02,264.6,110,130
327.71,261.6,110,130
324.32,259.57,110,130
322.29,257.54,110,130
330.02,265.29,110,130
327.71,262.99,110,130
324.32,260.96,110,130
322.29,258.93,110,130
330.02,256.9,110,130
327.71,264.6,110,130
324.32,261.6,110,130
322.29,259.57,110,130
330.02,267.32,110,130
327.71,265.02,110,130
324.32,262.99,110,130
332.05,260.96,110,130
329.74,258.93,110,130
326.35,266.63,110,130
324.32,263.63,110,130
332.05,261.6,110,130
329.74,259.57,110,130
326.35,267.32,110,130
324.32,265.02,110,130
332.05,262.99,110,130
329.74,260.96,110,130
326.35,268.66,110,130
334.08,265.67,110,130
331.77,263.63,110,130
328.39,271.39,110,130
326.35,269.09,110,130
334.08,267.06,110,130
331.77,265.02,110,130
328.39,262.99,110,130
336.12,270.69,110,130
333.8,267.7,110,130
330.42,265.67,110,130
328.39,273.42,110,130
326.35,271.12,110,130
334.08,269.09,110,130
331.77,267.06,110,130
328.39,274.75,110,130
326.35,271.76,110,130
334.08,269.73,110,130
331.77,267.7,110,130
328.39,275.45,110,130
326.35,273.15,110,130
334.08,271.12,110,130
331.77,269.09,110,130
328.39,276.78,110,130
326.35,273.79,110,130
334.08,271.76,110,130
331.77,269.73,110,130
328.39,267.7,110,130
336.12,275.45,110,130
333.8,273.15,110,130
330.42,271.12,110,130
328.39,269.09,110,130
336.12,276.78,110,130
333.8,273.79,110,130
330.42,271.76,110,130
328.39,269.73,110,130
336.12,277.48,110,130
333.8,275.18,110,130
330.42,273.15,110,130
338.15,271.12,110,130
335.83,269.09,110,130
332.45,267.06,110,130
340.18,274.75,110,130
337.86,271.76,110,130
334.48,269.73,110,130
332.45,267.7,110,130
340.18,275.45,110,130
337.86,273.15,110,130
334.48,271.12,110,130
332.45,269.09,110,130
340.18,267.06,110,130
337.86,274.75,110,130
334.48,271.76,110,130
342.21,269.73,110,130
339.9,267.7,110,130
336.51,265.67,110,130
334.48,263.63,110,130
342.21,271.39,110,130
339.9,269.09,110,130
336.51,267.06,110,130
334.48,265.02,110,130
332.45,262.99,110,130
340.18,260.96,110,130
337.86,268.66,110,130
344.24,265.67,110,130
341.93,263.63,110,130
338.54,261.6,110,130
336.51,259.57,110,130
334.48,257.54,110,130
342.21,265.29,110,130
339.9,262.99,110,130
336.51,260.96,110,130
334.48,258.93,110,130
342.21,256.9,110,130
339.9,264.6,110,130
346.27,261.6,110,130
343.96,259.57,110,130
340.57,257.54,110,130
338.54,255.51,110,130
336.51,253.48,110,130
344.24,261.23,110,130
341.93,258.93,110,130
338.54,256.9,110,130
336.51,254.87,110,130
344.24,262.57,110,130
341.93,259.57,110,130
338.54,257.54,110,130
336.51,255.51,110,130
344.24,253.48,110,130
341.93,261.23,110,130
338.54,258.93,110,130
346.27,256.9,110,130
343.96,254.87,110,130
340.57,252.84,110,130
338.54,250.81,110,130
346.27,258.5,110,130
343.96,255.51,110,130
340.57,253.48,110,130
338.54,251.45,110,130
346.27,259.2,110,130
343.96,256.9,110,130
340.57,254.87,110,130
338.54,252.84,110,130
346.27,250.81,110,130
343.96,258.5,110,130
340.57,255.51,110,130
338.54,253.48,110,130
346.27,251.45,110,130
343.96,259.2,110,130
340.57,256.9,110,130
348.3,254.87,110,130
345.99,252.84,110,130
342.6,250.81,110,130
340.57,248.77,110,130
348.3,256.47,110,130
336.28,292.61,110,130
334.48,290.04,110,130
342.21,258.66,110,130
349.6,255.51,110,130
346.67,253.48,110,130
344.64,251.45,110,130
342.6,259.2,110,130
350.33,256.9,110,130
348.02,254.87,110,130
344.64,252.84,110,130
342.6,250.81,110,130
350.33,258.5,110,130
348.02,255.51,110,130
344.64,253.48,110,130
342.6,251.45,110,130
350.33,259.2,110,130
348.02,256.9,110,130
344.64,254.87,110,130
342.6,252.84,110,130
350.33,260.53,110,130
348.02,257.54,110,130
344.64,255.51,110,130
342.6,253.48,110,130
350.33,261.23,110,130
348.02,258.93,110,130
344.64,256.9,110,130
342.6,254.87,110,130
350.33,262.57,110,130
348.02,259.57,110,130
344.64,257.54,110,130
342.6,255.51,110,130
350.33,253.48,110,130
348.02,261.23,110,130
344.64,258.93,110,130
352.37,256.9,110,130
350.05,254.87,110,130
346.67,252.84,110,130
344.64,250.81,110,130
352.37,258.5,110,130
350.05,255.51,110,130
346.67,253.48,110,130
344.64,251.45,110,130
352.37,259.2,110,130
350.05,256.9,110,130
346.67,254.87,110,130
344.64,252.84,110,130
352.37,250.81,110,130
350.05,258.5,110,130
346.67,255.51,110,130
354.4,253.48,110,130
352.08,251.45,110,130
348.7,249.42,110,130
346.67,257.17,110,130
354.4,254.87,110,130
352.08,252.84,110,130
348.7,250.81,110,130
346.67,248.77,110,130
354.4,256.47,110,130
352.08,253.48,110,130
348.7,251.45,110,130
346.67,249.42,110,130
344.64,257.17,110,130
352.37,254.87,110,130
350.05,252.84,110,130
346.67,250.81,110,130
344.64,248.77,110,130
352.37,256.47,110,130
350.05,253.48,110,130
346.67,251.45,110,130
344.64,249.42,110,130
352.37,247.38,110,130
350.05,255.14,110,130
346.67,252.84,110,130
344.64,250.81,110,130
342.6,248.77,110,130
350.33,256.47,110,130
348.02,253.48,110,130
344.64,251.45,110,130
342.6,249.42,110,130
350.33,257.17,110,130
348.02,254.87,110,130
344.64,252.84,110,130
342.6,250.81,110,130
340.57,248.77,110,130
348.3,256.47,110,130
345.99,253.48,110,130
342.6,251.45,110,130
340.57,249.42,110,130
348.3,257.17,110,130
345.99,254.87,110,130
342.6,252.84,110,130
340.57,250.81,110,130
338.54,248.77,110,130
336.51,246.74,110,130
344.24,254.44,110,130
341.93,251.45,110,130
338.54,249.42,110,130
336.51,247.38,110,130
334.48,245.35,110,130
332.45,253.1,110,130
330.42,250.81,110,130
328.39,248.77,110,130
326.35,246.74,110,130
324.32,244.71,110,130
322.29,242.68,110,130
320.26,240.65,110,130
318.23,248.35,110,130
316.2,245.35,110,130
314.17,243.32,110,130
312.14,241.29,110,130
310.1,239.26,110,130
298.31,237.23,110,130
295.89,235.2,110,130
303.62,242.95,110,130
291.6,240.65,110,130
289.79,238.62,110,130
287.76,246.32,110,130
285.73,243.32,110,130
283.7,241.29,110,130
281.67,249.04,110,130
279.64,246.74,110,130
277.6,244.71,110,130
275.57,252.41,110,130
263.78,249.42,110,130
271.12,257.17,110,130
268.8,254.87,110,130
265.42,252.84,110,130
263.39,260.53,110,130
261.35,257.54,110,130
259.32,255.51,110,130
257.29,263.26,110,130
255.26,260.96,110,130
253.23,258.93,110,130
251.2,266.63,110,130
249.17,263.63,110,130
247.14,261.6,110,130
245.1,259.57,110,130
252.83,267.32,110,130
250.52,265.02,110,130
247.14,262.99,110,130
245.1,260.96,110,130
243.07,258.93,110,130
241.04,256.9,110,130
239.01,254.87,110,130
236.98,262.57,110,130
244.71,259.57,110,130
242.4,257.54,110,130
239.01,255.51,110,130
236.98,253.48,110,130
234.95,251.45,110,130
232.92,249.42,110,130
240.65,247.38,110,130
238.33,245.35,110,130
234.95,243.32,110,130
232.92,241.29,110,130
230.89,239.26,110,130
238.62,237.23,110,130
236.3,235.2,110,130
232.92,233.17,110,130
230.89,231.13,110,130
238.62,229.1,110,130
236.3,227.07,110,130
242.68,225.04,110,130
240.36,223.01,110,130
246.74,220.98,110,130
244.43,218.95,110,130
241.04,216.92,110,130
248.77,214.88,110,130
246.46,212.85,110,130
252.83,210.82,110,130
250.52,208.79,110,130
247.14,196.98,110,130
254.87,194.57,110,130
252.55,192.54,110,130
258.93,190.51,110,130
256.61,188.48,110,130
262.99,186.45,110,130
260.68,184.42,110,130
267.05,182.38,110,130
264.74,180.35,110,130
271.12,178.32,110,130
268.8,186.07,110,130
275.18,183.77,110,130
272.86,181.74,110,130
279.24,179.71,110,130
276.93,177.68,110,130
283.3,175.65,110,130
280.99,173.62,110,130
287.37,181.32,110,130
294.76,178.32,110,130
291.82,176.29,110,130
299.55,174.26,110,130
297.24,172.23,110,130
303.62,179.98,110,130
311.01,177.68,110,130
308.07,175.65,110,130
315.8,183.35,110,130
313.49,180.35,110,130
319.87,178.32,110,130
327.26,186.07,110,130
324.32,183.77,110,130
332.05,181.74,110,130
329.74,179.71,110,130
336.12,187.41,110,130
333.8,184.42,110,130
340.18,182.38,110,130
347.57,190.14,110,130
344.64,187.84,110,130
352.37,185.81,110,130
350.05,183.77,110,130
356.43,191.47,110,130
354.11,188.48,110,130
360.49,196.23,110,130
358.18,193.93,110,130
364.55,191.9,110,130
362.24,189.87,110,130
368.62,187.84,110,130
366.3,195.53,110,130
372.68,192.54,110,130
370.36,190.51,110,130
376.74,188.48,110,130
374.43,196.23,110,130
380.8,193.93,110,130
378.49,191.9,110,130
375.1,189.87,110,130
382.83,187.84,110,130
380.52,185.81,110,130
377.14,183.77,110,130
384.87,191.47,110,130
382.55,188.48,110,130
398.69,225.58,110,130
395.42,223.01,110,130
383.62,230.76,110,130
390.96,189.55,110,130
408.06,215.79,110,130
395.81,183.51,110,130
393.39,180.35,110,130
391.35,178.32,110,130
389.32,176.29,110,130
387.29,174.26,110,130
395.02,182.01,110,130
392.71,179.71,110,130
379.56,197.14,110,130
357.61,204.35,110,130
393.84,172.87,110,130
391.35,170.2,110,130
399.08,168.17,110,130
396.77,166.13,110,130
403.15,173.89,110,130
400.83,171.59,110,130
397.45,169.56,110,130
395.42,167.52,110,130
403.15,165.49,110,130
400.83,163.46,110,130
397.45,161.43,110,130
405.18,169.13,110,130
402.86,166.13,110,130
399.48,164.1,110,130
407.21,171.85,110,130
404.9,169.56,110,130
401.51,167.52,110,130
399.48,165.49,110,130
397.45,163.46,110,130
405.18,171.16,110,130
402.86,168.17,110,130
399.48,166.13,110,130
407.21,173.89,110,130
404.9,171.59,110,130
401.51,169.56,110,130
409.24,177.25,110,130
397.22,164.48,110,130
405.18,171.85,110,130
402.86,169.56,110,130
399.48,167.52,110,130
407.21,175.22,110,130
404.9,172.23,110,130
401.51,170.2,110,130
409.24,177.95,110,130
406.93,175.65,110,130
403.54,173.62,110,130
401.51,171.59,110,130
409.24,179.28,110,130
406.93,176.29,110,130
403.54,174.26,110,130
401.51,172.23,110,130
409.24,179.98,110,130
406.93,177.68,110,130
403.54,175.65,110,130
401.51,173.62,110,130
399.48,171.59,110,130
407.21,179.28,110,130
404.9,176.29,110,130
401.51,174.26,110,130
399.48,172.23,110,130
407.21,179.98,110,130
404.9,177.68,110,130
401.51,175.65,110,130
399.48,173.62,110,130
407.21,171.59,110,130
404.9,169.56,110,130
401.51,167.52,110,130
399.48,165.49,110,130
397.45,163.46,110,130
405.18,171.16,110,130
402.86,168.17,110,130
399.48,166.13,110,130
397.45,164.1,110,130
405.18,162.07,110,130
402.86,160.04,110,130
399.48,158.01,110,130
397.45,155.98,110,130
405.18,163.73,110,130
402.86,161.43,110,130
399.48,159.4,110,130
397.45,157.37,110,130
395.42,155.34,110,130
403.15,153.31,110,130
400.83,161,110,130
397.45,158.01,110,130
405.18,155.98,110,130
402.86,153.95,110,130
399.48,151.92,110,130
397.45,149.88,110,130
405.18,157.64,110,130
402.86,155.34,110,130
399.48,153.31,110,130
397.45,151.27,110,130
405.18,158.97,110,130
402.86,155.98,110,130
399.48,153.95,110,130
407.21,161.7,110,130
404.9,159.4,110,130
401.51,157.37,110,130
409.24,165.07,110,130
406.93,162.07,110,130
403.54,160.04,110,130
401.51,167.79,110,130
409.24,165.49,110,130
406.93,163.46,110,130
403.54,171.16,110,130
401.51,168.17,110,130
409.24,175.92,110,130
406.93,173.62,110,130
403.54,171.59,110,130
411.27,179.28,110,130
408.96,176.29,110,130
405.57,174.26,110,130
413.3,182.01,110,130
410.99,179.71,110,130
407.6,177.68,110,130
405.57,175.65,110,130
413.3,183.35,110,130
410.99,180.35,110,130
407.6,178.32,110,130
415.33,186.07,110,130
413.02,183.77,110,130
409.64,181.74,110,130
407.6,179.71,110,130
415.33,187.41,110,130
413.02,184.42,110,130
409.64,182.38,110,130
417.37,190.14,110,130
415.05,187.84,110,130
411.67,185.81,110,130
409.64,183.77,110,130
407.6,181.74,110,130
415.33,189.44,110,130
413.02,186.45,110,130
409.64,184.42,110,130
417.37,192.17,110,130
376.23,219.05,110,130
373.07,216.92,110,130
390.56,214.88,110,130
416.58,193.29,110,130
413.7,190.51,110,130
411.67,188.48,110,130
419.4,196.23,110,130
417.08,193.93,110,130
413.7,191.9,110,130
411.67,189.87,110,130
419.4,197.57,110,130
417.08,194.57,110,130
413.7,192.54,110,130
421.43,190.51,110,130
419.11,198.26,110,130
415.73,195.96,110,130
413.7,193.93,110,130
421.43,191.9,110,130
419.11,189.87,110,130
415.73,187.84,110,130
413.7,185.81,110,130
421.43,193.5,110,130
419.11,190.51,110,130
415.73,188.48,110,130
423.46,196.23,110,130
421.15,193.93,110,130
417.76,191.9,110,130
415.73,189.87,110,130
413.7,187.84,110,130
421.43,195.53,110,130
419.11,192.54,110,130
415.73,190.51,110,130
413.7,188.48,110,130
421.43,186.45,110,130
419.11,184.42,110,130
415.73,192.17,110,130
423.46,189.87,110,130
421.15,187.84,110,130
417.76,185.81,110,130
415.73,183.77,110,130
423.46,191.47,110,130
421.15,188.48,110,130
417.76,186.45,110,130
415.73,184.42,110,130
413.7,182.38,110,130
421.43,180.35,110,130
419.11,188.1,110,130
415.73,185.81,110,130
423.46,183.77,110,130
421.15,181.74,110,130
417.76,179.71,110,130
415.73,177.68,110,130
423.46,185.38,110,130
421.15,182.38,110,130
417.76,180.35,110,130
415.73,178.32,110,130
413.7,176.29,110,130
421.43,184.04,110,130
419.11,181.74,110,130
415.73,179.71,110,130
423.46,177.68,110,130
421.15,185.38,110,130
417.76,182.38,110,130
415.73,180.35,110,130
413.7,178.32,110,130
421.43,186.07,110,130
419.11,183.77,110,130
415.73,181.74,110,130
423.46,179.71,110,130
421.15,187.41,110,130
417.76,184.42,110,130
425.49,192.17,110,130
423.18,189.87,110,130
419.79,187.84,110,130
417.76,185.81,110,130
425.49,193.5,110,130
423.18,190.51,110,130
419.79,188.48,110,130
417.76,186.45,110,130
425.49,194.2,110,130
423.18,191.9,110,130
419.79,189.87,110,130
417.76,187.84,110,130
425.49,195.53,110,130
423.18,192.54,110,130
419.79,200.29,110,130
427.52,197.99,110,130
425.21,195.96,110,130
421.82,193.93,110,130
429.55,201.63,110,130
427.24,198.63,110,130
423.85,196.6,110,130
421.82,194.57,110,130
419.79,192.54,110,130
427.52,200.29,110,130
425.21,197.99,110,130
421.82,195.96,110,130
419.79,193.93,110,130
417.76,191.9,110,130
425.49,199.6,110,130
423.18,196.6,110,130
419.79,194.57,110,130
417.76,192.54,110,130
425.49,200.29,110,130
423.18,197.99,110,130
419.79,195.96,110,130
417.76,193.93,110,130
425.49,191.9,110,130
423.18,199.6,110,130
419.79,196.6,110,130
417.76,194.57,110,130
425.49,192.54,110,130
423.18,190.51,110,130
419.79,188.48,110,130
417.76,196.23,110,130
425.49,193.93,110,130
423.18,191.9,110,130
419.79,189.87,110,130
417.76,187.84,110,130
415.73,185.81,110,130
423.46,193.5,110,130
421.15,190.51,110,130
417.76,188.48,110,130
425.49,196.23,110,130
423.18,184.2,110,130
419.79,192.17,110,130
417.76,189.87,110,130
425.49,187.84,110,130
423.18,185.81,110,130
419.79,183.77,110,130
417.76,181.74,110,130
425.49,189.44,110,130
423.18,186.45,110,130
419.79,184.42,110,130
417.76,182.38,110,130
425.49,190.14,110,130
423.18,187.84,110,130
419.79,185.81,110,130
417.76,183.77,110,130
425.49,191.47,110,130
423.18,188.48,110,130
419.79,186.45,110,130
417.76,184.42,110,130
425.49,192.17,110,130
423.18,189.87,110,130
419.79,187.84,110,130
417.76,185.81,110,130
425.49,183.77,110,130
423.18,191.47,110,130
419.79,188.48,110,130
417.76,186.45,110,130
425.49,194.2,110,130
423.18,191.9,110,130
419.79,189.87,110,130
417.76,187.84,110,130
425.49,195.53,110,130
423.18,192.54,110,130
419.79,190.51,110,130
417.76,188.48,110,130
425.49,196.23,110,130
423.18,193.93,110,130
419.79,191.9,110,130
427.52,189.87,110,130
425.21,197.57,110,130
421.82,194.57,110,130
419.79,192.54,110,130
427.52,200.29,110,130
425.21,197.99,110,130
421.82,195.96,110,130
419.79,193.93,110,130
427.52,191.9,110,130
425.21,189.87,110,130
431.58,197.57,110,130
419.57,194.57,110,130
427.52,192.54,110,130
425.21,190.51,110,130
421.82,198.26,110,130
419.79,195.96,110,130
427.52,193.93,110,130
425.21,191.9,110,130
421.82,189.87,110,130
429.55,197.57,110,130
427.24,194.57,110,130
423.85,202.32,110,130
431.58,200.02,110,130
429.27,197.99,110,130
425.89,195.96,110,130
423.85,193.93,110,130
421.82,191.9,110,130
419.79,199.6,110,130
427.52,196.6,110,130
425.21,194.57,110,130
431.58,202.32,110,130
390.45,229.21,110,130
406.81,227.07,110,130
403.54,225.04,110,130
401.51,232.79,110,130
428.76,201.31,110,130
425.89,198.63,110,130
423.85,196.6,110,130
431.58,204.35,110,130
429.27,202.06,110,130
425.89,200.02,110,130
423.85,197.99,110,130
431.58,205.69,110,130
429.27,202.7,110,130
425.89,200.67,110,130
423.85,198.63,110,130
431.58,206.39,110,130
429.27,204.09,110,130
425.89,202.06,110,130
423.85,200.02,110,130
431.58,207.72,110,130
429.27,204.73,110,130
425.89,202.7,110,130
433.62,210.45,110,130
431.3,208.15,110,130
427.92,206.12,110,130
425.89,204.09,110,130
423.85,202.06,110,130
412.06,229.21,110,130
409.64,236.85,110,130
417.37,244.28,110,130
434.46,211.94,110,130
431.98,208.79,110,130
429.95,206.76,110,130
437.68,214.51,110,130
435.36,212.21,110,130
431.98,210.18,110,130
439.71,217.88,110,130
437.4,214.88,110,130
434.01,212.85,110,130
431.98,210.82,110,130
439.71,218.57,110,130
437.4,216.27,110,130
443.77,214.24,110,130
441.46,212.21,110,130
438.07,210.18,110,130
445.8,217.88,110,130
443.49,214.88,110,130
440.1,212.85,110,130
438.07,210.82,110,130
445.8,218.57,110,130
443.49,216.27,110,130
440.1,214.24,110,130
447.83,212.21,110,130
445.52,219.91,110,130
442.14,216.92,110,130
449.87,214.88,110,130
447.55,212.85,110,130
444.17,210.82,110,130
442.14,208.79,110,130
449.87,216.54,110,130
447.55,214.24,110,130
444.17,212.21,110,130
442.14,210.18,110,130
440.1,208.15,110,130
447.83,215.85,110,130
445.52,212.85,110,130
442.14,210.82,110,130
440.1,208.79,110,130
438.07,206.76,110,130
445.8,214.51,110,130
443.49,212.21,110,130
440.1,210.18,110,130
447.83,208.15,110,130
445.52,206.12,110,130
442.14,204.09,110,130
440.1,202.06,110,130
447.83,209.75,110,130
445.52,206.76,110,130
442.14,204.73,110,130
440.1,212.48,110,130
447.83,210.18,110,130
445.52,208.15,110,130
442.14,206.12,110,130
440.1,204.09,110,130
447.83,211.78,110,130
445.52,208.79,110,130
442.14,206.76,110,130
440.1,214.51,110,130
438.07,212.21,110,130
436.04,210.18,110,130
443.77,208.15,110,130
441.46,206.12,110,130
438.07,213.82,110,130
436.04,210.82,110,130
443.77,208.79,110,130
441.46,216.54,110,130
438.07,214.24,110,130
436.04,212.21,110,130
443.77,210.18,110,130
441.46,217.88,110,130
438.07,214.88,110,130
436.04,212.85,110,130
443.77,220.6,110,130
441.46,218.31,110,130
438.07,216.27,110,130
436.04,214.24,110,130
443.77,212.21,110,130
441.46,210.18,110,130
438.07,217.88,110,130
445.8,214.88,110,130
443.49,212.85,110,130
440.1,210.82,110,130
438.07,218.57,110,130
445.8,216.27,110,130
443.49,214.24,110,130
440.1,212.21,110,130
438.07,210.18,110,130
436.04,208.15,110,130
443.77,215.85,110,130
441.46,212.85,110,130
438.07,210.82,110,130
436.04,208.79,110,130
434.01,206.76,110,130
441.74,214.51,110,130
439.43,212.21,110,130
445.8,210.18,110,130
443.49,208.15,110,130
440.1,206.12,110,130
438.07,204.09,110,130
436.04,202.06,110,130
443.77,209.75,110,130
441.46,206.76,110,130
438.07,204.73,110,130
436.04,202.7,110,130
443.77,210.45,110,130
441.46,208.15,110,130
438.07,206.12,110,130
436.04,204.09,110,130
443.77,202.06,110,130
441.46,209.75,110,130
438.07,206.76,110,130
445.8,204.73,110,130
443.49,202.7,110,130
440.1,200.67,110,130
438.07,208.42,110,130
445.8,206.12,110,130
443.49,204.09,110,130
440.1,202.06,110,130
438.07,200.02,110,130
445.8,207.72,110,130
443.49,204.73,110,130
440.1,202.7,110,130
438.07,200.67,110,130
445.8,208.42,110,130
443.49,206.12,110,130
440.1,204.09,110,130
438.07,202.06,110,130
445.8,209.75,110,130
443.49,206.76,110,130
440.1,204.73,110,130
447.83,212.48,110,130
445.52,210.18,110,130
442.14,208.15,110,130
440.1,206.12,110,130
447.83,213.82,110,130
445.52,210.82,110,130
442.14,208.79,110,130
459.63,236.11,110,130
446.59,213.6,110,130
444.17,210.82,110,130
442.14,208.79,110,130
440.1,206.76,110,130
447.83,214.51,110,130
445.52,212.21,110,130
442.14,210.18,110,130
449.87,217.88,110,130
447.55,214.88,110,130
444.17,212.85,110,130
442.14,210.82,110,130
440.1,208.79,110,130
447.83,216.54,110,130
445.52,214.24,110,130
442.14,212.21,110,130
440.1,210.18,110,130
447.83,217.88,110,130
445.52,214.88,110,130
442.14,212.85,110,130
449.87,220.6,110,130
447.55,218.31,110,130
444.17,216.27,110,130
442.14,214.24,110,130
449.87,221.94,110,130
447.55,218.95,110,130
444.17,216.92,110,130
451.9,224.67,110,130
449.58,222.37,110,130
446.2,220.34,110,130
444.17,218.31,110,130
442.14,216.27,110,130
449.87,223.97,110,130
447.55,220.98,110,130
444.17,218.95,110,130
451.9,226.7,110,130
449.58,224.4,110,130
446.2,222.37,110,130
453.93,220.34,110,130
451.61,218.31,110,130
448.23,226,110,130
446.2,223.01,110,130
453.93,220.98,110,130
451.61,228.73,110,130
448.23,226.43,110,130
446.2,224.4,110,130
453.93,232.1,110,130
451.61,229.1,110,130
448.23,227.07,110,130
455.96,234.82,110,130
453.65,232.52,110,130
450.26,230.49,110,130
457.99,238.19,110,130
455.68,235.2,110,130
452.29,233.17,110,130
450.26,231.13,110,130
457.99,238.89,110,130
455.68,236.59,110,130
452.29,234.56,110,130
460.02,242.25,110,130
457.71,239.26,110,130
464.08,247.01,110,130
471.48,264.17,110,130
478.3,271.39,110,130
456.58,239.9,110,130
454.32,247.01,110,130
452.29,244.71,110,130
450.26,242.68,110,130
448.23,240.65,110,130
455.96,248.35,110,130
453.65,245.35,110,130
450.26,243.32,110,130
448.23,241.29,110,130
455.96,249.04,110,130
453.65,246.74,110,130
450.26,244.71,110,130
448.23,242.68,110,130
446.2,240.65,110,130
453.93,248.35,110,130
451.61,245.35,110,130
448.23,253.1,110,130
455.96,250.81,110,130
453.65,248.77,110,130
450.26,246.74,110,130
448.23,254.44,110,130
446.2,251.45,110,130
453.93,249.42,110,130
451.61,257.17,110,130
448.23,254.87,110,130
446.2,252.84,110,130
453.93,250.81,110,130
451.61,248.77,110,130
448.23,246.74,110,130
455.96,254.44,110,130
453.65,251.45,110,130
450.26,249.42,110,130
448.23,257.17,110,130
455.96,254.87,110,130
453.65,252.84,110,130
450.26,250.81,110,130
448.23,248.77,110,130
455.96,256.47,110,130
453.65,253.48,110,130
450.26,251.45,110,130
448.23,249.42,110,130
455.96,257.17,110,130
453.65,254.87,110,130
450.26,252.84,110,130
457.99,250.81,110,130
455.68,248.77,110,130
452.29,246.74,110,130
450.26,244.71,110,130
448.23,242.68,110,130
455.96,250.38,110,130
453.65,247.38,110,130
450.26,245.35,110,130
457.99,243.32,110,130
455.68,241.29,110,130
452.29,239.26,110,130
460.02,247.01,110,130
457.71,244.71,110,130
454.32,242.68,110,130
452.29,240.65,110,130
460.02,238.62,110,130
457.71,236.59,110,130
454.32,234.56,110,130
452.29,232.52,110,130
460.02,240.22,110,130
457.71,237.23,110,130
464.08,235.2,110,130
461.77,233.17,110,130
458.39,231.13,110,130
456.35,229.1,110,130
454.32,227.07,110,130
481.58,244.61,110,130
459.18,232.95,110,130
456.35,231.13,110,130
454.32,229.1,110,130
462.05,236.85,110,130
459.74,234.56,110,130
456.35,232.52,110,130
454.32,230.49,110,130
462.05,228.46,110,130
459.74,226.43,110,130
456.35,224.4,110,130
464.08,232.1,110,130
461.77,229.1,110,130
458.39,227.07,110,130
485.64,225.04,110,130
463.24,232.79,110,130
460.42,230.49,110,130
458.39,238.19,110,130
456.35,235.2,110,130
454.32,233.17,110,130
452.29,231.13,110,130
460.02,238.89,110,130
457.71,236.59,110,130
454.32,234.56,110,130
462.05,232.52,110,130
459.74,240.22,110,130
456.35,237.23,110,130
454.32,235.2,110,130
452.29,233.17,110,130
460.02,240.92,110,130
457.71,238.62,110,130
454.32,236.59,110,130
452.29,234.56,110,130
460.02,242.25,110,130
457.71,239.26,110,130
454.32,237.23,110,130
452.29,235.2,110,130
460.02,242.95,110,130
457.71,240.65,110,130
454.32,238.62,110,130
452.29,236.59,110,130
450.26,244.28,110,130
457.99,241.29,110,130
455.68,239.26,110,130
452.29,237.23,110,130
450.26,235.2,110,130
448.23,242.95,110,130
455.96,240.65,110,130
453.65,238.62,110,130
450.26,236.59,110,130
448.23,234.56,110,130
455.96,242.25,110,130
453.65,239.26,110,130
450.26,237.23,110,130
448.23,235.2,110,130
446.2,233.17,110,130
453.93,240.92,110,130
451.61,238.62,110,130
448.23,236.59,110,130
446.2,234.56,110,130
453.93,242.25,110,130
451.61,239.26,110,130
448.23,237.23,110,130
446.2,235.2,110,130
444.17,233.17,110,130
451.9,240.92,110,130
449.58,238.62,110,130
446.2,236.59,110,130
444.17,234.56,110,130
451.9,232.52,110,130
449.58,230.49,110,130
446.2,228.46,110,130
453.93,236.16,110,130
451.61,233.17,110,130
448.23,231.13,110,130
446.2,229.1,110,130
444.17,227.07,110,130
451.9,234.82,110,130
449.58,232.52,110,130
446.2,230.49,110,130
444.17,228.46,110,130
451.9,226.43,110,130
449.58,234.13,110,130
446.2,231.13,110,130
444.17,229.1,110,130
451.9,227.07,110,130
449.58,225.04,110,130
446.2,223.01,110,130
444.17,220.98,110,130
451.9,228.73,110,130
449.58,226.43,110,130
446.2,224.4,110,130
444.17,222.37,110,130
451.9,230.07,110,130
449.58,227.07,110,130
446.2,225.04,110,130
444.17,223.01,110,130
451.9,230.76,110,130
449.58,228.46,110,130
446.2,226.43,110,130
444.17,224.4,110,130
442.14,222.37,110,130
449.87,230.07,110,130
447.55,227.07,110,130
444.17,225.04,110,130
442.14,223.01,110,130
449.87,230.76,110,130
447.55,228.46,110,130
444.17,226.43,110,130
451.9,234.13,110,130
449.58,231.13,110,130
446.2,229.1,110,130
444.17,227.07,110,130
451.9,234.82,110,130
449.58,232.52,110,130
446.2,230.49,110,130
444.17,228.46,110,130
442.14,226.43,110,130
449.87,234.13,110,130
447.55,231.13,110,130
444.17,238.89,110,130
451.9,236.59,110,130
449.58,234.56,110,130
446.2,232.52,110,130
444.17,230.49,110,130
442.14,238.19,110,130
449.87,235.2,110,130
447.55,233.17,110,130
444.17,240.92,110,130
442.14,238.62,110,130
449.87,236.59,110,130
447.55,234.56,110,130
444.17,232.52,110,130
451.9,240.22,110,130
449.58,237.23,110,130
446.2,235.2,110,130
444.17,233.17,110,130
451.9,240.92,110,130
449.58,238.62,110,130
446.2,236.59,110,130
444.17,234.56,110,130
442.14,232.52,110,130
449.87,240.22,110,130
447.55,237.23,110,130
453.93,235.2,110,130
451.61,233.17,110,130
448.23,231.13,110,130
446.2,238.89,110,130
453.93,236.59,110,130
451.61,234.56,110,130
448.23,232.52,110,130
446.2,230.49,110,130
444.17,228.46,110,130
451.9,236.16,110,130
449.58,233.17,110,130
446.2,231.13,110,130
444.17,229.1,110,130
451.9,227.07,110,130
449.58,234.82,110,130
446.2,232.52,110,130
453.93,230.49,110,130
451.61,228.46,110,130
448.23,226.43,110,130
446.2,224.4,110,130
453.93,232.1,110,130
451.61,229.1,110,130
448.23,227.07,110,130
446.2,225.04,110,130
453.93,232.79,110,130
451.61,230.49,110,130
448.23,228.46,110,130
446.2,226.43,110,130
444.17,224.4,110,130
451.9,232.1,110,130
449.58,229.1,110,130
446.2,227.07,110,130
453.93,234.82,110,130
451.61,232.52,110,130
448.23,230.49,110,130
446.2,228.46,110,130
453.93,226.43,110,130
451.61,234.13,110,130
448.23,231.13,110,130
446.2,229.1,110,130
444.17,227.07,110,130
451.9,234.82,110,130
449.58,232.52,110,130
446.2,230.49,110,130
453.93,238.19,110,130
451.61,235.2,110,130
448.23,233.17,110,130
446.2,231.13,110,130
453.93,238.89,110,130
451.61,236.59,110,130
448.23,234.56,110,130
446.2,232.52,110,130
453.93,240.22,110,130
451.61,237.23,110,130
448.23,235.2,110,130
446.2,233.17,110,130
453.93,240.92,110,130
451.61,238.62,110,130
448.23,236.59,110,130
446.2,234.56,110,130
453.93,242.25,110,130
451.61,239.26,110,130
448.23,237.23,110,130
455.96,244.98,110,130
453.65,242.68,110,130
450.26,240.65,110,130
448.23,238.62,110,130
446.2,236.59,110,130
453.93,244.28,110,130
451.61,241.29,110,130
448.23,239.26,110,130
455.96,247.01,110,130
453.65,244.71,110,130
450.26,242.68,110,130
448.23,240.65,110,130
455.96,248.35,110,130
453.65,245.35,110,130
450.26,243.32,110,130
448.23,241.29,110,130
455.96,249.04,110,130
453.65,246.74,110,130
450.26,244.71,110,130
457.99,242.68,110,130
455.68,240.65,110,130
452.29,238.62,110,130
450.26,236.59,110,130
448.23,234.56,110,130
455.96,242.25,110,130
453.65,239.26,110,130
450.26,237.23,110,130
457.99,244.98,110,130
455.68,242.68,110,130
452.29,240.65,110,130
450.26,238.62,110,130
457.99,236.59,110,130
455.68,244.28,110,130
452.29,241.29,110,130
440.5,258.82,110,130
457.6,237.44,110,130
454.32,235.2,110,130
452.29,233.17,110,130
450.26,240.92,110,130
457.99,238.62,110,130
455.68,236.59,110,130
452.29,234.56,110,130
401.45,251.98,110,130
458.05,239.63,110,130
456.35,237.23,110,130
454.32,235.2,110,130
452.29,233.17,110,130
460.02,240.92,110,130
457.71,238.62,110,130
454.32,236.59,110,130
452.29,234.56,110,130
450.26,232.52,110,130
457.99,240.22,110,130
455.68,237.23,110,130
452.29,235.2,110,130
450.26,233.17,110,130
457.99,240.92,110,130
455.68,238.62,110,130
452.29,236.59,110,130
450.26,234.56,110,130
457.99,242.25,110,130
455.68,239.26,110,130
452.29,237.23,110,130
450.26,235.2,110,130
457.99,242.95,110,130
455.68,240.65,110,130
452.29,238.62,110,130
450.26,236.59,110,130
457.99,244.28,110,130
455.68,241.29,110,130
452.29,239.26,110,130
460.02,247.01,110,130
457.71,244.71,110,130
454.32,242.68,110,130
452.29,240.65,110,130
450.26,238.62,110,130
457.99,246.32,110,130
455.68,243.32,110,130
452.29,241.29,110,130
450.26,239.26,110,130
457.99,247.01,110,130
455.68,244.71,110,130
452.29,242.68,110,130
460.02,250.38,110,130
457.71,247.38,110,130
454.32,245.35,110,130
452.29,243.32,110,130
450.26,241.29,110,130
457.99,249.04,110,130
455.68,246.74,110,130
452.29,244.71,110,130
450.26,242.68,110,130
457.99,250.38,110,130
455.68,247.38,110,130
452.29,245.35,110,130
460.02,243.32,110,130
457.71,251.07,110,130
454.32,248.77,110,130
462.05,246.74,110,130
459.74,244.71,110,130
456.35,242.68,110,130
454.32,240.65,110,130
452.29,238.62,110,130
460.02,246.32,110,130
457.71,243.32,110,130
454.32,241.29,110,130
452.29,239.26,110,130
460.02,247.01,110,130
457.71,244.71,110,130
454.32,242.68,110,130
462.05,240.65,110,130
459.74,248.35,110,130
456.35,245.35,110,130
464.08,243.32,110,130
461.77,241.29,110,130
458.39,239.26,110,130
456.35,237.23,110,130
464.08,244.98,110,130
461.77,242.68,110,130
458.39,240.65,110,130
466.12,248.35,110,130
463.8,245.35,110,130
460.42,243.32,110,130
458.39,241.29,110,130
466.12,249.04,110,130
463.8,246.74,110,130
460.42,244.71,110,130
458.39,242.68,110,130
466.12,250.38,110,130
463.8,247.38,110,130
460.42,245.35,110,130
458.39,253.1,110,130
466.12,250.81,110,130
463.8,248.77,110,130
460.42,256.47,110,130
458.39,253.48,110,130
456.35,251.45,110,130
464.08,259.2,110,130
461.77,256.9,110,130
458.39,254.87,110,130
456.35,252.84,110,130
464.08,260.53,110,130
461.77,257.54,110,130
458.39,255.51,110,130
456.35,253.48,110,130
464.08,261.23,110,130
461.77,258.93,110,130
458.39,256.9,110,130
456.35,254.87,110,130
454.32,252.84,110,130
462.05,260.53,110,130
459.74,257.54,110,130
456.35,255.51,110,130
464.08,263.26,110,130
461.77,260.96,110,130
458.39,258.93,110,130
456.35,256.9,110,130
454.32,254.87,110,130
462.05,262.57,110,130
459.74,259.57,110,130
456.35,257.54,110,130
454.32,255.51,110,130
462.05,263.26,110,130
459.74,260.96,110,130
456.35,258.93,110,130
454.32,256.9,110,130
452.29,254.87,110,130
460.02,262.57,110,130
457.71,259.57,110,130
454.32,257.54,110,130
452.29,255.51,110,130
460.02,263.26,110,130
457.71,260.96,110,130
454.32,258.93,110,130
462.05,256.9,110,130
459.74,254.87,110,130
456.35,252.84,110,130
454.32,250.81,110,130
462.05,258.5,110,130
459.74,255.51,110,130
456.35,253.48,110,130
454.32,251.45,110,130
462.05,259.2,110,130
459.74,256.9,110,130
456.35,254.87,110,130
454.32,252.84,110,130
452.29,250.81,110,130
460.02,258.5,110,130
457.71,255.51,110,130
454.32,253.48,110,130
452.29,251.45,110,130
460.02,259.2,110,130
457.71,256.9,110,130
454.32,254.87,110,130
462.05,252.84,110,130
459.74,250.81,110,130
456.35,248.77,110,130
454.32,246.74,110,130
452.29,254.44,110,130
460.02,251.45,110,130
457.71,249.42,110,130
454.32,257.17,110,130
452.29,254.87,110,130
460.02,252.84,110,130
457.71,250.81,110,130
454.32,248.77,110,130
452.29,256.47,110,130
460.02,253.48,110,130
457.71,251.45,110,130
454.32,259.2,110,130
452.29,256.9,110,130
450.26,254.87,110,130
457.99,252.84,110,130
455.68,260.53,110,130
452.29,257.54,110,130
450.26,255.51,110,130
448.23,253.48,110,130
455.96,261.23,110,130
453.65,258.93,110,130
450.26,256.9,110,130
448.23,254.87,110,130
455.96,262.57,110,130
453.65,259.57,110,130
450.26,257.54,110,130
448.23,255.51,110,130
455.96,263.26,110,130
453.65,260.96,110,130
450.26,258.93,110,130
448.23,256.9,110,130
455.96,264.6,110,130
453.65,261.6,110,130
450.26,259.57,110,130
448.23,257.54,110,130
455.96,265.29,110,130
453.65,262.99,110,130
450.26,260.96,110,130
448.23,258.93,110,130
455.96,256.9,110,130
453.65,264.6,110,130
450.26,261.6,110,130
457.99,259.57,110,130
455.68,257.54,110,130
452.29,255.51,110,130
450.26,253.48,110,130
457.99,261.23,110,130
455.68,258.93,110,130
452.29,256.9,110,130
450.26,254.87,110,130
457.99,262.57,110,130
455.68,259.57,110,130
452.29,257.54,110,130
450.26,255.51,110,130
448.23,253.48,110,130
455.96,261.23,110,130
453.65,258.93,110,130
450.26,256.9,110,130
448.23,254.87,110,130
455.96,262.57,110,130
453.65,259.57,110,130
450.26,257.54,110,130
457.99,255.51,110,130
455.68,253.48,110,130
452.29,261.23,110,130
460.02,258.93,110,130
457.71,256.9,110,130
454.32,254.87,110,130
452.29,252.84,110,130
460.02,260.53,110,130
457.71,257.54,110,130
454.32,255.51,110,130
452.29,253.48,110,130
450.26,251.45,110,130
457.99,259.2,110,130
455.68,256.9,110,130
452.29,254.87,110,130
450.26,252.84,110,130
457.99,260.53,110,130
455.68,257.54,110,130
452.29,255.51,110,130
450.26,253.48,110,130
457.99,261.23,110,130
455.68,258.93,110,130
452.29,256.9,110,130
450.26,254.87,110,130
457.99,252.84,110,130
455.68,250.81,110,130
452.29,248.77,110,130
460.02,256.47,110,130
457.71,253.48,110,130
454.32,251.45,110,130
452.29,249.42,110,130
460.02,257.17,110,130
457.71,254.87,110,130
454.32,252.84,110,130
452.29,250.81,110,130
450.26,248.77,110,130
457.99,256.47,110,130
455.68,253.48,110,130
452.29,251.45,110,130
450.26,249.42,110,130
457.99,257.17,110,130
455.68,254.87,110,130
452.29,252.84,110,130
450.26,250.81,110,130
457.99,258.5,110,130
455.68,255.51,110,130
452.29,253.48,110,130
450.26,251.45,110,130
457.99,259.2,110,130
455.68,256.9,110,130
452.29,254.87,110,130
460.02,252.84,110,130
457.71,260.53,110,130
454.32,257.54,110,130
462.05,255.51,110,130
459.74,253.48,110,130
456.35,261.23,110,130
464.08,258.93,110,130
461.77,256.9,110,130
458.39,254.87,110,130
456.35,252.84,110,130
464.08,260.53,110,130
461.77,257.54,110,130
458.39,255.51,110,130
456.35,253.48,110,130
464.08,261.23,110,130
461.77,258.93,110,130
458.39,256.9,110,130
456.35,254.87,110,130
464.08,262.57,110,130
461.77,259.57,110,130
458.39,257.54,110,130
466.12,255.51,110,130
463.8,263.26,110,130
460.42,260.96,110,130
468.15,258.93,110,130
465.83,256.9,110,130
462.45,254.87,110,130
509.22,262.57,110,130
507.14,259.57,110,130
466.06,257.54,110,130
463.8,265.29,110,130
460.42,262.99,110,130
497.43,260.96,110,130
465.66,258.93,110,130
462.45,256.9,110,130
479.94,284.05,110,130
466.91,262.35,110,130
464.48,259.57,110,130
462.45,257.54,110,130
460.42,265.29,110,130
468.15,262.99,110,130
465.83,260.96,110,130
462.45,258.93,110,130
460.42,256.9,110,130
458.39,264.6,110,130
456.35,261.6,110,130
464.08,259.57,110,130
461.77,267.32,110,130
458.39,265.02,110,130
456.35,262.99,110,130
464.08,260.96,110,130
461.77,258.93,110,130
458.39,256.9,110,130
456.35,254.87,110,130
464.08,262.57,110,130
461.77,259.57,110,130
458.39,257.54,110,130
456.35,265.29,110,130
464.08,262.99,110,130
461.77,260.96,110,130
458.39,258.93,110,130
456.35,256.9,110,130
454.32,254.87,110,130
462.05,262.57,110,130
459.74,259.57,110,130
456.35,257.54,110,130
454.32,255.51,110,130
452.29,253.48,110,130
460.02,261.23,110,130
457.71,258.93,110,130
454.32,256.9,110,130
462.05,254.87,110,130
459.74,252.84,110,130
456.35,250.81,110,130
454.32,248.77,110,130
462.05,256.47,110,130
459.74,253.48,110,130
456.35,251.45,110,130
454.32,249.42,110,130
462.05,257.17,110,130
459.74,254.87,110,130
456.35,252.84,110,130
454.32,250.81,110,130
462.05,248.77,110,130
459.74,246.74,110,130
456.35,244.71,110,130
454.32,242.68,110,130
462.05,250.38,110,130
459.74,247.38,110,130
456.35,245.35,110,130
454.32,243.32,110,130
462.05,251.07,110,130
459.74,248.77,110,130
456.35,246.74,110,130
464.08,244.71,110,130
461.77,242.68,110,130
458.39,240.65,110,130
456.35,248.35,110,130
464.08,245.35,110,130
461.77,243.32,110,130
458.39,241.29,110,130
456.35,249.04,110,130
464.08,246.74,110,130
461.77,244.71,110,130
458.39,242.68,110,130
456.35,240.65,110,130
464.08,248.35,110,130
461.77,245.35,110,130
458.39,253.1,110,130
456.35,250.81,110,130
464.08,248.77,110,130
461.77,246.74,110,130
458.39,254.44,110,130
456.35,251.45,110,130
454.32,249.42,110,130
462.05,257.17,110,130
459.74,254.87,110,130
456.35,252.84,110,130
454.32,250.81,110,130
462.05,258.5,110,130
459.74,255.51,110,130
456.35,253.48,110,130
464.08,261.23,110,130
461.77,258.93,110,130
458.39,256.9,110,130
456.35,254.87,110,130
464.08,262.57,110,130
461.77,259.57,110,130
458.39,257.54,110,130
466.12,265.29,110,130
463.8,262.99,110,130
460.42,260.96,110,130
458.39,258.93,110,130
456.35,256.9,110,130
464.08,264.6,110,130
461.77,261.6,110,130
458.39,259.57,110,130
466.12,267.32,110,130
463.8,265.02,110,130
460.42,262.99,110,130
458.39,260.96,110,130
466.12,258.93,110,130
463.8,266.63,110,130
460.42,263.63,110,130
468.15,261.6,110,130
465.83,259.57,110,130
462.45,257.54,110,130
460.42,265.29,110,130
458.39,253.26,110,130
466.12,261.23,110,130
463.8,258.93,110,130
460.42,256.9,110,130
468.15,254.87,110,130
465.83,262.57,110,130
462.45,259.57,110,130
460.42,257.54,110,130
468.15,255.51,110,130
465.83,253.48,110,130
462.45,251.45,110,130
460.42,249.42,110,130
458.39,247.38,110,130
466.12,255.14,110,130
463.8,252.84,110,130
460.42,250.81,110,130
468.15,258.5,110,130
465.83,255.51,110,130
462.45,253.48,110,130
460.42,251.45,110,130
458.39,249.42,110,130
456.35,247.38,110,130
464.08,255.14,110,130
461.77,252.84,110,130
458.39,250.81,110,130
466.12,248.77,110,130
463.8,246.74,110,130
460.42,254.44,110,130
458.39,251.45,110,130
456.35,249.42,110,130
454.32,247.38,110,130
452.29,245.35,110,130
460.02,253.1,110,130
457.71,250.81,110,130
454.32,248.77,110,130
462.05,246.74,110,130
459.74,244.71,110,130
456.35,242.68,110,130
454.32,250.38,110,130
452.29,247.38,110,130
460.02,245.35,110,130
457.71,243.32,110,130
454.32,241.29,110,130
491.34,268.61,110,130
459.57,246.1,110,130
456.35,243.32,110,130
454.32,251.07,110,130
452.29,248.77,110,130
450.26,246.74,110,130
448.23,244.71,110,130
455.96,242.68,110,130
453.65,240.65,110,130
450.26,248.35,110,130
448.23,245.35,110,130
446.2,243.32,110,130
444.17,241.29,110,130
451.9,249.04,110,130
449.58,246.74,110,130
446.2,244.71,110,130
453.93,242.68,110,130
451.61,240.65,110,130
448.23,238.62,110,130
455.96,246.32,110,130
453.65,243.32,110,130
450.26,241.29,110,130
448.23,239.26,110,130
446.2,237.23,110,130
453.93,244.98,110,130
451.61,242.68,110,130
457.99,250.38,110,130
455.68,247.38,110,130
452.29,245.35,110,130
450.26,243.32,110,130
448.23,241.29,110,130
455.96,239.26,110,130
453.65,237.23,110,130
450.26,235.2,110,130
448.23,233.17,110,130
455.96,240.92,110,130
453.65,238.62,110,130
450.26,236.59,110,130
448.23,234.56,110,130
455.96,232.52,110,130
453.65,230.49,110,130
450.26,238.19,110,130
448.23,235.2,110,130
455.96,233.17,110,130
453.65,231.13,110,130
450.26,229.1,110,130
457.99,236.85,110,130
455.68,234.56,110,130
452.29,232.52,110,130
450.26,230.49,110,130
448.23,228.46,110,130
455.96,236.16,110,130
453.65,233.17,110,130
450.26,231.13,110,130
448.23,229.1,110,130
455.96,236.85,110,130
453.65,234.56,110,130
450.26,232.52,110,130
457.99,230.49,110,130
455.68,228.46,110,130
452.29,226.43,110,130
450.26,234.13,110,130
457.99,231.13,110,130
455.68,229.1,110,130
452.29,236.85,110,130
450.26,234.56,110,130
457.99,232.52,110,130
455.68,230.49,110,130
452.29,228.46,110,130
450.26,236.16,110,130
457.99,233.17,110,130
455.68,231.13,110,130
452.29,238.89,110,130
450.26,236.59,110,130
448.23,234.56,110,130
455.96,232.52,110,130
453.65,240.22,110,130
450.26,237.23,110,130
448.23,235.2,110,130
455.96,242.95,110,130
453.65,240.65,110,130
450.26,238.62,110,130
448.23,236.59,110,130
455.96,244.28,110,130
453.65,241.29,110,130
450.26,239.26,110,130
448.23,237.23,110,130
455.96,244.98,110,130
453.65,242.68,110,130
450.26,240.65,110,130
448.23,238.62,110,130
455.96,246.32,110,130
453.65,243.32,110,130
450.26,241.29,110,130
448.23,249.04,110,130
455.96,246.74,110,130
453.65,244.71,110,130
450.26,242.68,110,130
457.99,250.38,110,130
455.68,247.38,110,130
452.29,245.35,110,130
450.26,253.1,110,130
457.99,250.81,110,130
455.68,248.77,110,130
452.29,246.74,110,130
450.26,244.71,110,130
457.99,252.41,110,130
455.68,249.42,110,130
452.29,247.38,110,130
450.26,245.35,110,130
457.99,253.1,110,130
455.68,250.81,110,130
452.29,248.77,110,130
450.26,246.74,110,130
457.99,254.44,110,130
455.68,251.45,110,130
452.29,249.42,110,130
450.26,247.38,110,130
457.99,255.14,110,130
455.68,252.84,110,130
452.29,250.81,110,130
460.02,248.77,110,130
457.71,256.47,110,130
454.32,253.48,110,130
462.05,251.45,110,130
459.74,249.42,110,130
456.35,247.38,110,130
454.32,245.35,110,130
462.05,253.1,110,130
459.74,250.81,110,130
456.35,248.77,110,130
454.32,246.74,110,130
452.29,244.71,110,130
460.02,252.41,110,130
457.71,249.42,110,130
454.32,247.38,110,130
452.29,245.35,110,130
460.02,253.1,110,130
457.71,250.81,110,130
454.32,248.77,110,130
452.29,246.74,110,130
450.26,244.71,110,130
457.99,242.68,110,130
455.68,250.38,110,130
452.29,247.38,110,130
460.02,255.14,110,130
457.71,252.84,110,130
454.32,250.81,110,130
452.29,248.77,110,130
450.26,246.74,110,130
457.99,254.44,110,130
455.68,251.45,110,130
452.29,249.42,110,130
450.26,247.38,110,130
457.99,255.14,110,130
455.68,252.84,110,130
452.29,250.81,110,130
450.26,248.77,110,130
457.99,256.47,110,130
455.68,253.48,110,130
452.29,251.45,110,130
450.26,249.42,110,130
457.99,257.17,110,130
455.68,254.87,110,130
452.29,252.84,110,130
450.26,250.81,110,130
457.99,258.5,110,130
455.68,255.51,110,130
452.29,253.48,110,130
450.26,251.45,110,130
457.99,259.2,110,130
455.68,256.9,110,130
452.29,254.87,110,130
450.26,252.84,110,130
457.99,260.53,110,130
455.68,257.54,110,130
452.29,255.51,110,130
450.26,253.48,110,130
448.23,251.45,110,130
455.96,259.2,110,130
453.65,256.9,110,130
450.26,254.87,110,130
448.23,252.84,110,130
446.2,250.81,110,130
453.93,258.5,110,130
451.61,255.51,110,130
448.23,253.48,110,130
446.2,251.45,110,130
453.93,249.42,110,130
451.61,257.17,110,130
448.23,254.87,110,130
455.96,252.84,110,130
453.65,250.81,110,130
450.26,248.77,110,130
448.23,246.74,110,130
446.2,244.71,110,130
453.93,252.41,110,130
451.61,249.42,110,130
448.23,247.38,110,130
446.2,245.35,110,130
453.93,243.32,110,130
451.61,241.29,110,130
448.23,239.26,110,130
455.96,247.01,110,130
453.65,244.71,110,130
450.26,242.68,110,130
448.23,240.65,110,130
446.2,238.62,110,130
453.93,246.32,110,130
451.61,243.32,110,130
448.23,241.29,110,130
455.96,239.26,110,130
453.65,237.23,110,130
450.26,235.2,110,130
457.99,242.95,110,130
455.68,240.65,110,130
452.29,238.62,110,130
450.26,236.59,110,130
448.23,234.56,110,130
455.96,242.25,110,130
453.65,239.26,110,130
450.26,237.23,110,130
448.23,235.2,110,130
455.96,242.95,110,130
453.65,240.65,110,130
450.26,238.62,110,130
448.23,236.59,110,130
455.96,234.56,110,130
453.65,242.25,110,130
450.26,239.26,110,130
448.23,237.23,110,130
455.96,235.2,110,130
453.65,242.95,110,130
450.26,240.65,110,130
457.99,238.62,110,130
455.68,236.59,110,130
452.29,244.28,110,130
450.26,241.29,110,130
448.23,239.26,110,130
455.96,237.23,110,130
453.65,244.98,110,130
450.26,242.68,110,130
448.23,240.65,110,130
446.2,238.62,110,130
453.93,246.32,110,130
451.61,243.32,110,130
448.23,241.29,110,130
455.96,249.04,110,130
453.65,246.74,110,130
450.26,244.71,110,130
448.23,242.68,110,130
455.96,250.38,110,130
453.65,247.38,110,130
450.26,245.35,110,130
448.23,243.32,110,130
455.96,251.07,110,130
453.65,248.77,110,130
450.26,246.74,110,130
448.23,244.71,110,130
455.96,252.41,110,130
453.65,249.42,110,130
450.26,247.38,110,130
448.23,245.35,110,130
455.96,253.1,110,130
453.65,250.81,110,130
450.26,248.77,110,130
448.23,246.74,110,130
455.96,244.71,110,130
453.65,252.41,110,130
450.26,249.42,110,130
457.99,247.38,110,130
455.68,245.35,110,130
452.29,243.32,110,130
450.26,241.29,110,130
457.99,249.04,110,130
455.68,246.74,110,130
452.29,244.71,110,130
450.26,242.68,110,130
457.99,240.65,110,130
455.68,238.62,110,130
452.29,236.59,110,130
450.26,234.56,110,130
457.99,242.25,110,130
455.68,239.26,110,130
452.29,237.23,110,130
450.26,235.2,110,130
448.23,233.17,110,130
455.96,240.92,110,130
453.65,238.62,110,130
450.26,236.59,110,130
448.23,234.56,110,130
455.96,232.52,110,130
453.65,230.49,110,130
450.26,238.19,110,130
448.23,235.2,110,130
446.2,233.17,110,130
453.93,231.13,110,130
451.61,238.89,110,130
448.23,236.59,110,130
446.2,234.56,110,130
444.17,232.52,110,130
451.9,230.49,110,130
