411,182,563,129
405.92,180.8,563,129
401.92,180.8,563,129
420.08,180.8,563,129
416.96,180.8,563,129
412.96,180.8,563,129
408.96,180.8,563,129
427.04,180.8,563,129
421.92,180.8,563,129
440.08,180.8,563,129
436.96,180.8,563,129
432.96,180.8,563,129
428.96,180.8,563,129
447.04,180.8,563,129
441.92,180.8,563,129
460.08,180.8,563,129
456.96,203.2,563,129
452.96,200.8,563,129
471.04,200.8,563,129
465.92,200.8,563,129
484.08,200.8,563,129
480.96,200.8,563,129
499.04,223.2,563,129
493.92,220.8,563,129
512.08,220.8,563,129
508.96,220.8,563,129
504.96,220.8,563,129
523.04,220.8,563,129
540.08,220.8,563,129
559.04,220.8,563,129
553.92,243.2,563,129
549.92,240.8,563,129
545.92,240.8,563,129
564.08,240.8,563,129
560.96,240.8,563,129
556.96,240.8,563,129
552.96,240.8,563,129
593.12,240.8,563,129
633.12,240.8,563,129
604.96,240.8,563,129
623.04,240.8,563,129
624.08,240.8,563,129
604.96,240.8,563,129
623.04,240.8,563,129
646.24,240.8,563,129
646.24,240.8,563,129
646.24,240.8,563,129
646.24,240.8,563,129
646.24,240.8,563,129
646.24,240.8,563,129
646.24,240.8,563,129
646.24,240.8,563,129
624.08,240.8,563,129
649.12,240.8,563,129
604.96,240.8,563,129
623.04,240.8,563,129
624.08,240.8,563,129
604.96,240.8,563,129
600.96,240.8,563,129
619.04,240.8,563,129
601.92,240.8,563,129
597.92,240.8,563,129
593.92,240.8,563,129
567.76,240.8,563,129
587.04,240.8,563,129
581.92,240.8,563,129
577.92,240.8,563,129
551.76,240.8,563,129
526.88,240.8,563,129
544.08,240.8,563,129
540.96,240.8,563,129
536.96,240.8,563,129
532.96,240.8,563,129
528.96,240.8,563,129
524.96,240.8,563,129
520.96,240.8,563,129
516.96,240.8,563,129
512.96,240.8,563,129
508.96,240.8,563,129
504.96,240.8,563,129
500.96,240.8,563,129
496.96,240.8,563,129
492.96,240.8,563,129
488.96,240.8,563,129
484.96,240.8,563,129
480.96,240.8,563,129
476.96,240.8,563,129
495.04,240.8,563,129
489.92,240.8,563,129
485.92,240.8,563,129
481.92,240.8,563,129
477.92,240.8,563,129
473.92,240.8,563,129
469.92,240.8,563,129
465.92,240.8,563,129
461.92,240.8,563,129
457.92,240.8,563,129
453.92,240.8,563,129
472.08,240.8,563,129
468.96,240.8,563,129
464.96,240.8,563,129
460.96,240.8,563,129
456.96,240.8,563,129
475.04,240.8,563,129
469.92,240.8,563,129
465.92,240.8,563,129
461.92,240.8,563,129
457.92,240.8,563,129
453.92,240.8,563,129
449.92,240.8,563,129
468.08,240.8,563,129
464.96,240.8,563,129
483.04,240.8,563,129
455.76,240.8,563,129
452.96,240.8,563,129
493.12,240.8,563,129
466.88,240.8,563,129
461.92,240.8,563,129
480.08,240.8,563,129
476.96,240.8,563,129
472.96,240.8,563,129
468.96,240.8,563,129
487.04,240.8,563,129
481.92,240.8,563,129
500.08,240.8,563,129
496.96,240.8,563,129
470.88,240.8,563,129
488.08,240.8,563,129
507.04,240.8,563,129
501.92,240.8,563,129
520.08,240.8,563,129
561.12,263.2,563,129
556.96,260.8,563,129
552.96,260.8,563,129
548.96,260.8,563,129
544.96,260.8,563,129
540.96,260.8,563,129
536.96,260.8,563,129
532.96,260.8,563,129
528.96,260.8,563,129
569.12,283.2,563,129
542.88,280.8,563,129
537.92,280.8,563,129
511.76,280.8,563,129
486.88,280.8,563,129
504.08,280.8,563,129
500.96,280.8,563,129
496.96,280.8,563,129
492.96,280.8,563,129
511.04,303.2,563,129
505.92,300.8,563,129
501.92,300.8,563,129
475.76,300.8,563,129
472.96,300.8,563,129
468.96,300.8,563,129
464.96,300.8,563,129
483.04,300.8,563,129
477.92,300.8,563,129
473.92,300.8,563,129
469.92,300.8,563,129
465.92,300.8,563,129
461.92,300.8,563,129
457.92,300.8,563,129
453.92,300.8,563,129
449.92,300.8,563,129
445.92,300.8,563,129
441.92,300.8,563,129
482.24,323.2,563,129
477.92,320.8,563,129
473.92,320.8,563,129
469.92,320.8,563,129
465.92,320.8,563,129
461.92,320.8,563,129
480.08,343.2,563,129
476.96,340.8,563,129
472.96,340.8,563,129
446.88,340.8,563,129
441.92,340.8,563,129
437.92,340.8,563,129
478.24,363.2,563,129
473.92,360.8,563,129
469.92,360.8,563,129
443.76,360.8,563,129
440.96,360.8,563,129
481.12,383.2,563,129
454.88,380.8,563,129
472.08,380.8,563,129
468.96,380.8,563,129
464.96,380.8,563,129
460.96,380.8,563,129
456.96,380.8,563,129
475.04,380.8,563,129
492.08,380.8,563,129
488.96,380.8,563,129
484.96,380.8,563,129
503.04,380.8,563,129
520.08,380.8,563,129
516.96,380.8,563,129
512.96,380.8,563,129
531.04,380.8,563,129
548.08,380.8,563,129
567.04,380.8,563,129
584.08,380.8,563,129
603.04,380.8,563,129
597.92,380.8,563,129
593.92,358.4,563,129
589.92,356.8,563,129
608.08,356.8,563,129
627.04,356.8,563,129
646.24,356.8,563,129
646.24,356.8,563,129
624.08,334.4,563,129
627.04,332.8,563,129
646.24,332.8,563,129
646.24,332.8,563,129
624.08,310.4,563,129
627.04,308.8,563,129
624.08,308.8,563,129
627.04,308.8,563,129
646.24,308.8,563,129
646.24,308.8,563,129
601.92,286.4,563,129
597.92,284.8,563,129
593.92,284.8,563,129
589.92,284.8,563,129
608.08,284.8,563,129
604.96,284.8,563,129
623.04,284.8,563,129
601.92,284.8,563,129
620.08,284.8,563,129
604.96,284.8,563,129
623.04,284.8,563,129
624.08,284.8,563,129
604.96,284.8,563,129
623.04,284.8,563,129
624.08,284.8,563,129
604.96,284.8,563,129
623.04,284.8,563,129
624.08,284.8,563,129
627.04,284.8,563,129
624.08,284.8,563,129
627.04,284.8,563,129
624.08,284.8,563,129
627.04,284.8,563,129
646.24,284.8,563,129
646.24,284.8,563,129
646.24,284.8,563,129
646.24,284.8,563,129
668.4,284.8,563,129
649.12,284.8,563,129
671.2,284.8,563,129
646.24,284.8,563,129
646.24,284.8,563,129
668.4,284.8,563,129
671.2,284.8,563,129
668.4,284.8,563,129
671.2,284.8,563,129
668.4,284.8,563,129
649.12,284.8,563,129
649.12,284.8,563,129
715.36,307.2,563,129
712.72,304.8,563,129
715.36,304.8,563,129
690.56,304.8,563,129
690.56,304.8,563,129
690.56,304.8,563,129
690.56,304.8,563,129
690.56,304.8,563,129
734.88,327.2,563,129
734.88,324.8,563,129
734.88,324.8,563,129
734.88,324.8,563,129
712.72,324.8,563,129
693.28,324.8,563,129
693.28,324.8,563,129
715.36,347.2,563,129
712.72,344.8,563,129
693.28,344.8,563,129
693.28,344.8,563,129
671.2,344.8,563,129
646.24,344.8,563,129
646.24,344.8,563,129
646.24,344.8,563,129
646.24,344.8,563,129
646.24,344.8,563,129
624.08,344.8,563,129
604.96,344.8,563,129
600.96,344.8,563,129
596.96,344.8,563,129
592.96,344.8,563,129
566.88,344.8,563,129
561.92,344.8,563,129
513.6,344.8,563,129
509.92,344.8,563,129
505.92,344.8,563,129
524.08,367.2,563,129
476.8,364.8,563,129
450.88,364.8,563,129
423.76,364.8,563,129
420.96,364.8,563,129
416.96,364.8,563,129
390.88,364.8,563,129
385.92,364.8,563,129
381.92,364.8,563,129
355.76,364.8,563,129
352.96,364.8,563,129
348.96,364.8,563,129
344.96,364.8,563,129
340.96,364.8,563,129
336.96,364.8,563,129
332.96,364.8,563,129
328.96,364.8,563,129
324.96,364.8,563,129
343.04,364.8,563,129
337.92,364.8,563,129
356.08,364.8,563,129
352.96,364.8,563,129
371.04,364.8,563,129
388.08,364.8,563,129
384.96,364.8,563,129
403.04,364.8,563,129
420.08,364.8,563,129
416.96,364.8,563,129
435.04,364.8,563,129
429.92,364.8,563,129
448.08,364.8,563,129
467.04,364.8,563,129
484.08,364.8,563,129
480.96,364.8,563,129
521.12,364.8,563,129
516.96,364.8,563,129
490.88,364.8,563,129
485.92,342.4,563,129
481.92,340.8,563,129
477.92,340.8,563,129
496.08,340.8,563,129
492.96,340.8,563,129
488.96,340.8,563,129
507.04,340.8,563,129
501.92,340.8,563,129
520.08,340.8,563,129
472.8,318.4,563,129
491.04,316.8,563,129
485.92,316.8,563,129
481.92,316.8,563,129
500.08,316.8,563,129
496.96,316.8,563,129
492.96,316.8,563,129
488.96,316.8,563,129
484.96,316.8,563,129
480.96,316.8,563,129
476.96,316.8,563,129
495.04,316.8,563,129
489.92,316.8,563,129
441.6,294.4,563,129
460.08,292.8,563,129
434.88,292.8,563,129
452.08,292.8,563,129
448.96,292.8,563,129
444.96,292.8,563,129
418.88,292.8,563,129
436.08,292.8,563,129
432.96,292.8,563,129
406.88,292.8,563,129
401.92,292.8,563,129
397.92,292.8,563,129
393.92,292.8,563,129
389.92,292.8,563,129
385.92,292.8,563,129
381.92,292.8,563,129
377.92,292.8,563,129
373.92,292.8,563,129
369.92,292.8,563,129
365.92,292.8,563,129
361.92,292.8,563,129
357.92,270.4,563,129
353.92,268.8,563,129
349.92,268.8,563,129
345.92,268.8,563,129
341.92,268.8,563,129
360.08,268.8,563,129
379.04,268.8,563,129
373.92,268.8,563,129
347.76,246.4,563,129
344.96,244.8,563,129
340.96,244.8,563,129
359.04,244.8,563,129
376.08,244.8,563,129
372.96,244.8,563,129
391.04,244.8,563,129
363.76,222.4,563,129
360.96,220.8,563,129
356.96,220.8,563,129
375.04,220.8,563,129
392.08,220.8,563,129
388.96,220.8,563,129
384.96,220.8,563,129
380.96,220.8,563,129
399.04,220.8,563,129
393.92,220.8,563,129
389.92,220.8,563,129
408.08,220.8,563,129
404.96,220.8,563,129
400.96,220.8,563,129
396.96,220.8,563,129
415.04,220.8,563,129
409.92,220.8,563,129
405.92,220.8,563,129
401.92,220.8,563,129
397.92,220.8,563,129
393.92,220.8,563,129
412.08,220.8,563,129
408.96,220.8,563,129
404.96,220.8,563,129
400.96,220.8,563,129
396.96,220.8,563,129
392.96,220.8,563,129
388.96,220.8,563,129
407.04,243.2,563,129
401.92,240.8,563,129
397.92,240.8,563,129
416.08,240.8,563,129
412.96,240.8,563,129
408.96,240.8,563,129
404.96,240.8,563,129
423.04,263.2,563,129
417.92,260.8,563,129
436.08,260.8,563,129
455.04,260.8,563,129
449.92,260.8,563,129
445.92,260.8,563,129
464.08,260.8,563,129
460.96,260.8,563,129
456.96,260.8,563,129
475.04,260.8,563,129
469.92,260.8,563,129
465.92,260.8,563,129
461.92,260.8,563,129
457.92,260.8,563,129
453.92,260.8,563,129
449.92,260.8,563,129
445.92,260.8,563,129
464.08,260.8,563,129
460.96,260.8,563,129
456.96,260.8,563,129
452.96,260.8,563,129
471.04,260.8,563,129
443.76,260.8,563,129
418.88,260.8,563,129
413.92,260.8,563,129
409.92,260.8,563,129
428.08,260.8,563,129
424.96,260.8,563,129
420.96,260.8,563,129
416.96,260.8,563,129
412.96,260.8,563,129
408.96,260.8,563,129
404.96,260.8,563,129
400.96,260.8,563,129
396.96,260.8,563,129
392.96,260.8,563,129
366.88,260.8,563,129
406.24,283.2,563,129
401.92,280.8,563,129
397.92,280.8,563,129
371.76,280.8,563,129
346.88,280.8,563,129
341.92,280.8,563,129
382.24,303.2,563,129
377.92,300.8,563,129
373.92,300.8,563,129
369.92,300.8,563,129
343.76,300.8,563,129
340.96,300.8,563,129
336.96,300.8,563,129
332.96,300.8,563,129
373.12,323.2,563,129
346.88,320.8,563,129
341.92,320.8,563,129
360.08,320.8,563,129
356.96,320.8,563,129
352.96,320.8,563,129
348.96,320.8,563,129
367.04,320.8,563,129
361.92,320.8,563,129
357.92,320.8,563,129
353.92,320.8,563,129
349.92,320.8,563,129
368.08,320.8,563,129
387.04,320.8,563,129
381.92,320.8,563,129
377.92,320.8,563,129
373.92,320.8,563,129
369.92,320.8,563,129
365.92,320.8,563,129
361.92,320.8,563,129
357.92,320.8,563,129
331.76,298.4,563,129
328.96,319.2,563,129
324.96,316.8,563,129
320.96,316.8,563,129
294.88,316.8,563,129
267.76,316.8,563,129
264.96,316.8,563,129
238.88,316.8,563,129
256.08,316.8,563,129
230.88,316.8,563,129
203.76,316.8,563,129
134.72,316.8,563,129
129.92,339.2,563,129
103.76,336.8,563,129
108.96,336.8,563,129
64.8,336.8,563,129
42.72,336.8,563,129
21.28,336.8,563,129
20.64,359.2,563,129
-1.44,356.8,563,129
-0.88,356.8,563,129
21.28,356.8,563,129
20.64,379.2,563,129
-1.44,376.8,563,129
-0.88,376.8,563,129
43.44,399.2,563,129
43.44,396.8,563,129
43.44,396.8,563,129
65.6,396.8,563,129
87.76,396.8,563,129
153.12,419.2,563,129
171.04,416.8,563,129
210.24,416.8,563,129
205.92,416.8,563,129
246.24,416.8,563,129
264.08,416.8,563,129
283.04,416.8,563,129
322.24,416.8,563,129
362.24,416.8,563,129
357.92,416.8,563,129
376.08,416.8,563,129
439.2,416.8,563,129
478.24,416.8,563,129
496.08,416.8,563,129
515.04,416.8,563,129
509.92,416.8,563,129
528.08,416.8,563,129
547.04,416.8,563,129
586.24,416.8,563,129
604.08,416.8,563,129
623.04,416.8,563,129
624.08,416.8,563,129
627.04,416.8,563,129
646.24,416.8,563,129
601.92,394.4,563,129
597.92,392.8,563,129
593.92,392.8,563,129
589.92,392.8,563,129
608.08,392.8,563,129
604.96,392.8,563,129
600.96,392.8,563,129
574.88,370.4,563,129
569.92,368.8,563,129
565.92,368.8,563,129
561.92,368.8,563,129
557.92,368.8,563,129
576.08,368.8,563,129
550.88,346.4,563,129
545.92,344.8,563,129
541.92,344.8,563,129
537.92,344.8,563,129
556.08,344.8,563,129
530.88,322.4,563,129
525.92,320.8,563,129
544.08,320.8,563,129
540.96,320.8,563,129
536.96,320.8,563,129
510.88,298.4,563,129
528.08,296.8,563,129
524.96,296.8,563,129
543.04,296.8,563,129
537.92,296.8,563,129
511.76,274.4,563,129
531.04,272.8,563,129
525.92,272.8,563,129
544.08,272.8,563,129
518.88,250.4,563,129
513.92,248.8,563,129
532.08,248.8,563,129
573.12,248.8,563,129
524.8,226.4,563,129
520.96,224.8,563,129
539.04,224.8,563,129
556.08,224.8,563,129
552.96,224.8,563,129
571.04,224.8,563,129
543.76,202.4,563,129
518.88,200.8,563,129
536.08,200.8,563,129
532.96,200.8,563,129
528.96,200.8,563,129
547.04,200.8,563,129
541.92,200.8,563,129
560.08,200.8,563,129
579.04,200.8,563,129
573.92,200.8,563,129
569.92,200.8,563,129
565.92,200.8,563,129
561.92,200.8,563,129
557.92,200.8,563,129
553.92,200.8,563,129
549.92,200.8,563,129
545.92,200.8,563,129
519.76,200.8,563,129
516.96,200.8,563,129
557.12,223.2,563,129
552.96,220.8,563,129
548.96,220.8,563,129
522.88,220.8,563,129
495.76,220.8,563,129
515.04,220.8,563,129
554.24,243.2,563,129
549.92,240.8,563,129
545.92,240.8,563,129
541.92,240.8,563,129
537.92,240.8,563,129
533.92,240.8,563,129
529.92,240.8,563,129
548.08,263.2,563,129
544.96,260.8,563,129
540.96,260.8,563,129
536.96,260.8,563,129
532.96,260.8,563,129
528.96,260.8,563,129
502.88,260.8,563,129
520.08,260.8,563,129
516.96,260.8,563,129
512.96,260.8,563,129
508.96,260.8,563,129
527.04,260.8,563,129
521.92,260.8,563,129
495.76,260.8,563,129
492.96,260.8,563,129
511.04,260.8,563,129
483.76,260.8,563,129
458.88,260.8,563,129
453.92,238.4,563,129
449.92,236.8,563,129
445.92,236.8,563,129
464.08,236.8,563,129
438.88,236.8,563,129
456.08,236.8,563,129
452.96,236.8,563,129
471.04,236.8,563,129
488.08,236.8,563,129
484.96,236.8,563,129
436.8,214.4,563,129
432.96,212.8,563,129
451.04,212.8,563,129
445.92,212.8,563,129
441.92,212.8,563,129
460.08,212.8,563,129
479.04,212.8,563,129
473.92,212.8,563,129
514.24,212.8,563,129
509.92,212.8,563,129
505.92,212.8,563,129
524.08,212.8,563,129
520.96,212.8,563,129
516.96,212.8,563,129
512.96,212.8,563,129
531.04,212.8,563,129
525.92,212.8,563,129
521.92,212.8,563,129
495.76,212.8,563,129
492.96,212.8,563,129
488.96,212.8,563,129
484.96,212.8,563,129
547.2,235.2,563,129
519.76,232.8,563,129
494.88,232.8,563,129
489.92,232.8,563,129
485.92,232.8,563,129
481.92,232.8,563,129
500.08,255.2,563,129
496.96,252.8,563,129
492.96,252.8,563,129
466.88,252.8,563,129
484.08,252.8,563,129
503.04,252.8,563,129
497.92,252.8,563,129
516.08,275.2,563,129
512.96,272.8,563,129
486.88,272.8,563,129
481.92,272.8,563,129
477.92,272.8,563,129
473.92,272.8,563,129
469.92,272.8,563,129
465.92,272.8,563,129
461.92,272.8,563,129
457.92,272.8,563,129
453.92,272.8,563,129
449.92,272.8,563,129
445.92,272.8,563,129
441.92,272.8,563,129
437.92,272.8,563,129
433.92,272.8,563,129
429.92,272.8,563,129
425.92,272.8,563,129
488.4,295.2,563,129
484.96,292.8,563,129
503.04,292.8,563,129
497.92,292.8,563,129
493.92,292.8,563,129
556.4,315.2,563,129
552.96,312.8,563,129
571.04,312.8,563,129
565.92,312.8,563,129
584.08,312.8,563,129
603.04,312.8,563,129
597.92,312.8,563,129
593.92,312.8,563,129
612.08,312.8,563,129
649.12,312.8,563,129
649.12,312.8,563,129
649.12,312.8,563,129
649.12,312.8,563,129
671.2,312.8,563,129
690.56,312.8,563,129
712.72,312.8,563,129
715.36,312.8,563,129
712.72,312.8,563,129
715.36,312.8,563,129
712.72,312.8,563,129
737.44,312.8,563,129
781.6,312.8,563,129
712.72,290.4,563,129
715.36,288.8,563,129
712.72,288.8,563,129
737.44,288.8,563,129
781.6,288.8,563,129
801.36,288.8,563,129
715.36,266.4,563,129
757.04,264.8,563,129
737.44,264.8,563,129
759.52,264.8,563,129
737.44,242.4,563,129
737.44,240.8,563,129
759.52,240.8,563,129
759.52,240.8,563,129
737.44,240.8,563,129
759.52,240.8,563,129
781.6,240.8,563,129
823.52,240.8,563,129
781.6,218.4,563,129
823.52,239.2,563,129
825.76,236.8,563,129
823.52,236.8,563,129
825.76,236.8,563,129
845.68,236.8,563,129
845.68,236.8,563,129
845.68,236.8,563,129
823.52,236.8,563,129
847.84,236.8,563,129
847.84,236.8,563,129
847.84,236.8,563,129
847.84,236.8,563,129
847.84,236.8,563,129
825.76,236.8,563,129
823.52,236.8,563,129
825.76,236.8,563,129
823.52,236.8,563,129
825.76,236.8,563,129
845.68,236.8,563,129
823.52,236.8,563,129
825.76,236.8,563,129
845.68,236.8,563,129
823.52,236.8,563,129
847.84,236.8,563,129
825.76,236.8,563,129
823.52,236.8,563,129
825.76,236.8,563,129
823.52,236.8,563,129
825.76,236.8,563,129
867.84,236.8,563,129
869.92,236.8,563,129
867.84,236.8,563,129
869.92,236.8,563,129
867.84,236.8,563,129
869.92,236.8,563,129
867.84,236.8,563,129
869.92,236.8,563,129
867.84,236.8,563,129
869.92,236.8,563,129
867.84,236.8,563,129
869.92,236.8,563,129
867.84,236.8,563,129
869.92,236.8,563,129
867.84,236.8,563,129
869.92,236.8,563,129
867.84,236.8,563,129
869.92,236.8,563,129
845.68,236.8,563,129
823.52,236.8,563,129
825.76,236.8,563,129
823.52,236.8,563,129
847.84,259.2,563,129
847.84,256.8,563,129
847.84,256.8,563,129
847.84,256.8,563,129
825.76,256.8,563,129
823.52,256.8,563,129
825.76,256.8,563,129
823.52,256.8,563,129
825.76,256.8,563,129
823.52,256.8,563,129
825.76,256.8,563,129
823.52,256.8,563,129
582.88,189.6,563,129
577.92,188.8,563,129
596.08,188.8,563,129
615.04,188.8,563,129
624.08,188.8,563,129
627.04,188.8,563,129
601.92,188.8,563,129
620.08,211.2,563,129
627.04,208.8,563,129
624.08,208.8,563,129
627.04,208.8,563,129
646.24,208.8,563,129
668.4,231.2,563,129
671.2,228.8,563,129
668.4,228.8,563,129
649.12,228.8,563,129
649.12,228.8,563,129
671.2,228.8,563,129
646.24,228.8,563,129
690.56,228.8,563,129
690.56,228.8,563,129
690.56,206.4,563,129
690.56,204.8,563,129
646.24,182.4,563,129
890,315.2,563,129
867.84,312.8,563,129
892,312.8,563,129
892,312.8,563,129
869.92,312.8,563,129
890,312.8,563,129
890,312.8,563,129
867.84,290.4,563,129
869.92,288.8,563,129
867.84,288.8,563,129
869.92,288.8,563,129
823.52,266.4,563,129
825.76,264.8,563,129
823.52,264.8,563,129
803.68,242.4,563,129
803.68,240.8,563,129
781.6,240.8,563,129
801.36,240.8,563,129
825.76,240.8,563,129
801.36,218.4,563,129
781.6,216.8,563,129
779.2,216.8,563,129
779.2,216.8,563,129
779.2,216.8,563,129
779.2,216.8,563,129
779.2,216.8,563,129
779.2,216.8,563,129
779.2,216.8,563,129
779.2,216.8,563,129
757.04,194.4,563,129
759.52,192.8,563,129
737.44,192.8,563,129
759.52,192.8,563,129
759.52,170.4,563,129
759.52,168.8,563,129
781.6,168.8,563,129
779.2,168.8,563,129
779.2,168.8,563,129
801.36,168.8,563,129
759.52,146.4,563,129
759.52,144.8,563,129
759.52,144.8,563,129
781.6,144.8,563,129
801.36,144.8,563,129
825.76,144.8,563,129
823.52,144.8,563,129
825.76,144.8,563,129
801.36,122.4,563,129
825.76,120.8,563,129
845.68,120.8,563,129
845.68,120.8,563,129
845.68,120.8,563,129
823.52,120.8,563,129
847.84,98.4,563,129
847.84,112.8,563,129
869.92,90.4,563,129
867.84,90.4,563,129
892,90.4,563,129
892,90.4,563,129
892,90.4,563,129
892,90.4,563,129
892,68,563,129
892,68,563,129
516.64,-21.6,563,129
512.96,-21.6,563,129
508.96,-21.6,563,129
527.04,-21.6,563,129
544.08,-21.6,563,129
540.96,-21.6,563,129
559.04,-21.6,563,129
576.08,-21.6,563,129
572.96,-21.6,563,129
568.96,-21.6,563,129
564.96,-21.6,563,129
583.04,-21.6,563,129
600.08,-21.6,563,129
619.04,0.8,563,129
624.08,0.8,563,129
627.04,0.8,563,129
646.24,0.8,563,129
624.08,0.8,563,129
693.28,23.2,563,129
671.2,23.2,563,129
690.56,23.2,563,129
690.56,23.2,563,129
690.56,23.2,563,129
690.56,23.2,563,129
668.4,23.2,563,129
671.2,23.2,563,129
690.56,23.2,563,129
690.56,23.2,563,129
734.88,45.6,563,129
690.56,45.6,563,129
712.72,45.6,563,129
715.36,45.6,563,129
712.72,45.6,563,129
715.36,45.6,563,129
734.88,45.6,563,129
734.88,45.6,563,129
734.88,45.6,563,129
734.88,45.6,563,129
734.88,45.6,563,129
734.88,45.6,563,129
734.88,45.6,563,129
734.88,45.6,563,129
734.88,45.6,563,129
734.88,45.6,563,129
734.88,45.6,563,129
734.88,45.6,563,129
734.88,45.6,563,129
734.88,68,563,129
734.88,68,563,129
734.88,68,563,129
712.72,45.6,563,129
715.36,45.6,563,129
712.72,45.6,563,129
715.36,45.6,563,129
712.72,45.6,563,129
693.28,45.6,563,129
693.28,45.6,563,129
693.28,45.6,563,129
693.28,45.6,563,129
693.28,45.6,563,129
693.28,45.6,563,129
671.2,45.6,563,129
668.4,68,563,129
649.12,68,563,129
649.12,68,563,129
671.2,68,563,129
668.4,68,563,129
649.12,68,563,129
715.36,90.4,563,129
712.72,90.4,563,129
649.12,90.4,563,129
649.12,90.4,563,129
715.36,112.8,563,129
646.24,112.8,563,129
646.24,112.8,563,129
646.24,112.8,563,129
712.72,135.2,563,129
715.36,155.2,563,129
624.08,152.8,563,129
693.28,175.2,563,129
693.28,195.2,563,129
693.28,192.8,563,129
671.2,192.8,563,129
668.4,215.2,563,129
649.12,212.8,563,129
649.12,235.2,563,129
627.04,232.8,563,129
601.92,232.8,563,129
620.08,255.2,563,129
582.88,252.8,563,129
600.08,275.2,563,129
574.88,272.8,563,129
547.76,295.2,563,129
544.96,292.8,563,129
540.96,292.8,563,129
514.88,292.8,563,129
509.92,315.2,563,129
483.76,312.8,563,129
458.88,312.8,563,129
453.92,312.8,563,129
449.92,312.8,563,129
445.92,312.8,563,129
441.92,312.8,563,129
393.6,312.8,563,129
389.92,290.4,563,129
385.92,288.8,563,129
381.92,288.8,563,129
355.76,288.8,563,129
352.96,266.4,563,129
348.96,264.8,563,129
322.88,264.8,563,129
340.08,264.8,563,129
336.96,264.8,563,129
355.04,264.8,563,129
305.6,242.4,563,129
324.08,240.8,563,129
343.04,240.8,563,129
337.92,240.8,563,129
356.08,240.8,563,129
352.96,240.8,563,129
348.96,240.8,563,129
322.88,218.4,563,129
340.08,216.8,563,129
359.04,216.8,563,129
353.92,216.8,563,129
372.08,216.8,563,129
368.96,216.8,563,129
364.96,216.8,563,129
360.96,216.8,563,129
356.96,216.8,563,129
375.04,216.8,563,129
369.92,216.8,563,129
410.24,239.2,563,129
383.76,236.8,563,129
380.96,236.8,563,129
376.96,236.8,563,129
372.96,236.8,563,129
368.96,236.8,563,129
387.04,259.2,563,129
381.92,256.8,563,129
377.92,256.8,563,129
396.08,256.8,563,129
392.96,256.8,563,129
388.96,256.8,563,129
384.96,256.8,563,129
380.96,279.2,563,129
376.96,276.8,563,129
395.04,276.8,563,129
367.76,276.8,563,129
364.96,276.8,563,129
360.96,276.8,563,129
356.96,276.8,563,129
352.96,276.8,563,129
348.96,276.8,563,129
344.96,299.2,563,129
363.04,296.8,563,129
335.76,296.8,563,129
332.96,296.8,563,129
351.04,296.8,563,129
345.92,296.8,563,129
341.92,296.8,563,129
337.92,296.8,563,129
333.92,296.8,563,129
329.92,296.8,563,129
303.76,296.8,563,129
323.04,296.8,563,129
340.08,296.8,563,129
359.04,296.8,563,129
331.76,296.8,563,129
328.96,296.8,563,129
347.04,296.8,563,129
341.92,296.8,563,129
337.92,296.8,563,129
333.92,296.8,563,129
352.08,296.8,563,129
348.96,296.8,563,129
344.96,296.8,563,129
340.96,296.8,563,129
359.04,296.8,563,129
353.92,296.8,563,129
349.92,296.8,563,129
368.08,296.8,563,129
364.96,296.8,563,129
383.04,296.8,563,129
377.92,296.8,563,129
396.08,296.8,563,129
392.96,296.8,563,129
388.96,296.8,563,129
384.96,296.8,563,129
380.96,296.8,563,129
376.96,296.8,563,129
395.04,296.8,563,129
389.92,274.4,563,129
408.08,272.8,563,129
404.96,272.8,563,129
400.96,272.8,563,129
396.96,272.8,563,129
392.96,272.8,563,129
411.04,272.8,563,129
405.92,272.8,563,129
401.92,272.8,563,129
397.92,272.8,563,129
416.08,272.8,563,129
412.96,272.8,563,129
408.96,272.8,563,129
427.04,272.8,563,129
399.76,272.8,563,129
396.96,272.8,563,129
437.12,295.2,563,129
432.96,292.8,563,129
428.96,292.8,563,129
424.96,292.8,563,129
443.04,292.8,563,129
415.76,292.8,563,129
412.96,292.8,563,129
475.2,315.2,563,129
469.92,312.8,563,129
488.08,312.8,563,129
484.96,312.8,563,129
503.04,312.8,563,129
497.92,312.8,563,129
493.92,312.8,563,129
512.08,312.8,563,129
553.12,335.2,563,129
548.96,332.8,563,129
567.04,332.8,563,129
561.92,332.8,563,129
557.92,332.8,563,129
553.92,332.8,563,129
572.08,332.8,563,129
568.96,332.8,563,129
609.12,355.2,563,129
604.96,352.8,563,129
600.96,352.8,563,129
619.04,352.8,563,129
601.92,352.8,563,129
597.92,352.8,563,129
593.92,352.8,563,129
589.92,352.8,563,129
608.08,352.8,563,129
627.04,375.2,563,129
624.08,372.8,563,129
627.04,372.8,563,129
624.08,372.8,563,129
627.04,372.8,563,129
601.92,372.8,563,129
597.92,372.8,563,129
571.76,372.8,563,129
591.04,372.8,563,129
563.76,372.8,563,129
560.96,372.8,563,129
556.96,372.8,563,129
552.96,372.8,563,129
548.96,372.8,563,129
544.96,372.8,563,129
540.96,372.8,563,129
536.96,372.8,563,129
532.96,372.8,563,129
528.96,372.8,563,129
480.8,350.4,563,129
476.96,348.8,563,129
472.96,348.8,563,129
491.04,348.8,563,129
485.92,348.8,563,129
437.6,326.4,563,129
456.08,324.8,563,129
475.04,324.8,563,129
492.08,324.8,563,129
466.88,324.8,563,129
417.6,302.4,563,129
436.08,300.8,563,129
432.96,300.8,563,129
473.12,300.8,563,129
402.72,278.4,563,129
397.92,276.8,563,129
393.92,276.8,563,129
412.08,276.8,563,129
386.88,276.8,563,129
381.92,276.8,563,129
355.76,254.4,563,129
352.96,252.8,563,129
348.96,252.8,563,129
344.96,252.8,563,129
340.96,252.8,563,129
336.96,252.8,563,129
332.96,252.8,563,129
328.96,252.8,563,129
324.96,252.8,563,129
320.96,252.8,563,129
339.04,275.2,563,129
333.92,272.8,563,129
329.92,272.8,563,129
325.92,272.8,563,129
321.92,272.8,563,129
317.92,272.8,563,129
313.92,272.8,563,129
287.76,272.8,563,129
284.96,272.8,563,129
303.04,272.8,563,129
297.92,272.8,563,129
271.76,272.8,563,129
268.96,272.8,563,129
287.04,272.8,563,129
281.92,272.8,563,129
277.92,272.8,563,129
273.92,272.8,563,129
292.08,272.8,563,129
288.96,272.8,563,129
307.04,272.8,563,129
301.92,272.8,563,129
297.92,272.8,563,129
316.08,272.8,563,129
312.96,272.8,563,129
331.04,272.8,563,129
325.92,272.8,563,129
344.08,272.8,563,129
340.96,272.8,563,129
336.96,272.8,563,129
355.04,272.8,563,129
349.92,272.8,563,129
368.08,272.8,563,129
387.04,272.8,563,129
381.92,272.8,563,129
400.08,272.8,563,129
396.96,272.8,563,129
392.96,272.8,563,129
388.96,272.8,563,129
407.04,272.8,563,129
401.92,272.8,563,129
420.08,272.8,563,129
394.88,272.8,563,129
412.08,272.8,563,129
431.04,272.8,563,129
425.92,272.8,563,129
421.92,272.8,563,129
417.92,272.8,563,129
413.92,272.8,563,129
409.92,272.8,563,129
405.92,272.8,563,129
401.92,272.8,563,129
420.08,272.8,563,129
394.88,272.8,563,129
412.08,272.8,563,129
408.96,272.8,563,129
404.96,272.8,563,129
400.96,272.8,563,129
352.8,250.4,563,129
371.04,248.8,563,129
388.08,271.2,563,129
362.88,268.8,563,129
402.24,268.8,563,129
397.92,268.8,563,129
393.92,268.8,563,129
389.92,268.8,563,129
385.92,268.8,563,129
381.92,268.8,563,129
377.92,268.8,563,129
373.92,268.8,563,129
369.92,268.8,563,129
365.92,268.8,563,129
361.92,268.8,563,129
357.92,268.8,563,129
353.92,268.8,563,129
327.76,268.8,563,129
324.96,268.8,563,129
320.96,268.8,563,129
294.88,268.8,563,129
289.92,268.8,563,129
285.92,268.8,563,129
281.92,268.8,563,129
300.08,268.8,563,129
274.88,268.8,563,129
292.08,268.8,563,129
266.88,268.8,563,129
261.92,268.8,563,129
280.08,268.8,563,129
276.96,268.8,563,129
272.96,268.8,563,129
268.96,268.8,563,129
264.96,268.8,563,129
260.96,268.8,563,129
256.96,268.8,563,129
252.96,268.8,563,129
248.96,268.8,563,129
244.96,268.8,563,129
240.96,268.8,563,129
236.96,268.8,563,129
210.88,246.4,563,129
250.24,267.2,563,129
245.92,264.8,563,129
241.92,264.8,563,129
215.76,242.4,563,129
212.96,240.8,563,129
208.96,240.8,563,129
204.96,240.8,563,129
200.96,240.8,563,129
219.04,240.8,563,129
213.92,240.8,563,129
209.92,240.8,563,129
205.92,240.8,563,129
201.92,240.8,563,129
197.92,240.8,563,129
216.08,240.8,563,129
212.96,240.8,563,129
208.96,240.8,563,129
204.96,240.8,563,129
223.04,240.8,563,129
217.92,240.8,563,129
213.92,240.8,563,129
209.92,240.8,563,129
205.92,240.8,563,129
201.92,240.8,563,129
197.92,240.8,563,129
193.92,240.8,563,129
189.92,218.4,563,129
208.08,239.2,563,129
204.96,236.8,563,129
200.96,236.8,563,129
196.96,236.8,563,129
192.96,236.8,563,129
188.96,214.4,563,129
184.96,212.8,563,129
203.04,235.2,563,129
197.92,232.8,563,129
193.92,210.4,563,129
212.08,231.2,563,129
208.96,228.8,563,129
204.96,228.8,563,129
200.96,228.8,563,129
196.96,228.8,563,129
215.04,228.8,563,129
209.92,228.8,563,129
205.92,228.8,563,129
201.92,228.8,563,129
197.92,228.8,563,129
193.92,228.8,563,129
212.08,228.8,563,129
208.96,228.8,563,129
204.96,228.8,563,129
200.96,228.8,563,129
196.96,228.8,563,129
192.96,228.8,563,129
188.96,228.8,563,129
184.96,228.8,563,129
203.04,228.8,563,129
197.92,228.8,563,129
193.92,228.8,563,129
189.92,228.8,563,129
185.92,228.8,563,129
204.08,228.8,563,129
223.04,228.8,563,129
195.76,228.8,563,129
215.04,228.8,563,129
187.76,228.8,563,129
207.04,228.8,563,129
224.08,228.8,563,129
198.88,228.8,563,129
216.08,228.8,563,129
212.96,228.8,563,129
208.96,228.8,563,129
160.8,206.4,563,129
156.96,204.8,563,129
152.96,204.8,563,129
148.96,204.8,563,129
144.96,204.8,563,129
140.96,204.8,563,129
136.96,204.8,563,129
155.04,204.8,563,129
149.92,204.8,563,129
145.92,204.8,563,129
141.92,204.8,563,129
137.92,204.8,563,129
133.92,204.8,563,129
152.08,204.8,563,129
148.96,204.8,563,129
144.96,204.8,563,129
185.12,227.2,563,129
180.96,224.8,563,129
176.96,224.8,563,129
172.96,224.8,563,129
191.04,224.8,563,129
185.92,224.8,563,129
181.92,224.8,563,129
177.92,224.8,563,129
173.92,224.8,563,129
192.08,224.8,563,129
188.96,224.8,563,129
184.96,224.8,563,129
180.96,224.8,563,129
176.96,224.8,563,129
172.96,224.8,563,129
168.96,224.8,563,129
187.04,224.8,563,129
181.92,224.8,563,129
155.76,224.8,563,129
152.96,224.8,563,129
171.04,224.8,563,129
165.92,224.8,563,129
161.92,224.8,563,129
157.92,224.8,563,129
153.92,224.8,563,129
172.08,224.8,563,129
168.96,224.8,563,129
164.96,224.8,563,129
160.96,224.8,563,129
156.96,224.8,563,129
152.96,224.8,563,129
148.96,224.8,563,129
144.96,224.8,563,129
140.96,224.8,563,129
203.2,247.2,563,129
197.92,244.8,563,129
193.92,244.8,563,129
189.92,244.8,563,129
185.92,244.8,563,129
204.08,244.8,563,129
178.88,244.8,563,129
173.92,244.8,563,129
192.08,244.8,563,129
166.88,244.8,563,129
184.08,244.8,563,129
203.04,244.8,563,129
153.6,244.8,563,129
149.92,244.8,563,129
168.08,244.8,563,129
142.88,244.8,563,129
160.08,244.8,563,129
156.96,244.8,563,129
152.96,244.8,563,129
148.96,244.8,563,129
144.96,244.8,563,129
140.96,244.8,563,129
159.04,244.8,563,129
153.92,244.8,563,129
149.92,244.8,563,129
168.08,244.8,563,129
187.04,244.8,563,129
181.92,244.8,563,129
200.08,244.8,563,129
196.96,244.8,563,129
170.88,244.8,563,129
188.08,244.8,563,129
184.96,244.8,563,129
180.96,244.8,563,129
199.04,244.8,563,129
171.76,244.8,563,129
191.04,244.8,563,129
185.92,244.8,563,129
204.08,244.8,563,129
178.88,244.8,563,129
173.92,244.8,563,129
192.08,244.8,563,129
188.96,244.8,563,129
184.96,244.8,563,129
203.04,244.8,563,129
175.76,244.8,563,129
195.04,244.8,563,129
189.92,244.8,563,129
208.08,244.8,563,129
204.96,244.8,563,129
178.88,244.8,563,129
196.08,244.8,563,129
170.88,244.8,563,129
188.08,244.8,563,129
207.04,244.8,563,129
201.92,244.8,563,129
175.76,244.8,563,129
172.96,244.8,563,129
168.96,244.8,563,129
164.96,244.8,563,129
160.96,244.8,563,129
179.04,244.8,563,129
196.08,244.8,563,129
170.88,244.8,563,129
210.24,244.8,563,129
205.92,244.8,563,129
201.92,244.8,563,129
220.08,244.8,563,129
216.96,244.8,563,129
212.96,244.8,563,129
208.96,244.8,563,129
227.04,244.8,563,129
221.92,244.8,563,129
240.08,244.8,563,129
236.96,244.8,563,129
232.96,244.8,563,129
251.04,244.8,563,129
245.92,244.8,563,129
241.92,244.8,563,129
260.08,244.8,563,129
256.96,244.8,563,129
252.96,244.8,563,129
271.04,244.8,563,129
265.92,244.8,563,129
284.08,244.8,563,129
303.04,244.8,563,129
297.92,244.8,563,129
293.92,244.8,563,129
289.92,244.8,563,129
308.08,244.8,563,129
349.12,267.2,563,129
367.04,264.8,563,129
384.08,264.8,563,129
380.96,264.8,563,129
376.96,264.8,563,129
372.96,264.8,563,129
391.04,264.8,563,129
363.76,264.8,563,129
383.04,264.8,563,129
377.92,264.8,563,129
396.08,264.8,563,129
392.96,264.8,563,129
388.96,264.8,563,129
384.96,264.8,563,129
380.96,264.8,563,129
421.12,287.2,563,129
416.96,284.8,563,129
412.96,284.8,563,129
408.96,284.8,563,129
