64,97,32,20
63.9,101.24,32,20
63.9,104.8,32,20
63.9,111.32,32,20
63.9,114.8,32,20
63.9,119.24,32,20
63.9,124.86,32,20
63.9,129.24,32,20
63.9,132.8,32,20
63.9,139.32,32,20
63.9,142.8,32,20
63.9,147.24,32,20
63.9,150.8,32,20
63.9,155.24,32,20
63.9,158.8,32,20
63.9,163.24,32,20
63.9,166.8,32,20
63.9,169.15,32,20
63.9,171.15,32,20
63.9,173.15,32,20
63.9,175.15,32,20
63.9,177.15,32,20
61.825,177.06,32,20
61.9,177.06,32,20
61.9,181.24,32,20
61.9,182.74,32,20
61.9,181.69,32,20
61.9,182.74,32,20
63.975,177.57,32,20
63.9,176.69,32,20
63.9,175.69,32,20
63.9,174.69,32,20
63.9,171.63,32,20
63.9,170.69,32,20
63.9,167.63,32,20
63.9,166.69,32,20
63.9,163.63,32,20
63.9,162.69,32,20
63.9,159.63,32,20
63.9,158.69,32,20
63.9,155.63,32,20
63.9,154.69,32,20
63.9,151.63,32,20
63.9,150.69,32,20
63.9,145.57,32,20
63.9,142.63,32,20
63.9,139.63,32,20
63.9,134.57,32,20
63.9,129.57,32,20
63.9,128.69,32,20
63.9,129.74,32,20
63.9,129.74,32,20
63.9,129.74,32,20
63.9,129.74,32,20
63.9,136.91,32,20
63.9,139.15,32,20
63.9,139.06,32,20
63.9,139.06,32,20
63.9,141.15,32,20
63.9,141.06,32,20
63.9,143.15,32,20
63.9,143.06,32,20
63.9,143.06,32,20
63.9,145.15,32,20
63.9,145.06,32,20
63.9,145.06,32,20
63.9,147.15,32,20
63.9,147.06,32,20
63.9,149.15,32,20
63.9,149.06,32,20
63.9,149.06,32,20
63.9,151.15,32,20
63.9,151.06,32,20
63.9,151.06,32,20
63.9,153.15,32,20
63.9,153.06,32,20
63.9,155.15,32,20
63.9,155.06,32,20
63.9,155.06,32,20
63.9,157.15,32,20
63.9,157.06,32,20
63.9,157.06,32,20
63.9,159.15,32,20
63.9,159.06,32,20
63.9,161.15,32,20
63.9,161.06,32,20
63.9,161.06,32,20
63.9,163.15,32,20
63.9,163.06,32,20
63.9,163.06,32,20
63.9,165.15,32,20
63.9,165.06,32,20
63.9,167.15,32,20
63.9,167.06,32,20
63.9,167.06,32,20
63.9,169.15,32,20
63.9,169.06,32,20
63.9,169.06,32,20
63.9,171.15,32,20
63.9,171.06,32,20
63.9,173.15,32,20
63.9,173.06,32,20
63.9,173.06,32,20
63.9,175.15,32,20
63.9,175.06,32,20
63.9,175.06,32,20
63.9,177.15,32,20
63.9,177.06,32,20
63.9,179.15,32,20
63.9,179.06,32,20
63.9,179.06,32,20
63.9,181.15,32,20
63.9,181.06,32,20
63.9,181.06,32,20
63.9,183.15,32,20
63.9,183.06,32,20
63.9,185.15,32,20
63.9,185.06,32,20
63.9,185.06,32,20
63.9,187.15,32,20
63.9,187.06,32,20
63.9,187.06,32,20
63.9,189.15,32,20
63.9,189.06,32,20
63.9,191.15,32,20
63.9,191.06,32,20
63.9,191.06,32,20
63.9,193.15,32,20
63.9,193.06,32,20
63.9,193.06,32,20
63.9,195.15,32,20
63.9,195.06,32,20
63.9,197.15,32,20
63.9,197.06,32,20
63.9,197.06,32,20
63.9,199.15,32,20
63.9,199.06,32,20
63.9,199.06,32,20
63.9,201.15,32,20
63.9,201.06,32,20
63.9,203.15,32,20
63.9,203.06,32,20
63.9,203.06,32,20
63.9,205.15,32,20
63.9,205.06,32,20
63.9,205.06,32,20
63.9,207.15,32,20
63.9,207.06,32,20
63.9,209.15,32,20
63.9,209.06,32,20
63.9,209.06,32,20
63.9,211.15,32,20
63.9,211.06,32,20
63.9,211.06,32,20
63.9,213.15,32,20
63.9,213.06,32,20
63.9,215.15,32,20
63.9,215.06,32,20
63.9,215.06,32,20
63.9,217.15,32,20
63.9,217.06,32,20
63.9,217.06,32,20
63.9,219.15,32,20
63.9,219.06,32,20
63.9,221.15,32,20
63.9,221.06,32,20
63.9,221.06,32,20
63.9,223.15,32,20
63.9,223.06,32,20
63.9,223.06,32,20
63.9,225.15,32,20
63.9,225.06,32,20
63.9,227.15,32,20
63.9,227.06,32,20
63.9,227.06,32,20
63.9,229.15,32,20
63.9,229.06,32,20
63.9,229.06,32,20
63.9,231.15,32,20
63.9,231.06,32,20
63.9,233.15,32,20
63.9,233.06,32,20
63.9,233.06,32,20
63.9,235.15,32,20
63.9,235.06,32,20
63.9,235.06,32,20
63.9,237.15,32,20
63.9,237.15,32,20
80.5,239.24,32,20
65.5,225.46,32,20
65.2,226.74,32,20
64.9,227.74,32,20
64.9,228.74,32,20
64.9,225.63,32,20
64.9,226.74,32,20
64.9,227.74,32,20
64.9,222.57,32,20
64.9,221.69,32,20
64.9,222.74,32,20
64.9,223.74,32,20
64.9,224.74,32,20
64.9,223.69,32,20
64.9,224.74,32,20
64.9,225.74,32,20
64.9,224.69,32,20
64.9,225.74,32,20
64.9,226.74,32,20
64.9,227.74,32,20
64.9,228.74,32,20
64.9,229.74,32,20
64.9,228.69,32,20
64.9,231.8,32,20
64.9,232.06,32,20
64.9,232.06,32,20
75.275,236.24,32,20
64.7,233.69,32,20
64.2,236.8,32,20
63.9,235.06,32,20
61.825,235.06,32,20
61.9,232.97,32,20
63.975,235.15,32,20
63.9,235.06,32,20
63.9,239.24,32,20
63.9,239.24,32,20
63.9,239.24,32,20
63.9,239.24,32,20
63.9,239.24,32,20
68.05,237.8,32,20
68.05,237.8,32,20
68.05,237.8,32,20
68.05,237.8,32,20
69.975,222.53,32,20
74.05,234.03,32,20
73.9,236.15,32,20
71.825,237.15,32,20
73.975,237.15,32,20
75.975,226.71,32,20
75.9,225.69,32,20
75.9,226.74,32,20
75.9,227.74,32,20
75.9,228.74,32,20
75.9,227.69,32,20
75.9,228.74,32,20
75.9,229.74,32,20
75.9,230.74,32,20
75.9,231.74,32,20
75.9,232.74,32,20
75.9,233.74,32,20
75.9,234.74,32,20
75.9,233.69,32,20
75.9,234.74,32,20
75.9,235.74,32,20
75.9,237.8,32,20
75.9,237.15,32,20
69.675,220.44,32,20
75.5,238.2,32,20
60.5,224.62,32,20
60.2,225.74,32,20
59.9,226.74,32,20
59.9,227.74,32,20
72.35,236.97,32,20
72.2,228.79,32,20
71.9,229.74,32,20
71.9,230.74,32,20
71.9,231.74,32,20
71.9,230.69,32,20
65.675,219.4,32,20
65.2,218.69,32,20
64.9,219.74,32,20
64.9,216.63,32,20
64.9,217.74,32,20
64.9,216.69,32,20
58.675,217.74,32,20
58.2,222.86,32,20
57.9,220.97,32,20
64.125,225.24,32,20
63.9,222.63,32,20
63.9,225.8,32,20
63.9,223.97,32,20
63.9,224.06,32,20
72.2,217.79,32,20
69.825,216.69,32,20
65.75,228.03,32,20
65.2,230.15,32,20
64.9,232.15,32,20
64.9,232.06,32,20
64.9,234.15,32,20
64.9,234.06,32,20
64.9,227.79,32,20
64.9,224.63,32,20
64.9,225.74,32,20
64.9,226.74,32,20
64.9,227.74,32,20
64.9,234.91,32,20
64.9,228.79,32,20
64.9,229.74,32,20
64.9,236.91,32,20
64.9,237.15,32,20
58.675,228.79,32,20
58.2,229.74,32,20
57.9,230.74,32,20
57.9,231.74,32,20
57.9,232.74,32,20
57.9,233.74,32,20
57.9,234.74,32,20
57.9,233.69,32,20
57.9,234.74,32,20
57.9,235.74,32,20
57.9,237.8,32,20
62.05,237.15,32,20
63.975,239.24,32,20
65.975,239.86,32,20
70.05,241.32,32,20
63.675,239.86,32,20
69.5,235.06,32,20
69.5,235.06,32,20
69.5,235.06,32,20
69.5,235.06,32,20
69.5,235.06,32,20
69.5,235.06,32,20
60.8,239.24,32,20
60.9,239.86,32,20
62.975,241.32,32,20
62.975,241.32,32,20
62.975,241.32,32,20
62.975,241.32,32,20
62.975,241.32,32,20
62.975,241.32,32,20
62.975,241.32,32,20
62.975,241.32,32,20
62.975,241.32,32,20
62.975,241.32,32,20
62.975,241.32,32,20
62.975,241.32,32,20
62.975,241.32,32,20
62.975,241.32,32,20
62.975,241.32,32,20
62.975,241.32,32,20
62.975,241.32,32,20
62.975,241.32,32,20
62.975,241.32,32,20
62.975,241.32,32,20
62.975,241.32,32,20
62.975,241.32,32,20
62.975,241.32,32,20
62.975,241.32,32,20
62.975,241.32,32,20
62.975,241.32,32,20
62.975,241.32,32,20
62.975,241.32,32,20
62.975,241.32,32,20
62.975,241.32,32,20
62.975,241.32,32,20
62.975,241.32,32,20
62.975,241.32,32,20
62.975,241.32,32,20
62.975,241.32,32,20
62.975,241.32,32,20
62.975,241.32,32,20
62.975,241.32,32,20
62.975,241.32,32,20
62.975,241.32,32,20
62.975,241.32,32,20
62.975,241.32,32,20
62.975,241.32,32,20
62.975,241.32,32,20
62.975,241.32,32,20
62.975,241.32,32,20
62.975,241.32,32,20
62.975,241.32,32,20
62.975,241.32,32,20
62.975,241.32,32,20
62.975,241.32,32,20
62.975,241.32,32,20
62.975,241.32,32,20
62.975,241.32,32,20
62.975,241.32,32,20
62.975,241.32,32,20
62.975,241.32,32,20
62.975,241.32,32,20
62.975,241.32,32,20
62.975,241.32,32,20
62.975,241.32,32,20
62.975,241.32,32,20
62.975,241.32,32,20
62.975,241.32,32,20
62.975,241.32,32,20
62.975,241.32,32,20
62.975,241.32,32,20
62.975,241.32,32,20
62.975,241.32,32,20
62.975,241.32,32,20
62.975,241.32,32,20
62.975,241.32,32,20
62.975,241.32,32,20
62.975,241.32,32,20
62.975,241.32,32,20
62.975,241.32,32,20
62.975,241.32,32,20
62.975,241.32,32,20
62.975,241.32,32,20
62.975,241.32,32,20
62.975,241.32,32,20
62.975,241.32,32,20
62.975,241.32,32,20
62.975,241.32,32,20
62.975,241.32,32,20
62.975,241.32,32,20
62.975,241.32,32,20
62.975,241.32,32,20
62.975,241.32,32,20
62.975,241.32,32,20
62.975,241.32,32,20
62.975,241.32,32,20
62.975,241.32,32,20
62.975,241.32,32,20
62.975,241.32,32,20
62.975,241.32,32,20
62.975,241.32,32,20
62.975,241.32,32,20
62.975,241.32,32,20
62.975,241.32,32,20
62.975,241.32,32,20
62.975,241.32,32,20
62.975,241.32,32,20
62.975,241.32,32,20
62.975,241.32,32,20
62.975,241.32,32,20
62.975,241.32,32,20
62.975,241.32,32,20
62.975,241.32,32,20
62.975,241.32,32,20
62.975,241.32,32,20
62.975,241.32,32,20
62.975,241.32,32,20
62.975,241.32,32,20
62.975,241.32,32,20
62.975,241.32,32,20
62.975,241.32,32,20
62.975,241.32,32,20
62.975,241.32,32,20
62.975,241.32,32,20
62.975,241.32,32,20
62.975,241.32,32,20
62.975,241.32,32,20
62.975,241.32,32,20
62.975,241.32,32,20
62.975,241.32,32,20
62.975,241.32,32,20
62.975,241.32,32,20
62.975,241.32,32,20
62.975,241.32,32,20
62.975,241.32,32,20
62.975,241.32,32,20
62.975,241.32,32,20
62.975,241.32,32,20
62.975,241.32,32,20
62.975,241.32,32,20
62.975,241.32,32,20
62.975,241.32,32,20
62.975,241.32,32,20
62.975,241.32,32,20
62.975,241.32,32,20
62.975,241.32,32,20
62.975,241.32,32,20
62.975,241.32,32,20
62.975,241.32,32,20
62.975,241.32,32,20
62.975,241.32,32,20
62.975,241.32,32,20
62.975,241.32,32,20
62.975,241.32,32,20
62.975,241.32,32,20
62.975,241.32,32,20
62.975,241.32,32,20
62.975,241.32,32,20
62.975,241.32,32,20
62.975,241.32,32,20
62.975,241.32,32,20
62.975,241.32,32,20
62.975,241.32,32,20
62.975,241.32,32,20
62.975,241.32,32,20
62.975,241.32,32,20
62.975,241.32,32,20
62.975,241.32,32,20
62.975,241.32,32,20
62.975,241.32,32,20
62.975,241.32,32,20
62.975,241.32,32,20
62.975,241.32,32,20
62.975,241.32,32,20
62.975,241.32,32,20
62.975,241.32,32,20
62.975,241.32,32,20
62.975,241.32,32,20
62.975,241.32,32,20
62.975,241.32,32,20
62.975,241.32,32,20
62.975,241.32,32,20
62.975,241.32,32,20
62.975,241.32,32,20
62.975,241.32,32,20
62.975,241.32,32,20
62.975,241.32,32,20
62.975,241.32,32,20
62.975,241.32,32,20
62.975,241.32,32,20
62.975,241.32,32,20
62.975,241.32,32,20
62.975,241.32,32,20
62.975,241.32,32,20
62.975,241.32,32,20
62.975,241.32,32,20
62.975,241.32,32,20
62.975,241.32,32,20
62.975,241.32,32,20
62.975,241.32,32,20
62.975,241.32,32,20
62.975,241.32,32,20
62.975,241.32,32,20
62.975,241.32,32,20
62.975,241.32,32,20
62.975,241.32,32,20
62.975,241.32,32,20
62.975,241.32,32,20
62.975,241.32,32,20
62.975,241.32,32,20
62.975,241.32,32,20
62.975,241.32,32,20
62.975,241.32,32,20
62.975,241.32,32,20
62.975,241.32,32,20
62.975,241.32,32,20
62.975,241.32,32,20
62.975,241.32,32,20
62.975,241.32,32,20
62.975,241.32,32,20
62.975,241.32,32,20
62.975,241.32,32,20
62.975,241.32,32,20
62.975,241.32,32,20
62.975,241.32,32,20
62.975,241.32,32,20
62.975,241.32,32,20
62.975,241.32,32,20
62.975,241.32,32,20
62.975,241.32,32,20
62.975,241.32,32,20
62.975,241.32,32,20
62.975,241.32,32,20
62.975,241.32,32,20
62.975,241.32,32,20
62.975,241.32,32,20
62.975,241.32,32,20
62.975,241.32,32,20
62.975,241.32,32,20
62.975,241.32,32,20
62.975,241.32,32,20
62.975,241.32,32,20
62.975,241.32,32,20
62.975,241.32,32,20
62.975,241.32,32,20
62.975,241.32,32,20
62.975,241.32,32,20
62.975,241.32,32,20
62.975,241.32,32,20
62.975,241.32,32,20
62.975,241.32,32,20
62.975,241.32,32,20
62.975,241.32,32,20
62.975,241.32,32,20
62.975,241.32,32,20
62.975,241.32,32,20
62.975,241.32,32,20
62.975,241.32,32,20
62.975,241.32,32,20
62.975,241.32,32,20
62.975,241.32,32,20
62.975,241.32,32,20
62.975,241.32,32,20
62.975,241.32,32,20
62.975,241.32,32,20
62.975,241.32,32,20
62.975,241.32,32,20
62.975,241.32,32,20
62.975,241.32,32,20
62.975,241.32,32,20
62.975,241.32,32,20
62.975,241.32,32,20
62.975,241.32,32,20
62.975,241.32,32,20
62.975,241.32,32,20
62.975,241.32,32,20
62.975,241.32,32,20
62.975,241.32,32,20
62.975,241.32,32,20
62.975,241.32,32,20
62.975,241.32,32,20
62.975,241.32,32,20
62.975,241.32,32,20
62.975,241.32,32,20
62.975,241.32,32,20
62.975,241.32,32,20
62.975,241.32,32,20
62.975,241.32,32,20
62.975,241.32,32,20
62.975,241.32,32,20
62.975,241.32,32,20
62.975,241.32,32,20
62.975,241.32,32,20
62.975,241.32,32,20
62.975,241.32,32,20
62.975,241.32,32,20
62.975,241.32,32,20
62.975,241.32,32,20
62.975,241.32,32,20
62.975,241.32,32,20
62.975,241.32,32,20
62.975,241.32,32,20
62.975,241.32,32,20
62.975,241.32,32,20
62.975,241.32,32,20
62.975,241.32,32,20
62.975,241.32,32,20
62.975,241.32,32,20
62.975,241.32,32,20
62.975,241.32,32,20
62.975,241.32,32,20
62.975,241.32,32,20
62.975,241.32,32,20
62.975,241.32,32,20
62.975,241.32,32,20
62.975,241.32,32,20
62.975,241.32,32,20
62.975,241.32,32,20
62.975,241.32,32,20
62.975,241.32,32,20
62.975,241.32,32,20
62.975,241.32,32,20
62.975,241.32,32,20
62.975,241.32,32,20
62.975,241.32,32,20
62.975,241.32,32,20
62.975,241.32,32,20
62.975,241.32,32,20
62.975,241.32,32,20
62.975,241.32,32,20
62.975,241.32,32,20
62.975,241.32,32,20
62.975,241.32,32,20
62.975,241.32,32,20
62.975,241.32,32,20
62.975,241.32,32,20
62.975,241.32,32,20
62.975,241.32,32,20
62.975,241.32,32,20
62.975,241.32,32,20
62.975,241.32,32,20
62.975,241.32,32,20
62.975,241.32,32,20
62.975,241.32,32,20
62.975,241.32,32,20
62.975,241.32,32,20
62.975,241.32,32,20
62.975,241.32,32,20
62.975,241.32,32,20
62.975,241.32,32,20
62.975,241.32,32,20
62.975,241.32,32,20
62.975,241.32,32,20
62.975,241.32,32,20
62.975,241.32,32,20
62.975,241.32,32,20
62.975,241.32,32,20
62.975,241.32,32,20
62.975,241.32,32,20
62.975,241.32,32,20
62.975,241.32,32,20
62.975,241.32,32,20
62.975,241.32,32,20
62.975,241.32,32,20
62.975,241.32,32,20
62.975,241.32,32,20
62.975,241.32,32,20
62.975,241.32,32,20
62.975,241.32,32,20
62.975,241.32,32,20
62.975,241.32,32,20
62.975,241.32,32,20
62.975,241.32,32,20
62.975,241.32,32,20
62.975,241.32,32,20
62.975,241.32,32,20
62.975,241.32,32,20
62.975,241.32,32,20
62.975,241.32,32,20
62.975,241.32,32,20
62.975,241.32,32,20
62.975,241.32,32,20
62.975,241.32,32,20
62.975,241.32,32,20
62.975,241.32,32,20
62.975,241.32,32,20
62.975,241.32,32,20
62.975,241.32,32,20
62.975,241.32,32,20
62.975,241.32,32,20
62.975,241.32,32,20
62.975,241.32,32,20
62.975,241.32,32,20
62.975,241.32,32,20
62.975,241.32,32,20
62.975,241.32,32,20
62.975,241.32,32,20
62.975,241.32,32,20
62.975,241.32,32,20
62.975,241.32,32,20
62.975,241.32,32,20
62.975,241.32,32,20
62.975,241.32,32,20
62.975,241.32,32,20
62.975,241.32,32,20
62.975,241.32,32,20
62.975,241.32,32,20
62.975,241.32,32,20
62.975,241.32,32,20
62.975,241.32,32,20
62.975,241.32,32,20
62.975,241.32,32,20
62.975,241.32,32,20
62.975,241.32,32,20
62.975,241.32,32,20
62.975,241.32,32,20
62.975,241.32,32,20
62.975,241.32,32,20
62.975,241.32,32,20
62.975,241.32,32,20
62.975,241.32,32,20
62.975,241.32,32,20
62.975,241.32,32,20
62.975,241.32,32,20
62.975,241.32,32,20
62.975,241.32,32,20
62.975,241.32,32,20
62.975,241.32,32,20
62.975,241.32,32,20
62.975,241.32,32,20
62.975,241.32,32,20
62.975,241.32,32,20
62.975,241.32,32,20
62.975,241.32,32,20
62.975,241.32,32,20
62.975,241.32,32,20
62.975,241.32,32,20
62.975,241.32,32,20
62.975,241.32,32,20
62.975,241.32,32,20
62.975,241.32,32,20
62.975,241.32,32,20
62.975,241.32,32,20
62.975,241.32,32,20
62.975,241.32,32,20
62.975,241.32,32,20
62.975,241.32,32,20
62.975,241.32,32,20
62.975,241.32,32,20
62.975,241.32,32,20
62.975,241.32,32,20
62.975,241.32,32,20
62.975,241.32,32,20
62.975,241.32,32,20
62.975,241.32,32,20
62.975,241.32,32,20
62.975,241.32,32,20
62.975,241.32,32,20
62.975,241.32,32,20
62.975,241.32,32,20
62.975,241.32,32,20
62.975,241.32,32,20
62.975,241.32,32,20
62.975,241.32,32,20
62.975,241.32,32,20
62.975,241.32,32,20
62.975,241.32,32,20
62.975,241.32,32,20
62.975,241.32,32,20
62.975,241.32,32,20
62.975,241.32,32,20
62.975,241.32,32,20
62.975,241.32,32,20
62.975,241.32,32,20
62.975,241.32,32,20
62.975,241.32,32,20
62.975,241.32,32,20
62.975,241.32,32,20
62.975,241.32,32,20
62.975,241.32,32,20
62.975,241.32,32,20
62.975,241.32,32,20
62.975,241.32,32,20
62.975,241.32,32,20
62.975,241.32,32,20
62.975,241.32,32,20
62.975,241.32,32,20
62.975,241.32,32,20
62.975,241.32,32,20
62.975,241.32,32,20
62.975,241.32,32,20
62.975,241.32,32,20
62.975,241.32,32,20
62.975,241.32,32,20
62.975,241.32,32,20
62.975,241.32,32,20
62.975,241.32,32,20
62.975,241.32,32,20
62.975,241.32,32,20
62.975,241.32,32,20
62.975,241.32,32,20
62.975,241.32,32,20
62.975,241.32,32,20
62.975,241.32,32,20
62.975,241.32,32,20
62.975,241.32,32,20
62.975,241.32,32,20
62.975,241.32,32,20
62.975,241.32,32,20
62.975,241.32,32,20
62.975,241.32,32,20
62.975,241.32,32,20
62.975,241.32,32,20
62.975,241.32,32,20
62.975,241.32,32,20
62.975,241.32,32,20
62.975,241.32,32,20
62.975,241.32,32,20
62.975,241.32,32,20
62.975,241.32,32,20
62.975,241.32,32,20
62.975,241.32,32,20
62.975,241.32,32,20
62.975,241.32,32,20
62.975,241.32,32,20
62.975,241.32,32,20
62.975,241.32,32,20
62.975,241.32,32,20
62.975,241.32,32,20
62.975,241.32,32,20
62.975,241.32,32,20
62.975,241.32,32,20
62.975,241.32,32,20
62.975,241.32,32,20
62.975,241.32,32,20
62.975,241.32,32,20
62.975,241.32,32,20
62.975,241.32,32,20
62.975,241.32,32,20
62.975,241.32,32,20
62.975,241.32,32,20
62.975,241.32,32,20
62.975,241.32,32,20
62.975,241.32,32,20
62.975,241.32,32,20
62.975,241.32,32,20
62.975,241.32,32,20
62.975,241.32,32,20
62.975,241.32,32,20
62.975,241.32,32,20
62.975,241.32,32,20
62.975,241.32,32,20
62.975,241.32,32,20
62.975,241.32,32,20
62.975,241.32,32,20
62.975,241.32,32,20
62.975,241.32,32,20
62.975,241.32,32,20
62.975,241.32,32,20
62.975,241.32,32,20
62.975,241.32,32,20
62.975,241.32,32,20
62.975,241.32,32,20
62.975,241.32,32,20
62.975,241.32,32,20
62.975,241.32,32,20
62.975,241.32,32,20
62.975,241.32,32,20
62.975,241.32,32,20
62.975,241.32,32,20
62.975,241.32,32,20
62.975,241.32,32,20
62.975,241.32,32,20
62.975,241.32,32,20
62.975,241.32,32,20
62.975,241.32,32,20
62.975,241.32,32,20
62.975,241.32,32,20
62.975,241.32,32,20
62.975,241.32,32,20
62.975,241.32,32,20
62.975,241.32,32,20
62.975,241.32,32,20
62.975,241.32,32,20
62.975,241.32,32,20
62.975,241.32,32,20
62.975,241.32,32,20
62.975,241.32,32,20
62.975,241.32,32,20
62.975,241.32,32,20
62.975,241.32,32,20
62.975,241.32,32,20
62.975,241.32,32,20
62.975,241.32,32,20
62.975,241.32,32,20
62.975,241.32,32,20
62.975,241.32,32,20
62.975,241.32,32,20
62.975,241.32,32,20
62.975,241.32,32,20
62.975,241.32,32,20
62.975,241.32,32,20
62.975,241.32,32,20
62.975,241.32,32,20
62.975,241.32,32,20
62.975,241.32,32,20
62.975,241.32,32,20
62.975,241.32,32,20
62.975,241.32,32,20
62.975,241.32,32,20
62.975,241.32,32,20
62.975,241.32,32,20
62.975,241.32,32,20
62.975,241.32,32,20
62.975,241.32,32,20
62.975,241.32,32,20
62.975,241.32,32,20
62.975,241.32,32,20
62.975,241.32,32,20
62.975,241.32,32,20
62.975,241.32,32,20
62.975,241.32,32,20
62.975,241.32,32,20
62.975,241.32,32,20
62.975,241.32,32,20
62.975,241.32,32,20
62.975,241.32,32,20
62.975,241.32,32,20
62.975,241.32,32,20
62.975,241.32,32,20
62.975,241.32,32,20
62.975,241.32,32,20
62.975,241.32,32,20
62.975,241.32,32,20
62.975,241.32,32,20
62.975,241.32,32,20
62.975,241.32,32,20
62.975,241.32,32,20
62.975,241.32,32,20
62.975,241.32,32,20
62.975,241.32,32,20
62.975,241.32,32,20
62.975,241.32,32,20
62.975,241.32,32,20
62.975,241.32,32,20
62.975,241.32,32,20
62.975,241.32,32,20
62.975,241.32,32,20
87.8,211.06,32,20
92.05,206.88,32,20
91.9,209.15,32,20
91.9,209.06,32,20
87.75,209.06,32,20
91.4,211.15,32,20
87,211.06,32,20
91.05,213.15,32,20
86.75,213.06,32,20
90.4,213.06,32,20
88.1,213.06,32,20
89.975,215.15,32,20
87.825,215.06,32,20
87.9,219.24,32,20
89.975,216.63,32,20
73.3,223.91,32,20
87.9,213.62,32,20
89.975,218.86,32,20
87.825,214.88,32,20
89.975,221.32,32,20
87.825,216.57,32,20
89.975,221.86,32,20
87.825,217.88,32,20
89.975,224.32,32,20
87.825,219.57,32,20
89.975,224.86,32,20
87.825,220.88,32,20
89.975,227.32,32,20
87.825,224.63,32,20
89.975,227.8,32,20
87.825,225.97,32,20
89.975,228.15,32,20
87.825,228.06,32,20
87.9,228.06,32,20
79.6,238.5,32,20
81.3,243.97,32,20
87.5,235.06,32,20
91.4,224.62,32,20
91.2,236.03,32,20
97.125,243.41,32,20
88.6,225.46,32,20
90.3,234.97,32,20
90.2,235.06,32,20
87.825,235.06,32,20
102.43,220.44,32,20
104.3,217.63,32,20
104.2,216.69,32,20
105.97,217.74,32,20
105.9,216.69,32,20
105.9,215.69,32,20
107.97,214.69,32,20
107.9,213.69,32,20
103.75,214.74,32,20
105.3,211.63,32,20
105.2,210.69,32,20
104.9,211.74,32,20
104.9,210.69,32,20
104.9,209.69,32,20
104.9,208.69,32,20
104.9,209.74,32,20
104.9,208.69,32,20
104.9,207.69,32,20
100.75,216.97,32,20
96,219.15,32,20
106.28,216.97,32,20
106.2,217.06,32,20
103.82,237.94,32,20
103.9,243.41,32,20
103.9,241.91,32,20
99.75,243.41,32,20
99.2,237.8,32,20
115.5,232.97,32,20
106.8,237.24,32,20
106.9,237.8,32,20
106.9,239.24,32,20
104.82,241.91,32,20
104.9,241.32,32,20
106.97,239.86,32,20
102.75,239.24,32,20
106.4,239.86,32,20
106.2,239.24,32,20
105.9,237.8,32,20
110.05,239.24,32,20
103.68,237.8,32,20
103.2,239.24,32,20
103.2,239.24,32,20
103.2,239.24,32,20
103.2,239.24,32,20
103.2,239.24,32,20
103.2,239.24,32,20
103.2,239.24,32,20
103.2,239.24,32,20
103.2,239.24,32,20
103.2,239.24,32,20
103.2,239.24,32,20
103.2,239.24,32,20
103.2,239.24,32,20
103.2,239.24,32,20
103.2,239.24,32,20
103.2,239.24,32,20
103.2,239.24,32,20
103.2,239.24,32,20
103.2,239.24,32,20
103.2,239.24,32,20
103.2,239.24,32,20
115.35,229.57,32,20
115.35,229.57,32,20
115.2,224.57,32,20
115.2,224.57,32,20
115.2,224.57,32,20
115.2,224.57,32,20
129.43,217.51,32,20
129.43,217.51,32,20
129.43,217.51,32,20
129.43,217.51,32,20
129.43,217.51,32,20
129.43,217.51,32,20
148.1,237.26,32,20
131.3,241.91,32,20
135.4,239.24,32,20
124.7,237.8,32,20
128.4,241.32,32,20
126.1,235.74,32,20
142.5,237.8,32,20
142.2,237.15,32,20
135.68,237.15,32,20
135.2,232.97,32,20
132.82,210.09,32,20
132.9,210.06,32,20
159.88,230.94,32,20
164.05,224.79,32,20
178.43,217.51,32,20
171.9,235.2,32,20
149.07,214.18,32,20
130.22,203.62,32,20
149.1,231.49,32,20
149.1,231.49,32,20
175.88,236.86,32,20
186.28,218.35,32,20
186.2,238.26,32,20
185.9,239.86,32,20
204.57,220.44,32,20
204.57,220.44,32,20
204.57,220.44,32,20
197.9,217.63,32,20
187.53,216.69,32,20
197.7,217.74,32,20
197.2,216.69,32,20
192.75,217.74,32,20
198.5,218.74,32,20
189.8,236.2,32,20
198.2,212.09,32,20
197.9,218.32,32,20
218.65,236.2,32,20
209.8,218.35,32,20
228.57,230.03,32,20
224,238.41,32,20
199,235.74,32,20
186.45,217.23,32,20
186.2,216.69,32,20
186.2,216.69,32,20
179.68,236.26,32,20
198.1,217.23,32,20
197.9,216.69,32,20
197.9,217.74,32,20
195.82,216.69,32,20
197.97,219.8,32,20
216.57,236.76,32,20
233,237.8,32,20
255.73,232.97,32,20
255,235.15,32,20
255,235.15,32,20
255,235.15,32,20
251.35,235.06,32,20
251.35,235.06,32,20
257.1,237.15,32,20
257.57,237.15,32,20
255,232.97,32,20
255,232.97,32,20
255,232.97,32,20
255,232.97,32,20
255,232.97,32,20
255,232.97,32,20
255.5,226.79,32,20
252.9,233.91,32,20
253.43,227.79,32,20
213,220.51,32,20
212.9,219.69,32,20
212.9,220.74,32,20
204.6,219.69,32,20
204.2,216.63,32,20
204.2,216.63,32,20
205.97,217.74,32,20
205.9,218.74,32,20
203.82,234.14,32,20
203.9,219.44,32,20
203.9,218.69,32,20
199.75,217.69,32,20
203.4,218.74,32,20
199,217.69,32,20
196.82,216.69,32,20
192.75,236.26,32,20
211.1,239.86,32,20
227.5,237.15,32,20
212.5,237.15,32,20
203.8,237.15,32,20
203.9,237.15,32,20
203.9,237.15,32,20
203.9,237.15,32,20
205.97,230.88,32,20
205.9,231.06,32,20
224.57,237.32,32,20
211.6,231.63,32,20
221.7,236.86,32,20
221.2,237.15,32,20
214.68,237.15,32,20
228.9,235.06,32,20
228.9,235.06,32,20
228.9,230.88,32,20
218.52,231.06,32,20
207.7,235.24,32,20
192.5,241.91,32,20
213.2,235.06,32,20
229.5,230.88,32,20
218.7,235.24,32,20
211.9,235.74,32,20
211.9,237.8,32,20
211.9,237.15,32,20
207.75,232.97,32,20
224,235.15,32,20
213.53,237.15,32,20
206.9,237.15,32,20
223.5,237.15,32,20
216.9,237.15,32,20
221.05,232.97,32,20
220.9,233.06,32,20
220.9,235.15,32,20
231.27,230.88,32,20
229.1,226.88,32,20
249.65,204.09,32,20
229.8,231.21,32,20
254.8,232.74,32,20
214,233.74,32,20
193.15,236.8,32,20
213.65,237.15,32,20
215.3,237.15,32,20
236.2,235.06,32,20
235.9,235.06,32,20
227.6,237.15,32,20
225.1,230.88,32,20
204.15,237.32,32,20
197.68,219.29,32,20
197.2,220.74,32,20
196.9,219.69,32,20
201.05,237.2,32,20
200.9,237.15,32,20
205.05,232.97,32,20
221.5,237.24,32,20
206.5,221.34,32,20
197.8,218.63,32,20
193.75,217.69,32,20
178.5,218.74,32,20
169.8,234.14,32,20
155.38,231.97,32,20
176.2,236.24,32,20
157.22,233.69,32,20
157.2,234.74,32,20
150.68,235.74,32,20
158.6,231.63,32,20
164.5,236.86,32,20
164.2,237.15,32,20
186.72,237.15,32,20
167.3,237.15,32,20
158.8,237.15,32,20
158.9,237.15,32,20
152.68,237.15,32,20
173.2,232.97,32,20
172.9,235.15,32,20
172.9,235.06,32,20
189.5,235.06,32,20
193.4,230.88,32,20
182.7,233.15,32,20
182.2,233.06,32,20
175.68,233.06,32,20
166.8,237.24,32,20
185.57,233.69,32,20
189.4,216.23,32,20
191.3,232.14,32,20
191.2,236.24,32,20
180.53,225.46,32,20
192.8,237.03,32,20
211.57,237.15,32,20
228,237.15,32,20
229.98,235.06,32,20
229.9,237.15,32,20
229.9,237.15,32,20
213.3,237.15,32,20
223.7,237.15,32,20
216.9,237.15,32,20
216.9,237.15,32,20
221.05,237.15,32,20
220.9,237.15,32,20
218.82,224.62,32,20
216.82,236.03,32,20
198.22,232.97,32,20
212.9,237.24,32,20
206.68,221.34,32,20
206.2,220.69,32,20
197.6,232.03,32,20
197.2,234.15,32,20
209.35,238.24,32,20
188.2,233.69,32,20
177.53,240.91,32,20
179.3,237.15,32,20
179.2,237.15,32,20
178.9,237.15,32,20
183.05,230.88,32,20
191.2,237.32,32,20
176.38,235.74,32,20
176.2,235.74,32,20
169.68,237.8,32,20
179.7,237.15,32,20
156.1,237.15,32,20
155.9,237.15,32,20
151.75,230.88,32,20
151.2,237.32,32,20
150.9,221.34,32,20
150.9,220.69,32,20
146.75,238.2,32,20
150.4,235.06,32,20
156.5,230.88,32,20
156.2,231.06,32,20
151.75,222.71,32,20
151.2,229.91,32,20
157.13,236.32,32,20
150.68,227.51,32,20
152.3,228.74,32,20
152.2,229.74,32,20
151.9,230.74,32,20
151.9,227.63,32,20
151.9,228.74,32,20
151.9,227.69,32,20
151.9,228.74,32,20
151.9,231.8,32,20
151.9,229.97,32,20
151.9,234.24,32,20
153.97,233.69,32,20
153.9,234.74,32,20
153.9,237.8,32,20
153.9,237.8,32,20
153.9,237.8,32,20
153.9,237.8,32,20
153.9,237.8,32,20
153.9,237.8,32,20
131.07,237.15,32,20
106,237.15,32,20
99.675,237.15,32,20
86.6,235.06,32,20
103,235.06,32,20
102.9,235.06,32,20
115.35,224.62,32,20
132,233.97,32,20
136.05,236.15,32,20
156.65,237.15,32,20
179.3,230.88,32,20
189.7,235.24,32,20
195.5,233.69,32,20
197.3,228.57,32,20
182.5,233.86,32,20
173.8,238.24,32,20
165.6,231.63,32,20
186.2,228.63,32,20
192.13,235.91,32,20
192.13,235.91,32,20
191.9,237.15,32,20
191.9,237.15,32,20
196.05,239.24,32,20
202.13,235.74,32,20
195.68,237.8,32,20
195.2,232.97,32,20
182.45,239.32,32,20
175.9,235.74,32,20
167.6,237.8,32,20
152.5,232.97,32,20
137.5,237.24,32,20
141.4,237.8,32,20
158,235.06,32,20
157.9,235.06,32,20
139.22,224.62,32,20
132.9,229.86,32,20
132.9,227.97,32,20
132.9,228.06,32,20
153.65,234.32,32,20
134.3,233.69,32,20
117.4,230.63,32,20
144.5,235.86,32,20
129.5,237.15,32,20
129.5,237.15,32,20
116.6,237.15,32,20
116.2,237.15,32,20
122.13,232.97,32,20
128.13,235.15,32,20
111.3,237.15,32,20
111.2,237.15,32,20
94.3,235.06,32,20
87.9,235.06,32,20
108.65,232.97,32,20
125,233.06,32,20
149.8,235.15,32,20
137.45,237.15,32,20
143.5,237.15,32,20
143.2,237.15,32,20
128.38,232.97,32,20
138.7,226.79,32,20
155,227.74,32,20
175.65,234.91,32,20
175.2,237.15,32,20
160.38,237.15,32,20
187.5,237.15,32,20
187.2,237.15,32,20
164.07,237.15,32,20
139,232.97,32,20
134.75,233.06,32,20
151,235.15,32,20
136.38,237.15,32,20
142.5,237.15,32,20
152.7,232.97,32,20
169,237.24,32,20
173.05,233.69,32,20
172.9,236.8,32,20
183.28,237.15,32,20
158,235.06,32,20
166.2,232.97,32,20
172.13,237.24,32,20
198.88,233.69,32,20
225.88,236.8,32,20
223.82,235.06,32,20
223.9,239.24,32,20
225.98,237.8,32,20
223.82,237.15,32,20
211.45,235.06,32,20
196.5,237.15,32,20
196.2,237.15,32,20
195.9,237.15,32,20
191.75,235.06,32,20
187,235.06,32,20
168.22,232.97,32,20
168.2,233.06,32,20
153.38,237.24,32,20
157.4,235.74,32,20
157.2,233.69,32,20
156.9,236.8,32,20
175.57,230.88,32,20
166.8,233.15,32,20
148.22,237.24,32,20
148.2,237.8,32,20
149.97,235.06,32,20
145.75,237.15,32,20
149.4,230.88,32,20
149.2,231.06,32,20
150.97,237.32,32,20
132.22,235.74,32,20
123.8,235.74,32,20
115.6,237.8,32,20
102.6,235.06,32,20
95.9,235.06,32,20
93.825,230.88,32,20
93.9,231.06,32,20
100.13,224.79,32,20
104.05,233.97,32,20
114.28,231.97,32,20
93.2,234.15,32,20
72.15,236.15,32,20
82.275,232.97,32,20
86.4,233.06,32,20
69.4,226.79,32,20
75.5,229.8,32,20
64.7,227.97,32,20
85.2,230.15,32,20
84.9,230.06,32,20
84.9,234.24,32,20
74.525,229.57,32,20
93.1,226.63,32,20
107.43,233.91,32,20
132.4,238.24,32,20
134.3,235.74,32,20
134.2,235.74,32,20
133.9,235.74,32,20
117.3,237.8,32,20
110.9,237.15,32,20
115.05,230.88,32,20
114.9,231.06,32,20
98.3,237.32,32,20
94,233.69,32,20
112.57,230.63,32,20
118.5,233.8,32,20
118.2,236.15,32,20
101.3,230.88,32,20
101.2,237.32,32,20
100.9,231.63,32,20
100.9,232.74,32,20
100.9,237.86,32,20
121.65,235.06,32,20
119.1,237.15,32,20
100.22,232.97,32,20
100.2,237.24,32,20
87.45,237.8,32,20
87.2,235.06,32,20
64.075,235.06,32,20
61.825,214.18,32,20
41.15,232.85,32,20
40.9,233.06,32,20
40.9,233.06,32,20
40.9,235.15,32,20
45.05,232.97,32,20
44.9,233.06,32,20
38.675,235.15,32,20
27.7,235.06,32,20
12.5,237.15,32,20
37.4,230.88,32,20
58.2,226.88,32,20
64.125,235.41,32,20
78.425,237.8,32,20
101.3,230.88,32,20
80.2,237.32,32,20
79.9,237.8,32,20
84.05,237.15,32,20
83.9,237.15,32,20
92.2,237.15,32,20
85.675,239.24,32,20
60,237.8,32,20
37.075,237.15,32,20
61.8,237.15,32,20
80.575,237.15,32,20
61.3,237.15,32,20
61.2,237.15,32,20
60.9,235.06,32,20
81.65,237.15,32,20
79.1,237.15,32,20
78.9,237.15,32,20
74.75,226.71,32,20
74.2,233.91,32,20
73.9,227.79,32,20
96.725,234.91,32,20
79.4,228.79,32,20
58.2,233.86,32,20
68.275,236.15,32,20
68.2,230.88,32,20
67.9,237.32,32,20
51.3,237.8,32,20
70.1,237.15,32,20
69.9,237.15,32,20
94.8,237.15,32,20
72.075,232.97,32,20
57.375,237.24,32,20
57.2,235.74,32,20
61.05,235.74,32,20
60.9,233.69,32,20
60.9,234.74,32,20
54.675,235.74,32,20
54.2,235.74,32,20
37.3,227.51,32,20
43.5,236.97,32,20
43.2,237.15,32,20
63.65,235.06,32,20
69.5,237.15,32,20
50.3,235.06,32,20
64.9,237.15,32,20
60.75,226.71,32,20
51.8,235.97,32,20
74.725,232.97,32,20
82.6,233.06,32,20
80.1,235.15,32,20
100.65,237.15,32,20
104.4,232.97,32,20
104.2,233.06,32,20
89.375,237.24,32,20
93.4,235.74,32,20
93.2,233.69,32,20
92.9,234.74,32,20
105.35,237.8,32,20
101,235.06,32,20
92.6,237.15,32,20
109,237.15,32,20
104.75,226.71,32,20
106.3,227.74,32,20
102,236.97,32,20
118.5,237.15,32,20
135,237.15,32,20
149.43,237.15,32,20
163.9,237.15,32,20
163.9,237.15,32,20
165.97,235.06,32,20
182.5,235.06,32,20
199,237.15,32,20
198.9,237.15,32,20
190.6,237.15,32,20
200.7,232.97,32,20
200.2,235.15,32,20
179.15,235.06,32,20
183.05,230.88,32,20
199.5,237.32,32,20
182.4,235.74,32,20
165.4,229.57,32,20
165.2,230.74,32,20
144.15,233.8,32,20
143.9,236.15,32,20
143.9,228.79,32,20
143.9,229.74,32,20
143.9,236.91,32,20
143.9,216.26,32,20
143.9,215.69,32,20
148.05,237.31,32,20
160.35,233.69,32,20
160.2,234.74,32,20
151.6,225.46,32,20
168,230.86,32,20
151.3,237.32,32,20
136.5,237.8,32,20
115.2,230.88,32,20
119.05,235.24,32,20
125.13,233.69,32,20
112.45,236.8,32,20
133.2,228.79,32,20
132.9,229.74,32,20
132.9,230.74,32,20
147.43,235.86,32,20
147.2,237.15,32,20
144.82,235.06,32,20
142.82,228.79,32,20
118,231.8,32,20
138.65,229.97,32,20
131.9,236.32,32,20
131.9,237.8,32,20
123.6,235.06,32,20
104.3,235.06,32,20
118.9,237.15,32,20
118.9,226.71,32,20
120.97,233.91,32,20
127.13,238.24,32,20
120.68,237.8,32,20
116,237.15,32,20
124.2,237.15,32,20
123.9,237.15,32,20
123.9,235.06,32,20
132.2,214.18,32,20
140.2,237.03,32,20
139.9,237.15,32,20
158.57,232.97,32,20
162.4,235.15,32,20
149.6,239.24,32,20
149.2,237.8,32,20
144.75,237.15,32,20
133.7,232.97,32,20
147.9,237.24,32,20
147.9,237.8,32,20
149.97,235.06,32,20
143.68,235.06,32,20
143.2,237.15,32,20
142.9,237.15,32,20
157.43,230.88,32,20
153,237.32,32,20
157.05,235.74,32,20
156.9,235.74,32,20
156.9,233.69,32,20
175.57,230.63,32,20
189.9,235.86,32,20
189.9,237.15,32,20
196.13,237.15,32,20
191.75,212.09,32,20
176.5,235.03,32,20
176.2,235.06,32,20
182.13,237.15,32,20
181.9,237.15,32,20
186.05,232.97,32,20
185.9,233.06,32,20
179.68,237.24,32,20
160.3,233.69,32,20
181.2,236.8,32,20
180.9,237.15,32,20
174.68,237.15,32,20
157.4,230.88,32,20
157.2,233.15,32,20
156.9,233.06,32,20
156.9,233.06,32,20
156.9,235.15,32,20
144.45,230.88,32,20
144.2,231.06,32,20
143.9,233.15,32,20
143.9,233.06,32,20
154.28,230.97,32,20
154.2,231.06,32,20
160.13,235.24,32,20
149.53,233.69,32,20
149.2,216.23,32,20
136.45,236.26,32,20
144.6,237.8,32,20
148.4,237.15,32,20
150.3,235.06,32,20
150.2,235.06,32,20
141.6,228.79,32,20
143.3,235.91,32,20
126.4,235.06,32,20
126.2,232.97,32,20
105.15,237.24,32,20
109.05,237.8,32,20
108.9,237.15,32,20
108.9,237.15,32,20
104.75,237.15,32,20
127.3,237.15,32,20
116.7,230.88,32,20
116.2,231.06,32,20
120.05,218.53,32,20
105.38,234.14,32,20
107.3,231.97,32,20
107.2,232.06,32,20
129.72,236.24,32,20
146,237.8,32,20
147.97,237.15,32,20
147.9,237.15,32,20
139.6,232.97,32,20
143.4,235.15,32,20
130.6,235.06,32,20
136.5,235.06,32,20
142.5,237.15,32,20
152.7,235.06,32,20
148,237.15,32,20
147.9,237.15,32,20
172.8,235.06,32,20
170.82,224.62,32,20
164.68,229.86,32,20
160,232.15,32,20
159.9,234.15,32,20
159.9,234.06,32,20
176.5,236.15,32,20
184.6,235.06,32,20
192.6,237.15,32,20
213.2,235.06,32,20
210.82,232.97,32,20
196.38,233.06,32,20
187.8,235.15,32,20
204.5,237.15,32,20
200,230.88,32,20
181.22,237.32,32,20
206.4,229.57,32,20
199.9,230.74,32,20
199.9,233.8,32,20
199.9,234.06,32,20
179.15,231.97,32,20
172.68,234.15,32,20
153.3,238.24,32,20
161.6,237.8,32,20
159.1,237.15,32,20
165.13,237.15,32,20
162.82,237.15,32,20
162.9,237.15,32,20
160.82,235.06,32,20
165.05,230.88,32,20
152.45,237.32,32,20
166.9,237.8,32,20
185.57,230.88,32,20
164.2,237.32,32,20
155.6,235.74,32,20
157.3,227.51,32,20
157.2,228.74,32,20
175.57,235.91,32,20
158.4,235.06,32,20
158.2,235.06,32,20
137.15,237.15,32,20
141.05,237.15,32,20
140.9,235.06,32,20
140.9,235.06,32,20
167.88,237.15,32,20
143,237.15,32,20
149.13,230.88,32,20
148.9,231.06,32,20
148.9,228.97,32,20
148.9,233.24,32,20
134.38,236.8,32,20
117.4,237.15,32,20
117.2,235.06,32,20
104.45,237.15,32,20
100,237.15,32,20
99.9,237.15,32,20
122.72,232.97,32,20
122.2,218.44,32,20
142.65,236.2,32,20
165.3,237.15,32,20
152.6,237.15,32,20
145.9,235.06,32,20
125.15,237.15,32,20
124.9,232.97,32,20
141.5,237.24,32,20
134.9,235.74,32,20
159.8,231.63,32,20
159.9,232.74,32,20
155.75,235.8,32,20
146.8,237.15,32,20
146.9,237.15,32,20
144.82,235.06,32,20
165.65,237.15,32,20
182,235.06,32,20
181.9,237.15,32,20
186.05,237.15,32,20
179.68,237.15,32,20
164.5,237.15,32,20
155.8,232.97,32,20
160.05,235.15,32,20
182.72,237.15,32,20
207.4,235.06,32,20
205.1,230.88,32,20
223.57,212.26,32,20
221.1,232.26,32,20
220.9,231.69,32,20
210.53,232.74,32,20
233.3,237.86,32,20
214.3,232.97,32,20
214.2,233.06,32,20
203.53,237.24,32,20
192.7,233.69,32,20
209,234.74,32,20
213.05,229.57,32,20
223.27,236.91,32,20
219,235.06,32,20
229.27,235.06,32,20
218.7,235.06,32,20
211.9,237.15,32,20
218.13,232.97,32,20
217.9,233.06,32,20
224.13,235.15,32,20
215.6,226.71,32,20
223.6,235.97,32,20
206.4,230.88,32,20
195.7,231.06,32,20
195.2,231.06,32,20
174.15,235.24,32,20
173.9,233.69,32,20
173.9,234.74,32,20
182.2,235.74,32,20
181.9,227.51,32,20
171.53,234.91,32,20
185.9,235.06,32,20
208.72,235.06,32,20
214.5,235.06,32,20
214.2,235.06,32,20
215.97,237.15,32,20
207.6,237.15,32,20
196.7,237.15,32,20
196.2,237.15,32,20
214.57,235.06,32,20
224.7,235.06,32,20
207.4,237.15,32,20
207.2,237.15,32,20
190.3,230.88,32,20
169.2,237.32,32,20
173.05,235.74,32,20
172.9,235.74,32,20
172.9,233.69,32,20
187.43,234.74,32,20
187.2,237.8,32,20
166.15,232.97,32,20
155.53,237.24,32,20
144.7,227.51,32,20
144.2,234.91,32,20
143.9,235.06,32,20
133.53,230.88,32,20
156.3,233.15,32,20
147.8,237.24,32,20
147.9,235.74,32,20
147.9,237.8,32,20
156.2,235.06,32,20
160.05,235.06,32,20
159.9,235.06,32,20
180.65,237.15,32,20
184.4,232.97,32,20
201,237.24,32,20
200.9,237.8,32,20
205.05,232.97,32,20
204.9,233.06,32,20
204.9,235.15,32,20
204.9,235.06,32,20
223.57,232.97,32,20
202.2,226.79,32,20
218.5,229.8,32,20
218.2,236.32,32,20
203.38,237.8,32,20
230.5,237.15,32,20
213.4,235.06,32,20
213.2,235.06,32,20
202.53,230.88,32,20
195.9,237.32,32,20
195.9,237.8,32,20
202.13,237.15,32,20
197.75,235.06,32,20
201.4,235.06,32,20
222.2,230.88,32,20
221.9,231.06,32,20
217.75,237.32,32,20
206.7,235.74,32,20
189.4,233.69,32,20
189.2,232.69,32,20
190.97,235.8,32,20
172.22,235.06,32,20
176.4,232.97,32,20
176.2,233.06,32,20
202.88,237.24,32,20
202.9,237.8,32,20
182.15,230.88,32,20
181.9,231.06,32,20
192.28,237.32,32,20
190.1,235.74,32,20
196.13,235.74,32,20
195.9,235.74,32,20
202.13,235.74,32,20
214.35,235.74,32,20
207.9,235.74,32,20
205.82,229.57,32,20
222.5,236.91,32,20
201.2,232.97,32,20
205.05,233.06,32,20
204.9,233.06,32,20
204.9,237.24,32,20
211.13,237.8,32,20
223.35,237.15,32,20
240,235.06,32,20
228.52,230.88,32,20
207.2,212.26,32,20
208.97,234.31,32,20
225.5,237.8,32,20
214.7,237.15,32,20
199.5,237.15,32,20
188.7,235.06,32,20
196.6,235.06,32,20
196.2,237.15,32,20
187.6,237.15,32,20
197.7,237.15,32,20
197.2,237.15,32,20
213.5,237.15,32,20
221.6,230.88,32,20
200.2,233.15,32,20
199.9,233.06,32,20
195.75,237.24,32,20
182.6,235.74,32,20
184.3,237.8,32,20
182.1,230.88,32,20
181.9,226.88,32,20
179.82,237.5,32,20
192.35,233.69,32,20
185.9,234.74,32,20
192.13,235.74,32,20
191.9,235.74,32,20
181.53,235.74,32,20
183.3,221.34,32,20
195.8,235.09,32,20
195.9,237.15,32,20
202.13,232.97,32,20
201.9,233.06,32,20
187.38,237.24,32,20
191.4,235.74,32,20
201.7,235.74,32,20
184.4,233.69,32,20
184.2,236.8,32,20
204.65,232.97,32,20
212.6,212.18,32,20
212.2,212.06,32,20
207.75,193.26,32,20
194.6,186.51,32,20
194.2,187.74,32,20
173.15,188.74,32,20
172.9,189.74,32,20
154.22,211.31,32,20
150,237.43,32,20
149.9,233.69,32,20
131.22,234.74,32,20
137.5,237.8,32,20
133,237.15,32,20
147.43,237.15,32,20
134.6,235.06,32,20
134.2,237.15,32,20
142.2,230.88,32,20
156.43,231.06,32,20
137.3,237.32,32,20
137.2,233.69,32,20
116.15,236.8,32,20
115.9,237.15,32,20
126.28,235.06,32,20
115.7,235.06,32,20
104.7,228.79,32,20
118.9,231.8,32,20
118.9,236.24,32,20
123.05,237.8,32,20
112.53,235.06,32,20
133.2,232.97,32,20
149.5,235.15,32,20
134.5,237.15,32,20
127.9,232.97,32,20
127.9,233.06,32,20
132.05,237.24,32,20
144.35,233.69,32,20
144.2,234.74,32,20
135.6,225.46,32,20
137.3,234.97,32,20
143.5,237.15,32,20
136.9,237.15,32,20
136.9,237.15,32,20
141.05,232.97,32,20
140.9,235.15,32,20
124.3,235.06,32,20
115.8,228.79,32,20
138.72,235.91,32,20
144.5,232.97,32,20
137.9,235.15,32,20
123.38,237.15,32,20
112.7,235.06,32,20
133.2,235.06,32,20
145.35,237.15,32,20
145.2,237.15,32,20
140.75,226.71,32,20
131.8,235.97,32,20
133.97,235.06,32,20
133.9,235.06,32,20
113.15,235.06,32,20
94.225,237.15,32,20
111,235.06,32,20
110.9,235.06,32,20
121.28,237.15,32,20
125.4,232.97,32,20
118.9,235.15,32,20
118.9,235.06,32,20
135.5,237.15,32,20
143.6,237.15,32,20
160,232.97,32,20
159.9,226.79,32,20
159.9,227.74,32,20
159.9,234.91,32,20
149.53,230.88,32,20
147.1,218.53,32,20
161.43,234.14,32,20
154.9,234.06,32,20
132.07,238.24,32,20
131.9,237.8,32,20
133.97,235.06,32,20
150.5,235.06,32,20
133.4,237.15,32,20
143.7,237.15,32,20
160,237.15,32,20
137.07,237.15,32,20
124.45,232.97,32,20
109.5,233.06,32,20
94.5,235.15,32,20
92.1,235.06,32,20
102.28,237.15,32,20
102.2,232.97,32,20
91.525,237.24,32,20
80.7,233.69,32,20
80.2,234.74,32,20
79.9,235.74,32,20
100.65,237.8,32,20
112.8,237.15,32,20
135.72,237.15,32,20
143.6,237.15,32,20
155.8,226.71,32,20
153.82,233.91,32,20
151.82,238.24,32,20
149.82,233.69,32,20
149.9,236.8,32,20
147.82,232.97,32,20
143.75,237.24,32,20
160,227.51,32,20
164.05,236.97,32,20
157.68,237.15,32,20
165.6,235.06,32,20
173.6,235.06,32,20
200.5,235.06,32,20
198.1,230.88,32,20
187.53,235.24,32,20
187.2,237.8,32,20
207.65,228.79,32,20
230.3,235.91,32,20
230.2,237.15,32,20
229.9,237.15,32,20
221.6,226.71,32,20
196,233.91,32,20
202.13,234.06,32,20
195.68,238.24,32,20
182.6,235.74,32,20
203.2,237.8,32,20
184.22,232.97,32,20
184.2,233.06,32,20
183.9,235.15,32,20
204.65,232.97,32,20
197.9,222.62,32,20
220.73,234.03,32,20
230.7,236.15,32,20
223.9,237.15,32,20
223.9,232.97,32,20
223.9,233.06,32,20
217.68,235.15,32,20
225.6,235.06,32,20
229.4,235.06,32,20
229.2,235.06,32,20
229.2,235.06,32,20
212.3,232.97,32,20
212.2,237.24,32,20
203.6,231.63,32,20
203.2,232.74,32,20
202.9,233.74,32,20
207.05,234.74,32,20
206.9,235.74,32,20
206.9,237.8,32,20
217.27,237.15,32,20
221.4,232.97,32,20
221.2,233.06,32,20
237.5,235.15,32,20
224.6,230.88,32,20
224.2,226.88,32,20
223.9,227.06,32,20
230.13,235.41,32,20
219.52,229.57,32,20
219.2,230.74,32,20
202.3,235.86,32,20
214.8,237.15,32,20
212.82,235.06,32,20
198.38,232.97,32,20
198.2,237.24,32,20
195.82,235.74,32,20
204.2,237.8,32,20
191.45,235.06,32,20
191.2,237.15,32,20
184.68,235.06,32,20
205.2,230.88,32,20
204.9,233.15,32,20
225.65,230.97,32,20
221,233.15,32,20
220.9,235.15,32,20
200.15,237.15,32,20
199.9,235.06,32,20
214.43,232.97,32,20
228.9,235.15,32,20
228.9,235.15,32,20
228.9,235.15,32,20
224.75,235.06,32,20
224.2,235.06,32,20
234.27,232.97,32,20
234.2,233.06,32,20
234.2,233.06,32,20
227.68,235.15,32,20
235.6,232.97,32,20
235.2,233.06,32,20
214.15,237.24,32,20
203.53,237.8,32,20
207.4,237.15,32,20
207.2,237.15,32,20
217.27,237.15,32,20
221.4,232.97,32,20
214.9,235.15,32,20
200.38,235.06,32,20
206.5,235.06,32,20
191.5,230.88,32,20
212.2,237.32,32,20
207.75,211.06,32,20
226.1,234.03,32,20
209.3,236.15,32,20
213.4,235.06,32,20
215.3,237.15,32,20
219.4,232.97,32,20
221.3,226.79,32,20
212.8,233.91,32,20
204.6,238.24,32,20
193.7,233.69,32,20
191.1,236.8,32,20
168.07,226.71,32,20
167.9,233.91,32,20
178.28,236.15,32,20
182.4,228.79,32,20
205.3,233.86,32,20
205.2,231.97,32,20
204.9,234.15,32,20
204.9,234.06,32,20
190.38,236.15,32,20
190.38,236.15,32,20
204.9,237.15,32,20
213.2,237.15,32,20
225.35,235.06,32,20
202.1,230.88,32,20
208.13,235.24,32,20
193.38,235.74,32,20
193.2,237.8,32,20
192.9,237.15,32,20
211.57,237.15,32,20
219.6,232.97,32,20
219.2,237.24,32,20
223.05,235.74,32,20
222.9,235.74,32,20
206.3,237.8,32,20
216.7,237.15,32,20
216.2,235.06,32,20
199.3,232.97,32,20
222.3,237.24,32,20
199.1,235.74,32,20
198.9,235.74,32,20
205.13,235.74,32,20
219.43,235.74,32,20
204.5,237.8,32,20
204.2,237.15,32,20
197.68,232.97,32,20
190.9,237.24,32,20
182.6,235.74,32,20
192.7,237.8,32,20
192.7,237.8,32,20
196.4,237.15,32,20
215.1,235.06,32,20
214.9,235.06,32,20
192.07,235.06,32,20
192.07,235.06,32,20
189.82,235.06,32,20
189.9,235.06,32,20
169.15,237.15,32,20
189.65,232.97,32,20
189.65,232.97,32,20
206,235.15,32,20
207.97,230.88,32,20
214.13,233.15,32,20
220.13,237.24,32,20
219.9,235.74,32,20
226.13,235.74,32,20
223.82,233.69,32,20
230.13,236.8,32,20
223.68,237.15,32,20
212.7,235.06,32,20
212.2,230.88,32,20
211.9,237.32,32,20
211.9,237.8,32,20
218.13,232.97,32,20
203.38,237.24,32,20
207.4,235.74,32,20
207.2,233.69,32,20
223.5,236.8,32,20
216.9,237.15,32,20
221.05,232.97,32,20
220.9,233.06,32,20
214.68,235.15,32,20
220.5,235.06,32,20
224.4,232.97,32,20
224.2,233.06,32,20
223.9,226.79,32,20
223.9,227.74,32,20
213.53,232.86,32,20
213.2,233.06,32,20
192.15,237.24,32,20
191.9,235.74,32,20
196.05,235.74,32,20
195.9,235.74,32,20
202.13,231.63,32,20
195.68,236.86,32,20
207.8,237.15,32,20
203.75,232.97,32,20
217.9,235.15,32,20
217.9,235.06,32,20
215.82,232.97,32,20
209.68,235.15,32,20
184,235.06,32,20
204.65,232.97,32,20
189.5,235.15,32,20
189.2,235.06,32,20
188.9,235.06,32,20
213.8,232.97,32,20
203.53,235.15,32,20
186.4,230.88,32,20
179.9,237.32,32,20
161.22,237.8,32,20
167.5,237.15,32,20
144.1,237.15,32,20
150.13,232.97,32,20
154.05,230.97,32,20
164.28,237.32,32,20
166.3,235.74,32,20
166.2,233.69,32,20
176.28,234.74,32,20
159.4,235.74,32,20
159.2,237.8,32,20
158.9,237.15,32,20
185.88,237.15,32,20
183.82,235.06,32,20
190.13,235.06,32,20
189.9,235.06,32,20
206.5,210,32,20
208.3,233.03,32,20
208.2,226.79,32,20
228.65,227.74,32,20
228.2,236.97,32,20
209.22,235.06,32,20
198.7,237.15,32,20
198.2,237.15,32,20
191.68,237.15,32,20
203.8,232.97,32,20
191.45,216.35,32,20
203.8,234.2,32,20
191.45,234.06,32,20
172.3,236.15,32,20
176.4,235.06,32,20
201.4,235.06,32,20
222.2,237.15,32,20
221.9,235.06,32,20
217.75,237.15,32,20
221.4,232.97,32,20
221.2,235.15,32,20
220.9,235.06,32,20
214.68,237.15,32,20
214.2,230.88,32,20
193.15,233.15,32,20
192.9,233.06,32,20
203.28,237.24,32,20
203.2,227.51,32,20
209.13,234.91,32,20
213.05,235.06,32,20
219.13,235.06,32,20
220.98,226.71,32,20
220.9,235.97,32,20
212.6,237.15,32,20
203.8,237.15,32,20
208.05,235.06,32,20
207.9,235.06,32,20
191.3,237.15,32,20
184.9,235.06,32,20
201.5,237.15,32,20
194.9,230.88,32,20
194.9,231.06,32,20
194.9,233.15,32,20
176.22,230.97,32,20
176.2,231.06,32,20
182.13,231.06,32,20
196.43,228.97,32,20
173.1,237.41,32,20
160.45,227.51,32,20
170.7,226.69,32,20
170.2,227.74,32,20
176.13,234.91,32,20
175.9,235.06,32,20
165.53,230.88,32,20
186.2,228.97,32,20
192.13,237.41,32,20
191.9,237.8,32,20
191.9,237.15,32,20
200.2,237.15,32,20
220.65,226.71,32,20
220.2,233.91,32,20
211.6,236.15,32,20
202.8,232.97,32,20
223.65,218.44,32,20
202.2,232.09,32,20
214.35,236.24,32,20
207.9,233.69,32,20
224.5,234.74,32,20
207.4,235.74,32,20
203,237.8,32,20
221.57,230.88,32,20
200.2,233.15,32,20
199.9,233.06,32,20
216.5,237.24,32,20
233,233.69,32,20
232.9,234.74,32,20
237.05,233.69,32,20
236.9,232.69,32,20
230.68,235.8,32,20
215.5,235.06,32,20
221.5,235.06,32,20
208.6,230.88,32,20
208.2,231.06,32,20
207.9,231.06,32,20
224.5,233.15,32,20
224.2,233.06,32,20
223.9,233.06,32,20
225.98,237.24,32,20
225.9,235.74,32,20
223.82,235.74,32,20
223.9,235.74,32,20
213.53,233.69,32,20
213.2,230.63,32,20
214.97,235.86,32,20
214.9,237.15,32,20
212.82,232.97,32,20
227.43,237.24,32,20
220.9,237.8,32,20
196,237.15,32,20
195.9,237.15,32,20
197.97,235.06,32,20
175.07,237.15,32,20
191.5,237.15,32,20
208,237.15,32,20
195.45,235.06,32,20
209.9,235.06,32,20
195.38,235.06,32,20
184.7,235.06,32,20
184.2,235.06,32,20
183.9,237.15,32,20
165.22,237.15,32,20
150.5,232.97,32,20
148.1,230.97,32,20
164.5,231.06,32,20
170.5,226.88,32,20
176.5,235.41,32,20
176.2,235.74,32,20
196.65,233.69,32,20
196.2,230.63,32,20
197.97,231.74,32,20
187.53,234.8,32,20
204,235.06,32,20
195.6,237.15,32,20
212,237.15,32,20
220.2,237.15,32,20
230.27,235.06,32,20
230.2,235.06,32,20
231.98,232.97,32,20
231.9,233.06,32,20
231.9,233.06,32,20
217.38,237.24,32,20
217.2,237.8,32,20
221.05,232.97,32,20
220.9,233.06,32,20
206.38,235.15,32,20
189.4,237.15,32,20
195.5,237.15,32,20
195.2,237.15,32,20
182.45,232.97,32,20
182.2,233.06,32,20
173.6,237.24,32,20
150.1,233.69,32,20
160.28,236.8,32,20
153.9,235.06,32,20
160.13,235.06,32,20
159.9,235.06,32,20
176.5,235.06,32,20
176.2,235.06,32,20
184.2,237.15,32,20
177.68,235.06,32,20
173,226.71,32,20
164.6,235.97,32,20
164.2,237.15,32,20
163.9,237.15,32,20
145.22,232.97,32,20
145.2,233.06,32,20
144.9,235.15,32,20
144.9,235.06,32,20
153.2,235.06,32,20
136.3,232.97,32,20
136.2,233.06,32,20
121.38,237.24,32,20
129.6,237.8,32,20
131.3,237.15,32,20
141.7,235.06,32,20
143.3,230.88,32,20
143.2,224.79,32,20
159.5,225.74,32,20
148.7,230.86,32,20
154.5,226.88,32,20
154.2,227.06,32,20
160.13,235.41,32,20
159.9,235.74,32,20
145.38,237.8,32,20
149.4,235.06,32,20
132.4,232.97,32,20
132.2,237.24,32,20
115.3,237.8,32,20
102.6,235.06,32,20
102.2,235.06,32,20
99.825,232.97,32,20
104.05,233.06,32,20
103.9,233.06,32,20
103.9,228.88,32,20
116.35,237.41,32,20
109.9,237.8,32,20
120.28,237.15,32,20
134.9,235.06,32,20
132.82,230.88,32,20
139.13,237.32,32,20
138.9,237.8,32,20
147.2,226.71,32,20
144.82,235.97,32,20
128.3,235.06,32,20
134.5,237.15,32,20
134.2,237.15,32,20
138.05,235.06,32,20
156.57,226.71,32,20
173,235.97,32,20
179.13,237.15,32,20
170.6,232.97,32,20
176.5,235.15,32,20
186.7,235.06,32,20
192.5,237.15,32,20
190.1,230.88,32,20
194.05,231.06,32,20
220.88,237.32,32,20
204.3,229.57,32,20
189.5,234.86,32,20
178.7,232.97,32,20
184.5,237.24,32,20
175.8,231.63,32,20
182.13,232.74,32,20
181.9,237.86,32,20
177.75,237.15,32,20
170.9,230.88,32,20
191.65,235.24,32,20
178.6,237.8,32,20
165.6,230.88,32,20
179.9,235.24,32,20
192.35,237.8,32,20
173.3,226.71,32,20
164.8,233.91,32,20
140,236.15,32,20
139.9,237.15,32,20
139.9,237.15,32,20
158.57,237.15,32,20
175,237.15,32,20
168.68,237.15,32,20
195.5,230.88,32,20
195.2,231.06,32,20
221.88,235.24,32,20
201.15,235.74,32,20
194.68,233.69,32,20
192.1,230.63,32,20
187.75,235.86,32,20
187.2,230.88,32,20
186.9,231.06,32,20
176.53,235.24,32,20
182.5,235.74,32,20
192.7,237.8,32,20
192.2,237.15,32,20
196.05,232.97,32,20
195.9,237.24,32,20
179.3,237.8,32,20
156.1,232.97,32,20
166.28,235.15,32,20
153.6,235.06,32,20
153.2,237.15,32,20
152.9,237.15,32,20
152.9,237.15,32,20
163.28,237.15,32,20
173.7,235.06,32,20
173.2,235.06,32,20
185.35,237.15,32,20
168.4,237.15,32,20
189.2,237.15,32,20
180.6,237.15,32,20
203.3,237.15,32,20
192.7,235.06,32,20
206.9,237.15,32,20
215.2,237.15,32,20
198.3,237.15,32,20
212.9,232.97,32,20
196.3,235.15,32,20
196.2,235.06,32,20
204.2,235.06,32,20
187.3,237.15,32,20
206.1,230.88,32,20
205.9,231.06,32,20
205.9,231.06,32,20
232.88,237.32,32,20
228.75,237.8,32,20
211.4,232.97,32,20
207,235.15,32,20
190.3,235.06,32,20
171.3,235.06,32,20
171.2,235.06,32,20
172.97,237.15,32,20
193.65,237.15,32,20
176.4,235.06,32,20
176.2,235.06,32,20
196.65,230.88,32,20
181.5,235.24,32,20
183.3,237.8,32,20
164.3,232.97,32,20
164.2,237.24,32,20
155.6,235.74,32,20
165.7,235.74,32,20
167.3,225.46,32,20
165.1,237.03,32,20
183.57,232.97,32,20
193.7,237.24,32,20
193.2,237.8,32,20
205.35,232.97,32,20
205.2,235.15,32,20
204.9,235.06,32,20
204.9,235.06,32,20
229.8,232.97,32,20
229.9,233.06,32,20
219.52,237.24,32,20
219.2,231.63,32,20
208.53,234.8,32,20
229.2,235.06,32,20
208.15,230.88,32,20
207.9,237.32,32,20
183,237.8,32,20
195.35,237.15,32,20
186.8,232.97,32,20
186.9,235.15,32,20
176.53,235.06,32,20
176.2,235.06,32,20
184.2,230.88,32,20
173.53,233.15,32,20
185.8,237.24,32,20
210.8,231.63,32,20
204.68,232.74,32,20
221,233.74,32,20
220.9,234.74,32,20
222.98,231.63,32,20
235.35,236.86,32,20
235.2,237.15,32,20
218.3,230.88,32,20
224.5,235.24,32,20
230.5,235.74,32,20
230.2,235.74,32,20
229.9,237.8,32,20
229.9,237.8,32,20
227.82,237.15,32,20
227.9,237.15,32,20
229.98,235.06,32,20
229.9,237.15,32,20
231.98,226.71,32,20
223.6,235.97,32,20
223.2,237.15,32,20
216.68,237.15,32,20
205.7,232.97,32,20
205.2,233.06,32,20
204.9,235.15,32,20
204.9,235.06,32,20
223.57,232.97,32,20
223.2,237.24,32,20
204.22,237.8,32,20
223.1,235.06,32,20
208.38,235.06,32,20
208.2,228.79,32,20
212.05,233.86,32,20
213.97,231.97,32,20
213.9,238.32,32,20
