125,95,28,71
123.27,90.5,28,71
126.94,93.568,28,71
125.27,92.909,28,71
128.94,91.909,28,71
127.27,87.25,28,71
123.56,86.909,28,71
115.88,85.909,28,71
107.88,84.909,28,71
103.56,83.909,28,71
103.25,82.909,28,71
106.94,85.568,28,71
105.27,84.909,28,71
120,91.227,28,71
125.48,90.909,28,71
132.63,93.568,28,71
135.94,92.909,28,71
134.27,95.568,28,71
134.25,94.909,28,71
134.25,93.909,28,71
134.25,92.909,28,71
134.25,91.909,28,71
134.25,94.568,28,71
137.94,93.909,28,71
139.88,92.909,28,71
139.25,91.909,28,71
139.25,90.909,28,71
135.56,93.568,28,71
135.25,92.909,28,71
135.25,91.909,28,71
135.25,90.909,28,71
135.25,89.909,28,71
135.25,88.909,28,71
131.56,87.909,28,71
134.94,86.909,28,71
133.27,89.568,28,71
136.94,88.909,28,71
135.27,87.909,28,71
138.94,86.909,28,71
137.27,85.909,28,71
137.25,88.568,28,71
140.94,87.909,28,71
139.27,86.909,28,71
139.25,85.909,28,71
139.25,88.568,28,71
139.25,87.909,28,71
139.25,86.909,28,71
139.25,89.568,28,71
139.25,88.909,28,71
139.25,91.568,28,71
135.56,90.909,28,71
135.25,89.909,28,71
135.25,88.909,28,71
135.25,91.568,28,71
135.25,90.909,28,71
135.25,89.909,28,71
135.25,92.568,28,71
135.25,91.909,28,71
135.25,94.568,28,71
135.25,93.909,28,71
135.25,92.909,28,71
135.25,91.909,28,71
138.94,94.568,28,71
137.27,93.909,28,71
137.25,92.909,28,71
137.25,91.909,28,71
137.25,94.568,28,71
137.25,93.909,28,71
137.25,92.909,28,71
137.25,91.909,28,71
137.25,90.909,28,71
137.25,93.568,28,71
137.25,92.909,28,71
137.25,91.909,28,71
137.25,94.568,28,71
137.25,93.909,28,71
137.25,92.909,28,71
140.94,95.568,28,71
139.27,94.909,28,71
139.25,93.909,28,71
139.25,92.909,28,71
139.25,91.909,28,71
139.25,94.568,28,71
139.25,93.909,28,71
139.25,96.568,28,71
139.25,95.909,28,71
139.25,94.909,28,71
139.25,93.909,28,71
139.25,92.909,28,71
135.56,91.909,28,71
138.94,94.568,28,71
137.27,93.909,28,71
140.94,92.909,28,71
139.27,91.909,28,71
139.25,90.909,28,71
139.25,93.568,28,71
139.25,92.909,28,71
139.25,91.909,28,71
139.25,94.568,28,71
139.25,93.909,28,71
139.25,92.909,28,71
139.25,95.568,28,71
139.25,94.909,28,71
135.56,93.909,28,71
135.25,92.909,28,71
135.25,91.909,28,71
138.94,94.568,28,71
137.27,93.909,28,71
137.25,92.909,28,71
137.25,91.909,28,71
137.25,94.568,28,71
137.25,93.909,28,71
137.25,92.909,28,71
137.25,91.909,28,71
137.25,90.909,28,71
137.25,89.909,28,71
140.94,92.568,28,71
139.27,91.909,28,71
142.94,94.568,28,71
141.27,93.909,28,71
141.25,92.909,28,71
141.25,91.909,28,71
141.25,90.909,28,71
141.25,93.568,28,71
141.25,92.909,28,71
141.25,91.909,28,71
141.25,94.568,28,71
141.25,93.909,28,71
141.25,92.909,28,71
141.25,95.568,28,71
141.25,94.909,28,71
141.25,93.909,28,71
141.25,96.568,28,71
141.25,95.909,28,71
141.25,94.909,28,71
141.25,93.909,28,71
137.56,92.909,28,71
137.25,91.909,28,71
137.25,90.909,28,71
140.94,93.568,28,71
139.27,92.909,28,71
139.25,91.909,28,71
139.25,90.909,28,71
139.25,89.909,28,71
142.94,92.568,28,71
141.27,91.909,28,71
141.25,90.909,28,71
141.25,89.909,28,71
141.25,92.568,28,71
141.25,91.909,28,71
141.25,90.909,28,71
141.25,93.568,28,71
141.25,92.909,28,71
141.25,91.909,28,71
141.25,94.568,28,71
141.25,93.909,28,71
141.25,92.909,28,71
141.25,91.909,28,71
141.25,90.909,28,71
141.25,89.909,28,71
141.25,92.568,28,71
141.25,91.909,28,71
141.25,90.909,28,71
141.25,89.909,28,71
141.25,92.568,28,71
141.25,91.909,28,71
141.25,90.909,28,71
141.25,89.909,28,71
141.25,92.568,28,71
141.25,91.909,28,71
141.25,90.909,28,71
141.25,89.909,28,71
141.25,92.568,28,71
141.25,91.909,28,71
141.25,90.909,28,71
141.25,89.909,28,71
137.56,88.909,28,71
137.25,87.909,28,71
137.25,86.909,28,71
137.25,89.568,28,71
137.25,88.909,28,71
137.25,87.909,28,71
144.63,90.568,28,71
151.63,89.909,28,71
158.63,88.909,28,71
158.25,87.909,28,71
158.25,86.909,28,71
154.56,89.568,28,71
146.88,88.909,28,71
149.94,91.568,28,71
151.88,90.909,28,71
154.94,89.909,28,71
149.67,88.909,28,71
145.56,87.909,28,71
141.56,86.909,28,71
137.56,89.568,28,71
137.25,85.25,28,71
137.25,84.909,28,71
133.56,83.909,28,71
133.25,82.909,28,71
133.25,81.909,28,71
133.25,80.909,28,71
133.25,79.909,28,71
136.94,78.909,28,71
135.27,77.909,28,71
138.94,76.909,28,71
140.88,79.568,28,71
143.94,78.909,28,71
142.27,77.909,28,71
142.25,76.909,28,71
145.94,75.909,28,71
147.88,78.568,28,71
154.63,81.568,28,71
157.94,80.909,28,71
159.88,83.568,28,71
162.94,82.909,28,71
164.88,81.909,28,71
164.25,84.568,28,71
160.56,83.909,28,71
160.25,86.568,28,71
163.94,85.909,28,71
165.88,84.909,28,71
168.94,87.568,28,71
163.67,86.909,28,71
166.94,85.909,28,71
168.88,84.909,28,71
171.94,83.909,28,71
170.27,82.909,28,71
170.25,81.909,28,71
170.25,80.909,28,71
173.94,83.568,28,71
175.88,82.909,28,71
178.94,81.909,28,71
180.88,84.568,28,71
180.25,83.909,28,71
180.25,82.909,28,71
183.94,81.909,28,71
182.27,80.909,28,71
182.25,79.909,28,71
182.25,78.909,28,71
182.25,77.909,28,71
182.25,76.909,28,71
182.25,75.909,28,71
182.25,78.568,28,71
182.25,81.568,28,71
185.94,84.568,28,71
184.27,83.909,28,71
184.25,82.909,28,71
184.25,81.909,28,71
184.25,80.909,28,71
180.56,83.568,28,71
180.25,82.909,28,71
180.25,81.909,28,71
180.25,84.568,28,71
180.25,80.25,28,71
180.25,79.909,28,71
180.25,82.568,28,71
180.25,81.909,28,71
180.25,84.568,28,71
180.25,87.568,28,71
180.25,83.25,28,71
180.25,82.909,28,71
183.94,81.909,28,71
182.27,80.909,28,71
182.25,79.909,28,71
185.94,82.568,28,71
184.27,81.909,28,71
184.25,84.568,28,71
184.25,83.909,28,71
184.25,82.909,28,71
180.56,81.909,28,71
180.25,80.909,28,71
195,83.568,28,71
193.27,82.909,28,71
178.5,81.909,28,71
178.25,80.909,28,71
178.25,79.909,28,71
178.25,78.909,28,71
181.94,81.568,28,71
180.27,80.909,28,71
183.94,83.568,28,71
182.27,82.909,28,71
185.94,81.909,28,71
184.27,84.568,28,71
187.94,83.909,28,71
189.88,90.227,28,71
192.94,89.909,28,71
191.27,88.909,28,71
194.94,87.909,28,71
193.27,86.909,28,71
196.94,85.909,28,71
198.88,84.909,28,71
201.94,83.909,28,71
203.88,82.909,28,71
206.94,81.909,28,71
208.88,80.909,28,71
211.94,79.909,28,71
210.27,78.909,28,71
206.56,77.909,28,71
202.56,80.568,28,71
202.25,83.568,28,71
202.25,82.909,28,71
198.56,89.227,28,71
194.56,88.909,28,71
190.56,87.909,28,71
190.25,86.909,28,71
190.25,89.568,28,71
190.25,88.909,28,71
186.56,84.25,28,71
186.25,83.909,28,71
182.56,86.568,28,71
182.25,85.909,28,71
182.25,84.909,28,71
182.25,83.909,28,71
182.25,82.909,28,71
182.25,85.568,28,71
185.94,84.909,28,71
184.27,87.568,28,71
184.25,83.25,28,71
184.25,82.909,28,71
184.25,81.909,28,71
184.25,84.568,28,71
187.94,80.25,28,71
186.27,87.227,28,71
186.25,83.25,28,71
186.25,82.909,28,71
186.25,89.227,28,71
189.94,81.591,28,71
188.27,91.886,28,71
191.94,90.909,28,71
190.27,89.909,28,71
190.25,88.909,28,71
193.94,91.568,28,71
195.88,90.909,28,71
198.94,93.568,28,71
200.88,92.909,28,71
200.25,95.568,28,71
200.25,98.568,28,71
200.25,101.57,28,71
203.94,100.91,28,71
202.27,99.909,28,71
202.25,102.57,28,71
202.25,105.57,28,71
202.25,101.25,28,71
202.25,104.57,28,71
202.25,103.91,28,71
202.25,102.91,28,71
205.94,105.57,28,71
207.88,104.91,28,71
207.25,107.57,28,71
210.94,106.91,28,71
209.27,105.91,28,71
209.25,108.57,28,71
209.25,107.91,28,71
209.25,106.91,28,71
209.25,105.91,28,71
183.44,108.57,28,71
183.25,107.91,28,71
183.25,106.91,28,71
183.25,109.57,28,71
183.25,108.91,28,71
183.25,107.91,28,71
183.25,106.91,28,71
186.94,109.57,28,71
185.27,108.91,28,71
188.94,111.57,28,71
187.27,110.91,28,71
190.94,109.91,28,71
189.27,112.57,28,71
189.25,111.91,28,71
192.94,110.91,28,71
191.27,113.57,28,71
194.94,109.25,28,71
193.27,116.23,28,71
196.94,115.91,28,71
195.27,114.91,28,71
198.94,113.91,28,71
197.27,112.91,28,71
197.25,115.57,28,71
197.25,114.91,28,71
200.94,113.91,28,71
199.27,109.25,28,71
199.25,108.91,28,71
199.25,107.91,28,71
199.25,106.91,28,71
199.25,105.91,28,71
202.94,108.57,28,71
201.27,107.91,28,71
204.94,106.91,28,71
203.27,105.91,28,71
203.25,104.91,28,71
206.94,103.91,28,71
205.27,102.91,28,71
205.25,101.91,28,71
201.56,100.91,28,71
201.25,103.57,28,71
201.25,102.91,28,71
204.94,101.91,28,71
203.27,104.57,28,71
206.94,107.57,28,71
205.27,106.91,28,71
205.25,105.91,28,71
208.94,104.91,28,71
210.88,107.57,28,71
210.25,106.91,28,71
210.25,105.91,28,71
210.25,108.57,28,71
213.94,104.25,28,71
212.27,103.91,28,71
212.25,102.91,28,71
212.25,105.57,28,71
208.56,101.25,28,71
208.25,100.91,28,71
211.94,99.909,28,71
210.27,98.909,28,71
210.25,101.57,28,71
210.25,100.91,28,71
210.25,103.57,28,71
213.94,102.91,28,71
212.27,105.57,28,71
212.25,104.91,28,71
212.25,103.91,28,71
212.25,102.91,28,71
215.94,101.91,28,71
214.27,100.91,28,71
214.25,103.57,28,71
214.25,102.91,28,71
214.25,101.91,28,71
217.94,100.91,28,71
216.27,103.57,28,71
216.25,102.91,28,71
216.25,101.91,28,71
219.94,100.91,28,71
218.27,103.57,28,71
218.25,102.91,28,71
221.94,101.91,28,71
223.88,100.91,28,71
223.25,103.57,28,71
223.25,102.91,28,71
223.25,101.91,28,71
226.94,100.91,28,71
228.88,99.909,28,71
228.25,102.57,28,71
231.94,105.57,28,71
230.27,101.25,28,71
233.94,100.91,28,71
232.27,103.57,28,71
235.94,102.91,28,71
237.88,101.91,28,71
237.25,104.57,28,71
237.25,103.91,28,71
240.94,102.91,28,71
242.48,105.57,28,71
244.63,104.91,28,71
244.63,107.57,28,71
244.63,106.91,28,71
244.63,102.25,28,71
248.31,105.57,28,71
248.31,104.91,28,71
248.31,103.91,28,71
248.31,102.91,28,71
248.31,105.57,28,71
248.31,104.91,28,71
248.31,103.91,28,71
240.94,106.57,28,71
199.21,98.591,28,71
199.25,97.909,28,71
199.25,96.909,28,71
199.25,99.568,28,71
199.25,98.909,28,71
199.25,97.909,28,71
199.25,96.909,28,71
202.94,95.909,28,71
201.27,94.909,28,71
204.94,93.909,28,71
203.27,96.568,28,71
203.25,95.909,28,71
203.25,94.909,28,71
203.25,93.909,28,71
210.63,92.909,28,71
206.56,91.909,28,71
206.25,98.227,28,71
206.25,94.25,28,71
206.25,93.909,28,71
206.25,92.909,28,71
213.63,91.909,28,71
209.56,90.909,28,71
209.25,93.568,28,71
209.25,92.909,28,71
209.25,91.909,28,71
209.25,90.909,28,71
209.25,93.568,28,71
209.25,92.909,28,71
209.25,91.909,28,71
209.25,90.909,28,71
209.25,89.909,28,71
209.25,88.909,28,71
209.25,91.568,28,71
209.25,90.909,28,71
209.25,89.909,28,71
205.56,88.909,28,71
208.94,91.568,28,71
207.27,90.909,28,71
210.94,89.909,28,71
205.67,88.909,28,71
205.25,91.568,28,71
205.25,90.909,28,71
205.25,93.568,28,71
205.25,92.909,28,71
205.25,91.909,28,71
201.56,90.909,28,71
204.94,89.909,28,71
203.27,92.568,28,71
203.25,91.909,28,71
203.25,90.909,28,71
203.25,89.909,28,71
203.25,92.568,28,71
203.25,91.909,28,71
203.25,90.909,28,71
203.25,93.568,28,71
203.25,92.909,28,71
203.25,95.568,28,71
203.25,91.25,28,71
203.25,90.909,28,71
203.25,93.568,28,71
203.25,92.909,28,71
203.25,91.909,28,71
203.25,90.909,28,71
203.25,93.568,28,71
203.25,92.909,28,71
203.25,91.909,28,71
203.25,90.909,28,71
203.25,89.909,28,71
203.25,92.568,28,71
203.25,91.909,28,71
203.25,90.909,28,71
203.25,93.568,28,71
203.25,92.909,28,71
203.25,91.909,28,71
203.25,90.909,28,71
203.25,93.568,28,71
203.25,92.909,28,71
199.56,91.909,28,71
199.25,94.568,28,71
199.25,93.909,28,71
202.94,92.909,28,71
201.27,91.909,28,71
201.25,94.568,28,71
201.25,97.568,28,71
201.25,93.25,28,71
201.25,92.909,28,71
201.25,91.909,28,71
201.25,94.568,28,71
197.56,93.909,28,71
197.25,92.909,28,71
200.94,91.909,28,71
199.27,94.568,28,71
199.25,93.909,28,71
199.25,92.909,28,71
199.25,91.909,28,71
199.25,90.909,28,71
199.25,93.568,28,71
199.25,92.909,28,71
199.25,91.909,28,71
199.25,90.909,28,71
199.25,93.568,28,71
199.25,92.909,28,71
199.25,91.909,28,71
199.25,90.909,28,71
199.25,89.909,28,71
199.25,92.568,28,71
199.25,91.909,28,71
199.25,90.909,28,71
199.25,93.568,28,71
199.25,92.909,28,71
199.25,91.909,28,71
199.25,94.568,28,71
199.25,93.909,28,71
199.25,92.909,28,71
199.25,91.909,28,71
199.25,90.909,28,71
199.25,93.568,28,71
199.25,92.909,28,71
199.25,91.909,28,71
199.25,90.909,28,71
199.25,89.909,28,71
199.25,92.568,28,71
199.25,91.909,28,71
199.25,90.909,28,71
199.25,93.568,28,71
195.56,92.909,28,71
195.25,91.909,28,71
195.25,90.909,28,71
198.94,89.909,28,71
197.27,92.568,28,71
197.25,91.909,28,71
197.25,90.909,28,71
197.25,89.909,28,71
197.25,92.568,28,71
197.25,91.909,28,71
197.25,90.909,28,71
197.25,89.909,28,71
197.25,92.568,28,71
197.25,91.909,28,71
197.25,90.909,28,71
193.56,93.568,28,71
193.25,89.25,28,71
193.25,88.909,28,71
193.25,87.909,28,71
193.25,90.568,28,71
193.25,89.909,28,71
193.25,88.909,28,71
193.25,87.909,28,71
193.25,90.568,28,71
193.25,89.909,28,71
193.25,88.909,28,71
193.25,91.568,28,71
193.25,90.909,28,71
193.25,89.909,28,71
193.25,88.909,28,71
193.25,87.909,28,71
193.25,90.568,28,71
189.56,89.909,28,71
189.25,88.909,28,71
189.25,87.909,28,71
189.25,86.909,28,71
189.25,85.909,28,71
189.25,88.568,28,71
189.25,87.909,28,71
189.25,86.909,28,71
189.25,85.909,28,71
189.25,88.568,28,71
189.25,87.909,28,71
192.94,86.909,28,71
191.27,85.909,28,71
191.25,88.568,28,71
191.25,87.909,28,71
191.25,86.909,28,71
191.25,85.909,28,71
191.25,84.909,28,71
191.25,87.568,28,71
187.56,86.909,28,71
187.25,85.909,28,71
187.25,88.568,28,71
187.25,87.909,28,71
183.56,86.909,28,71
183.25,85.909,28,71
183.25,84.909,28,71
183.25,87.568,28,71
183.25,86.909,28,71
183.25,85.909,28,71
183.25,84.909,28,71
183.25,87.568,28,71
183.25,86.909,28,71
183.25,85.909,28,71
183.25,88.568,28,71
183.25,87.909,28,71
183.25,86.909,28,71
183.25,89.568,28,71
179.56,92.568,28,71
179.25,91.909,28,71
179.25,90.909,28,71
179.25,89.909,28,71
179.25,92.568,28,71
179.25,91.909,28,71
179.25,94.568,28,71
179.25,93.909,28,71
179.25,92.909,28,71
175.56,91.909,28,71
175.25,94.568,28,71
175.25,93.909,28,71
175.25,96.568,28,71
171.56,95.909,28,71
174.94,94.909,28,71
173.27,93.909,28,71
173.25,96.568,28,71
173.25,95.909,28,71
173.25,94.909,28,71
173.25,93.909,28,71
173.25,92.909,28,71
173.25,95.568,28,71
173.25,94.909,28,71
173.25,93.909,28,71
173.25,92.909,28,71
173.25,95.568,28,71
173.25,94.909,28,71
173.25,93.909,28,71
173.25,92.909,28,71
173.25,95.568,28,71
173.25,94.909,28,71
173.25,93.909,28,71
173.25,92.909,28,71
173.25,91.909,28,71
169.56,94.568,28,71
169.25,93.909,28,71
169.25,92.909,28,71
169.25,91.909,28,71
169.25,94.568,28,71
169.25,93.909,28,71
169.25,92.909,28,71
169.25,91.909,28,71
169.25,94.568,28,71
169.25,93.909,28,71
169.25,92.909,28,71
169.25,91.909,28,71
169.25,94.568,28,71
169.25,93.909,28,71
169.25,92.909,28,71
169.25,91.909,28,71
169.25,94.568,28,71
169.25,93.909,28,71
169.25,92.909,28,71
169.25,95.568,28,71
169.25,94.909,28,71
169.25,93.909,28,71
169.25,92.909,28,71
169.25,91.909,28,71
169.25,94.568,28,71
169.25,97.568,28,71
169.25,93.25,28,71
169.25,92.909,28,71
169.25,91.909,28,71
169.25,94.568,28,71
169.25,93.909,28,71
169.25,92.909,28,71
169.25,95.568,28,71
169.25,94.909,28,71
169.25,93.909,28,71
169.25,92.909,28,71
169.25,91.909,28,71
169.25,90.909,28,71
169.25,93.568,28,71
169.25,92.909,28,71
169.25,91.909,28,71
169.25,94.568,28,71
169.25,93.909,28,71
169.25,92.909,28,71
169.25,95.568,28,71
169.25,94.909,28,71
169.25,93.909,28,71
169.25,92.909,28,71
169.25,91.909,28,71
169.25,94.568,28,71
169.25,93.909,28,71
169.25,92.909,28,71
169.25,91.909,28,71
169.25,90.909,28,71
169.25,93.568,28,71
169.25,92.909,28,71
169.25,91.909,28,71
169.25,94.568,28,71
169.25,93.909,28,71
165.56,92.909,28,71
165.25,95.568,28,71
165.25,94.909,28,71
168.94,93.909,28,71
167.27,92.909,28,71
167.25,91.909,28,71
167.25,94.568,28,71
167.25,93.909,28,71
167.25,92.909,28,71
167.25,91.909,28,71
167.25,90.909,28,71
167.25,93.568,28,71
167.25,92.909,28,71
167.25,91.909,28,71
167.25,90.909,28,71
167.25,93.568,28,71
167.25,92.909,28,71
167.25,91.909,28,71
167.25,90.909,28,71
167.25,89.909,28,71
167.25,92.568,28,71
167.25,91.909,28,71
167.25,90.909,28,71
167.25,93.568,28,71
167.25,92.909,28,71
167.25,91.909,28,71
167.25,90.909,28,71
167.25,93.568,28,71
167.25,92.909,28,71
167.25,91.909,28,71
167.25,90.909,28,71
167.25,89.909,28,71
167.25,92.568,28,71
167.25,91.909,28,71
167.25,90.909,28,71
167.25,93.568,28,71
167.25,92.909,28,71
167.25,91.909,28,71
167.25,94.568,28,71
167.25,93.909,28,71
167.25,92.909,28,71
167.25,91.909,28,71
167.25,94.568,28,71
167.25,93.909,28,71
167.25,92.909,28,71
167.25,91.909,28,71
167.25,94.568,28,71
167.25,93.909,28,71
167.25,92.909,28,71
167.25,91.909,28,71
167.25,90.909,28,71
167.25,93.568,28,71
167.25,92.909,28,71
167.25,91.909,28,71
167.25,94.568,28,71
167.25,93.909,28,71
167.25,92.909,28,71
167.25,95.568,28,71
167.25,94.909,28,71
167.25,93.909,28,71
167.25,92.909,28,71
167.25,91.909,28,71
167.25,94.568,28,71
167.25,93.909,28,71
170.94,92.909,28,71
169.27,91.909,28,71
169.25,90.909,28,71
169.25,93.568,28,71
169.25,92.909,28,71
172.94,91.909,28,71
167.67,90.909,28,71
167.25,93.568,28,71
167.25,92.909,28,71
167.25,91.909,28,71
167.25,90.909,28,71
167.25,93.568,28,71
167.25,92.909,28,71
167.25,91.909,28,71
167.25,90.909,28,71
167.25,93.568,28,71
167.25,92.909,28,71
167.25,91.909,28,71
167.25,90.909,28,71
167.25,89.909,28,71
167.25,92.568,28,71
167.25,91.909,28,71
167.25,90.909,28,71
167.25,93.568,28,71
167.25,92.909,28,71
167.25,91.909,28,71
167.25,90.909,28,71
167.25,97.227,28,71
167.25,93.25,28,71
167.25,92.909,28,71
167.25,91.909,28,71
167.25,90.909,28,71
163.56,89.909,28,71
166.94,92.568,28,71
165.27,91.909,28,71
165.25,90.909,28,71
165.25,89.909,28,71
165.25,92.568,28,71
165.25,91.909,28,71
165.25,90.909,28,71
165.25,89.909,28,71
165.25,96.227,28,71
165.25,95.909,28,71
165.25,91.25,28,71
165.25,90.909,28,71
165.25,89.909,28,71
165.25,96.227,28,71
165.25,92.25,28,71
165.25,91.909,28,71
165.25,90.909,28,71
165.25,89.909,28,71
165.25,96.227,28,71
165.25,92.25,28,71
161.56,91.909,28,71
161.25,94.568,28,71
161.25,93.909,28,71
161.25,92.909,28,71
161.25,95.568,28,71
157.56,94.909,28,71
157.25,93.909,28,71
157.25,100.23,28,71
153.56,96.25,28,71
149.56,99.568,28,71
149.25,106.23,28,71
149.25,109.57,28,71
149.25,108.91,28,71
149.25,111.57,28,71
145.56,114.57,28,71
134.19,113.91,28,71
126.88,112.91,28,71
126.25,115.57,28,71
129.94,114.91,28,71
128.27,117.57,28,71
124.56,109.59,28,71
124.25,108.91,28,71
127.94,111.57,28,71
133.48,110.91,28,71
136.94,113.57,28,71
135.27,112.91,28,71
135.25,115.57,28,71
138.94,114.91,28,71
137.27,121.23,28,71
137.25,117.25,28,71
137.25,116.91,28,71
133.56,119.57,28,71
136.94,118.91,28,71
135.27,121.57,28,71
138.94,120.91,28,71
137.27,123.57,28,71
137.25,122.91,28,71
140.94,121.91,28,71
142.88,120.91,28,71
145.94,123.57,28,71
144.27,122.91,28,71
144.25,121.91,28,71
144.25,120.91,28,71
144.25,119.91,28,71
144.25,118.91,28,71
140.56,117.91,28,71
140.25,120.57,28,71
140.25,119.91,28,71
140.25,118.91,28,71
140.25,117.91,28,71
143.94,120.57,28,71
142.27,119.91,28,71
142.25,118.91,28,71
142.25,117.91,28,71
142.25,116.91,28,71
142.25,119.57,28,71
142.25,118.91,28,71
142.25,117.91,28,71
145.94,116.91,28,71
144.27,119.57,28,71
144.25,118.91,28,71
144.25,117.91,28,71
144.25,120.57,28,71
144.25,119.91,28,71
144.25,122.57,28,71
144.25,121.91,28,71
140.56,117.25,28,71
140.25,116.91,28,71
140.25,119.57,28,71
140.25,118.91,28,71
140.25,117.91,28,71
143.94,116.91,28,71
142.27,115.91,28,71
142.25,118.57,28,71
142.25,117.91,28,71
142.25,116.91,28,71
142.25,115.91,28,71
142.25,114.91,28,71
142.25,113.91,28,71
142.25,112.91,28,71
142.25,111.91,28,71
142.25,110.91,28,71
142.25,113.57,28,71
142.25,112.91,28,71
142.25,111.91,28,71
142.25,110.91,28,71
142.25,113.57,28,71
142.25,112.91,28,71
142.25,111.91,28,71
142.25,114.57,28,71
142.25,113.91,28,71
142.25,109.25,28,71
142.25,108.91,28,71
142.25,107.91,28,71
142.25,110.57,28,71
142.25,113.57,28,71
142.25,109.25,28,71
142.25,112.57,28,71
142.25,111.91,28,71
142.25,110.91,28,71
142.25,109.91,28,71
142.25,108.91,28,71
142.25,107.91,28,71
142.25,110.57,28,71
142.25,109.91,28,71
142.25,112.57,28,71
142.25,111.91,28,71
142.25,110.91,28,71
142.25,109.91,28,71
138.56,112.57,28,71
138.25,111.91,28,71
138.25,110.91,28,71
138.25,113.57,28,71
138.25,112.91,28,71
138.25,111.91,28,71
138.25,110.91,28,71
138.25,113.57,28,71
138.25,112.91,28,71
138.25,115.57,28,71
138.25,114.91,28,71
138.25,113.91,28,71
138.25,112.91,28,71
138.25,111.91,28,71
138.25,110.91,28,71
138.25,109.91,28,71
138.25,112.57,28,71
138.25,115.57,28,71
138.25,111.25,28,71
138.25,114.57,28,71
138.25,113.91,28,71
138.25,109.25,28,71
138.25,108.91,28,71
138.25,107.91,28,71
138.25,110.57,28,71
138.25,109.91,28,71
138.25,108.91,28,71
138.25,107.91,28,71
138.25,110.57,28,71
138.25,109.91,28,71
134.56,112.57,28,71
134.25,111.91,28,71
134.25,110.91,28,71
134.25,113.57,28,71
134.25,112.91,28,71
134.25,111.91,28,71
134.25,114.57,28,71
134.25,113.91,28,71
134.25,112.91,28,71
134.25,108.25,28,71
134.25,107.91,28,71
134.25,110.57,28,71
130.56,109.91,28,71
130.25,108.91,28,71
130.25,115.23,28,71
130.25,114.91,28,71
126.56,110.25,28,71
126.25,109.91,28,71
126.25,108.91,28,71
126.25,111.57,28,71
126.25,110.91,28,71
126.25,109.91,28,71
122.56,112.57,28,71
122.25,111.91,28,71
122.25,110.91,28,71
118.56,109.91,28,71
118.25,116.23,28,71
118.25,112.25,28,71
114.56,111.91,28,71
114.25,114.57,28,71
114.25,113.91,28,71
110.56,116.57,28,71
110.25,119.57,28,71
110.25,118.91,28,71
106.56,114.25,28,71
106.25,113.91,28,71
102.56,112.91,28,71
102.25,115.57,28,71
98.563,114.91,28,71
98.25,113.91,28,71
98.25,120.23,28,71
94.563,116.25,28,71
94.25,119.57,28,71
90.563,115.25,28,71
90.25,114.91,28,71
90.25,113.91,28,71
90.25,120.23,28,71
90.25,116.25,28,71
86.563,115.91,28,71
86.25,114.91,28,71
82.563,113.91,28,71
82.25,116.57,28,71
78.563,119.57,28,71
78.25,115.25,28,71
78.25,114.91,28,71
78.25,113.91,28,71
74.563,112.91,28,71
74.25,111.91,28,71
74.25,118.23,28,71
74.25,117.91,28,71
74.25,116.91,28,71
74.25,115.91,28,71
74.25,118.57,28,71
74.25,114.25,28,71
74.25,113.91,28,71
74.25,112.91,28,71
74.25,111.91,28,71
74.25,114.57,28,71
74.25,110.25,28,71
74.25,109.91,28,71
74.25,112.57,28,71
74.25,111.91,28,71
74.25,110.91,28,71
74.25,109.91,28,71
74.25,112.57,28,71
74.25,111.91,28,71
74.25,110.91,28,71
74.25,109.91,28,71
74.25,116.23,28,71
70.563,112.25,28,71
70.25,111.91,28,71
70.25,110.91,28,71
70.25,113.57,28,71
70.25,112.91,28,71
70.25,111.91,28,71
70.25,110.91,28,71
70.25,109.91,28,71
70.25,108.91,28,71
70.25,111.57,28,71
70.25,110.91,28,71
70.25,109.91,28,71
66.563,108.91,28,71
66.25,111.57,28,71
66.25,110.91,28,71
66.25,109.91,28,71
66.25,108.91,28,71
66.25,111.57,28,71
66.25,114.57,28,71
66.25,110.25,28,71
66.25,109.91,28,71
66.25,112.57,28,71
66.25,115.57,28,71
66.25,111.25,28,71
66.25,110.91,28,71
66.25,109.91,28,71
66.25,112.57,28,71
66.25,111.91,28,71
66.25,110.91,28,71
66.25,113.57,28,71
66.25,112.91,28,71
66.25,111.91,28,71
66.25,110.91,28,71
66.25,109.91,28,71
66.25,112.57,28,71
66.25,111.91,28,71
66.25,110.91,28,71
66.25,113.57,28,71
66.25,112.91,28,71
66.25,111.91,28,71
66.25,110.91,28,71
66.25,109.91,28,71
66.25,112.57,28,71
66.25,111.91,28,71
66.25,110.91,28,71
66.25,113.57,28,71
66.25,112.91,28,71
62.563,111.91,28,71
62.25,110.91,28,71
62.25,109.91,28,71
62.25,116.23,28,71
62.25,112.25,28,71
62.25,111.91,28,71
62.25,110.91,28,71
62.25,113.57,28,71
62.25,116.57,28,71
62.25,112.25,28,71
62.25,111.91,28,71
58.563,110.91,28,71
58.25,113.57,28,71
58.25,112.91,28,71
58.25,111.91,28,71
58.25,110.91,28,71
54.563,113.57,28,71
54.25,116.57,28,71
54.25,112.25,28,71
54.25,111.91,28,71
50.563,118.23,28,71
50.25,117.91,28,71
50.25,113.25,28,71
50.25,112.91,28,71
46.563,111.91,28,71
46.25,118.23,28,71
46.25,114.25,28,71
46.25,113.91,28,71
42.563,112.91,28,71
42.25,115.57,28,71
42.25,118.57,28,71
38.563,114.25,28,71
38.25,117.57,28,71
38.25,113.25,28,71
34.563,112.91,28,71
34.25,115.57,28,71
34.25,118.57,28,71
30.563,117.91,28,71
30.25,120.57,28,71
26.563,119.91,28,71
26.25,115.25,28,71
26.25,114.91,28,71
22.563,121.23,28,71
22.25,117.25,28,71
22.25,116.91,28,71
18.563,115.91,28,71
18.25,122.23,28,71
18.25,121.91,28,71
14.563,117.25,28,71
14.25,120.57,28,71
14.25,116.25,28,71
14.25,123.23,28,71
14.25,122.91,28,71
10.563,118.25,28,71
10.25,117.91,28,71
10.25,116.91,28,71
10.25,123.23,28,71
6.5625,122.91,28,71
6.25,118.25,28,71
6.25,117.91,28,71
6.25,116.91,28,71
6.25,123.23,28,71
6.25,122.91,28,71
6.25,118.25,28,71
6.25,117.91,28,71
6.25,124.23,28,71
2.5625,120.25,28,71
1.5625,119.91,28,71
1.5625,126.23,28,71
1.5625,125.91,28,71
1.5625,121.25,28,71
1.5625,128.23,28,71
1.5625,127.91,28,71
1.5625,126.91,28,71
-2.125,122.25,28,71
-2.125,121.91,28,71
-2.125,120.91,28,71
-2.125,127.23,28,71
-5.8125,123.25,28,71
-5.8125,122.91,28,71
-9.5,121.91,28,71
34.75,124.57,28,71
34.25,123.91,28,71
34.25,122.91,28,71
-10,118.25,28,71
-6.5455,117.91,28,71
-5.8125,120.57,28,71
-5.8125,119.91,28,71
-16.875,115.25,28,71
-2.125,118.57,28,71
1.5625,121.57,28,71
1.5625,120.91,28,71
1.5625,119.91,28,71
1.5625,122.57,28,71
1.5625,121.91,28,71
1.5625,120.91,28,71
1.5625,123.57,28,71
1.5625,122.91,28,71
1.5625,121.91,28,71
1.5625,124.57,28,71
1.5625,123.91,28,71
1.5625,122.91,28,71
1.5625,121.91,28,71
1.5625,120.91,28,71
1.5625,123.57,28,71
1.5625,122.91,28,71
1.5625,121.91,28,71
1.5625,120.91,28,71
1.5625,119.91,28,71
5.25,118.91,28,71
5.25,121.57,28,71
1.5625,117.25,28,71
1.5625,116.91,28,71
1.5625,119.57,28,71
1.5625,118.91,28,71
1.5625,117.91,28,71
-2.125,116.91,28,71
-2.125,123.23,28,71
-16.875,111.93,28,71
-20.563,114.86,28,71
-9.5,117.57,28,71
-9.5,116.91,28,71
-9.5,119.57,28,71
-13.188,118.91,28,71
-13.188,117.91,28,71
-13.188,116.91,28,71
-13.188,116.91,28,71
-20.563,119.57,28,71
-20.563,118.91,28,71
-5.8125,121.57,28,71
-9.5,120.91,28,71
-13.188,119.91,28,71
-16.875,118.91,28,71
-16.875,121.57,28,71
-31.625,120.91,28,71
-20.563,116.25,28,71
-20.563,116.25,28,71
42.125,115.91,28,71
42.25,114.91,28,71
42.25,113.91,28,71
38.563,112.91,28,71
34.563,111.91,28,71
30.563,110.91,28,71
45,117.23,28,71
39.667,116.91,28,71
39.25,115.91,28,71
35.563,114.91,28,71
35.25,113.91,28,71
35.25,116.57,28,71
35.25,115.91,28,71
31.563,114.91,28,71
31.25,117.57,28,71
27.563,116.91,28,71
23.563,115.91,28,71
19.563,118.57,28,71
19.25,117.91,28,71
15.563,120.57,28,71
15.25,119.91,28,71
15.25,126.23,28,71
15.25,125.91,28,71
11.563,121.25,28,71
11.25,128.23,28,71
11.25,127.91,28,71
7.5625,123.25,28,71
10.938,130.23,28,71
5.6667,126.25,28,71
5.25,125.91,28,71
5.25,124.91,28,71
5.25,127.57,28,71
5.25,126.91,28,71
5.25,125.91,28,71
5.25,128.57,28,71
5.25,127.91,28,71
5.25,126.91,28,71
5.25,133.23,28,71
5.25,132.91,28,71
1.5625,128.25,28,71
1.5625,127.91,28,71
5.25,130.57,28,71
1.5625,126.25,28,71
1.5625,125.91,28,71
1.5625,124.91,28,71
-2.125,127.57,28,71
-2.125,126.91,28,71
-2.125,125.91,28,71
-2.125,124.91,28,71
-5.8125,127.57,28,71
-5.8125,126.91,28,71
-5.8125,125.91,28,71
-9.5,124.91,28,71
-9.5,127.57,28,71
-5.8125,126.91,28,71
-5.8125,125.91,28,71
-9.5,128.57,28,71
-9.5,124.25,28,71
-9.5,127.57,28,71
5.25,126.91,28,71
-9.5,122.25,28,71
-13.188,121.91,28,71
-13.188,128.23,28,71
-27.938,153.52,28,71
-20.97,152.91,28,71
-28.182,155.57,28,71
-16.875,154.91,28,71
-16.875,154.91,28,71
-16.875,153.91,28,71
-9.5,156.57,28,71
-20.563,155.91,28,71
-20.563,154.91,28,71
-20.563,154.91,28,71
-24.25,153.91,28,71
-16.875,152.91,28,71
-24.25,155.57,28,71
-27.938,154.91,28,71
-2.9394,168.55,28,71
-20.97,160.59,28,71
-20.97,159.91,28,71
-28.182,151.59,28,71
-28.182,151.59,28,71
8.9375,136.27,28,71
14.485,135.91,28,71
14.25,134.91,28,71
14.25,133.91,28,71
14.25,136.57,28,71
14.25,135.91,28,71
14.25,138.57,28,71
14.25,137.91,28,71
3.1875,136.91,28,71
12.625,143.23,28,71
12.25,142.91,28,71
12.25,141.91,28,71
12.25,140.91,28,71
12.25,139.91,28,71
12.25,138.91,28,71
12.25,141.57,28,71
12.25,137.25,28,71
12.25,136.91,28,71
15.938,139.57,28,71
14.273,138.91,28,71
10.563,141.57,28,71
10.25,140.91,28,71
10.25,139.91,28,71
10.25,138.91,28,71
10.25,141.57,28,71
10.25,140.91,28,71
10.25,139.91,28,71
10.25,138.91,28,71
10.25,141.57,28,71
10.25,137.25,28,71
10.25,144.23,28,71
6.5625,140.25,28,71
6.25,139.91,28,71
6.25,138.91,28,71
6.25,137.91,28,71
6.25,140.57,28,71
6.25,136.25,28,71
2.5625,132.25,28,71
5.25,131.91,28,71
5.25,130.91,28,71
1.5625,129.91,28,71
1.5625,132.57,28,71
1.5625,131.91,28,71
1.5625,130.91,28,71
-2.125,133.57,28,71
-2.125,132.91,28,71
-2.125,135.57,28,71
-5.8125,134.91,28,71
-5.8125,137.57,28,71
-13.188,136.91,28,71
-16.875,146.89,28,71
-16.875,149.57,28,71
1.5625,148.91,28,71
1.5625,147.91,28,71
1.5625,146.91,28,71
-16.875,142.25,28,71
-16.875,141.91,28,71
-16.875,151.89,28,71
-24.25,147.25,28,71
-24.25,143.25,28,71
-24.25,142.91,28,71
49.5,145.57,28,71
75.063,119.3,28,71
73.273,126.23,28,71
73.25,125.91,28,71
73.25,132.23,28,71
73.25,131.91,28,71
73.25,130.91,28,71
73.25,122.59,28,71
73.25,121.91,28,71
69.563,128.23,28,71
72.938,127.91,28,71
71.273,123.25,28,71
71.25,126.57,28,71
71.25,125.91,28,71
71.25,128.57,28,71
71.25,124.25,28,71
71.25,127.57,28,71
71.25,126.91,28,71
71.25,129.57,28,71
71.25,128.91,28,71
71.25,120.59,28,71
71.25,127.23,28,71
71.25,126.91,28,71
67.563,129.57,28,71
67.25,128.91,28,71
67.25,127.91,28,71
67.25,126.91,28,71
67.25,129.57,28,71
67.25,128.91,28,71
67.25,127.91,28,71
63.563,130.57,28,71
63.25,129.91,28,71
63.25,128.91,28,71
63.25,127.91,28,71
63.25,126.91,28,71
63.25,129.57,28,71
63.25,128.91,28,71
63.25,127.91,28,71
63.25,130.57,28,71
63.25,129.91,28,71
63.25,128.91,28,71
66.938,131.57,28,71
65.273,130.91,28,71
65.25,129.91,28,71
65.25,128.91,28,71
65.25,127.91,28,71
65.25,130.57,28,71
65.25,129.91,28,71
65.25,128.91,28,71
65.25,131.57,28,71
65.25,130.91,28,71
65.25,129.91,28,71
65.25,132.57,28,71
61.563,131.91,28,71
61.25,130.91,28,71
61.25,129.91,28,71
61.25,128.91,28,71
64.938,131.57,28,71
63.273,130.91,28,71
63.25,129.91,28,71
63.25,128.91,28,71
63.25,131.57,28,71
63.25,130.91,28,71
63.25,129.91,28,71
63.25,132.57,28,71
63.25,131.91,28,71
63.25,130.91,28,71
63.25,129.91,28,71
63.25,128.91,28,71
66.938,131.57,28,71
65.273,127.25,28,71
65.25,126.91,28,71
65.25,125.91,28,71
65.25,128.57,28,71
65.25,127.91,28,71
65.25,126.91,28,71
68.938,125.91,28,71
67.273,124.91,28,71
67.25,127.57,28,71
67.25,126.91,28,71
67.25,125.91,28,71
67.25,124.91,28,71
67.25,123.91,28,71
67.25,122.91,28,71
67.25,125.57,28,71
67.25,124.91,28,71
67.25,123.91,28,71
67.25,126.57,28,71
67.25,125.91,28,71
67.25,128.57,28,71
67.25,127.91,28,71
67.25,130.57,28,71
70.938,122.59,28,71
69.273,125.57,28,71
69.25,128.57,28,71
69.25,127.91,28,71
69.25,126.91,28,71
69.25,125.91,28,71
69.25,128.57,28,71
69.25,127.91,28,71
69.25,126.91,28,71
69.25,125.91,28,71
69.25,124.91,28,71
69.25,123.91,28,71
65.563,126.57,28,71
65.25,125.91,28,71
65.25,128.57,28,71
65.25,127.91,28,71
65.25,126.91,28,71
65.25,125.91,28,71
65.25,128.57,28,71
65.25,127.91,28,71
65.25,126.91,28,71
65.25,125.91,28,71
65.25,124.91,28,71
65.25,123.91,28,71
65.25,122.91,28,71
65.25,125.57,28,71
65.25,124.91,28,71
68.938,123.91,28,71
67.273,122.91,28,71
67.25,121.91,28,71
67.25,124.57,28,71
67.25,123.91,28,71
67.25,122.91,28,71
70.938,121.91,28,71
69.273,124.57,28,71
69.25,123.91,28,71
69.25,122.91,28,71
69.25,125.57,28,71
69.25,124.91,28,71
69.25,123.91,28,71
69.25,122.91,28,71
69.25,121.91,28,71
69.25,124.57,28,71
69.25,123.91,28,71
69.25,122.91,28,71
69.25,121.91,28,71
69.25,120.91,28,71
69.25,123.57,28,71
69.25,122.91,28,71
69.25,121.91,28,71
69.25,120.91,28,71
72.938,123.57,28,71
71.273,122.91,28,71
71.25,121.91,28,71
71.25,120.91,28,71
71.25,119.91,28,71
71.25,118.91,28,71
71.25,117.91,28,71
71.25,120.57,28,71
71.25,119.91,28,71
74.938,118.91,28,71
73.273,117.91,28,71
73.25,120.57,28,71
73.25,119.91,28,71
73.25,118.91,28,71
73.25,117.91,28,71
76.938,120.57,28,71
75.273,119.91,28,71
75.25,118.91,28,71
75.25,117.91,28,71
75.25,120.57,28,71
75.25,119.91,28,71
75.25,118.91,28,71
75.25,117.91,28,71
75.25,120.57,28,71
75.25,119.91,28,71
75.25,118.91,28,71
75.25,117.91,28,71
75.25,120.57,28,71
75.25,119.91,28,71
75.25,118.91,28,71
75.25,117.91,28,71
75.25,116.91,28,71
75.25,119.57,28,71
75.25,118.91,28,71
75.25,117.91,28,71
75.25,120.57,28,71
75.25,119.91,28,71
75.25,118.91,28,71
75.25,117.91,28,71
75.25,120.57,28,71
75.25,119.91,28,71
75.25,118.91,28,71
75.25,121.57,28,71
78.938,117.25,28,71
77.273,116.91,28,71
77.25,119.57,28,71
77.25,118.91,28,71
77.25,117.91,28,71
77.25,120.57,28,71
73.563,119.91,28,71
73.25,118.91,28,71
76.938,117.91,28,71
75.273,120.57,28,71
75.25,119.91,28,71
75.25,118.91,28,71
75.25,117.91,28,71
75.25,120.57,28,71
78.938,119.91,28,71
77.273,118.91,28,71
77.25,117.91,28,71
77.25,120.57,28,71
77.25,119.91,28,71
77.25,118.91,28,71
77.25,121.57,28,71
77.25,120.91,28,71
77.25,119.91,28,71
77.25,118.91,28,71
77.25,117.91,28,71
77.25,120.57,28,71
77.25,119.91,28,71
77.25,118.91,28,71
77.25,117.91,28,71
77.25,120.57,28,71
77.25,119.91,28,71
77.25,118.91,28,71
77.25,117.91,28,71
77.25,116.91,28,71
77.25,123.23,28,71
77.25,119.25,28,71
77.25,118.91,28,71
77.25,117.91,28,71
73.563,116.91,28,71
73.25,115.91,28,71
73.25,118.57,28,71
76.938,117.91,28,71
75.273,116.91,28,71
75.25,123.23,28,71
75.25,122.91,28,71
75.25,118.25,28,71
75.25,117.91,28,71
75.25,116.91,28,71
75.25,115.91,28,71
78.938,122.23,28,71
77.273,118.25,28,71
77.25,117.91,28,71
77.25,116.91,28,71
80.938,119.57,28,71
79.273,118.91,28,71
79.25,117.91,28,71
79.25,120.57,28,71
79.25,116.25,28,71
79.25,115.91,28,71
82.938,118.57,28,71
81.273,117.91,28,71
81.25,116.91,28,71
81.25,115.91,28,71
84.938,114.91,28,71
83.273,117.57,28,71
83.25,116.91,28,71
83.25,115.91,28,71
83.25,118.57,28,71
83.25,117.91,28,71
83.25,116.91,28,71
83.25,115.91,28,71
83.25,118.57,28,71
83.25,117.91,28,71
83.25,116.91,28,71
83.25,119.57,28,71
83.25,118.91,28,71
83.25,117.91,28,71
83.25,116.91,28,71
83.25,119.57,28,71
83.25,118.91,28,71
83.25,117.91,28,71
83.25,120.57,28,71
83.25,119.91,28,71
86.938,118.91,28,71
81.667,117.91,28,71
84.938,120.57,28,71
83.273,119.91,28,71
83.25,118.91,28,71
86.938,121.57,28,71
85.273,120.91,28,71
85.25,119.91,28,71
85.25,118.91,28,71
85.25,117.91,28,71
85.25,120.57,28,71
85.25,119.91,28,71
85.25,118.91,28,71
85.25,121.57,28,71
85.25,120.91,28,71
85.25,119.91,28,71
88.938,118.91,28,71
87.273,117.91,28,71
87.25,120.57,28,71
87.25,119.91,28,71
87.25,118.91,28,71
87.25,117.91,28,71
87.25,116.91,28,71
87.25,115.91,28,71
87.25,118.57,28,71
87.25,117.91,28,71
90.938,116.91,28,71
89.273,123.23,28,71
89.25,119.25,28,71
89.25,118.91,28,71
89.25,117.91,28,71
89.25,116.91,28,71
92.938,115.91,28,71
91.273,114.91,28,71
91.25,117.57,28,71
91.25,116.91,28,71
91.25,115.91,28,71
91.25,114.91,28,71
91.25,117.57,28,71
94.938,116.91,28,71
93.273,115.91,28,71
93.25,114.91,28,71
93.25,117.57,28,71
93.25,116.91,28,71
93.25,115.91,28,71
96.938,114.91,28,71
91.667,117.57,28,71
94.938,116.91,28,71
93.273,119.57,28,71
93.25,118.91,28,71
96.938,117.91,28,71
95.273,116.91,28,71
95.25,119.57,28,71
95.25,118.91,28,71
98.938,117.91,28,71
97.273,116.91,28,71
97.25,119.57,28,71
97.25,118.91,28,71
97.25,117.91,28,71
97.25,116.91,28,71
97.25,115.91,28,71
97.25,118.57,28,71
97.25,117.91,28,71
100.94,116.91,28,71
99.273,115.91,28,71
99.25,118.57,28,71
99.25,117.91,28,71
99.25,116.91,28,71
99.25,119.57,28,71
99.25,118.91,28,71
99.25,117.91,28,71
102.94,120.57,28,71
101.27,119.91,28,71
101.25,118.91,28,71
101.25,121.57,28,71
101.25,120.91,28,71
101.25,119.91,28,71
101.25,118.91,28,71
101.25,121.57,28,71
101.25,120.91,28,71
104.94,119.91,28,71
103.27,118.91,28,71
103.25,121.57,28,71
103.25,120.91,28,71
103.25,119.91,28,71
103.25,118.91,28,71
103.25,117.91,28,71
103.25,116.91,28,71
103.25,123.23,28,71
103.25,119.25,28,71
103.25,118.91,28,71
103.25,117.91,28,71
103.25,116.91,28,71
106.94,115.91,28,71
105.27,118.57,28,71
105.25,117.91,28,71
105.25,116.91,28,71
105.25,115.91,28,71
105.25,114.91,28,71
105.25,117.57,28,71
105.25,116.91,28,71
105.25,115.91,28,71
105.25,114.91,28,71
108.94,113.91,28,71
107.27,112.91,28,71
107.25,115.57,28,71
107.25,114.91,28,71
110.94,113.91,28,71
109.27,112.91,28,71
112.94,111.91,28,71
111.27,114.57,28,71
111.25,113.91,28,71
114.94,112.91,28,71
113.27,119.23,28,71
116.94,111.59,28,71
115.27,114.57,28,71
115.25,113.91,28,71
115.25,112.91,28,71
115.25,111.91,28,71
115.25,110.91,28,71
118.94,117.23,28,71
117.27,113.25,28,71
117.25,112.91,28,71
117.25,111.91,28,71
117.25,110.91,28,71
117.25,117.23,28,71
117.25,116.91,28,71
117.25,112.25,28,71
117.25,111.91,28,71
117.25,110.91,28,71
117.25,113.57,28,71
117.25,112.91,28,71
117.25,111.91,28,71
120.94,110.91,28,71
119.27,109.91,28,71
119.25,112.57,28,71
119.25,111.91,28,71
119.25,110.91,28,71
119.25,109.91,28,71
119.25,112.57,28,71
119.25,111.91,28,71
119.25,110.91,28,71
122.94,113.57,28,71
121.27,112.91,28,71
121.25,111.91,28,71
121.25,110.91,28,71
121.25,109.91,28,71
121.25,112.57,28,71
121.25,111.91,28,71
124.94,118.23,28,71
123.27,114.25,28,71
123.25,113.91,28,71
126.94,112.91,28,71
125.27,115.57,28,71
125.25,114.91,28,71
125.25,113.91,28,71
125.25,112.91,28,71
125.25,115.57,28,71
125.25,114.91,28,71
125.25,113.91,28,71
125.25,112.91,28,71
125.25,111.91,28,71
125.25,110.91,28,71
125.25,113.57,28,71
125.25,112.91,28,71
125.25,111.91,28,71
125.25,118.23,28,71
128.94,117.91,28,71
127.27,113.25,28,71
127.25,112.91,28,71
127.25,111.91,28,71
127.25,118.23,28,71
127.25,117.91,28,71
127.25,113.25,28,71
127.25,112.91,28,71
127.25,111.91,28,71
127.25,118.23,28,71
130.94,110.59,28,71
129.27,109.91,28,71
129.25,112.57,28,71
129.25,111.91,28,71
129.25,110.91,28,71
129.25,109.91,28,71
129.25,108.91,28,71
129.25,107.91,28,71
125.56,106.91,28,71
125.25,109.57,28,71
125.25,108.91,28,71
125.25,111.57,28,71
125.25,110.91,28,71
125.25,109.91,28,71
125.25,108.91,28,71
125.25,111.57,28,71
125.25,110.91,28,71
128.94,113.57,28,71
127.27,112.91,28,71
127.25,111.91,28,71
127.25,110.91,28,71
130.94,109.91,28,71
129.27,112.57,28,71
129.25,111.91,28,71
132.94,110.91,28,71
131.27,109.91,28,71
131.25,112.57,28,71
131.25,111.91,28,71
131.25,110.91,28,71
131.25,109.91,28,71
131.25,108.91,28,71
134.94,111.57,28,71
133.27,114.57,28,71
133.25,110.25,28,71
133.25,113.57,28,71
133.25,112.91,28,71
133.25,111.91,28,71
133.25,114.57,28,71
133.25,110.25,28,71
133.25,109.91,28,71
133.25,108.91,28,71
125.88,107.91,28,71
136.31,114.23,28,71
136.25,113.91,28,71
136.25,112.91,28,71
136.25,108.25,28,71
136.25,107.91,28,71
136.25,106.91,28,71
136.25,109.57,28,71
136.25,108.91,28,71
136.25,115.23,28,71
136.25,111.25,28,71
136.25,110.91,28,71
136.25,113.57,28,71
136.25,112.91,28,71
136.25,111.91,28,71
132.56,114.57,28,71
132.25,113.91,28,71
132.25,112.91,28,71
132.25,119.23,28,71
132.25,115.25,28,71
132.25,111.25,28,71
132.25,110.91,28,71
135.94,109.91,28,71
134.27,112.57,28,71
134.25,111.91,28,71
134.25,110.91,28,71
134.25,113.57,28,71
137.94,112.91,28,71
136.27,111.91,28,71
136.25,114.57,28,71
136.25,113.91,28,71
139.94,112.91,28,71
138.27,115.57,28,71
138.25,114.91,28,71
141.94,113.91,28,71
140.27,112.91,28,71
140.25,111.91,28,71
140.25,114.57,28,71
140.25,113.91,28,71
140.25,112.91,28,71
143.94,111.91,28,71
142.27,110.91,28,71
142.25,113.57,28,71
142.25,116.57,28,71
142.25,112.25,28,71
142.25,111.91,28,71
142.25,110.91,28,71
142.25,109.91,28,71
142.25,108.91,28,71
142.25,107.91,28,71
142.25,114.23,28,71
142.25,113.91,28,71
142.25,112.91,28,71
142.25,108.25,28,71
142.25,107.91,28,71
142.25,114.23,28,71
142.25,113.91,28,71
142.25,112.91,28,71
142.25,108.25,28,71
142.25,107.91,28,71
142.25,106.91,28,71
142.25,105.91,28,71
142.25,112.23,28,71
145.94,104.59,28,71
144.27,107.57,28,71
144.25,106.91,28,71
144.25,113.23,28,71
144.25,112.91,28,71
144.25,111.91,28,71
144.25,110.91,28,71
144.25,109.91,28,71
144.25,105.25,28,71
144.25,104.91,28,71
144.25,111.23,28,71
144.25,110.91,28,71
144.25,102.59,28,71
144.25,105.57,28,71
144.25,104.91,28,71
144.25,103.91,28,71
144.25,102.91,28,71
147.94,109.23,28,71
146.27,105.25,28,71
146.25,104.91,28,71
146.25,103.91,28,71
146.25,102.91,28,71
146.25,109.23,28,71
146.25,108.91,28,71
149.94,104.25,28,71
144.67,103.91,28,71
147.94,110.23,28,71
146.27,109.91,28,71
146.25,108.91,28,71
149.94,104.25,28,71
148.27,103.91,28,71
148.25,110.23,28,71
148.25,109.91,28,71
148.25,108.91,28,71
148.25,104.25,28,71
148.25,103.91,28,71
148.25,102.91,28,71
151.94,101.91,28,71
150.27,104.57,28,71
150.25,111.23,28,71
150.25,110.91,28,71
150.25,109.91,28,71
150.25,108.91,28,71
150.25,104.25,28,71
150.25,103.91,28,71
150.25,110.23,28,71
150.25,109.91,28,71
153.94,105.25,28,71
152.27,104.91,28,71
152.25,111.23,28,71
152.25,110.91,28,71
152.25,106.25,28,71
152.25,105.91,28,71
152.25,104.91,28,71
152.25,103.91,28,71
152.25,110.23,28,71
152.25,109.91,28,71
152.25,105.25,28,71
152.25,104.91,28,71
