623,304,123,122
619.99,300.33,123,122
627.41,301.09,123,122
635.1,298.41,123,122
632.82,309.37,123,122
640.87,306.1,123,122
648.55,317.06,123,122
656.24,333.73,123,122
663.93,341.05,123,122
661.64,348.74,123,122
669.7,356.43,123,122
667.41,354.14,123,122
665.49,365.1,123,122
663.57,351.86,123,122
661.64,348.38,123,122
659.72,349.14,123,122
657.8,336.48,123,122
655.88,333,123,122
653.96,333.77,123,122
652.04,341.05,123,122
650.11,338.77,123,122
648.19,349.73,123,122
646.27,346.46,123,122
654.32,347.22,123,122
652.04,344.54,123,122
640.14,345.3,123,122
637.28,342.61,123,122
634.74,343.37,123,122
622.84,340.69,123,122
619.99,341.45,123,122
607.47,348.74,123,122
604.61,346.46,123,122
602.07,347.22,123,122
590.17,344.54,123,122
587.31,355.49,123,122
574.8,352.22,123,122
571.94,352.98,123,122
569.39,340.33,123,122
567.47,336.85,123,122
565.55,327.41,123,122
563.63,315.34,123,122
551.73,311.86,123,122
558.9,312.62,123,122
556.56,299.97,123,122
563.99,296.49,123,122
561.71,297.25,123,122
569.76,284.59,123,122
567.47,281.11,123,122
575.52,281.87,123,122
583.21,279.19,123,122
590.9,279.95,123,122
598.59,277.27,123,122
606.27,288.23,123,122
613.96,284.96,123,122
621.65,285.72,123,122
629.34,283.04,123,122
637.02,283.8,123,122
644.71,281.11,123,122
642.43,292.07,123,122
640.5,288.8,123,122
648.55,289.56,123,122
646.27,286.88,123,122
644.35,287.64,123,122
642.43,284.96,123,122
650.48,285.72,123,122
648.19,283.04,123,122
646.27,283.8,123,122
644.35,281.11,123,122
642.43,281.87,123,122
640.5,289.16,123,122
638.58,286.88,123,122
626.69,287.64,123,122
623.83,284.96,123,122
621.29,285.72,123,122
609.39,293.01,123,122
606.53,290.72,123,122
594.02,291.48,123,122
581.13,288.8,123,122
559.06,289.56,123,122
546.54,286.88,123,122
524.46,287.64,123,122
511.95,284.96,123,122
499.84,285.72,123,122
496.99,283.04,123,122
494.44,293.99,123,122
482.55,290.72,123,122
489.71,291.48,123,122
477.35,288.8,123,122
475.22,289.56,123,122
483.27,286.88,123,122
490.96,287.64,123,122
488.68,294.93,123,122
496.73,292.64,123,122
494.44,293.41,123,122
492.52,290.72,123,122
500.57,301.68,123,122
498.29,298.41,123,122
496.36,299.17,123,122
504.41,296.49,123,122
512.1,297.25,123,122
509.82,304.54,123,122
507.89,302.25,123,122
515.95,303.02,123,122
513.66,300.33,123,122
521.71,301.09,123,122
519.43,298.41,123,122
527.48,299.17,123,122
535.16,286.52,123,122
532.88,283.04,123,122
540.93,283.8,123,122
538.64,281.11,123,122
546.7,281.87,123,122
554.38,279.19,123,122
552.1,279.95,123,122
560.15,267.3,123,122
567.84,273.79,123,122
575.52,271.5,123,122
573.24,272.27,123,122
571.32,269.58,123,122
579.37,280.54,123,122
577.08,277.27,123,122
585.13,278.03,123,122
582.85,285.32,123,122
580.93,283.04,123,122
579,283.8,123,122
567.11,291.09,123,122
564.25,288.8,123,122
551.73,299.76,123,122
538.85,306.46,123,122
536.72,314.15,123,122
524.83,321.84,123,122
521.97,319.55,123,122
519.43,330.51,123,122
517.5,327.24,123,122
515.58,328,123,122
523.63,335.29,123,122
531.32,333,123,122
539.01,343.96,123,122
536.72,340.69,123,122
544.77,341.45,123,122
542.49,348.74,123,122
540.57,346.46,123,122
538.64,357.42,123,122
546.7,354.14,123,122
544.41,365.1,123,122
542.49,361.83,123,122
550.54,372.79,123,122
548.25,369.52,123,122
546.33,370.28,123,122
544.41,367.6,123,122
542.49,378.56,123,122
540.57,375.29,123,122
538.64,376.05,123,122
526.75,373.36,123,122
523.89,374.12,123,122
521.35,371.44,123,122
519.43,372.2,123,122
517.5,369.52,123,122
525.55,370.28,123,122
523.27,367.6,123,122
521.35,368.36,123,122
519.43,365.68,123,122
527.48,356.24,123,122
525.19,354.14,123,122
533.24,354.91,123,122
540.93,352.22,123,122
548.62,352.98,123,122
556.3,340.33,123,122
563.99,346.82,123,122
571.68,344.54,123,122
579.37,345.3,123,122
587.05,342.61,123,122
584.77,343.37,123,122
592.82,340.69,123,122
600.51,341.45,123,122
598.22,338.77,123,122
596.3,339.53,123,122
604.35,336.85,123,122
602.07,327.41,123,122
600.14,325.32,123,122
598.22,326.08,123,122
606.27,323.39,123,122
603.99,324.16,123,122
602.07,321.47,123,122
610.12,332.43,123,122
607.83,339.13,123,122
605.91,336.85,123,122
613.96,347.81,123,122
611.68,354.51,123,122
609.75,352.22,123,122
607.83,363.18,123,122
595.94,359.91,123,122
593.08,360.67,123,122
590.54,357.99,123,122
588.61,368.95,123,122
586.69,355.7,123,122
584.77,362.2,123,122
572.87,359.91,123,122
570.02,360.67,123,122
567.47,357.99,123,122
565.55,358.75,123,122
563.63,356.07,123,122
551.73,356.83,123,122
548.88,354.14,123,122
546.33,365.1,123,122
544.41,361.83,123,122
542.49,362.59,123,122
540.57,359.91,123,122
538.64,360.67,123,122
536.72,357.99,123,122
534.8,368.95,123,122
532.88,365.68,123,122
530.96,366.44,123,122
529.04,363.75,123,122
537.09,364.52,123,122
534.8,361.83,123,122
532.88,362.59,123,122
530.96,349.94,123,122
529.04,336.48,123,122
527.11,333,123,122
525.19,323.57,123,122
533.24,321.47,123,122
530.96,322.23,123,122
529.04,309.58,123,122
537.09,316.07,123,122
534.8,313.79,123,122
532.88,314.55,123,122
540.93,311.86,123,122
548.62,312.62,123,122
546.33,309.94,123,122
554.38,310.7,123,122
552.1,308.02,123,122
560.15,308.78,123,122
557.86,296.12,123,122
555.94,292.64,123,122
554.02,293.41,123,122
552.1,290.72,123,122
560.15,281.29,123,122
557.86,279.19,123,122
565.91,279.95,123,122
563.63,267.3,123,122
571.68,273.79,123,122
569.39,271.5,123,122
577.45,272.27,123,122
575.16,269.58,123,122
573.24,280.54,123,122
581.29,287.24,123,122
579,304.9,123,122
587.05,312.23,123,122
584.77,319.91,123,122
582.85,317.63,123,122
580.93,328.59,123,122
579,325.32,123,122
577.08,336.27,123,122
575.16,333,123,122
573.24,333.77,123,122
581.29,331.08,123,122
579,331.84,123,122
577.08,329.16,123,122
575.16,329.92,123,122
583.21,327.24,123,122
580.93,328,123,122
588.98,325.32,123,122
586.69,326.08,123,122
584.77,323.39,123,122
582.85,334.35,123,122
580.93,331.08,123,122
579,331.84,123,122
577.08,339.13,123,122
575.16,336.85,123,122
573.24,337.61,123,122
571.32,334.93,123,122
559.42,335.69,123,122
556.56,333,123,122
554.02,343.96,123,122
552.1,340.69,123,122
560.15,341.45,123,122
557.86,338.77,123,122
555.94,339.53,123,122
563.99,336.85,123,122
561.71,337.61,123,122
559.79,334.93,123,122
567.84,335.69,123,122
565.55,333,123,122
573.6,333.77,123,122
571.32,331.08,123,122
579.37,331.84,123,122
587.05,319.19,123,122
594.74,315.71,123,122
602.43,316.47,123,122
610.12,313.79,123,122
617.8,314.55,123,122
615.52,311.86,123,122
623.57,302.43,123,122
621.29,300.33,123,122
629.34,301.09,123,122
627.05,298.41,123,122
625.13,299.17,123,122
633.18,286.52,123,122
630.89,283.04,123,122
638.95,283.8,123,122
646.63,281.11,123,122
644.35,292.07,123,122
652.4,288.8,123,122
650.11,289.56,123,122
658.16,286.88,123,122
655.88,287.64,123,122
653.96,284.96,123,122
662.01,285.72,123,122
659.72,273.06,123,122
657.8,269.58,123,122
655.88,260.15,123,122
653.96,258.05,123,122
652.04,248.62,123,122
650.11,246.52,123,122
648.19,247.28,123,122
646.27,244.6,123,122
644.35,245.36,123,122
642.43,242.68,123,122
640.5,243.44,123,122
638.58,240.75,123,122
636.66,241.52,123,122
634.74,248.8,123,122
632.82,256.49,123,122
640.87,264.18,123,122
638.58,271.87,123,122
636.66,279.55,123,122
634.74,287.24,123,122
632.82,294.93,123,122
630.89,302.62,123,122
628.97,310.3,123,122
627.05,308.02,123,122
625.13,318.98,123,122
623.21,315.71,123,122
621.29,316.47,123,122
619.36,313.79,123,122
607.47,324.74,123,122
604.61,321.47,123,122
602.07,332.43,123,122
590.17,329.16,123,122
587.31,329.92,123,122
584.77,327.24,123,122
582.85,328,123,122
580.93,315.34,123,122
579,311.86,123,122
577.08,312.62,123,122
575.16,309.94,123,122
583.21,310.7,123,122
580.93,308.02,123,122
588.98,308.78,123,122
586.69,306.1,123,122
584.77,306.86,123,122
582.85,304.18,123,122
590.9,294.74,123,122
588.61,292.64,123,122
586.69,283.21,123,122
584.77,281.11,123,122
592.82,271.68,123,122
590.54,269.58,123,122
588.61,260.15,123,122
596.66,258.05,123,122
594.38,258.81,123,122
602.43,256.13,123,122
610.12,256.89,123,122
607.83,264.18,123,122
615.88,271.87,123,122
613.6,279.55,123,122
611.68,297.22,123,122
619.73,304.54,123,122
617.44,312.23,123,122
615.52,319.91,123,122
613.6,317.63,123,122
611.68,318.39,123,122
609.75,325.68,123,122
597.86,323.39,123,122
595,324.16,123,122
592.46,321.47,123,122
590.54,322.23,123,122
588.61,319.55,123,122
586.69,330.51,123,122
584.77,327.24,123,122
582.85,328,123,122
580.93,325.32,123,122
579,336.27,123,122
577.08,333,123,122
585.13,333.77,123,122
582.85,331.08,123,122
580.93,342.04,123,122
588.98,338.77,123,122
586.69,339.53,123,122
584.77,346.82,123,122
592.82,344.54,123,122
590.54,345.3,123,122
588.61,352.59,123,122
586.69,350.3,123,122
584.77,351.06,123,122
582.85,338.41,123,122
580.93,344.9,123,122
579,342.61,123,122
577.08,343.37,123,122
575.16,330.72,123,122
573.24,327.24,123,122
561.34,328,123,122
558.49,315.34,123,122
555.94,311.86,123,122
554.02,302.43,123,122
542.12,300.33,123,122
549.29,301.09,123,122
546.96,298.41,123,122
554.38,299.17,123,122
552.1,296.49,123,122
550.18,307.45,123,122
558.23,304.18,123,122
555.94,304.94,123,122
554.02,302.25,123,122
562.07,292.82,123,122
559.79,290.72,123,122
567.84,281.29,123,122
565.55,279.19,123,122
563.63,269.76,123,122
561.71,267.66,123,122
569.76,258.23,123,122
577.45,256.13,123,122
575.16,256.89,123,122
583.21,254.21,123,122
590.9,254.97,123,122
598.59,262.26,123,122
606.27,269.95,123,122
603.99,267.66,123,122
602.07,278.62,123,122
610.12,275.35,123,122
607.83,286.31,123,122
605.91,283.04,123,122
603.99,283.8,123,122
592.09,281.11,123,122
589.24,281.87,123,122
576.72,279.19,123,122
573.86,279.95,123,122
561.34,277.27,123,122
548.46,288.23,123,122
536.36,284.96,123,122
533.5,306.11,123,122
520.98,317.06,123,122
518.13,313.79,123,122
515.58,324.74,123,122
513.66,321.47,123,122
501.77,332.43,123,122
498.91,329.16,123,122
486.39,340.12,123,122
473.51,336.85,123,122
461.41,347.81,123,122
458.55,354.51,123,122
456,352.22,123,122
454.08,352.98,123,122
452.16,360.27,123,122
450.24,357.99,123,122
438.34,368.95,123,122
445.51,365.68,123,122
433.15,376.63,123,122
431.02,373.36,123,122
429.1,374.12,123,122
417.2,381.41,123,122
414.35,379.13,123,122
411.8,379.89,123,122
409.88,377.21,123,122
397.98,388.17,123,122
405.15,374.92,123,122
402.81,371.44,123,122
400.27,362.01,123,122
398.35,349.94,123,122
396.43,346.46,123,122
394.5,347.22,123,122
392.58,344.54,123,122
390.66,335.1,123,122
388.74,333,123,122
386.82,333.77,123,122
394.87,321.11,123,122
392.58,317.63,123,122
390.66,318.39,123,122
398.71,315.71,123,122
406.4,316.47,123,122
414.09,313.79,123,122
411.8,314.55,123,122
419.85,301.89,123,122
427.54,298.41,123,122
435.23,299.17,123,122
432.94,296.49,123,122
440.99,297.25,123,122
448.68,304.54,123,122
446.39,312.23,123,122
454.45,309.94,123,122
462.13,320.9,123,122
459.85,317.63,123,122
457.93,328.59,123,122
465.98,325.32,123,122
463.69,326.08,123,122
461.77,333.37,123,122
469.82,331.08,123,122
467.54,331.84,123,122
465.61,339.13,123,122
463.69,336.85,123,122
451.8,337.61,123,122
448.94,334.93,123,122
446.39,335.69,123,122
444.47,333,123,122
432.58,333.77,123,122
429.72,331.08,123,122
427.18,331.84,123,122
425.25,319.19,123,122
423.33,325.68,123,122
421.41,323.39,123,122
419.49,324.16,123,122
427.54,321.47,123,122
425.25,322.23,123,122
423.33,319.55,123,122
421.41,320.31,123,122
419.49,317.63,123,122
417.57,318.39,123,122
415.64,315.71,123,122
423.7,316.47,123,122
421.41,313.79,123,122
419.49,314.55,123,122
427.54,301.89,123,122
425.25,308.38,123,122
433.3,296.12,123,122
431.02,302.62,123,122
439.07,300.33,123,122
446.76,301.09,123,122
454.45,288.44,123,122
462.13,284.96,123,122
459.85,285.72,123,122
457.93,283.04,123,122
465.98,283.8,123,122
463.69,271.14,123,122
461.77,277.63,123,122
469.82,265.37,123,122
467.54,261.89,123,122
465.61,262.66,123,122
463.69,259.97,123,122
471.74,250.54,123,122
469.46,248.44,123,122
467.54,259.4,123,122
475.59,256.13,123,122
473.3,267.09,123,122
481.35,263.82,123,122
489.04,274.77,123,122
486.75,281.48,123,122
494.8,289.16,123,122
492.52,296.85,123,122
500.57,304.54,123,122
508.26,302.25,123,122
505.97,313.21,123,122
514.02,309.94,123,122
511.74,300.51,123,122
509.82,298.41,123,122
507.89,288.98,123,122
505.97,286.88,123,122
504.05,287.64,123,122
512.1,284.96,123,122
509.82,295.92,123,122
507.89,292.64,123,122
505.97,303.6,123,122
514.02,300.33,123,122
511.74,301.09,123,122
509.82,308.38,123,122
507.89,306.1,123,122
505.97,317.06,123,122
504.05,313.79,123,122
512.1,314.55,123,122
499.84,311.86,123,122
496.99,312.62,123,122
494.44,299.97,123,122
492.52,306.46,123,122
490.6,304.18,123,122
488.68,315.13,123,122
496.73,311.86,123,122
494.44,312.62,123,122
492.52,309.94,123,122
490.6,310.7,123,122
488.68,298.05,123,122
496.73,294.57,123,122
494.44,295.33,123,122
502.49,292.64,123,122
510.18,283.21,123,122
507.89,271.14,123,122
505.97,267.66,123,122
514.02,258.23,123,122
511.74,256.13,123,122
519.79,256.89,123,122
527.48,254.21,123,122
525.19,265.17,123,122
533.24,271.87,123,122
530.96,279.55,123,122
529.04,297.22,123,122
527.11,304.54,123,122
535.16,312.23,123,122
532.88,319.91,123,122
530.96,317.63,123,122
529.04,328.59,123,122
537.09,325.32,123,122
534.8,326.08,123,122
532.88,323.39,123,122
530.96,324.16,123,122
539.01,321.47,123,122
536.72,322.23,123,122
544.77,309.58,123,122
542.49,306.1,123,122
550.54,306.86,123,122
558.23,304.18,123,122
555.94,304.94,123,122
563.99,292.28,123,122
561.71,288.8,123,122
569.76,279.37,123,122
567.47,277.27,123,122
575.52,267.83,123,122
573.24,255.77,123,122
571.32,252.29,123,122
569.39,253.05,123,122
577.45,240.39,123,122
575.16,236.91,123,122
573.24,247.87,123,122
571.32,234.62,123,122
569.39,231.14,123,122
557.5,242.1,123,122
554.64,228.86,123,122
552.1,225.38,123,122
540.2,226.14,123,122
547.37,223.46,123,122
545.03,224.22,123,122
542.49,211.56,123,122
540.57,208.08,123,122
538.64,208.84,123,122
536.72,206.16,123,122
544.77,206.92,123,122
542.49,204.24,123,122
540.57,215.2,123,122
538.64,221.9,123,122
536.72,229.59,123,122
534.8,237.27,123,122
542.85,244.96,123,122
540.57,242.68,123,122
538.64,253.63,123,122
536.72,250.36,123,122
534.8,251.12,123,122
532.88,248.44,123,122
520.98,249.2,123,122
518.13,246.52,123,122
515.58,247.28,123,122
503.69,234.62,123,122
500.83,231.14,123,122
498.29,231.91,123,122
496.36,229.22,123,122
494.44,229.98,123,122
492.52,227.3,123,122
490.6,228.06,123,122
488.68,225.38,123,122
496.73,226.14,123,122
504.41,223.46,123,122
512.1,224.22,123,122
519.79,221.54,123,122
537.45,222.3,123,122
544.77,219.61,123,122
552.46,220.37,123,122
550.18,217.69,123,122
558.23,218.45,123,122
555.94,215.77,123,122
563.99,216.53,123,122
561.71,213.85,123,122
569.76,214.61,123,122
567.47,211.93,123,122
565.55,212.69,123,122
563.63,210,123,122
561.71,210.77,123,122
549.81,208.08,123,122
546.96,219.04,123,122
544.41,215.77,123,122
542.49,226.73,123,122
540.57,223.46,123,122
538.64,234.42,123,122
536.72,241.12,123,122
534.8,238.83,123,122
542.85,239.59,123,122
540.57,236.91,123,122
538.64,237.67,123,122
536.72,234.99,123,122
534.8,235.75,123,122
532.88,233.07,123,122
530.96,233.83,123,122
530.96,233.83,123,122
519.06,241.12,123,122
516.21,238.83,123,122
513.66,249.79,123,122
511.74,246.52,123,122
509.82,247.28,123,122
507.89,244.6,123,122
507.89,244.6,123,122
496,245.36,123,122
493.14,242.68,123,122
490.6,243.44,123,122
488.68,240.75,123,122
486.75,241.52,123,122
474.86,248.8,123,122
474.86,248.8,123,122
461.98,246.52,123,122
449.87,247.28,123,122
447.02,244.6,123,122
444.47,245.36,123,122
442.55,242.68,123,122
440.63,243.44,123,122
428.73,250.73,123,122
435.9,248.44,123,122
433.56,249.2,123,122
431.02,246.52,123,122
429.1,247.28,123,122
437.15,244.6,123,122
444.84,245.36,123,122
452.52,232.7,123,122
460.21,239.2,123,122
467.9,236.91,123,122
475.59,237.67,123,122
483.27,234.99,123,122
490.96,235.75,123,122
498.65,223.09,123,122
496.36,229.59,123,122
504.41,227.3,123,122
502.13,228.06,123,122
510.18,225.38,123,122
507.89,226.14,123,122
505.97,223.46,123,122
514.02,224.22,123,122
511.74,221.54,123,122
509.82,222.3,123,122
507.89,219.61,123,122
505.97,220.37,123,122
504.05,217.69,123,122
502.13,218.45,123,122
500.21,215.77,123,122
498.29,226.73,123,122
496.36,223.46,123,122
484.47,244.61,123,122
491.64,255.56,123,122
479.27,262.26,123,122
477.14,269.95,123,122
475.22,277.63,123,122
473.3,285.32,123,122
481.35,293.01,123,122
479.07,300.7,123,122
487.12,298.41,123,122
494.8,299.17,123,122
492.52,296.49,123,122
490.6,297.25,123,122
498.65,284.59,123,122
496.36,271.14,123,122
494.44,267.66,123,122
492.52,268.42,123,122
490.6,265.74,123,122
498.65,256.3,123,122
496.36,254.21,123,122
504.41,254.97,123,122
502.13,242.31,123,122
500.21,238.83,123,122
508.26,239.59,123,122
505.97,226.94,123,122
514.02,233.43,123,122
511.74,221.17,123,122
509.82,217.69,123,122
507.89,218.45,123,122
505.97,215.77,123,122
504.05,216.53,123,122
502.13,213.85,123,122
490.23,204.41,123,122
487.38,202.32,123,122
484.83,203.08,123,122
482.91,190.42,123,122
480.99,186.94,123,122
479.07,187.7,123,122
467.17,185.02,123,122
464.31,185.78,123,122
461.77,183.1,123,122
459.85,183.86,123,122
447.95,181.18,123,122
445.1,181.94,123,122
432.58,179.25,123,122
419.7,180.02,123,122
407.59,167.36,123,122
404.74,163.88,123,122
402.19,174.84,123,122
400.27,171.57,123,122
408.32,172.33,123,122
406.04,169.64,123,122
414.09,170.41,123,122
421.77,157.75,123,122
419.49,154.27,123,122
427.54,155.03,123,122
425.25,152.35,123,122
433.3,142.91,123,122
431.02,130.84,123,122
429.1,127.36,123,122
427.18,117.93,123,122
425.25,115.83,123,122
423.33,106.4,123,122
421.41,104.3,123,122
409.52,105.06,123,122
416.68,102.38,123,122
414.35,103.14,123,122
411.8,100.46,123,122
409.88,101.22,123,122
407.96,98.535,123,122
396.06,99.297,123,122
393.21,96.613,123,122
390.66,97.375,123,122
388.74,94.691,123,122
386.82,95.453,123,122
374.92,92.769,123,122
372.06,93.531,123,122
369.52,90.848,123,122
367.6,101.81,123,122
365.68,98.535,123,122
363.75,109.49,123,122
351.86,106.22,123,122
349,117.18,123,122
346.46,113.91,123,122
344.54,114.67,123,122
342.61,121.96,123,122
340.69,119.68,123,122
338.77,130.63,123,122
336.85,137.34,123,122
334.93,145.02,123,122
333,152.71,123,122
331.08,160.4,123,122
329.16,158.11,123,122
327.24,169.07,123,122
325.32,175.77,123,122
333.37,173.49,123,122
341.05,184.45,123,122
348.74,191.15,123,122
356.43,198.84,123,122
364.12,196.55,123,122
361.83,197.31,123,122
369.88,194.63,123,122
367.6,205.59,123,122
375.65,192.34,123,122
383.34,188.86,123,122
391.02,179.43,123,122
398.71,167.36,123,122
406.4,153.91,123,122
414.09,150.43,123,122
421.77,140.99,123,122
429.46,138.89,123,122
447.12,139.66,123,122
444.47,146.95,123,122
452.52,154.63,123,122
460.21,162.32,123,122
467.9,160.04,123,122
465.61,170.99,123,122
463.69,177.7,123,122
471.74,175.41,123,122
469.46,186.37,123,122
467.54,183.1,123,122
465.61,183.86,123,122
473.66,181.18,123,122
471.38,192.13,123,122
479.43,188.86,123,122
477.14,199.82,123,122
475.22,196.55,123,122
473.3,207.51,123,122
471.38,214.21,123,122
469.46,211.93,123,122
467.54,212.69,123,122
455.64,219.98,123,122
452.78,217.69,123,122
440.27,218.45,123,122
437.41,225.74,123,122
434.86,223.46,123,122
432.94,234.42,123,122
431.02,231.14,123,122
429.1,231.91,123,122
427.18,229.22,123,122
425.25,240.18,123,122
423.33,236.91,123,122
421.41,247.87,123,122
419.49,244.6,123,122
417.57,245.36,123,122
415.64,242.68,123,122
413.72,253.63,123,122
421.77,250.36,123,122
419.49,251.12,123,122
427.54,238.47,123,122
425.25,244.96,123,122
433.3,242.68,123,122
440.99,243.44,123,122
438.71,250.73,123,122
446.76,248.44,123,122
444.47,259.4,123,122
452.52,256.13,123,122
460.21,256.89,123,122
467.9,254.21,123,122
465.61,265.17,123,122
473.66,261.89,123,122
481.35,262.66,123,122
489.04,259.97,123,122
496.73,260.73,123,122
504.41,258.05,123,122
502.13,258.81,123,122
510.18,256.13,123,122
517.87,256.89,123,122
525.55,254.21,123,122
533.24,254.97,123,122
540.93,252.29,123,122
538.64,253.05,123,122
546.7,250.36,123,122
554.38,251.12,123,122
552.1,248.44,123,122
560.15,249.2,123,122
557.86,246.52,123,122
555.94,247.28,123,122
554.02,254.57,123,122
562.07,262.26,123,122
559.79,269.95,123,122
557.86,277.63,123,122
555.94,285.32,123,122
554.02,283.04,123,122
552.1,293.99,123,122
560.15,280.75,123,122
557.86,277.27,123,122
555.94,278.03,123,122
563.99,275.35,123,122
561.71,276.11,123,122
559.79,273.43,123,122
557.86,274.19,123,122
555.94,271.5,123,122
554.02,272.27,123,122
552.1,269.58,123,122
550.18,270.34,123,122
548.25,267.66,123,122
546.33,278.62,123,122
534.44,275.35,123,122
531.58,286.31,123,122
529.04,283.04,123,122
517.14,293.99,123,122
514.28,290.72,123,122
501.77,291.48,123,122
498.91,288.8,123,122
496.36,289.56,123,122
494.44,276.91,123,122
482.55,273.43,123,122
479.69,274.19,123,122
477.14,281.48,123,122
475.22,279.19,123,122
483.27,279.95,123,122
480.99,277.27,123,122
479.07,278.03,123,122
487.12,275.35,123,122
484.83,276.11,123,122
482.91,283.4,123,122
490.96,281.11,123,122
498.65,281.87,123,122
506.34,279.19,123,122
514.02,279.95,123,122
511.74,277.27,123,122
519.79,267.83,123,122
527.48,265.74,123,122
525.19,256.3,123,122
533.24,244.23,123,122
530.96,240.75,123,122
539.01,231.32,123,122
536.72,219.25,123,122
544.77,215.77,123,122
542.49,216.53,123,122
550.54,213.85,123,122
548.25,214.61,123,122
546.33,211.93,123,122
544.41,212.69,123,122
552.46,219.98,123,122
550.18,217.69,123,122
548.25,228.65,123,122
556.3,235.35,123,122
554.02,243.04,123,122
562.07,240.75,123,122
559.79,251.71,123,122
557.86,248.44,123,122
555.94,259.4,123,122
563.99,256.13,123,122
561.71,256.89,123,122
559.79,254.21,123,122
557.86,265.17,123,122
555.94,261.89,123,122
554.02,262.66,123,122
542.12,259.97,123,122
529.24,260.73,123,122
527.11,258.05,123,122
515.22,269.01,123,122
502.34,275.71,123,122
500.21,283.4,123,122
498.29,281.11,123,122
486.39,292.07,123,122
483.53,288.8,123,122
480.99,299.76,123,122
479.07,296.49,123,122
477.14,297.25,123,122
485.2,294.57,123,122
482.91,305.52,123,122
490.96,302.25,123,122
488.68,303.02,123,122
496.73,300.33,123,122
494.44,301.09,123,122
492.52,298.41,123,122
500.57,309.37,123,122
498.29,306.1,123,122
506.34,306.86,123,122
504.05,304.18,123,122
512.1,304.94,123,122
509.82,302.25,123,122
507.89,303.02,123,122
515.95,300.33,123,122
513.66,290.9,123,122
521.71,278.83,123,122
519.43,265.37,123,122
517.5,261.89,123,122
525.55,242.26,123,122
523.27,238.83,123,122
521.35,229.4,123,122
529.4,217.33,123,122
527.11,213.85,123,122
545.14,214.61,123,122
552.46,211.93,123,122
560.15,212.69,123,122
567.84,219.98,123,122
575.52,217.69,123,122
583.21,228.65,123,122
590.9,225.38,123,122
588.61,236.34,123,122
596.66,233.07,123,122
594.38,233.83,123,122
592.46,231.14,123,122
590.54,231.91,123,122
588.61,229.22,123,122
586.69,229.98,123,122
574.8,237.27,123,122
571.94,234.99,123,122
569.39,235.75,123,122
557.5,243.04,123,122
554.64,240.75,123,122
552.1,251.71,123,122
550.18,248.44,123,122
548.25,249.2,123,122
546.33,256.49,123,122
544.41,254.21,123,122
542.49,265.17,123,122
540.57,271.87,123,122
548.62,269.58,123,122
546.33,280.54,123,122
544.41,277.27,123,122
542.49,288.23,123,122
550.54,284.96,123,122
548.25,285.72,123,122
556.3,283.04,123,122
554.02,293.99,123,122
562.07,290.72,123,122
559.79,291.48,123,122
567.84,288.8,123,122
565.55,289.56,123,122
563.63,286.88,123,122
561.71,297.84,123,122
559.79,294.57,123,122
557.86,295.33,123,122
565.91,292.64,123,122
553.66,303.6,123,122
550.8,290.36,123,122
538.28,296.85,123,122
535.42,294.57,123,122
522.91,295.33,123,122
530.07,292.64,123,122
527.74,293.41,123,122
525.19,300.7,123,122
533.24,298.41,123,122
530.96,299.17,123,122
539.01,296.49,123,122
536.72,297.25,123,122
534.8,294.57,123,122
542.85,295.33,123,122
540.57,292.64,123,122
538.64,293.41,123,122
546.7,290.72,123,122
544.41,291.48,123,122
552.46,288.8,123,122
560.15,289.56,123,122
557.86,286.88,123,122
565.91,287.64,123,122
563.63,284.96,123,122
571.68,285.72,123,122
579.37,273.06,123,122
587.05,269.58,123,122
594.74,270.34,123,122
602.43,267.66,123,122
610.12,268.42,123,122
617.8,255.77,123,122
625.49,262.26,123,122
633.18,259.97,123,122
640.87,260.73,123,122
638.58,258.05,123,122
646.63,258.81,123,122
654.32,256.13,123,122
652.04,256.89,123,122
660.09,254.21,123,122
657.8,265.17,123,122
655.88,271.87,123,122
653.96,279.55,123,122
642.06,277.27,123,122
629.18,278.03,123,122
617.08,275.35,123,122
614.22,276.11,123,122
601.7,283.4,123,122
598.85,281.11,123,122
596.3,281.87,123,122
594.38,289.16,123,122
592.46,286.88,123,122
590.54,297.84,123,122
598.59,294.57,123,122
596.3,305.52,123,122
584.41,312.23,123,122
581.55,319.91,123,122
579,327.6,123,122
577.08,335.29,123,122
575.16,342.98,123,122
563.27,350.66,123,122
560.41,348.38,123,122
557.86,359.34,123,122
555.94,356.07,123,122
554.02,356.83,123,122
552.1,354.14,123,122
550.18,354.91,123,122
548.25,342.25,123,122
546.33,338.77,123,122
544.41,339.53,123,122
542.49,336.85,123,122
550.54,337.61,123,122
558.23,334.93,123,122
565.91,335.69,123,122
563.63,342.98,123,122
571.68,340.69,123,122
579.37,341.45,123,122
577.08,338.77,123,122
585.13,339.53,123,122
582.85,336.85,123,122
590.9,327.41,123,122
598.59,325.32,123,122
606.27,326.08,123,122
613.96,323.39,123,122
621.65,324.16,123,122
629.34,311.5,123,122
627.05,317.99,123,122
635.1,315.71,123,122
642.79,316.47,123,122
650.48,303.81,123,122
648.19,310.3,123,122
656.24,308.02,123,122
653.96,308.78,123,122
652.04,306.1,123,122
660.09,306.86,123,122
657.8,294.2,123,122
655.88,290.72,123,122
663.93,291.48,123,122
661.64,278.83,123,122
659.72,275.35,123,122
657.8,276.11,123,122
655.88,273.43,123,122
653.96,274.19,123,122
652.04,271.5,123,122
660.09,282.46,123,122
657.8,279.19,123,122
655.88,279.95,123,122
653.96,287.24,123,122
662.01,284.96,123,122
649.75,285.72,123,122
646.89,283.04,123,122
644.35,283.8,123,122
632.45,281.11,123,122
629.6,281.87,123,122
627.05,279.19,123,122
615.16,290.15,123,122
612.3,286.88,123,122
609.75,287.64,123,122
597.86,284.96,123,122
605.03,285.72,123,122
602.69,293.01,123,122
600.14,290.72,123,122
598.22,291.48,123,122
596.3,288.8,123,122
594.38,299.76,123,122
592.46,296.49,123,122
590.54,297.25,123,122
598.59,304.54,123,122
596.3,302.25,123,122
604.35,313.21,123,122
602.07,309.94,123,122
600.14,310.7,123,122
598.22,308.02,123,122
596.3,308.78,123,122
594.38,306.1,123,122
592.46,306.86,123,122
600.51,294.2,123,122
598.22,290.72,123,122
606.27,291.48,123,122
603.99,278.83,123,122
612.04,275.35,123,122
609.75,276.11,123,122
607.83,263.45,123,122
615.88,259.97,123,122
613.6,260.73,123,122
621.65,248.08,123,122
629.34,244.6,123,122
637.02,245.36,123,122
634.74,232.7,123,122
642.79,229.22,123,122
640.5,229.98,123,122
648.55,217.33,123,122
646.27,223.82,123,122
644.35,231.51,123,122
652.4,229.22,123,122
650.11,240.18,123,122
648.19,236.91,123,122
646.27,247.87,123,122
644.35,244.6,123,122
642.43,255.56,123,122
640.5,262.26,123,122
628.61,259.97,123,122
625.75,270.93,123,122
623.21,267.66,123,122
621.29,268.42,123,122
609.39,265.74,123,122
606.53,266.5,123,122
603.99,263.82,123,122
592.09,264.58,123,122
589.24,261.89,123,122
586.69,272.85,123,122
584.77,279.55,123,122
582.85,277.27,123,122
580.93,288.23,123,122
588.98,284.96,123,122
586.69,285.72,123,122
584.77,293.01,123,122
582.85,290.72,123,122
580.93,291.48,123,122
579,288.8,123,122
577.08,289.56,123,122
575.16,286.88,123,122
573.24,277.44,123,122
571.32,275.35,123,122
559.42,276.11,123,122
546.54,273.43,123,122
534.44,274.19,123,122
521.56,271.5,123,122
509.45,262.07,123,122
506.6,259.97,123,122
494.08,260.73,123,122
481.2,258.05,123,122
479.07,258.81,123,122
477.14,256.13,123,122
475.22,267.09,123,122
473.3,263.82,123,122
481.35,274.77,123,122
489.04,271.5,123,122
496.73,282.46,123,122
504.41,279.19,123,122
512.1,290.15,123,122
519.79,286.88,123,122
527.48,297.84,123,122
525.19,294.57,123,122
523.27,295.33,123,122
521.35,292.64,123,122
519.43,293.41,123,122
527.48,280.75,123,122
525.19,287.24,123,122
523.27,274.98,123,122
521.35,271.5,123,122
519.43,272.27,123,122
527.48,269.58,123,122
525.19,270.34,123,122
533.24,267.66,123,122
550.9,268.42,123,122
558.23,265.74,123,122
565.91,266.5,123,122
583.57,263.82,123,122
590.9,254.38,123,122
598.59,252.29,123,122
606.27,253.05,123,122
613.96,250.36,123,122
611.68,251.12,123,122
619.73,248.44,123,122
617.44,249.2,123,122
615.52,246.52,123,122
623.57,247.28,123,122
621.29,244.6,123,122
619.36,245.36,123,122
627.41,242.68,123,122
625.13,243.44,123,122
623.21,240.75,123,122
621.29,251.71,123,122
619.36,248.44,123,122
617.44,259.4,123,122
605.55,266.1,123,122
602.69,263.82,123,122
600.14,274.77,123,122
598.22,281.48,123,122
596.3,289.16,123,122
594.38,286.88,123,122
592.46,297.84,123,122
590.54,294.57,123,122
578.64,295.33,123,122
575.78,292.64,123,122
573.24,303.6,123,122
571.32,300.33,123,122
569.39,301.09,123,122
567.47,298.41,123,122
565.55,299.17,123,122
563.63,306.46,123,122
561.71,304.18,123,122
559.79,304.94,123,122
557.86,302.25,123,122
555.94,313.21,123,122
554.02,309.94,123,122
552.1,310.7,123,122
560.15,298.05,123,122
557.86,304.54,123,122
555.94,302.25,123,122
554.02,303.02,123,122
552.1,300.33,123,122
550.18,301.09,123,122
558.23,298.41,123,122
555.94,299.17,123,122
563.99,296.49,123,122
561.71,297.25,123,122
569.76,284.59,123,122
567.47,291.09,123,122
565.55,288.8,123,122
563.63,289.56,123,122
571.68,276.91,123,122
569.39,273.43,123,122
567.47,274.19,123,122
565.55,261.53,123,122
573.6,258.05,123,122
571.32,258.81,123,122
569.39,256.13,123,122
567.47,256.89,123,122
575.52,254.21,123,122
573.24,254.97,123,122
581.29,252.29,123,122
588.98,253.05,123,122
596.66,250.36,123,122
594.38,261.32,123,122
602.43,248.08,123,122
600.14,254.57,123,122
598.22,252.29,123,122
606.27,253.05,123,122
603.99,250.36,123,122
602.07,251.12,123,122
600.14,248.44,123,122
588.25,249.2,123,122
575.37,256.49,123,122
573.24,254.21,123,122
571.32,265.17,123,122
559.42,261.89,123,122
566.59,262.66,123,122
564.25,259.97,123,122
561.71,270.93,123,122
559.79,267.66,123,122
557.86,268.42,123,122
565.91,265.74,123,122
563.63,276.7,123,122
561.71,273.43,123,122
559.79,274.19,123,122
557.86,281.48,123,122
555.94,279.19,123,122
554.02,279.95,123,122
552.1,277.27,123,122
550.18,288.23,123,122
548.25,284.96,123,122
546.33,295.92,123,122
544.41,302.62,123,122
542.49,300.33,123,122
540.57,301.09,123,122
548.62,308.38,123,122
546.33,306.1,123,122
544.41,306.86,123,122
552.46,304.18,123,122
550.18,315.13,123,122
548.25,311.86,123,122
546.33,312.62,123,122
544.41,309.94,123,122
542.49,320.9,123,122
540.57,307.66,123,122
538.64,314.15,123,122
536.72,311.86,123,122
534.8,312.62,123,122
532.88,309.94,123,122
530.96,320.9,123,122
529.04,317.63,123,122
527.11,308.19,123,122
535.16,296.12,123,122
522.91,292.64,123,122
530.07,293.41,123,122
537.76,280.75,123,122
545.45,287.24,123,122
553.14,274.98,123,122
560.82,281.48,123,122
568.51,279.19,123,122
576.2,279.95,123,122
583.89,277.27,123,122
581.55,288.23,123,122
588.98,284.96,123,122
586.69,285.72,123,122
594.74,283.04,123,122
592.46,283.8,123,122
590.54,281.11,123,122
588.61,281.87,123,122
586.69,279.19,123,122
584.77,279.95,123,122
582.85,277.27,123,122
580.93,288.23,123,122
588.98,284.96,123,122
586.69,295.92,123,122
584.77,292.64,123,122
572.87,303.6,123,122
570.02,300.33,123,122
567.47,311.29,123,122
565.55,317.99,123,122
563.63,325.68,123,122
561.71,333.37,123,122
559.79,341.05,123,122
557.86,338.77,123,122
565.91,349.73,123,122
563.63,346.46,123,122
561.71,347.22,123,122
559.79,344.54,123,122
557.86,345.3,123,122
565.91,342.61,123,122
563.63,343.37,123,122
561.71,340.69,123,122
569.76,341.45,123,122
567.47,338.77,123,122
575.52,339.53,123,122
573.24,336.85,123,122
581.29,337.61,123,122
588.98,324.95,123,122
586.69,331.45,123,122
594.74,329.16,123,122
592.46,329.92,123,122
600.51,327.24,123,122
598.22,328,123,122
596.3,325.32,123,122
604.35,326.08,123,122
602.07,323.39,123,122
610.12,324.16,123,122
607.83,321.47,123,122
605.91,332.43,123,122
613.96,329.16,123,122
611.68,329.92,123,122
609.75,327.24,123,122
607.83,328,123,122
605.91,325.32,123,122
603.99,326.08,123,122
602.07,323.39,123,122
600.14,334.35,123,122
598.22,331.08,123,122
606.27,352.24,123,122
594.02,342.79,123,122
601.18,340.69,123,122
598.85,341.45,123,122
596.3,338.77,123,122
604.35,339.53,123,122
602.07,336.85,123,122
610.12,337.61,123,122
607.83,334.93,123,122
605.91,325.49,123,122
603.99,313.42,123,122
602.07,299.97,123,122
600.14,296.49,123,122
598.22,287.05,123,122
596.3,274.98,123,122
594.38,251.56,123,122
592.46,238.47,123,122
590.54,225.02,123,122
598.59,201.59,123,122
596.3,188.5,123,122
604.35,185.02,123,122
631.99,175.58,123,122
589.5,273.22,123,122
596.66,279.55,123,122
594.38,277.27,123,122
602.43,288.23,123,122
610.12,284.96,123,122
617.8,285.72,123,122
625.49,283.04,123,122
633.18,283.8,123,122
650.84,281.11,123,122
658.16,281.87,123,122
665.85,279.19,123,122
673.54,300.35,123,122
671.25,290.9,123,122
659.36,388.53,123,122
656.5,394.87,123,122
663.93,402.55,123,122
661.64,390.3,123,122
659.72,386.82,123,122
657.8,377.38,123,122
655.88,375.29,123,122
653.96,386.24,123,122
652.04,402.92,123,122
660.09,390.3,123,122
657.8,406.76,123,122
655.88,444.01,123,122
653.96,460.57,123,122
652.04,467.9,123,122
660.09,455.64,123,122
657.8,462.13,123,122
655.88,469.82,123,122
653.96,497.45,123,122
662.01,494.44,123,122
659.72,505.4,123,122
657.8,512.1,123,122
645.91,489.87,123,122
653.07,486.75,123,122
650.74,497.71,123,122
638.22,494.44,123,122
645.39,505.4,123,122
643.05,502.13,123,122
640.5,513.09,123,122
638.58,509.82,123,122
636.66,510.58,123,122
634.74,507.89,123,122
632.82,498.46,123,122
630.89,496.36,123,122
619,537.91,123,122
616.14,544.77,123,122
613.6,542.49,123,122
621.65,522.86,123,122
619.36,509.45,123,122
617.44,505.97,123,122
625.49,506.73,123,122
633.18,494.08,123,122
630.89,480.62,123,122
638.95,467.17,123,122
636.66,473.66,123,122
634.74,461.41,123,122
642.79,467.9,123,122
660.45,475.59,123,122
667.77,463.33,123,122
675.46,469.82,123,122
683.15,467.54,123,122
690.84,468.3,123,122
698.52,455.64,123,122
696.24,452.16,123,122
704.29,432.53,123,122
711.98,429.1,123,122
709.69,419.66,123,122
707.77,397.62,123,122
705.85,384.53,123,122
723.87,381.05,123,122
721.22,381.81,123,122
719.3,379.13,123,122
717.38,369.69,123,122
715.46,377.57,123,122
713.54,395.23,123,122
711.61,402.55,123,122
709.69,400.27,123,122
707.77,411.23,123,122
705.85,407.96,123,122
703.93,418.92,123,122
711.98,415.64,123,122
709.69,416.41,123,122
707.77,423.7,123,122
705.85,421.41,123,122
693.95,432.37,123,122
691.1,429.1,123,122
688.55,429.86,123,122
686.63,427.18,123,122
704.65,427.94,123,122
682.06,425.25,123,122
679.56,426.02,123,122
677.02,423.33,123,122
675.1,413.9,123,122
683.15,411.8,123,122
680.86,412.56,123,122
688.91,419.85,123,122
686.63,457.46,123,122
694.68,444.11,123,122
702.37,450.6,123,122
650.22,478.24,123,122
648.19,475.22,123,122
646.27,475.98,123,122
644.35,473.3,123,122
642.43,474.06,123,122
640.5,481.35,123,122
638.58,479.07,123,122
636.66,469.63,123,122
604.82,437.62,123,122
622.01,464.78,123,122
669.23,461.77,123,122
666.11,462.53,123,122
663.57,429.93,123,122
661.64,427.18,123,122
659.72,427.94,123,122
657.8,425.25,123,122
685.8,456.61,123,122
653.33,404.22,123,122
690.84,462.03,123,122
708.5,469.82,123,122
715.82,477.51,123,122
723.51,465.25,123,122
731.2,461.77,123,122
738.88,462.53,123,122
746.57,449.87,123,122
754.26,436.42,123,122
751.97,432.94,123,122
760.02,433.7,123,122
737.79,401.1,123,122
735.3,388.37,123,122
732.75,384.89,123,122
730.83,395.85,123,122
728.91,392.58,123,122
726.99,383.15,123,122
715.09,391.02,123,122
712.24,388.74,123,122
709.69,389.5,123,122
707.77,396.79,123,122
705.85,404.48,123,122
733.84,422.14,123,122
731.46,429.46,123,122
718.94,427.18,123,122
706.06,407.54,123,122
733.84,434.03,123,122
701.38,411.07,123,122
698.78,417.93,123,122
696.24,425.62,123,122
694.32,413.36,123,122
692.39,419.85,123,122
690.47,427.54,123,122
688.55,435.23,123,122
686.63,442.91,123,122
684.71,470.55,123,122
692.76,457.56,123,122
690.47,464.05,123,122
688.55,471.74,123,122
686.63,479.43,123,122
684.71,487.12,123,122
682.79,494.8,123,122
680.86,502.49,123,122
678.94,530.13,123,122
677.02,507.17,123,122
705.02,543.94,123,122
702.63,530.59,123,122
680.14,507.17,123,122
677.64,504.05,123,122
675.1,525.21,123,122
693.12,525.95,123,122
690.47,523.27,123,122
708.5,524.03,123,122
695.87,521.35,123,122
693.02,522.11,123,122
690.47,509.45,123,122
678.58,486.03,123,122
695.77,502.86,123,122
682.99,480.26,123,122
680.86,477.14,123,122
678.94,488.1,123,122
696.97,484.83,123,122
684.34,455,123,122
701.54,472.11,123,122
718.83,469.46,123,122
726.11,470.22,123,122
733.79,467.54,123,122
741.48,458.1,123,122
749.17,456,123,122
756.86,456.77,123,122
744.49,484,123,122
762.31,461.04,123,122
749.69,467.9,123,122
766.88,455.64,123,122
764.13,452.16,123,122
751.61,452.92,123,122
738.73,460.21,123,122
726.62,457.93,123,122
723.77,458.69,123,122
711.25,446.03,123,122
708.39,442.55,123,122
705.85,453.51,123,122
703.93,450.24,123,122
692.03,451,123,122
699.2,458.29,123,122
696.86,396.17,123,122
684.34,462.39,123,122
691.51,459.85,123,122
689.17,460.61,123,122
686.63,467.9,123,122
694.68,465.61,123,122
692.39,466.38,123,122
690.47,453.72,123,122
688.55,450.24,123,122
686.63,451,123,122
684.71,438.34,123,122
682.79,454.81,123,122
680.86,462.13,123,122
668.97,459.85,123,122
666.11,460.61,123,122
663.57,457.93,123,122
671.62,458.69,123,122
639.41,446.03,123,122
626.69,452.52,123,122
623.83,450.24,123,122
611.31,461.2,123,122
608.46,457.93,123,122
605.91,468.88,123,122
594.02,465.61,123,122
601.18,466.38,123,122
578.8,463.69,123,122
565.76,474.65,123,122
553.66,491.32,123,122
560.82,488.68,123,122
558.49,499.63,123,122
555.94,496.36,123,122
554.02,507.32,123,122
552.1,504.05,123,122
550.18,494.62,123,122
558.23,502.49,123,122
565.91,490.23,123,122
563.63,486.75,123,122
561.71,487.52,123,122
589.7,474.86,123,122
597.34,461.41,123,122
605.03,457.93,123,122
612.71,448.49,123,122
620.4,446.39,123,122
628.09,436.96,123,122
635.78,434.86,123,122
643.46,425.43,123,122
651.15,423.33,123,122
658.84,424.09,123,122
656.5,421.41,123,122
663.93,422.17,123,122
661.64,409.52,123,122
669.7,406.04,123,122
667.41,406.8,123,122
665.49,404.11,123,122
663.57,404.87,123,122
661.64,402.19,123,122
659.72,413.15,123,122
647.83,409.88,123,122
644.97,420.84,123,122
642.43,427.54,123,122
640.5,425.25,123,122
638.58,436.21,123,122
636.66,432.94,123,122
634.74,443.9,123,122
632.82,440.63,123,122
630.89,441.39,123,122
609.03,438.71,123,122
606.53,439.47,123,122
603.99,426.81,123,122
602.07,433.3,123,122
620.09,431.02,123,122
617.44,431.78,123,122
615.52,429.1,123,122
613.6,440.06,123,122
601.7,436.79,123,122
598.85,437.55,123,122
596.3,424.89,123,122
594.38,431.38,123,122
582.48,439.07,123,122
599.68,446.76,123,122
627,444.47,123,122
674.99,363.66,123,122
671.88,369.88,123,122
599.52,317.73,123,122
606.95,305.73,123,122
594.59,322.2,123,122
592.46,319.55,123,122
590.54,330.51,123,122
588.61,327.24,123,122
586.69,328,123,122
584.77,325.32,123,122
582.85,326.08,123,122
580.93,323.39,123,122
569.03,324.16,123,122
576.2,321.47,123,122
573.86,322.23,123,122
561.34,309.58,123,122
558.49,306.1,123,122
555.94,317.06,123,122
563.99,443.43,123,122
541.76,450.6,123,122
569.34,448.32,123,122
547.53,438.88,123,122
555.06,426.81,123,122
562.75,423.33,123,122
560.41,413.9,123,122
567.84,401.83,123,122
575.52,398.35,123,122
583.21,399.11,123,122
590.9,396.43,123,122
578.64,386.99,123,122
605.86,384.89,123,122
524.2,497.82,123,122
621.08,384.74,123,122
628.09,381.05,123,122
615.73,392.01,123,122
633.54,388.74,123,122
630.89,399.7,123,122
628.97,406.4,123,122
627.05,404.11,123,122
615.16,415.07,123,122
672.45,401.83,123,122
669.96,388.37,123,122
657.44,384.89,123,122
654.58,395.85,123,122
652.04,392.58,123,122
580.3,270.98,123,122
577.71,267.66,123,122
585.13,278.62,123,122
572.87,275.35,123,122
580.04,276.11,123,122
577.71,273.43,123,122
585.13,284.38,123,122
582.85,271.14,123,122
590.9,277.63,123,122
588.61,275.35,123,122
596.66,276.11,123,122
574.43,273.43,123,122
591.99,284.38,123,122
599.26,291.09,123,122
596.92,288.8,123,122
594.38,299.76,123,122
602.43,306.46,123,122
600.14,314.15,123,122
598.22,311.86,123,122
576.35,333.02,123,122
603.94,323.57,123,122
592.09,321.47,123,122
589.24,322.23,123,122
576.72,319.55,123,122
583.89,320.31,123,122
571.52,307.66,123,122
569.39,314.15,123,122
557.5,301.89,123,122
554.64,298.41,123,122
542.12,299.17,123,122
539.27,296.49,123,122
536.72,297.25,123,122
544.77,294.57,123,122
542.49,295.33,123,122
560.51,292.64,123,122
557.86,293.41,123,122
565.91,300.7,123,122
573.6,298.41,123,122
571.32,299.17,123,122
579.37,296.49,123,122
587.05,307.45,123,122
587.05,307.45,123,122
594.74,304.18,123,122
592.46,284.54,123,122
600.51,281.11,123,122
598.22,271.68,123,122
606.27,259.61,123,122
603.99,246.16,123,122
612.04,242.68,123,122
589.81,233.24,123,122
589.81,233.24,123,122
607.36,231.14,123,122
614.64,242.1,123,122
612.3,248.8,123,122
619.73,256.49,123,122
627.41,264.18,123,122
625.13,271.87,123,122
613.23,269.58,123,122
610.38,280.54,123,122
607.83,277.27,123,122
605.91,278.03,123,122
603.99,275.35,123,122
661.9,276.11,123,122
609.86,283.4,123,122
607.83,281.11,123,122
605.91,281.87,123,122
603.99,279.19,123,122
602.07,290.15,123,122
600.14,286.88,123,122
687.98,338.62,123,122
605.13,434.66,123,122
602.69,450.97,123,122
590.17,448.32,123,122
587.31,459.27,123,122
584.77,456,123,122
582.85,466.96,123,122
580.93,463.69,123,122
569.03,474.65,123,122
586.22,471.38,123,122
583.47,482.34,123,122
580.93,479.07,123,122
569.03,479.83,123,122
626.32,447.23,123,122
563.68,324.8,123,122
561.71,321.47,123,122
559.79,332.43,123,122
557.86,319.19,123,122
555.94,315.71,123,122
554.02,316.47,123,122
651.83,333.73,123,122
648.81,321.11,123,122
546.54,297.68,123,122
554.38,254.67,123,122
542.12,292.18,123,122
539.27,298.77,123,122
536.72,306.46,123,122
544.77,304.18,123,122
552.46,304.94,123,122
560.15,302.25,123,122
567.84,313.21,123,122
575.52,299.97,123,122
573.24,306.46,123,122
581.29,304.18,123,122
579,294.74,123,122
587.05,292.64,123,122
584.77,283.21,123,122
582.85,271.14,123,122
580.93,267.66,123,122
579,268.42,123,122
507.27,205.9,123,122
584.87,262.15,123,122
592.82,259.97,123,122
590.54,250.54,123,122
598.59,258.41,123,122
596.3,256.13,123,122
594.38,256.89,123,122
602.43,264.18,123,122
600.14,261.89,123,122
608.2,272.85,123,122
605.91,259.61,123,122
603.99,266.1,123,122
602.07,263.82,123,122
600.14,264.58,123,122
608.2,271.87,123,122
595.94,259.61,123,122
603.11,266.1,123,122
600.77,273.79,123,122
598.22,281.48,123,122
586.33,279.19,123,122
583.47,290.15,123,122
570.95,276.91,123,122
568.1,283.4,123,122
565.55,281.11,123,122
563.63,292.07,123,122
561.71,288.8,123,122
559.79,289.56,123,122
567.84,286.88,123,122
555.58,287.64,123,122
562.75,284.96,123,122
570.43,295.92,123,122
568.1,292.64,123,122
555.58,283.21,123,122
552.72,291.09,123,122
550.18,288.8,123,122
548.25,299.76,123,122
546.33,296.49,123,122
554.38,297.25,123,122
552.1,294.57,123,122
560.15,295.33,123,122
557.86,292.64,123,122
555.94,303.6,123,122
554.02,300.33,123,122
562.07,301.09,123,122
559.79,298.41,123,122
567.84,299.17,123,122
565.55,296.49,123,122
573.6,297.25,123,122
551.37,294.57,123,122
568.93,295.33,123,122
576.2,292.64,123,122
573.86,293.41,123,122
581.29,290.72,123,122
579,281.29,123,122
587.05,279.19,123,122
594.74,269.76,123,122
592.46,267.66,123,122
590.54,258.23,123,122
568.67,236.18,123,122
566.17,213.12,123,122
573.6,229.95,123,122
591.26,227.3,123,122
568.67,238.26,123,122
566.17,225.02,123,122
573.6,221.54,123,122
571.32,191.71,123,122
559.42,208.81,123,122
546.54,226.11,123,122
574.33,243.4,123,122
571.94,250.73,123,122
569.39,248.44,123,122
577.45,249.2,123,122
575.16,246.52,123,122
573.24,247.28,123,122
571.32,244.6,123,122
569.39,245.36,123,122
557.5,242.68,123,122
554.64,253.63,123,122
552.1,260.34,123,122
550.18,268.02,123,122
548.25,275.71,123,122
546.33,283.4,123,122
544.41,291.09,123,122
542.49,298.77,123,122
540.57,306.46,123,122
538.64,314.15,123,122
546.7,321.84,123,122
544.41,319.55,123,122
522.54,330.51,123,122
550.12,327.24,123,122
548.25,328,123,122
546.33,325.32,123,122
544.41,326.08,123,122
542.49,323.39,123,122
540.57,324.16,123,122
538.64,321.47,123,122
546.7,332.43,123,122
534.44,329.16,123,122
541.61,329.92,123,122
549.29,327.24,123,122
546.96,328,123,122
554.38,325.32,123,122
562.07,326.08,123,122
559.79,313.42,123,122
567.84,309.94,123,122
565.55,300.51,123,122
543.68,278.46,123,122
571.26,285.32,123,122
569.39,273.06,123,122
577.45,269.58,123,122
585.13,270.34,123,122
582.85,267.66,123,122
590.9,268.42,123,122
588.61,265.74,123,122
586.69,276.7,123,122
584.77,273.43,123,122
582.85,284.38,123,122
580.93,281.11,123,122
579,281.87,123,122
577.08,279.19,123,122
585.13,290.15,123,122
582.85,286.88,123,122
580.93,277.44,123,122
579,275.35,123,122
587.05,286.31,123,122
584.77,283.04,123,122
582.85,283.8,123,122
580.93,281.11,123,122
588.98,292.07,123,122
586.69,288.8,123,122
574.8,299.76,123,122
571.94,296.49,123,122
579.37,307.45,123,122
577.08,304.18,123,122
585.13,315.13,123,122
582.85,311.86,123,122
580.93,322.82,123,122
588.98,319.55,123,122
586.69,320.31,123,122
594.74,317.63,123,122
592.46,318.39,123,122
590.54,315.71,123,122
598.59,316.47,123,122
596.3,313.79,123,122
594.38,324.74,123,122
592.46,321.47,123,122
590.54,332.43,123,122
568.67,319.19,123,122
586.22,325.68,123,122
573.45,323.39,123,122
571.32,324.16,123,122
569.39,321.47,123,122
567.47,322.23,123,122
565.55,319.55,123,122
563.63,320.31,123,122
561.71,317.63,123,122
549.81,308.19,123,122
556.98,306.1,123,122
544.62,306.86,123,122
542.49,304.18,123,122
550.54,304.94,123,122
548.25,302.25,123,122
546.33,303.02,123,122
544.41,300.33,123,122
542.49,301.09,123,122
540.57,308.38,123,122
548.62,306.1,123,122
546.33,317.06,123,122
554.38,313.79,123,122
562.07,314.55,123,122
569.76,301.89,123,122
567.47,308.38,123,122
565.55,306.1,123,122
563.63,317.06,123,122
571.68,313.79,123,122
569.39,314.55,123,122
577.45,311.86,123,122
575.16,312.62,123,122
573.24,309.94,123,122
581.29,300.51,123,122
579,298.41,123,122
577.08,299.17,123,122
585.13,296.49,123,122
582.85,297.25,123,122
580.93,294.57,123,122
598.95,295.33,123,122
606.27,292.64,123,122
603.99,293.41,123,122
602.07,290.72,123,122
600.14,281.29,123,122
598.22,279.19,123,122
596.3,290.15,123,122
594.38,296.85,123,122
592.46,294.57,123,122
590.54,336.11,123,122
588.61,333,123,122
586.69,333.77,123,122
584.77,331.08,123,122
572.87,342.04,123,122
580.04,338.77,123,122
577.71,339.53,123,122
575.16,336.85,123,122
573.24,347.81,123,122
581.29,334.56,123,122
579,341.05,123,122
577.08,338.77,123,122
585.13,339.53,123,122
592.82,346.82,123,122
600.51,344.54,123,122
598.22,345.3,123,122
606.27,342.61,123,122
603.99,343.37,123,122
602.07,340.69,123,122
600.14,341.45,123,122
598.22,328.8,123,122
596.3,325.32,123,122
594.38,336.27,123,122
582.48,333,123,122
579.63,333.77,123,122
567.11,331.08,123,122
574.28,331.84,123,122
561.91,329.16,123,122
559.79,329.92,123,122
557.86,327.24,123,122
565.91,307.61,123,122
563.63,294.2,123,122
561.71,290.72,123,122
559.79,291.48,123,122
547.89,298.77,123,122
545.03,296.49,123,122
542.49,297.25,123,122
540.57,294.57,123,122
538.64,305.52,123,122
546.7,292.28,123,122
544.41,298.77,123,122
542.49,306.46,123,122
540.57,304.18,123,122
538.64,304.94,123,122
536.72,302.25,123,122
544.77,303.02,123,122
542.49,300.33,123,122
540.57,301.09,123,122
548.62,288.44,123,122
546.33,294.93,123,122
544.41,292.64,123,122
542.49,293.41,123,122
550.54,280.75,123,122
558.23,277.27,123,122
555.94,278.03,123,122
563.99,265.37,123,122
571.68,261.89,123,122
579.37,262.66,123,122
587.05,259.97,123,122
594.74,260.73,123,122
602.43,258.05,123,122
610.12,258.81,123,122
617.8,246.16,123,122
615.52,252.65,123,122
613.6,250.36,123,122
611.68,251.12,123,122
609.75,248.44,123,122
597.86,249.2,123,122
595,246.52,123,122
582.48,257.48,123,122
579.63,254.21,123,122
577.08,265.17,123,122
575.16,261.89,123,122
573.24,262.66,123,122
571.32,259.97,123,122
569.39,270.93,123,122
567.47,267.66,123,122
575.52,268.42,123,122
573.24,265.74,123,122
581.29,266.5,123,122
579,273.79,123,122
577.08,271.5,123,122
585.13,272.27,123,122
582.85,269.58,123,122
570.95,270.34,123,122
568.1,267.66,123,122
565.55,268.42,123,122
563.63,265.74,123,122
561.71,266.5,123,122
559.79,273.79,123,122
547.89,261.53,123,122
545.03,268.02,123,122
542.49,275.71,123,122
540.57,273.43,123,122
538.64,274.19,123,122
536.72,261.53,123,122
544.77,268.02,123,122
552.46,265.74,123,122
550.18,266.5,123,122
548.25,263.82,123,122
556.3,264.58,123,122
563.99,261.89,123,122
561.71,262.66,123,122
569.76,259.97,123,122
567.47,260.73,123,122
565.55,268.02,123,122
563.63,265.74,123,122
561.71,266.5,123,122
559.79,263.82,123,122
557.86,274.77,123,122
555.94,271.5,123,122
554.02,282.46,123,122
552.1,279.19,123,122
550.18,290.15,123,122
538.28,286.88,123,122
535.42,287.64,123,122
532.88,284.96,123,122
530.96,285.72,123,122
529.04,283.04,123,122
537.09,293.99,123,122
544.77,280.75,123,122
552.46,287.24,123,122
560.15,274.98,123,122
567.84,271.5,123,122
565.55,282.46,123,122
573.6,279.19,123,122
581.29,279.95,123,122
579,277.27,123,122
587.05,278.03,123,122
594.74,285.32,123,122
592.46,283.04,123,122
600.51,283.8,123,122
598.22,291.09,123,122
596.3,288.8,123,122
594.38,289.56,123,122
592.46,286.88,123,122
600.51,287.64,123,122
608.2,284.96,123,122
605.91,295.92,123,122
603.99,292.64,123,122
612.04,293.41,123,122
609.75,300.7,123,122
617.8,298.41,123,122
615.52,309.37,123,122
623.57,306.1,123,122
611.31,317.06,123,122
598.43,313.79,123,122
596.3,324.74,123,122
594.38,321.47,123,122
582.48,332.43,123,122
569.6,329.16,123,122
567.47,329.92,123,122
565.55,327.24,123,122
553.66,328,123,122
550.8,325.32,123,122
538.28,326.08,123,122
545.45,323.39,123,122
543.11,313.96,123,122
540.57,321.84,123,122
528.67,289.63,123,122
535.84,316.8,123,122
523.48,323.76,123,122
521.35,321.47,123,122
519.43,332.43,123,122
517.5,339.13,123,122
525.55,336.85,123,122
523.27,337.61,123,122
521.35,334.93,123,122
529.4,345.88,123,122
527.11,342.61,123,122
525.19,343.37,123,122
523.27,340.69,123,122
531.32,341.45,123,122
529.04,328.8,123,122
527.11,315.34,123,122
535.16,311.86,123,122
532.88,312.62,123,122
530.96,299.97,123,122
539.01,296.49,123,122
546.7,297.25,123,122
544.41,284.59,123,122
552.46,281.11,123,122
560.15,281.87,123,122
567.84,279.19,123,122
575.52,279.95,123,122
583.21,277.27,123,122
580.93,278.03,123,122
579,285.32,123,122
587.05,293.01,123,122
594.74,290.72,123,122
592.46,291.48,123,122
590.54,298.77,123,122
588.61,296.49,123,122
586.69,297.25,123,122
584.77,294.57,123,122
582.85,295.33,123,122
580.93,302.62,123,122
588.98,300.33,123,122
576.72,311.29,123,122
583.89,308.02,123,122
571.52,308.78,123,122
579.37,306.1,123,122
577.08,306.86,123,122
565.19,314.15,123,122
562.33,311.86,123,122
559.79,312.62,123,122
557.86,309.94,123,122
555.94,320.9,123,122
554.02,317.63,123,122
552.1,318.39,123,122
550.18,315.71,123,122
548.25,316.47,123,122
546.33,313.79,123,122
544.41,324.74,123,122
542.49,321.47,123,122
540.57,322.23,123,122
548.62,319.55,123,122
546.33,320.31,123,122
544.41,327.6,123,122
542.49,325.32,123,122
540.57,326.08,123,122
548.62,323.39,123,122
546.33,313.96,123,122
554.38,311.86,123,122
552.1,312.62,123,122
550.18,299.97,123,122
548.25,296.49,123,122
556.3,297.25,123,122
554.02,294.57,123,122
562.07,295.33,123,122
559.79,292.64,123,122
567.84,293.41,123,122
565.55,290.72,123,122
573.6,291.48,123,122
571.32,278.83,123,122
569.39,285.32,123,122
577.45,273.06,123,122
575.16,279.55,123,122
573.24,277.27,123,122
571.32,278.03,123,122
569.39,275.35,123,122
567.47,276.11,123,122
575.52,263.45,123,122
573.24,259.97,123,122
571.32,260.73,123,122
569.39,258.05,123,122
567.47,269.01,123,122
575.52,265.74,123,122
573.24,266.5,123,122
581.29,263.82,123,122
579,274.77,123,122
587.05,281.48,123,122
584.77,279.19,123,122
592.82,290.15,123,122
600.51,286.88,123,122
598.22,297.84,123,122
596.3,294.57,123,122
594.38,295.33,123,122
592.46,292.64,123,122
590.54,293.41,123,122
578.64,300.7,123,122
575.78,298.41,123,122
573.24,299.17,123,122
571.32,296.49,123,122
569.39,297.25,123,122
567.47,294.57,123,122
565.55,305.52,123,122
563.63,302.25,123,122
561.71,303.02,123,122
559.79,300.33,123,122
567.84,301.09,123,122
565.55,298.41,123,122
563.63,299.17,123,122
561.71,296.49,123,122
559.79,297.25,123,122
557.86,294.57,123,122
555.94,305.52,123,122
563.99,302.25,123,122
561.71,303.02,123,122
559.79,300.33,123,122
557.86,301.09,123,122
555.94,288.44,123,122
554.02,284.96,123,122
552.1,285.72,123,122
550.18,283.04,123,122
548.25,283.8,123,122
546.33,281.11,123,122
544.41,271.68,123,122
532.52,269.58,123,122
529.66,270.34,123,122
527.11,267.66,123,122
535.16,268.42,123,122
532.88,265.74,123,122
530.96,276.7,123,122
539.01,283.4,123,122
536.72,281.11,123,122
544.77,281.87,123,122
542.49,289.16,123,122
550.54,286.88,123,122
558.23,277.44,123,122
565.91,275.35,123,122
563.63,276.11,123,122
561.71,273.43,123,122
569.76,274.19,123,122
567.47,271.5,123,122
575.52,262.07,123,122
573.24,259.97,123,122
571.32,260.73,123,122
579.37,248.08,123,122
577.08,234.62,123,122
585.13,231.14,123,122
582.85,231.91,123,122
580.93,229.22,123,122
579,229.98,123,122
587.05,227.3,123,122
594.74,228.06,123,122
592.46,225.38,123,122
600.51,226.14,123,122
598.22,233.43,123,122
606.27,241.12,123,122
603.99,248.8,123,122
602.07,266.47,123,122
600.14,273.79,123,122
598.22,281.48,123,122
596.3,279.19,123,122
604.35,279.95,123,122
602.07,277.27,123,122
600.14,288.23,123,122
598.22,284.96,123,122
596.3,285.72,123,122
594.38,283.04,123,122
592.46,293.99,123,122
600.51,290.72,123,122
598.22,291.48,123,122
596.3,298.77,123,122
594.38,306.46,123,122
592.46,304.18,123,122
590.54,315.13,123,122
588.61,321.84,123,122
586.69,329.52,123,122
584.77,327.24,123,122
582.85,338.2,123,122
570.95,334.93,123,122
568.1,335.69,123,122
565.55,323.03,123,122
563.63,309.58,123,122
561.71,306.1,123,122
559.79,306.86,123,122
567.84,304.18,123,122
565.55,304.94,123,122
563.63,302.25,123,122
561.71,303.02,123,122
569.76,300.33,123,122
567.47,301.09,123,122
565.55,308.38,123,122
573.6,306.1,123,122
581.29,317.06,123,122
579,313.79,123,122
587.05,314.55,123,122
584.77,311.86,123,122
592.82,312.62,123,122
600.51,299.97,123,122
598.22,286.52,123,122
596.3,283.04,123,122
604.35,283.8,123,122
602.07,281.11,123,122
610.12,261.48,123,122
607.83,248.08,123,122
605.91,234.62,123,122
603.99,231.14,123,122
612.04,221.71,123,122
609.75,219.61,123,122
607.83,220.37,123,122
615.88,217.69,123,122
623.57,218.45,123,122
631.26,215.77,123,122
628.97,226.73,123,122
637.02,213.48,123,122
634.74,210,123,122
642.79,220.96,123,122
650.48,217.69,123,122
648.19,218.45,123,122
646.27,215.77,123,122
654.32,226.73,123,122
652.04,223.46,123,122
650.11,234.42,123,122
638.22,241.12,123,122
645.39,248.8,123,122
633.02,256.49,123,122
630.89,264.18,123,122
628.97,261.89,123,122
617.08,262.66,123,122
614.22,269.95,123,122
601.7,267.66,123,122
598.85,278.62,123,122
596.3,275.35,123,122
594.38,265.91,123,122
602.43,273.79,123,122
590.17,271.5,123,122
597.34,272.27,123,122
595,279.55,123,122
592.46,277.27,123,122
