616,240,91,109
613.69,237.54,91,109
611.42,235.84,91,109
609.72,234.13,91,109
608.02,232.43,91,109
606.31,230.73,91,109
604.61,229.03,91,109
611,235.48,91,109
608.58,234.13,91,109
606.31,232.43,91,109
604.61,230.73,91,109
602.91,229.03,91,109
601.2,227.32,91,109
607.59,225.62,91,109
613.31,223.92,91,109
611.42,230.37,91,109
609.72,229.03,91,109
608.02,227.32,91,109
614.4,225.62,91,109
611.99,232.07,91,109
609.72,230.73,91,109
608.02,229.03,91,109
606.31,227.32,91,109
612.7,225.62,91,109
618.42,223.92,91,109
616.53,222.21,91,109
614.83,228.67,91,109
613.13,227.32,91,109
619.51,225.62,91,109
617.1,223.92,91,109
614.83,222.21,91,109
621.21,220.51,91,109
618.8,218.81,91,109
624.62,217.1,91,109
630.35,215.4,91,109
636.54,213.7,91,109
642.27,211.99,91,109
648.46,210.29,91,109
654.19,216.75,91,109
660.39,215.4,91,109
666.11,221.85,91,109
672.31,220.51,91,109
678.03,218.81,91,109
684.23,217.1,91,109
681.82,215.4,91,109
679.55,221.85,91,109
685.93,212.35,91,109
691.66,210.29,91,109
689.77,208.59,91,109
696.15,206.88,91,109
693.74,205.18,91,109
699.56,203.48,91,109
697.15,209.93,91,109
694.88,208.59,91,109
693.17,215.04,91,109
691.47,221.85,91,109
697.86,220.51,91,109
703.58,218.81,91,109
709.78,217.1,91,109
707.36,215.4,91,109
713.18,213.7,91,109
710.77,211.99,91,109
716.59,210.29,91,109
722.31,208.59,91,109
720.42,206.88,91,109
726.81,205.18,91,109
724.4,203.48,91,109
730.21,209.93,91,109
735.94,208.59,91,109
742.14,215.04,91,109
739.72,213.7,91,109
745.54,211.99,91,109
743.13,218.45,91,109
740.86,217.1,91,109
747.25,215.4,91,109
744.83,213.7,91,109
750.65,211.99,91,109
756.38,210.29,91,109
754.48,208.59,91,109
760.87,206.88,91,109
766.6,205.18,91,109
764.7,203.48,91,109
771.09,201.78,91,109
776.81,200.07,91,109
774.92,198.37,91,109
773.22,196.67,91,109
771.52,194.96,91,109
761.72,193.26,91,109
759.59,191.56,91,109
765.98,181.7,91,109
771.7,179.63,91,109
777.9,169.77,91,109
783.63,167.71,91,109
789.82,166.01,91,109
787.41,172.46,91,109
785.14,171.12,91,109
775.35,177.57,91,109
765.13,184.39,91,109
754.91,191.2,91,109
736.6,198.01,91,109
725.96,204.82,91,109
707.65,203.48,91,109
697,201.78,91,109
686.79,200.07,91,109
684.66,206.53,91,109
682.95,213.34,91,109
681.25,211.99,91,109
679.55,226.61,91,109
677.84,233.78,91,109
676.14,232.43,91,109
666.35,238.89,91,109
656.13,237.54,91,109
645.91,244,91,109
635.69,242.65,91,109
617.38,249.1,91,109
606.74,247.76,91,109
596.52,254.21,91,109
594.39,261.03,91,109
592.69,259.68,91,109
590.98,257.98,91,109
589.28,264.43,91,109
587.58,263.09,91,109
585.88,261.38,91,109
600.35,259.68,91,109
597.8,257.98,91,109
579.91,256.28,91,109
569.27,254.57,91,109
575.23,244.71,91,109
580.95,242.65,91,109
562.88,249.1,91,109
576.51,247.76,91,109
573.95,254.21,91,109
572.25,252.87,91,109
562.46,259.32,91,109
560.33,257.98,91,109
558.63,264.43,91,109
556.92,263.09,91,109
547.13,269.54,91,109
545,268.2,91,109
535.21,266.49,91,109
533.08,256.63,91,109
531.38,254.57,91,109
529.67,252.87,91,109
536.06,251.17,91,109
533.65,249.46,91,109
531.38,247.76,91,109
537.76,246.06,91,109
543.49,244.35,91,109
541.59,234.49,91,109
539.89,224.27,91,109
538.19,222.21,91,109
536.48,212.35,91,109
534.78,210.29,91,109
533.08,200.43,91,109
531.38,198.37,91,109
521.58,188.51,91,109
519.45,186.45,91,109
517.75,184.74,91,109
507.96,183.04,91,109
497.74,181.34,91,109
495.61,179.63,91,109
502,194.25,91,109
499.58,193.26,91,109
505.4,199.71,91,109
511.13,206.53,91,109
509.23,213.34,91,109
515.62,211.99,91,109
513.21,210.29,91,109
510.94,208.59,91,109
509.23,206.88,91,109
507.53,205.18,91,109
505.83,203.48,91,109
504.13,201.78,91,109
502.42,200.07,91,109
500.72,198.37,91,109
499.02,196.67,91,109
481.13,203.12,91,109
478.58,201.78,91,109
468.79,200.07,91,109
458.57,198.37,91,109
448.35,196.67,91,109
446.22,186.81,91,109
436.43,176.59,91,109
426.21,174.53,91,109
415.99,172.82,91,109
413.86,162.96,91,109
412.16,160.9,91,109
410.45,159.2,91,109
408.75,157.49,91,109
407.05,155.79,91,109
397.25,154.09,91,109
395.13,152.38,91,109
385.33,150.68,91,109
375.11,148.98,91,109
364.89,147.28,91,109
362.77,145.57,91,109
361.06,143.87,91,109
359.36,142.17,91,109
357.66,140.46,91,109
355.95,138.76,91,109
354.25,128.9,91,109
352.55,118.68,91,109
350.84,116.62,91,109
349.14,114.92,91,109
347.44,113.21,91,109
345.73,111.51,91,109
344.03,117.96,91,109
342.33,116.62,91,109
340.63,114.92,91,109
338.92,113.21,91,109
337.22,111.51,91,109
335.52,109.81,91,109
333.81,108.1,91,109
332.11,106.4,91,109
330.41,104.7,91,109
328.7,111.15,91,109
335.09,117.96,91,109
332.68,124.78,91,109
338.5,131.59,91,109
344.22,146.56,91,109
358.51,137.42,91,109
355.95,143.51,91,109
362.34,150.32,91,109
368.06,157.14,91,109
366.17,172.11,91,109
372.56,171.12,91,109
370.15,177.57,91,109
367.88,168.07,91,109
366.17,166.01,91,109
364.47,164.31,91,109
362.77,162.6,91,109
361.06,160.9,91,109
359.36,159.2,91,109
357.66,157.49,91,109
355.95,163.95,91,109
354.25,162.6,91,109
352.55,160.9,91,109
350.84,167.35,91,109
357.23,166.01,91,109
354.82,172.46,91,109
360.64,179.28,91,109
358.22,177.93,91,109
355.95,184.39,91,109
354.25,191.2,91,109
352.55,189.85,91,109
350.84,179.99,91,109
349.14,169.77,91,109
355.53,159.56,91,109
353.11,149.34,91,109
350.84,139.12,91,109
341.05,120.74,91,109
347.01,110.17,91,109
352.74,108.1,91,109
350.84,106.4,91,109
357.23,104.7,91,109
354.82,111.15,91,109
352.55,117.96,91,109
350.84,116.62,91,109
349.14,114.92,91,109
355.53,113.21,91,109
353.11,119.67,91,109
358.93,118.32,91,109
356.52,116.62,91,109
362.34,114.92,91,109
359.93,113.21,91,109
357.66,111.51,91,109
364.04,109.81,91,109
361.63,108.1,91,109
359.36,114.56,91,109
357.66,121.37,91,109
364.04,128.18,91,109
361.63,135,91,109
367.45,149.96,91,109
373.17,157.14,91,109
379.37,163.95,91,109
393.23,170.76,91,109
406.86,177.57,91,109
412.35,184.39,91,109
410.45,183.04,91,109
416.84,181.34,91,109
414.43,187.79,91,109
412.16,186.45,91,109
410.45,184.74,91,109
408.75,183.04,91,109
415.14,181.34,91,109
412.72,187.79,91,109
418.54,186.45,91,109
416.13,192.9,91,109
413.86,199.71,91,109
412.16,198.37,91,109
410.45,196.67,91,109
416.84,194.96,91,109
414.43,193.26,91,109
412.16,191.56,91,109
402.36,189.85,91,109
400.23,188.15,91,109
398.53,186.45,91,109
396.83,192.9,91,109
403.21,191.56,91,109
400.8,189.85,91,109
398.53,196.31,91,109
396.83,194.96,91,109
395.13,201.42,91,109
393.42,200.07,91,109
391.72,206.53,91,109
398.11,205.18,91,109
403.83,203.48,91,109
401.94,201.78,91,109
400.23,200.07,91,109
398.53,206.53,91,109
404.92,205.18,91,109
402.51,203.48,91,109
400.23,209.93,91,109
398.53,208.59,91,109
396.83,215.04,91,109
387.04,221.85,91,109
393,220.51,91,109
390.58,226.96,91,109
396.4,225.62,91,109
393.99,223.92,91,109
391.72,222.21,91,109
390.02,220.51,91,109
388.31,218.81,91,109
386.61,225.26,91,109
393,215.76,91,109
390.58,213.7,91,109
388.31,211.99,91,109
394.7,210.29,91,109
392.29,208.59,91,109
390.02,206.88,91,109
388.31,213.34,91,109
386.61,211.99,91,109
384.91,210.29,91,109
383.2,216.75,91,109
381.5,215.4,91,109
379.8,213.7,91,109
378.09,220.15,91,109
384.48,226.96,91,109
382.07,233.78,91,109
379.8,232.43,91,109
370,230.73,91,109
367.88,229.03,91,109
374.26,227.32,91,109
371.85,225.62,91,109
377.67,223.92,91,109
375.26,222.21,91,109
372.98,228.67,91,109
371.28,227.32,91,109
369.58,225.62,91,109
367.88,223.92,91,109
374.26,230.37,91,109
371.85,229.03,91,109
369.58,235.48,91,109
375.96,234.13,91,109
373.55,232.43,91,109
371.28,230.73,91,109
369.58,229.03,91,109
367.88,227.32,91,109
366.17,233.78,91,109
364.47,232.43,91,109
370.86,230.73,91,109
376.58,229.03,91,109
374.69,235.48,91,109
372.98,234.13,91,109
379.37,232.43,91,109
376.96,230.73,91,109
374.69,229.03,91,109
372.98,227.32,91,109
371.28,225.62,91,109
369.58,223.92,91,109
375.96,222.21,91,109
373.55,228.67,91,109
371.28,227.32,91,109
369.58,225.62,91,109
375.96,223.92,91,109
373.55,222.21,91,109
371.28,228.67,91,109
369.58,227.32,91,109
375.96,233.78,91,109
373.55,240.59,91,109
379.37,239.24,91,109
385.1,237.54,91,109
383.2,244,91,109
381.5,242.65,91,109
387.89,240.95,91,109
385.47,239.24,91,109
391.29,237.54,91,109
388.88,244,91,109
386.61,234.49,91,109
384.91,232.43,91,109
383.2,222.57,91,109
381.5,212.35,91,109
379.8,202.13,91,109
378.09,191.92,91,109
384.48,181.7,91,109
382.07,163.32,91,109
387.89,144.59,91,109
393.61,134.01,91,109
391.72,123.79,91,109
390.02,113.57,91,109
388.31,111.51,91,109
386.61,101.65,91,109
384.91,99.588,91,109
383.2,97.885,91,109
381.5,104.34,91,109
379.8,102.99,91,109
378.09,101.29,91,109
376.39,99.588,91,109
382.78,89.728,91,109
380.36,87.666,91,109
378.09,85.963,91,109
376.39,84.26,91,109
374.69,82.557,91,109
372.98,72.697,91,109
371.28,78.792,91,109
377.67,77.447,91,109
375.26,75.744,91,109
372.98,74.041,91,109
379.37,72.338,91,109
376.96,70.635,91,109
374.69,68.932,91,109
372.98,67.229,91,109
371.28,65.525,91,109
369.58,63.822,91,109
367.88,62.119,91,109
366.17,60.416,91,109
372.56,58.713,91,109
370.15,57.01,91,109
367.88,55.307,91,109
366.17,53.604,91,109
364.47,51.9,91,109
362.77,50.197,91,109
361.06,48.494,91,109
359.36,46.791,91,109
357.66,45.088,91,109
364.04,43.385,91,109
361.63,41.682,91,109
359.36,39.979,91,109
365.75,38.275,91,109
363.33,36.572,91,109
361.06,34.869,91,109
359.36,33.166,91,109
365.75,31.463,91,109
363.33,23.306,91,109
361.06,23.306,91,109
359.36,23.306,91,109
357.66,23.306,91,109
364.04,23.306,91,109
361.63,23.306,91,109
359.36,23.306,91,109
357.66,23.306,91,109
355.95,15.149,91,109
354.25,15.149,91,109
352.55,15.149,91,109
350.84,15.149,91,109
349.14,15.149,91,109
347.44,23.306,91,109
353.82,15.149,91,109
351.41,15.149,91,109
349.14,15.149,91,109
347.44,23.306,91,109
353.82,15.149,91,109
351.41,15.149,91,109
349.14,15.149,91,109
355.53,15.149,91,109
361.25,6.9918,91,109
359.36,6.9918,91,109
357.66,15.149,91,109
364.04,6.9918,91,109
361.63,6.9918,91,109
367.45,6.9918,91,109
365.04,6.9918,91,109
362.77,6.9918,91,109
369.15,-1.1653,91,109
366.74,-1.1653,91,109
364.47,-1.1653,91,109
370.86,-1.1653,91,109
376.58,-1.1653,91,109
382.78,-1.1653,91,109
388.5,-9.3224,91,109
386.61,-9.3224,91,109
393,-9.3224,91,109
390.58,-9.3224,91,109
396.4,-9.3224,91,109
393.99,-9.3224,91,109
407.9,-1.1653,91,109
413.43,-1.1653,91,109
411.02,6.9918,91,109
408.75,15.149,91,109
415.14,39.62,91,109
412.72,54.59,91,109
418.54,78.075,91,109
416.13,92.058,91,109
413.86,99.229,91,109
420.25,114.2,91,109
417.83,121.37,91,109
415.56,120.03,91,109
421.95,126.48,91,109
427.67,133.29,91,109
425.78,131.95,91,109
432.17,138.4,91,109
429.76,137.06,91,109
435.57,135.35,91,109
441.3,133.65,91,109
439.41,140.1,91,109
437.7,146.92,91,109
444.09,145.57,91,109
449.81,152.03,91,109
447.92,150.68,91,109
454.31,157.14,91,109
460.03,155.79,91,109
466.23,162.25,91,109
471.95,160.9,91,109
478.15,167.35,91,109
475.74,174.17,91,109
473.47,180.98,91,109
479.86,187.79,91,109
477.44,194.6,91,109
475.17,193.26,91,109
473.47,199.71,91,109
479.86,198.37,91,109
477.44,204.82,91,109
483.26,211.64,91,109
488.99,218.45,91,109
487.09,217.1,91,109
485.39,223.56,91,109
483.69,222.21,91,109
481.98,220.51,91,109
480.28,218.81,91,109
478.58,217.1,91,109
476.88,215.4,91,109
483.26,205.54,91,109
480.85,203.48,91,109
478.58,201.78,91,109
484.96,200.07,91,109
482.55,198.37,91,109
488.37,196.67,91,109
494.1,194.96,91,109
484.11,193.26,91,109
481.98,191.56,91,109
480.28,198.01,91,109
478.58,204.82,91,109
476.88,211.64,91,109
475.17,218.45,91,109
473.47,225.26,91,109
471.77,232.07,91,109
461.97,247.04,91,109
451.75,246.06,91,109
441.54,252.51,91,109
431.32,259.32,91,109
421.1,257.98,91,109
418.97,264.43,91,109
417.27,263.09,91,109
407.47,261.38,91,109
405.34,259.68,91,109
403.64,266.14,91,109
401.94,264.79,91,109
400.23,263.09,91,109
390.44,269.54,91,109
388.31,268.2,91,109
386.61,266.49,91,109
393,264.79,91,109
390.58,271.25,91,109
396.4,269.9,91,109
393.99,276.35,91,109
399.81,266.85,91,109
405.53,272.95,91,109
411.73,271.6,91,109
409.32,278.06,91,109
415.14,276.71,91,109
420.86,275.01,91,109
427.06,273.31,91,109
424.65,271.6,91,109
430.46,261.74,91,109
428.05,259.68,91,109
425.78,257.98,91,109
424.08,256.28,91,109
430.46,254.57,91,109
436.19,252.87,91,109
434.3,251.17,91,109
440.68,249.46,91,109
446.41,247.76,91,109
444.52,246.06,91,109
442.81,244.35,91,109
449.2,242.65,91,109
446.79,249.1,91,109
444.52,255.92,91,109
450.9,246.42,91,109
448.49,244.35,91,109
446.22,242.65,91,109
444.52,240.95,91,109
442.81,239.24,91,109
441.11,237.54,91,109
439.41,235.84,91,109
437.7,234.13,91,109
436,232.43,91,109
434.3,230.73,91,109
432.59,229.03,91,109
438.98,235.48,91,109
444.7,234.13,91,109
450.9,240.59,91,109
464.76,231.09,91,109
486.53,220.87,91,109
492.39,218.81,91,109
490.5,217.1,91,109
496.89,223.56,91,109
502.61,222.21,91,109
508.81,220.51,91,109
514.53,210.65,91,109
520.73,216.75,91,109
526.45,215.4,91,109
532.65,213.7,91,109
538.38,220.15,91,109
536.48,218.81,91,109
534.78,217.1,91,109
533.08,215.4,91,109
547.55,221.85,91,109
536.91,220.51,91,109
534.78,218.81,91,109
549.26,217.1,91,109
562.88,231.71,91,109
552.24,230.73,91,109
550.11,229.03,91,109
564.59,235.48,91,109
553.94,234.13,91,109
559.9,240.59,91,109
565.63,239.24,91,109
555.64,237.54,91,109
561.61,235.84,91,109
567.33,234.13,91,109
565.44,240.59,91,109
563.73,231.09,91,109
562.03,229.03,91,109
560.33,227.32,91,109
558.63,217.46,91,109
556.92,215.4,91,109
555.22,213.7,91,109
553.52,203.84,91,109
543.72,193.62,91,109
541.59,183.4,91,109
539.89,173.18,91,109
538.19,171.12,91,109
536.48,153.1,91,109
534.78,158.84,91,109
533.08,149.34,91,109
531.38,155.43,91,109
529.67,154.09,91,109
527.97,152.38,91,109
534.36,142.52,91,109
531.94,148.62,91,109
529.67,147.28,91,109
527.97,145.57,91,109
526.27,143.87,91,109
532.65,142.17,91,109
530.24,140.46,91,109
527.97,138.76,91,109
526.27,137.06,91,109
524.56,143.51,91,109
530.95,142.17,91,109
528.54,132.31,91,109
526.27,146.56,91,109
524.56,145.57,91,109
522.86,135.71,91,109
521.16,133.65,91,109
519.45,140.1,91,109
525.84,130.6,91,109
523.43,128.54,91,109
521.16,135,91,109
519.45,133.65,91,109
517.75,131.95,91,109
524.14,130.24,91,109
529.86,128.54,91,109
527.97,126.84,91,109
534.36,125.13,91,109
531.94,123.43,91,109
537.76,121.73,91,109
535.35,120.03,91,109
533.08,118.32,91,109
539.46,108.46,91,109
537.05,114.56,91,109
542.87,121.37,91,109
540.46,120.03,91,109
546.28,126.48,91,109
543.86,125.13,91,109
541.59,115.27,91,109
547.98,105.06,91,109
553.7,102.99,91,109
551.81,117.61,91,109
558.2,124.78,91,109
563.92,123.43,91,109
562.03,121.73,91,109
568.42,120.03,91,109
566.01,126.48,91,109
563.73,125.13,91,109
570.12,123.43,91,109
567.71,121.73,91,109
565.44,128.18,91,109
563.73,126.84,91,109
562.03,133.29,91,109
560.33,140.1,91,109
558.63,146.92,91,109
556.92,153.73,91,109
547.13,144.23,91,109
545,150.32,91,109
543.3,157.14,91,109
541.59,155.79,91,109
539.89,170.4,91,109
538.19,169.42,91,109
536.48,175.87,91,109
534.78,166.37,91,109
533.08,172.46,91,109
523.29,171.12,91,109
529.25,177.57,91,109
526.83,176.23,91,109
524.56,174.53,91,109
530.95,180.98,91,109
536.67,187.79,91,109
534.78,186.45,91,109
533.08,192.9,91,109
531.38,199.71,91,109
529.67,206.53,91,109
527.97,213.34,91,109
534.36,220.15,91,109
531.94,218.81,91,109
529.67,217.1,91,109
527.97,215.4,91,109
526.27,213.7,91,109
524.56,220.15,91,109
522.86,210.65,91,109
521.16,216.75,91,109
527.54,215.4,91,109
525.13,213.7,91,109
530.95,211.99,91,109
536.67,210.29,91,109
534.78,216.75,91,109
533.08,215.4,91,109
531.38,213.7,91,109
529.67,211.99,91,109
536.06,210.29,91,109
533.65,208.59,91,109
531.38,206.88,91,109
537.76,205.18,91,109
535.35,203.48,91,109
541.17,209.93,91,109
538.76,216.75,91,109
536.48,215.4,91,109
534.78,221.85,91,109
541.17,236.82,91,109
538.76,227.68,91,109
536.48,233.78,91,109
534.78,232.43,91,109
541.17,247.04,91,109
538.76,229.74,91,109
544.57,235.48,91,109
542.16,234.13,91,109
539.89,232.43,91,109
546.28,230.73,91,109
543.86,229.03,91,109
557.77,235.48,91,109
547.13,225.98,91,109
545,232.07,91,109
543.3,230.73,91,109
541.59,229.03,91,109
547.98,235.48,91,109
545.57,225.98,91,109
543.3,232.07,91,109
541.59,230.73,91,109
539.89,229.03,91,109
538.19,235.48,91,109
536.48,234.13,91,109
534.78,232.43,91,109
524.99,222.57,91,109
522.86,228.67,91,109
521.16,227.32,91,109
519.45,225.62,91,109
517.75,223.92,91,109
516.05,222.21,91,109
506.25,228.67,91,109
504.13,235.48,91,109
502.42,225.98,91,109
492.63,223.92,91,109
490.5,230.37,91,109
488.8,229.03,91,109
495.18,235.48,91,109
492.77,234.13,91,109
482.41,240.59,91,109
480.28,239.24,91,109
478.58,237.54,91,109
468.79,235.84,91,109
466.66,217.82,91,109
464.95,215.4,91,109
471.34,238.17,91,109
468.93,235.84,91,109
466.66,225.98,91,109
473.04,240.23,91,109
470.63,239.24,91,109
468.36,237.54,91,109
466.66,235.84,91,109
464.95,225.98,91,109
471.34,232.07,91,109
468.93,222.57,91,109
474.75,236.82,91,109
472.33,235.84,91,109
470.06,234.13,91,109
468.36,224.27,91,109
474.75,230.37,91,109
472.33,229.03,91,109
470.06,227.32,91,109
468.36,225.62,91,109
466.66,232.07,91,109
464.95,238.89,91,109
463.25,237.54,91,109
461.55,235.84,91,109
459.84,225.98,91,109
458.14,223.92,91,109
464.53,222.21,91,109
462.11,220.51,91,109
459.84,226.96,91,109
458.14,233.78,91,109
456.44,216.12,91,109
446.64,221.85,91,109
452.61,220.51,91,109
450.19,226.96,91,109
447.92,225.62,91,109
446.22,223.92,91,109
444.52,222.21,91,109
434.72,220.51,91,109
432.59,218.81,91,109
430.89,217.1,91,109
429.19,223.56,91,109
435.57,222.21,91,109
433.16,220.51,91,109
430.89,218.81,91,109
429.19,217.1,91,109
427.48,223.56,91,109
425.78,222.21,91,109
424.08,220.51,91,109
422.38,218.81,91,109
428.76,217.1,91,109
426.35,223.56,91,109
424.08,222.21,91,109
422.38,220.51,91,109
420.67,218.81,91,109
418.97,217.1,91,109
425.36,223.56,91,109
422.94,222.21,91,109
420.67,220.51,91,109
418.97,226.96,91,109
417.27,225.62,91,109
415.56,223.92,91,109
421.95,222.21,91,109
419.54,220.51,91,109
417.27,218.81,91,109
415.56,233.42,91,109
413.86,224.27,91,109
420.25,222.21,91,109
417.83,220.51,91,109
415.56,218.81,91,109
413.86,225.26,91,109
412.16,223.92,91,109
410.45,222.21,91,109
416.84,228.67,91,109
414.43,227.32,91,109
412.16,217.46,91,109
418.54,223.56,91,109
416.13,222.21,91,109
413.86,220.51,91,109
412.16,218.81,91,109
410.45,217.1,91,109
408.75,215.4,91,109
415.14,221.85,91,109
412.72,228.67,91,109
410.45,227.32,91,109
408.75,225.62,91,109
407.05,223.92,91,109
413.43,230.37,91,109
411.02,229.03,91,109
408.75,227.32,91,109
407.05,233.78,91,109
405.34,232.43,91,109
403.64,230.73,91,109
401.94,229.03,91,109
400.23,227.32,91,109
398.53,225.62,91,109
404.92,223.92,91,109
402.51,230.37,91,109
400.23,229.03,91,109
398.53,227.32,91,109
396.83,233.78,91,109
395.13,232.43,91,109
401.51,230.73,91,109
399.1,229.03,91,109
396.83,235.48,91,109
395.13,234.13,91,109
393.42,232.43,91,109
399.81,230.73,91,109
405.53,229.03,91,109
403.64,227.32,91,109
401.94,233.78,91,109
408.32,232.43,91,109
414.05,230.73,91,109
412.16,229.03,91,109
410.45,227.32,91,109
416.84,233.78,91,109
414.43,240.59,91,109
420.25,231.09,91,109
417.83,229.03,91,109
415.56,227.32,91,109
413.86,233.78,91,109
420.25,232.43,91,109
417.83,238.89,91,109
431.74,245.7,91,109
429.19,244.35,91,109
419.39,258.96,91,109
417.27,266.14,91,109
423.65,264.79,91,109
421.24,263.09,91,109
427.06,261.38,91,109
424.65,259.68,91,109
430.46,257.98,91,109
428.05,264.43,91,109
433.87,263.09,91,109
431.46,261.38,91,109
437.28,259.68,91,109
434.86,257.98,91,109
440.68,264.43,91,109
438.27,263.09,91,109
436,261.38,91,109
434.3,267.84,91,109
432.59,266.49,91,109
438.98,264.79,91,109
436.57,263.09,91,109
434.3,269.54,91,109
432.59,268.2,91,109
430.89,266.49,91,109
429.19,272.95,91,109
427.48,271.6,91,109
425.78,269.9,91,109
432.17,268.2,91,109
421.62,274.65,91,109
427.06,273.31,91,109
424.65,271.6,91,109
430.46,269.9,91,109
428.05,276.35,91,109
433.87,275.01,91,109
431.46,273.31,91,109
429.19,271.6,91,109
427.48,278.06,91,109
433.87,276.71,91,109
431.46,275.01,91,109
429.19,281.46,91,109
427.48,280.12,91,109
433.87,278.42,91,109
439.6,276.71,91,109
437.7,275.01,91,109
427.91,273.31,91,109
425.78,271.6,91,109
432.17,269.9,91,109
429.76,276.35,91,109
427.48,275.01,91,109
425.78,273.31,91,109
424.08,279.76,91,109
438.55,270.26,91,109
436,276.35,91,109
434.3,283.17,91,109
440.68,273.67,91,109
438.27,271.6,91,109
452.18,269.9,91,109
449.63,268.2,91,109
456.01,274.65,91,109
461.74,265.15,91,109
467.93,263.09,91,109
473.66,269.54,91,109
471.77,268.2,91,109
470.06,266.49,91,109
476.45,264.79,91,109
474.04,271.25,91,109
479.86,278.06,91,109
477.44,276.71,91,109
475.17,275.01,91,109
481.56,273.31,91,109
487.28,271.6,91,109
485.39,269.9,91,109
483.69,268.2,91,109
490.07,266.49,91,109
487.66,264.79,91,109
485.39,271.25,91,109
483.69,269.9,91,109
473.89,276.35,91,109
471.77,275.01,91,109
445.79,281.46,91,109
435.24,280.12,91,109
424.5,278.42,91,109
406.2,284.87,91,109
395.55,283.53,91,109
377.24,281.82,91,109
366.6,288.28,91,109
356.38,286.93,91,109
346.16,285.23,91,109
344.03,283.53,91,109
350.42,281.82,91,109
348.01,280.12,91,109
337.64,278.42,91,109
335.52,284.87,91,109
325.72,283.53,91,109
323.59,281.82,91,109
321.89,280.12,91,109
320.19,278.42,91,109
318.48,276.71,91,109
324.87,266.85,91,109
314.32,272.95,91,109
311.67,263.45,91,109
309.97,269.54,91,109
300.18,268.2,91,109
298.05,266.49,91,109
296.34,264.79,91,109
286.55,271.25,91,109
284.42,278.06,91,109
282.72,276.71,91,109
281.02,275.01,91,109
263.13,273.31,91,109
260.58,247.13,91,109
250.79,246.06,91,109
248.66,236.2,91,109
238.86,225.98,91,109
228.64,215.76,91,109
218.43,189.23,91,109
208.21,155.52,91,109
189.9,137.77,91,109
179.25,119.04,91,109
169.04,100.31,91,109
158.82,81.571,91,109
156.69,70.993,91,109
154.98,68.932,91,109
145.19,67.229,91,109
134.97,65.525,91,109
124.75,71.979,91,109
106.45,86.949,91,109
87.711,85.963,91,109
68.977,92.417,91,109
50.242,91.072,91,109
31.508,97.526,91,109
14.477,104.34,91,109
6.3867,111.15,91,109
-1.3247,126.12,91,109
-17.883,141.45,91,109
-34.063,148.62,91,109
-42.152,155.43,91,109
-50.242,162.25,91,109
-50.242,177.21,91,109
-58.332,184.39,91,109
-66.422,183.04,91,109
-66.422,189.5,91,109
-66.422,189.5,91,109
-66.422,189.5,91,109
111.55,155.52,91,109
92.82,162.25,91,109
82.176,169.06,91,109
71.957,175.87,91,109
53.648,174.53,91,109
43.004,180.98,91,109
32.785,179.63,91,109
22.566,177.93,91,109
14.477,176.23,91,109
6.3867,174.53,91,109
-1.3247,172.82,91,109
-1.7031,171.12,91,109
-9.793,169.42,91,109
-25.973,175.87,91,109
-25.973,175.87,91,109
-25.973,175.87,91,109
120.73,231.63,91,109
93.672,238.3,91,109
75.789,244,91,109
48.965,250.81,91,109
30.278,249.46,91,109
6.8125,247.76,91,109
6.3867,246.06,91,109
-25.736,244.35,91,109
71.91,185.55,91,109
61.738,191.2,91,109
51.52,189.85,91,109
41.301,188.15,91,109
31.082,194.6,91,109
22.566,193.26,91,109
14.477,191.56,91,109
-1.7031,189.85,91,109
-9.793,188.15,91,109
-17.883,178.29,91,109
-25.973,176.23,91,109
47.498,76.641,91,109
44.849,75.206,91,109
34.488,74.041,91,109
-32.359,23.396,91,109
46.836,-66.422,91,109
28.102,-66.422,91,109
28.102,-66.422,91,109
28.102,-66.422,91,109
28.102,-66.422,91,109
14.477,55.262,91,109
6.3867,53.604,91,109
-9.4618,43.743,91,109
-9.793,49.839,91,109
-17.883,48.494,91,109
-17.883,46.791,91,109
-50.242,45.088,91,109
-9.793,35.228,91,109
-34.063,25.009,91,109
-42.152,31.463,91,109
-50.242,31.463,91,109
-50.242,15.149,91,109
-50.242,-9.3224,91,109
-66.422,-1.1653,91,109
127.73,-9.3224,91,109
117.94,-1.1653,91,109
99.633,-1.1653,91,109
80.898,-9.3224,91,109
62.164,-17.479,91,109
51.52,-17.479,91,109
41.301,-25.637,91,109
31.082,-25.637,91,109
14.477,-25.637,91,109
6.3867,-17.479,91,109
-9.4618,-17.479,91,109
-25.973,-9.3224,91,109
-25.973,-9.3224,91,109
-25.973,-9.3224,91,109
-66.422,-9.3224,91,109
-58.332,6.9918,91,109
-58.332,6.9918,91,109
23.087,-58.265,91,109
23.087,-58.265,91,109
38.746,-9.3224,91,109
28.196,-9.3224,91,109
14.477,-1.1653,91,109
-1.7031,-1.1653,91,109
-9.793,-1.1653,91,109
-25.973,6.9918,91,109
-25.736,15.149,91,109
-50.148,15.149,91,109
54.926,72.248,91,109
52.797,78.792,91,109
43.004,85.604,91,109
40.875,84.26,91,109
39.172,90.714,91,109
37.469,105.68,91,109
43.855,121.01,91,109
57.717,120.03,91,109
71.342,126.48,91,109
76.83,133.29,91,109
83.027,131.95,91,109
96.889,130.24,91,109
102.38,128.54,91,109
100.48,126.84,91,109
98.781,125.13,91,109
97.078,123.43,91,109
95.375,121.73,91,109
101.76,111.87,91,109
91.212,109.81,91,109
96.652,99.947,91,109
102.38,97.885,91,109
108.57,88.025,91,109
114.3,85.963,91,109
112.41,76.103,91,109
102.61,65.884,91,109
92.395,63.822,91,109
90.266,53.962,91,109
-0.42578,-21.513,91,109
6.8125,-17.479,91,109
14.477,-25.637,91,109
14.477,-25.637,91,109
6.3867,-41.951,91,109
-1.3247,-25.637,91,109
-9.793,-25.637,91,109
-9.793,-25.637,91,109
-9.793,-25.637,91,109
-9.793,-25.637,91,109
-9.793,-25.637,91,109
-1.7031,-25.637,91,109
-1.7031,-25.637,91,109
-1.7031,-25.637,91,109
6.3867,-33.794,91,109
6.8125,-50.108,91,109
30.656,-41.951,91,109
46.836,-41.951,91,109
52.371,-41.951,91,109
41.821,-50.108,91,109
55.352,-50.108,91,109
60.887,-50.108,91,109
58.474,-66.422,91,109
64.293,-66.422,91,109
70.017,-66.422,91,109
84.305,-50.197,91,109
89.84,-58.265,91,109
79.29,-58.265,91,109
92.82,-66.422,91,109
98.355,-66.422,91,109
104.08,-66.422,91,109
102.19,-66.422,91,109
108.57,-66.422,91,109
106.16,-50.197,91,109
103.89,-58.265,91,109
102.19,-58.265,91,109
100.48,-58.265,91,109
106.87,-58.265,91,109
55.635,47.777,91,109
53.365,46.791,91,109
51.094,45.088,91,109
49.391,43.385,91,109
47.688,41.682,91,109
45.984,39.979,91,109
44.281,38.275,91,109
50.668,36.572,91,109
48.255,34.869,91,109
54.074,33.166,91,109
51.661,31.463,91,109
49.391,31.463,91,109
55.777,31.463,91,109
61.502,23.306,91,109
59.609,23.306,91,109
57.906,23.306,91,109
56.203,23.306,91,109
54.5,23.306,91,109
52.797,23.306,91,109
51.094,23.306,91,109
57.48,23.306,91,109
63.205,23.306,91,109
61.313,23.306,91,109
59.609,23.306,91,109
57.906,23.306,91,109
64.293,23.306,91,109
70.017,23.306,91,109
68.125,23.306,91,109
74.512,15.149,91,109
80.236,15.149,91,109
78.344,15.149,91,109
76.641,15.149,91,109
74.938,15.149,91,109
81.324,15.149,91,109
78.911,6.9918,91,109
84.73,6.9918,91,109
82.318,6.9918,91,109
80.047,15.149,91,109
86.434,15.149,91,109
84.021,6.9918,91,109
81.75,6.9918,91,109
80.047,6.9918,91,109
78.344,6.9918,91,109
76.641,6.9918,91,109
74.938,6.9918,91,109
81.324,6.9918,91,109
78.911,6.9918,91,109
76.641,6.9918,91,109
74.938,6.9918,91,109
73.234,-1.1653,91,109
71.531,6.9918,91,109
69.828,6.9918,91,109
76.215,6.9918,91,109
73.802,6.9918,91,109
71.531,-1.1653,91,109
69.828,6.9918,91,109
76.215,6.9918,91,109
73.802,-1.1653,91,109
79.621,-1.1653,91,109
77.208,-1.1653,91,109
83.027,-1.1653,91,109
96.889,15.149,91,109
102.38,15.149,91,109
92.395,-66.422,91,109
65.996,-58.31,91,109
31.035,72.248,91,109
30.656,70.635,91,109
38.746,68.932,91,109
52.608,67.229,91,109
58.095,73.683,91,109
80.473,88.652,91,109
78.344,95.823,91,109
100.91,110.79,91,109
106.87,117.96,91,109
112.6,124.78,91,109
126.88,131.59,91,109
132.42,146.56,91,109
138.14,153.73,91,109
144.34,160.54,91,109
158.2,167.35,91,109
163.69,174.17,91,109
169.89,172.82,91,109
175.61,171.12,91,109
181.81,169.42,91,109
179.4,167.71,91,109
177.13,166.01,91,109
183.51,172.46,91,109
189.24,171.12,91,109
203.52,177.57,91,109
217.15,184.39,91,109
222.68,191.2,91,109
228.41,198.01,91,109
234.61,204.82,91,109
232.19,203.48,91,109
238.01,201.78,91,109
251.87,191.92,91,109
257.36,189.85,91,109
263.56,188.15,91,109
269.28,186.45,91,109
267.39,184.74,91,109
273.78,158.57,91,109
271.36,157.49,91,109
277.18,139.48,91,109
274.77,128.9,91,109
256.32,126.84,91,109
245.68,133.29,91,109
243.55,50.377,91,109
217.57,40.337,91,109
198.89,38.275,91,109
163.88,44.729,91,109
153.71,35.228,91,109
143.49,33.166,91,109
125.18,31.463,91,109
106.45,31.463,91,109
95.801,31.463,91,109
85.582,23.306,91,109
