843,96,178,618
838.71,90.316,178,618
861.94,90.316,178,618
858.71,90.316,178,618
854.71,62.947,178,618
877.94,90.316,178,618
874.71,90.316,178,618
870.71,62.947,178,618
866.71,62.947,178,618
862.71,62.947,178,618
885.94,117.68,178,618
882.71,117.68,178,618
878.71,117.68,178,618
874.71,117.68,178,618
870.71,117.68,178,618
839.48,62.947,178,618
861.94,117.68,178,618
831.48,62.947,178,618
826.71,117.68,178,618
822.71,117.68,178,618
818.71,117.68,178,618
814.71,117.68,178,618
810.71,117.68,178,618
806.71,117.68,178,618
802.71,117.68,178,618
798.71,117.68,178,618
794.71,117.68,178,618
790.71,117.68,178,618
786.71,117.68,178,618
782.71,117.68,178,618
778.71,117.68,178,618
774.71,117.68,178,618
770.71,117.68,178,618
766.71,117.68,178,618
762.71,117.68,178,618
758.71,117.68,178,618
754.71,117.68,178,618
750.71,117.68,178,618
746.71,117.68,178,618
742.71,117.68,178,618
738.71,117.68,178,618
734.71,117.68,178,618
730.71,117.68,178,618
753.94,117.68,178,618
750.71,117.68,178,618
746.71,117.68,178,618
742.71,117.68,178,618
738.71,117.68,178,618
761.94,117.68,178,618
758.71,117.68,178,618
754.71,117.68,178,618
750.71,117.68,178,618
746.71,117.68,178,618
742.71,117.68,178,618
765.94,117.68,178,618
762.71,117.68,178,618
758.71,90.316,178,618
754.71,90.316,178,618
750.71,117.68,178,618
746.71,117.68,178,618
742.71,117.68,178,618
765.94,117.68,178,618
762.71,117.68,178,618
758.71,117.68,178,618
754.71,117.68,178,618
750.71,117.68,178,618
746.71,117.68,178,618
742.71,117.68,178,618
738.71,117.68,178,618
734.71,117.68,178,618
730.71,117.68,178,618
726.71,117.68,178,618
722.71,117.68,178,618
718.71,117.68,178,618
714.71,117.68,178,618
710.71,117.68,178,618
706.71,117.68,178,618
702.71,117.68,178,618
698.71,117.68,178,618
694.71,117.68,178,618
690.71,117.68,178,618
686.71,117.68,178,618
682.71,117.68,178,618
678.71,117.68,178,618
674.71,117.68,178,618
670.71,117.68,178,618
666.71,117.68,178,618
662.71,90.316,178,618
658.71,117.68,178,618
681.94,90.316,178,618
678.71,62.947,178,618
701.94,62.947,178,618
698.71,35.579,178,618
694.71,8.2105,178,618
690.71,8.2105,178,618
686.71,8.2105,178,618
709.94,35.579,178,618
706.71,35.579,178,618
729.94,62.947,178,618
726.71,90.316,178,618
722.71,62.947,178,618
718.71,90.316,178,618
714.71,62.947,178,618
710.71,35.579,178,618
706.71,8.2105,178,618
702.71,8.2105,178,618
725.94,62.947,178,618
722.71,8.2105,178,618
718.71,8.2105,178,618
714.71,8.2105,178,618
737.94,35.579,178,618
734.71,35.579,178,618
730.71,8.2105,178,618
726.71,8.2105,178,618
722.71,35.579,178,618
718.71,62.947,178,618
714.71,62.947,178,618
710.71,62.947,178,618
706.71,62.947,178,618
702.71,62.947,178,618
698.71,90.316,178,618
694.71,90.316,178,618
690.71,90.316,178,618
686.71,90.316,178,618
682.71,90.316,178,618
678.71,90.316,178,618
674.71,117.68,178,618
697.94,117.68,178,618
694.71,90.316,178,618
690.71,90.316,178,618
686.71,90.316,178,618
709.94,90.316,178,618
706.71,62.947,178,618
729.94,90.316,178,618
726.71,90.316,178,618
749.94,90.316,178,618
746.71,62.947,178,618
769.94,117.68,178,618
766.71,90.316,178,618
789.94,90.316,178,618
786.71,90.316,178,618
782.71,62.947,178,618
778.71,62.947,178,618
774.71,90.316,178,618
770.71,62.947,178,618
766.71,90.316,178,618
762.71,117.68,178,618
731.48,117.68,178,618
726.71,90.316,178,618
722.71,117.68,178,618
691.48,145.05,178,618
659.48,172.42,178,618
654.71,172.42,178,618
650.71,172.42,178,618
646.71,172.42,178,618
642.71,172.42,178,618
638.71,172.42,178,618
634.71,145.05,178,618
630.71,90.316,178,618
626.71,90.316,178,618
622.71,62.947,178,618
618.71,62.947,178,618
614.71,90.316,178,618
610.71,90.316,178,618
606.71,90.316,178,618
602.71,117.68,178,618
598.71,117.68,178,618
594.71,117.68,178,618
563.48,117.68,178,618
558.71,145.05,178,618
554.71,172.42,178,618
523.48,172.42,178,618
518.71,172.42,178,618
514.71,172.42,178,618
510.71,145.05,178,618
479.48,117.68,178,618
474.71,117.68,178,618
470.71,117.68,178,618
466.71,117.68,178,618
462.71,117.68,178,618
458.71,117.68,178,618
454.71,117.68,178,618
450.71,90.316,178,618
473.94,90.316,178,618
470.71,90.316,178,618
493.94,90.316,178,618
490.71,90.316,178,618
486.71,90.316,178,618
482.71,90.316,178,618
478.71,90.316,178,618
474.71,90.316,178,618
470.71,62.947,178,618
466.71,117.68,178,618
435.48,117.68,178,618
430.71,145.05,178,618
399.48,145.05,178,618
394.71,145.05,178,618
390.71,145.05,178,618
386.71,145.05,178,618
382.71,145.05,178,618
378.71,145.05,178,618
374.71,117.68,178,618
370.71,145.05,178,618
393.94,172.42,178,618
390.71,172.42,178,618
413.94,172.42,178,618
410.71,172.42,178,618
406.71,172.42,178,618
402.71,172.42,178,618
425.94,172.42,178,618
422.71,172.42,178,618
445.94,172.42,178,618
442.71,172.42,178,618
438.71,172.42,178,618
434.71,172.42,178,618
457.94,172.42,178,618
454.71,172.42,178,618
477.94,145.05,178,618
474.71,172.42,178,618
470.71,145.05,178,618
466.71,172.42,178,618
489.94,145.05,178,618
486.71,172.42,178,618
509.94,145.05,178,618
506.71,145.05,178,618
502.71,172.42,178,618
498.71,172.42,178,618
494.71,172.42,178,618
490.71,172.42,178,618
486.71,199.79,178,618
509.94,199.79,178,618
533.94,199.79,178,618
530.71,199.79,178,618
553.94,199.79,178,618
577.94,172.42,178,618
601.94,199.79,178,618
598.71,199.79,178,618
594.71,227.16,178,618
590.71,227.16,178,618
613.94,227.16,178,618
637.94,227.16,178,618
634.71,227.16,178,618
630.71,227.16,178,618
626.71,227.16,178,618
622.71,227.16,178,618
645.94,227.16,178,618
615.48,227.16,178,618
610.71,227.16,178,618
606.71,227.16,178,618
629.94,227.16,178,618
626.71,227.16,178,618
622.71,227.16,178,618
618.71,227.16,178,618
641.94,199.79,178,618
638.71,145.05,178,618
634.71,227.16,178,618
630.71,227.16,178,618
626.71,227.16,178,618
649.94,145.05,178,618
673.94,199.79,178,618
670.71,199.79,178,618
666.71,145.05,178,618
662.71,172.42,178,618
685.94,117.68,178,618
682.71,117.68,178,618
705.94,172.42,178,618
702.71,172.42,178,618
698.71,172.42,178,618
694.71,172.42,178,618
690.71,172.42,178,618
686.71,172.42,178,618
682.71,172.42,178,618
651.48,117.68,178,618
646.71,117.68,178,618
642.71,117.68,178,618
665.94,199.79,178,618
635.48,145.05,178,618
630.71,117.68,178,618
626.71,145.05,178,618
622.71,145.05,178,618
618.71,117.68,178,618
614.71,117.68,178,618
610.71,145.05,178,618
633.94,145.05,178,618
630.71,145.05,178,618
626.71,145.05,178,618
622.71,145.05,178,618
618.71,117.68,178,618
614.71,117.68,178,618
610.71,117.68,178,618
633.94,145.05,178,618
630.71,145.05,178,618
626.71,117.68,178,618
622.71,145.05,178,618
618.71,117.68,178,618
641.94,145.05,178,618
638.71,145.05,178,618
634.71,145.05,178,618
630.71,145.05,178,618
626.71,145.05,178,618
622.71,199.79,178,618
618.71,199.79,178,618
587.48,145.05,178,618
582.71,145.05,178,618
578.71,145.05,178,618
574.71,172.42,178,618
543.48,145.05,178,618
538.71,145.05,178,618
534.71,117.68,178,618
530.71,145.05,178,618
526.71,145.05,178,618
522.71,145.05,178,618
518.71,90.316,178,618
514.71,145.05,178,618
510.71,172.42,178,618
506.71,172.42,178,618
502.71,145.05,178,618
498.71,172.42,178,618
494.71,199.79,178,618
490.71,199.79,178,618
486.71,227.16,178,618
482.71,199.79,178,618
478.71,199.79,178,618
474.71,199.79,178,618
470.71,227.16,178,618
466.71,227.16,178,618
462.71,199.79,178,618
458.71,172.42,178,618
454.71,227.16,178,618
450.71,172.42,178,618
446.71,254.53,178,618
442.71,254.53,178,618
465.94,281.89,178,618
462.71,227.16,178,618
458.71,227.16,178,618
454.71,199.79,178,618
450.71,199.79,178,618
446.71,199.79,178,618
469.94,199.79,178,618
493.94,227.16,178,618
490.71,227.16,178,618
486.71,199.79,178,618
482.71,199.79,178,618
478.71,199.79,178,618
474.71,227.16,178,618
470.71,172.42,178,618
466.71,172.42,178,618
517.16,172.42,178,618
484.9,172.42,178,618
480.26,145.05,178,618
501.94,172.42,178,618
498.71,172.42,178,618
494.71,172.42,178,618
517.94,172.42,178,618
514.71,172.42,178,618
510.71,145.05,178,618
506.71,117.68,178,618
529.94,145.05,178,618
526.71,145.05,178,618
549.94,145.05,178,618
546.71,117.68,178,618
542.71,117.68,178,618
565.94,117.68,178,618
562.71,117.68,178,618
558.71,117.68,178,618
554.71,117.68,178,618
550.71,117.68,178,618
546.71,145.05,178,618
542.71,145.05,178,618
538.71,145.05,178,618
534.71,145.05,178,618
530.71,117.68,178,618
526.71,172.42,178,618
549.94,172.42,178,618
546.71,172.42,178,618
542.71,172.42,178,618
538.71,172.42,178,618
561.94,172.42,178,618
585.94,172.42,178,618
609.94,172.42,178,618
606.71,145.05,178,618
629.94,145.05,178,618
626.71,145.05,178,618
622.71,145.05,178,618
618.71,145.05,178,618
614.71,117.68,178,618
610.71,145.05,178,618
606.71,117.68,178,618
602.71,117.68,178,618
598.71,117.68,178,618
594.71,117.68,178,618
590.71,117.68,178,618
586.71,172.42,178,618
582.71,172.42,178,618
578.71,172.42,178,618
574.71,172.42,178,618
570.71,172.42,178,618
566.71,172.42,178,618
562.71,172.42,178,618
558.71,172.42,178,618
554.71,172.42,178,618
550.71,172.42,178,618
546.71,145.05,178,618
542.71,117.68,178,618
565.94,145.05,178,618
562.71,117.68,178,618
558.71,117.68,178,618
554.71,117.68,178,618
523.48,117.68,178,618
545.94,117.68,178,618
569.94,90.316,178,618
648.39,145.05,178,618
562.19,90.316,178,618
640.39,172.42,178,618
663.61,172.42,178,618
658.71,172.42,178,618
654.71,172.42,178,618
596.26,90.316,178,618
590.71,90.316,178,618
586.71,90.316,178,618
609.94,90.316,178,618
579.48,62.947,178,618
574.71,90.316,178,618
570.71,90.316,178,618
566.71,90.316,178,618
562.71,90.316,178,618
531.48,117.68,178,618
526.71,117.68,178,618
522.71,117.68,178,618
518.71,117.68,178,618
514.71,117.68,178,618
510.71,117.68,178,618
506.71,117.68,178,618
502.71,117.68,178,618
498.71,117.68,178,618
521.94,145.05,178,618
518.71,145.05,178,618
514.71,145.05,178,618
510.71,117.68,178,618
533.94,117.68,178,618
530.71,117.68,178,618
526.71,117.68,178,618
549.94,117.68,178,618
546.71,90.316,178,618
542.71,90.316,178,618
538.71,90.316,178,618
561.94,90.316,178,618
585.94,90.316,178,618
582.71,90.316,178,618
605.94,62.947,178,618
602.71,62.947,178,618
625.94,62.947,178,618
649.94,35.579,178,618
673.94,35.579,178,618
670.71,35.579,178,618
693.94,35.579,178,618
690.71,8.2105,178,618
713.94,62.947,178,618
710.71,62.947,178,618
706.71,62.947,178,618
702.71,62.947,178,618
725.94,62.947,178,618
722.71,62.947,178,618
745.94,62.947,178,618
769.94,62.947,178,618
793.94,90.316,178,618
790.71,90.316,178,618
786.71,62.947,178,618
809.94,90.316,178,618
806.71,90.316,178,618
802.71,35.579,178,618
798.71,35.579,178,618
794.71,35.579,178,618
817.94,62.947,178,618
814.71,35.579,178,618
810.71,35.579,178,618
806.71,62.947,178,618
802.71,90.316,178,618
798.71,90.316,178,618
794.71,117.68,178,618
790.71,117.68,178,618
786.71,117.68,178,618
809.94,145.05,178,618
806.71,117.68,178,618
802.71,117.68,178,618
825.94,145.05,178,618
822.71,145.05,178,618
818.71,117.68,178,618
814.71,117.68,178,618
837.94,117.68,178,618
861.94,145.05,178,618
831.48,117.68,178,618
853.94,117.68,178,618
877.94,172.42,178,618
847.48,117.68,178,618
869.94,117.68,178,618
866.71,117.68,178,618
862.71,117.68,178,618
885.94,117.68,178,618
882.71,117.68,178,618
878.71,117.68,178,618
874.71,117.68,178,618
870.71,117.68,178,618
866.71,145.05,178,618
862.71,145.05,178,618
858.71,145.05,178,618
854.71,145.05,178,618
850.71,145.05,178,618
846.71,145.05,178,618
869.94,145.05,178,618
866.71,145.05,178,618
862.71,145.05,178,618
885.94,145.05,178,618
882.71,117.68,178,618
878.71,117.68,178,618
874.71,145.05,178,618
870.71,145.05,178,618
866.71,145.05,178,618
862.71,145.05,178,618
858.71,145.05,178,618
854.71,145.05,178,618
850.71,145.05,178,618
846.71,145.05,178,618
842.71,145.05,178,618
838.71,145.05,178,618
861.94,145.05,178,618
858.71,145.05,178,618
854.71,145.05,178,618
877.94,145.05,178,618
874.71,145.05,178,618
870.71,145.05,178,618
893.94,145.05,178,618
890.71,145.05,178,618
886.71,145.05,178,618
882.71,145.05,178,618
878.71,145.05,178,618
901.94,145.05,178,618
871.48,117.68,178,618
893.94,145.05,178,618
863.48,117.68,178,618
858.71,117.68,178,618
854.71,117.68,178,618
850.71,145.05,178,618
846.71,145.05,178,618
842.71,145.05,178,618
838.71,145.05,178,618
834.71,145.05,178,618
830.71,145.05,178,618
826.71,145.05,178,618
822.71,145.05,178,618
818.71,145.05,178,618
814.71,145.05,178,618
810.71,172.42,178,618
779.48,117.68,178,618
801.94,172.42,178,618
771.48,117.68,178,618
793.94,172.42,178,618
790.71,172.42,178,618
759.48,117.68,178,618
754.71,117.68,178,618
750.71,145.05,178,618
746.71,145.05,178,618
769.94,172.42,178,618
739.48,172.42,178,618
734.71,145.05,178,618
703.48,145.05,178,618
698.71,145.05,178,618
667.48,145.05,178,618
689.94,145.05,178,618
686.71,172.42,178,618
655.48,145.05,178,618
650.71,145.05,178,618
646.71,145.05,178,618
642.71,117.68,178,618
638.71,117.68,178,618
634.71,90.316,178,618
630.71,90.316,178,618
599.48,62.947,178,618
594.71,62.947,178,618
590.71,90.316,178,618
586.71,90.316,178,618
582.71,117.68,178,618
551.48,90.316,178,618
546.71,90.316,178,618
542.71,145.05,178,618
511.48,117.68,178,618
533.94,145.05,178,618
503.48,145.05,178,618
498.71,117.68,178,618
494.71,90.316,178,618
490.71,90.316,178,618
459.48,62.947,178,618
454.71,62.947,178,618
450.71,62.947,178,618
473.94,90.316,178,618
470.71,90.316,178,618
493.94,62.947,178,618
517.94,62.947,178,618
514.71,62.947,178,618
510.71,62.947,178,618
533.94,62.947,178,618
557.94,62.947,178,618
554.71,62.947,178,618
577.94,62.947,178,618
574.71,62.947,178,618
570.71,62.947,178,618
566.71,90.316,178,618
589.94,117.68,178,618
559.48,117.68,178,618
527.48,117.68,178,618
549.94,145.05,178,618
519.48,117.68,178,618
514.71,145.05,178,618
510.71,145.05,178,618
506.71,145.05,178,618
475.48,117.68,178,618
497.94,117.68,178,618
494.71,145.05,178,618
490.71,145.05,178,618
486.71,145.05,178,618
482.71,145.05,178,618
505.94,145.05,178,618
502.71,145.05,178,618
525.94,145.05,178,618
522.71,117.68,178,618
545.94,172.42,178,618
542.71,145.05,178,618
565.94,145.05,178,618
562.71,172.42,178,618
558.71,145.05,178,618
554.71,172.42,178,618
577.94,145.05,178,618
574.71,172.42,178,618
597.94,117.68,178,618
594.71,117.68,178,618
617.94,145.05,178,618
614.71,117.68,178,618
610.71,117.68,178,618
606.71,117.68,178,618
602.71,117.68,178,618
598.71,117.68,178,618
621.94,145.05,178,618
618.71,145.05,178,618
614.71,117.68,178,618
610.71,117.68,178,618
606.71,117.68,178,618
602.71,117.68,178,618
598.71,117.68,178,618
594.71,117.68,178,618
590.71,117.68,178,618
586.71,117.68,178,618
609.94,117.68,178,618
606.71,117.68,178,618
602.71,117.68,178,618
625.94,117.68,178,618
622.71,117.68,178,618
645.94,145.05,178,618
642.71,145.05,178,618
638.71,117.68,178,618
634.71,117.68,178,618
630.71,117.68,178,618
653.94,117.68,178,618
650.71,117.68,178,618
646.71,117.68,178,618
642.71,117.68,178,618
638.71,117.68,178,618
634.71,117.68,178,618
630.71,117.68,178,618
626.71,145.05,178,618
622.71,172.42,178,618
618.71,172.42,178,618
614.71,172.42,178,618
610.71,172.42,178,618
579.48,172.42,178,618
574.71,172.42,178,618
570.71,145.05,178,618
593.94,145.05,178,618
590.71,117.68,178,618
586.71,117.68,178,618
582.71,117.68,178,618
578.71,117.68,178,618
574.71,117.68,178,618
570.71,117.68,178,618
593.94,117.68,178,618
563.48,145.05,178,618
558.71,145.05,178,618
554.71,145.05,178,618
577.94,172.42,178,618
574.71,172.42,178,618
570.71,172.42,178,618
593.94,172.42,178,618
590.71,172.42,178,618
586.71,172.42,178,618
609.94,172.42,178,618
606.71,172.42,178,618
602.71,145.05,178,618
625.94,145.05,178,618
649.94,172.42,178,618
646.71,172.42,178,618
669.94,172.42,178,618
666.71,172.42,178,618
662.71,145.05,178,618
658.71,145.05,178,618
681.94,145.05,178,618
678.71,172.42,178,618
701.94,172.42,178,618
698.71,172.42,178,618
694.71,145.05,178,618
717.94,172.42,178,618
714.71,172.42,178,618
737.94,172.42,178,618
734.71,145.05,178,618
730.71,117.68,178,618
753.94,145.05,178,618
777.94,145.05,178,618
774.71,145.05,178,618
770.71,145.05,178,618
793.94,145.05,178,618
790.71,145.05,178,618
813.94,145.05,178,618
810.71,145.05,178,618
806.71,145.05,178,618
802.71,117.68,178,618
798.71,117.68,178,618
794.71,145.05,178,618
790.71,117.68,178,618
786.71,145.05,178,618
782.71,145.05,178,618
778.71,145.05,178,618
774.71,145.05,178,618
770.71,145.05,178,618
766.71,145.05,178,618
762.71,145.05,178,618
758.71,172.42,178,618
754.71,172.42,178,618
750.71,172.42,178,618
746.71,145.05,178,618
742.71,172.42,178,618
738.71,172.42,178,618
734.71,172.42,178,618
730.71,172.42,178,618
726.71,172.42,178,618
722.71,172.42,178,618
718.71,172.42,178,618
714.71,145.05,178,618
710.71,172.42,178,618
706.71,172.42,178,618
702.71,172.42,178,618
725.94,199.79,178,618
695.48,172.42,178,618
690.71,172.42,178,618
686.71,199.79,178,618
682.71,199.79,178,618
678.71,199.79,178,618
674.71,199.79,178,618
670.71,227.16,178,618
639.48,199.79,178,618
661.94,199.79,178,618
658.71,199.79,178,618
654.71,172.42,178,618
650.71,172.42,178,618
646.71,145.05,178,618
642.71,117.68,178,618
665.94,117.68,178,618
662.71,117.68,178,618
658.71,117.68,178,618
654.71,117.68,178,618
650.71,90.316,178,618
673.94,117.68,178,618
670.71,117.68,178,618
639.48,90.316,178,618
661.94,62.947,178,618
658.71,90.316,178,618
654.71,90.316,178,618
650.71,90.316,178,618
646.71,62.947,178,618
642.71,90.316,178,618
638.71,117.68,178,618
634.71,117.68,178,618
630.71,145.05,178,618
626.71,145.05,178,618
622.71,145.05,178,618
645.94,145.05,178,618
642.71,145.05,178,618
638.71,145.05,178,618
661.94,172.42,178,618
658.71,172.42,178,618
681.94,172.42,178,618
678.71,145.05,178,618
701.94,172.42,178,618
698.71,117.68,178,618
694.71,117.68,178,618
690.71,117.68,178,618
686.71,117.68,178,618
682.71,117.68,178,618
678.71,117.68,178,618
674.71,145.05,178,618
670.71,145.05,178,618
639.48,117.68,178,618
634.71,145.05,178,618
630.71,145.05,178,618
626.71,145.05,178,618
622.71,145.05,178,618
618.71,145.05,178,618
587.48,145.05,178,618
582.71,145.05,178,618
578.71,145.05,178,618
574.71,145.05,178,618
570.71,145.05,178,618
566.71,145.05,178,618
562.71,145.05,178,618
558.71,117.68,178,618
554.71,145.05,178,618
577.94,145.05,178,618
574.71,145.05,178,618
570.71,117.68,178,618
566.71,117.68,178,618
562.71,117.68,178,618
558.71,117.68,178,618
554.71,117.68,178,618
577.94,145.05,178,618
574.71,145.05,178,618
570.71,145.05,178,618
566.71,145.05,178,618
589.94,145.05,178,618
586.71,117.68,178,618
582.71,117.68,178,618
578.71,90.316,178,618
574.71,90.316,178,618
597.94,117.68,178,618
594.71,90.316,178,618
590.71,90.316,178,618
586.71,90.316,178,618
582.71,90.316,178,618
605.94,145.05,178,618
602.71,172.42,178,618
625.94,172.42,178,618
622.71,172.42,178,618
618.71,172.42,178,618
641.94,117.68,178,618
638.71,145.05,178,618
661.94,117.68,178,618
685.94,117.68,178,618
682.71,117.68,178,618
678.71,117.68,178,618
701.94,117.68,178,618
698.71,117.68,178,618
721.94,145.05,178,618
718.71,90.316,178,618
687.48,90.316,178,618
709.94,90.316,178,618
706.71,117.68,178,618
702.71,117.68,178,618
698.71,90.316,178,618
694.71,90.316,178,618
690.71,90.316,178,618
686.71,90.316,178,618
709.94,90.316,178,618
706.71,62.947,178,618
702.71,62.947,178,618
725.94,90.316,178,618
749.94,90.316,178,618
746.71,90.316,178,618
769.94,90.316,178,618
793.94,117.68,178,618
817.94,117.68,178,618
841.94,90.316,178,618
838.71,117.68,178,618
834.71,90.316,178,618
857.94,90.316,178,618
854.71,90.316,178,618
850.71,117.68,178,618
846.71,117.68,178,618
842.71,117.68,178,618
838.71,117.68,178,618
834.71,117.68,178,618
830.71,117.68,178,618
826.71,117.68,178,618
822.71,117.68,178,618
818.71,117.68,178,618
814.71,117.68,178,618
837.94,117.68,178,618
834.71,117.68,178,618
830.71,117.68,178,618
826.71,117.68,178,618
822.71,117.68,178,618
818.71,117.68,178,618
814.71,117.68,178,618
810.71,117.68,178,618
806.71,117.68,178,618
802.71,117.68,178,618
798.71,117.68,178,618
821.94,117.68,178,618
791.48,117.68,178,618
786.71,117.68,178,618
782.71,145.05,178,618
751.48,117.68,178,618
746.71,90.316,178,618
742.71,90.316,178,618
820.39,145.05,178,618
734.19,90.316,178,618
703.48,90.316,178,618
698.71,90.316,178,618
694.71,90.316,178,618
717.94,90.316,178,618
714.71,62.947,178,618
710.71,62.947,178,618
706.71,62.947,178,618
702.71,90.316,178,618
698.71,117.68,178,618
694.71,90.316,178,618
663.48,117.68,178,618
658.71,117.68,178,618
627.48,145.05,178,618
622.71,172.42,178,618
618.71,199.79,178,618
614.71,199.79,178,618
610.71,199.79,178,618
579.48,199.79,178,618
601.94,199.79,178,618
625.94,199.79,178,618
622.71,199.79,178,618
618.71,172.42,178,618
614.71,172.42,178,618
637.94,199.79,178,618
634.71,172.42,178,618
657.94,172.42,178,618
654.71,172.42,178,618
650.71,172.42,178,618
673.94,172.42,178,618
670.71,172.42,178,618
693.94,172.42,178,618
690.71,172.42,178,618
686.71,172.42,178,618
682.71,172.42,178,618
705.94,199.79,178,618
702.71,172.42,178,618
698.71,172.42,178,618
694.71,172.42,178,618
690.71,172.42,178,618
686.71,172.42,178,618
682.71,172.42,178,618
678.71,172.42,178,618
674.71,172.42,178,618
670.71,172.42,178,618
666.71,172.42,178,618
662.71,172.42,178,618
685.94,199.79,178,618
655.48,172.42,178,618
650.71,199.79,178,618
673.94,199.79,178,618
670.71,199.79,178,618
666.71,199.79,178,618
662.71,199.79,178,618
658.71,199.79,178,618
654.71,199.79,178,618
677.94,199.79,178,618
674.71,199.79,178,618
670.71,199.79,178,618
666.71,199.79,178,618
689.94,199.79,178,618
686.71,199.79,178,618
682.71,199.79,178,618
678.71,199.79,178,618
674.71,199.79,178,618
670.71,199.79,178,618
666.71,199.79,178,618
662.71,199.79,178,618
658.71,227.16,178,618
654.71,227.16,178,618
650.71,227.16,178,618
646.71,227.16,178,618
615.48,199.79,178,618
610.71,199.79,178,618
606.71,172.42,178,618
602.71,145.05,178,618
598.71,145.05,178,618
594.71,145.05,178,618
590.71,117.68,178,618
586.71,117.68,178,618
746.06,254.53,178,618
742.71,254.53,178,618
738.71,254.53,178,618
707.48,227.16,178,618
702.71,227.16,178,618
617.03,145.05,178,618
584.9,172.42,178,618
580.26,172.42,178,618
629.16,199.79,178,618
596.9,199.79,178,618
564.9,199.79,178,618
560.26,227.16,178,618
500.26,227.16,178,618
494.71,227.16,178,618
490.71,227.16,178,618
486.71,254.53,178,618
482.71,281.89,178,618
478.71,281.89,178,618
474.71,254.53,178,618
470.71,254.53,178,618
466.71,227.16,178,618
462.71,227.16,178,618
485.94,227.16,178,618
482.71,227.16,178,618
451.48,227.16,178,618
446.71,227.16,178,618
442.71,227.16,178,618
411.48,254.53,178,618
379.48,281.89,178,618
374.71,281.89,178,618
370.71,281.89,178,618
339.48,281.89,178,618
334.71,281.89,178,618
330.71,281.89,178,618
326.71,281.89,178,618
322.71,281.89,178,618
345.94,281.89,178,618
342.71,281.89,178,618
338.71,281.89,178,618
361.94,227.16,178,618
358.71,281.89,178,618
381.94,227.16,178,618
378.71,254.53,178,618
401.94,227.16,178,618
398.71,227.16,178,618
394.71,227.16,178,618
390.71,281.89,178,618
386.71,254.53,178,618
382.71,281.89,178,618
405.94,227.16,178,618
375.48,281.89,178,618
370.71,281.89,178,618
366.71,281.89,178,618
362.71,254.53,178,618
358.71,281.89,178,618
354.71,254.53,178,618
350.71,227.16,178,618
346.71,199.79,178,618
342.71,172.42,178,618
338.71,145.05,178,618
334.71,117.68,178,618
357.94,145.05,178,618
354.71,145.05,178,618
350.71,145.05,178,618
346.71,145.05,178,618
342.71,145.05,178,618
365.94,199.79,178,618
362.71,254.53,178,618
358.71,254.53,178,618
354.71,254.53,178,618
377.94,281.89,178,618
347.48,281.89,178,618
369.94,281.89,178,618
366.71,281.89,178,618
362.71,281.89,178,618
358.71,281.89,178,618
381.94,281.89,178,618
378.71,281.89,178,618
374.71,281.89,178,618
370.71,281.89,178,618
393.94,281.89,178,618
390.71,281.89,178,618
386.71,281.89,178,618
382.71,281.89,178,618
378.71,254.53,178,618
374.71,254.53,178,618
370.71,227.16,178,618
393.94,227.16,178,618
390.71,227.16,178,618
386.71,199.79,178,618
409.94,281.89,178,618
406.71,227.16,178,618
402.71,227.16,178,618
425.94,172.42,178,618
422.71,227.16,178,618
418.71,227.16,178,618
414.71,227.16,178,618
410.71,227.16,178,618
406.71,172.42,178,618
402.71,172.42,178,618
398.71,172.42,178,618
394.71,172.42,178,618
390.71,199.79,178,618
386.71,199.79,178,618
409.94,199.79,178,618
406.71,227.16,178,618
402.71,227.16,178,618
398.71,227.16,178,618
394.71,227.16,178,618
390.71,199.79,178,618
386.71,199.79,178,618
382.71,199.79,178,618
405.94,254.53,178,618
402.71,281.89,178,618
398.71,281.89,178,618
394.71,281.89,178,618
390.71,254.53,178,618
386.71,227.16,178,618
409.94,254.53,178,618
406.71,254.53,178,618
402.71,254.53,178,618
398.71,199.79,178,618
394.71,199.79,178,618
390.71,199.79,178,618
386.71,199.79,178,618
409.94,199.79,178,618
406.71,199.79,178,618
402.71,172.42,178,618
398.71,172.42,178,618
394.71,172.42,178,618
390.71,172.42,178,618
386.71,172.42,178,618
382.71,172.42,178,618
405.94,145.05,178,618
402.71,90.316,178,618
398.71,172.42,178,618
394.71,172.42,178,618
390.71,172.42,178,618
386.71,172.42,178,618
382.71,172.42,178,618
378.71,172.42,178,618
374.71,172.42,178,618
370.71,254.53,178,618
366.71,281.89,178,618
362.71,281.89,178,618
358.71,281.89,178,618
354.71,281.89,178,618
350.71,254.53,178,618
346.71,254.53,178,618
342.71,254.53,178,618
338.71,281.89,178,618
334.71,227.16,178,618
357.94,227.16,178,618
354.71,227.16,178,618
350.71,227.16,178,618
346.71,172.42,178,618
369.94,227.16,178,618
366.71,199.79,178,618
362.71,199.79,178,618
358.71,199.79,178,618
381.94,199.79,178,618
378.71,254.53,178,618
401.94,227.16,178,618
398.71,199.79,178,618
394.71,199.79,178,618
417.94,199.79,178,618
414.71,172.42,178,618
437.94,145.05,178,618
434.71,199.79,178,618
430.71,199.79,178,618
426.71,172.42,178,618
422.71,172.42,178,618
445.94,172.42,178,618
442.71,172.42,178,618
465.94,172.42,178,618
462.71,172.42,178,618
458.71,199.79,178,618
454.71,145.05,178,618
450.71,117.68,178,618
446.71,90.316,178,618
442.71,90.316,178,618
465.94,172.42,178,618
462.71,172.42,178,618
458.71,172.42,178,618
454.71,172.42,178,618
477.94,145.05,178,618
474.71,145.05,178,618
497.94,145.05,178,618
494.71,145.05,178,618
490.71,145.05,178,618
486.71,145.05,178,618
482.71,117.68,178,618
505.94,145.05,178,618
502.71,145.05,178,618
498.71,117.68,178,618
494.71,145.05,178,618
490.71,145.05,178,618
513.94,172.42,178,618
510.71,172.42,178,618
506.71,172.42,178,618
502.71,172.42,178,618
498.71,172.42,178,618
521.94,172.42,178,618
518.71,172.42,178,618
514.71,172.42,178,618
537.94,172.42,178,618
534.71,172.42,178,618
557.94,172.42,178,618
527.48,145.05,178,618
549.94,172.42,178,618
546.71,145.05,178,618
542.71,145.05,178,618
538.71,145.05,178,618
561.94,145.05,178,618
558.71,145.05,178,618
554.71,117.68,178,618
577.94,172.42,178,618
601.94,172.42,178,618
598.71,172.42,178,618
621.94,172.42,178,618
618.71,145.05,178,618
641.94,172.42,178,618
638.71,145.05,178,618
661.94,172.42,178,618
658.71,145.05,178,618
654.71,145.05,178,618
677.94,145.05,178,618
674.71,117.68,178,618
670.71,117.68,178,618
693.94,117.68,178,618
690.71,117.68,178,618
686.71,117.68,178,618
709.94,117.68,178,618
706.71,145.05,178,618
702.71,117.68,178,618
698.71,117.68,178,618
694.71,117.68,178,618
690.71,117.68,178,618
686.71,117.68,178,618
682.71,172.42,178,618
678.71,145.05,178,618
674.71,145.05,178,618
670.71,145.05,178,618
666.71,145.05,178,618
662.71,145.05,178,618
658.71,145.05,178,618
654.71,145.05,178,618
650.71,145.05,178,618
646.71,145.05,178,618
642.71,172.42,178,618
638.71,172.42,178,618
607.48,172.42,178,618
602.71,172.42,178,618
598.71,172.42,178,618
594.71,172.42,178,618
590.71,145.05,178,618
586.71,117.68,178,618
555.48,90.316,178,618
550.71,90.316,178,618
519.48,62.947,178,618
541.94,90.316,178,618
565.94,90.316,178,618
508.26,90.316,178,618
502.71,117.68,178,618
498.71,90.316,178,618
494.71,90.316,178,618
490.71,90.316,178,618
486.71,90.316,178,618
482.71,90.316,178,618
451.48,117.68,178,618
446.71,117.68,178,618
442.71,145.05,178,618
438.71,145.05,178,618
407.48,172.42,178,618
402.71,172.42,178,618
371.48,199.79,178,618
393.94,199.79,178,618
390.71,199.79,178,618
386.71,199.79,178,618
382.71,199.79,178,618
378.71,145.05,178,618
374.71,145.05,178,618
370.71,145.05,178,618
393.94,172.42,178,618
390.71,145.05,178,618
386.71,145.05,178,618
382.71,145.05,178,618
405.94,145.05,178,618
402.71,145.05,178,618
398.71,145.05,178,618
394.71,145.05,178,618
390.71,172.42,178,618
386.71,172.42,178,618
409.94,145.05,178,618
406.71,145.05,178,618
402.71,145.05,178,618
398.71,145.05,178,618
394.71,145.05,178,618
390.71,145.05,178,618
386.71,145.05,178,618
382.71,117.68,178,618
378.71,90.316,178,618
401.94,145.05,178,618
398.71,145.05,178,618
394.71,145.05,178,618
390.71,145.05,178,618
386.71,145.05,178,618
382.71,145.05,178,618
378.71,145.05,178,618
374.71,145.05,178,618
397.94,199.79,178,618
394.71,227.16,178,618
390.71,172.42,178,618
386.71,145.05,178,618
382.71,145.05,178,618
378.71,145.05,178,618
374.71,117.68,178,618
370.71,145.05,178,618
366.71,117.68,178,618
389.94,145.05,178,618
386.71,145.05,178,618
382.71,117.68,178,618
378.71,145.05,178,618
374.71,145.05,178,618
370.71,145.05,178,618
393.94,145.05,178,618
390.71,145.05,178,618
413.94,227.16,178,618
383.48,145.05,178,618
378.71,117.68,178,618
401.94,145.05,178,618
398.71,145.05,178,618
394.71,145.05,178,618
390.71,145.05,178,618
413.94,172.42,178,618
437.94,172.42,178,618
407.48,145.05,178,618
402.71,145.05,178,618
398.71,145.05,178,618
394.71,172.42,178,618
445.16,172.42,178,618
412.9,172.42,178,618
408.26,172.42,178,618
402.71,172.42,178,618
425.94,172.42,178,618
422.71,172.42,178,618
418.71,172.42,178,618
414.71,172.42,178,618
410.71,172.42,178,618
406.71,172.42,178,618
402.71,172.42,178,618
398.71,172.42,178,618
421.94,172.42,178,618
418.71,172.42,178,618
414.71,172.42,178,618
437.94,172.42,178,618
434.71,172.42,178,618
430.71,172.42,178,618
426.71,172.42,178,618
449.94,172.42,178,618
446.71,172.42,178,618
442.71,172.42,178,618
438.71,172.42,178,618
434.71,172.42,178,618
457.94,199.79,178,618
454.71,172.42,178,618
450.71,172.42,178,618
446.71,172.42,178,618
442.71,199.79,178,618
438.71,227.16,178,618
461.94,199.79,178,618
485.94,199.79,178,618
482.71,199.79,178,618
478.71,199.79,178,618
474.71,199.79,178,618
497.94,199.79,178,618
494.71,199.79,178,618
490.71,199.79,178,618
486.71,227.16,178,618
482.71,172.42,178,618
478.71,172.42,178,618
474.71,172.42,178,618
470.71,199.79,178,618
466.71,199.79,178,618
462.71,199.79,178,618
458.71,172.42,178,618
454.71,172.42,178,618
450.71,172.42,178,618
446.71,172.42,178,618
469.94,172.42,178,618
439.48,172.42,178,618
461.94,172.42,178,618
458.71,172.42,178,618
454.71,172.42,178,618
477.94,172.42,178,618
474.71,172.42,178,618
470.71,172.42,178,618
493.94,172.42,178,618
490.71,172.42,178,618
486.71,172.42,178,618
482.71,172.42,178,618
505.94,172.42,178,618
502.71,172.42,178,618
498.71,172.42,178,618
494.71,172.42,178,618
490.71,172.42,178,618
486.71,145.05,178,618
482.71,145.05,178,618
478.71,172.42,178,618
474.71,172.42,178,618
470.71,172.42,178,618
466.71,172.42,178,618
462.71,172.42,178,618
458.71,172.42,178,618
454.71,172.42,178,618
450.71,172.42,178,618
446.71,172.42,178,618
469.94,172.42,178,618
466.71,172.42,178,618
462.71,199.79,178,618
458.71,199.79,178,618
454.71,199.79,178,618
450.71,199.79,178,618
446.71,199.79,178,618
469.94,199.79,178,618
466.71,227.16,178,618
462.71,199.79,178,618
458.71,199.79,178,618
454.71,199.79,178,618
450.71,199.79,178,618
446.71,199.79,178,618
442.71,199.79,178,618
438.71,199.79,178,618
434.71,227.16,178,618
430.71,199.79,178,618
426.71,199.79,178,618
422.71,199.79,178,618
418.71,199.79,178,618
414.71,199.79,178,618
410.71,199.79,178,618
433.94,227.16,178,618
430.71,227.16,178,618
426.71,227.16,178,618
449.94,227.16,178,618
446.71,227.16,178,618
442.71,227.16,178,618
465.94,227.16,178,618
462.71,227.16,178,618
458.71,227.16,178,618
454.71,227.16,178,618
450.71,227.16,178,618
473.94,227.16,178,618
470.71,227.16,178,618
466.71,227.16,178,618
462.71,227.16,178,618
458.71,227.16,178,618
481.94,227.16,178,618
478.71,227.16,178,618
474.71,227.16,178,618
470.71,227.16,178,618
466.71,227.16,178,618
462.71,227.16,178,618
458.71,227.16,178,618
454.71,227.16,178,618
450.71,227.16,178,618
473.94,227.16,178,618
443.48,227.16,178,618
438.71,227.16,178,618
434.71,199.79,178,618
457.94,172.42,178,618
454.71,172.42,178,618
477.94,172.42,178,618
447.48,145.05,178,618
442.71,145.05,178,618
520.39,199.79,178,618
461.55,145.05,178,618
456.26,145.05,178,618
477.94,145.05,178,618
474.71,145.05,178,618
470.71,145.05,178,618
466.71,145.05,178,618
462.71,145.05,178,618
458.71,145.05,178,618
454.71,145.05,178,618
423.48,145.05,178,618
418.71,172.42,178,618
387.48,172.42,178,618
382.71,172.42,178,618
405.94,172.42,178,618
402.71,199.79,178,618
371.48,227.16,178,618
366.71,227.16,178,618
362.71,199.79,178,618
358.71,199.79,178,618
354.71,199.79,178,618
350.71,227.16,178,618
346.71,199.79,178,618
369.94,172.42,178,618
366.71,199.79,178,618
362.71,172.42,178,618
358.71,199.79,178,618
381.94,199.79,178,618
378.71,199.79,178,618
374.71,227.16,178,618
370.71,117.68,178,618
393.94,172.42,178,618
390.71,227.16,178,618
413.94,227.16,178,618
410.71,172.42,178,618
433.94,199.79,178,618
430.71,172.42,178,618
453.94,227.16,178,618
450.71,227.16,178,618
446.71,199.79,178,618
442.71,199.79,178,618
438.71,172.42,178,618
434.71,172.42,178,618
430.71,172.42,178,618
426.71,172.42,178,618
422.71,172.42,178,618
391.48,172.42,178,618
386.71,172.42,178,618
382.71,172.42,178,618
378.71,172.42,178,618
374.71,172.42,178,618
370.71,172.42,178,618
366.71,172.42,178,618
362.71,172.42,178,618
358.71,172.42,178,618
354.71,172.42,178,618
350.71,172.42,178,618
346.71,172.42,178,618
342.71,172.42,178,618
338.71,172.42,178,618
334.71,172.42,178,618
330.71,172.42,178,618
353.94,172.42,178,618
350.71,172.42,178,618
346.71,172.42,178,618
342.71,172.42,178,618
338.71,172.42,178,618
334.71,172.42,178,618
330.71,199.79,178,618
353.94,199.79,178,618
350.71,172.42,178,618
346.71,172.42,178,618
342.71,145.05,178,618
338.71,145.05,178,618
361.94,199.79,178,618
358.71,172.42,178,618
354.71,145.05,178,618
350.71,145.05,178,618
346.71,145.05,178,618
342.71,145.05,178,618
338.71,145.05,178,618
334.71,145.05,178,618
330.71,145.05,178,618
353.94,145.05,178,618
350.71,145.05,178,618
346.71,145.05,178,618
342.71,145.05,178,618
338.71,145.05,178,618
334.71,145.05,178,618
330.71,145.05,178,618
353.94,172.42,178,618
350.71,145.05,178,618
346.71,145.05,178,618
342.71,145.05,178,618
338.71,117.68,178,618
361.94,172.42,178,618
358.71,145.05,178,618
354.71,145.05,178,618
350.71,145.05,178,618
373.94,145.05,178,618
370.71,145.05,178,618
366.71,145.05,178,618
389.94,145.05,178,618
386.71,145.05,178,618
382.71,145.05,178,618
378.71,145.05,178,618
401.94,172.42,178,618
398.71,145.05,178,618
394.71,145.05,178,618
390.71,145.05,178,618
386.71,145.05,178,618
409.94,172.42,178,618
406.71,145.05,178,618
402.71,145.05,178,618
398.71,145.05,178,618
394.71,145.05,178,618
417.94,172.42,178,618
414.71,145.05,178,618
410.71,145.05,178,618
433.94,172.42,178,618
430.71,145.05,178,618
453.94,172.42,178,618
450.71,172.42,178,618
446.71,145.05,178,618
442.71,145.05,178,618
465.94,172.42,178,618
462.71,145.05,178,618
458.71,145.05,178,618
454.71,145.05,178,618
477.94,172.42,178,618
474.71,145.05,178,618
470.71,145.05,178,618
493.94,172.42,178,618
490.71,172.42,178,618
486.71,172.42,178,618
482.71,145.05,178,618
478.71,117.68,178,618
501.94,172.42,178,618
498.71,172.42,178,618
494.71,172.42,178,618
490.71,145.05,178,618
513.94,172.42,178,618
510.71,145.05,178,618
506.71,145.05,178,618
502.71,145.05,178,618
525.94,172.42,178,618
522.71,172.42,178,618
518.71,145.05,178,618
514.71,145.05,178,618
510.71,145.05,178,618
506.71,117.68,178,618
529.94,145.05,178,618
526.71,145.05,178,618
522.71,145.05,178,618
518.71,145.05,178,618
514.71,117.68,178,618
537.94,145.05,178,618
534.71,172.42,178,618
530.71,172.42,178,618
526.71,117.68,178,618
522.71,145.05,178,618
518.71,117.68,178,618
541.94,145.05,178,618
511.48,117.68,178,618
533.94,117.68,178,618
530.71,117.68,178,618
526.71,117.68,178,618
522.71,90.316,178,618
518.71,90.316,178,618
514.71,90.316,178,618
537.94,117.68,178,618
534.71,117.68,178,618
530.71,90.316,178,618
526.71,117.68,178,618
522.71,117.68,178,618
518.71,117.68,178,618
514.71,90.316,178,618
510.71,90.316,178,618
533.94,90.316,178,618
530.71,90.316,178,618
526.71,62.947,178,618
522.71,62.947,178,618
518.71,62.947,178,618
514.71,90.316,178,618
537.94,90.316,178,618
534.71,62.947,178,618
530.71,62.947,178,618
526.71,117.68,178,618
522.71,90.316,178,618
545.94,90.316,178,618
542.71,117.68,178,618
538.71,117.68,178,618
534.71,62.947,178,618
530.71,62.947,178,618
526.71,62.947,178,618
522.71,62.947,178,618
545.94,90.316,178,618
542.71,62.947,178,618
538.71,62.947,178,618
534.71,62.947,178,618
530.71,62.947,178,618
553.94,117.68,178,618
550.71,117.68,178,618
546.71,90.316,178,618
542.71,90.316,178,618
565.94,117.68,178,618
562.71,117.68,178,618
558.71,90.316,178,618
581.94,90.316,178,618
578.71,90.316,178,618
574.71,62.947,178,618
570.71,62.947,178,618
593.94,62.947,178,618
590.71,62.947,178,618
559.48,90.316,178,618
554.71,62.947,178,618
550.71,62.947,178,618
546.71,62.947,178,618
569.94,62.947,178,618
566.71,90.316,178,618
562.71,90.316,178,618
558.71,62.947,178,618
554.71,62.947,178,618
550.71,62.947,178,618
546.71,62.947,178,618
542.71,62.947,178,618
538.71,62.947,178,618
534.71,62.947,178,618
530.71,90.316,178,618
526.71,62.947,178,618
522.71,62.947,178,618
518.71,90.316,178,618
514.71,62.947,178,618
510.71,35.579,178,618
506.71,62.947,178,618
529.94,62.947,178,618
526.71,62.947,178,618
522.71,90.316,178,618
518.71,90.316,178,618
514.71,62.947,178,618
510.71,90.316,178,618
506.71,90.316,178,618
502.71,90.316,178,618
525.94,145.05,178,618
522.71,172.42,178,618
518.71,145.05,178,618
514.71,62.947,178,618
510.71,117.68,178,618
506.71,117.68,178,618
502.71,117.68,178,618
498.71,117.68,178,618
467.48,90.316,178,618
462.71,90.316,178,618
458.71,90.316,178,618
454.71,117.68,178,618
450.71,117.68,178,618
446.71,117.68,178,618
469.94,117.68,178,618
439.48,117.68,178,618
434.71,145.05,178,618
457.94,145.05,178,618
454.71,145.05,178,618
450.71,145.05,178,618
446.71,145.05,178,618
442.71,117.68,178,618
438.71,90.316,178,618
434.71,117.68,178,618
430.71,90.316,178,618
426.71,145.05,178,618
422.71,145.05,178,618
418.71,145.05,178,618
414.71,145.05,178,618
410.71,145.05,178,618
406.71,172.42,178,618
429.94,145.05,178,618
426.71,145.05,178,618
422.71,145.05,178,618
418.71,145.05,178,618
387.48,145.05,178,618
409.94,145.05,178,618
406.71,172.42,178,618
402.71,145.05,178,618
425.94,145.05,178,618
422.71,172.42,178,618
418.71,172.42,178,618
414.71,145.05,178,618
410.71,199.79,178,618
406.71,117.68,178,618
402.71,117.68,178,618
425.94,199.79,178,618
422.71,172.42,178,618
418.71,199.79,178,618
414.71,254.53,178,618
410.71,117.68,178,618
406.71,117.68,178,618
402.71,117.68,178,618
425.94,254.53,178,618
422.71,145.05,178,618
445.94,199.79,178,618
442.71,199.79,178,618
438.71,227.16,178,618
434.71,199.79,178,618
430.71,199.79,178,618
426.71,254.53,178,618
449.94,227.16,178,618
446.71,199.79,178,618
442.71,227.16,178,618
465.94,254.53,178,618
462.71,254.53,178,618
431.48,281.89,178,618
481.16,227.16,178,618
476.26,254.53,178,618
470.71,254.53,178,618
493.94,227.16,178,618
490.71,254.53,178,618
486.71,227.16,178,618
482.71,227.16,178,618
478.71,227.16,178,618
501.94,227.16,178,618
498.71,199.79,178,618
494.71,227.16,178,618
490.71,227.16,178,618
513.94,199.79,178,618
510.71,227.16,178,618
533.94,227.16,178,618
530.71,227.16,178,618
526.71,145.05,178,618
522.71,172.42,178,618
545.94,227.16,178,618
542.71,199.79,178,618
565.94,199.79,178,618
562.71,199.79,178,618
558.71,172.42,178,618
554.71,145.05,178,618
577.94,172.42,178,618
574.71,172.42,178,618
570.71,145.05,178,618
593.94,145.05,178,618
590.71,145.05,178,618
586.71,145.05,178,618
582.71,117.68,178,618
605.94,117.68,178,618
602.71,117.68,178,618
598.71,145.05,178,618
594.71,117.68,178,618
617.94,117.68,178,618
614.71,117.68,178,618
610.71,145.05,178,618
606.71,117.68,178,618
602.71,145.05,178,618
598.71,145.05,178,618
594.71,145.05,178,618
590.71,145.05,178,618
613.94,117.68,178,618
610.71,117.68,178,618
606.71,145.05,178,618
602.71,145.05,178,618
598.71,145.05,178,618
594.71,145.05,178,618
563.48,90.316,178,618
558.71,90.316,178,618
554.71,90.316,178,618
550.71,90.316,178,618
573.94,145.05,178,618
570.71,90.316,178,618
566.71,90.316,178,618
589.94,172.42,178,618
586.71,172.42,178,618
582.71,172.42,178,618
578.71,172.42,178,618
574.71,172.42,178,618
597.94,172.42,178,618
594.71,145.05,178,618
590.71,172.42,178,618
586.71,172.42,178,618
582.71,172.42,178,618
578.71,172.42,178,618
574.71,172.42,178,618
570.71,145.05,178,618
593.94,172.42,178,618
590.71,172.42,178,618
586.71,172.42,178,618
582.71,199.79,178,618
578.71,145.05,178,618
574.71,172.42,178,618
570.71,199.79,178,618
566.71,199.79,178,618
589.94,145.05,178,618
586.71,199.79,178,618
582.71,145.05,178,618
578.71,145.05,178,618
574.71,145.05,178,618
570.71,145.05,178,618
566.71,145.05,178,618
589.94,145.05,178,618
586.71,145.05,178,618
582.71,145.05,178,618
578.71,145.05,178,618
574.71,145.05,178,618
570.71,145.05,178,618
566.71,145.05,178,618
562.71,145.05,178,618
558.71,145.05,178,618
554.71,172.42,178,618
550.71,145.05,178,618
546.71,117.68,178,618
542.71,117.68,178,618
538.71,117.68,178,618
534.71,199.79,178,618
530.71,172.42,178,618
553.94,227.16,178,618
523.48,172.42,178,618
518.71,172.42,178,618
514.71,117.68,178,618
510.71,199.79,178,618
506.71,172.42,178,618
502.71,117.68,178,618
498.71,117.68,178,618
494.71,145.05,178,618
490.71,145.05,178,618
513.94,172.42,178,618
510.71,172.42,178,618
506.71,172.42,178,618
502.71,172.42,178,618
498.71,227.16,178,618
521.94,254.53,178,618
518.71,199.79,178,618
514.71,199.79,178,618
510.71,227.16,178,618
506.71,227.16,178,618
502.71,172.42,178,618
525.94,199.79,178,618
522.71,199.79,178,618
518.71,172.42,178,618
514.71,172.42,178,618
510.71,172.42,178,618
506.71,172.42,178,618
502.71,227.16,178,618
498.71,199.79,178,618
494.71,199.79,178,618
517.94,172.42,178,618
514.71,172.42,178,618
510.71,172.42,178,618
506.71,172.42,178,618
502.71,172.42,178,618
498.71,172.42,178,618
494.71,172.42,178,618
490.71,172.42,178,618
486.71,172.42,178,618
482.71,172.42,178,618
478.71,172.42,178,618
501.94,172.42,178,618
498.71,172.42,178,618
494.71,172.42,178,618
490.71,172.42,178,618
486.71,145.05,178,618
482.71,145.05,178,618
478.71,117.68,178,618
501.94,117.68,178,618
471.48,117.68,178,618
466.71,117.68,178,618
489.94,117.68,178,618
486.71,117.68,178,618
509.94,117.68,178,618
506.71,117.68,178,618
502.71,90.316,178,618
525.94,90.316,178,618
522.71,90.316,178,618
518.71,90.316,178,618
514.71,90.316,178,618
537.94,62.947,178,618
534.71,62.947,178,618
530.71,62.947,178,618
526.71,62.947,178,618
522.71,90.316,178,618
518.71,90.316,178,618
514.71,90.316,178,618
510.71,90.316,178,618
506.71,90.316,178,618
502.71,62.947,178,618
525.94,117.68,178,618
522.71,117.68,178,618
518.71,117.68,178,618
514.71,117.68,178,618
537.94,145.05,178,618
534.71,145.05,178,618
557.94,145.05,178,618
554.71,117.68,178,618
577.94,172.42,178,618
574.71,145.05,178,618
597.94,145.05,178,618
621.94,172.42,178,618
618.71,145.05,178,618
641.94,145.05,178,618
638.71,145.05,178,618
661.94,145.05,178,618
685.94,145.05,178,618
709.94,145.05,178,618
706.71,172.42,178,618
729.94,145.05,178,618
726.71,145.05,178,618
722.71,145.05,178,618
745.94,145.05,178,618
742.71,145.05,178,618
738.71,145.05,178,618
734.71,145.05,178,618
730.71,145.05,178,618
726.71,145.05,178,618
722.71,145.05,178,618
718.71,145.05,178,618
714.71,145.05,178,618
710.71,145.05,178,618
706.71,145.05,178,618
702.71,145.05,178,618
698.71,145.05,178,618
694.71,145.05,178,618
690.71,117.68,178,618
686.71,145.05,178,618
709.94,145.05,178,618
706.71,145.05,178,618
702.71,145.05,178,618
698.71,145.05,178,618
694.71,145.05,178,618
690.71,117.68,178,618
686.71,117.68,178,618
682.71,90.316,178,618
678.71,90.316,178,618
674.71,62.947,178,618
670.71,62.947,178,618
693.94,62.947,178,618
690.71,62.947,178,618
741.16,117.68,178,618
763.61,90.316,178,618
731.48,62.947,178,618
753.94,62.947,178,618
777.94,62.947,178,618
774.71,62.947,178,618
770.71,35.579,178,618
793.94,35.579,178,618
790.71,35.579,178,618
786.71,35.579,178,618
782.71,35.579,178,618
805.94,35.579,178,618
775.48,35.579,178,618
770.71,8.2105,178,618
766.71,35.579,178,618
762.71,62.947,178,618
758.71,90.316,178,618
754.71,62.947,178,618
750.71,90.316,178,618
719.48,90.316,178,618
741.94,90.316,178,618
738.71,90.316,178,618
734.71,90.316,178,618
730.71,90.316,178,618
726.71,90.316,178,618
749.94,90.316,178,618
746.71,90.316,178,618
742.71,90.316,178,618
738.71,90.316,178,618
734.71,62.947,178,618
730.71,62.947,178,618
726.71,62.947,178,618
749.94,62.947,178,618
746.71,62.947,178,618
769.94,62.947,178,618
766.71,62.947,178,618
789.94,62.947,178,618
786.71,62.947,178,618
809.94,62.947,178,618
806.71,62.947,178,618
829.94,62.947,178,618
826.71,62.947,178,618
822.71,35.579,178,618
845.94,90.316,178,618
842.71,62.947,178,618
838.71,90.316,178,618
861.94,90.316,178,618
831.48,62.947,178,618
826.71,62.947,178,618
822.71,62.947,178,618
818.71,62.947,178,618
841.94,90.316,178,618
838.71,90.316,178,618
834.71,90.316,178,618
830.71,90.316,178,618
826.71,90.316,178,618
822.71,90.316,178,618
818.71,117.68,178,618
814.71,90.316,178,618
810.71,90.316,178,618
833.94,117.68,178,618
830.71,117.68,178,618
853.94,145.05,178,618
850.71,145.05,178,618
819.48,117.68,178,618
814.71,117.68,178,618
810.71,90.316,178,618
806.71,117.68,178,618
829.94,117.68,178,618
826.71,117.68,178,618
822.71,117.68,178,618
818.71,117.68,178,618
814.71,90.316,178,618
837.94,145.05,178,618
834.71,117.68,178,618
830.71,117.68,178,618
826.71,117.68,178,618
849.94,117.68,178,618
846.71,117.68,178,618
842.71,117.68,178,618
838.71,117.68,178,618
861.94,117.68,178,618
858.71,117.68,178,618
854.71,117.68,178,618
850.71,117.68,178,618
846.71,117.68,178,618
842.71,117.68,178,618
838.71,90.316,178,618
861.94,145.05,178,618
858.71,117.68,178,618
854.71,117.68,178,618
850.71,117.68,178,618
846.71,90.316,178,618
842.71,117.68,178,618
838.71,90.316,178,618
834.71,117.68,178,618
857.94,145.05,178,618
881.94,172.42,178,618
878.71,172.42,178,618
874.71,172.42,178,618
870.71,172.42,178,618
866.71,172.42,178,618
862.71,172.42,178,618
858.71,172.42,178,618
854.71,172.42,178,618
850.71,172.42,178,618
819.48,172.42,178,618
814.71,172.42,178,618
810.71,172.42,178,618
752.26,172.42,178,618
746.71,172.42,178,618
742.71,199.79,178,618
738.71,199.79,178,618
734.71,199.79,178,618
730.71,199.79,178,618
726.71,172.42,178,618
749.94,227.16,178,618
746.71,227.16,178,618
742.71,227.16,178,618
738.71,227.16,178,618
761.94,227.16,178,618
758.71,199.79,178,618
754.71,172.42,178,618
777.94,172.42,178,618
774.71,172.42,178,618
770.71,172.42,178,618
793.94,172.42,178,618
790.71,172.42,178,618
868.39,254.53,178,618
891.61,281.89,178,618
886.71,281.89,178,618
882.71,281.89,178,618
878.71,281.89,178,618
874.71,281.89,178,618
870.71,281.89,178,618
866.71,281.89,178,618
862.71,281.89,178,618
858.71,281.89,178,618
854.71,281.89,178,618
850.71,281.89,178,618
846.71,281.89,178,618
842.71,281.89,178,618
838.71,281.89,178,618
861.94,281.89,178,618
858.71,281.89,178,618
854.71,281.89,178,618
850.71,281.89,178,618
846.71,281.89,178,618
842.71,281.89,178,618
838.71,281.89,178,618
834.71,281.89,178,618
830.71,281.89,178,618
853.94,254.53,178,618
850.71,254.53,178,618
846.71,227.16,178,618
842.71,227.16,178,618
838.71,199.79,178,618
834.71,172.42,178,618
857.94,90.316,178,618
881.94,90.316,178,618
878.71,35.579,178,618
874.71,62.947,178,618
897.94,35.579,178,618
921.94,62.947,178,618
918.71,35.579,178,618
914.71,35.579,178,618
910.71,35.579,178,618
933.94,35.579,178,618
926.71,35.579,178,618
922.71,35.579,178,618
918.71,35.579,178,618
941.94,62.947,178,618
926.71,35.579,178,618
922.71,35.579,178,618
918.71,35.579,178,618
941.94,35.579,178,618
953.94,62.947,178,618
953.94,62.947,178,618
953.94,62.947,178,618
953.94,62.947,178,618
981.16,62.947,178,618
978.97,62.947,178,618
981.16,62.947,178,618
978.97,62.947,178,618
1008.4,90.316,178,618
1006.3,62.947,178,618
981.16,62.947,178,618
1006.3,62.947,178,618
981.16,62.947,178,618
978.97,62.947,178,618
981.16,62.947,178,618
978.97,62.947,178,618
981.16,62.947,178,618
978.97,117.68,178,618
1008.4,117.68,178,618
1006.3,117.68,178,618
845.03,227.16,178,618
840.26,227.16,178,618
861.94,254.53,178,618
858.71,254.53,178,618
854.71,254.53,178,618
877.94,254.53,178,618
874.71,254.53,178,618
870.71,254.53,178,618
866.71,227.16,178,618
862.71,254.53,178,618
858.71,227.16,178,618
854.71,227.16,178,618
850.71,145.05,178,618
846.71,117.68,178,618
842.71,117.68,178,618
811.48,117.68,178,618
806.71,117.68,178,618
775.48,117.68,178,618
770.71,90.316,178,618
766.71,145.05,178,618
735.48,117.68,178,618
730.71,117.68,178,618
726.71,117.68,178,618
722.71,145.05,178,618
718.71,145.05,178,618
714.71,117.68,178,618
710.71,145.05,178,618
733.94,62.947,178,618
703.48,145.05,178,618
725.94,62.947,178,618
722.71,117.68,178,618
718.71,117.68,178,618
687.48,145.05,178,618
682.71,117.68,178,618
678.71,117.68,178,618
647.48,145.05,178,618
642.71,145.05,178,618
665.94,117.68,178,618
662.71,117.68,178,618
658.71,145.05,178,618
654.71,117.68,178,618
650.71,117.68,178,618
646.71,145.05,178,618
642.71,145.05,178,618
638.71,145.05,178,618
634.71,117.68,178,618
630.71,117.68,178,618
626.71,117.68,178,618
649.94,117.68,178,618
646.71,145.05,178,618
642.71,172.42,178,618
638.71,145.05,178,618
634.71,145.05,178,618
657.94,172.42,178,618
654.71,145.05,178,618
650.71,145.05,178,618
646.71,145.05,178,618
642.71,145.05,178,618
638.71,145.05,178,618
634.71,145.05,178,618
630.71,145.05,178,618
626.71,90.316,178,618
649.94,117.68,178,618
646.71,117.68,178,618
642.71,117.68,178,618
638.71,117.68,178,618
661.94,117.68,178,618
658.71,117.68,178,618
654.71,117.68,178,618
650.71,117.68,178,618
646.71,117.68,178,618
642.71,117.68,178,618
638.71,117.68,178,618
634.71,117.68,178,618
