589,310,147,182
589.39,307.57,147,182
589.39,306.68,147,182
589.39,303.83,147,182
589.39,300.99,147,182
589.39,298.14,147,182
589.39,308.77,147,182
589.39,306.68,147,182
589.39,303.83,147,182
589.39,300.99,147,182
589.39,298.14,147,182
602.96,295.3,147,182
603.61,292.46,147,182
603.61,289.61,147,182
603.61,286.77,147,182
603.61,283.93,147,182
603.61,281.08,147,182
603.61,291.71,147,182
603.61,289.61,147,182
603.61,286.77,147,182
603.61,283.93,147,182
617.17,267.61,147,182
617.82,266.86,147,182
617.82,277.49,147,182
617.82,275.39,147,182
617.82,272.55,147,182
617.82,269.71,147,182
617.82,266.86,147,182
631.39,264.02,147,182
632.04,261.18,147,182
632.04,258.33,147,182
632.04,255.49,147,182
632.04,252.64,147,182
632.04,249.8,147,182
632.04,246.96,147,182
632.04,244.11,147,182
632.04,241.27,147,182
632.04,238.43,147,182
632.04,235.58,147,182
645.61,246.21,147,182
646.26,244.11,147,182
646.26,241.27,147,182
646.26,238.43,147,182
646.26,235.58,147,182
646.26,232.74,147,182
646.26,229.89,147,182
646.26,227.05,147,182
646.26,224.21,147,182
646.26,221.36,147,182
646.26,218.52,147,182
659.83,215.68,147,182
660.48,212.83,147,182
660.48,209.99,147,182
660.48,207.14,147,182
660.48,204.3,147,182
660.48,201.46,147,182
660.48,198.61,147,182
660.48,195.77,147,182
674.05,192.93,147,182
674.7,190.08,147,182
674.7,187.24,147,182
674.7,184.39,147,182
674.7,181.55,147,182
674.7,192.18,147,182
674.7,190.08,147,182
674.7,187.24,147,182
674.7,184.39,147,182
674.7,181.55,147,182
674.7,178.71,147,182
674.7,175.86,147,182
688.27,173.02,147,182
688.92,170.18,147,182
688.92,167.33,147,182
688.92,164.49,147,182
688.92,161.64,147,182
688.92,158.8,147,182
688.92,155.96,147,182
688.92,166.58,147,182
688.92,164.49,147,182
688.92,161.64,147,182
688.92,158.8,147,182
702.49,155.96,147,182
703.14,153.11,147,182
703.14,150.27,147,182
703.14,147.43,147,182
703.14,144.58,147,182
703.14,141.74,147,182
703.14,138.89,147,182
703.14,136.05,147,182
703.14,146.68,147,182
703.14,144.58,147,182
703.14,141.74,147,182
703.14,138.89,147,182
716.71,136.05,147,182
717.36,133.21,147,182
717.36,130.36,147,182
717.36,127.52,147,182
717.36,138.15,147,182
717.36,136.05,147,182
717.36,133.21,147,182
717.36,130.36,147,182
717.36,127.52,147,182
717.36,124.68,147,182
717.36,135.3,147,182
717.36,133.21,147,182
717.36,130.36,147,182
717.36,127.52,147,182
730.92,124.68,147,182
731.57,121.83,147,182
731.57,132.46,147,182
731.57,130.36,147,182
731.57,127.52,147,182
731.57,124.68,147,182
731.57,135.3,147,182
731.57,133.21,147,182
731.57,130.36,147,182
731.57,127.52,147,182
731.57,138.15,147,182
731.57,136.05,147,182
731.57,133.21,147,182
745.14,130.36,147,182
745.79,127.52,147,182
745.79,138.15,147,182
745.79,136.05,147,182
745.79,133.21,147,182
745.79,130.36,147,182
745.79,140.99,147,182
745.79,138.89,147,182
745.79,136.05,147,182
745.79,133.21,147,182
745.79,130.36,147,182
745.79,140.99,147,182
745.79,138.89,147,182
745.79,136.05,147,182
759.36,133.21,147,182
760.01,130.36,147,182
760.01,127.52,147,182
760.01,124.68,147,182
760.01,135.3,147,182
760.01,133.21,147,182
760.01,130.36,147,182
760.01,127.52,147,182
760.01,138.15,147,182
760.01,136.05,147,182
760.01,133.21,147,182
760.01,130.36,147,182
760.01,140.99,147,182
760.01,138.89,147,182
760.01,136.05,147,182
760.01,133.21,147,182
760.01,143.83,147,182
760.01,141.74,147,182
760.01,138.89,147,182
760.01,149.52,147,182
760.01,147.43,147,182
760.01,144.58,147,182
773.58,141.74,147,182
774.23,138.89,147,182
774.23,136.05,147,182
774.23,146.68,147,182
774.23,144.58,147,182
774.23,141.74,147,182
774.23,138.89,147,182
774.23,136.05,147,182
774.23,146.68,147,182
774.23,144.58,147,182
774.23,141.74,147,182
774.23,138.89,147,182
774.23,149.52,147,182
774.23,147.43,147,182
774.23,144.58,147,182
774.23,141.74,147,182
774.23,152.37,147,182
774.23,150.27,147,182
774.23,147.43,147,182
774.23,144.58,147,182
774.23,155.21,147,182
774.23,153.11,147,182
774.23,150.27,147,182
774.23,160.9,147,182
774.23,158.8,147,182
774.23,155.96,147,182
774.23,153.11,147,182
774.23,163.74,147,182
774.23,161.64,147,182
774.23,158.8,147,182
774.23,155.96,147,182
774.23,166.58,147,182
774.23,164.49,147,182
774.23,161.64,147,182
787.8,172.27,147,182
788.45,170.18,147,182
788.45,167.33,147,182
788.45,177.96,147,182
788.45,175.86,147,182
788.45,173.02,147,182
788.45,183.65,147,182
788.45,181.55,147,182
788.45,178.71,147,182
788.45,189.33,147,182
788.45,187.24,147,182
788.45,184.39,147,182
788.45,181.55,147,182
788.45,192.18,147,182
788.45,190.08,147,182
788.45,187.24,147,182
788.45,184.39,147,182
788.45,195.02,147,182
788.45,192.93,147,182
788.45,190.08,147,182
788.45,187.24,147,182
788.45,197.87,147,182
788.45,195.77,147,182
788.45,192.93,147,182
788.45,203.55,147,182
788.45,201.46,147,182
788.45,198.61,147,182
788.45,195.77,147,182
788.45,206.4,147,182
788.45,204.3,147,182
788.45,201.46,147,182
788.45,198.61,147,182
788.45,195.77,147,182
788.45,192.93,147,182
788.45,203.55,147,182
788.45,201.46,147,182
788.45,198.61,147,182
788.45,195.77,147,182
788.45,192.93,147,182
788.45,203.55,147,182
788.45,201.46,147,182
788.45,198.61,147,182
788.45,195.77,147,182
788.45,192.93,147,182
788.45,203.55,147,182
788.45,201.46,147,182
788.45,198.61,147,182
788.45,195.77,147,182
788.45,192.93,147,182
788.45,203.55,147,182
788.45,201.46,147,182
788.45,198.61,147,182
788.45,195.77,147,182
788.45,192.93,147,182
788.45,203.55,147,182
788.45,201.46,147,182
788.45,198.61,147,182
788.45,195.77,147,182
788.45,206.4,147,182
788.45,204.3,147,182
788.45,201.46,147,182
788.45,212.08,147,182
788.45,209.99,147,182
788.45,207.14,147,182
788.45,204.3,147,182
788.45,214.93,147,182
788.45,212.83,147,182
788.45,209.99,147,182
788.45,207.14,147,182
788.45,204.3,147,182
788.45,214.93,147,182
788.45,212.83,147,182
788.45,209.99,147,182
788.45,207.14,147,182
788.45,217.77,147,182
788.45,215.68,147,182
788.45,212.83,147,182
788.45,209.99,147,182
788.45,220.62,147,182
788.45,218.52,147,182
788.45,215.68,147,182
788.45,212.83,147,182
788.45,209.99,147,182
788.45,220.62,147,182
788.45,218.52,147,182
788.45,215.68,147,182
788.45,212.83,147,182
788.45,209.99,147,182
788.45,207.14,147,182
788.45,217.77,147,182
788.45,215.68,147,182
788.45,212.83,147,182
788.45,209.99,147,182
788.45,207.14,147,182
788.45,204.3,147,182
788.45,201.46,147,182
788.45,212.08,147,182
788.45,209.99,147,182
788.45,207.14,147,182
788.45,204.3,147,182
788.45,201.46,147,182
788.45,212.08,147,182
788.45,209.99,147,182
788.45,207.14,147,182
788.45,204.3,147,182
802.02,201.46,147,182
802.67,198.61,147,182
789.1,209.24,147,182
784.87,207.14,147,182
792.46,204.3,147,182
800.99,201.46,147,182
796.25,212.08,147,182
790.56,209.99,147,182
798.15,207.14,147,182
793.41,204.3,147,182
787.72,214.93,147,182
795.3,212.83,147,182
790.56,209.99,147,182
798.15,207.14,147,182
793.41,204.3,147,182
800.99,201.46,147,182
796.25,212.08,147,182
790.56,209.99,147,182
798.15,207.14,147,182
806.68,204.3,147,182
801.94,201.46,147,182
796.25,212.08,147,182
803.83,209.99,147,182
799.09,207.14,147,182
806.68,204.3,147,182
801.94,201.46,147,182
796.25,212.08,147,182
803.83,209.99,147,182
799.09,207.14,147,182
806.68,204.3,147,182
801.94,214.93,147,182
809.52,212.83,147,182
804.78,209.99,147,182
799.09,207.14,147,182
806.68,204.3,147,182
801.94,214.93,147,182
809.52,212.83,147,182
804.78,209.99,147,182
812.36,207.14,147,182
807.62,204.3,147,182
815.21,201.46,147,182
810.47,212.08,147,182
804.78,209.99,147,182
812.36,207.14,147,182
807.62,204.3,147,182
815.21,214.93,147,182
810.47,212.83,147,182
818.05,209.99,147,182
813.31,207.14,147,182
807.62,217.77,147,182
815.21,215.68,147,182
810.47,212.83,147,182
818.05,209.99,147,182
813.31,207.14,147,182
807.62,217.77,147,182
815.21,215.68,147,182
810.47,212.83,147,182
818.05,209.99,147,182
813.31,207.14,147,182
820.9,217.77,147,182
816.16,215.68,147,182
823.74,212.83,147,182
819,209.99,147,182
826.58,207.14,147,182
821.84,204.3,147,182
829.43,201.46,147,182
824.69,212.08,147,182
832.27,209.99,147,182
827.53,207.14,147,182
835.11,204.3,147,182
830.37,201.46,147,182
837.96,212.08,147,182
833.22,209.99,147,182
840.8,207.14,147,182
836.06,204.3,147,182
830.37,201.46,147,182
837.96,212.08,147,182
833.22,209.99,147,182
840.8,207.14,147,182
836.06,204.3,147,182
843.65,201.46,147,182
838.91,212.08,147,182
846.49,209.99,147,182
841.75,207.14,147,182
849.33,204.3,147,182
844.59,201.46,147,182
852.18,198.61,147,182
847.44,195.77,147,182
855.02,192.93,147,182
850.28,203.55,147,182
857.86,201.46,147,182
853.12,198.61,147,182
860.71,195.77,147,182
855.97,192.93,147,182
863.55,203.55,147,182
858.81,201.46,147,182
866.4,198.61,147,182
861.66,195.77,147,182
869.24,192.93,147,182
864.5,203.55,147,182
872.08,201.46,147,182
867.34,198.61,147,182
874.93,195.77,147,182
870.19,206.4,147,182
877.77,204.3,147,182
873.03,201.46,147,182
880.61,212.08,147,182
875.87,209.99,147,182
883.46,207.14,147,182
878.72,217.77,147,182
886.3,215.68,147,182
881.56,226.3,147,182
889.15,224.21,147,182
884.41,221.36,147,182
891.99,218.52,147,182
887.25,229.15,147,182
894.83,227.05,147,182
890.09,237.68,147,182
897.68,235.58,147,182
892.94,232.74,147,182
900.52,243.37,147,182
895.78,241.27,147,182
903.36,238.43,147,182
898.62,249.05,147,182
906.21,246.96,147,182
901.47,257.58,147,182
895.78,255.49,147,182
903.36,252.64,147,182
898.62,263.27,147,182
906.21,261.18,147,182
901.47,258.33,147,182
895.78,268.96,147,182
903.36,266.86,147,182
898.62,264.02,147,182
906.21,274.65,147,182
901.47,272.55,147,182
895.78,283.18,147,182
903.36,281.08,147,182
898.62,278.24,147,182
892.94,288.87,147,182
887.25,286.77,147,182
894.83,283.93,147,182
890.09,294.55,147,182
884.41,292.46,147,182
891.99,289.61,147,182
887.25,300.24,147,182
881.56,298.14,147,182
889.15,295.3,147,182
884.41,305.93,147,182
878.72,303.83,147,182
886.3,300.99,147,182
881.56,311.62,147,182
875.87,309.52,147,182
883.46,306.68,147,182
878.72,317.3,147,182
873.03,315.21,147,182
880.61,312.36,147,182
875.87,322.99,147,182
870.19,320.89,147,182
877.77,318.05,147,182
873.03,328.68,147,182
867.34,326.58,147,182
874.93,323.74,147,182
870.19,320.89,147,182
864.5,331.52,147,182
872.08,329.43,147,182
867.34,340.05,147,182
861.66,337.96,147,182
869.24,335.11,147,182
864.5,345.74,147,182
858.81,343.64,147,182
866.4,340.8,147,182
861.66,351.43,147,182
855.97,349.33,147,182
863.55,359.96,147,182
858.81,357.86,147,182
853.12,355.02,147,182
860.71,352.18,147,182
855.97,349.33,147,182
850.28,359.96,147,182
857.86,357.86,147,182
853.12,355.02,147,182
847.44,365.65,147,182
841.75,363.55,147,182
849.33,360.71,147,182
844.59,371.33,147,182
838.91,369.24,147,182
846.49,366.39,147,182
841.75,377.02,147,182
836.06,374.93,147,182
830.37,385.55,147,182
837.96,383.46,147,182
833.22,380.61,147,182
827.53,391.24,147,182
835.11,375.67,147,182
830.37,388.4,147,182
824.69,386.3,147,182
832.27,383.46,147,182
827.53,394.08,147,182
821.84,391.99,147,182
829.43,389.14,147,182
824.69,399.77,147,182
819,397.68,147,182
826.58,394.83,147,182
821.84,405.46,147,182
816.16,403.36,147,182
823.74,400.52,147,182
819,411.15,147,182
826.58,409.05,147,182
821.84,406.21,147,182
816.16,403.36,147,182
823.74,413.99,147,182
819,411.89,147,182
813.31,409.05,147,182
820.9,419.68,147,182
816.16,417.58,147,182
823.74,414.74,147,182
819,411.89,147,182
813.31,422.52,147,182
807.62,420.43,147,182
815.21,417.58,147,182
810.47,428.21,147,182
804.78,426.11,147,182
812.36,423.27,147,182
807.62,420.43,147,182
801.94,431.05,147,182
809.52,428.96,147,182
804.78,426.11,147,182
799.09,436.74,147,182
793.41,434.64,147,182
800.99,431.8,147,182
796.25,428.96,147,182
790.56,439.58,147,182
784.87,437.49,147,182
792.46,434.64,147,182
787.72,431.8,147,182
782.03,442.43,147,182
789.61,440.33,147,182
784.87,437.49,147,182
779.19,434.64,147,182
786.77,431.8,147,182
782.03,428.96,147,182
776.34,439.58,147,182
770.66,437.49,147,182
764.97,434.64,147,182
772.55,431.8,147,182
767.81,428.96,147,182
775.4,426.11,147,182
770.66,423.27,147,182
778.24,420.43,147,182
773.5,417.58,147,182
781.08,414.74,147,182
776.34,411.89,147,182
783.93,409.05,147,182
779.19,406.21,147,182
786.77,403.36,147,182
782.03,400.52,147,182
789.61,397.68,147,182
784.87,394.83,147,182
792.46,391.99,147,182
787.72,389.14,147,182
795.3,386.3,147,182
790.56,383.46,147,182
798.15,380.61,147,182
793.41,377.77,147,182
800.99,374.93,147,182
796.25,372.08,147,182
790.56,369.24,147,182
798.15,366.39,147,182
793.41,363.55,147,182
800.99,360.71,147,182
796.25,357.86,147,182
803.83,355.02,147,182
799.09,352.18,147,182
806.68,349.33,147,182
801.94,346.49,147,182
809.52,343.64,147,182
804.78,340.8,147,182
799.09,337.96,147,182
806.68,335.11,147,182
801.94,345.74,147,182
809.52,343.64,147,182
804.78,340.8,147,182
799.09,337.96,147,182
806.68,335.11,147,182
801.94,332.27,147,182
796.25,329.43,147,182
790.56,326.58,147,182
798.15,323.74,147,182
793.41,320.89,147,182
787.72,318.05,147,182
795.3,315.21,147,182
790.56,312.36,147,182
784.87,309.52,147,182
792.46,306.68,147,182
787.72,303.83,147,182
782.03,300.99,147,182
776.34,311.62,147,182
783.93,309.52,147,182
779.19,306.68,147,182
773.5,303.83,147,182
767.81,300.99,147,182
762.12,298.14,147,182
769.71,295.3,147,182
764.97,292.46,147,182
759.28,289.61,147,182
753.59,286.77,147,182
747.91,283.93,147,182
742.22,281.08,147,182
736.53,278.24,147,182
730.84,275.39,147,182
738.43,286.02,147,182
733.69,283.93,147,182
728,281.08,147,182
722.31,278.24,147,182
716.62,275.39,147,182
710.94,272.55,147,182
705.25,269.71,147,182
699.56,266.86,147,182
693.88,264.02,147,182
688.19,261.18,147,182
682.5,258.33,147,182
676.81,255.49,147,182
671.12,252.64,147,182
678.71,263.27,147,182
673.97,261.18,147,182
668.28,258.33,147,182
662.59,255.49,147,182
656.91,252.64,147,182
651.22,249.8,147,182
645.53,246.96,147,182
639.84,244.11,147,182
634.16,241.27,147,182
641.74,238.43,147,182
637,235.58,147,182
631.31,232.74,147,182
625.62,229.89,147,182
619.94,227.05,147,182
614.25,237.68,147,182
608.56,235.58,147,182
602.88,232.74,147,182
597.19,229.89,147,182
591.5,227.05,147,182
585.81,224.21,147,182
580.12,221.36,147,182
574.44,218.52,147,182
568.75,215.68,147,182
563.06,212.83,147,182
570.65,209.99,147,182
565.91,220.62,147,182
560.22,218.52,147,182
567.8,215.68,147,182
563.06,212.83,147,182
557.38,209.99,147,182
564.96,207.14,147,182
560.22,204.3,147,182
554.53,201.46,147,182
562.11,198.61,147,182
557.38,209.24,147,182
564.96,207.14,147,182
560.22,204.3,147,182
554.53,201.46,147,182
562.11,198.61,147,182
557.38,195.77,147,182
564.96,192.93,147,182
560.22,203.55,147,182
567.8,201.46,147,182
563.06,198.61,147,182
570.65,195.77,147,182
565.91,192.93,147,182
573.49,190.08,147,182
568.75,187.24,147,182
576.33,184.39,147,182
571.59,195.02,147,182
579.18,192.93,147,182
574.44,190.08,147,182
582.02,187.24,147,182
577.28,184.39,147,182
571.59,195.02,147,182
579.18,192.93,147,182
574.44,190.08,147,182
582.02,187.24,147,182
577.28,184.39,147,182
584.86,181.55,147,182
580.12,192.18,147,182
587.71,190.08,147,182
582.97,187.24,147,182
577.28,184.39,147,182
584.86,181.55,147,182
580.12,192.18,147,182
587.71,190.08,147,182
582.97,187.24,147,182
577.28,184.39,147,182
584.86,195.02,147,182
580.12,192.93,147,182
587.71,190.08,147,182
582.97,187.24,147,182
577.28,197.87,147,182
584.86,195.77,147,182
580.12,192.93,147,182
587.71,203.55,147,182
582.97,201.46,147,182
590.55,198.61,147,182
585.81,195.77,147,182
580.12,206.4,147,182
587.71,204.3,147,182
582.97,201.46,147,182
590.55,212.08,147,182
585.81,209.99,147,182
580.12,207.14,147,182
587.71,204.3,147,182
582.97,214.93,147,182
590.55,212.83,147,182
585.81,209.99,147,182
593.4,220.62,147,182
588.66,218.52,147,182
582.97,215.68,147,182
590.55,212.83,147,182
585.81,223.46,147,182
593.4,221.36,147,182
588.66,218.52,147,182
596.24,215.68,147,182
591.5,226.3,147,182
585.81,224.21,147,182
593.4,221.36,147,182
588.66,218.52,147,182
596.24,229.15,147,182
591.5,227.05,147,182
599.08,224.21,147,182
594.34,221.36,147,182
601.93,231.99,147,182
597.19,229.89,147,182
604.77,227.05,147,182
600.03,224.21,147,182
607.61,234.83,147,182
602.88,232.74,147,182
597.19,229.89,147,182
604.77,240.52,147,182
600.03,238.43,147,182
607.61,235.58,147,182
602.88,232.74,147,182
610.46,229.89,147,182
605.72,240.52,147,182
613.3,238.43,147,182
608.56,235.58,147,182
616.15,232.74,147,182
611.41,243.37,147,182
618.99,241.27,147,182
614.25,238.43,147,182
608.56,235.58,147,182
616.15,246.21,147,182
611.41,244.11,147,182
618.99,241.27,147,182
614.25,238.43,147,182
621.83,235.58,147,182
617.09,246.21,147,182
624.68,244.11,147,182
619.94,241.27,147,182
614.25,251.9,147,182
621.83,249.8,147,182
617.09,246.96,147,182
624.68,244.11,147,182
619.94,254.74,147,182
627.52,252.64,147,182
622.78,249.8,147,182
630.36,260.43,147,182
625.62,258.33,147,182
619.94,255.49,147,182
627.52,266.12,147,182
622.78,264.02,147,182
630.36,261.18,147,182
625.62,258.33,147,182
619.94,268.96,147,182
627.52,266.86,147,182
622.78,264.02,147,182
630.36,274.65,147,182
625.62,272.55,147,182
619.94,269.71,147,182
627.52,266.86,147,182
622.78,277.49,147,182
630.36,275.39,147,182
625.62,272.55,147,182
619.94,283.18,147,182
627.52,281.08,147,182
622.78,278.24,147,182
630.36,275.39,147,182
625.62,272.55,147,182
633.21,283.18,147,182
628.47,281.08,147,182
636.05,278.24,147,182
631.31,275.39,147,182
625.62,286.02,147,182
633.21,283.93,147,182
628.47,281.08,147,182
636.05,278.24,147,182
631.31,275.39,147,182
638.9,272.55,147,182
634.16,269.71,147,182
641.74,266.86,147,182
637,264.02,147,182
644.58,261.18,147,182
639.84,258.33,147,182
647.43,268.96,147,182
642.69,266.86,147,182
637,264.02,147,182
644.58,261.18,147,182
639.84,258.33,147,182
647.43,255.49,147,182
642.69,252.64,147,182
650.27,249.8,147,182
645.53,246.96,147,182
653.11,244.11,147,182
648.38,241.27,147,182
642.69,238.43,147,182
650.27,235.58,147,182
645.53,232.74,147,182
653.11,229.89,147,182
648.38,227.05,147,182
655.96,224.21,147,182
651.22,221.36,147,182
645.53,218.52,147,182
653.11,215.68,147,182
648.38,212.83,147,182
642.69,223.46,147,182
650.27,221.36,147,182
645.53,218.52,147,182
653.11,215.68,147,182
648.38,212.83,147,182
655.96,209.99,147,182
651.22,207.14,147,182
645.53,204.3,147,182
653.11,201.46,147,182
648.38,198.61,147,182
655.96,195.77,147,182
651.22,206.4,147,182
658.8,190.83,147,182
654.06,190.08,147,182
648.38,187.24,147,182
655.96,184.39,147,182
651.22,181.55,147,182
658.8,178.71,147,182
654.06,175.86,147,182
648.38,186.49,147,182
655.96,184.39,147,182
651.22,181.55,147,182
645.53,178.71,147,182
653.11,175.86,147,182
648.38,173.02,147,182
655.96,170.18,147,182
651.22,167.33,147,182
658.8,164.49,147,182
654.06,161.64,147,182
648.38,158.8,147,182
655.96,155.96,147,182
651.22,153.11,147,182
645.53,150.27,147,182
653.11,147.43,147,182
648.38,144.58,147,182
642.69,141.74,147,182
637,138.89,147,182
631.31,136.05,147,182
625.62,133.21,147,182
619.94,130.36,147,182
627.52,140.99,147,182
622.78,138.89,147,182
617.09,136.05,147,182
611.41,133.21,147,182
605.72,130.36,147,182
600.03,127.52,147,182
607.61,124.68,147,182
602.88,121.83,147,182
610.46,132.46,147,182
605.72,130.36,147,182
600.03,127.52,147,182
607.61,124.68,147,182
602.88,121.83,147,182
597.19,118.99,147,182
604.77,116.14,147,182
600.03,113.3,147,182
594.34,110.46,147,182
601.93,121.08,147,182
597.19,118.99,147,182
604.77,116.14,147,182
600.03,113.3,147,182
594.34,110.46,147,182
601.93,121.08,147,182
597.19,118.99,147,182
591.5,116.14,147,182
599.08,113.3,147,182
594.34,110.46,147,182
588.66,121.08,147,182
596.24,118.99,147,182
591.5,116.14,147,182
585.81,113.3,147,182
593.4,123.93,147,182
588.66,121.83,147,182
582.97,118.99,147,182
590.55,116.14,147,182
585.81,126.77,147,182
593.4,124.68,147,182
588.66,121.83,147,182
582.97,118.99,147,182
590.55,129.62,147,182
585.81,127.52,147,182
580.12,124.68,147,182
587.71,121.83,147,182
582.97,132.46,147,182
577.28,130.36,147,182
584.86,127.52,147,182
580.12,138.15,147,182
587.71,136.05,147,182
582.97,133.21,147,182
577.28,143.83,147,182
571.59,141.74,147,182
579.18,138.89,147,182
574.44,136.05,147,182
582.02,146.68,147,182
577.28,144.58,147,182
571.59,141.74,147,182
579.18,152.37,147,182
574.44,150.27,147,182
568.75,147.43,147,182
576.33,158.05,147,182
571.59,155.96,147,182
565.91,153.11,147,182
573.49,163.74,147,182
568.75,161.64,147,182
563.06,158.8,147,182
570.65,169.43,147,182
565.91,167.33,147,182
573.49,164.49,147,182
568.75,161.64,147,182
563.06,172.27,147,182
570.65,170.18,147,182
565.91,167.33,147,182
560.22,177.96,147,182
567.8,175.86,147,182
563.06,173.02,147,182
557.38,170.18,147,182
564.96,180.8,147,182
560.22,178.71,147,182
554.53,189.33,147,182
562.11,187.24,147,182
557.38,184.39,147,182
551.69,181.55,147,182
559.27,192.18,147,182
554.53,190.08,147,182
548.84,187.24,147,182
556.43,197.87,147,182
551.69,195.77,147,182
559.27,206.4,147,182
554.53,204.3,147,182
548.84,201.46,147,182
543.16,198.61,147,182
537.47,195.77,147,182
545.05,192.93,147,182
540.31,203.55,147,182
534.62,201.46,147,182
542.21,198.61,147,182
537.47,195.77,147,182
531.78,206.4,147,182
539.36,204.3,147,182
547.9,201.46,147,182
543.16,198.61,147,182
537.47,195.77,147,182
531.78,206.4,147,182
526.09,204.3,147,182
533.68,201.46,147,182
528.94,198.61,147,182
523.25,195.77,147,182
530.83,206.4,147,182
526.09,204.3,147,182
520.41,201.46,147,182
527.99,198.61,147,182
523.25,195.77,147,182
530.83,206.4,147,182
526.09,204.3,147,182
520.41,201.46,147,182
527.99,239.02,147,182
536.52,238.43,147,182
531.78,235.58,147,182
526.09,232.74,147,182
533.68,229.89,147,182
528.94,240.52,147,182
523.25,238.43,147,182
530.83,235.58,147,182
526.09,232.74,147,182
533.68,229.89,147,182
528.94,240.52,147,182
523.25,238.43,147,182
530.83,235.58,147,182
526.09,232.74,147,182
533.68,229.89,147,182
528.94,227.05,147,182
523.25,237.68,147,182
530.83,235.58,147,182
526.09,246.21,147,182
520.41,244.11,147,182
527.99,241.27,147,182
523.25,238.43,147,182
530.83,235.58,147,182
526.09,246.21,147,182
520.41,244.11,147,182
527.99,241.27,147,182
523.25,238.43,147,182
517.56,235.58,147,182
525.15,232.74,147,182
520.41,243.37,147,182
527.99,241.27,147,182
523.25,238.43,147,182
517.56,235.58,147,182
525.15,246.21,147,182
520.41,244.11,147,182
527.99,241.27,147,182
523.25,238.43,147,182
517.56,235.58,147,182
525.15,246.21,147,182
520.41,244.11,147,182
527.99,241.27,147,182
523.25,238.43,147,182
517.56,235.58,147,182
511.87,232.74,147,182
519.46,243.37,147,182
527.99,254.74,147,182
523.25,252.64,147,182
517.56,249.8,147,182
525.15,246.96,147,182
520.41,244.11,147,182
514.72,241.27,147,182
522.3,238.43,147,182
530.83,249.05,147,182
526.09,246.96,147,182
520.41,244.11,147,182
527.99,241.27,147,182
523.25,238.43,147,182
530.83,249.05,147,182
526.09,246.96,147,182
520.41,244.11,147,182
527.99,241.27,147,182
523.25,238.43,147,182
517.56,235.58,147,182
525.15,232.74,147,182
533.68,243.37,147,182
528.94,241.27,147,182
523.25,238.43,147,182
517.56,235.58,147,182
511.87,232.74,147,182
519.46,243.37,147,182
514.72,241.27,147,182
522.3,238.43,147,182
530.83,235.58,147,182
526.09,246.21,147,182
533.68,244.11,147,182
528.94,241.27,147,182
536.52,238.43,147,182
531.78,235.58,147,182
539.36,232.74,147,182
534.62,243.37,147,182
528.94,241.27,147,182
536.52,238.43,147,182
531.78,235.58,147,182
526.09,232.74,147,182
533.68,243.37,147,182
542.21,241.27,147,182
537.47,238.43,147,182
531.78,235.58,147,182
526.09,246.21,147,182
533.68,244.11,147,182
528.94,241.27,147,182
536.52,238.43,147,182
531.78,235.58,147,182
539.36,232.74,147,182
547.9,243.37,147,182
543.16,241.27,147,182
537.47,238.43,147,182
531.78,235.58,147,182
539.36,232.74,147,182
547.9,243.37,147,182
543.16,241.27,147,182
537.47,238.43,147,182
531.78,235.58,147,182
539.36,232.74,147,182
547.9,243.37,147,182
543.16,241.27,147,182
537.47,238.43,147,182
545.05,235.58,147,182
540.31,232.74,147,182
547.9,243.37,147,182
543.16,241.27,147,182
550.74,238.43,147,182
546,235.58,147,182
540.31,246.21,147,182
547.9,244.11,147,182
543.16,241.27,147,182
537.47,238.43,147,182
545.05,235.58,147,182
540.31,232.74,147,182
534.62,243.37,147,182
542.21,241.27,147,182
537.47,238.43,147,182
545.05,235.58,147,182
540.31,232.74,147,182
534.62,243.37,147,182
542.21,241.27,147,182
537.47,238.43,147,182
531.78,235.58,147,182
539.36,232.74,147,182
534.62,243.37,147,182
542.21,241.27,147,182
537.47,238.43,147,182
545.05,235.58,147,182
540.31,232.74,147,182
534.62,243.37,147,182
542.21,241.27,147,182
537.47,238.43,147,182
545.05,235.58,147,182
540.31,246.21,147,182
534.62,244.11,147,182
542.21,241.27,147,182
537.47,238.43,147,182
531.78,235.58,147,182
539.36,246.21,147,182
534.62,244.11,147,182
542.21,241.27,147,182
537.47,238.43,147,182
531.78,235.58,147,182
539.36,246.21,147,182
534.62,244.11,147,182
528.94,241.27,147,182
536.52,238.43,147,182
531.78,235.58,147,182
539.36,246.21,147,182
534.62,244.11,147,182
528.94,241.27,147,182
536.52,238.43,147,182
531.78,235.58,147,182
539.36,246.21,147,182
534.62,244.11,147,182
528.94,241.27,147,182
536.52,238.43,147,182
531.78,235.58,147,182
526.09,246.21,147,182
533.68,244.11,147,182
528.94,241.27,147,182
523.25,238.43,147,182
530.83,235.58,147,182
526.09,246.21,147,182
533.68,244.11,147,182
528.94,241.27,147,182
523.25,238.43,147,182
530.83,235.58,147,182
526.09,246.21,147,182
520.41,244.11,147,182
527.99,241.27,147,182
523.25,238.43,147,182
530.83,235.58,147,182
526.09,246.21,147,182
520.41,244.11,147,182
527.99,241.27,147,182
523.25,238.43,147,182
517.56,235.58,147,182
525.15,246.21,147,182
520.41,244.11,147,182
514.72,241.27,147,182
522.3,238.43,147,182
517.56,235.58,147,182
525.15,246.21,147,182
520.41,244.11,147,182
514.72,241.27,147,182
522.3,238.43,147,182
517.56,235.58,147,182
511.87,246.21,147,182
519.46,244.11,147,182
514.72,241.27,147,182
522.3,238.43,147,182
517.56,235.58,147,182
511.87,246.21,147,182
519.46,244.11,147,182
514.72,241.27,147,182
522.3,238.43,147,182
517.56,235.58,147,182
511.87,246.21,147,182
519.46,244.11,147,182
514.72,241.27,147,182
509.03,238.43,147,182
516.61,235.58,147,182
511.87,246.21,147,182
506.19,244.11,147,182
513.77,241.27,147,182
509.03,238.43,147,182
503.34,235.58,147,182
510.93,246.21,147,182
506.19,244.11,147,182
513.77,241.27,147,182
509.03,238.43,147,182
503.34,235.58,147,182
510.93,246.21,147,182
506.19,244.11,147,182
500.5,241.27,147,182
508.08,238.43,147,182
503.34,235.58,147,182
497.66,246.21,147,182
505.24,244.11,147,182
500.5,241.27,147,182
494.81,238.43,147,182
502.4,235.58,147,182
497.66,246.21,147,182
505.24,244.11,147,182
500.5,241.27,147,182
494.81,238.43,147,182
502.4,235.58,147,182
497.66,246.21,147,182
491.97,244.11,147,182
499.55,241.27,147,182
494.81,238.43,147,182
489.12,235.58,147,182
496.71,246.21,147,182
491.97,244.11,147,182
486.28,241.27,147,182
493.86,238.43,147,182
489.12,235.58,147,182
496.71,232.74,147,182
491.97,243.37,147,182
486.28,241.27,147,182
493.86,238.43,147,182
489.12,235.58,147,182
483.44,232.74,147,182
491.02,243.37,147,182
486.28,241.27,147,182
493.86,238.43,147,182
489.12,235.58,147,182
496.71,232.74,147,182
491.97,243.37,147,182
486.28,241.27,147,182
493.86,238.43,147,182
489.12,235.58,147,182
483.44,232.74,147,182
491.02,243.37,147,182
486.28,241.27,147,182
493.86,238.43,147,182
489.12,235.58,147,182
483.44,232.74,147,182
491.02,243.37,147,182
486.28,241.27,147,182
493.86,238.43,147,182
489.12,235.58,147,182
483.44,232.74,147,182
477.75,229.89,147,182
485.33,240.52,147,182
493.86,238.43,147,182
475.85,235.58,147,182
472.06,232.74,147,182
479.65,229.89,147,182
488.18,240.52,147,182
483.44,238.43,147,182
477.75,235.58,147,182
472.06,232.74,147,182
479.65,229.89,147,182
488.18,240.52,147,182
483.44,238.43,147,182
491.02,235.58,147,182
473.01,232.74,147,182
469.22,229.89,147,182
476.8,227.05,147,182
472.06,237.68,147,182
479.65,235.58,147,182
474.91,232.74,147,182
482.49,229.89,147,182
477.75,227.05,147,182
485.33,237.68,147,182
480.59,235.58,147,182
474.91,232.74,147,182
482.49,229.89,147,182
477.75,227.05,147,182
485.33,237.68,147,182
480.59,235.58,147,182
488.18,232.74,147,182
483.44,229.89,147,182
491.02,227.05,147,182
486.28,237.68,147,182
480.59,235.58,147,182
488.18,232.74,147,182
483.44,229.89,147,182
491.02,227.05,147,182
486.28,237.68,147,182
480.59,235.58,147,182
488.18,232.74,147,182
483.44,229.89,147,182
477.75,227.05,147,182
485.33,237.68,147,182
480.59,235.58,147,182
488.18,232.74,147,182
483.44,229.89,147,182
477.75,227.05,147,182
485.33,237.68,147,182
480.59,235.58,147,182
488.18,232.74,147,182
483.44,229.89,147,182
477.75,227.05,147,182
485.33,237.68,147,182
480.59,235.58,147,182
488.18,232.74,147,182
483.44,229.89,147,182
491.02,227.05,147,182
486.28,237.68,147,182
493.86,235.58,147,182
489.12,232.74,147,182
483.44,229.89,147,182
491.02,240.52,147,182
486.28,238.43,147,182
480.59,235.58,147,182
488.18,232.74,147,182
483.44,229.89,147,182
491.02,227.05,147,182
486.28,237.68,147,182
480.59,235.58,147,182
488.18,232.74,147,182
483.44,229.89,147,182
491.02,227.05,147,182
486.28,237.68,147,182
493.86,235.58,147,182
489.12,232.74,147,182
483.44,229.89,147,182
491.02,227.05,147,182
486.28,237.68,147,182
493.86,235.58,147,182
489.12,232.74,147,182
496.71,229.89,147,182
491.97,240.52,147,182
499.55,238.43,147,182
494.81,235.58,147,182
502.4,232.74,147,182
497.66,229.89,147,182
491.97,227.05,147,182
499.55,237.68,147,182
494.81,235.58,147,182
502.4,232.74,147,182
497.66,229.89,147,182
505.24,227.05,147,182
500.5,237.68,147,182
508.08,235.58,147,182
503.34,232.74,147,182
510.93,229.89,147,182
506.19,240.52,147,182
513.77,238.43,147,182
509.03,235.58,147,182
503.34,232.74,147,182
510.93,229.89,147,182
506.19,240.52,147,182
513.77,238.43,147,182
509.03,235.58,147,182
516.61,232.74,147,182
511.87,229.89,147,182
519.46,240.52,147,182
514.72,224.96,147,182
522.3,237.68,147,182
517.56,235.58,147,182
525.15,232.74,147,182
520.41,229.89,147,182
527.99,227.05,147,182
523.25,237.68,147,182
517.56,235.58,147,182
525.15,232.74,147,182
520.41,243.37,147,182
527.99,241.27,147,182
523.25,238.43,147,182
530.83,235.58,147,182
526.09,232.74,147,182
533.68,229.89,147,182
528.94,240.52,147,182
536.52,238.43,147,182
531.78,235.58,147,182
539.36,232.74,147,182
534.62,229.89,147,182
542.21,240.52,147,182
537.47,238.43,147,182
545.05,235.58,147,182
540.31,232.74,147,182
534.62,243.37,147,182
542.21,241.27,147,182
537.47,238.43,147,182
545.05,235.58,147,182
540.31,246.21,147,182
547.9,244.11,147,182
543.16,241.27,147,182
550.74,238.43,147,182
546,235.58,147,182
553.58,232.74,147,182
548.84,229.89,147,182
543.16,240.52,147,182
550.74,238.43,147,182
546,235.58,147,182
553.58,232.74,147,182
548.84,243.37,147,182
556.43,241.27,147,182
551.69,238.43,147,182
559.27,235.58,147,182
554.53,246.21,147,182
562.11,244.11,147,182
557.38,241.27,147,182
564.96,238.43,147,182
560.22,235.58,147,182
554.53,232.74,147,182
562.11,243.37,147,182
557.38,241.27,147,182
564.96,238.43,147,182
560.22,235.58,147,182
567.8,232.74,147,182
563.06,243.37,147,182
557.38,241.27,147,182
564.96,238.43,147,182
560.22,249.05,147,182
567.8,246.96,147,182
563.06,244.11,147,182
570.65,241.27,147,182
565.91,238.43,147,182
560.22,249.05,147,182
567.8,246.96,147,182
563.06,244.11,147,182
570.65,241.27,147,182
565.91,251.9,147,182
560.22,249.8,147,182
567.8,246.96,147,182
563.06,244.11,147,182
570.65,254.74,147,182
565.91,252.64,147,182
560.22,249.8,147,182
554.53,246.96,147,182
548.84,244.11,147,182
556.43,241.27,147,182
551.69,251.9,147,182
546,249.8,147,182
540.31,246.96,147,182
547.9,244.11,147,182
543.16,241.27,147,182
537.47,251.9,147,182
531.78,249.8,147,182
539.36,246.96,147,182
534.62,257.58,147,182
528.94,255.49,147,182
536.52,252.64,147,182
531.78,249.8,147,182
526.09,260.43,147,182
533.68,258.33,147,182
528.94,255.49,147,182
523.25,252.64,147,182
530.83,249.8,147,182
526.09,246.96,147,182
520.41,257.58,147,182
527.99,255.49,147,182
523.25,252.64,147,182
517.56,249.8,147,182
525.15,260.43,147,182
520.41,258.33,147,182
527.99,255.49,147,182
523.25,252.64,147,182
517.56,263.27,147,182
525.15,261.18,147,182
520.41,258.33,147,182
527.99,255.49,147,182
523.25,252.64,147,182
517.56,263.27,147,182
525.15,261.18,147,182
520.41,258.33,147,182
527.99,255.49,147,182
523.25,252.64,147,182
517.56,263.27,147,182
511.87,261.18,147,182
519.46,258.33,147,182
514.72,255.49,147,182
522.3,252.64,147,182
517.56,263.27,147,182
511.87,261.18,147,182
506.19,258.33,147,182
513.77,268.96,147,182
509.03,266.86,147,182
516.61,264.02,147,182
511.87,261.18,147,182
519.46,258.33,147,182
514.72,268.96,147,182
509.03,266.86,147,182
503.34,264.02,147,182
510.93,261.18,147,182
519.46,258.33,147,182
501.45,268.96,147,182
497.66,266.86,147,182
505.24,264.02,147,182
500.5,261.18,147,182
508.08,258.33,147,182
503.34,268.96,147,182
497.66,266.86,147,182
505.24,264.02,147,182
500.5,261.18,147,182
494.81,271.8,147,182
502.4,269.71,147,182
497.66,266.86,147,182
491.97,264.02,147,182
499.55,261.18,147,182
494.81,271.8,147,182
489.12,269.71,147,182
496.71,266.86,147,182
491.97,264.02,147,182
486.28,261.18,147,182
493.86,271.8,147,182
489.12,269.71,147,182
483.44,266.86,147,182
491.02,264.02,147,182
486.28,261.18,147,182
480.59,271.8,147,182
488.18,269.71,147,182
483.44,266.86,147,182
491.02,264.02,147,182
486.28,261.18,147,182
480.59,271.8,147,182
474.91,269.71,147,182
482.49,266.86,147,182
477.75,264.02,147,182
472.06,261.18,147,182
479.65,258.33,147,182
474.91,268.96,147,182
482.49,266.86,147,182
477.75,264.02,147,182
472.06,261.18,147,182
466.37,271.8,147,182
473.96,269.71,147,182
469.22,266.86,147,182
476.8,264.02,147,182
472.06,261.18,147,182
466.37,271.8,147,182
460.69,269.71,147,182
468.27,266.86,147,182
463.53,264.02,147,182
457.84,261.18,147,182
465.43,271.8,147,182
460.69,269.71,147,182
468.27,266.86,147,182
463.53,264.02,147,182
457.84,261.18,147,182
452.16,258.33,147,182
446.47,268.96,147,182
454.05,266.86,147,182
462.58,264.02,147,182
457.84,274.65,147,182
452.16,272.55,147,182
459.74,269.71,147,182
455,266.86,147,182
462.58,264.02,147,182
457.84,274.65,147,182
465.43,272.55,147,182
460.69,269.71,147,182
468.27,266.86,147,182
463.53,264.02,147,182
471.11,274.65,147,182
466.37,272.55,147,182
460.69,269.71,147,182
468.27,266.86,147,182
463.53,264.02,147,182
471.11,261.18,147,182
466.37,271.8,147,182
460.69,269.71,147,182
468.27,266.86,147,182
463.53,264.02,147,182
471.11,261.18,147,182
466.37,271.8,147,182
460.69,269.71,147,182
468.27,266.86,147,182
463.53,264.02,147,182
457.84,261.18,147,182
452.16,258.33,147,182
459.74,268.96,147,182
455,266.86,147,182
449.31,264.02,147,182
456.9,261.18,147,182
452.16,258.33,147,182
446.47,268.96,147,182
454.05,266.86,147,182
449.31,264.02,147,182
456.9,261.18,147,182
452.16,258.33,147,182
446.47,268.96,147,182
454.05,266.86,147,182
449.31,264.02,147,182
443.62,261.18,147,182
451.21,258.33,147,182
446.47,268.96,147,182
454.05,266.86,147,182
449.31,264.02,147,182
443.62,261.18,147,182
451.21,258.33,147,182
446.47,268.96,147,182
454.05,266.86,147,182
449.31,264.02,147,182
443.62,261.18,147,182
451.21,258.33,147,182
446.47,268.96,147,182
454.05,266.86,147,182
449.31,264.02,147,182
443.62,261.18,147,182
451.21,258.33,147,182
446.47,255.49,147,182
440.78,252.64,147,182
448.36,263.27,147,182
443.62,261.18,147,182
451.21,258.33,147,182
446.47,255.49,147,182
440.78,266.12,147,182
448.36,264.02,147,182
443.62,261.18,147,182
451.21,258.33,147,182
446.47,268.96,147,182
454.05,266.86,147,182
449.31,264.02,147,182
456.9,261.18,147,182
452.16,258.33,147,182
446.47,255.49,147,182
440.78,252.64,147,182
448.36,249.8,147,182
443.62,246.96,147,182
451.21,244.11,147,182
446.47,254.74,147,182
440.78,252.64,147,182
448.36,249.8,147,182
443.62,246.96,147,182
451.21,244.11,147,182
446.47,254.74,147,182
454.05,252.64,147,182
449.31,249.8,147,182
456.9,246.96,147,182
452.16,244.11,147,182
459.74,254.74,147,182
455,252.64,147,182
462.58,249.8,147,182
457.84,246.96,147,182
452.16,244.11,147,182
459.74,254.74,147,182
455,252.64,147,182
462.58,249.8,147,182
457.84,246.96,147,182
465.43,244.11,147,182
460.69,254.74,147,182
468.27,252.64,147,182
463.53,249.8,147,182
471.11,246.96,147,182
466.37,244.11,147,182
473.96,254.74,147,182
469.22,252.64,147,182
476.8,249.8,147,182
472.06,246.96,147,182
479.65,244.11,147,182
474.91,254.74,147,182
482.49,252.64,147,182
477.75,249.8,147,182
485.33,246.96,147,182
480.59,244.11,147,182
488.18,241.27,147,182
483.44,251.9,147,182
477.75,249.8,147,182
485.33,246.96,147,182
480.59,244.11,147,182
474.91,241.27,147,182
482.49,251.9,147,182
491.02,249.8,147,182
486.28,246.96,147,182
493.86,244.11,147,182
489.12,241.27,147,182
496.71,251.9,147,182
491.97,249.8,147,182
486.28,246.96,147,182
493.86,244.11,147,182
489.12,241.27,147,182
496.71,251.9,147,182
491.97,249.8,147,182
499.55,246.96,147,182
494.81,244.11,147,182
502.4,241.27,147,182
497.66,251.9,147,182
491.97,249.8,147,182
499.55,246.96,147,182
494.81,244.11,147,182
502.4,241.27,147,182
497.66,238.43,147,182
505.24,249.05,147,182
500.5,246.96,147,182
494.81,244.11,147,182
502.4,241.27,147,182
497.66,238.43,147,182
505.24,249.05,147,182
500.5,246.96,147,182
494.81,244.11,147,182
502.4,241.27,147,182
497.66,238.43,147,182
505.24,249.05,147,182
500.5,246.96,147,182
494.81,244.11,147,182
502.4,241.27,147,182
497.66,238.43,147,182
505.24,249.05,147,182
500.5,246.96,147,182
494.81,244.11,147,182
502.4,241.27,147,182
497.66,238.43,147,182
491.97,249.05,147,182
499.55,246.96,147,182
494.81,244.11,147,182
502.4,241.27,147,182
497.66,238.43,147,182
491.97,235.58,147,182
499.55,246.21,147,182
494.81,244.11,147,182
502.4,241.27,147,182
497.66,238.43,147,182
491.97,235.58,147,182
499.55,246.21,147,182
494.81,244.11,147,182
502.4,241.27,147,182
497.66,238.43,147,182
491.97,235.58,147,182
499.55,246.21,147,182
494.81,244.11,147,182
515.67,241.27,147,182
511.87,238.43,147,182
506.19,235.58,147,182
513.77,246.21,147,182
509.03,244.11,147,182
516.61,241.27,147,182
511.87,238.43,147,182
519.46,235.58,147,182
514.72,246.21,147,182
522.3,244.11,147,182
517.56,241.27,147,182
511.87,238.43,147,182
519.46,235.58,147,182
514.72,246.21,147,182
522.3,244.11,147,182
517.56,241.27,147,182
511.87,238.43,147,182
519.46,235.58,147,182
514.72,246.21,147,182
509.03,244.11,147,182
503.34,241.27,147,182
577.28,251.9,147,182
598.14,249.8,147,182
581.07,246.96,147,182
577.28,244.11,147,182
584.86,241.27,147,182
593.4,251.9,147,182
588.66,249.8,147,182
582.97,246.96,147,182
577.28,244.11,147,182
584.86,241.27,147,182
593.4,251.9,147,182
588.66,249.8,147,182
596.24,246.96,147,182
591.5,244.11,147,182
599.08,241.27,147,182
594.34,238.43,147,182
588.66,249.05,147,182
596.24,246.96,147,182
591.5,244.11,147,182
572.54,241.27,147,182
595.29,238.43,147,182
591.5,249.05,147,182
599.08,246.96,147,182
594.34,244.11,147,182
601.93,241.27,147,182
597.19,238.43,147,182
604.77,235.58,147,182
613.3,232.74,147,182
595.29,243.37,147,182
604.77,241.27,147,182
600.03,251.9,147,182
594.34,249.8,147,182
601.93,246.96,147,182
610.46,244.11,147,182
618.99,241.27,147,182
614.25,251.9,147,182
608.56,249.8,147,182
616.15,246.96,147,182
611.41,244.11,147,182
618.99,254.74,147,182
614.25,252.64,147,182
621.83,249.8,147,182
617.09,246.96,147,182
624.68,244.11,147,182
619.94,254.74,147,182
614.25,252.64,147,182
621.83,249.8,147,182
630.36,246.96,147,182
625.62,244.11,147,182
633.21,241.27,147,182
641.74,238.43,147,182
637,249.05,147,182
644.58,246.96,147,182
639.84,244.11,147,182
647.43,241.27,147,182
616.15,251.9,147,182
637.95,249.8,147,182
647.43,246.96,147,182
616.15,244.11,147,182
624.68,241.27,147,182
633.21,251.9,147,182
628.47,249.8,147,182
569.7,233.49,147,182
579.18,232.74,147,182
574.44,229.89,147,182
582.02,227.05,147,182
577.28,224.21,147,182
571.59,234.83,147,182
579.18,232.74,147,182
587.71,229.89,147,182
582.97,227.05,147,182
577.28,224.21,147,182
584.86,221.36,147,182
580.12,231.99,147,182
587.71,229.89,147,182
582.97,227.05,147,182
590.55,224.21,147,182
585.81,234.83,147,182
580.12,232.74,147,182
587.71,229.89,147,182
582.97,227.05,147,182
590.55,237.68,147,182
585.81,235.58,147,182
593.4,232.74,147,182
588.66,229.89,147,182
596.24,227.05,147,182
591.5,224.21,147,182
585.81,234.83,147,182
593.4,232.74,147,182
588.66,229.89,147,182
596.24,227.05,147,182
591.5,224.21,147,182
599.08,221.36,147,182
594.34,218.52,147,182
601.93,229.15,147,182
597.19,227.05,147,182
604.77,224.21,147,182
600.03,221.36,147,182
607.61,218.52,147,182
602.88,215.68,147,182
610.46,226.3,147,182
605.72,224.21,147,182
613.3,221.36,147,182
608.56,218.52,147,182
616.15,215.68,147,182
611.41,226.3,147,182
618.99,224.21,147,182
614.25,221.36,147,182
621.83,218.52,147,182
617.09,215.68,147,182
624.68,212.83,147,182
619.94,223.46,147,182
627.52,207.89,147,182
622.78,207.14,147,182
630.36,204.3,147,182
625.62,201.46,147,182
633.21,212.08,147,182
628.47,209.99,147,182
636.05,207.14,147,182
631.31,204.3,147,182
625.62,214.93,147,182
633.21,212.83,147,182
628.47,209.99,147,182
636.05,207.14,147,182
631.31,204.3,147,182
638.9,201.46,147,182
634.16,212.08,147,182
641.74,209.99,147,182
637,207.14,147,182
644.58,204.3,147,182
639.84,201.46,147,182
647.43,212.08,147,182
642.69,209.99,147,182
637,207.14,147,182
644.58,204.3,147,182
639.84,201.46,147,182
647.43,212.08,147,182
642.69,209.99,147,182
650.27,207.14,147,182
645.53,204.3,147,182
653.11,214.93,147,182
648.38,212.83,147,182
642.69,209.99,147,182
650.27,207.14,147,182
645.53,217.77,147,182
653.11,215.68,147,182
648.38,212.83,147,182
642.69,209.99,147,182
650.27,220.62,147,182
645.53,218.52,147,182
639.84,215.68,147,182
647.43,212.83,147,182
642.69,223.46,147,182
650.27,221.36,147,182
645.53,218.52,147,182
639.84,215.68,147,182
647.43,212.83,147,182
642.69,209.99,147,182
637,220.62,147,182
644.58,218.52,147,182
639.84,215.68,147,182
634.16,212.83,147,182
641.74,223.46,147,182
637,221.36,147,182
631.31,218.52,147,182
638.9,215.68,147,182
634.16,212.83,147,182
628.47,223.46,147,182
636.05,221.36,147,182
631.31,218.52,147,182
625.62,215.68,147,182
619.94,226.3,147,182
627.52,224.21,147,182
622.78,221.36,147,182
617.09,231.99,147,182
624.68,229.89,147,182
619.94,227.05,147,182
614.25,224.21,147,182
621.83,234.83,147,182
617.09,232.74,147,182
611.41,229.89,147,182
605.72,227.05,147,182
613.3,224.21,147,182
608.56,234.83,147,182
602.88,232.74,147,182
597.19,229.89,147,182
591.5,227.05,147,182
599.08,237.68,147,182
594.34,235.58,147,182
588.66,232.74,147,182
582.97,229.89,147,182
590.55,227.05,147,182
585.81,237.68,147,182
580.12,235.58,147,182
574.44,232.74,147,182
568.75,243.37,147,182
563.06,241.27,147,182
570.65,238.43,147,182
565.91,235.58,147,182
560.22,246.21,147,182
554.53,244.11,147,182
548.84,241.27,147,182
543.16,238.43,147,182
550.74,235.58,147,182
546,246.21,147,182
540.31,244.11,147,182
534.62,241.27,147,182
528.94,238.43,147,182
536.52,235.58,147,182
531.78,246.21,147,182
526.09,257.58,147,182
533.68,255.49,147,182
528.94,252.64,147,182
523.25,263.27,147,182
530.83,261.18,147,182
526.09,258.33,147,182
520.41,255.49,147,182
527.99,252.64,147,182
523.25,263.27,147,182
517.56,261.18,147,182
525.15,258.33,147,182
520.41,268.96,147,182
514.72,266.86,147,182
509.03,264.02,147,182
516.61,274.65,147,182
511.87,272.55,147,182
506.19,269.71,147,182
513.77,266.86,147,182
509.03,264.02,147,182
503.34,274.65,147,182
497.66,272.55,147,182
505.24,269.71,147,182
500.5,266.86,147,182
494.81,277.49,147,182
502.4,275.39,147,182
497.66,272.55,147,182
491.97,269.71,147,182
486.28,266.86,147,182
493.86,277.49,147,182
489.12,275.39,147,182
483.44,272.55,147,182
477.75,269.71,147,182
485.33,280.33,147,182
480.59,278.24,147,182
474.91,275.39,147,182
469.22,272.55,147,182
476.8,269.71,147,182
472.06,280.33,147,182
466.37,278.24,147,182
473.96,275.39,147,182
469.22,272.55,147,182
476.8,269.71,147,182
472.06,280.33,147,182
466.37,278.24,147,182
473.96,275.39,147,182
469.22,272.55,147,182
476.8,283.18,147,182
472.06,281.08,147,182
479.65,278.24,147,182
488.18,275.39,147,182
483.44,272.55,147,182
491.02,283.18,147,182
486.28,281.08,147,182
493.86,278.24,147,182
489.12,275.39,147,182
483.44,272.55,147,182
491.02,283.18,147,182
486.28,281.08,147,182
493.86,278.24,147,182
489.12,275.39,147,182
483.44,286.02,147,182
491.02,283.93,147,182
486.28,281.08,147,182
480.59,278.24,147,182
474.91,275.39,147,182
482.49,286.02,147,182
477.75,283.93,147,182
472.06,281.08,147,182
479.65,278.24,147,182
474.91,275.39,147,182
469.22,286.02,147,182
463.53,283.93,147,182
457.84,281.08,147,182
465.43,278.24,147,182
460.69,288.87,147,182
455,286.77,147,182
449.31,283.93,147,182
456.9,281.08,147,182
452.16,278.24,147,182
446.47,275.39,147,182
440.78,272.55,147,182
435.09,283.18,147,182
442.68,281.08,147,182
437.94,278.24,147,182
432.25,275.39,147,182
426.56,286.02,147,182
434.15,283.93,147,182
429.41,281.08,147,182
423.72,291.71,147,182
418.03,289.61,147,182
412.34,286.77,147,182
419.93,283.93,147,182
415.19,281.08,147,182
409.5,278.24,147,182
403.81,288.87,147,182
398.12,286.77,147,182
405.71,283.93,147,182
400.97,281.08,147,182
395.28,291.71,147,182
389.59,289.61,147,182
383.91,286.77,147,182
391.49,283.93,147,182
386.75,281.08,147,182
381.06,278.24,147,182
375.37,288.87,147,182
369.69,286.77,147,182
377.27,283.93,147,182
372.53,281.08,147,182
366.84,291.71,147,182
361.16,289.61,147,182
355.47,286.77,147,182
363.05,283.93,147,182
358.31,281.08,147,182
352.62,278.24,147,182
346.94,275.39,147,182
341.25,272.55,147,182
348.83,269.71,147,182
344.09,280.33,147,182
338.41,278.24,147,182
332.72,275.39,147,182
327.03,286.02,147,182
334.61,283.93,147,182
329.88,281.08,147,182
324.19,278.24,147,182
318.5,275.39,147,182
312.81,272.55,147,182
320.4,269.71,147,182
315.66,280.33,147,182
309.97,278.24,147,182
304.28,275.39,147,182
311.86,272.55,147,182
307.12,283.18,147,182
301.44,281.08,147,182
295.75,278.24,147,182
290.06,275.39,147,182
284.38,272.55,147,182
291.96,269.71,147,182
287.22,266.86,147,182
281.53,277.49,147,182
275.84,275.39,147,182
270.16,272.55,147,182
277.74,269.71,147,182
273,266.86,147,182
267.31,264.02,147,182
261.62,261.18,147,182
255.94,271.8,147,182
263.52,269.71,147,182
258.78,266.86,147,182
253.09,264.02,147,182
247.41,261.18,147,182
241.72,271.8,147,182
249.3,269.71,147,182
244.56,266.86,147,182
238.87,264.02,147,182
233.19,261.18,147,182
240.77,258.33,147,182
236.03,255.49,147,182
230.34,266.12,147,182
224.66,264.02,147,182
218.97,261.18,147,182
226.55,258.33,147,182
221.81,255.49,147,182
216.12,252.64,147,182
210.44,263.27,147,182
204.75,261.18,147,182
212.33,258.33,147,182
207.59,255.49,147,182
201.91,252.64,147,182
196.22,249.8,147,182
203.8,246.96,147,182
199.06,257.58,147,182
193.37,255.49,147,182
187.69,252.64,147,182
182,249.8,147,182
189.58,246.96,147,182
184.84,257.58,147,182
179.16,255.49,147,182
173.47,252.64,147,182
181.05,249.8,147,182
176.31,246.96,147,182
170.62,244.11,147,182
164.94,254.74,147,182
172.52,252.64,147,182
167.78,249.8,147,182
162.09,246.96,147,182
156.41,244.11,147,182
163.99,241.27,147,182
159.25,251.9,147,182
153.56,249.8,147,182
147.88,246.96,147,182
155.46,244.11,147,182
150.72,241.27,147,182
145.03,251.9,147,182
139.34,249.8,147,182
146.93,246.96,147,182
142.19,244.11,147,182
136.5,241.27,147,182
130.81,238.43,147,182
138.4,235.58,147,182
133.66,246.21,147,182
127.97,244.11,147,182
135.55,241.27,147,182
130.81,238.43,147,182
125.12,235.58,147,182
119.44,232.74,147,182
127.02,243.37,147,182
122.28,241.27,147,182
116.59,238.43,147,182
124.18,235.58,147,182
119.44,246.21,147,182
113.75,244.11,147,182
121.33,241.27,147,182
116.59,238.43,147,182
110.91,235.58,147,182
105.22,232.74,147,182
112.8,229.89,147,182
108.06,240.52,147,182
102.37,238.43,147,182
109.96,235.58,147,182
105.22,232.74,147,182
99.531,229.89,147,182
93.844,227.05,147,182
101.43,224.21,147,182
96.687,234.83,147,182
104.27,232.74,147,182
99.531,229.89,147,182
93.844,227.05,147,182
101.43,224.21,147,182
109.96,234.83,147,182
105.22,232.74,147,182
99.531,229.89,147,182
93.844,227.05,147,182
88.156,224.21,147,182
201.91,234.83,147,182
275.84,232.74,147,182
349.78,229.89,147,182
291.01,227.05,147,182
273.95,224.21,147,182
256.89,234.83,147,182
279.64,232.74,147,182
302.39,229.89,147,182
272.05,227.05,147,182
413.29,237.68,147,182
329.88,249.05,147,182
337.46,246.96,147,182
319.45,244.11,147,182
328.93,254.74,147,182
403.81,252.64,147,182
345.04,249.8,147,182
341.25,246.96,147,182
335.56,244.11,147,182
343.15,241.27,147,182
418.03,251.9,147,182
491.97,249.8,147,182
340.3,246.96,147,182
335.56,244.11,147,182
329.88,241.27,147,182
297.65,251.9,147,182
399.07,249.8,147,182
342.2,246.96,147,182
338.41,244.11,147,182
345.99,241.27,147,182
314.71,251.9,147,182
389.59,249.8,147,182
344.09,246.96,147,182
338.41,244.11,147,182
266.36,254.74,147,182
274.9,252.64,147,182
309.97,249.8,147,182
251.2,246.96,147,182
340.3,244.11,147,182
348.83,241.27,147,182
330.82,251.9,147,182
406.66,249.8,147,182
414.24,246.96,147,182
343.15,244.11,147,182
338.41,241.27,147,182
332.72,238.43,147,182
406.66,249.05,147,182
414.24,246.96,147,182
343.15,244.11,147,182
338.41,241.27,147,182
345.99,238.43,147,182
367.79,249.05,147,182
390.54,246.96,147,182
346.94,244.11,147,182
341.25,241.27,147,182
335.56,238.43,147,182
382.96,249.05,147,182
391.49,246.96,147,182
346.94,244.11,147,182
341.25,241.27,147,182
335.56,238.43,147,182
263.52,249.05,147,182
378.22,246.96,147,182
345.99,244.11,147,182
341.25,241.27,147,182
335.56,238.43,147,182
369.69,249.05,147,182
390.54,246.96,147,182
333.67,244.11,147,182
343.15,241.27,147,182
338.41,238.43,147,182
412.34,249.05,147,182
393.39,246.96,147,182
363.05,244.11,147,182
318.5,227.8,147,182
326.08,227.05,147,182
215.18,224.21,147,182
170.62,221.36,147,182
18.958,231.99,147,182
35.073,229.89,147,182
101.43,240.52,147,182
109.96,238.43,147,182
65.406,235.58,147,182
72.99,232.74,147,182
81.521,229.89,147,182
90.052,227.05,147,182
98.583,224.21,147,182
107.11,221.36,147,182
168.73,231.99,147,182
125.12,229.89,147,182
53.083,227.05,147,182
21.802,224.21,147,182
88.156,234.83,147,182
69.198,232.74,147,182
78.677,229.89,147,182
87.208,227.05,147,182
55.927,237.68,147,182
51.187,235.58,147,182
88.156,232.74,147,182
95.74,229.89,147,182
64.458,227.05,147,182
126.07,237.68,147,182
109.01,235.58,147,182
105.22,232.74,147,182
99.531,229.89,147,182
67.302,227.05,147,182
102.37,224.21,147,182
70.146,234.83,147,182
-67.302,205.8,147,182
-71.094,204.3,147,182
-71.094,201.46,147,182
-71.094,198.61,147,182
-71.094,195.77,147,182
-71.094,206.4,147,182
-71.094,204.3,147,182
-71.094,201.46,147,182
-71.094,198.61,147,182
-71.094,195.77,147,182
-71.094,192.93,147,182
-71.094,203.55,147,182
-71.094,201.46,147,182
-71.094,198.61,147,182
-71.094,195.77,147,182
-71.094,206.4,147,182
-71.094,204.3,147,182
-71.094,201.46,147,182
-71.094,198.61,147,182
-71.094,209.24,147,182
-71.094,207.14,147,182
-71.094,204.3,147,182
-71.094,201.46,147,182
-71.094,198.61,147,182
-71.094,209.24,147,182
-71.094,207.14,147,182
-71.094,204.3,147,182
-71.094,201.46,147,182
-71.094,198.61,147,182
-71.094,209.24,147,182
-71.094,207.14,147,182
-71.094,204.3,147,182
-71.094,201.46,147,182
-71.094,198.61,147,182
-71.094,209.24,147,182
-71.094,207.14,147,182
-71.094,204.3,147,182
-71.094,201.46,147,182
-71.094,212.08,147,182
-71.094,209.99,147,182
-71.094,207.14,147,182
-71.094,204.3,147,182
-71.094,201.46,147,182
-71.094,212.08,147,182
-71.094,209.99,147,182
-71.094,207.14,147,182
-71.094,204.3,147,182
-71.094,201.46,147,182
-71.094,198.61,147,182
-71.094,209.24,147,182
-71.094,207.14,147,182
-71.094,204.3,147,182
-71.094,201.46,147,182
-71.094,212.08,147,182
-71.094,209.99,147,182
-71.094,207.14,147,182
-71.094,204.3,147,182
-71.094,201.46,147,182
-71.094,212.08,147,182
-71.094,209.99,147,182
-71.094,207.14,147,182
-71.094,204.3,147,182
-71.094,201.46,147,182
-71.094,212.08,147,182
-71.094,209.99,147,182
-71.094,207.14,147,182
-71.094,204.3,147,182
-71.094,201.46,147,182
-71.094,198.61,147,182
-71.094,209.24,147,182
-71.094,207.14,147,182
-71.094,204.3,147,182
-71.094,201.46,147,182
-71.094,198.61,147,182
-71.094,209.24,147,182
-71.094,207.14,147,182
-71.094,204.3,147,182
-71.094,201.46,147,182
-71.094,198.61,147,182
-71.094,209.24,147,182
-71.094,207.14,147,182
-71.094,204.3,147,182
-71.094,201.46,147,182
-71.094,198.61,147,182
-71.094,209.24,147,182
-71.094,207.14,147,182
-71.094,204.3,147,182
-71.094,201.46,147,182
-71.094,198.61,147,182
-71.094,209.24,147,182
-71.094,207.14,147,182
-71.094,204.3,147,182
-71.094,201.46,147,182
-71.094,198.61,147,182
-71.094,209.24,147,182
-71.094,207.14,147,182
-71.094,204.3,147,182
-71.094,201.46,147,182
-71.094,198.61,147,182
-71.094,209.24,147,182
-71.094,207.14,147,182
-71.094,204.3,147,182
-71.094,201.46,147,182
-71.094,198.61,147,182
-71.094,195.77,147,182
-71.094,206.4,147,182
-71.094,204.3,147,182
-71.094,201.46,147,182
-71.094,198.61,147,182
-71.094,195.77,147,182
-71.094,206.4,147,182
-71.094,204.3,147,182
-71.094,201.46,147,182
-71.094,198.61,147,182
-71.094,195.77,147,182
-71.094,206.4,147,182
-71.094,204.3,147,182
-71.094,201.46,147,182
-71.094,198.61,147,182
-71.094,195.77,147,182
-71.094,206.4,147,182
-71.094,204.3,147,182
-71.094,201.46,147,182
-71.094,198.61,147,182
-71.094,195.77,147,182
-71.094,206.4,147,182
-71.094,204.3,147,182
-71.094,201.46,147,182
-71.094,198.61,147,182
-71.094,195.77,147,182
-71.094,192.93,147,182
-71.094,203.55,147,182
-71.094,201.46,147,182
-71.094,198.61,147,182
-71.094,195.77,147,182
-71.094,192.93,147,182
-71.094,203.55,147,182
-71.094,201.46,147,182
-71.094,198.61,147,182
-71.094,195.77,147,182
-71.094,192.93,147,182
-71.094,203.55,147,182
-71.094,201.46,147,182
-71.094,198.61,147,182
-71.094,195.77,147,182
-71.094,192.93,147,182
-71.094,203.55,147,182
-71.094,201.46,147,182
-71.094,198.61,147,182
-71.094,195.77,147,182
-71.094,192.93,147,182
-71.094,203.55,147,182
-71.094,201.46,147,182
-71.094,198.61,147,182
-71.094,195.77,147,182
-71.094,192.93,147,182
-71.094,203.55,147,182
-71.094,201.46,147,182
-71.094,198.61,147,182
-71.094,195.77,147,182
-71.094,192.93,147,182
-71.094,203.55,147,182
-71.094,201.46,147,182
-71.094,198.61,147,182
-71.094,195.77,147,182
-71.094,192.93,147,182
-71.094,203.55,147,182
-71.094,201.46,147,182
-71.094,198.61,147,182
-71.094,195.77,147,182
-71.094,192.93,147,182
-71.094,203.55,147,182
-71.094,201.46,147,182
-71.094,198.61,147,182
-71.094,195.77,147,182
-71.094,192.93,147,182
-71.094,203.55,147,182
-71.094,201.46,147,182
-71.094,198.61,147,182
-71.094,195.77,147,182
-71.094,192.93,147,182
-71.094,203.55,147,182
-71.094,201.46,147,182
-71.094,198.61,147,182
-71.094,195.77,147,182
-71.094,192.93,147,182
-71.094,203.55,147,182
-71.094,201.46,147,182
-71.094,198.61,147,182
-71.094,195.77,147,182
-71.094,206.4,147,182
-71.094,204.3,147,182
-71.094,201.46,147,182
-71.094,198.61,147,182
-71.094,195.77,147,182
-71.094,206.4,147,182
-71.094,204.3,147,182
-71.094,201.46,147,182
-71.094,198.61,147,182
-71.094,195.77,147,182
-71.094,206.4,147,182
-71.094,204.3,147,182
-71.094,201.46,147,182
-71.094,198.61,147,182
-71.094,195.77,147,182
-71.094,206.4,147,182
-71.094,204.3,147,182
-71.094,201.46,147,182
-71.094,198.61,147,182
-71.094,195.77,147,182
-71.094,206.4,147,182
-71.094,204.3,147,182
-71.094,201.46,147,182
-71.094,198.61,147,182
-71.094,209.24,147,182
