603,303,55,75
602.14,301.8,55,75
601.37,300.63,55,75
605.49,304.69,55,75
604.49,303.34,55,75
603.72,302.16,55,75
602.54,306.25,55,75
606.66,305.32,55,75
605.66,304.15,55,75
604.89,308.2,55,75
603.72,306.85,55,75
607.83,305.68,55,75
606.83,309.77,55,75
606.06,308.83,55,75
604.89,307.66,55,75
609.01,306.49,55,75
608,310.55,55,75
607.23,309.19,55,75
611.35,308.02,55,75
610.35,312.11,55,75
609.58,311.18,55,75
608.4,310.01,55,75
612.52,308.83,55,75
611.52,312.89,55,75
610.75,311.54,55,75
609.58,315.62,55,75
608.4,314.69,55,75
612.52,313.52,55,75
611.52,317.58,55,75
610.75,316.23,55,75
609.58,315.05,55,75
613.69,319.14,55,75
612.69,318.21,55,75
611.92,317.04,55,75
616.04,315.87,55,75
615.03,319.92,55,75
614.26,318.57,55,75
613.09,322.66,55,75
611.92,321.72,55,75
616.04,320.55,55,75
615.03,319.38,55,75
614.26,323.44,55,75
613.09,322.09,55,75
611.92,326.17,55,75
610.75,325.24,55,75
614.87,324.07,55,75
613.86,322.9,55,75
613.09,326.95,55,75
617.21,325.6,55,75
616.21,324.43,55,75
615.44,328.52,55,75
614.26,327.58,55,75
618.38,326.41,55,75
617.38,325.24,55,75
621.9,324.07,55,75
620.89,328.13,55,75
620.12,326.77,55,75
624.24,325.6,55,75
623.24,329.69,55,75
622.47,328.76,55,75
621.29,327.58,55,75
625.41,326.41,55,75
624.41,330.47,55,75
623.64,329.12,55,75
622.47,327.94,55,75
621.29,332.03,55,75
625.41,331.1,55,75
624.41,329.93,55,75
623.64,328.76,55,75
622.47,332.81,55,75
626.58,331.46,55,75
625.58,330.29,55,75
624.81,334.37,55,75
623.64,333.44,55,75
627.76,332.27,55,75
626.75,331.1,55,75
625.98,335.16,55,75
630.1,333.8,55,75
629.1,332.63,55,75
628.33,331.46,55,75
627.15,335.55,55,75
631.27,334.62,55,75
630.27,333.44,55,75
629.5,332.27,55,75
633.62,336.33,55,75
632.61,334.98,55,75
631.84,333.8,55,75
630.67,337.89,55,75
634.79,336.96,55,75
633.78,335.79,55,75
633.01,334.62,55,75
637.13,338.67,55,75
636.13,337.32,55,75
635.36,336.15,55,75
634.19,340.23,55,75
638.3,339.3,55,75
637.3,338.13,55,75
636.53,342.19,55,75
640.65,340.84,55,75
639.64,339.66,55,75
638.87,343.75,55,75
637.7,342.82,55,75
641.82,341.65,55,75
640.81,340.47,55,75
640.04,344.53,55,75
644.16,343.18,55,75
643.16,342.01,55,75
642.39,346.09,55,75
646.51,345.16,55,75
645.5,343.99,55,75
644.73,342.82,55,75
643.56,346.88,55,75
647.68,345.52,55,75
646.67,349.61,55,75
651.19,348.68,55,75
650.19,347.51,55,75
649.42,346.33,55,75
653.54,345.16,55,75
652.53,349.22,55,75
651.76,347.87,55,75
655.88,346.69,55,75
654.88,350.78,55,75
654.11,349.85,55,75
658.23,348.68,55,75
657.22,347.51,55,75
656.45,351.56,55,75
660.57,350.21,55,75
659.56,349.04,55,75
658.79,353.12,55,75
662.91,352.19,55,75
661.91,351.02,55,75
661.14,349.85,55,75
665.26,348.68,55,75
664.25,352.73,55,75
663.48,351.38,55,75
667.6,350.21,55,75
666.6,354.3,55,75
665.83,353.37,55,75
664.65,352.19,55,75
668.77,351.02,55,75
667.77,355.08,55,75
667,353.73,55,75
665.83,352.55,55,75
664.65,356.64,55,75
668.77,355.71,55,75
667.77,354.54,55,75
667,353.37,55,75
665.83,357.42,55,75
664.65,356.07,55,75
668.77,354.9,55,75
667.77,353.73,55,75
667,357.81,55,75
665.83,356.88,55,75
664.65,355.71,55,75
663.48,354.54,55,75
667.6,353.37,55,75
666.6,357.42,55,75
665.83,356.07,55,75
664.65,354.9,55,75
663.48,353.73,55,75
662.31,357.81,55,75
661.14,356.88,55,75
659.97,355.71,55,75
658.79,354.54,55,75
662.91,353.37,55,75
661.91,352.19,55,75
661.14,356.25,55,75
659.97,354.9,55,75
658.79,353.73,55,75
657.62,352.55,55,75
656.45,351.38,55,75
655.28,355.47,55,75
654.11,354.54,55,75
652.94,353.37,55,75
657.05,352.19,55,75
656.05,351.02,55,75
655.28,349.85,55,75
654.11,348.68,55,75
652.94,347.51,55,75
651.76,351.56,55,75
650.59,350.21,55,75
649.42,349.04,55,75
648.25,347.87,55,75
647.08,351.95,55,75
645.9,351.02,55,75
644.73,349.85,55,75
643.56,348.68,55,75
642.39,347.51,55,75
641.22,346.33,55,75
645.33,345.16,55,75
644.33,343.99,55,75
643.56,342.82,55,75
642.39,341.65,55,75
641.22,345.7,55,75
640.04,344.35,55,75
638.87,343.18,55,75
637.7,342.01,55,75
636.53,340.84,55,75
635.36,344.92,55,75
634.19,343.99,55,75
633.01,342.82,55,75
631.84,341.65,55,75
630.67,340.47,55,75
634.79,339.3,55,75
633.78,338.13,55,75
633.01,336.96,55,75
631.84,335.79,55,75
630.67,339.84,55,75
629.5,338.49,55,75
628.33,337.32,55,75
627.15,336.15,55,75
625.98,334.98,55,75
624.81,339.06,55,75
623.64,338.13,55,75
622.47,336.96,55,75
621.29,335.79,55,75
620.12,334.62,55,75
618.95,333.44,55,75
617.78,332.27,55,75
616.61,331.1,55,75
615.44,335.16,55,75
614.26,333.8,55,75
613.09,332.63,55,75
611.92,331.46,55,75
610.75,330.29,55,75
609.58,334.37,55,75
608.4,333.44,55,75
607.23,332.27,55,75
606.06,336.33,55,75
604.89,334.98,55,75
603.72,339.06,55,75
602.54,338.13,55,75
596.08,342.19,55,75
595.11,346.09,55,75
594.34,345.16,55,75
593.17,349.22,55,75
592,353.12,55,75
590.83,352.19,55,75
589.65,356.25,55,75
588.48,360.16,55,75
587.31,364.45,55,75
580.85,368.36,55,75
579.88,372.66,55,75
579.11,376.56,55,75
577.94,380.86,55,75
576.76,384.77,55,75
575.59,383.83,55,75
574.42,387.89,55,75
573.25,391.8,55,75
566.79,396.09,55,75
565.81,394.74,55,75
565.04,398.83,55,75
563.87,397.9,55,75
562.7,396.72,55,75
561.53,400.78,55,75
560.36,399.43,55,75
559.19,398.26,55,75
558.01,397.09,55,75
556.84,395.91,55,75
555.67,394.74,55,75
554.5,393.57,55,75
553.33,392.4,55,75
552.15,391.23,55,75
550.98,384.8,55,75
549.81,383.83,55,75
548.64,377.43,55,75
547.47,375.99,55,75
546.29,374.82,55,75
550.41,368.39,55,75
549.41,367.43,55,75
548.64,361.03,55,75
547.47,359.59,55,75
546.29,358.41,55,75
550.41,351.98,55,75
544.15,351.02,55,75
543.55,349.85,55,75
542.78,348.68,55,75
546.9,342.28,55,75
545.89,340.84,55,75
550.41,339.66,55,75
549.41,343.75,55,75
548.64,342.82,55,75
547.47,341.65,55,75
551.58,340.47,55,75
550.58,339.3,55,75
549.81,343.36,55,75
553.93,342.01,55,75
552.92,340.84,55,75
552.15,344.92,55,75
556.27,343.99,55,75
555.27,348.05,55,75
554.5,346.69,55,75
558.62,345.52,55,75
557.61,349.61,55,75
556.84,348.68,55,75
560.96,347.51,55,75
559.96,346.33,55,75
559.19,350.39,55,75
563.3,349.04,55,75
562.3,347.87,55,75
561.53,351.95,55,75
565.65,351.02,55,75
564.64,349.85,55,75
563.87,353.91,55,75
562.7,352.55,55,75
561.53,356.64,55,75
565.65,355.71,55,75
564.64,354.54,55,75
563.87,353.37,55,75
562.7,357.42,55,75
566.82,356.07,55,75
565.81,354.9,55,75
565.04,353.73,55,75
563.87,357.81,55,75
567.99,356.88,55,75
566.99,355.71,55,75
566.22,354.54,55,75
565.04,358.59,55,75
563.87,357.24,55,75
562.7,356.07,55,75
566.82,360.16,55,75
565.81,359.22,55,75
565.04,358.05,55,75
563.87,356.88,55,75
567.99,360.94,55,75
566.99,359.59,55,75
566.22,358.41,55,75
565.04,362.5,55,75
569.16,361.57,55,75
568.16,360.4,55,75
567.39,364.45,55,75
566.22,363.1,55,75
570.33,361.93,55,75
569.33,360.76,55,75
568.56,364.84,55,75
572.68,363.91,55,75
571.67,362.74,55,75
570.9,361.57,55,75
569.73,365.63,55,75
573.85,364.27,55,75
572.85,368.36,55,75
572.08,367.43,55,75
576.19,366.26,55,75
575.19,365.08,55,75
574.42,369.14,55,75
578.54,367.79,55,75
577.53,366.62,55,75
576.76,370.7,55,75
580.88,369.77,55,75
579.88,368.6,55,75
584.4,367.43,55,75
583.39,371.48,55,75
582.62,370.13,55,75
586.74,368.96,55,75
585.74,373.05,55,75
584.97,372.12,55,75
589.08,370.94,55,75
588.08,375,55,75
587.31,373.65,55,75
591.43,372.48,55,75
590.42,376.56,55,75
594.94,375.63,55,75
593.94,374.46,55,75
598.46,378.52,55,75
597.46,377.16,55,75
596.69,375.99,55,75
600.8,374.82,55,75
599.8,378.91,55,75
599.03,377.97,55,75
603.15,376.8,55,75
602.14,380.86,55,75
601.37,379.51,55,75
605.49,378.34,55,75
604.49,377.16,55,75
603.72,381.25,55,75
607.83,380.32,55,75
606.83,379.15,55,75
611.35,377.97,55,75
610.35,376.8,55,75
614.87,375.63,55,75
613.86,374.46,55,75
618.38,378.52,55,75
617.38,377.16,55,75
616.61,375.99,55,75
620.73,374.82,55,75
619.72,373.65,55,75
618.95,372.48,55,75
623.07,371.3,55,75
622.06,370.13,55,75
621.29,374.22,55,75
625.41,373.29,55,75
624.41,372.12,55,75
623.64,370.94,55,75
627.76,369.77,55,75
626.75,368.6,55,75
631.27,372.66,55,75
630.27,371.3,55,75
629.5,370.13,55,75
628.33,368.96,55,75
632.44,367.79,55,75
631.44,366.62,55,75
630.67,365.44,55,75
634.79,364.27,55,75
633.78,363.1,55,75
633.01,361.93,55,75
637.13,360.76,55,75
636.13,359.59,55,75
635.36,358.41,55,75
634.19,357.24,55,75
638.3,356.07,55,75
637.3,354.9,55,75
636.53,353.73,55,75
635.36,352.55,55,75
639.48,351.38,55,75
638.47,350.21,55,75
637.7,349.04,55,75
636.53,347.87,55,75
640.65,346.69,55,75
639.64,345.52,55,75
638.87,344.35,55,75
642.99,343.18,55,75
641.99,342.01,55,75
641.22,340.84,55,75
645.33,339.66,55,75
644.33,338.49,55,75
643.56,337.32,55,75
642.39,336.15,55,75
641.22,334.98,55,75
640.04,333.8,55,75
644.16,332.63,55,75
643.16,331.46,55,75
642.39,330.29,55,75
641.22,329.12,55,75
640.04,333.2,55,75
644.16,332.27,55,75
643.16,331.1,55,75
642.39,329.93,55,75
641.22,328.76,55,75
645.33,327.58,55,75
644.33,326.41,55,75
643.56,330.47,55,75
642.39,329.12,55,75
641.22,327.94,55,75
645.33,326.77,55,75
644.33,325.6,55,75
643.56,329.69,55,75
642.39,328.76,55,75
646.51,327.58,55,75
645.5,326.41,55,75
644.73,325.24,55,75
643.56,329.3,55,75
642.39,327.94,55,75
646.51,326.77,55,75
645.5,325.6,55,75
644.73,329.69,55,75
643.56,328.76,55,75
647.68,327.58,55,75
646.67,326.41,55,75
645.9,330.47,55,75
644.73,329.12,55,75
648.85,327.94,55,75
642.59,332.03,55,75
641.99,331.1,55,75
646.51,329.93,55,75
645.5,328.76,55,75
644.73,332.81,55,75
643.56,331.46,55,75
642.39,330.29,55,75
646.51,334.37,55,75
645.5,333.44,55,75
644.73,332.27,55,75
643.56,336.33,55,75
642.39,334.98,55,75
646.51,333.8,55,75
645.5,337.89,55,75
644.73,336.96,55,75
643.56,335.79,55,75
642.39,334.62,55,75
641.22,338.67,55,75
645.33,337.32,55,75
644.33,336.15,55,75
643.56,340.23,55,75
642.39,339.3,55,75
641.22,338.13,55,75
640.04,342.19,55,75
644.16,340.84,55,75
643.16,339.66,55,75
642.39,343.75,55,75
641.22,342.82,55,75
640.04,341.65,55,75
638.87,340.47,55,75
637.7,344.53,55,75
641.82,343.18,55,75
640.81,342.01,55,75
640.04,346.09,55,75
638.87,345.16,55,75
637.7,343.99,55,75
641.82,342.82,55,75
640.81,346.88,55,75
640.04,345.52,55,75
638.87,344.35,55,75
637.7,348.44,55,75
636.53,347.51,55,75
640.65,346.33,55,75
639.64,345.16,55,75
638.87,343.99,55,75
637.7,348.05,55,75
636.53,346.69,55,75
640.65,345.52,55,75
639.64,344.35,55,75
638.87,343.18,55,75
637.7,347.27,55,75
636.53,346.33,55,75
635.36,345.16,55,75
639.48,343.99,55,75
638.47,342.82,55,75
637.7,341.65,55,75
636.53,340.47,55,75
635.36,344.53,55,75
634.19,343.18,55,75
633.01,342.01,55,75
631.84,340.84,55,75
630.67,344.92,55,75
629.5,343.99,55,75
628.33,342.82,55,75
632.44,341.65,55,75
631.44,340.47,55,75
630.67,339.3,55,75
629.5,338.13,55,75
628.33,336.96,55,75
627.15,335.79,55,75
625.98,339.84,55,75
624.81,338.49,55,75
623.64,337.32,55,75
622.47,336.15,55,75
621.29,334.98,55,75
620.12,333.8,55,75
618.95,337.89,55,75
617.78,336.96,55,75
616.61,335.79,55,75
615.44,334.62,55,75
614.26,333.44,55,75
613.09,332.27,55,75
611.92,331.1,55,75
616.04,329.93,55,75
615.03,328.76,55,75
614.26,327.58,55,75
613.09,331.64,55,75
611.92,330.29,55,75
610.75,329.12,55,75
609.58,327.94,55,75
608.4,332.03,55,75
607.23,331.1,55,75
606.06,329.93,55,75
610.18,328.76,55,75
609.17,327.58,55,75
608.4,326.41,55,75
607.23,325.24,55,75
606.06,329.3,55,75
604.89,327.94,55,75
603.72,326.77,55,75
602.54,325.6,55,75
601.37,324.43,55,75
605.49,323.26,55,75
604.49,322.09,55,75
603.72,326.17,55,75
602.54,325.24,55,75
601.37,324.07,55,75
600.2,322.9,55,75
599.03,321.72,55,75
597.86,325.78,55,75
596.69,324.43,55,75
595.51,323.26,55,75
599.63,322.09,55,75
593.37,326.17,55,75
598.02,325.24,55,75
592.2,324.07,55,75
596.85,322.9,55,75
596.28,321.72,55,75
595.51,320.55,55,75
594.34,324.61,55,75
593.17,323.26,55,75
597.29,322.09,55,75
596.28,320.91,55,75
595.51,319.74,55,75
594.34,323.83,55,75
593.17,322.9,55,75
597.29,321.72,55,75
596.28,320.55,55,75
595.51,319.38,55,75
594.34,323.44,55,75
598.46,322.09,55,75
597.46,320.91,55,75
596.69,319.74,55,75
595.51,323.83,55,75
599.63,322.9,55,75
598.63,321.72,55,75
597.86,320.55,55,75
601.98,319.38,55,75
600.97,323.44,55,75
600.2,322.09,55,75
599.03,320.91,55,75
603.15,319.74,55,75
602.14,323.83,55,75
601.37,322.9,55,75
605.49,316.5,55,75
604.49,320.31,55,75
603.72,319.38,55,75
607.83,318.21,55,75
606.83,317.04,55,75
606.06,321.09,55,75
604.89,319.74,55,75
609.01,318.57,55,75
608,317.4,55,75
607.23,321.48,55,75
611.35,320.55,55,75
610.35,319.38,55,75
609.58,323.44,55,75
613.69,322.09,55,75
612.69,320.91,55,75
611.92,319.74,55,75
616.04,323.83,55,75
615.03,317.67,55,75
614.26,321.48,55,75
613.09,320.55,55,75
617.21,319.38,55,75
616.21,318.21,55,75
620.73,322.27,55,75
619.72,320.91,55,75
618.95,319.74,55,75
617.78,318.57,55,75
621.9,317.4,55,75
620.89,321.48,55,75
620.12,320.55,55,75
624.24,319.38,55,75
623.24,318.21,55,75
622.47,322.27,55,75
626.58,310.4,55,75
625.58,319.71,55,75
624.81,318.57,55,75
628.93,317.4,55,75
627.92,316.23,55,75
627.15,320.31,55,75
631.27,314.15,55,75
630.27,312.71,55,75
629.5,316.8,55,75
628.33,315.87,55,75
632.44,314.69,55,75
631.44,313.52,55,75
630.67,312.35,55,75
629.5,316.41,55,75
633.62,309.8,55,75
632.61,308.83,55,75
631.84,312.89,55,75
635.96,301.02,55,75
634.96,299.82,55,75
639.48,298.65,55,75
638.47,297.48,55,75
637.7,296.3,55,75
636.53,295.13,55,75
640.65,293.96,55,75
639.64,292.79,55,75
638.87,291.62,55,75
637.7,290.44,55,75
636.53,289.27,55,75
640.65,288.1,55,75
639.64,286.93,55,75
638.87,285.76,55,75
637.7,284.59,55,75
636.53,283.41,55,75
640.65,276.98,55,75
639.64,276.02,55,75
638.87,274.85,55,75
637.7,273.68,55,75
636.53,272.51,55,75
640.65,271.33,55,75
639.64,264.93,55,75
638.87,263.49,55,75
637.7,262.32,55,75
636.53,261.15,55,75
635.36,259.98,55,75
639.48,258.8,55,75
638.47,257.63,55,75
637.7,256.46,55,75
636.53,255.29,55,75
635.36,254.12,55,75
634.19,252.94,55,75
638.3,251.77,55,75
637.3,250.6,55,75
636.53,249.43,55,75
635.36,248.26,55,75
634.19,247.09,55,75
638.3,245.91,55,75
637.3,244.74,55,75
636.53,243.57,55,75
635.36,242.4,55,75
634.19,241.23,55,75
633.01,240.05,55,75
637.13,238.88,55,75
636.13,237.71,55,75
635.36,236.54,55,75
634.19,235.37,55,75
633.01,234.19,55,75
637.13,233.02,55,75
636.13,231.85,55,75
635.36,230.68,55,75
634.19,229.51,55,75
633.01,228.34,55,75
637.13,232.42,55,75
636.13,226.26,55,75
635.36,224.82,55,75
634.19,223.65,55,75
633.01,227.73,55,75
637.13,226.8,55,75
636.13,225.63,55,75
635.36,224.46,55,75
639.48,223.29,55,75
638.47,222.12,55,75
637.7,220.94,55,75
641.82,219.77,55,75
640.81,218.6,55,75
640.04,222.66,55,75
644.16,221.3,55,75
643.16,220.13,55,75
647.68,218.96,55,75
646.67,217.79,55,75
651.19,216.62,55,75
650.19,215.44,55,75
654.71,214.27,55,75
658.96,213.1,55,75
658.39,211.93,55,75
662.91,210.76,55,75
661.91,214.84,55,75
666.43,213.91,55,75
670.68,212.74,55,75
675.37,211.57,55,75
674.8,215.63,55,75
679.32,214.27,55,75
683.57,218.36,55,75
683,217.43,55,75
687.52,216.26,55,75
691.77,220.31,55,75
696.46,218.96,55,75
701.15,223.05,55,75
705.84,222.12,55,75
710.52,226.17,55,75
715.21,230.08,55,75
719.9,229.15,55,75
724.59,233.2,55,75
729.27,237.11,55,75
733.96,236.18,55,75
738.65,240.23,55,75
743.34,238.88,55,75
748.02,242.97,55,75
752.71,247.27,55,75
757.4,245.91,55,75
762.09,250,55,75
766.77,254.3,55,75
771.46,252.94,55,75
776.15,251.77,55,75
775.58,245.34,55,75
774.81,239.15,55,75
778.93,227.19,55,75
777.92,210.22,55,75
777.15,188.31,55,75
775.98,160.82,55,75
774.81,138.16,55,75
768.35,121.15,55,75
767.38,109.71,55,75
761.32,108.44,55,75
760.35,117.73,55,75
759.58,132.33,55,75
758.4,157.36,55,75
757.23,192.49,55,75
756.06,232.9,55,75
754.89,268.66,55,75
753.72,298.56,55,75
752.54,323.77,55,75
751.37,337.86,55,75
755.49,347.42,55,75
754.49,346.33,55,75
753.72,339.93,55,75
757.83,322.72,55,75
756.83,321.72,55,75
761.35,294.41,55,75
760.35,298.05,55,75
759.58,270.97,55,75
763.69,264.09,55,75
762.69,263.13,55,75
767.21,267.19,55,75
766.21,271.09,55,75
770.73,280.62,55,75
769.72,295.22,55,75
774.24,309.74,55,75
773.24,319.29,55,75
772.47,328.67,55,75
776.58,338.04,55,75
775.58,347.42,55,75
774.81,356.79,55,75
778.93,360.94,55,75
777.92,364.84,55,75
777.15,369.14,55,75
775.98,373.05,55,75
780.1,372.12,55,75
779.1,370.94,55,75
778.33,375,55,75
777.15,373.65,55,75
775.98,377.73,55,75
780.1,376.8,55,75
779.1,375.63,55,75
778.33,374.46,55,75
777.15,378.52,55,75
781.27,377.16,55,75
780.27,375.99,55,75
779.5,380.08,55,75
778.33,379.15,55,75
777.15,377.97,55,75
781.27,382.03,55,75
780.27,380.68,55,75
779.5,379.51,55,75
778.33,378.34,55,75
782.44,382.42,55,75
781.44,381.49,55,75
780.67,380.32,55,75
779.5,379.15,55,75
783.62,383.2,55,75
782.61,387.11,55,75
781.84,380.95,55,75
780.67,384.77,55,75
784.79,383.83,55,75
783.78,382.66,55,75
783.01,381.49,55,75
781.84,385.55,55,75
785.96,384.19,55,75
784.96,383.02,55,75
784.19,387.11,55,75
783.01,386.18,55,75
787.13,385.01,55,75
786.13,389.06,55,75
785.36,387.71,55,75
784.19,391.8,55,75
788.3,390.87,55,75
787.3,389.69,55,75
786.53,393.75,55,75
790.65,392.4,55,75
789.64,391.23,55,75
788.87,395.31,55,75
787.7,394.38,55,75
791.82,393.21,55,75
790.81,397.27,55,75
790.04,395.91,55,75
788.87,400,55,75
792.99,399.07,55,75
791.99,397.9,55,75
791.22,401.95,55,75
790.04,400.6,55,75
788.87,404.69,55,75
787.7,403.76,55,75
786.53,407.81,55,75
790.65,406.46,55,75
789.64,410.55,55,75
788.87,409.62,55,75
787.7,413.67,55,75
786.53,417.58,55,75
785.36,421.88,55,75
784.19,425.78,55,75
783.01,424.85,55,75
781.84,428.91,55,75
775.38,432.81,55,75
774.41,437.11,55,75
773.64,441.02,55,75
772.47,445.31,55,75
771.29,449.22,55,75
764.83,453.52,55,75
763.86,457.42,55,75
763.09,456.49,55,75
761.92,455.32,55,75
760.75,454.15,55,75
759.58,452.97,55,75
758.4,446.57,55,75
757.23,439.87,55,75
756.06,433.68,55,75
754.89,421.72,55,75
759.01,410.01,55,75
758,398.29,55,75
757.23,386.57,55,75
756.06,369.59,55,75
754.89,358.14,55,75
759.01,346.42,55,75
758,334.71,55,75
757.23,328.22,55,75
756.06,321.51,55,75
754.89,310.1,55,75
759.01,303.61,55,75
758,296.91,55,75
757.23,295.94,55,75
756.06,294.77,55,75
760.18,288.37,55,75
759.17,286.93,55,75
758.4,285.76,55,75
757.23,284.59,55,75
761.35,278.16,55,75
760.35,277.19,55,75
759.58,276.02,55,75
758.4,274.85,55,75
762.52,268.45,55,75
761.52,267.01,55,75
760.75,265.84,55,75
759.58,264.66,55,75
758.4,263.49,55,75
762.52,257.06,55,75
761.52,256.1,55,75
760.75,254.93,55,75
759.58,253.76,55,75
758.4,247.36,55,75
762.52,245.91,55,75
761.52,244.74,55,75
760.75,243.57,55,75
759.58,242.4,55,75
758.4,235.97,55,75
757.23,235.01,55,75
756.06,233.83,55,75
760.18,232.66,55,75
759.17,226.26,55,75
758.4,224.82,55,75
757.23,223.65,55,75
756.06,222.48,55,75
754.89,221.3,55,75
759.01,220.13,55,75
758,213.7,55,75
757.23,212.74,55,75
756.06,211.57,55,75
754.89,210.4,55,75
753.72,209.22,55,75
757.83,208.05,55,75
756.83,206.88,55,75
756.06,205.71,55,75
754.89,204.54,55,75
753.72,203.37,55,75
752.54,202.19,55,75
756.66,201.02,55,75
755.66,199.85,55,75
754.89,198.68,55,75
753.72,202.73,55,75
752.54,201.38,55,75
751.37,200.21,55,75
755.49,199.04,55,75
754.49,197.87,55,75
753.72,196.69,55,75
752.54,200.78,55,75
751.37,199.85,55,75
750.2,198.68,55,75
749.03,202.73,55,75
747.86,201.38,55,75
751.98,200.21,55,75
750.97,199.04,55,75
750.2,203.13,55,75
749.03,202.19,55,75
747.86,201.02,55,75
746.69,205.08,55,75
745.51,203.73,55,75
744.34,207.81,55,75
743.17,206.88,55,75
747.29,205.71,55,75
746.28,209.77,55,75
745.51,208.41,55,75
744.34,212.5,55,75
743.17,211.57,55,75
742,210.4,55,75
740.83,214.45,55,75
739.65,213.1,55,75
743.77,211.93,55,75
742.77,216.02,55,75
742,215.08,55,75
740.83,219.14,55,75
739.65,217.79,55,75
738.48,221.88,55,75
737.31,220.94,55,75
736.14,225,55,75
740.26,223.65,55,75
739.25,222.48,55,75
738.48,226.56,55,75
737.31,225.63,55,75
736.14,229.69,55,75
734.97,244.11,55,75
733.79,243.21,55,75
732.62,247.27,55,75
731.45,245.91,55,75
735.57,234.22,55,75
734.56,233.02,55,75
733.79,237.11,55,75
732.62,236.18,55,75
731.45,240.23,55,75
730.28,238.88,55,75
729.11,242.97,55,75
727.94,242.04,55,75
732.05,240.87,55,75
725.79,244.92,55,75
725.19,254.09,55,75
724.42,247.69,55,75
723.25,257.18,55,75
727.37,250.87,55,75
726.36,249.43,55,75
725.59,253.52,55,75
724.42,252.58,55,75
723.25,256.64,55,75
722.08,255.29,55,75
720.9,259.37,55,75
725.02,258.44,55,75
724.02,257.27,55,75
723.25,261.33,55,75
722.08,259.98,55,75
720.9,264.06,55,75
725.02,263.13,55,75
724.02,261.96,55,75
723.25,266.02,55,75
722.08,275.18,55,75
720.9,279.3,55,75
725.02,267.91,55,75
724.02,266.65,55,75
723.25,270.7,55,75
722.08,285.13,55,75
720.9,284.22,55,75
725.02,272.6,55,75
724.02,276.56,55,75
723.25,290.99,55,75
722.08,290.08,55,75
726.19,278.46,55,75
725.19,292.88,55,75
724.42,296.87,55,75
728.54,280.26,55,75
727.53,289.24,55,75
726.76,298.62,55,75
730.88,286.96,55,75
729.88,291.02,55,75
729.11,295.31,55,75
733.23,288.7,55,75
732.22,292.97,55,75
731.45,307.39,55,75
735.57,296.03,55,75
734.56,305.23,55,75
739.08,314.6,55,75
738.08,313.52,55,75
737.31,317.58,55,75
741.43,316.23,55,75
740.42,320.31,55,75
744.94,308.92,55,75
743.94,307.66,55,75
753.75,306.49,55,75
747.25,310.55,55,75
746.28,319.71,55,75
750.8,308.05,55,75
749.8,306.85,55,75
754.32,305.68,55,75
753.31,304.51,55,75
757.83,303.34,55,75
756.83,307.42,55,75
756.06,311.72,55,75
760.18,315.62,55,75
759.17,309.47,55,75
763.69,308.02,55,75
762.69,306.85,55,75
767.21,289.9,55,75
766.21,299.37,55,75
765.44,298.29,55,75
764.26,297.12,55,75
763.09,290.72,55,75
761.92,289.27,55,75
760.75,282.84,55,75
759.58,276.65,55,75
758.4,259.44,55,75
751.94,263.67,55,75
750.97,251.8,55,75
750.2,245.34,55,75
743.74,254.84,55,75
742.77,243.3,55,75
736.71,252.49,55,75
735.74,240.96,55,75
729.68,250.15,55,75
728.71,243.84,55,75
727.94,242.4,55,75
721.47,246.48,55,75
720.5,256.01,55,75
714.44,260.16,55,75
713.47,264.06,55,75
712.7,257.9,55,75
711.53,261.72,55,75
710.36,260.79,55,75
703.9,264.84,55,75
702.92,263.49,55,75
702.15,262.32,55,75
700.98,261.15,55,75
699.81,259.98,55,75
698.64,258.8,55,75
697.47,257.63,55,75
696.29,256.46,55,75
695.12,244.77,55,75
693.95,243.57,55,75
692.78,242.4,55,75
691.61,241.23,55,75
690.44,245.31,55,75
689.26,244.38,55,75
688.09,253.67,55,75
686.92,242.13,55,75
680.46,256.55,55,75
679.49,255.29,55,75
678.72,254.12,55,75
677.54,252.94,55,75
676.37,251.77,55,75
675.2,255.86,55,75
674.03,254.93,55,75
672.86,253.76,55,75
671.69,252.58,55,75
670.51,251.41,55,75
669.34,250.24,55,75
668.17,238.61,55,75
667,237.35,55,75
665.83,236.18,55,75
664.65,235.01,55,75
663.48,233.83,55,75
662.31,232.66,55,75
661.14,231.49,55,75
659.97,235.55,55,75
658.79,234.19,55,75
657.62,233.02,55,75
656.45,247.63,55,75
655.28,246.72,55,75
654.11,245.55,55,75
652.94,244.38,55,75
651.76,243.21,55,75
650.59,242.04,55,75
649.42,246.09,55,75
648.25,244.74,55,75
647.08,243.57,55,75
645.9,242.4,55,75
650.02,230.71,55,75
649.02,229.51,55,75
648.25,228.34,55,75
647.08,227.16,55,75
645.9,241.77,55,75
644.73,240.87,55,75
643.56,239.69,55,75
642.39,238.52,55,75
641.22,242.58,55,75
645.33,241.23,55,75
644.33,240.05,55,75
643.56,238.88,55,75
642.39,237.71,55,75
641.22,241.8,55,75
640.04,240.87,55,75
644.16,239.69,55,75
643.16,238.52,55,75
642.39,237.35,55,75
641.22,241.41,55,75
640.04,240.05,55,75
644.16,238.88,55,75
643.16,237.71,55,75
642.39,236.54,55,75
641.22,240.63,55,75
640.04,239.69,55,75
644.16,238.52,55,75
643.16,237.35,55,75
642.39,236.18,55,75
641.22,240.23,55,75
645.33,238.88,55,75
644.33,237.71,55,75
643.56,241.8,55,75
647.68,240.87,55,75
646.67,239.69,55,75
645.9,238.52,55,75
644.73,242.58,55,75
648.85,241.23,55,75
647.85,245.31,55,75
647.08,244.38,55,75
645.9,243.21,55,75
650.02,247.27,55,75
649.02,245.91,55,75
648.25,244.74,55,75
652.37,248.83,55,75
651.36,247.9,55,75
650.59,246.72,55,75
654.71,250.78,55,75
653.71,249.43,55,75
652.94,248.26,55,75
651.76,252.34,55,75
655.88,251.41,55,75
654.88,250.24,55,75
654.11,254.3,55,75
658.23,252.94,55,75
657.22,257.03,55,75
661.74,256.1,55,75
655.48,260.16,55,75
660.13,258.8,55,75
659.56,262.89,55,75
658.79,261.96,55,75
662.91,260.79,55,75
661.91,264.84,55,75
661.14,263.49,55,75
665.26,267.58,55,75
664.25,266.65,55,75
668.77,270.7,55,75
667.77,269.35,55,75
667,268.18,55,75
665.83,272.27,55,75
669.94,271.33,55,75
668.94,270.16,55,75
668.17,274.22,55,75
672.29,272.87,55,75
671.28,271.69,55,75
670.51,275.78,55,75
669.34,274.85,55,75
673.46,273.68,55,75
672.46,277.73,55,75
671.69,276.38,55,75
675.8,280.47,55,75
674.8,279.54,55,75
674.03,278.37,55,75
678.15,282.42,55,75
677.14,281.07,55,75
676.37,285.16,55,75
675.2,284.22,55,75
679.32,283.05,55,75
678.31,281.88,55,75
677.54,285.94,55,75
681.66,284.59,55,75
680.66,283.41,55,75
679.89,287.5,55,75
678.72,286.57,55,75
677.54,285.4,55,75
681.66,289.45,55,75
680.66,288.1,55,75
679.89,286.93,55,75
678.72,291.02,55,75
677.54,290.08,55,75
681.66,288.91,55,75
680.66,287.74,55,75
679.89,291.8,55,75
678.72,290.44,55,75
677.54,289.27,55,75
681.66,293.36,55,75
680.66,292.43,55,75
679.89,291.26,55,75
678.72,290.08,55,75
677.54,288.91,55,75
676.37,292.97,55,75
680.49,291.62,55,75
679.49,290.44,55,75
678.72,289.27,55,75
677.54,288.1,55,75
681.66,292.19,55,75
680.66,291.26,55,75
679.89,290.08,55,75
678.72,288.91,55,75
677.54,287.74,55,75
676.37,291.8,55,75
680.49,290.44,55,75
679.49,289.27,55,75
678.72,288.1,55,75
677.54,292.19,55,75
676.37,291.26,55,75
680.49,290.08,55,75
679.49,288.91,55,75
678.72,287.74,55,75
677.54,291.8,55,75
676.37,290.44,55,75
675.2,289.27,55,75
679.32,288.1,55,75
678.31,286.93,55,75
677.54,291.02,55,75
676.37,290.08,55,75
675.2,288.91,55,75
679.32,287.74,55,75
678.31,286.57,55,75
677.54,290.63,55,75
676.37,289.27,55,75
675.2,288.1,55,75
679.32,292.19,55,75
678.31,291.26,55,75
677.54,290.08,55,75
676.37,288.91,55,75
675.2,287.74,55,75
679.32,291.8,55,75
678.31,290.44,55,75
677.54,289.27,55,75
676.37,288.1,55,75
675.2,286.93,55,75
679.32,291.02,55,75
678.31,290.08,55,75
677.54,288.91,55,75
676.37,287.74,55,75
675.2,286.57,55,75
679.32,285.4,55,75
678.31,289.45,55,75
677.54,288.1,55,75
676.37,286.93,55,75
675.2,285.76,55,75
679.32,289.84,55,75
678.31,288.91,55,75
677.54,287.74,55,75
676.37,286.57,55,75
675.2,285.4,55,75
674.03,289.45,55,75
678.15,288.1,55,75
677.14,286.93,55,75
676.37,285.76,55,75
675.2,289.84,55,75
674.03,288.91,55,75
672.86,287.74,55,75
676.98,286.57,55,75
675.97,285.4,55,75
675.2,289.45,55,75
674.03,288.1,55,75
672.86,286.93,55,75
671.69,285.76,55,75
670.51,289.84,55,75
674.63,288.91,55,75
673.63,287.74,55,75
672.86,286.57,55,75
671.69,285.4,55,75
670.51,289.45,55,75
669.34,288.1,55,75
673.46,286.93,55,75
672.46,291.02,55,75
671.69,290.08,55,75
670.51,288.91,55,75
669.34,287.74,55,75
673.46,286.57,55,75
672.46,285.4,55,75
671.69,289.45,55,75
670.51,288.1,55,75
669.34,286.93,55,75
673.46,285.76,55,75
672.46,289.84,55,75
671.69,288.91,55,75
670.51,287.74,55,75
669.34,286.57,55,75
673.46,285.4,55,75
667.2,289.45,55,75
671.85,288.1,55,75
671.28,286.93,55,75
670.51,291.02,55,75
669.34,290.08,55,75
668.17,288.91,55,75
672.29,287.74,55,75
671.28,286.57,55,75
670.51,285.4,55,75
669.34,289.45,55,75
668.17,288.1,55,75
667,292.19,55,75
671.12,291.26,55,75
670.11,290.08,55,75
669.34,288.91,55,75
668.17,287.74,55,75
667,291.8,55,75
671.12,290.44,55,75
670.11,289.27,55,75
669.34,288.1,55,75
668.17,286.93,55,75
667,291.02,55,75
671.12,290.08,55,75
670.11,288.91,55,75
669.34,287.74,55,75
668.17,291.8,55,75
672.29,290.44,55,75
671.28,289.27,55,75
670.51,288.1,55,75
669.34,292.19,55,75
673.46,291.26,55,75
672.46,290.08,55,75
671.69,288.91,55,75
670.51,292.97,55,75
674.63,291.62,55,75
673.63,290.44,55,75
672.86,289.27,55,75
671.69,293.36,55,75
675.8,292.43,55,75
674.8,291.26,55,75
674.03,290.08,55,75
672.86,294.14,55,75
676.98,292.79,55,75
675.97,291.62,55,75
675.2,290.44,55,75
679.32,294.53,55,75
678.31,293.6,55,75
677.54,292.43,55,75
681.66,291.26,55,75
680.66,290.08,55,75
679.89,294.14,55,75
678.72,292.79,55,75
682.83,291.62,55,75
681.83,290.44,55,75
681.06,294.53,55,75
679.89,293.6,55,75
684.01,292.43,55,75
683,296.48,55,75
687.52,295.13,55,75
686.52,299.22,55,75
685.75,298.29,55,75
689.87,297.12,55,75
688.86,295.94,55,75
688.09,300,55,75
692.21,298.65,55,75
691.21,302.73,55,75
695.73,301.8,55,75
694.72,300.63,55,75
693.95,304.69,55,75
698.07,303.34,55,75
697.06,302.16,55,75
696.29,306.25,55,75
700.41,305.32,55,75
699.41,309.38,55,75
698.64,308.02,55,75
702.76,306.85,55,75
701.75,310.94,55,75
700.98,310.01,55,75
705.1,308.83,55,75
704.1,307.66,55,75
703.33,311.72,55,75
702.15,315.62,55,75
700.98,314.69,55,75
705.1,313.52,55,75
704.1,317.58,55,75
703.33,316.23,55,75
702.15,320.31,55,75
706.27,319.38,55,75
700.01,318.21,55,75
699.41,322.27,55,75
698.64,320.91,55,75
702.76,319.74,55,75
701.75,318.57,55,75
700.98,322.66,55,75
699.81,321.72,55,75
698.64,320.55,55,75
697.47,324.61,55,75
696.29,323.26,55,75
695.12,327.34,55,75
693.95,321.18,55,75
692.78,325,55,75
691.61,324.07,55,75
695.73,322.9,55,75
694.72,321.72,55,75
693.95,320.55,55,75
692.78,319.38,55,75
691.61,323.44,55,75
690.44,322.09,55,75
689.26,326.17,55,75
688.09,325.24,55,75
686.92,324.07,55,75
685.75,322.9,55,75
689.87,321.72,55,75
688.86,320.55,55,75
688.09,319.38,55,75
686.92,323.44,55,75
685.75,322.09,55,75
684.58,320.91,55,75
683.4,319.74,55,75
682.23,318.57,55,75
681.06,322.66,55,75
679.89,321.72,55,75
678.72,320.55,55,75
682.83,319.38,55,75
681.83,318.21,55,75
681.06,317.04,55,75
679.89,321.09,55,75
678.72,319.74,55,75
682.83,318.57,55,75
681.83,317.4,55,75
681.06,316.23,55,75
679.89,315.05,55,75
678.72,319.14,55,75
682.83,318.21,55,75
681.83,317.04,55,75
681.06,315.87,55,75
679.89,314.69,55,75
678.72,313.52,55,75
677.54,317.58,55,75
