315,158,29,15
314.57,157.47,29,15
313.05,157.73,29,15
312.57,157.47,29,15
312.78,159.45,29,15
312.57,159.73,29,15
312.78,157.76,29,15
312.57,157.47,29,15
312.78,157.73,29,15
312.57,157.47,29,15
312.78,159.45,29,15
314.29,159.73,29,15
313.57,159.47,29,15
313.78,158,29,15
313.57,157.47,29,15
313.78,157.73,29,15
315.29,159.18,29,15
316.29,160.18,29,15
317.29,159.47,29,15
316.57,159.73,29,15
318.51,159.47,29,15
318.78,159.73,29,15
320.29,159.47,29,15
321.29,159.73,29,15
322.29,159.47,29,15
321.57,159.73,29,15
321.78,159.47,29,15
321.57,161.45,29,15
321.78,161.73,29,15
321.57,161.47,29,15
320.05,161.73,29,15
319.57,161.47,29,15
319.78,161.73,29,15
319.57,161.47,29,15
319.78,161.73,29,15
321.29,161.47,29,15
322.29,163.45,29,15
323.29,163.73,29,15
322.57,163.47,29,15
324.51,163.73,29,15
323.05,161.76,29,15
324.29,163.18,29,15
325.29,162.47,29,15
324.57,162.73,29,15
326.51,162.47,29,15
326.78,162.73,29,15
326.57,162.47,29,15
326.78,162.73,29,15
326.57,162.47,29,15
326.78,164.45,29,15
326.57,164.73,29,15
328.51,164.47,29,15
328.78,166.45,29,15
330.29,165,29,15
331.29,164.47,29,15
330.57,164.73,29,15
332.51,164.47,29,15
332.78,164.73,29,15
334.29,164.47,29,15
335.29,166.45,29,15
334.57,165,29,15
336.51,166.18,29,15
336.78,165.47,29,15
336.57,165.73,29,15
338.51,167.18,29,15
338.78,166.47,29,15
340.29,168.45,29,15
341.29,167,29,15
342.29,166.47,29,15
343.29,166.73,29,15
342.57,166.47,29,15
344.51,166.73,29,15
346.51,168.18,29,15
346.78,167.47,29,15
346.57,167.73,29,15
346.78,167.47,29,15
346.57,166,29,15
346.78,165.47,29,15
346.57,165.73,29,15
346.78,165.47,29,15
348.29,165.73,29,15
349.29,167.18,29,15
350.29,168.18,29,15
351.29,167.47,29,15
352.29,169.45,29,15
355,169.73,29,15
356.29,169.47,29,15
357.29,169.73,29,15
358.29,169.47,29,15
359.29,169.73,29,15
360.29,169.47,29,15
359.57,168,29,15
359.78,167.47,29,15
359.57,167.73,29,15
359.78,167.47,29,15
361.29,169.45,29,15
360.57,169.73,29,15
360.78,169.47,29,15
360.57,169.73,29,15
359.05,167.76,29,15
358.57,167.47,29,15
358.78,167.73,29,15
358.57,167.47,29,15
358.78,167.73,29,15
358.57,167.47,29,15
358.78,169.45,29,15
358.57,168,29,15
360.51,167.47,29,15
360.78,169.45,29,15
360.57,169.73,29,15
360.78,169.47,29,15
360.57,169.73,29,15
360.78,167.76,29,15
360.57,169.18,29,15
360.78,168.47,29,15
360.57,168.73,29,15
360.78,168.47,29,15
360.57,168.73,29,15
360.78,168.47,29,15
360.57,168.73,29,15
360.78,168.47,29,15
360.57,168.73,29,15
360.78,168.47,29,15
360.57,168.73,29,15
360.78,168.47,29,15
360.57,168.73,29,15
360.78,168.47,29,15
360.57,170.45,29,15
360.78,170.73,29,15
360.57,170.47,29,15
360.78,170.73,29,15
362.29,170.47,29,15
361.57,170.73,29,15
361.78,170.47,29,15
361.57,169,29,15
361.78,170.18,29,15
361.57,169.47,29,15
363.51,169.73,29,15
363.78,169.47,29,15
363.57,171.45,29,15
363.78,171.73,29,15
363.57,171.47,29,15
363.78,170,29,15
363.57,169.47,29,15
363.78,169.73,29,15
363.57,169.47,29,15
363.78,169.73,29,15
361.86,171.18,29,15
361.57,170.47,29,15
361.78,170.73,29,15
361.57,170.47,29,15
361.78,170.73,29,15
361.57,170.47,29,15
361.78,170.73,29,15
361.57,170.47,29,15
361.78,170.73,29,15
361.57,170.47,29,15
361.78,170.73,29,15
361.57,170.47,29,15
361.78,170.73,29,15
361.57,168.76,29,15
361.78,168.47,29,15
361.57,170.45,29,15
361.78,170.73,29,15
361.57,170.47,29,15
361.78,170.73,29,15
361.57,170.47,29,15
361.78,170.73,29,15
363.29,168.76,29,15
362.57,168.47,29,15
362.78,170.45,29,15
362.57,170.73,29,15
362.78,170.47,29,15
362.57,172.45,29,15
364.51,171,29,15
364.78,170.47,29,15
364.57,170.73,29,15
364.78,170.47,29,15
364.57,169,29,15
364.78,168.47,29,15
364.57,170.45,29,15
364.78,170.73,29,15
364.57,170.47,29,15
364.78,170.73,29,15
364.57,170.47,29,15
366.51,170.73,29,15
366.78,170.47,29,15
366.57,170.73,29,15
366.78,170.47,29,15
366.57,170.73,29,15
366.78,170.47,29,15
366.57,170.73,29,15
366.78,170.47,29,15
366.57,170.73,29,15
366.78,170.47,29,15
366.57,170.73,29,15
366.78,170.47,29,15
366.57,172.45,29,15
366.78,172.73,29,15
366.57,172.47,29,15
366.78,171,29,15
366.57,170.47,29,15
366.78,170.73,29,15
366.57,170.47,29,15
366.78,169,29,15
366.57,170.18,29,15
365.05,169.47,29,15
364.57,171.45,29,15
364.78,171.73,29,15
364.57,171.47,29,15
364.78,171.73,29,15
364.57,171.47,29,15
364.78,171.73,29,15
364.57,171.47,29,15
363.05,170,29,15
362.57,169.47,29,15
362.78,169.73,29,15
360.86,169.47,29,15
360.57,171.45,29,15
359.05,171.73,29,15
358.57,171.47,29,15
358.78,170,29,15
358.57,169.47,29,15
357.05,171.45,29,15
356.57,170,29,15
356.78,171.18,29,15
356.57,170.47,29,15
355.05,170.73,29,15
354.57,168.76,29,15
354.78,168.47,29,15
352.86,168.73,29,15
352.57,168.47,29,15
352.78,168.73,29,15
352.57,168.47,29,15
351.05,168.73,29,15
350.57,168.47,29,15
350.78,168.73,29,15
348.86,168.47,29,15
348.57,168.73,29,15
348.78,168.47,29,15
348.57,168.73,29,15
347.05,168.47,29,15
346.57,167,29,15
346.78,166.47,29,15
346.57,166.73,29,15
346.78,166.47,29,15
344.86,168.45,29,15
344.57,168.73,29,15
344.78,168.47,29,15
342.86,168.73,29,15
342.57,166.76,29,15
341.05,166.47,29,15
340.57,166.73,29,15
339.05,166.47,29,15
338.57,166.73,29,15
338.78,168.18,29,15
338.57,167.47,29,15
337.05,167.73,29,15
336.57,167.47,29,15
335.05,167.73,29,15
332.86,167.47,29,15
332.57,166,29,15
331.05,165.47,29,15
330.57,167.45,29,15
329.05,167.73,29,15
328.57,167.47,29,15
327.05,167.73,29,15
324.86,167.47,29,15
324.57,167.73,29,15
323.05,165.76,29,15
322.57,167.18,29,15
321.05,166.47,29,15
320.57,168.45,29,15
319.05,168.73,29,15
316.86,168.47,29,15
314.86,168.73,29,15
312.86,166.76,29,15
312.57,166.47,29,15
311.05,165,29,15
310.57,164.47,29,15
310.78,166.45,29,15
312.29,166.73,29,15
311.57,168.18,29,15
311.78,167.47,29,15
309.86,167.73,29,15
309.57,165.76,29,15
308.05,165.47,29,15
307.57,165.73,29,15
306.05,165.47,29,15
305.57,165.73,29,15
304.05,165.47,29,15
301.86,165.73,29,15
301.57,165.47,29,15
300.05,164,29,15
299.57,163.47,29,15
299.78,163.73,29,15
301.29,165.18,29,15
302.29,166.18,29,15
301.57,165.47,29,15
301.78,165.73,29,15
301.57,165.47,29,15
301.78,164,29,15
301.57,163.47,29,15
300.05,163.73,29,15
299.57,165.18,29,15
299.78,164.47,29,15
299.57,164.73,29,15
299.78,164.47,29,15
297.86,164.73,29,15
297.57,164.47,29,15
297.78,163,29,15
297.57,162.47,29,15
297.78,162.73,29,15
299.29,164.18,29,15
300.29,163.47,29,15
301.29,163.73,29,15
302.29,165.18,29,15
303.29,164.47,29,15
302.57,164.73,29,15
302.78,164.47,29,15
302.57,164.73,29,15
304.51,164.47,29,15
304.78,164.73,29,15
304.57,164.47,29,15
304.78,164.73,29,15
304.57,164.47,29,15
303.05,164.73,29,15
302.57,162.76,29,15
301.05,162.47,29,15
300.57,162.73,29,15
300.78,164.18,29,15
300.57,163.47,29,15
300.78,163.73,29,15
302.29,165.18,29,15
301.57,164.47,29,15
303.51,164.73,29,15
303.78,164.47,29,15
303.57,164.73,29,15
305.51,162.76,29,15
305.78,162.47,29,15
305.57,162.73,29,15
305.78,164.18,29,15
307.29,163.47,29,15
306.57,165.45,29,15
306.78,165.73,29,15
306.57,165.47,29,15
306.78,165.73,29,15
306.57,163.76,29,15
306.78,163.47,29,15
306.57,163.73,29,15
306.78,163.47,29,15
306.57,163.73,29,15
306.78,165.18,29,15
306.57,164.47,29,15
306.78,164.73,29,15
306.57,164.47,29,15
306.78,164.73,29,15
304.86,164.47,29,15
304.57,164.73,29,15
304.78,164.47,29,15
304.57,164.73,29,15
304.78,164.47,29,15
304.57,164.73,29,15
304.78,166.18,29,15
304.57,165.47,29,15
304.78,165.73,29,15
304.57,165.47,29,15
304.78,165.73,29,15
304.57,163.76,29,15
304.78,165.18,29,15
304.57,164.47,29,15
306.51,164.73,29,15
306.78,164.47,29,15
306.57,164.73,29,15
306.78,164.47,29,15
308.29,164.73,29,15
307.57,166.18,29,15
309.51,165.47,29,15
309.78,165.73,29,15
309.57,165.47,29,15
309.78,165.73,29,15
309.57,165.47,29,15
309.78,165.73,29,15
309.57,165.47,29,15
309.78,165.73,29,15
309.57,165.47,29,15
309.78,165.73,29,15
309.57,165.47,29,15
309.78,165.73,29,15
309.57,165.47,29,15
309.78,167.45,29,15
309.57,167.73,29,15
308.05,167.47,29,15
307.57,166,29,15
306.05,165.47,29,15
303.86,165.73,29,15
301.86,165.47,29,15
301.57,165.73,29,15
301.78,167.18,29,15
299.86,168.18,29,15
301.29,167.47,29,15
300.57,167.73,29,15
300.78,167.47,29,15
300.57,166,29,15
300.78,165.47,29,15
300.57,165.73,29,15
300.78,165.47,29,15
302.29,167.45,29,15
301.57,167.73,29,15
301.78,167.47,29,15
301.57,166,29,15
301.78,165.47,29,15
301.57,167.45,29,15
301.78,167.73,29,15
301.57,169.18,29,15
301.78,168.47,29,15
299.86,168.73,29,15
299.57,166.76,29,15
299.78,164.76,29,15
297.86,166.18,29,15
299.29,167.18,29,15
298.57,168.18,29,15
298.78,169.18,29,15
298.57,168.47,29,15
298.78,167,29,15
298.57,166.47,29,15
298.78,165,29,15
298.57,166.18,29,15
300.51,167.18,29,15
300.78,168.18,29,15
300.57,169.18,29,15
300.78,168.47,29,15
302.29,168.73,29,15
301.57,168.47,29,15
301.78,167,29,15
301.57,166.47,29,15
301.78,165,29,15
301.57,164.47,29,15
301.78,164.73,29,15
301.57,166.18,29,15
303.51,165.47,29,15
303.78,167.45,29,15
303.57,167.73,29,15
303.78,167.47,29,15
303.57,167.73,29,15
303.78,167.47,29,15
305.29,167.73,29,15
304.57,167.47,29,15
306.51,167.73,29,15
306.78,167.47,29,15
306.57,167.73,29,15
306.78,167.47,29,15
306.57,167.73,29,15
308.51,165.76,29,15
308.78,167.18,29,15
310.29,166.47,29,15
311.29,166.73,29,15
312.29,166.47,29,15
313.29,166.73,29,15
314.29,166.47,29,15
315.29,166.73,29,15
314.57,166.47,29,15
314.78,166.73,29,15
314.57,166.47,29,15
314.78,166.73,29,15
316.29,166.47,29,15
315.57,168.45,29,15
315.78,167,29,15
315.57,166.47,29,15
314.05,166.73,29,15
311.86,166.47,29,15
311.57,166.73,29,15
311.78,166.47,29,15
311.57,166.73,29,15
313.51,166.47,29,15
313.78,166.73,29,15
313.57,166.47,29,15
315.51,168.45,29,15
315.78,168.73,29,15
317.29,168.47,29,15
318.29,167,29,15
319.29,166.47,29,15
320.29,166.73,29,15
319.57,166.47,29,15
321.51,168.45,29,15
321.78,168.73,29,15
321.57,168.47,29,15
323.51,168.73,29,15
323.78,168.47,29,15
323.57,168.73,29,15
323.78,168.47,29,15
323.57,168.73,29,15
323.78,168.47,29,15
323.57,168.73,29,15
325.51,168.47,29,15
325.78,168.73,29,15
327.29,168.47,29,15
326.57,168.73,29,15
328.51,168.47,29,15
328.78,170.45,29,15
328.57,170.73,29,15
330.51,170.47,29,15
329.05,170.73,29,15
328.57,168.76,29,15
328.78,168.47,29,15
328.57,168.73,29,15
328.78,168.47,29,15
328.57,168.73,29,15
330.51,168.47,29,15
330.78,170.45,29,15
330.57,170.73,29,15
330.78,172.18,29,15
330.57,171.47,29,15
330.78,171.73,29,15
330.57,169.76,29,15
329.05,169.47,29,15
328.57,169.73,29,15
328.78,169.47,29,15
326.86,169.73,29,15
326.57,169.47,29,15
325.05,169.73,29,15
324.57,169.47,29,15
324.78,169.73,29,15
322.86,169.47,29,15
320.86,169.73,29,15
320.57,167.76,29,15
320.78,167.47,29,15
318.86,169.45,29,15
318.57,169.73,29,15
317.05,169.47,29,15
314.86,169.73,29,15
314.57,167.76,29,15
313.05,169.18,29,15
312.57,168.47,29,15
312.78,170.45,29,15
310.86,170.73,29,15
310.57,170.47,29,15
309.05,170.73,29,15
308.57,170.47,29,15
308.78,170.73,29,15
306.86,170.47,29,15
306.57,170.73,29,15
305.05,168.76,29,15
304.57,168.47,29,15
303.05,168.73,29,15
302.57,168.47,29,15
301.05,168.73,29,15
300.57,170.18,29,15
300.78,169.47,29,15
300.57,169.73,29,15
299.05,169.47,29,15
298.57,169.73,29,15
297.05,169.47,29,15
296.57,169.73,29,15
295.05,169.47,29,15
294.57,169.73,29,15
294.78,169.47,29,15
294.57,169.73,29,15
294.78,169.47,29,15
292.86,169.73,29,15
292.57,169.47,29,15
292.78,169.73,29,15
292.57,169.47,29,15
291.05,169.73,29,15
292.29,169.47,29,15
291.57,169.73,29,15
291.78,169.47,29,15
289.86,169.73,29,15
289.57,169.47,29,15
289.78,168,29,15
289.57,167.47,29,15
289.78,169.45,29,15
289.57,169.73,29,15
289.78,167.76,29,15
289.57,167.47,29,15
289.78,167.73,29,15
289.57,167.47,29,15
289.78,167.73,29,15
289.57,167.47,29,15
289.78,167.73,29,15
289.57,167.47,29,15
289.78,167.73,29,15
289.57,167.47,29,15
289.78,167.73,29,15
289.57,167.47,29,15
289.78,166,29,15
289.57,165.47,29,15
289.78,165.73,29,15
289.57,167.18,29,15
291.51,166.47,29,15
291.78,166.73,29,15
291.57,166.47,29,15
291.78,168.45,29,15
291.57,167,29,15
291.78,166.47,29,15
291.57,166.73,29,15
291.78,168.18,29,15
291.57,169.18,29,15
293.51,168.47,29,15
293.78,170.45,29,15
295.29,169,29,15
294.57,168.47,29,15
296.51,168.73,29,15
296.78,168.47,29,15
296.57,168.73,29,15
296.78,168.47,29,15
296.57,170.45,29,15
298.51,169,29,15
298.78,168.47,29,15
298.57,167,29,15
298.78,168.18,29,15
298.57,167.47,29,15
298.78,169.45,29,15
298.57,169.73,29,15
298.78,169.47,29,15
300.29,169.73,29,15
299.57,169.47,29,15
301.51,169.73,29,15
301.78,169.47,29,15
301.57,169.73,29,15
301.78,169.47,29,15
301.57,169.73,29,15
303.51,169.47,29,15
303.78,169.73,29,15
303.57,169.47,29,15
303.78,169.73,29,15
305.29,167.76,29,15
304.57,167.47,29,15
304.78,167.73,29,15
306.29,167.47,29,15
307.29,167.73,29,15
306.57,167.47,29,15
308.51,169.45,29,15
308.78,169.73,29,15
308.57,169.47,29,15
310.51,169.73,29,15
310.78,167.76,29,15
310.57,167.47,29,15
310.78,167.73,29,15
310.57,167.47,29,15
310.78,167.73,29,15
312.29,167.47,29,15
311.57,169.45,29,15
313.51,169.73,29,15
313.78,169.47,29,15
313.57,169.73,29,15
315.51,167.76,29,15
314.05,167.47,29,15
315.29,167.73,29,15
314.57,167.47,29,15
314.78,167.73,29,15
316.29,167.47,29,15
315.57,169.45,29,15
315.78,169.73,29,15
317.29,169.47,29,15
316.57,169.73,29,15
316.78,169.47,29,15
318.29,169.73,29,15
319.29,169.47,29,15
318.57,169.73,29,15
318.78,169.47,29,15
318.57,168,29,15
318.78,167.47,29,15
318.57,167.73,29,15
318.78,167.47,29,15
318.57,167.73,29,15
318.78,167.47,29,15
318.57,167.73,29,15
318.78,167.47,29,15
318.57,167.73,29,15
318.78,167.47,29,15
318.57,167.73,29,15
318.78,167.47,29,15
318.57,167.73,29,15
318.78,167.47,29,15
320.29,167.73,29,15
319.57,167.47,29,15
321.51,167.73,29,15
321.78,165.76,29,15
321.57,165.47,29,15
321.78,165.73,29,15
321.57,167.18,29,15
323.51,166.47,29,15
323.78,166.73,29,15
323.57,166.47,29,15
323.78,166.73,29,15
323.57,166.47,29,15
323.78,166.73,29,15
323.57,168.18,29,15
323.78,167.47,29,15
323.57,167.73,29,15
325.51,167.47,29,15
325.78,167.73,29,15
325.57,169.18,29,15
325.78,168.47,29,15
323.86,168.73,29,15
323.57,168.47,29,15
323.78,168.73,29,15
323.57,168.47,29,15
322.05,168.73,29,15
321.57,168.47,29,15
321.78,168.73,29,15
321.57,168.47,29,15
320.05,168.73,29,15
319.57,168.47,29,15
319.78,168.73,29,15
319.57,168.47,29,15
318.05,168.73,29,15
317.57,168.47,29,15
317.78,168.73,29,15
317.57,168.47,29,15
317.78,168.73,29,15
315.86,168.47,29,15
315.57,168.73,29,15
315.78,168.47,29,15
315.57,168.73,29,15
315.78,168.47,29,15
315.57,168.73,29,15
315.78,168.47,29,15
315.57,168.73,29,15
314.05,168.47,29,15
313.57,168.73,29,15
313.78,168.47,29,15
311.86,168.73,29,15
311.57,168.47,29,15
311.78,168.73,29,15
311.57,168.47,29,15
310.05,168.73,29,15
309.57,168.47,29,15
309.78,168.73,29,15
309.57,168.47,29,15
308.05,168.73,29,15
307.57,166.76,29,15
307.78,166.47,29,15
305.86,166.73,29,15
305.57,164.76,29,15
305.78,166.18,29,15
305.57,165.47,29,15
305.78,167.45,29,15
305.57,167.73,29,15
305.78,167.47,29,15
305.57,167.73,29,15
305.78,167.47,29,15
303.86,167.73,29,15
305.29,167.47,29,15
304.57,167.73,29,15
304.78,167.47,29,15
304.57,167.73,29,15
304.78,167.47,29,15
304.57,167.73,29,15
304.78,167.47,29,15
304.57,167.73,29,15
303.05,167.47,29,15
302.57,167.73,29,15
301.05,167.47,29,15
300.57,167.73,29,15
299.05,165.76,29,15
298.57,165.47,29,15
297.05,165.73,29,15
296.57,165.47,29,15
296.78,165.73,29,15
296.57,165.47,29,15
296.78,165.73,29,15
296.57,163.76,29,15
296.78,163.47,29,15
296.57,165.45,29,15
298.51,165.73,29,15
298.78,165.47,29,15
298.57,165.73,29,15
298.78,165.47,29,15
298.57,165.73,29,15
298.78,163.76,29,15
298.57,163.47,29,15
297.05,163.73,29,15
296.57,163.47,29,15
298.51,162,29,15
298.78,163.18,29,15
298.57,164.18,29,15
297.05,163.47,29,15
296.57,162,29,15
296.78,161.47,29,15
296.57,161.73,29,15
296.78,161.47,29,15
294.86,161.73,29,15
294.57,161.47,29,15
294.78,161.73,29,15
294.57,161.47,29,15
294.78,161.73,29,15
294.57,161.47,29,15
294.78,163.45,29,15
294.57,162,29,15
294.78,161.47,29,15
294.57,161.73,29,15
294.78,161.47,29,15
294.57,161.73,29,15
294.78,161.47,29,15
296.29,161.73,29,15
297.29,161.47,29,15
298.29,161.73,29,15
299.29,161.47,29,15
298.57,161.73,29,15
298.78,161.47,29,15
300.29,161.73,29,15
299.57,161.47,29,15
301.51,161.73,29,15
301.78,163.18,29,15
303.29,162.47,29,15
302.57,162.73,29,15
302.78,162.47,29,15
302.57,162.73,29,15
302.78,160.76,29,15
302.57,162.18,29,15
304.51,161.47,29,15
303.05,161.73,29,15
302.57,161.47,29,15
302.78,161.73,29,15
302.57,161.47,29,15
304.51,161.73,29,15
304.78,163.18,29,15
304.57,162.47,29,15
304.78,162.73,29,15
304.57,162.47,29,15
304.78,162.73,29,15
306.29,162.47,29,15
305.57,162.73,29,15
307.51,162.47,29,15
307.78,162.73,29,15
307.57,162.47,29,15
307.78,162.73,29,15
309.29,162.47,29,15
308.57,162.73,29,15
310.51,162.47,29,15
310.78,162.73,29,15
310.57,162.47,29,15
310.78,162.73,29,15
310.57,162.47,29,15
310.78,162.73,29,15
312.29,162.47,29,15
311.57,162.73,29,15
311.78,162.47,29,15
313.29,162.73,29,15
312.57,162.47,29,15
314.51,162.73,29,15
314.78,162.47,29,15
314.57,162.73,29,15
316.51,164.18,29,15
316.78,165.18,29,15
318.29,164.47,29,15
317.57,164.73,29,15
317.78,162.76,29,15
317.57,162.47,29,15
317.78,161,29,15
319.29,162.18,29,15
320.29,163.18,29,15
321.29,164.18,29,15
322.29,165.18,29,15
323.29,164.47,29,15
322.57,164.73,29,15
322.78,162.76,29,15
322.57,162.47,29,15
322.78,161,29,15
324.29,160.47,29,15
325.29,162.45,29,15
328,164.45,29,15
329.29,166.45,29,15
330.29,166.73,29,15
331.29,166.47,29,15
330.57,165,29,15
330.78,164.47,29,15
332.29,163,29,15
333.29,162.47,29,15
334.29,162.73,29,15
335.29,162.47,29,15
334.57,164.45,29,15
336.51,164.73,29,15
338.51,164.47,29,15
338.78,164.73,29,15
340.29,164.47,29,15
339.57,164.73,29,15
339.78,164.47,29,15
339.57,163,29,15
341.51,162.47,29,15
341.78,164.45,29,15
343.29,164.73,29,15
344.29,164.47,29,15
343.57,164.73,29,15
345.51,164.47,29,15
345.78,164.73,29,15
345.57,166.18,29,15
347.51,165.47,29,15
349.51,165.73,29,15
349.78,165.47,29,15
349.57,165.73,29,15
349.78,165.47,29,15
349.57,164,29,15
351.51,163.47,29,15
351.78,163.73,29,15
351.57,165.18,29,15
353.51,164.47,29,15
353.78,166.45,29,15
353.57,166.73,29,15
353.78,166.47,29,15
355.29,166.73,29,15
354.57,166.47,29,15
354.78,166.73,29,15
356.29,166.47,29,15
357.29,166.73,29,15
356.57,166.47,29,15
358.51,166.73,29,15
357.05,166.47,29,15
358.29,166.73,29,15
357.57,166.47,29,15
359.51,166.73,29,15
359.78,166.47,29,15
359.57,166.73,29,15
359.78,166.47,29,15
359.57,166.73,29,15
359.78,166.47,29,15
359.57,166.73,29,15
363.24,166.47,29,15
364.29,166.73,29,15
365.29,166.47,29,15
366.29,166.73,29,15
365.57,166.47,29,15
365.78,166.73,29,15
367.29,166.47,29,15
368.29,166.73,29,15
367.57,166.47,29,15
367.78,166.73,29,15
365.86,166.47,29,15
365.57,166.73,29,15
367.51,166.47,29,15
367.78,166.73,29,15
367.57,168.18,29,15
367.78,167.47,29,15
367.57,167.73,29,15
367.78,169.18,29,15
367.57,170.18,29,15
367.78,169.47,29,15
367.57,169.73,29,15
367.78,169.47,29,15
367.57,169.73,29,15
366.05,169.47,29,15
365.57,169.73,29,15
365.78,169.47,29,15
363.86,171.45,29,15
361.86,171.73,29,15
361.57,171.47,29,15
361.78,171.73,29,15
361.57,171.47,29,15
361.78,171.73,29,15
365,171.47,29,15
364.57,171.73,29,15
364.78,171.47,29,15
362.86,173.45,29,15
362.57,173.73,29,15
362.78,173.47,29,15
362.57,172,29,15
362.78,171.47,29,15
362.57,171.73,29,15
364.51,171.47,29,15
361.32,173.45,29,15
364,172,29,15
363.57,171.47,29,15
362.05,171.73,29,15
361.57,171.47,29,15
361.78,173.45,29,15
361.57,173.73,29,15
361.78,173.47,29,15
361.57,173.73,29,15
360.05,173.47,29,15
359.57,172,29,15
359.78,171.47,29,15
359.57,171.73,29,15
359.78,171.47,29,15
357.86,173.45,29,15
357.57,172,29,15
357.78,173.18,29,15
357.57,172.47,29,15
357.78,172.73,29,15
355.86,174.18,29,15
355.57,175.18,29,15
355.78,174.47,29,15
353.86,174.73,29,15
353.57,174.47,29,15
352.05,174.73,29,15
351.57,172.76,29,15
351.78,174.18,29,15
351.57,173.47,29,15
350.05,175.45,29,15
346.14,175.73,29,15
345.57,175.47,29,15
344.05,175.73,29,15
340.14,175.47,29,15
341.29,174,29,15
338.86,173.47,29,15
333.43,173.73,29,15
333.78,173.47,29,15
335.29,173.73,29,15
334.57,175.18,29,15
333.05,176.18,29,15
332.57,177.18,29,15
332.78,176.47,29,15
330.86,176.73,29,15
330.57,174.76,29,15
329.05,174.47,29,15
328.57,174.73,29,15
328.78,176.18,29,15
328.57,175.47,29,15
328.78,175.73,29,15
326.86,175.47,29,15
326.57,175.73,29,15
325.05,175.47,29,15
322.86,175.73,29,15
320.86,175.47,29,15
318.86,175.73,29,15
318.57,175.47,29,15
315.32,175.73,29,15
312.86,175.47,29,15
310.86,174,29,15
308.86,173.47,29,15
306.86,173.73,29,15
306.57,173.47,29,15
306.78,173.73,29,15
306.57,173.47,29,15
306.78,173.73,29,15
306.57,175.18,29,15
308.51,174.47,29,15
308.78,174.73,29,15
308.57,176.18,29,15
310.51,175.47,29,15
310.78,175.73,29,15
310.57,175.47,29,15
310.78,175.73,29,15
308.86,175.47,29,15
308.57,175.73,29,15
308.78,175.47,29,15
306.86,175.73,29,15
306.57,175.47,29,15
306.78,175.73,29,15
304.86,175.47,29,15
304.57,175.73,29,15
304.78,175.47,29,15
304.57,175.73,29,15
304.78,175.47,29,15
304.57,175.73,29,15
304.78,175.47,29,15
304.57,175.73,29,15
304.78,175.47,29,15
306.29,175.73,29,15
305.57,175.47,29,15
305.78,175.73,29,15
305.57,175.47,29,15
305.78,175.73,29,15
305.57,175.47,29,15
305.78,175.73,29,15
307.29,175.47,29,15
306.57,175.73,29,15
306.78,175.47,29,15
306.57,175.73,29,15
306.78,175.47,29,15
306.57,175.73,29,15
306.78,175.47,29,15
306.57,175.73,29,15
306.78,175.47,29,15
306.57,174,29,15
306.78,175.18,29,15
306.57,174.47,29,15
306.78,176.45,29,15
306.57,176.73,29,15
306.78,174.76,29,15
306.57,174.47,29,15
306.78,174.73,29,15
306.57,174.47,29,15
306.78,174.73,29,15
306.57,176.18,29,15
306.78,177.18,29,15
306.57,178.18,29,15
305.05,177.47,29,15
306.29,176,29,15
305.57,175.47,29,15
305.78,174,29,15
303.86,173.47,29,15
303.57,173.73,29,15
302.05,175.18,29,15
301.57,174.47,29,15
301.78,174.73,29,15
301.57,174.47,29,15
301.78,174.73,29,15
301.57,174.47,29,15
301.78,174.73,29,15
301.57,174.47,29,15
301.78,176.45,29,15
301.57,175,29,15
301.78,174.47,29,15
301.57,174.73,29,15
301.78,174.47,29,15
301.57,174.73,29,15
301.78,174.47,29,15
301.57,174.73,29,15
301.78,176.18,29,15
301.57,175.47,29,15
301.78,175.73,29,15
301.57,175.47,29,15
301.78,175.73,29,15
301.57,173.76,29,15
301.78,173.47,29,15
301.57,173.73,29,15
301.78,173.47,29,15
301.57,173.73,29,15
301.78,173.47,29,15
301.57,173.73,29,15
301.78,175.18,29,15
301.57,174.47,29,15
301.78,174.73,29,15
303.29,174.47,29,15
302.57,174.73,29,15
304.51,174.47,29,15
304.78,174.73,29,15
304.57,174.47,29,15
304.78,174.73,29,15
304.57,172.76,29,15
304.78,172.47,29,15
304.57,174.45,29,15
304.78,174.73,29,15
304.57,174.47,29,15
306.51,174.73,29,15
306.78,174.47,29,15
306.57,174.73,29,15
308.51,174.47,29,15
308.78,174.73,29,15
308.57,172.76,29,15
310.51,172.47,29,15
310.78,174.45,29,15
310.57,174.73,29,15
310.78,174.47,29,15
310.57,174.73,29,15
310.78,174.47,29,15
312.29,173,29,15
311.57,174.18,29,15
313.51,173.47,29,15
313.78,173.73,29,15
313.57,173.47,29,15
315.51,173.73,29,15
315.78,173.47,29,15
315.57,173.73,29,15
315.78,173.47,29,15
315.57,173.73,29,15
315.78,173.47,29,15
315.57,173.73,29,15
315.78,173.47,29,15
315.57,172,29,15
315.78,173.18,29,15
315.57,172.47,29,15
315.78,172.73,29,15
315.57,174.18,29,15
315.78,173.47,29,15
315.57,173.73,29,15
314.05,173.47,29,15
315.29,172,29,15
312.86,171.47,29,15
312.57,171.73,29,15
312.78,171.47,29,15
314.29,171.73,29,15
313.57,173.18,29,15
313.78,172.47,29,15
313.57,172.73,29,15
313.78,172.47,29,15
313.57,172.73,29,15
313.78,172.47,29,15
311.86,172.73,29,15
311.57,172.47,29,15
311.78,172.73,29,15
313.29,172.47,29,15
312.57,172.73,29,15
312.78,172.47,29,15
310.86,172.73,29,15
310.57,172.47,29,15
309.05,172.73,29,15
308.57,172.47,29,15
308.78,171,29,15
308.57,172.18,29,15
308.78,171.47,29,15
308.57,171.73,29,15
308.78,171.47,29,15
308.57,171.73,29,15
307.05,171.47,29,15
306.57,171.73,29,15
306.78,171.47,29,15
308.29,171.73,29,15
307.57,173.18,29,15
307.78,172.47,29,15
307.57,172.73,29,15
306.05,172.47,29,15
303.86,172.73,29,15
303.57,170.76,29,15
302.05,170.47,29,15
301.57,170.73,29,15
300.05,172.18,29,15
297.86,173.18,29,15
297.57,172.47,29,15
297.78,171,29,15
295.86,170.47,29,15
295.57,170.73,29,15
295.78,170.47,29,15
297.29,170.73,29,15
298.29,170.47,29,15
299.29,170.73,29,15
298.57,170.47,29,15
298.78,170.73,29,15
298.57,170.47,29,15
297.05,170.73,29,15
296.57,170.47,29,15
296.78,170.73,29,15
296.57,170.47,29,15
296.78,170.73,29,15
294.86,170.47,29,15
292.86,170.73,29,15
292.57,170.47,29,15
291.05,169,29,15
290.57,168.47,29,15
292.51,168.73,29,15
292.78,170.18,29,15
290.86,171.18,29,15
294,170.47,29,15
293.57,170.73,29,15
293.78,170.47,29,15
293.57,170.73,29,15
293.78,168.76,29,15
293.57,168.47,29,15
295.51,168.73,29,15
295.78,170.18,29,15
295.57,171.18,29,15
297.51,170.47,29,15
297.78,170.73,29,15
297.57,170.47,29,15
296.05,170.73,29,15
295.57,168.76,29,15
295.78,168.47,29,15
295.57,168.73,29,15
295.78,170.18,29,15
297.29,171.18,29,15
296.57,172.18,29,15
296.78,171.47,29,15
296.57,171.73,29,15
296.78,169.76,29,15
296.57,169.47,29,15
295.05,171.45,29,15
296.29,171.73,29,15
297.29,171.47,29,15
296.57,171.73,29,15
296.78,173.18,29,15
296.57,172.47,29,15
296.78,172.73,29,15
298.29,172.47,29,15
297.57,172.73,29,15
297.78,170.76,29,15
297.57,170.47,29,15
297.78,170.73,29,15
297.57,172.18,29,15
299.51,171.47,29,15
298.05,173.45,29,15
299.29,173.73,29,15
298.57,173.47,29,15
298.78,173.73,29,15
298.57,173.47,29,15
298.78,173.73,29,15
298.57,173.47,29,15
300.51,173.73,29,15
300.78,173.47,29,15
300.57,173.73,29,15
300.78,173.47,29,15
300.57,175.45,29,15
302.51,174,29,15
301.05,173.47,29,15
300.57,173.73,29,15
300.78,173.47,29,15
300.57,173.73,29,15
300.78,173.47,29,15
300.57,173.73,29,15
300.78,175.18,29,15
298.86,176.18,29,15
300.29,175.47,29,15
299.57,175.73,29,15
299.78,175.47,29,15
297.86,175.73,29,15
297.57,175.47,29,15
299.51,175.73,29,15
299.78,175.47,29,15
299.57,175.73,29,15
301.51,175.47,29,15
301.78,175.73,29,15
301.57,175.47,29,15
303.51,175.73,29,15
303.78,177.18,29,15
305.29,176.47,29,15
306.29,176.73,29,15
305.57,176.47,29,15
305.78,176.73,29,15
305.57,176.47,29,15
307.51,176.73,29,15
307.78,176.47,29,15
307.57,178.45,29,15
309.51,177,29,15
308.05,178.18,29,15
307.57,177.47,29,15
309.51,177.73,29,15
309.78,177.47,29,15
309.57,179.45,29,15
309.78,179.73,29,15
307.86,179.47,29,15
307.57,179.73,29,15
307.78,177.76,29,15
305.86,177.47,29,15
305.57,177.73,29,15
305.78,177.47,29,15
305.57,177.73,29,15
305.78,179.18,29,15
305.57,180.18,29,15
305.78,181.18,29,15
305.57,180.47,29,15
304.05,180.73,29,15
303.57,178.76,29,15
302.05,178.47,29,15
303.29,178.73,29,15
302.57,180.18,29,15
302.78,181.18,29,15
302.57,180.47,29,15
302.78,180.73,29,15
302.57,178.76,29,15
301.05,178.47,29,15
302.29,180.45,29,15
301.57,182.45,29,15
301.78,182.73,29,15
301.57,182.47,29,15
300.05,181,29,15
299.57,178.76,29,15
299.78,176.76,29,15
299.57,178.18,29,15
301.51,179.18,29,15
303.51,180.18,29,15
303.78,181.18,29,15
303.57,180.47,29,15
303.78,179,29,15
303.57,178.47,29,15
305.51,178.73,29,15
305.78,178.47,29,15
307.29,178.73,29,15
308.29,180.18,29,15
309.29,179.47,29,15
310.29,179.73,29,15
311.29,181.18,29,15
314,180.47,29,15
313.57,180.73,29,15
313.78,180.47,29,15
313.57,179,29,15
313.78,178.47,29,15
313.57,178.73,29,15
315.51,178.47,29,15
315.78,178.73,29,15
315.57,180.18,29,15
315.78,179.47,29,15
315.57,179.73,29,15
315.78,179.47,29,15
315.57,179.73,29,15
315.78,179.47,29,15
315.57,179.73,29,15
317.51,179.47,29,15
317.78,179.73,29,15
319.29,179.47,29,15
320.29,179.73,29,15
321.29,177.76,29,15
322.29,179.18,29,15
323.29,178.47,29,15
324.29,178.73,29,15
325.29,178.47,29,15
326.29,178.73,29,15
327.29,178.47,29,15
330,178.73,29,15
329.57,180.18,29,15
329.78,179.47,29,15
333,178,29,15
332.57,177.47,29,15
332.78,177.73,29,15
334.29,179.18,29,15
335.29,178.47,29,15
336.29,180.45,29,15
337.29,180.73,29,15
338.29,178.76,29,15
337.57,178.47,29,15
337.78,178.73,29,15
339.29,178.47,29,15
338.57,178.73,29,15
338.78,180.18,29,15
338.57,179.47,29,15
340.51,179.73,29,15
340.78,179.47,29,15
340.57,179.73,29,15
340.78,179.47,29,15
342.29,179.73,29,15
343.29,179.47,29,15
342.57,179.73,29,15
341.05,179.47,29,15
342.29,179.73,29,15
343.29,179.47,29,15
344.29,179.73,29,15
347,179.47,29,15
348.29,179.73,29,15
347.57,181.18,29,15
347.78,180.47,29,15
347.57,180.73,29,15
349.51,180.47,29,15
349.78,180.73,29,15
349.57,180.47,29,15
349.78,180.73,29,15
349.57,180.47,29,15
349.78,180.73,29,15
349.57,180.47,29,15
348.05,180.73,29,15
349.29,180.47,29,15
348.57,182.45,29,15
350.51,182.73,29,15
349.05,184.18,29,15
348.57,183.47,29,15
348.78,182,29,15
348.57,181.47,29,15
350.51,181.73,29,15
347.32,181.47,29,15
346.57,181.73,29,15
348.51,181.47,29,15
348.78,181.73,29,15
348.57,181.47,29,15
348.78,181.73,29,15
346.86,181.47,29,15
346.57,181.73,29,15
346.78,181.47,29,15
346.57,181.73,29,15
346.78,181.47,29,15
344.86,181.73,29,15
342.86,181.47,29,15
342.57,181.73,29,15
342.78,181.47,29,15
340.86,183.45,29,15
340.57,183.73,29,15
340.78,181.76,29,15
338.86,181.47,29,15
336.86,181.73,29,15
334.86,181.47,29,15
334.57,181.73,29,15
334.78,181.47,29,15
332.86,181.73,29,15
329.14,181.47,29,15
326.86,181.73,29,15
324.86,181.47,29,15
324.57,181.73,29,15
323.05,181.47,29,15
320.86,181.73,29,15
320.57,181.47,29,15
319.05,181.73,29,15
316.86,183.18,29,15
316.57,182.47,29,15
315.05,182.73,29,15
312.86,182.47,29,15
312.57,182.73,29,15
311.05,180.76,29,15
310.57,180.47,29,15
309.05,182.45,29,15
308.57,181,29,15
307.05,182.18,29,15
306.57,183.18,29,15
306.78,182.47,29,15
304.86,182.73,29,15
304.57,180.76,29,15
304.78,180.47,29,15
304.57,180.73,29,15
303.05,182.18,29,15
302.57,181.47,29,15
302.78,181.73,29,15
302.57,181.47,29,15
302.78,181.73,29,15
302.57,181.47,29,15
302.78,181.73,29,15
302.57,181.47,29,15
302.78,181.73,29,15
302.57,181.47,29,15
302.78,181.73,29,15
302.57,181.47,29,15
302.78,181.73,29,15
302.57,181.47,29,15
302.78,180,29,15
302.57,181.18,29,15
302.78,180.47,29,15
302.57,182.45,29,15
304.51,181,29,15
303.05,180.47,29,15
302.57,180.73,29,15
302.78,180.47,29,15
302.57,179,29,15
302.78,180.18,29,15
302.57,179.47,29,15
302.78,181.45,29,15
302.57,181.73,29,15
302.78,181.47,29,15
304.29,180,29,15
303.57,179.47,29,15
303.78,179.73,29,15
301.86,179.47,29,15
301.57,179.73,29,15
301.78,179.47,29,15
301.57,179.73,29,15
303.51,179.47,29,15
303.78,181.45,29,15
303.57,180,29,15
303.78,179.47,29,15
303.57,179.73,29,15
303.78,179.47,29,15
303.57,179.73,29,15
305.51,179.47,29,15
305.78,179.73,29,15
305.57,181.18,29,15
307.51,180.47,29,15
307.78,180.73,29,15
307.57,180.47,29,15
307.78,180.73,29,15
307.57,180.47,29,15
309.51,180.73,29,15
309.78,180.47,29,15
309.57,180.73,29,15
309.78,180.47,29,15
309.57,180.73,29,15
311.51,178.76,29,15
310.05,180.18,29,15
309.57,179.47,29,15
309.78,179.73,29,15
309.57,179.47,29,15
309.78,179.73,29,15
309.57,179.47,29,15
308.05,179.73,29,15
307.57,179.47,29,15
307.78,179.73,29,15
307.57,179.47,29,15
307.78,179.73,29,15
307.57,179.47,29,15
306.05,179.73,29,15
305.57,179.47,29,15
305.78,179.73,29,15
305.57,179.47,29,15
305.78,179.73,29,15
303.86,179.47,29,15
303.57,178,29,15
303.78,177.47,29,15
303.57,177.73,29,15
303.78,177.47,29,15
301.86,179.45,29,15
301.57,179.73,29,15
303.51,179.47,29,15
302.05,179.73,29,15
303.29,179.47,29,15
302.57,179.73,29,15
302.78,177.76,29,15
302.57,177.47,29,15
301.05,177.73,29,15
300.57,177.47,29,15
300.78,177.73,29,15
300.57,177.47,29,15
300.78,179.45,29,15
300.57,179.73,29,15
300.78,179.47,29,15
300.57,179.73,29,15
300.78,177.76,29,15
300.57,177.47,29,15
302.51,177.73,29,15
302.78,177.47,29,15
300.86,179.45,29,15
302.29,178,29,15
301.57,177.47,29,15
301.78,177.73,29,15
301.57,177.47,29,15
301.78,179.45,29,15
301.57,179.73,29,15
301.78,177.76,29,15
301.57,179.18,29,15
301.78,178.47,29,15
303.29,178.73,29,15
302.57,178.47,29,15
304.51,177,29,15
304.78,176.47,29,15
302.86,178.45,29,15
302.57,178.73,29,15
302.78,178.47,29,15
302.57,178.73,29,15
304.51,176.76,29,15
304.78,176.47,29,15
304.57,176.73,29,15
304.78,178.18,29,15
304.57,177.47,29,15
304.78,177.73,29,15
304.57,177.47,29,15
304.78,177.73,29,15
304.57,177.47,29,15
304.78,177.73,29,15
304.57,177.47,29,15
304.78,177.73,29,15
304.57,177.47,29,15
304.78,177.73,29,15
304.57,177.47,29,15
304.78,177.73,29,15
306.29,177.47,29,15
307.29,176,29,15
308.29,177.18,29,15
307.57,176.47,29,15
309.51,176.73,29,15
309.78,176.47,29,15
311.29,176.73,29,15
312.29,176.47,29,15
313.29,176.73,29,15
312.57,176.47,29,15
312.78,176.73,29,15
314.29,176.47,29,15
313.57,176.73,29,15
313.78,176.47,29,15
315.29,176.73,29,15
314.57,176.47,29,15
314.78,176.73,29,15
314.57,176.47,29,15
316.51,176.73,29,15
316.78,176.47,29,15
316.57,176.73,29,15
316.78,176.47,29,15
318.29,176.73,29,15
317.57,176.47,29,15
319.51,176.73,29,15
319.78,176.47,29,15
319.57,176.73,29,15
319.78,176.47,29,15
319.57,176.73,29,15
319.78,176.47,29,15
319.57,176.73,29,15
319.78,176.47,29,15
319.57,176.73,29,15
318.05,176.47,29,15
317.57,176.73,29,15
317.78,176.47,29,15
317.57,176.73,29,15
316.05,176.47,29,15
315.57,176.73,29,15
315.78,176.47,29,15
313.86,176.73,29,15
313.57,176.47,29,15
313.78,176.73,29,15
311.86,176.47,29,15
311.57,176.73,29,15
311.78,176.47,29,15
311.57,176.73,29,15
311.78,176.47,29,15
309.86,176.73,29,15
309.57,174.76,29,15
309.78,174.47,29,15
307.86,174.73,29,15
307.57,174.47,29,15
306.05,174.73,29,15
305.57,174.47,29,15
304.05,174.73,29,15
303.57,174.47,29,15
303.78,174.73,29,15
301.86,174.47,29,15
301.57,174.73,29,15
301.78,174.47,29,15
301.57,174.73,29,15
301.78,176.18,29,15
303.29,175.47,29,15
302.57,175.73,29,15
302.78,175.47,29,15
302.57,174,29,15
302.78,173.47,29,15
302.57,175.45,29,15
302.78,175.73,29,15
302.57,175.47,29,15
301.05,175.73,29,15
300.57,175.47,29,15
299.05,174,29,15
298.57,173.47,29,15
297.05,173.73,29,15
296.57,173.47,29,15
296.78,173.73,29,15
296.57,173.47,29,15
295.05,173.73,29,15
294.57,171.76,29,15
294.78,171.47,29,15
294.57,171.73,29,15
294.78,173.18,29,15
294.57,174.18,29,15
294.78,173.47,29,15
294.57,173.73,29,15
293.05,173.47,29,15
292.57,173.73,29,15
292.78,171.76,29,15
292.57,171.47,29,15
292.78,171.73,29,15
292.57,171.47,29,15
294.51,171.73,29,15
294.78,171.47,29,15
294.57,171.73,29,15
294.78,169.76,29,15
294.57,171.18,29,15
294.78,170.47,29,15
294.57,170.73,29,15
294.78,170.47,29,15
294.57,170.73,29,15
294.78,168.76,29,15
294.57,168.47,29,15
294.78,168.73,29,15
294.57,170.18,29,15
294.78,171.18,29,15
294.57,170.47,29,15
294.78,170.73,29,15
294.57,170.47,29,15
294.78,169,29,15
294.57,168.47,29,15
294.78,168.73,29,15
294.57,168.47,29,15
294.78,168.73,29,15
294.57,170.18,29,15
296.51,171.18,29,15
296.78,170.47,29,15
296.57,169,29,15
296.78,168.47,29,15
296.57,168.73,29,15
298.51,168.47,29,15
298.78,168.73,29,15
300.29,170.18,29,15
299.57,171.18,29,15
299.78,170.47,29,15
299.57,170.73,29,15
299.78,168.76,29,15
299.57,168.47,29,15
299.78,168.73,29,15
301.29,168.47,29,15
300.57,170.45,29,15
300.78,169,29,15
300.57,168.47,29,15
300.78,168.73,29,15
302.29,168.47,29,15
303.29,168.73,29,15
304.29,168.47,29,15
303.57,168.73,29,15
305.51,168.47,29,15
305.78,168.73,29,15
305.57,168.47,29,15
307.51,168.73,29,15
307.78,168.47,29,15
307.57,168.73,29,15
307.78,168.47,29,15
307.57,168.73,29,15
307.78,168.47,29,15
309.29,168.73,29,15
308.57,168.47,29,15
308.78,170.45,29,15
310.29,169,29,15
309.57,168.47,29,15
309.78,168.73,29,15
307.86,168.47,29,15
307.57,168.73,29,15
307.78,170.18,29,15
307.57,169.47,29,15
307.78,169.73,29,15
307.57,169.47,29,15
307.78,169.73,29,15
309.29,169.47,29,15
308.57,169.73,29,15
310.51,169.47,29,15
310.78,169.73,29,15
312.29,171.18,29,15
311.57,172.18,29,15
313.51,171.47,29,15
312.05,171.73,29,15
311.57,169.76,29,15
310.05,169.47,29,15
309.57,169.73,29,15
311.51,169.47,29,15
311.78,171.45,29,15
311.57,173.45,29,15
311.78,173.73,29,15
311.57,173.47,29,15
311.78,172,29,15
309.86,171.47,29,15
309.57,170,29,15
308.05,169.47,29,15
311,169.73,29,15
310.57,172.88,29,15
312.51,174.18,29,15
312.78,175.18,29,15
312.57,174.47,29,15
312.78,174.73,29,15
310.86,172.76,29,15
310.57,172.47,29,15
310.78,172.73,29,15
310.57,172.47,29,15
310.78,172.73,29,15
312.29,172.47,29,15
311.57,172.73,29,15
311.78,174.18,29,15
313.29,175.18,29,15
314.29,174.47,29,15
313.57,174.73,29,15
313.78,174.47,29,15
313.57,174.73,29,15
313.78,174.47,29,15
313.57,174.73,29,15
313.78,176.18,29,15
313.57,175.47,29,15
315.51,175.73,29,15
314.05,175.47,29,15
313.57,177.45,29,15
315.51,177.73,29,15
315.78,177.47,29,15
315.57,177.73,29,15
315.78,177.47,29,15
317.29,177.73,29,15
316.57,175.76,29,15
316.78,177.18,29,15
316.57,176.47,29,15
316.78,176.73,29,15
318.29,176.47,29,15
319.29,178.45,29,15
320.29,178.73,29,15
319.57,178.47,29,15
319.78,178.73,29,15
319.57,178.47,29,15
321.51,178.73,29,15
321.78,178.47,29,15
321.57,180.45,29,15
325.24,180.73,29,15
324.57,180.47,29,15
326.51,180.73,29,15
326.78,180.47,29,15
326.57,180.73,29,15
328.51,180.47,29,15
328.78,180.73,29,15
330.29,180.47,29,15
333,180.73,29,15
334.29,180.47,29,15
335.29,180.73,29,15
336.29,180.47,29,15
335.57,182.45,29,15
337.51,182.73,29,15
339.51,182.47,29,15
341.51,182.73,29,15
341.78,182.47,29,15
341.57,182.73,29,15
343.51,182.47,29,15
348.98,182.73,29,15
350.29,184.18,29,15
351.29,183.47,29,15
352.29,183.73,29,15
353.29,183.47,29,15
356,183.73,29,15
355.57,185.18,29,15
357.51,186.18,29,15
357.78,185.47,29,15
357.57,185.73,29,15
357.78,185.47,29,15
357.57,185.73,29,15
357.78,187.18,29,15
359.29,186.47,29,15
358.57,188.45,29,15
358.78,188.73,29,15
362,188.47,29,15
366.71,188.73,29,15
370,188.47,29,15
369.57,190.45,29,15
374.98,189,29,15
378,190.18,29,15
381,191.18,29,15
384,190.47,29,15
387,190.73,29,15
390,192.18,29,15
391.29,193.18,29,15
394,192.47,29,15
397,192.73,29,15
398.29,194.18,29,15
401,193.47,29,15
400.57,195.45,29,15
400.78,195.73,29,15
400.57,195.47,29,15
400.78,195.73,29,15
400.57,195.47,29,15
400.78,197.45,29,15
404,197.73,29,15
407,197.47,29,15
410,197.73,29,15
413,197.47,29,15
416,197.73,29,15
419,199.18,29,15
422,200.18,29,15
426.71,199.47,29,15
430,199.73,29,15
433,199.47,29,15
434.29,201.45,29,15
437,201.73,29,15
440,201.47,29,15
441.29,201.73,29,15
440.57,203.18,29,15
442.51,204.18,29,15
444.51,203.47,29,15
444.78,203.73,29,15
446.29,203.47,29,15
447.29,205.45,29,15
450,205.73,29,15
453,205.47,29,15
