277,93,22,11
276.35,92.529,22,11
276.43,92.176,22,11
275.14,92.176,22,11
274.14,92.176,22,11
273.14,92.176,22,11
273.43,90.912,22,11
272.14,90.176,22,11
271.14,91.441,22,11
268.86,91.176,22,11
268.43,91.176,22,11
267.14,89.912,22,11
264.86,89.176,22,11
261.86,89.176,22,11
260.14,89.176,22,11
257.86,87.912,22,11
254.86,88.441,22,11
251.86,88.176,22,11
248.86,88.176,22,11
247.14,88.176,22,11
244.86,89.441,22,11
241.86,89.176,22,11
238.86,89.176,22,11
237.14,89.176,22,11
233.57,89.176,22,11
230.86,90.441,22,11
227.86,91.441,22,11
224.86,91.176,22,11
221.86,91.176,22,11
218.86,92.441,22,11
215.86,92.176,22,11
212.86,92.176,22,11
209.86,92.176,22,11
206.86,93.441,22,11
205.14,94.441,22,11
202.86,95.441,22,11
199.86,95.176,22,11
198.14,95.176,22,11
195.86,95.176,22,11
194.14,95.176,22,11
193.14,93.912,22,11
190.86,94.441,22,11
189.14,94.176,22,11
188.14,94.176,22,11
187.14,95.441,22,11
184.86,93.912,22,11
184.43,93.176,22,11
183.14,93.176,22,11
183.43,93.176,22,11
183.43,93.176,22,11
183.43,93.176,22,11
183.43,91.912,22,11
183.43,92.441,22,11
182.14,92.176,22,11
182.43,92.176,22,11
182.43,90.912,22,11
182.43,90.176,22,11
182.43,90.176,22,11
182.43,88.912,22,11
183.71,90.706,22,11
183.43,92.706,22,11
183.43,92.176,22,11
183.43,90.912,22,11
183.43,91.441,22,11
184.71,91.176,22,11
185.71,91.176,22,11
185.43,92.441,22,11
186.71,92.176,22,11
187.71,92.176,22,11
187.43,93.441,22,11
188.71,93.176,22,11
188.43,94.441,22,11
188.43,94.176,22,11
189.71,94.176,22,11
189.43,92.912,22,11
190.71,93.441,22,11
191.71,94.441,22,11
192.71,95.441,22,11
191.14,95.176,22,11
190.14,92.647,22,11
190.43,92.176,22,11
190.43,93.441,22,11
190.43,94.441,22,11
189.14,94.176,22,11
188.14,92.912,22,11
188.43,92.176,22,11
188.43,94.706,22,11
188.43,95.441,22,11
187.14,95.176,22,11
187.43,93.912,22,11
187.43,93.176,22,11
187.43,93.176,22,11
187.43,93.176,22,11
186.14,93.176,22,11
185.14,91.912,22,11
185.43,92.441,22,11
185.43,93.441,22,11
185.43,94.441,22,11
185.43,92.912,22,11
184.14,90.912,22,11
184.43,91.441,22,11
184.43,91.176,22,11
185.71,91.176,22,11
185.43,91.176,22,11
185.43,91.176,22,11
186.71,91.176,22,11
187.71,89.912,22,11
187.43,90.441,22,11
188.71,90.176,22,11
188.43,90.176,22,11
189.71,88.912,22,11
189.43,89.441,22,11
190.71,89.176,22,11
191.71,89.176,22,11
192.71,89.176,22,11
195,89.176,22,11
196.91,89.176,22,11
199,89.176,22,11
200.91,90.441,22,11
203,92.706,22,11
204.91,93.441,22,11
207,91.912,22,11
207.63,91.176,22,11
210,91.176,22,11
213.19,92.441,22,11
216,94.706,22,11
217.91,94.176,22,11
220,91.647,22,11
221.91,91.176,22,11
224,91.176,22,11
227.19,91.176,22,11
230,91.176,22,11
231.91,89.912,22,11
234,89.176,22,11
235.91,89.176,22,11
238,89.176,22,11
239.91,89.176,22,11
242,89.176,22,11
243.91,90.441,22,11
246,90.176,22,11
247.91,88.912,22,11
248.71,85.647,22,11
249.71,85.176,22,11
250.71,85.176,22,11
251.71,85.176,22,11
251.43,86.441,22,11
252.71,87.441,22,11
253.71,89.706,22,11
256,90.441,22,11
257.91,87.647,22,11
260,85.912,22,11
263.19,86.441,22,11
264.71,87.441,22,11
267,89.706,22,11
267.63,89.176,22,11
267.43,86.647,22,11
266.14,86.176,22,11
266.43,87.441,22,11
266.43,88.441,22,11
266.43,89.441,22,11
267.71,89.176,22,11
267.43,89.176,22,11
267.43,89.176,22,11
266.14,89.176,22,11
265.14,90.441,22,11
264.14,91.441,22,11
263.14,92.441,22,11
264.71,90.912,22,11
264.43,90.176,22,11
264.43,91.441,22,11
264.43,92.441,22,11
264.43,92.176,22,11
264.43,92.176,22,11
264.43,92.176,22,11
264.43,93.441,22,11
264.43,93.176,22,11
265.71,93.176,22,11
266.71,91.912,22,11
266.43,92.441,22,11
266.43,93.441,22,11
266.43,94.441,22,11
267.71,92.912,22,11
267.43,92.176,22,11
266.14,92.176,22,11
265.14,92.176,22,11
265.43,92.176,22,11
266.71,92.176,22,11
267.71,90.912,22,11
267.43,90.176,22,11
267.43,90.176,22,11
267.43,90.176,22,11
267.43,91.441,22,11
266.14,91.176,22,11
266.43,89.912,22,11
266.43,90.441,22,11
266.43,90.176,22,11
267.71,90.176,22,11
267.43,90.176,22,11
267.43,91.441,22,11
267.43,91.176,22,11
268.71,89.912,22,11
268.43,89.176,22,11
268.43,89.176,22,11
267.14,90.441,22,11
267.43,90.176,22,11
267.43,90.176,22,11
268.71,88.912,22,11
268.43,89.441,22,11
269.71,89.176,22,11
270.71,89.176,22,11
270.43,89.176,22,11
271.71,89.176,22,11
271.43,89.176,22,11
271.43,87.912,22,11
271.43,88.441,22,11
271.43,88.176,22,11
272.71,88.176,22,11
272.43,86.912,22,11
272.43,87.441,22,11
272.43,87.176,22,11
273.71,85.912,22,11
273.43,85.176,22,11
273.43,85.176,22,11
273.43,85.176,22,11
272.14,85.176,22,11
272.43,85.176,22,11
272.43,85.176,22,11
272.43,85.176,22,11
272.43,85.176,22,11
272.43,85.176,22,11
273.71,83.912,22,11
274.71,84.441,22,11
274.43,84.176,22,11
275.71,84.176,22,11
275.43,84.176,22,11
275.43,84.176,22,11
275.43,84.176,22,11
275.43,84.176,22,11
275.43,84.176,22,11
274.14,85.441,22,11
274.43,85.176,22,11
274.43,85.176,22,11
274.43,85.176,22,11
274.43,85.176,22,11
274.43,85.176,22,11
274.43,85.176,22,11
275.71,83.912,22,11
276.71,84.441,22,11
276.43,85.441,22,11
277.71,85.176,22,11
277.43,85.176,22,11
278.71,83.912,22,11
278.43,84.441,22,11
278.43,84.176,22,11
278.43,84.176,22,11
279.71,84.176,22,11
279.43,85.441,22,11
279.43,86.441,22,11
279.43,86.176,22,11
280.71,84.912,22,11
280.43,85.441,22,11
280.43,86.441,22,11
280.43,87.441,22,11
280.43,88.441,22,11
280.43,88.176,22,11
280.43,88.176,22,11
280.43,88.176,22,11
279.14,88.176,22,11
278.14,88.176,22,11
278.43,88.176,22,11
277.14,88.176,22,11
276.14,89.441,22,11
275.14,90.441,22,11
274.14,90.176,22,11
273.14,90.176,22,11
272.14,90.176,22,11
271.14,90.176,22,11
271.43,90.176,22,11
272.71,90.176,22,11
273.71,90.176,22,11
274.71,88.912,22,11
275.71,89.441,22,11
276.71,89.176,22,11
276.43,89.176,22,11
276.43,89.176,22,11
277.71,89.176,22,11
277.43,87.912,22,11
276.14,87.176,22,11
275.14,87.176,22,11
274.14,87.176,22,11
273.14,87.176,22,11
272.14,87.176,22,11
271.14,87.176,22,11
271.43,87.176,22,11
271.43,87.176,22,11
272.71,87.176,22,11
275,87.176,22,11
276.91,87.176,22,11
279,87.176,22,11
279.63,88.441,22,11
280.71,88.176,22,11
280.43,88.176,22,11
279.14,88.176,22,11
278.14,88.176,22,11
277.14,89.441,22,11
276.14,89.176,22,11
275.14,89.176,22,11
274.14,89.176,22,11
274.43,89.176,22,11
273.14,89.176,22,11
273.43,89.176,22,11
272.14,89.176,22,11
272.43,89.176,22,11
272.43,89.176,22,11
271.14,89.176,22,11
271.43,89.176,22,11
271.43,87.912,22,11
270.14,87.176,22,11
269.14,87.176,22,11
269.43,87.176,22,11
268.14,87.176,22,11
267.14,87.176,22,11
266.14,87.176,22,11
265.14,87.176,22,11
265.43,87.176,22,11
265.43,87.176,22,11
265.43,87.176,22,11
264.14,87.176,22,11
264.43,87.176,22,11
264.43,87.176,22,11
264.43,87.176,22,11
264.43,87.176,22,11
263.14,88.441,22,11
264.71,88.176,22,11
264.43,88.176,22,11
265.71,88.176,22,11
265.43,86.912,22,11
264.14,87.441,22,11
261.86,87.176,22,11
265.29,87.176,22,11
264.14,87.176,22,11
264.43,87.176,22,11
264.43,87.176,22,11
263.14,87.176,22,11
263.43,87.176,22,11
263.43,85.912,22,11
260.86,86.441,22,11
261.71,86.176,22,11
260.14,86.176,22,11
259.14,86.176,22,11
256.86,86.176,22,11
255.14,86.176,22,11
254.14,86.176,22,11
251.86,87.441,22,11
251.43,85.912,22,11
248.86,86.441,22,11
247.14,86.176,22,11
246.14,86.176,22,11
245.14,86.176,22,11
242.86,86.176,22,11
241.14,86.176,22,11
238.86,86.176,22,11
237.14,87.441,22,11
236.14,87.176,22,11
233.86,87.176,22,11
232.14,87.176,22,11
228.57,88.441,22,11
227.14,88.176,22,11
223.57,88.176,22,11
222.14,88.176,22,11
218.57,88.176,22,11
217.14,89.441,22,11
214.86,90.441,22,11
211.86,90.176,22,11
210.14,91.441,22,11
206.57,91.176,22,11
205.14,92.441,22,11
202.86,92.176,22,11
201.14,93.441,22,11
209.14,91.912,22,11
208.14,91.176,22,11
207.14,91.176,22,11
206.14,91.176,22,11
205.14,91.176,22,11
204.14,92.441,22,11
203.14,92.176,22,11
202.14,92.176,22,11
201.14,92.176,22,11
200.14,93.441,22,11
199.14,94.441,22,11
199.43,94.176,22,11
199.43,94.176,22,11
198.14,95.441,22,11
198.43,95.176,22,11
199.71,95.176,22,11
198.14,96.441,22,11
198.43,96.176,22,11
198.43,96.176,22,11
197.14,97.441,22,11
196.14,97.176,22,11
195.14,98.441,22,11
192.86,98.176,22,11
191.14,98.176,22,11
188.86,99.441,22,11
187.14,99.176,22,11
183.57,99.176,22,11
192.43,87.794,22,11
189.86,88.441,22,11
189.43,89.441,22,11
189.43,89.176,22,11
188.14,89.176,22,11
188.43,89.176,22,11
187.14,90.441,22,11
187.43,90.176,22,11
188.71,90.176,22,11
188.43,90.176,22,11
188.43,90.176,22,11
189.71,90.176,22,11
189.43,90.176,22,11
190.71,90.176,22,11
190.43,90.176,22,11
190.43,90.176,22,11
191.71,90.176,22,11
191.43,90.176,22,11
192.71,90.176,22,11
193.71,90.176,22,11
193.43,91.441,22,11
196,91.176,22,11
196.63,91.176,22,11
197.71,91.176,22,11
194.86,93.706,22,11
195.71,94.441,22,11
198,94.176,22,11
199.91,94.176,22,11
200.71,94.176,22,11
203,94.176,22,11
204.91,94.176,22,11
205.71,94.176,22,11
208,94.176,22,11
209.91,94.176,22,11
212,94.176,22,11
213.91,95.441,22,11
216,95.176,22,11
216.63,95.176,22,11
216.43,95.176,22,11
219,93.912,22,11
217.07,94.441,22,11
220,94.176,22,11
220.63,94.176,22,11
210.14,99.235,22,11
211.71,99.176,22,11
210.14,99.176,22,11
213,99.176,22,11
213.63,100.44,22,11
214.71,100.18,22,11
215.71,98.912,22,11
215.43,98.176,22,11
215.43,98.176,22,11
218,100.71,22,11
217.35,98.912,22,11
216.14,98.176,22,11
228,93.118,22,11
228.63,91.912,22,11
228.43,91.176,22,11
228.43,91.176,22,11
227.14,91.176,22,11
226.14,92.441,22,11
226.43,92.176,22,11
225.14,90.912,22,11
224.14,91.441,22,11
224.43,91.176,22,11
223.14,92.441,22,11
223.43,92.176,22,11
223.43,92.176,22,11
219.57,90.912,22,11
218.14,91.441,22,11
218.43,91.176,22,11
219.71,92.441,22,11
219.43,92.176,22,11
219.43,92.176,22,11
220.71,90.912,22,11
220.43,91.441,22,11
220.43,92.441,22,11
220.43,92.176,22,11
220.43,92.176,22,11
219.14,92.176,22,11
219.43,90.912,22,11
219.43,91.441,22,11
219.43,91.176,22,11
211.71,94.971,22,11
214,94.529,22,11
215.91,94.176,22,11
216.71,94.176,22,11
219,92.912,22,11
220.91,93.441,22,11
221.71,94.441,22,11
230.43,95.441,22,11
217.57,97.706,22,11
207.14,98.441,22,11
208.71,98.176,22,11
222.57,96.912,22,11
225,97.441,22,11
225.63,97.176,22,11
225.43,97.176,22,11
226.71,95.912,22,11
226.43,95.176,22,11
226.43,96.441,22,11
225.14,96.176,22,11
224.14,96.176,22,11
224.43,96.176,22,11
223.14,97.441,22,11
222.14,97.176,22,11
221.14,97.176,22,11
220.14,95.912,22,11
219.14,96.441,22,11
216.86,97.441,22,11
215.14,97.176,22,11
214.14,97.176,22,11
213.14,97.176,22,11
210.86,98.441,22,11
209.14,98.176,22,11
206.86,98.176,22,11
205.14,96.912,22,11
204.14,97.441,22,11
201.86,97.176,22,11
200.14,98.441,22,11
199.14,98.176,22,11
196.86,98.176,22,11
195.14,98.176,22,11
194.14,98.176,22,11
193.14,98.176,22,11
192.14,98.176,22,11
191.14,99.441,22,11
190.14,99.176,22,11
190.43,100.44,22,11
189.14,98.912,22,11
189.43,99.441,22,11
189.43,99.176,22,11
189.43,99.176,22,11
189.43,99.176,22,11
190.71,99.176,22,11
191.71,99.176,22,11
192.71,99.176,22,11
193.71,99.176,22,11
194.71,99.176,22,11
197,99.176,22,11
197.63,99.176,22,11
200,99.176,22,11
200.63,97.912,22,11
203,98.441,22,11
204.91,99.441,22,11
205.71,97.912,22,11
208,98.441,22,11
208.63,98.176,22,11
211,98.176,22,11
212.91,96.912,22,11
215,97.441,22,11
216.91,97.176,22,11
217.71,97.176,22,11
218.71,97.176,22,11
221,98.441,22,11
220.35,98.176,22,11
220.43,98.176,22,11
220.43,98.176,22,11
219.14,98.176,22,11
219.43,96.912,22,11
218.14,98.706,22,11
217.14,99.441,22,11
216.14,99.176,22,11
215.14,100.44,22,11
212.86,98.912,22,11
211.14,99.441,22,11
210.14,100.44,22,11
209.14,98.912,22,11
208.14,99.441,22,11
207.14,100.44,22,11
206.14,100.18,22,11
205.14,98.912,22,11
204.14,99.441,22,11
204.43,97.912,22,11
204.43,98.441,22,11
204.43,99.441,22,11
204.43,100.44,22,11
205.71,100.18,22,11
205.43,100.18,22,11
206.71,100.18,22,11
209,100.18,22,11
210.91,100.18,22,11
214.29,100.18,22,11
218.29,100.18,22,11
222.29,100.18,22,11
226.29,100.18,22,11
229,100.18,22,11
232.19,98.912,22,11
235,99.441,22,11
235.63,99.176,22,11
236.71,99.176,22,11
236.43,100.44,22,11
235.14,100.18,22,11
234.14,98.912,22,11
231.86,99.441,22,11
228.86,99.176,22,11
225.86,99.176,22,11
222.86,99.176,22,11
219.86,99.176,22,11
215.57,99.176,22,11
212.86,100.44,22,11
209.86,100.18,22,11
205.57,98.912,22,11
202.86,99.441,22,11
199.86,99.176,22,11
199.43,99.176,22,11
199.43,99.176,22,11
202,100.44,22,11
203.91,101.44,22,11
206,101.18,22,11
209.19,101.18,22,11
212,99.912,22,11
217.74,99.176,22,11
222.57,97.912,22,11
227.57,98.441,22,11
232.57,98.176,22,11
236.29,96.912,22,11
240.29,97.441,22,11
245.57,97.176,22,11
250.57,97.176,22,11
254.29,97.176,22,11
257,97.176,22,11
258.91,95.912,22,11
261,96.441,22,11
262.91,96.176,22,11
262.43,97.441,22,11
261.14,95.912,22,11
258.86,96.441,22,11
254.57,97.441,22,11
250.57,97.176,22,11
246.57,95.912,22,11
241.29,96.441,22,11
236.29,96.176,22,11
231.29,94.912,22,11
226.29,96.706,22,11
220,94.912,22,11
212.95,95.441,22,11
208.51,95.176,22,11
204.57,95.176,22,11
200.57,96.441,22,11
196.57,96.176,22,11
193.86,96.176,22,11
193.43,96.176,22,11
192.14,96.176,22,11
192.43,96.176,22,11
192.43,96.176,22,11
193.71,94.912,22,11
196,94.176,22,11
196.63,95.441,22,11
199,95.176,22,11
200.91,93.912,22,11
201.71,94.441,22,11
204,92.912,22,11
205.91,93.441,22,11
209.29,93.176,22,11
210.71,91.912,22,11
214.29,92.441,22,11
217,92.176,22,11
220.19,92.176,22,11
223,92.176,22,11
226.19,92.176,22,11
229,90.912,22,11
232.19,91.441,22,11
235,91.176,22,11
236.91,91.176,22,11
237.71,91.176,22,11
236.14,91.176,22,11
233.86,91.176,22,11
232.14,91.176,22,11
227.29,91.176,22,11
223.57,91.176,22,11
218.29,91.176,22,11
213.29,92.441,22,11
208.29,92.176,22,11
203.29,92.176,22,11
198.29,92.176,22,11
193.29,92.176,22,11
189.57,93.441,22,11
188.14,93.176,22,11
185.86,93.176,22,11
185.43,94.441,22,11
184.14,94.176,22,11
183.14,94.176,22,11
183.43,94.176,22,11
183.43,94.176,22,11
182.14,94.176,22,11
182.43,94.176,22,11
182.43,94.176,22,11
183.71,92.912,22,11
184.71,93.441,22,11
184.43,93.176,22,11
185.71,93.176,22,11
188,91.912,22,11
188.63,92.441,22,11
191,92.176,22,11
191.63,92.176,22,11
192.71,90.912,22,11
193.71,91.441,22,11
196,91.176,22,11
197.91,91.176,22,11
200,89.912,22,11
200.63,90.441,22,11
203,90.176,22,11
204.91,90.176,22,11
207,91.441,22,11
208.91,91.176,22,11
211,89.912,22,11
211.63,90.441,22,11
211.43,91.441,22,11
208.86,91.176,22,11
205.86,91.176,22,11
202.86,91.176,22,11
201.14,92.441,22,11
198.86,92.176,22,11
197.14,93.441,22,11
196.14,94.441,22,11
196.43,94.176,22,11
195.14,94.176,22,11
195.43,94.176,22,11
195.43,94.176,22,11
195.43,92.912,22,11
195.43,93.441,22,11
196.71,93.176,22,11
197.71,91.912,22,11
198.71,92.441,22,11
201,93.441,22,11
202.91,93.176,22,11
205,93.176,22,11
206.91,91.912,22,11
207.71,92.441,22,11
208.71,92.176,22,11
211,92.176,22,11
212.91,93.441,22,11
215,91.912,22,11
215.63,92.441,22,11
215.43,92.176,22,11
214.14,92.176,22,11
211.86,93.441,22,11
210.14,91.912,22,11
209.14,91.176,22,11
208.14,92.441,22,11
207.14,92.176,22,11
206.14,92.176,22,11
209,90.912,22,11
208.35,90.176,22,11
202,91.441,22,11
205.19,89.912,22,11
204.14,90.441,22,11
203.14,90.176,22,11
202.14,90.176,22,11
201.14,90.176,22,11
198.86,90.176,22,11
194.57,90.176,22,11
193.14,91.441,22,11
196,89.912,22,11
195.35,89.176,22,11
195.43,89.176,22,11
194.14,89.176,22,11
189.29,90.441,22,11
189.43,90.176,22,11
188.14,90.176,22,11
191,88.912,22,11
186.51,90.706,22,11
185.14,90.176,22,11
184.14,90.176,22,11
188.29,87.647,22,11
188.43,88.441,22,11
184.57,89.441,22,11
183.14,90.441,22,11
183.43,88.912,22,11
183.43,89.441,22,11
183.43,89.176,22,11
183.43,90.441,22,11
183.43,90.176,22,11
184.71,88.912,22,11
185.71,89.441,22,11
186.71,89.176,22,11
186.43,90.441,22,11
187.71,90.176,22,11
187.43,91.441,22,11
188.71,89.912,22,11
188.43,90.441,22,11
188.43,91.441,22,11
188.43,92.441,22,11
189.71,90.912,22,11
190.71,91.441,22,11
190.43,92.441,22,11
190.43,92.176,22,11
191.71,90.912,22,11
192.71,91.441,22,11
195,91.176,22,11
195.63,91.176,22,11
195.43,91.176,22,11
196.71,91.176,22,11
199,91.176,22,11
198.35,91.176,22,11
201,91.176,22,11
200.35,91.176,22,11
201.71,91.176,22,11
204,89.912,22,11
205.91,89.176,22,11
205.43,90.441,22,11
208,90.176,22,11
208.63,90.176,22,11
208.43,90.176,22,11
209.71,90.176,22,11
210.71,90.176,22,11
211.71,91.441,22,11
212.71,91.176,22,11
212.43,91.176,22,11
213.71,91.176,22,11
214.71,91.176,22,11
215.71,91.176,22,11
216.71,91.176,22,11
217.71,91.176,22,11
218.71,92.441,22,11
219.71,92.176,22,11
220.71,92.176,22,11
220.43,92.176,22,11
221.71,90.912,22,11
221.43,92.706,22,11
222.71,93.441,22,11
223.71,93.176,22,11
223.43,93.176,22,11
223.43,93.176,22,11
223.43,93.176,22,11
223.43,93.176,22,11
223.43,93.176,22,11
223.43,93.176,22,11
223.43,93.176,22,11
223.43,94.441,22,11
223.43,94.176,22,11
223.43,94.176,22,11
223.43,94.176,22,11
223.43,95.441,22,11
223.43,95.176,22,11
223.43,95.176,22,11
223.43,93.912,22,11
223.43,94.441,22,11
223.43,95.441,22,11
223.43,95.176,22,11
223.43,95.176,22,11
224.71,95.176,22,11
224.43,96.441,22,11
224.43,96.176,22,11
224.43,94.912,22,11
224.43,95.441,22,11
224.43,95.176,22,11
225.71,95.176,22,11
225.43,95.176,22,11
225.43,95.176,22,11
224.14,93.912,22,11
224.43,94.441,22,11
224.43,95.441,22,11
224.43,95.176,22,11
224.43,95.176,22,11
224.43,95.176,22,11
225.71,96.441,22,11
226.71,97.441,22,11
227.71,97.176,22,11
221,97.176,22,11
222.91,97.176,22,11
223.71,97.176,22,11
226,97.176,22,11
227.91,97.176,22,11
230,97.176,22,11
233.19,97.176,22,11
234.71,98.441,22,11
238.29,98.176,22,11
241,98.176,22,11
241.63,98.176,22,11
244,98.176,22,11
244.63,99.441,22,11
245.71,100.44,22,11
246.71,100.18,22,11
246.43,100.18,22,11
246.43,100.18,22,11
245.14,100.18,22,11
245.43,100.18,22,11
242.86,100.18,22,11
243.71,101.44,22,11
238.29,101.18,22,11
237.14,102.44,22,11
236.14,102.18,22,11
235.14,102.18,22,11
234.14,103.44,22,11
233.14,103.18,22,11
232.14,103.18,22,11
229.86,104.44,22,11
229.43,105.44,22,11
233.29,105.18,22,11
232.14,105.18,22,11
231.14,106.44,22,11
222.43,106.18,22,11
221.14,107.44,22,11
220.14,107.18,22,11
217.86,107.18,22,11
216.14,107.18,22,11
213.86,108.44,22,11
210.86,109.44,22,11
209.14,109.18,22,11
212,109.18,22,11
210.07,110.44,22,11
206.57,111.44,22,11
203.86,112.44,22,11
199.57,113.44,22,11
195.57,114.44,22,11
191.57,114.18,22,11
188.86,115.44,22,11
184.57,115.18,22,11
180.57,116.44,22,11
175.29,117.44,22,11
171.57,117.18,22,11
167.57,118.44,22,11
162.29,119.44,22,11
158.57,120.44,22,11
154.57,121.44,22,11
151.86,122.44,22,11
146.29,123.44,22,11
142.57,123.18,22,11
138.57,124.44,22,11
134.57,125.44,22,11
130.57,125.18,22,11
126.57,126.44,22,11
122.57,126.18,22,11
118.57,127.44,22,11
115.86,128.44,22,11
111.57,129.44,22,11
108.86,129.18,22,11
105.86,130.44,22,11
104.14,131.44,22,11
100.57,132.44,22,11
99.143,132.18,22,11
96.857,132.18,22,11
95.143,132.18,22,11
92.857,133.44,22,11
91.143,133.18,22,11
90.143,134.44,22,11
89.143,134.18,22,11
88.143,134.18,22,11
88.429,134.18,22,11
87.143,135.44,22,11
87.429,135.18,22,11
87.429,135.18,22,11
87.429,135.18,22,11
87.429,135.18,22,11
81,135.18,22,11
79.07,128.85,22,11
79.429,128.18,22,11
79.429,128.18,22,11
78.143,129.44,22,11
78.429,129.18,22,11
77.143,129.18,22,11
77.429,129.18,22,11
76.143,130.44,22,11
76.429,130.18,22,11
76.429,130.18,22,11
75.143,131.44,22,11
75.429,131.18,22,11
75.429,131.18,22,11
75.429,131.18,22,11
74.143,131.18,22,11
74.429,131.18,22,11
74.429,131.18,22,11
74.429,131.18,22,11
73.143,132.44,22,11
73.429,130.91,22,11
73.429,131.44,22,11
73.429,132.44,22,11
73.429,132.18,22,11
73.429,132.18,22,11
72.143,132.18,22,11
72.429,132.18,22,11
72.429,132.18,22,11
71.143,132.18,22,11
71.429,132.18,22,11
71.429,132.18,22,11
71.429,132.18,22,11
71.429,132.18,22,11
71.429,132.18,22,11
71.429,132.18,22,11
72.714,132.18,22,11
66,133.44,22,11
73.023,131.91,22,11
67.233,132.44,22,11
67.429,132.18,22,11
75.143,130.91,22,11
69,132.71,22,11
74.744,130.91,22,11
69.286,132.71,22,11
75.857,130.91,22,11
70.286,131.44,22,11
76.857,131.18,22,11
71.286,131.18,22,11
72.714,131.18,22,11
73.714,131.18,22,11
79.857,129.91,22,11
75.571,130.44,22,11
81.857,128.91,22,11
84,128.18,22,11
78.233,129.44,22,11
86.143,127.91,22,11
81.286,128.44,22,11
87.857,126.91,22,11
90,126.18,22,11
91.907,124.91,22,11
92.714,125.44,22,11
95,123.91,22,11
95.628,123.18,22,11
98,124.44,22,11
101.19,127.97,22,11
96.286,126.24,22,11
104.14,127.44,22,11
99.286,125.91,22,11
105.86,126.44,22,11
108,126.18,22,11
108.63,124.91,22,11
109.71,124.18,22,11
110.71,124.18,22,11
111.71,124.18,22,11
112.71,124.18,22,11
112.43,122.91,22,11
112.43,123.44,22,11
112.43,123.18,22,11
107.29,123.18,22,11
112.57,123.18,22,11
107.29,123.18,22,11
112.57,124.44,22,11
107.29,124.18,22,11
106.14,124.18,22,11
105.14,124.18,22,11
109.29,124.18,22,11
108.14,125.44,22,11
99.429,125.18,22,11
102,126.44,22,11
100.07,127.44,22,11
96.571,127.18,22,11
92.571,127.18,22,11
91.143,128.44,22,11
87.571,130.71,22,11
82.286,128.91,22,11
81.143,134.5,22,11
75,130.38,22,11
65.395,131.44,22,11
66.714,132.44,22,11
57.429,134.71,22,11
53.571,136.71,22,11
49.571,138.71,22,11
45.571,140.71,22,11
48,140.18,22,11
39.674,142.71,22,11
42,142.18,22,11
38.791,143.44,22,11
37.143,144.44,22,11
34.857,145.44,22,11
33.143,146.44,22,11
32.143,146.18,22,11
31.143,147.44,22,11
30.143,148.44,22,11
29.143,148.18,22,11
29.429,148.18,22,11
29.429,148.18,22,11
28.143,148.18,22,11
28.429,148.18,22,11
28.429,148.18,22,11
28.429,148.18,22,11
28.429,148.18,22,11
28.429,148.18,22,11
27.143,148.18,22,11
27.429,148.18,22,11
27.429,148.18,22,11
27.429,146.91,22,11
27.429,147.44,22,11
27.429,147.18,22,11
27.429,145.91,22,11
27.429,146.44,22,11
27.429,146.18,22,11
28.714,144.91,22,11
28.429,144.18,22,11
29.714,145.44,22,11
29.429,145.18,22,11
29.429,143.91,22,11
29.429,144.44,22,11
20.429,144.18,22,11
20.429,144.18,22,11
20.429,146.71,22,11
20.429,147.44,22,11
20.429,147.18,22,11
20.429,145.91,22,11
20.429,147.71,22,11
21.714,145.91,22,11
22.714,145.18,22,11
25,145.18,22,11
26.907,143.91,22,11
30.286,143.18,22,11
33,143.18,22,11
34.907,141.91,22,11
20.286,142.44,22,11
20.429,128.26,22,11
21.714,126.91,22,11
20.143,141.35,22,11
20.429,142.44,22,11
20.429,140.91,22,11
20.429,140.18,22,11
20.429,140.18,22,11
20.429,138.91,22,11
20.429,139.44,22,11
20.429,139.18,22,11
20.429,139.18,22,11
20.429,139.18,22,11
20.429,139.18,22,11
20.429,139.18,22,11
20.429,139.18,22,11
20.429,139.18,22,11
20.429,139.18,22,11
20.429,139.18,22,11
20.429,139.18,22,11
20.429,139.18,22,11
20.429,139.18,22,11
20.429,140.44,22,11
20.429,141.44,22,11
20.429,139.91,22,11
20.429,141.71,22,11
20.429,141.18,22,11
20.429,139.91,22,11
20.429,140.44,22,11
20.429,140.18,22,11
20.429,140.18,22,11
20.429,140.18,22,11
20.429,140.18,22,11
20.429,140.18,22,11
20.429,140.18,22,11
20.429,138.91,22,11
20.429,139.44,22,11
20.429,139.18,22,11
20.429,139.18,22,11
20.429,139.18,22,11
20.429,140.44,22,11
20.429,140.18,22,11
20.429,140.18,22,11
20.429,140.18,22,11
20.429,140.18,22,11
20.429,140.18,22,11
20.429,140.18,22,11
20.429,140.18,22,11
20.429,138.91,22,11
21.714,136.91,22,11
20.143,136.18,22,11
20.429,136.18,22,11
21.714,133.65,22,11
21.429,134.44,22,11
21.429,135.44,22,11
21.429,135.18,22,11
20.143,133.91,22,11
20.429,135.71,22,11
21.714,136.44,22,11
21.429,137.44,22,11
20.143,138.44,22,11
20.429,138.18,22,11
20.429,138.18,22,11
20.429,138.18,22,11
20.429,138.18,22,11
20.429,138.18,22,11
20.429,136.91,22,11
20.429,136.18,22,11
20.429,134.91,22,11
20.429,134.18,22,11
20.429,134.18,22,11
20.429,132.91,22,11
20.429,133.44,22,11
20.429,131.91,22,11
20.429,132.44,22,11
20.429,134.71,22,11
20.429,134.18,22,11
20.429,132.91,22,11
20.429,132.18,22,11
20.429,130.91,22,11
20.429,133.97,22,11
20.429,134.82,22,11
20.429,132.91,22,11
20.429,132.18,22,11
20.429,132.18,22,11
20.429,134.71,22,11
20.429,134.18,22,11
20.429,134.18,22,11
20.429,134.18,22,11
20.429,134.18,22,11
20.429,135.44,22,11
20.429,136.44,22,11
20.429,136.18,22,11
20.429,134.91,22,11
20.429,135.44,22,11
20.429,135.18,22,11
20.429,135.18,22,11
20.429,133.91,22,11
20.429,133.18,22,11
20.429,134.44,22,11
20.429,134.18,22,11
20.429,135.44,22,11
20.429,136.44,22,11
20.429,136.18,22,11
20.429,136.18,22,11
20.429,136.18,22,11
20.429,136.18,22,11
20.429,136.18,22,11
20.429,142.5,22,11
20.429,142.18,22,11
20.429,142.18,22,11
20.429,132.06,22,11
20.429,132.18,22,11
20.429,132.18,22,11
21.714,133.44,22,11
21.429,134.44,22,11
21.429,134.18,22,11
21.429,135.44,22,11
20.143,136.44,22,11
20.429,136.18,22,11
20.429,136.18,22,11
20.429,142.5,22,11
20.429,142.18,22,11
20.429,142.18,22,11
20.429,142.18,22,11
20.429,142.18,22,11
20.429,142.18,22,11
20.429,142.18,22,11
20.429,142.18,22,11
20.429,142.18,22,11
20.429,142.18,22,11
20.429,142.18,22,11
20.429,142.18,22,11
20.429,142.18,22,11
20.429,142.18,22,11
20.429,142.18,22,11
20.429,142.18,22,11
20.429,142.18,22,11
20.429,142.18,22,11
20.429,142.18,22,11
20.429,142.18,22,11
20.429,144.71,22,11
20.429,145.44,22,11
20.429,146.44,22,11
20.429,147.44,22,11
20.429,147.18,22,11
20.429,147.18,22,11
20.429,147.18,22,11
20.429,147.18,22,11
20.429,147.18,22,11
20.429,147.18,22,11
20.429,145.91,22,11
20.429,146.44,22,11
20.429,146.18,22,11
20.429,147.44,22,11
20.429,147.18,22,11
21.714,144.65,22,11
21.429,145.44,22,11
21.429,145.18,22,11
21.429,145.18,22,11
20.143,145.18,22,11
20.429,145.18,22,11
20.429,145.18,22,11
20.429,142.65,22,11
20.429,143.44,22,11
20.429,144.44,22,11
20.429,142.91,22,11
20.429,143.44,22,11
20.429,143.18,22,11
20.429,144.44,22,11
20.429,144.18,22,11
20.429,144.18,22,11
20.429,144.18,22,11
20.429,144.18,22,11
20.429,145.44,22,11
20.429,146.44,22,11
20.429,146.18,22,11
20.429,146.18,22,11
20.429,146.18,22,11
20.429,146.18,22,11
20.429,146.18,22,11
20.429,146.18,22,11
20.429,146.18,22,11
20.429,146.18,22,11
20.429,146.18,22,11
20.429,146.18,22,11
20.429,146.18,22,11
20.429,147.44,22,11
20.429,147.18,22,11
20.429,145.91,22,11
20.429,146.44,22,11
20.429,144.91,22,11
20.429,145.44,22,11
20.429,147.71,22,11
20.429,147.18,22,11
20.429,147.18,22,11
20.429,150.97,22,11
20.429,149.24,22,11
20.429,147.91,22,11
20.429,148.44,22,11
20.429,149.44,22,11
20.429,149.18,22,11
20.429,149.18,22,11
20.429,149.18,22,11
20.429,150.44,22,11
20.429,152.71,22,11
20.429,152.18,22,11
20.429,149.65,22,11
20.429,150.44,22,11
20.429,151.44,22,11
20.429,152.44,22,11
20.429,153.44,22,11
20.429,153.18,22,11
20.429,153.18,22,11
20.429,153.18,22,11
20.429,153.18,22,11
20.429,155.71,22,11
20.429,153.91,22,11
20.429,154.44,22,11
20.429,155.44,22,11
20.429,155.18,22,11
20.429,156.44,22,11
20.429,156.18,22,11
21.714,154.91,22,11
21.429,155.44,22,11
20.143,157.71,22,11
20.429,155.91,22,11
20.429,157.71,22,11
20.429,158.44,22,11
20.429,158.18,22,11
20.429,158.18,22,11
20.429,158.18,22,11
20.429,160.71,22,11
20.429,161.44,22,11
20.429,161.18,22,11
20.429,159.91,22,11
20.429,160.44,22,11
20.429,162.71,22,11
20.429,162.18,22,11
20.429,162.18,22,11
21.714,162.18,22,11
21.429,162.18,22,11
21.429,162.18,22,11
20.143,164.71,22,11
20.429,162.91,22,11
21.714,162.18,22,11
20.143,163.44,22,11
20.429,164.44,22,11
20.429,165.44,22,11
20.429,166.44,22,11
21.714,166.18,22,11
21.429,166.18,22,11
20.143,167.44,22,11
20.429,168.44,22,11
21.714,169.44,22,11
21.429,171.71,22,11
20.143,173.71,22,11
21.714,174.44,22,11
20.143,176.71,22,11
20.429,177.44,22,11
21.714,178.44,22,11
21.429,179.44,22,11
21.429,181.71,22,11
20.143,184.97,22,11
20.429,185.82,22,11
20.429,186.44,22,11
20.429,187.44,22,11
20.429,190.97,22,11
21.714,193.12,22,11
20.143,195.71,22,11
20.429,197.71,22,11
20.429,199.71,22,11
20.429,201.71,22,11
20.429,203.71,22,11
20.429,206.97,22,11
20.429,209.12,22,11
20.429,211.71,22,11
20.429,213.71,22,11
20.429,216.97,22,11
20.429,219.12,22,11
20.429,221.71,22,11
20.429,227.5,22,11
20.429,228.44,22,11
20.429,231.97,22,11
20.429,235.41,22,11
20.429,237.71,22,11
20.429,240.97,22,11
20.429,244.41,22,11
20.429,245.44,22,11
20.429,245.18,22,11
20.429,247.71,22,11
20.429,248.44,22,11
20.429,249.44,22,11
20.429,250.44,22,11
20.429,251.44,22,11
20.429,252.44,22,11
20.429,252.18,22,11
20.429,250.91,22,11
20.429,250.18,22,11
20.429,250.18,22,11
20.429,251.44,22,11
20.429,247.38,22,11
20.429,248.44,22,11
20.429,246.91,22,11
20.429,246.18,22,11
20.429,246.18,22,11
20.429,246.18,22,11
20.429,244.91,22,11
20.429,244.18,22,11
20.429,244.18,22,11
20.429,244.18,22,11
20.429,244.18,22,11
20.429,244.18,22,11
20.429,244.18,22,11
20.429,244.18,22,11
20.429,242.91,22,11
20.429,243.44,22,11
20.429,240.65,22,11
20.429,241.44,22,11
20.429,241.18,22,11
20.429,241.18,22,11
20.429,242.44,22,11
20.429,243.44,22,11
20.429,243.18,22,11
20.429,241.91,22,11
20.429,242.44,22,11
20.429,243.44,22,11
20.429,243.18,22,11
20.429,243.18,22,11
20.429,243.18,22,11
20.429,243.18,22,11
20.429,244.44,22,11
20.429,244.18,22,11
20.429,245.44,22,11
20.429,245.18,22,11
20.429,245.18,22,11
20.429,245.18,22,11
20.429,245.18,22,11
20.429,245.18,22,11
20.429,242.65,22,11
20.429,244.71,22,11
20.429,245.44,22,11
20.429,245.18,22,11
20.429,245.18,22,11
20.429,242.65,22,11
20.429,243.44,22,11
20.429,244.44,22,11
20.429,244.18,22,11
20.429,242.91,22,11
20.429,242.18,22,11
20.429,243.44,22,11
20.429,243.18,22,11
20.429,243.18,22,11
20.429,243.18,22,11
20.429,243.18,22,11
20.429,243.18,22,11
20.429,240.65,22,11
20.429,241.44,22,11
20.429,242.44,22,11
20.429,242.18,22,11
20.429,244.71,22,11
20.429,244.18,22,11
20.429,244.18,22,11
20.429,245.44,22,11
20.429,245.18,22,11
20.429,246.44,22,11
20.429,244.91,22,11
20.429,246.71,22,11
20.429,246.18,22,11
20.429,246.18,22,11
20.429,246.18,22,11
20.429,247.44,22,11
20.429,247.18,22,11
20.429,249.71,22,11
20.429,249.18,22,11
20.429,249.18,22,11
20.429,249.18,22,11
20.429,249.18,22,11
20.429,249.18,22,11
20.429,250.44,22,11
20.429,250.18,22,11
20.429,250.18,22,11
20.429,251.44,22,11
20.429,251.18,22,11
20.429,251.18,22,11
20.429,251.18,22,11
20.429,252.44,22,11
20.429,252.18,22,11
20.429,252.18,22,11
20.429,255.97,22,11
20.429,259.41,22,11
20.429,260.44,22,11
20.429,260.18,22,11
20.429,261.44,22,11
20.429,261.18,22,11
20.429,261.18,22,11
20.429,261.18,22,11
20.429,262.44,22,11
20.429,262.18,22,11
