556,246,265,222
550.74,241.33,265,222
546.74,236,265,222
542.74,249.11,265,222
538.74,244,265,222
534.74,237.33,265,222
550.63,251.67,265,222
546.74,245.33,265,222
542.74,259.67,265,222
538.74,253.33,265,222
534.74,248,265,222
550.63,261.11,265,222
546.74,256,265,222
542.74,249.33,265,222
538.74,263.67,265,222
534.74,257.33,265,222
530.74,271.67,265,222
526.74,265.33,265,222
522.74,260,265,222
538.63,273.11,265,222
534.74,268,265,222
530.74,281.11,265,222
526.74,276,265,222
522.74,269.33,265,222
518.74,264,265,222
514.74,277.11,265,222
510.74,272,265,222
526.63,285.11,265,222
522.74,280,265,222
518.74,273.33,265,222
534.63,287.67,265,222
530.74,281.33,265,222
526.74,276,265,222
522.74,289.11,265,222
518.74,284,265,222
514.74,277.33,265,222
510.74,272,265,222
526.63,285.11,265,222
522.74,280,265,222
518.74,293.11,265,222
514.74,288,265,222
530.63,281.33,265,222
526.74,295.67,265,222
522.74,289.33,265,222
518.74,284,265,222
534.63,297.11,265,222
530.74,292,265,222
526.74,285.33,265,222
542.63,299.67,265,222
538.74,293.33,265,222
534.74,288,265,222
530.74,281.33,265,222
546.63,295.67,265,222
542.74,289.33,265,222
538.74,284,265,222
534.74,297.11,265,222
550.63,292,265,222
546.74,285.33,265,222
542.74,280,265,222
538.74,293.11,265,222
554.63,288,265,222
550.74,281.33,265,222
546.74,276,265,222
542.74,289.11,265,222
538.74,284,265,222
554.63,297.11,265,222
550.74,292,265,222
546.74,285.33,265,222
542.74,280,265,222
558.63,293.11,265,222
554.74,288,265,222
550.74,281.33,265,222
546.74,276,265,222
542.74,289.11,265,222
538.74,284,265,222
554.63,277.33,265,222
550.74,291.67,265,222
546.74,285.33,265,222
542.74,280,265,222
558.63,293.11,265,222
554.74,288,265,222
550.74,281.33,265,222
546.74,276,265,222
542.74,289.11,265,222
538.74,284,265,222
534.74,277.33,265,222
530.74,272,265,222
546.63,285.11,265,222
542.74,280,265,222
538.74,293.11,265,222
534.74,288,265,222
530.74,281.33,265,222
546.63,276,265,222
542.74,289.11,265,222
538.74,284,265,222
534.74,277.33,265,222
550.63,291.67,265,222
546.74,285.33,265,222
542.74,280,265,222
538.74,293.11,265,222
554.63,288,265,222
550.74,301.11,265,222
546.74,296,265,222
562.63,289.33,265,222
558.74,284,265,222
554.74,297.11,265,222
550.74,292,265,222
566.63,285.33,265,222
562.74,299.67,265,222
558.74,293.33,265,222
574.63,288,265,222
570.74,301.11,265,222
566.74,296,265,222
562.74,289.33,265,222
578.63,284,265,222
574.74,297.11,265,222
570.74,292,265,222
566.74,285.33,265,222
582.63,299.67,265,222
578.74,293.33,265,222
574.74,288,265,222
570.74,301.11,265,222
586.63,296,265,222
582.74,289.33,265,222
578.74,284,265,222
574.74,277.33,265,222
590.63,291.67,265,222
586.74,285.33,265,222
602.63,280,265,222
578.84,293.11,265,222
594.63,288,265,222
610.63,281.33,265,222
606.74,276,265,222
602.74,289.11,265,222
598.74,284,265,222
614.63,277.33,265,222
630.63,272,265,222
606.84,285.11,265,222
602.74,280,265,222
598.74,293.11,265,222
594.74,288,265,222
590.74,281.33,265,222
586.74,276,265,222
622.53,269.33,265,222
618.74,264,265,222
594.84,277.11,265,222
590.74,272,265,222
586.74,265.33,265,222
582.74,279.67,265,222
578.74,273.33,265,222
574.74,268,265,222
590.63,281.11,265,222
586.74,276,265,222
582.74,269.33,265,222
578.74,283.67,265,222
574.74,277.33,265,222
590.63,272,265,222
586.74,265.33,265,222
582.74,279.67,265,222
578.74,273.33,265,222
574.74,268,265,222
590.63,261.33,265,222
586.74,275.67,265,222
582.74,269.33,265,222
578.74,264,265,222
574.74,257.33,265,222
570.74,252,265,222
586.63,265.11,265,222
582.74,260,265,222
578.74,253.33,265,222
574.74,248,265,222
570.74,241.33,265,222
566.74,236,265,222
562.74,249.11,265,222
558.74,244,265,222
554.74,237.33,265,222
550.74,232,265,222
566.63,225.33,265,222
562.74,220,265,222
558.74,213.33,265,222
554.74,208,265,222
550.74,221.11,265,222
546.74,216,265,222
542.74,209.33,265,222
538.74,204,265,222
534.74,197.33,265,222
550.63,192,265,222
546.74,185.33,265,222
542.74,180,265,222
538.74,193.11,265,222
534.74,188,265,222
550.63,181.33,265,222
546.74,176,265,222
542.74,169.33,265,222
538.74,183.67,265,222
534.74,177.33,265,222
530.74,172,265,222
546.63,185.11,265,222
542.74,180,265,222
538.74,173.33,265,222
534.74,168,265,222
530.74,181.11,265,222
526.74,176,265,222
542.63,169.33,265,222
538.74,164,265,222
534.74,177.11,265,222
530.74,172,265,222
526.74,165.33,265,222
542.63,160,265,222
538.74,173.11,265,222
534.74,168,265,222
530.74,161.33,265,222
526.74,175.67,265,222
542.63,169.33,265,222
538.74,164,265,222
534.74,177.11,265,222
530.74,172,265,222
546.63,165.33,265,222
542.74,160,265,222
538.74,173.11,265,222
534.74,168,265,222
550.63,181.11,265,222
546.74,176,265,222
542.74,169.33,265,222
538.74,164,265,222
554.63,177.11,265,222
550.74,172,265,222
546.74,165.33,265,222
542.74,179.67,265,222
538.74,173.33,265,222
534.74,168,265,222
550.63,181.11,265,222
546.74,176,265,222
542.74,169.33,265,222
538.74,164,265,222
534.74,177.11,265,222
550.63,172,265,222
546.74,165.33,265,222
542.74,160,265,222
538.74,173.11,265,222
554.63,168,265,222
550.74,161.33,265,222
546.74,156,265,222
542.74,169.11,265,222
538.74,164,265,222
554.63,157.33,265,222
550.74,171.67,265,222
546.74,165.33,265,222
542.74,160,265,222
558.63,173.11,265,222
554.74,168,265,222
550.74,161.33,265,222
546.74,156,265,222
562.63,208.67,265,222
538.84,204,265,222
514.84,217.11,265,222
550.53,172.67,265,222
586.53,168,265,222
542.95,220.67,265,222
578.53,216,265,222
594.63,209.33,265,222
590.74,223.67,265,222
586.74,217.33,265,222
582.74,231.67,265,222
578.74,225.33,265,222
574.74,220,265,222
570.74,233.11,265,222
566.74,228,265,222
562.74,221.33,265,222
578.63,235.67,265,222
594.63,229.33,265,222
590.74,224,265,222
586.74,237.11,265,222
602.63,232,265,222
618.63,225.33,265,222
634.63,239.67,265,222
610.84,233.33,265,222
626.63,228,265,222
622.74,221.33,265,222
638.63,235.67,265,222
634.74,229.33,265,222
630.74,243.67,265,222
626.74,237.33,265,222
642.63,232,265,222
638.74,245.11,265,222
634.74,220.33,265,222
630.74,233.11,265,222
646.63,228,265,222
642.74,241.11,265,222
638.74,236,265,222
634.74,229.33,265,222
630.74,224,265,222
646.63,237.11,265,222
642.74,232,265,222
638.74,245.11,265,222
634.74,240,265,222
630.74,233.33,265,222
606.84,228,265,222
582.84,221.33,265,222
578.74,235.67,265,222
554.84,229.33,265,222
550.74,224,265,222
526.84,237.11,265,222
522.74,232,265,222
518.74,245.11,265,222
514.74,240,265,222
490.84,233.33,265,222
466.84,228,265,222
462.74,241.11,265,222
438.84,236,265,222
434.74,249.11,265,222
390.95,244,265,222
386.74,237.33,265,222
323.05,271.33,265,222
278.95,285.11,265,222
314.53,280,265,222
330.63,273.33,265,222
386.42,268,265,222
401.26,261.33,265,222
397.47,256,265,222
373.68,249.33,265,222
369.47,283.33,265,222
325.89,297.11,265,222
321.47,292,265,222
277.89,305.11,265,222
293.26,300,265,222
309.26,293.33,265,222
325.26,288,265,222
341.26,281.33,265,222
337.47,256.33,265,222
333.47,249.33,265,222
329.47,224.33,265,222
345.26,217.33,265,222
301.89,251.33,265,222
277.68,245.33,265,222
253.68,240,265,222
249.47,233.33,265,222
225.68,247.67,265,222
221.47,241.33,265,222
217.47,236,265,222
213.47,229.33,265,222
209.47,224,265,222
185.68,217.33,265,222
181.47,231.67,265,222
137.89,225.33,265,222
113.68,220,265,222
89.684,233.11,265,222
45.895,247.67,265,222
22.105,241.33,265,222
2.3158,255.67,265,222
-17.474,269.11,265,222
23.053,264,265,222
42.947,257.33,265,222
42.947,252,265,222
62.842,245.33,265,222
102.63,240,265,222
138.53,233.33,265,222
174.53,228,265,222
190.63,221.33,265,222
206.63,216,265,222
222.63,209.33,265,222
218.74,223.67,265,222
254.53,217.33,265,222
310.42,212,265,222
345.05,205.33,265,222
381.05,200,265,222
417.05,213.11,265,222
413.47,208,265,222
429.26,181.56,265,222
445.26,177.33,265,222
441.47,211.33,265,222
457.26,205.33,265,222
473.26,200,265,222
489.26,213.11,265,222
505.26,208,265,222
501.47,221.11,265,222
517.26,216,265,222
513.47,189.56,265,222
529.26,205.11,265,222
545.26,200,265,222
541.47,213.11,265,222
537.47,208,265,222
533.47,221.11,265,222
529.47,216,265,222
525.47,189.56,265,222
521.47,185.33,265,222
517.47,180,265,222
533.26,193.11,265,222
529.47,188,265,222
525.47,181.33,265,222
521.47,215.33,265,222
517.47,229.11,265,222
513.47,165,265,222
509.47,160,265,222
525.26,153.33,265,222
541.26,148,265,222
557.26,161.11,265,222
553.47,156,265,222
569.26,149.33,265,222
585.26,144,265,222
581.47,137.33,265,222
577.47,132,265,222
593.26,145.11,265,222
609.26,140,265,222
585.68,192.67,265,222
581.47,188,265,222
577.47,181.33,265,222
593.26,176,265,222
589.47,169.33,265,222
585.47,183.67,265,222
581.47,197.11,265,222
577.47,211.67,265,222
593.26,225.11,265,222
589.47,239.67,265,222
625.05,233.33,265,222
641.26,228,265,222
657.26,201.56,265,222
693.05,177.56,265,222
689.47,153.56,265,222
685.47,129.56,265,222
681.47,105.56,265,222
677.47,81.556,265,222
693.26,61.556,265,222
729.05,81.333,265,222
745.26,80,265,222
761.26,81.333,265,222
797.05,60.333,265,222
872.63,41.778,265,222
889.26,22,265,222
885.47,2.2222,265,222
881.47,-17.556,265,222
897.26,-17.556,265,222
834.11,2.2222,265,222
849.26,22,265,222
825.68,41.778,265,222
841.26,61.556,265,222
837.47,61.556,265,222
833.47,81.333,265,222
829.47,99.667,265,222
825.47,93.333,265,222
722.53,206,265,222
738.63,201.33,265,222
754.63,215.67,265,222
770.63,209.33,265,222
786.63,204,265,222
782.74,217.11,265,222
778.74,231.67,265,222
774.74,225.33,265,222
770.74,239.67,265,222
766.74,253.11,265,222
762.74,248,265,222
778.63,241.33,265,222
794.63,236,265,222
790.74,229.33,265,222
786.74,224,265,222
802.63,237.11,265,222
818.63,232,265,222
794.84,225.33,265,222
790.74,239.67,265,222
806.63,233.33,265,222
802.74,228,265,222
818.63,241.11,265,222
834.63,236,265,222
830.74,209.56,265,222
846.63,225.11,265,222
862.63,220,265,222
858.74,233.11,265,222
854.74,228,265,222
850.74,221.33,265,222
846.74,216,265,222
822.84,209.33,265,222
838.63,223.67,265,222
814.84,217.33,265,222
810.74,212,265,222
806.74,205.33,265,222
802.74,219.67,265,222
798.74,213.33,265,222
774.84,227.67,265,222
750.84,221.33,265,222
746.74,216,265,222
742.74,209.33,265,222
718.84,223.67,265,222
694.84,217.33,265,222
670.84,212,265,222
646.84,225.11,265,222
622.84,220,265,222
598.84,213.33,265,222
574.84,208,265,222
550.84,221.11,265,222
546.74,216,265,222
542.74,209.33,265,222
518.84,204,265,222
514.74,197.33,265,222
510.74,192,265,222
486.84,185.33,265,222
462.84,180,265,222
458.74,173.33,265,222
454.74,168,265,222
450.74,141.56,265,222
446.74,157.11,265,222
442.74,152,265,222
438.74,165.11,265,222
434.74,160,265,222
450.63,173.11,265,222
466.63,168,265,222
482.63,181.11,265,222
498.63,176,265,222
514.63,169.33,265,222
510.74,164,265,222
526.63,177.11,265,222
522.74,191.67,265,222
538.63,185.33,265,222
554.63,199.67,265,222
570.63,193.33,265,222
566.74,207.67,265,222
582.63,221.11,265,222
578.74,216,265,222
594.63,229.11,265,222
610.63,243.67,265,222
606.74,257.11,265,222
602.74,252,265,222
618.63,265.11,265,222
614.74,260,265,222
610.74,253.33,265,222
626.63,248,265,222
662.53,280.89,265,222
678.63,276,265,222
674.74,269.33,265,222
690.63,264,265,222
706.63,277.11,265,222
702.74,291.67,265,222
718.63,324.89,265,222
734.63,320,265,222
750.63,313.33,265,222
746.74,327.67,265,222
762.63,341.11,265,222
798.53,336,265,222
794.74,349.11,265,222
810.63,363.67,265,222
826.63,377.11,265,222
842.63,391.67,265,222
838.74,405.11,265,222
834.74,419.67,265,222
830.74,429.11,265,222
846.63,431.67,265,222
842.74,389.56,265,222
818.84,385.33,265,222
834.63,380,265,222
830.74,393.11,265,222
826.74,388,265,222
822.74,381.33,265,222
818.74,376,265,222
814.74,369.33,265,222
870.42,383.67,265,222
845.68,377.33,265,222
801.89,372,265,222
817.26,365.33,265,222
793.68,340.33,265,222
769.68,333.33,265,222
765.47,288.67,265,222
642.74,402,265,222
638.74,397.33,265,222
634.74,392,265,222
610.84,405.11,265,222
586.84,380.33,265,222
562.84,373.33,265,222
558.74,368,265,222
534.84,361.33,265,222
510.84,375.67,265,222
466.95,389.11,265,222
442.84,403.67,265,222
359.16,417.11,265,222
334.84,431.67,265,222
330.74,409.33,265,222
326.74,423.67,265,222
322.74,429.11,265,222
358.53,431.67,265,222
334.84,429.11,265,222
330.74,431.67,265,222
326.74,429.11,265,222
322.74,431.67,265,222
318.74,429.11,265,222
314.74,412,265,222
310.74,425.11,265,222
306.74,412,265,222
302.74,405.33,265,222
298.74,380.33,265,222
294.74,373.33,265,222
310.63,387.67,265,222
326.63,361.56,265,222
342.63,337.56,265,222
338.74,333.33,265,222
354.63,328,265,222
251.26,341.11,265,222
246.74,336,265,222
242.74,349.11,265,222
238.74,344,265,222
294.42,357.11,265,222
289.47,352,265,222
265.68,345.33,265,222
241.68,340,265,222
237.47,333.33,265,222
233.47,328,265,222
209.68,321.33,265,222
205.47,335.67,265,222
142.11,309.56,265,222
117.68,305.33,265,222
113.47,300,265,222
129.26,313.11,265,222
264,249,265,222
278.63,244,265,222
294.63,197.78,265,222
310.63,193.33,265,222
366.42,247,265,222
361.47,241.33,265,222
377.26,275.33,265,222
393.26,269.33,265,222
369.68,264,265,222
385.26,138.67,265,222
401.26,133.33,265,222
417.26,128,265,222
393.68,259.78,265,222
389.47,253.33,265,222
405.26,228.33,265,222
421.26,241.11,265,222
437.26,236,265,222
453.26,229.33,265,222
469.26,243.67,265,222
505.05,257.11,265,222
501.47,252,265,222
517.26,245.33,265,222
513.47,240,265,222
509.47,233.33,265,222
505.47,228,265,222
501.47,221.33,265,222
517.26,235.67,265,222
533.26,229.33,265,222
549.26,224,265,222
545.47,217.33,265,222
541.47,231.67,265,222
557.26,225.33,265,222
553.47,220,265,222
569.26,233.11,265,222
565.47,228,265,222
581.26,221.33,265,222
557.68,235.67,265,222
553.47,229.33,265,222
549.47,224,265,222
545.47,237.11,265,222
561.26,232,265,222
577.26,225.33,265,222
573.47,220,265,222
589.26,213.33,265,222
585.47,227.67,265,222
581.47,221.33,265,222
577.47,216,265,222
573.47,229.11,265,222
589.26,224,265,222
585.47,237.11,265,222
581.47,232,265,222
597.26,225.33,265,222
613.26,220,265,222
609.47,233.11,265,222
605.47,228,265,222
621.26,221.33,265,222
637.26,216,265,222
633.47,209.33,265,222
649.26,223.67,265,222
665.26,217.33,265,222
681.26,231.67,265,222
677.47,225.33,265,222
653.68,239.67,265,222
669.26,233.33,265,222
645.68,247.67,265,222
641.47,261.11,265,222
637.47,256,265,222
633.47,249.33,265,222
629.47,244,265,222
625.47,237.33,265,222
621.47,232,265,222
617.47,245.11,265,222
613.47,240,265,222
609.47,233.33,265,222
605.47,228,265,222
601.47,221.33,265,222
597.47,235.67,265,222
593.47,229.33,265,222
589.47,224,265,222
585.47,237.11,265,222
581.47,232,265,222
577.47,245.11,265,222
573.47,240,265,222
569.47,233.33,265,222
605.05,228,265,222
601.47,221.33,265,222
617.26,216,265,222
613.47,229.11,265,222
609.47,224,265,222
605.47,237.11,265,222
601.47,232,265,222
617.26,225.33,265,222
613.47,220,265,222
609.47,213.33,265,222
625.26,208,265,222
621.47,201.33,265,222
617.47,196,265,222
613.47,189.33,265,222
629.26,184,265,222
625.47,197.11,265,222
621.47,192,265,222
617.47,205.11,265,222
613.47,200,265,222
609.47,193.33,265,222
605.47,188,265,222
601.47,201.11,265,222
617.26,196,265,222
613.47,209.11,265,222
629.26,204,265,222
625.47,197.33,265,222
621.47,192,265,222
617.47,205.11,265,222
613.47,200,265,222
649.05,213.11,265,222
645.47,208,265,222
661.26,201.33,265,222
657.47,196,265,222
653.47,209.11,265,222
649.47,204,265,222
665.26,197.33,265,222
661.47,192,265,222
657.47,205.11,265,222
653.47,200,265,222
649.47,193.33,265,222
645.47,188,265,222
641.47,201.11,265,222
637.47,196,265,222
633.47,189.33,265,222
629.47,184,265,222
625.47,197.11,265,222
621.47,192,265,222
617.47,205.11,265,222
613.47,200,265,222
609.47,213.11,265,222
605.47,208,265,222
601.47,221.11,265,222
597.47,216,265,222
593.47,248.89,265,222
589.47,263.67,265,222
585.47,277.11,265,222
581.47,291.67,265,222
577.47,305.11,265,222
573.47,300,265,222
569.47,313.11,265,222
565.47,308,265,222
561.47,321.11,265,222
557.47,316,265,222
553.47,309.33,265,222
549.47,323.67,265,222
545.47,317.33,265,222
541.47,312,265,222
537.47,325.11,265,222
533.47,320,265,222
549.26,333.11,265,222
545.47,328,265,222
541.47,341.11,265,222
537.47,336,265,222
553.26,349.11,265,222
549.47,344,265,222
545.47,337.33,265,222
541.47,332,265,222
537.47,345.11,265,222
533.47,340,265,222
529.47,333.33,265,222
545.26,328,265,222
521.68,321.33,265,222
537.26,316,265,222
533.47,309.33,265,222
529.47,323.67,265,222
525.47,317.33,265,222
521.47,312,265,222
517.47,305.33,265,222
513.47,300,265,222
509.47,313.11,265,222
525.26,308,265,222
521.47,301.33,265,222
517.47,296,265,222
513.47,309.11,265,222
509.47,304,265,222
505.47,297.33,265,222
501.47,292,265,222
497.47,305.11,265,222
493.47,300,265,222
509.26,313.11,265,222
505.47,308,265,222
461.89,301.33,265,222
477.26,296,265,222
493.26,309.11,265,222
469.68,304,265,222
465.47,297.33,265,222
461.47,292,265,222
457.47,305.11,265,222
453.47,300,265,222
449.47,293.33,265,222
465.26,288,265,222
402.11,301.11,265,222
397.47,296,265,222
413.26,309.11,265,222
409.47,304,265,222
425.26,297.33,265,222
441.26,292,265,222
457.26,285.33,265,222
473.26,280,265,222
489.26,273.33,265,222
485.47,268,265,222
501.26,281.11,265,222
517.26,276,265,222
513.47,269.33,265,222
529.26,264,265,222
525.47,257.33,265,222
521.47,252,265,222
537.26,265.11,265,222
553.26,260,265,222
549.47,253.33,265,222
545.47,248,265,222
541.47,241.33,265,222
537.47,236,265,222
553.26,229.33,265,222
549.47,224,265,222
545.47,237.11,265,222
501.89,232,265,222
497.47,225.33,265,222
493.47,220,265,222
469.68,252.89,265,222
465.47,248,265,222
461.47,261.11,265,222
437.68,256,265,222
453.26,269.11,265,222
449.47,283.67,265,222
465.26,257.56,265,222
441.68,292.89,265,222
477.05,268.33,265,222
493.26,261.33,265,222
489.47,275.67,265,222
485.47,289.11,265,222
501.26,284,265,222
517.26,277.33,265,222
533.26,272,265,222
529.47,265.33,265,222
545.26,260,265,222
561.26,273.11,265,222
557.47,268,265,222
573.26,281.11,265,222
589.26,276,265,222
605.26,269.33,265,222
601.47,264,265,222
597.47,257.33,265,222
534.11,252,265,222
509.68,265.11,265,222
505.47,338.67,265,222
521.26,353.11,265,222
557.05,269.33,265,222
573.26,264,265,222
589.26,277.11,265,222
605.26,291.67,265,222
601.47,305.11,265,222
597.47,300,265,222
593.47,313.11,265,222
609.26,308,265,222
605.47,301.33,265,222
740,296,265,222
734.74,309.11,265,222
750.63,323.67,265,222
766.63,337.11,265,222
762.74,332,265,222
738.84,285.78,265,222
734.74,281.33,265,222
730.74,276,265,222
726.74,269.33,265,222
722.74,264,265,222
718.74,237.56,265,222
854,312.44,265,222
829.68,265.78,265,222
825.47,202,265,222
722.53,177.56,265,222
539.68,252.44,265,222
534.74,205.78,265,222
510.84,201.33,265,222
486.84,196,265,222
482.74,228.89,265,222
438.95,204.33,265,222
434.74,217.11,265,222
410.84,212,265,222
406.74,205.33,265,222
422.63,219.67,265,222
438.63,252.89,265,222
454.63,267.67,265,222
351.26,300.89,265,222
366.63,315.67,265,222
382.63,329.11,265,222
398.63,343.67,265,222
494.21,337.33,265,222
469.68,312.33,265,222
485.26,344.89,265,222
501.26,359.67,265,222
497.47,353.33,265,222
493.47,348,265,222
509.26,341.33,265,222
525.26,355.67,265,222
541.26,369.11,265,222
557.26,364,265,222
553.47,357.33,265,222
470.32,352,265,222
445.68,325.56,265,222
441.47,321.33,265,222
457.26,335.67,265,222
453.47,329.33,265,222
469.26,324,265,222
465.47,317.33,265,222
461.47,312,265,222
457.47,305.33,265,222
453.47,280.33,265,222
449.47,293.11,265,222
465.26,268.33,265,222
461.47,261.33,265,222
457.47,256,265,222
473.26,249.33,265,222
489.26,263.67,265,222
485.47,257.33,265,222
501.26,311,265,222
497.47,325.11,265,222
493.47,320,265,222
509.26,333.11,265,222
446.11,328,265,222
461.26,341.11,265,222
516.84,296.67,265,222
533.26,311.67,265,222
529.47,305.33,265,222
604.63,319.67,265,222
542.11,392.44,265,222
557.26,365.56,265,222
573.26,361.33,265,222
589.26,356,265,222
625.05,329.56,265,222
641.26,444,265,222
657.26,448.89,265,222
653.47,451.33,265,222
748.42,488.44,265,222
742.74,488.44,265,222
738.74,488.44,265,222
754.63,488.44,265,222
691.05,350,265,222
726.53,345.33,265,222
742.63,359.67,265,222
738.74,353.33,265,222
754.63,348,265,222
730.84,361.11,265,222
726.74,375.67,265,222
702.84,369.33,265,222
658.95,344.33,265,222
654.74,337.33,265,222
630.84,332,265,222
626.74,325.33,265,222
622.74,339.67,265,222
618.74,333.33,265,222
614.74,328,265,222
590.84,321.33,265,222
586.74,316,265,222
582.74,329.11,265,222
578.74,324,265,222
574.74,317.33,265,222
570.74,312,265,222
546.84,305.33,265,222
542.74,319.67,265,222
578.53,352.89,265,222
614.53,328.33,265,222
610.74,341.11,265,222
507.26,336,265,222
502.74,349.11,265,222
498.74,324.33,265,222
474.84,317.33,265,222
490.63,292.33,265,222
486.74,265.56,265,222
522.53,281.11,265,222
538.63,276,265,222
534.74,229.78,265,222
530.74,225.33,265,222
506.84,200.33,265,222
502.74,193.33,265,222
478.84,188,265,222
474.74,201.11,265,222
470.74,196,265,222
466.74,209.11,265,222
482.63,223.67,265,222
478.74,237.11,265,222
474.74,232,265,222
490.63,225.33,265,222
506.63,220,265,222
522.63,213.33,265,222
538.63,208,265,222
554.63,201.33,265,222
570.63,196,265,222
586.63,189.33,265,222
582.74,184,265,222
578.74,177.33,265,222
574.74,191.67,265,222
590.63,185.33,265,222
586.74,180,265,222
602.63,173.33,265,222
618.63,168,265,222
614.74,181.11,265,222
630.63,215.33,265,222
626.74,189.56,265,222
642.63,185.33,265,222
638.74,180,265,222
654.63,193.11,265,222
650.74,188,265,222
666.63,181.33,265,222
662.74,176,265,222
658.74,169.33,265,222
654.74,183.67,265,222
670.63,177.33,265,222
666.74,172,265,222
662.74,165.33,265,222
658.74,179.67,265,222
654.74,173.33,265,222
650.74,168,265,222
646.74,181.11,265,222
662.63,176,265,222
658.74,169.33,265,222
634.84,164,265,222
650.63,177.11,265,222
646.74,172,265,222
622.84,165.33,265,222
618.74,160,265,222
614.74,173.11,265,222
610.74,168,265,222
606.74,181.11,265,222
602.74,195.67,265,222
598.74,209.11,265,222
594.74,204,265,222
590.74,217.11,265,222
566.84,231.67,265,222
562.74,225.33,265,222
558.74,220,265,222
554.74,233.11,265,222
550.74,247.67,265,222
546.74,261.11,265,222
542.74,256,265,222
538.74,269.11,265,222
534.74,264,265,222
530.74,277.11,265,222
526.74,272,265,222
522.74,285.11,265,222
518.74,280,265,222
514.74,273.33,265,222
530.63,287.67,265,222
526.74,281.33,265,222
522.74,276,265,222
518.74,289.11,265,222
534.63,284,265,222
530.74,297.11,265,222
526.74,292,265,222
542.63,285.33,265,222
538.74,299.67,265,222
554.63,293.33,265,222
550.74,288,265,222
546.74,281.33,265,222
542.74,276,265,222
538.74,289.11,265,222
554.63,284,265,222
550.74,277.33,265,222
546.74,272,265,222
542.74,285.11,265,222
538.74,280,265,222
554.63,273.33,265,222
550.74,268,265,222
546.74,261.33,265,222
542.74,275.67,265,222
558.63,269.33,265,222
554.74,264,265,222
570.63,257.33,265,222
566.74,271.67,265,222
562.74,265.33,265,222
578.63,260,265,222
574.74,273.11,265,222
570.74,268,265,222
566.74,261.33,265,222
582.63,256,265,222
558.84,269.11,265,222
554.74,264,265,222
550.74,257.33,265,222
546.74,252,265,222
562.63,265.11,265,222
538.84,260,265,222
534.74,253.33,265,222
530.74,267.67,265,222
526.74,261.33,265,222
542.63,256,265,222
538.74,249.33,265,222
534.74,263.67,265,222
530.74,257.33,265,222
526.74,252,265,222
522.74,265.11,265,222
518.74,260,265,222
455.05,273.11,265,222
450.74,268,265,222
446.74,261.33,265,222
442.74,275.67,265,222
438.74,269.33,265,222
434.74,283.67,265,222
430.74,277.33,265,222
446.63,272,265,222
422.84,265.33,265,222
418.74,279.67,265,222
434.63,293.11,265,222
430.74,288,265,222
426.74,281.33,265,222
422.74,276,265,222
378.95,269.33,265,222
374.74,264,265,222
390.63,277.11,265,222
386.74,272,265,222
382.74,285.11,265,222
378.74,280,265,222
374.74,273.33,265,222
330.95,287.67,265,222
346.63,281.33,265,222
342.74,276,265,222
338.74,308.89,265,222
334.74,304,265,222
330.74,297.33,265,222
326.74,292,265,222
302.84,305.11,265,222
298.74,300,265,222
314.63,273.56,265,222
310.74,308.89,265,222
326.63,304,265,222
282.95,317.11,265,222
278.74,312,265,222
294.63,305.33,265,222
290.74,280.33,265,222
306.63,293.11,265,222
302.74,288,265,222
298.74,281.33,265,222
294.74,276,265,222
290.74,269.33,265,222
306.63,264,265,222
302.74,277.11,265,222
318.63,272,265,222
294.84,265.33,265,222
310.63,260,265,222
306.74,253.33,265,222
302.74,248,265,222
298.74,241.33,265,222
294.74,236,265,222
330.53,229.33,265,222
326.74,224,265,222
342.63,217.33,265,222
338.74,212,265,222
314.84,225.11,265,222
330.63,259.33,265,222
267.05,273.11,265,222
262.74,287.67,265,222
238.84,261.56,265,222
354.11,237.56,265,222
349.47,233.33,265,222
365.26,247.67,265,222
381.26,261.11,265,222
397.26,256,265,222
393.47,249.33,265,222
409.26,244,265,222
385.68,237.33,265,222
361.68,291,265,222
317.89,265.56,265,222
293.68,261.33,265,222
269.68,275.67,265,222
245.68,308.89,265,222
241.47,323.67,265,222
277.05,337.11,265,222
293.26,332,265,222
269.68,305.56,265,222
285.26,340.89,265,222
261.68,336,265,222
237.68,349.11,265,222
193.89,344,265,222
130.11,317.56,265,222
66.105,313.33,265,222
22.105,308,265,222
2.3158,301.33,265,222
-37.263,315.67,265,222
-16.737,309.33,265,222
-16.737,323.67,265,222
3.1579,317.33,265,222
62.842,312,265,222
102.63,325.11,265,222
118.63,339.67,265,222
114.74,353.11,265,222
90.842,328.33,265,222
46.947,321.33,265,222
42.947,335.67,265,222
122.53,329.33,265,222
238.11,324,265,222
233.47,337.11,265,222
368,351.67,265,222
482.11,345.33,265,222
477.47,359.67,265,222
473.47,373.11,265,222
469.47,348.33,265,222
465.47,341.33,265,222
441.68,336,265,222
417.68,349.11,265,222
492.63,304.67,265,222
449.89,300,265,222
445.47,293.33,265,222
441.47,288,265,222
437.47,281.33,265,222
453.26,276,265,222
449.47,269.33,265,222
445.47,264,265,222
441.47,257.33,265,222
437.47,252,265,222
492.84,245.33,265,222
489.47,240,265,222
505.26,233.33,265,222
501.47,228,265,222
497.47,221.33,265,222
493.47,216,265,222
489.47,209.33,265,222
485.47,204,265,222
481.47,217.11,265,222
477.47,212,265,222
453.68,225.11,265,222
449.47,220,265,222
445.47,213.33,265,222
441.47,227.67,265,222
437.47,241.11,265,222
413.68,236,265,222
409.47,229.33,265,222
405.47,224,265,222
401.47,237.11,265,222
397.47,232,265,222
353.89,264.89,265,222
349.47,260,265,222
345.47,273.11,265,222
341.47,268,265,222
337.47,281.11,265,222
333.47,295.67,265,222
329.47,309.11,265,222
325.47,304,265,222
341.26,297.33,265,222
337.47,311.67,265,222
333.47,325.11,265,222
329.47,320,265,222
345.26,313.33,265,222
341.47,308,265,222
337.47,340.89,265,222
353.26,336,265,222
349.47,329.33,265,222
345.47,402.67,265,222
361.26,417.11,265,222
377.26,451.33,265,222
373.47,448.89,265,222
369.47,451.33,265,222
385.26,448.89,265,222
401.26,471,265,222
357.89,468.67,265,222
393.05,431.67,265,222
389.47,488.44,265,222
405.26,528,265,222
441.05,310.44,265,222
477.05,364.67,265,222
493.26,419,265,222
529.05,429.11,265,222
565.05,431.67,265,222
620.84,369.78,265,222
657.05,325.78,265,222
673.26,281.78,265,222
669.47,257.56,265,222
665.47,233.56,265,222
641.68,189.78,265,222
637.47,185.33,265,222
673.05,180,265,222
728.84,193.11,265,222
784.84,188,265,222
840.84,181.33,265,222
1035.4,294,265,222
1026.2,249.78,265,222
1008.6,205.78,265,222
988.84,181.56,265,222
929.47,197.11,265,222
866.11,231.33,265,222
841.68,225.33,265,222
797.89,239.67,265,222
773.68,292.67,265,222
769.47,307.67,265,222
567.58,360.67,265,222
542.84,375.67,265,222
538.74,369.33,265,222
534.74,344.33,265,222
550.63,357.11,265,222
566.63,352,265,222
602.53,365.11,265,222
598.74,379.67,265,222
594.74,353.56,265,222
610.63,369.11,265,222
606.74,344.33,265,222
622.63,317.56,265,222
618.74,313.33,265,222
634.63,288.33,265,222
630.74,281.33,265,222
626.74,276,265,222
642.63,229.78,265,222
638.74,225.33,265,222
654.63,220,265,222
650.74,213.33,265,222
646.74,208,265,222
642.74,201.33,265,222
638.74,196,265,222
654.63,189.33,265,222
650.74,184,265,222
666.63,177.33,265,222
662.74,172,265,222
658.74,185.11,265,222
654.74,160.33,265,222
650.74,153.33,265,222
646.74,148,265,222
642.74,161.11,265,222
638.74,175.67,265,222
654.63,169.33,265,222
650.74,164,265,222
646.74,177.11,265,222
662.63,172,265,222
658.74,165.33,265,222
654.74,160,265,222
650.74,153.33,265,222
666.63,167.67,265,222
662.74,161.33,265,222
658.74,175.67,265,222
654.74,169.33,265,222
650.74,164,265,222
646.74,177.11,265,222
642.74,172,265,222
638.74,165.33,265,222
614.84,160,265,222
610.74,153.33,265,222
646.53,148,265,222
642.74,161.11,265,222
638.74,156,265,222
634.74,169.11,265,222
630.74,164,265,222
606.84,157.33,265,222
622.63,171.67,265,222
618.74,185.11,265,222
614.74,180,265,222
610.74,173.33,265,222
606.74,168,265,222
602.74,181.11,265,222
598.74,176,265,222
594.74,169.33,265,222
590.74,183.67,265,222
586.74,177.33,265,222
582.74,172,265,222
578.74,185.11,265,222
574.74,180,265,222
570.74,193.11,265,222
566.74,188,265,222
562.74,181.33,265,222
558.74,195.67,265,222
574.63,189.33,265,222
570.74,184,265,222
566.74,197.11,265,222
562.74,192,265,222
558.74,185.33,265,222
554.74,199.67,265,222
570.63,193.33,265,222
566.74,188,265,222
562.74,201.11,265,222
558.74,196,265,222
574.63,189.33,265,222
550.84,203.67,265,222
566.63,197.33,265,222
562.74,192,265,222
558.74,205.11,265,222
554.74,200,265,222
550.74,213.11,265,222
566.63,208,265,222
562.74,221.11,265,222
558.74,216,265,222
574.63,209.33,265,222
570.74,223.67,265,222
566.74,217.33,265,222
562.74,212,265,222
578.63,225.11,265,222
574.74,220,265,222
590.63,233.11,265,222
586.74,228,265,222
582.74,241.11,265,222
578.74,236,265,222
614.53,249.11,265,222
610.74,244,265,222
586.84,237.33,265,222
582.74,232,265,222
578.74,225.33,265,222
594.63,239.67,265,222
590.74,233.33,265,222
586.74,247.67,265,222
582.74,241.33,265,222
578.74,236,265,222
574.74,249.11,265,222
590.63,244,265,222
566.84,237.33,265,222
582.63,251.67,265,222
578.74,245.33,265,222
574.74,240,265,222
570.74,253.11,265,222
566.74,248,265,222
562.74,241.33,265,222
558.74,236,265,222
554.74,249.11,265,222
550.74,244,265,222
546.74,257.11,265,222
562.63,252,265,222
558.74,245.33,265,222
554.74,240,265,222
550.74,253.11,265,222
546.74,248,265,222
522.84,261.11,265,222
518.74,256,265,222
494.84,269.11,265,222
490.74,264,265,222
486.74,277.11,265,222
502.63,272,265,222
498.74,265.33,265,222
474.84,279.67,265,222
470.74,273.33,265,222
446.84,268,265,222
442.74,261.33,265,222
438.74,275.67,265,222
454.63,269.33,265,222
450.74,283.67,265,222
446.74,277.33,265,222
442.74,272,265,222
438.74,285.11,265,222
434.74,280,265,222
430.74,273.33,265,222
426.74,268,265,222
442.63,281.11,265,222
379.05,276,265,222
374.74,289.11,265,222
430.42,284,265,222
425.47,277.33,265,222
381.89,272,265,222
377.47,285.11,265,222
393.26,280,265,222
389.47,273.33,265,222
385.47,268,265,222
381.47,281.11,265,222
397.26,276,265,222
393.47,269.33,265,222
389.47,283.67,265,222
405.26,277.33,265,222
401.47,272,265,222
397.47,265.33,265,222
393.47,279.67,265,222
409.26,273.33,265,222
425.26,268,265,222
421.47,261.33,265,222
417.47,275.67,265,222
433.26,269.33,265,222
429.47,264,265,222
425.47,277.11,265,222
421.47,272,265,222
437.26,265.33,265,222
433.47,260,265,222
449.26,273.11,265,222
445.47,268,265,222
441.47,281.11,265,222
457.26,276,265,222
453.47,269.33,265,222
449.47,283.67,265,222
465.26,277.33,265,222
461.47,272,265,222
457.47,285.11,265,222
473.26,280,265,222
469.47,293.11,265,222
465.47,288,265,222
481.26,281.33,265,222
477.47,276,265,222
493.26,289.11,265,222
489.47,284,265,222
485.47,277.33,265,222
481.47,272,265,222
497.26,285.11,265,222
493.47,280,265,222
509.26,293.11,265,222
505.47,288,265,222
501.47,281.33,265,222
517.26,295.67,265,222
513.47,289.33,265,222
529.26,303.67,265,222
525.47,297.33,265,222
541.26,292,265,222
537.47,305.11,265,222
553.26,300,265,222
549.47,313.11,265,222
545.47,308,265,222
561.26,321.11,265,222
557.47,316,265,222
553.47,309.33,265,222
569.26,323.67,265,222
565.47,317.33,265,222
561.47,312,265,222
557.47,325.11,265,222
553.47,320,265,222
569.26,313.33,265,222
565.47,308,265,222
561.47,301.33,265,222
557.47,315.67,265,222
553.47,309.33,265,222
549.47,304,265,222
545.47,297.33,265,222
541.47,311.67,265,222
517.68,305.33,265,222
513.47,300,265,222
529.26,293.33,265,222
485.89,307.67,265,222
501.26,301.33,265,222
497.47,296,265,222
513.26,289.33,265,222
509.47,284,265,222
505.47,277.33,265,222
521.26,272,265,222
517.47,285.11,265,222
533.26,260.33,265,222
529.47,273.11,265,222
545.26,268,265,222
541.47,281.11,265,222
557.26,256.33,265,222
553.47,269.11,265,222
569.26,244.33,265,222
565.47,257.11,265,222
561.47,252,265,222
557.47,245.33,265,222
553.47,240,265,222
549.47,233.33,265,222
525.68,228,265,222
541.26,221.33,265,222
537.47,216,265,222
533.47,209.33,265,222
509.68,204,265,222
505.47,197.33,265,222
501.47,192,265,222
497.47,185.33,265,222
493.47,180,265,222
489.47,173.33,265,222
485.47,168,265,222
481.47,161.33,265,222
477.47,175.67,265,222
493.26,169.33,265,222
489.47,164,265,222
485.47,157.33,265,222
481.47,171.67,265,222
477.47,165.33,265,222
473.47,160,265,222
469.47,173.11,265,222
465.47,168,265,222
481.26,161.33,265,222
477.47,156,265,222
453.68,169.11,265,222
449.47,164,265,222
445.47,177.11,265,222
441.47,172,265,222
437.47,185.11,265,222
433.47,180,265,222
429.47,173.33,265,222
425.47,168,265,222
421.47,161.33,265,222
417.47,175.67,265,222
413.47,169.33,265,222
409.47,164,265,222
405.47,177.11,265,222
401.47,172,265,222
397.47,165.33,265,222
393.47,219,265,222
389.47,233.11,265,222
385.47,228,265,222
381.47,221.33,265,222
397.26,216,265,222
393.47,229.11,265,222
409.26,224,265,222
405.47,237.11,265,222
401.47,232,265,222
397.47,225.33,265,222
393.47,220,265,222
409.26,213.33,265,222
405.47,208,265,222
401.47,240.89,265,222
417.26,216.33,265,222
413.47,229.11,265,222
409.47,224,265,222
405.47,217.33,265,222
401.47,212,265,222
397.47,205.33,265,222
393.47,200,265,222
310.32,232.89,265,222
305.47,228,265,222
301.47,241.11,265,222
297.47,216.33,265,222
293.47,229.11,265,222
289.47,224,265,222
265.68,217.33,265,222
281.26,231.67,265,222
257.68,245.11,265,222
253.47,240,265,222
249.47,233.33,265,222
245.47,247.67,265,222
241.47,241.33,265,222
237.47,236,265,222
233.47,249.11,265,222
249.26,244,265,222
225.68,257.11,265,222
221.47,271.67,265,222
177.89,265.33,265,222
173.47,279.67,265,222
189.26,273.33,265,222
185.47,287.67,265,222
201.26,281.33,265,222
197.47,295.67,265,222
233.05,289.33,265,222
249.26,284,265,222
225.68,297.11,265,222
280.84,292,265,222
257.68,305.11,265,222
273.26,300,265,222
289.26,293.33,265,222
285.47,307.67,265,222
301.26,301.33,265,222
317.26,296,265,222
333.26,309.11,265,222
329.47,304,265,222
345.26,297.33,265,222
341.47,292,265,222
357.26,305.11,265,222
353.47,300,265,222
349.47,293.33,265,222
365.26,307.67,265,222
361.47,301.33,265,222
357.47,296,265,222
353.47,309.11,265,222
349.47,323.67,265,222
365.26,297.56,265,222
361.47,293.33,265,222
377.26,307.67,265,222
373.47,301.33,265,222
369.47,296,265,222
385.26,309.11,265,222
381.47,304,265,222
397.26,317.11,265,222
393.47,312,265,222
409.26,325.11,265,222
405.47,300.33,265,222
421.26,313.11,265,222
417.47,327.67,265,222
413.47,321.33,265,222
429.26,316,265,222
425.47,309.33,265,222
441.26,323.67,265,222
437.47,317.33,265,222
453.26,312,265,222
449.47,305.33,265,222
465.26,319.67,265,222
461.47,313.33,265,222
457.47,308,265,222
473.26,321.11,265,222
469.47,316,265,222
485.26,309.33,265,222
481.47,323.67,265,222
497.26,317.33,265,222
493.47,312,265,222
489.47,325.11,265,222
505.26,320,265,222
501.47,333.11,265,222
517.26,308.33,265,222
513.47,321.11,265,222
509.47,316,265,222
525.26,309.33,265,222
521.47,323.67,265,222
517.47,297.56,265,222
533.26,313.11,265,222
529.47,327.67,265,222
525.47,341.11,265,222
541.26,296.67,265,222
537.47,292,265,222
533.47,305.11,265,222
529.47,300,265,222
525.47,293.33,265,222
521.47,307.67,265,222
517.47,301.33,265,222
533.26,315.67,265,222
509.68,309.33,265,222
525.26,304,265,222
521.47,317.11,265,222
537.26,312,265,222
533.47,305.33,265,222
509.68,319.67,265,222
525.26,313.33,265,222
541.26,308,265,222
537.47,301.33,265,222
553.26,296,265,222
549.47,289.33,265,222
545.47,284,265,222
561.26,297.11,265,222
577.26,311.67,265,222
573.47,305.33,265,222
569.47,280.33,265,222
565.47,273.33,265,222
561.47,268,265,222
557.47,261.33,265,222
553.47,256,265,222
569.26,269.11,265,222
565.47,264,265,222
561.47,257.33,265,222
557.47,252,265,222
573.26,265.11,265,222
569.47,260,265,222
565.47,253.33,265,222
561.47,248,265,222
557.47,261.11,265,222
573.26,256,265,222
569.47,249.33,265,222
565.47,244,265,222
561.47,257.11,265,222
557.47,252,265,222
573.26,245.33,265,222
569.47,240,265,222
565.47,253.11,265,222
561.47,248,265,222
577.26,241.33,265,222
573.47,236,265,222
569.47,249.11,265,222
585.26,244,265,222
581.47,257.11,265,222
577.47,252,265,222
573.47,245.33,265,222
569.47,240,265,222
585.26,253.11,265,222
581.47,248,265,222
577.47,261.11,265,222
573.47,256,265,222
589.26,269.11,265,222
585.47,264,265,222
581.47,257.33,265,222
597.26,271.67,265,222
593.47,245.56,265,222
589.47,280.89,265,222
585.47,276,265,222
581.47,289.11,265,222
597.26,284,265,222
593.47,277.33,265,222
589.47,272,265,222
585.47,285.11,265,222
561.68,280,265,222
557.47,293.11,265,222
553.47,288,265,222
549.47,301.11,265,222
545.47,296,265,222
561.26,269.56,265,222
557.47,265.33,265,222
573.26,279.67,265,222
569.47,273.33,265,222
585.26,268,265,222
581.47,281.11,265,222
696.21,295.67,265,222
690.74,289.33,265,222
706.63,264.33,265,222
702.74,257.33,265,222
718.63,252,265,222
615.26,265.11,265,222
630.63,279.67,265,222
626.74,273.33,265,222
662.53,268,265,222
698.53,261.33,265,222
734.53,256,265,222
750.63,249.33,265,222
766.63,244,265,222
782.63,257.11,265,222
798.63,271.67,265,222
814.63,265.33,265,222
830.63,279.67,265,222
826.74,273.33,265,222
842.63,268,265,222
858.63,261.33,265,222
894.53,256,265,222
910.63,249.33,265,222
926.63,244,265,222
962.53,217.56,265,222
986.42,233.11,265,222
988.84,247.67,265,222
988.84,241.33,265,222
1008.6,255.67,265,222
1028.4,249.33,265,222
1026.2,224.33,265,222
1028.4,217.33,265,222
1046.1,212,265,222
1068,205.33,265,222
1006.3,219.67,265,222
1008.6,213.33,265,222
1008.6,208,265,222
1008.6,201.33,265,222
1008.6,196,265,222
1068,209.11,265,222
1066,204,265,222
1048.2,217.11,265,222
1026.2,192.33,265,222
988.84,224.89,265,222
969.05,220,265,222
949.26,173.78,265,222
909.68,149.56,265,222
905.47,184.89,265,222
881.68,160.33,265,222
857.68,173.11,265,222
853.47,168,265,222
829.68,181.11,265,222
825.47,176,265,222
821.47,149.56,265,222
797.68,184.89,265,222
793.47,180,265,222
789.47,193.11,265,222
785.47,188,265,222
761.68,181.33,265,222
737.68,195.67,265,222
733.47,169.56,265,222
709.68,165.33,265,222
705.47,160,265,222
681.68,173.11,265,222
677.47,168,265,222
673.47,161.33,265,222
649.68,175.67,265,222
645.47,169.33,265,222
641.47,183.67,265,222
637.47,177.33,265,222
633.47,191.67,265,222
629.47,185.33,265,222
605.68,180,265,222
601.47,193.11,265,222
597.47,188,265,222
593.47,201.11,265,222
589.47,196,265,222
585.47,209.11,265,222
561.68,204,265,222
557.47,217.11,265,222
553.47,212,265,222
549.47,205.33,265,222
525.68,219.67,265,222
541.26,213.33,265,222
537.47,208,265,222
533.47,221.11,265,222
529.47,216,265,222
525.47,209.33,265,222
521.47,204,265,222
517.47,217.11,265,222
513.47,212,265,222
509.47,225.11,265,222
505.47,220,265,222
501.47,213.33,265,222
497.47,208,265,222
493.47,221.11,265,222
489.47,216,265,222
485.47,209.33,265,222
481.47,223.67,265,222
477.47,217.33,265,222
473.47,212,265,222
469.47,225.11,265,222
465.47,220,265,222
481.26,213.33,265,222
457.68,208,265,222
473.26,201.33,265,222
489.26,196,265,222
485.47,209.11,265,222
481.47,204,265,222
517.05,197.33,265,222
493.68,192,265,222
489.47,205.11,265,222
485.47,200,265,222
481.47,213.11,265,222
477.47,208,265,222
493.26,201.33,265,222
489.47,196,265,222
505.26,209.11,265,222
501.47,204,265,222
497.47,197.33,265,222
513.26,211.67,265,222
489.68,205.33,265,222
485.47,200,265,222
481.47,213.11,265,222
517.05,208,265,222
493.68,221.11,265,222
509.26,216,265,222
505.47,209.33,265,222
501.47,204,265,222
497.47,217.11,265,222
493.47,212,265,222
489.47,205.33,265,222
485.47,200,265,222
481.47,213.11,265,222
477.47,208,265,222
473.47,201.33,265,222
469.47,215.67,265,222
465.47,209.33,265,222
461.47,204,265,222
457.47,217.11,265,222
473.26,212,265,222
469.47,205.33,265,222
465.47,219.67,265,222
461.47,213.33,265,222
477.26,208,265,222
473.47,221.11,265,222
469.47,216,265,222
465.47,209.33,265,222
481.26,204,265,222
477.47,217.11,265,222
473.47,212,265,222
469.47,205.33,265,222
485.26,200,265,222
481.47,213.11,265,222
477.47,208,265,222
473.47,201.33,265,222
469.47,215.67,265,222
485.26,209.33,265,222
481.47,204,265,222
477.47,217.11,265,222
473.47,212,265,222
489.26,205.33,265,222
485.47,200,265,222
481.47,213.11,265,222
477.47,208,265,222
473.47,201.33,265,222
489.26,196,265,222
485.47,209.11,265,222
481.47,204,265,222
477.47,197.33,265,222
493.26,192,265,222
489.47,205.11,265,222
485.47,200,265,222
481.47,213.11,265,222
497.26,208,265,222
493.47,201.33,265,222
489.47,196,265,222
485.47,209.11,265,222
481.47,204,265,222
497.26,197.33,265,222
493.47,211.67,265,222
489.47,205.33,265,222
485.47,219.67,265,222
501.26,213.33,265,222
497.47,208,265,222
493.47,201.33,265,222
489.47,215.67,265,222
485.47,209.33,265,222
501.26,204,265,222
497.47,217.11,265,222
493.47,212,265,222
489.47,205.33,265,222
505.26,200,265,222
501.47,213.11,265,222
497.47,208,265,222
493.47,221.11,265,222
489.47,216,265,222
505.26,209.33,265,222
501.47,204,265,222
497.47,217.11,265,222
493.47,212,265,222
489.47,205.33,265,222
505.26,219.67,265,222
501.47,213.33,265,222
497.47,208,265,222
493.47,221.11,265,222
509.26,216,265,222
505.47,209.33,265,222
501.47,223.67,265,222
497.47,217.33,265,222
513.26,212,265,222
509.47,205.33,265,222
505.47,219.67,265,222
501.47,213.33,265,222
517.26,208,265,222
513.47,221.11,265,222
509.47,216,265,222
525.26,209.33,265,222
521.47,204,265,222
517.47,217.11,265,222
533.26,212,265,222
529.47,225.11,265,222
525.47,220,265,222
541.26,213.33,265,222
537.47,208,265,222
533.47,221.11,265,222
529.47,216,265,222
545.26,229.11,265,222
541.47,224,265,222
557.26,217.33,265,222
553.47,231.67,265,222
549.47,225.33,265,222
565.26,220,265,222
561.47,233.11,265,222
577.26,228,265,222
573.47,221.33,265,222
529.89,255.33,265,222
545.26,229.56,265,222
581.05,225.33,265,222
537.89,259.33,265,222
533.47,253.33,265,222
549.26,248,265,222
545.47,261.11,265,222
541.47,256,265,222
557.26,249.33,265,222
553.47,244,265,222
549.47,257.11,265,222
545.47,252,265,222
561.26,225.56,265,222
557.47,260.89,265,222
553.47,256,265,222
529.68,269.11,265,222
545.26,264,265,222
561.26,257.33,265,222
537.68,252,265,222
533.47,265.11,265,222
549.26,260,265,222
545.47,253.33,265,222
541.47,267.67,265,222
537.47,261.33,265,222
533.47,256,265,222
549.26,269.11,265,222
545.47,264,265,222
541.47,257.33,265,222
537.47,252,265,222
533.47,265.11,265,222
549.26,260,265,222
545.47,253.33,265,222
541.47,248,265,222
537.47,261.11,265,222
533.47,256,265,222
529.47,249.33,265,222
525.47,263.67,265,222
521.47,257.33,265,222
537.26,252,265,222
533.47,245.33,265,222
549.26,259.67,265,222
525.68,253.33,265,222
541.26,248,265,222
537.47,261.11,265,222
533.47,256,265,222
529.47,269.11,265,222
525.47,264,265,222
541.26,257.33,265,222
537.47,271.67,265,222
533.47,265.33,265,222
549.26,260,265,222
545.47,273.11,265,222
541.47,268,265,222
537.47,281.11,265,222
533.47,276,265,222
549.26,269.33,265,222
505.89,283.67,265,222
541.05,277.33,265,222
537.47,272,265,222
533.47,285.11,265,222
549.26,280,265,222
545.47,273.33,265,222
541.47,287.67,265,222
537.47,281.33,265,222
533.47,276,265,222
529.47,269.33,265,222
525.47,283.67,265,222
521.47,277.33,265,222
537.26,272,265,222
533.47,265.33,265,222
529.47,279.67,265,222
545.26,273.33,265,222
541.47,268,265,222
537.47,261.33,265,222
533.47,275.67,265,222
549.26,269.33,265,222
545.47,264,265,222
561.26,277.11,265,222
557.47,272,265,222
553.47,265.33,265,222
569.26,260,265,222
565.47,273.11,265,222
561.47,268,265,222
557.47,261.33,265,222
573.26,275.67,265,222
569.47,269.33,265,222
565.47,264,265,222
561.47,257.33,265,222
577.26,271.67,265,222
573.47,265.33,265,222
569.47,260,265,222
585.26,273.11,265,222
581.47,268,265,222
577.47,281.11,265,222
593.26,276,265,222
589.47,289.11,265,222
585.47,284,265,222
581.47,277.33,265,222
577.47,272,265,222
593.26,285.11,265,222
589.47,280,265,222
585.47,273.33,265,222
601.26,268,265,222
597.47,281.11,265,222
613.26,276,265,222
609.47,269.33,265,222
605.47,264,265,222
621.26,277.11,265,222
617.47,272,265,222
613.47,285.11,265,222
609.47,280,265,222
625.26,273.33,265,222
621.47,287.67,265,222
637.26,281.33,265,222
653.26,276,265,222
649.47,269.33,265,222
665.26,264,265,222
661.47,277.11,265,222
657.47,272,265,222
653.47,285.11,265,222
669.26,280,265,222
665.47,273.33,265,222
661.47,287.67,265,222
657.47,281.33,265,222
673.26,295.67,265,222
649.68,289.33,265,222
665.26,284,265,222
661.47,297.11,265,222
657.47,292,265,222
653.47,285.33,265,222
649.47,299.67,265,222
645.47,293.33,265,222
641.47,288,265,222
657.26,301.11,265,222
653.47,296,265,222
649.47,289.33,265,222
645.47,303.67,265,222
641.47,297.33,265,222
637.47,292,265,222
633.47,285.33,265,222
629.47,299.67,265,222
645.26,293.33,265,222
641.47,288,265,222
637.47,281.33,265,222
633.47,295.67,265,222
629.47,289.33,265,222
645.26,284,265,222
641.47,297.11,265,222
637.47,292,265,222
633.47,285.33,265,222
629.47,280,265,222
625.47,293.11,265,222
621.47,288,265,222
617.47,281.33,265,222
613.47,276,265,222
609.47,289.11,265,222
605.47,284,265,222
601.47,277.33,265,222
597.47,272,265,222
593.47,285.11,265,222
589.47,280,265,222
605.26,273.33,265,222
581.68,268,265,222
597.26,281.11,265,222
593.47,276,265,222
589.47,269.33,265,222
585.47,264,265,222
581.47,277.11,265,222
557.68,272,265,222
553.47,265.33,265,222
549.47,260,265,222
545.47,273.11,265,222
561.26,268,265,222
537.68,241.56,265,222
533.47,257.11,265,222
529.47,252,265,222
525.47,265.11,265,222
501.68,260,265,222
497.47,253.33,265,222
493.47,248,265,222
489.47,261.11,265,222
485.47,256,265,222
461.68,249.33,265,222
497.05,244,265,222
473.68,237.33,265,222
429.89,251.67,265,222
425.47,245.33,265,222
421.47,259.67,265,222
516.42,273.11,265,222
630.11,228.67,265,222
625.47,224,265,222
621.47,237.11,265,222
617.47,232,265,222
633.26,225.33,265,222
629.47,220,265,222
625.47,233.11,265,222
621.47,228,265,222
558.11,260.89,265,222
553.47,275.67,265,222
549.47,269.33,265,222
624.63,224.67,265,222
621.47,239.67,265,222
538.32,272.89,265,222
533.47,268,265,222
608.63,241.56,265,222
625.26,237.33,265,222
621.47,232,265,222
538.32,264.89,265,222
533.47,260,265,222
628.42,233.56,265,222
622.74,229.33,265,222
539.16,263.33,265,222
534.74,277.11,265,222
630.21,232.67,265,222
625.47,228,265,222
621.47,241.11,265,222
617.47,236,265,222
554.11,268.89,265,222
608.84,244.33,265,222
625.26,237.33,265,222
621.47,232,265,222
538.32,264.89,265,222
533.47,260,265,222
628.42,233.56,265,222
622.74,229.33,265,222
539.16,263.33,265,222
554.63,277.11,265,222
630.32,232.67,265,222
625.47,228,265,222
621.47,241.11,265,222
558.11,275.33,265,222
612.84,249.56,265,222
629.26,245.33,265,222
625.47,240,265,222
562.11,272.89,265,222
636.63,248.33,265,222
633.47,241.33,265,222
629.47,236,265,222
546.32,288.67,265,222
640.42,244.67,265,222
634.74,259.67,265,222
551.16,292.89,265,222
566.63,288,265,222
642.32,261.56,265,222
637.47,257.33,265,222
