301,471,194,172
296.26,467.82,194,172
290.2,479.78,194,172
284.14,476.92,194,172
278.08,488.87,194,172
272.01,486.01,194,172
265.95,482.98,194,172
259.89,494.94,194,172
253.83,501,194,172
247.76,501,194,172
256.54,501,194,172
250.8,501,194,172
244.73,501,194,172
238.67,501,194,172
232.61,515.99,194,172
226.55,515.99,194,172
220.48,515.99,194,172
214.42,515.99,194,172
223.2,515.99,194,172
217.45,515.99,194,172
196.55,530.97,194,172
197.03,530.97,194,172
197.03,530.97,194,172
197.03,530.97,194,172
197.03,530.97,194,172
197.03,530.97,194,172
197.03,530.97,194,172
197.03,530.97,194,172
197.03,530.97,194,172
197.03,530.97,194,172
197.03,530.97,194,172
197.03,530.97,194,172
197.03,530.97,194,172
227.34,515.99,194,172
227.34,515.99,194,172
227.34,515.99,194,172
227.34,515.99,194,172
227.34,515.99,194,172
227.34,515.99,194,172
227.34,515.99,194,172
242.5,501,194,172
242.5,501,194,172
257.66,501,194,172
257.66,501,194,172
257.66,501,194,172
257.66,501,194,172
257.66,501,194,172
257.66,501,194,172
257.66,501,194,172
287.97,486.01,194,172
287.97,482.98,194,172
287.97,479.95,194,172
303.13,476.92,194,172
303.13,473.89,194,172
287.97,485.84,194,172
318.28,467.99,194,172
303.13,479.78,194,172
303.13,476.92,194,172
318.28,473.89,194,172
318.28,470.85,194,172
333.44,467.82,194,172
333.44,464.79,194,172
348.59,461.76,194,172
348.59,458.73,194,172
363.75,455.7,194,172
363.75,452.67,194,172
378.91,449.64,194,172
378.91,446.6,194,172
363.75,458.56,194,172
363.75,455.7,194,172
378.91,452.67,194,172
378.91,449.64,194,172
394.06,446.6,194,172
394.06,443.57,194,172
378.91,455.53,194,172
378.91,452.67,194,172
378.91,449.64,194,172
394.06,446.6,194,172
394.06,443.57,194,172
378.91,455.53,194,172
378.91,452.67,194,172
394.06,449.64,194,172
394.06,446.6,194,172
378.91,458.56,194,172
378.91,455.7,194,172
378.91,452.67,194,172
378.91,449.64,194,172
378.91,446.6,194,172
378.91,443.57,194,172
378.91,455.53,194,172
378.91,452.67,194,172
378.91,449.64,194,172
378.91,446.6,194,172
363.75,458.56,194,172
363.75,455.7,194,172
363.75,452.67,194,172
363.75,449.64,194,172
363.75,446.6,194,172
363.75,443.57,194,172
363.75,455.53,194,172
363.75,452.67,194,172
363.75,449.64,194,172
363.75,446.6,194,172
363.75,443.57,194,172
363.75,440.54,194,172
363.75,437.51,194,172
378.91,434.48,194,172
378.91,431.45,194,172
378.91,413.43,194,172
378.91,410.23,194,172
378.91,407.2,194,172
378.91,404.17,194,172
560.78,416.12,194,172
530.47,458.22,194,172
378.91,410.73,194,172
378.91,438.35,194,172
394.06,435.49,194,172
394.06,432.46,194,172
394.06,444.5,194,172
409.22,441.55,194,172
424.38,438.52,194,172
424.38,435.49,194,172
439.53,432.46,194,172
454.69,429.43,194,172
469.84,426.4,194,172
469.84,423.36,194,172
485,420.33,194,172
500.16,417.3,194,172
500.16,414.27,194,172
515.31,411.24,194,172
515.31,423.28,194,172
515.31,390.19,194,172
530.47,386.99,194,172
560.78,414.1,194,172
560.78,411.24,194,172
575.94,408.21,194,172
591.09,405.18,194,172
606.25,402.15,194,172
636.56,399.11,194,172
651.72,396.08,194,172
666.88,393.05,194,172
682.03,390.02,194,172
697.19,386.99,194,172
712.34,383.96,194,172
712.34,380.93,194,172
727.5,377.9,194,172
727.5,374.86,194,172
727.5,371.83,194,172
727.5,368.8,194,172
712.34,365.77,194,172
727.5,362.74,194,172
727.5,359.71,194,172
742.66,371.75,194,172
742.66,368.8,194,172
742.66,365.77,194,172
742.66,362.74,194,172
742.66,359.71,194,172
727.5,356.68,194,172
727.5,353.65,194,172
727.5,350.61,194,172
727.5,347.58,194,172
727.5,344.55,194,172
727.5,341.52,194,172
727.5,338.49,194,172
727.5,335.46,194,172
727.5,347.5,194,172
727.5,344.55,194,172
727.5,341.52,194,172
727.5,338.49,194,172
727.5,335.46,194,172
727.5,347.5,194,172
727.5,344.55,194,172
727.5,341.52,194,172
727.5,338.49,194,172
727.5,335.46,194,172
712.34,332.43,194,172
727.5,344.47,194,172
727.5,341.52,194,172
727.5,338.49,194,172
712.34,335.46,194,172
712.34,347.5,194,172
712.34,344.55,194,172
712.34,341.52,194,172
712.34,338.49,194,172
712.34,335.46,194,172
712.34,347.5,194,172
712.34,344.55,194,172
712.34,341.52,194,172
697.19,338.49,194,172
697.19,335.46,194,172
712.34,347.5,194,172
712.34,344.55,194,172
712.34,341.52,194,172
697.19,338.49,194,172
697.19,335.46,194,172
712.34,347.5,194,172
712.34,344.55,194,172
697.19,341.52,194,172
697.19,338.49,194,172
697.19,335.46,194,172
712.34,347.5,194,172
712.34,344.55,194,172
697.19,341.52,194,172
697.19,338.49,194,172
697.19,335.46,194,172
712.34,347.5,194,172
712.34,344.55,194,172
697.19,341.52,194,172
697.19,338.49,194,172
697.19,335.46,194,172
712.34,347.5,194,172
712.34,344.55,194,172
697.19,341.52,194,172
697.19,338.49,194,172
697.19,335.46,194,172
712.34,347.5,194,172
712.34,344.55,194,172
697.19,341.52,194,172
697.19,338.49,194,172
697.19,335.46,194,172
712.34,347.5,194,172
712.34,344.55,194,172
697.19,341.52,194,172
697.19,338.49,194,172
697.19,335.46,194,172
712.34,347.5,194,172
712.34,344.55,194,172
697.19,341.52,194,172
697.19,338.49,194,172
697.19,335.46,194,172
712.34,347.5,194,172
712.34,344.55,194,172
697.19,341.52,194,172
697.19,338.49,194,172
697.19,335.46,194,172
712.34,347.5,194,172
712.34,344.55,194,172
697.19,341.52,194,172
697.19,338.49,194,172
697.19,335.46,194,172
712.34,347.5,194,172
712.34,344.55,194,172
697.19,341.52,194,172
697.19,338.49,194,172
697.19,335.46,194,172
697.19,332.43,194,172
712.34,344.47,194,172
712.34,341.52,194,172
697.19,338.49,194,172
697.19,335.46,194,172
712.34,347.5,194,172
712.34,344.55,194,172
712.34,341.52,194,172
712.34,338.49,194,172
697.19,335.46,194,172
712.34,347.5,194,172
712.34,344.55,194,172
712.34,341.52,194,172
712.34,338.49,194,172
712.34,350.53,194,172
712.34,347.58,194,172
712.34,344.55,194,172
712.34,341.52,194,172
712.34,338.49,194,172
697.19,335.46,194,172
712.34,347.5,194,172
712.34,344.55,194,172
712.34,341.52,194,172
712.34,338.49,194,172
697.19,335.46,194,172
712.34,347.5,194,172
712.34,344.55,194,172
712.34,341.52,194,172
697.19,338.49,194,172
697.19,335.46,194,172
712.34,347.5,194,172
712.34,344.55,194,172
712.34,341.52,194,172
712.34,338.49,194,172
712.34,350.53,194,172
712.34,347.58,194,172
712.34,344.55,194,172
712.34,341.52,194,172
712.34,338.49,194,172
712.34,350.53,194,172
712.34,347.58,194,172
712.34,344.55,194,172
712.34,341.52,194,172
697.19,338.49,194,172
712.34,350.53,194,172
712.34,347.58,194,172
712.34,344.55,194,172
712.34,341.52,194,172
712.34,338.49,194,172
712.34,350.53,194,172
712.34,347.58,194,172
712.34,344.55,194,172
712.34,341.52,194,172
712.34,338.49,194,172
697.19,335.46,194,172
712.34,347.5,194,172
712.34,344.55,194,172
712.34,341.52,194,172
697.19,338.49,194,172
712.34,350.53,194,172
712.34,347.58,194,172
712.34,344.55,194,172
712.34,341.52,194,172
712.34,338.49,194,172
712.34,350.53,194,172
712.34,347.58,194,172
712.34,344.55,194,172
712.34,341.52,194,172
712.34,338.49,194,172
712.34,350.53,194,172
712.34,347.58,194,172
712.34,344.55,194,172
712.34,341.52,194,172
712.34,338.49,194,172
712.34,350.53,194,172
712.34,347.58,194,172
712.34,344.55,194,172
712.34,341.52,194,172
712.34,338.49,194,172
712.34,350.53,194,172
712.34,347.58,194,172
712.34,344.55,194,172
712.34,341.52,194,172
712.34,338.49,194,172
712.34,350.53,194,172
712.34,347.58,194,172
712.34,344.55,194,172
712.34,341.52,194,172
712.34,338.49,194,172
712.34,335.46,194,172
697.19,332.43,194,172
697.19,314.32,194,172
697.19,311.21,194,172
697.19,308.18,194,172
697.19,305.15,194,172
697.19,302.11,194,172
697.19,299.08,194,172
697.19,296.05,194,172
697.19,293.02,194,172
697.19,305.06,194,172
697.19,302.11,194,172
697.19,299.08,194,172
697.19,296.05,194,172
697.19,293.02,194,172
697.19,289.99,194,172
697.19,302.03,194,172
697.19,299.08,194,172
697.19,296.05,194,172
697.19,293.02,194,172
697.19,289.99,194,172
697.19,302.03,194,172
697.19,299.08,194,172
697.19,296.05,194,172
697.19,293.02,194,172
697.19,289.99,194,172
697.19,302.03,194,172
697.19,299.08,194,172
697.19,296.05,194,172
697.19,293.02,194,172
697.19,289.99,194,172
697.19,302.03,194,172
697.19,299.08,194,172
697.19,296.05,194,172
697.19,293.02,194,172
697.19,289.99,194,172
697.19,302.03,194,172
697.19,299.08,194,172
697.19,296.05,194,172
697.19,293.02,194,172
697.19,289.99,194,172
697.19,302.03,194,172
697.19,299.08,194,172
697.19,296.05,194,172
697.19,293.02,194,172
697.19,289.99,194,172
697.19,302.03,194,172
697.19,299.08,194,172
697.19,296.05,194,172
697.19,293.02,194,172
697.19,289.99,194,172
697.19,302.03,194,172
697.19,299.08,194,172
697.19,296.05,194,172
697.19,293.02,194,172
697.19,289.99,194,172
697.19,302.03,194,172
697.19,299.08,194,172
697.19,296.05,194,172
697.19,293.02,194,172
697.19,289.99,194,172
697.19,302.03,194,172
697.19,299.08,194,172
697.19,296.05,194,172
697.19,293.02,194,172
697.19,289.99,194,172
697.19,286.96,194,172
697.19,299,194,172
697.19,296.05,194,172
697.19,293.02,194,172
697.19,289.99,194,172
697.19,286.96,194,172
697.19,299,194,172
697.19,296.05,194,172
697.19,293.02,194,172
697.19,289.99,194,172
697.19,286.96,194,172
697.19,299,194,172
697.19,296.05,194,172
697.19,293.02,194,172
697.19,289.99,194,172
697.19,286.96,194,172
697.19,299,194,172
697.19,296.05,194,172
697.19,293.02,194,172
697.19,289.99,194,172
697.19,286.96,194,172
697.19,299,194,172
697.19,296.05,194,172
697.19,293.02,194,172
697.19,289.99,194,172
697.19,286.96,194,172
697.19,299,194,172
697.19,296.05,194,172
697.19,293.02,194,172
697.19,289.99,194,172
697.19,286.96,194,172
697.19,299,194,172
697.19,296.05,194,172
697.19,293.02,194,172
697.19,289.99,194,172
697.19,286.96,194,172
697.19,299,194,172
697.19,296.05,194,172
697.19,293.02,194,172
697.19,289.99,194,172
697.19,286.96,194,172
697.19,299,194,172
697.19,296.05,194,172
697.19,293.02,194,172
697.19,289.99,194,172
697.19,286.96,194,172
697.19,299,194,172
697.19,296.05,194,172
697.19,293.02,194,172
697.19,289.99,194,172
697.19,286.96,194,172
697.19,299,194,172
697.19,296.05,194,172
697.19,293.02,194,172
697.19,289.99,194,172
697.19,286.96,194,172
697.19,299,194,172
697.19,296.05,194,172
697.19,293.02,194,172
697.19,289.99,194,172
697.19,286.96,194,172
697.19,299,194,172
697.19,296.05,194,172
697.19,293.02,194,172
697.19,289.99,194,172
697.19,286.96,194,172
697.19,299,194,172
697.19,296.05,194,172
697.19,293.02,194,172
697.19,289.99,194,172
697.19,286.96,194,172
697.19,299,194,172
697.19,296.05,194,172
697.19,293.02,194,172
697.19,289.99,194,172
697.19,286.96,194,172
697.19,299,194,172
697.19,296.05,194,172
697.19,293.02,194,172
697.19,289.99,194,172
697.19,286.96,194,172
697.19,299,194,172
682.03,296.05,194,172
682.03,293.02,194,172
697.19,289.99,194,172
697.19,286.96,194,172
697.19,299,194,172
682.03,296.05,194,172
697.19,293.02,194,172
697.19,289.99,194,172
682.03,286.96,194,172
697.19,299,194,172
697.19,296.05,194,172
682.03,293.02,194,172
682.03,289.99,194,172
682.03,286.96,194,172
697.19,299,194,172
697.19,296.05,194,172
697.19,293.02,194,172
697.19,289.99,194,172
697.19,286.96,194,172
697.19,299,194,172
697.19,296.05,194,172
697.19,293.02,194,172
682.03,289.99,194,172
697.19,286.96,194,172
697.19,299,194,172
697.19,296.05,194,172
697.19,293.02,194,172
697.19,289.99,194,172
697.19,286.96,194,172
697.19,299,194,172
697.19,296.05,194,172
697.19,293.02,194,172
697.19,289.99,194,172
697.19,286.96,194,172
697.19,299,194,172
697.19,296.05,194,172
697.19,293.02,194,172
697.19,289.99,194,172
697.19,286.96,194,172
697.19,299,194,172
697.19,296.05,194,172
697.19,293.02,194,172
697.19,289.99,194,172
697.19,302.03,194,172
697.19,299.08,194,172
697.19,296.05,194,172
697.19,293.02,194,172
697.19,289.99,194,172
697.19,302.03,194,172
697.19,299.08,194,172
697.19,296.05,194,172
697.19,293.02,194,172
697.19,289.99,194,172
697.19,302.03,194,172
697.19,299.08,194,172
697.19,296.05,194,172
697.19,293.02,194,172
697.19,289.99,194,172
697.19,286.96,194,172
697.19,299,194,172
697.19,296.05,194,172
697.19,293.02,194,172
697.19,289.99,194,172
697.19,286.96,194,172
697.19,299,194,172
697.19,296.05,194,172
697.19,293.02,194,172
697.19,289.99,194,172
697.19,302.03,194,172
697.19,299.08,194,172
697.19,296.05,194,172
697.19,293.02,194,172
697.19,289.99,194,172
697.19,286.96,194,172
697.19,283.93,194,172
697.19,295.97,194,172
697.19,293.02,194,172
697.19,289.99,194,172
697.19,286.96,194,172
697.19,283.93,194,172
697.19,295.97,194,172
697.19,293.02,194,172
697.19,289.99,194,172
712.34,286.96,194,172
697.19,283.93,194,172
697.19,295.97,194,172
697.19,293.02,194,172
697.19,289.99,194,172
697.19,286.96,194,172
697.19,283.93,194,172
697.19,295.97,194,172
697.19,293.02,194,172
697.19,289.99,194,172
697.19,286.96,194,172
697.19,283.93,194,172
697.19,295.97,194,172
697.19,293.02,194,172
697.19,289.99,194,172
697.19,286.96,194,172
697.19,283.93,194,172
697.19,295.97,194,172
697.19,293.02,194,172
697.19,289.99,194,172
697.19,286.96,194,172
697.19,283.93,194,172
697.19,295.97,194,172
697.19,293.02,194,172
697.19,289.99,194,172
712.34,286.96,194,172
727.5,299,194,172
697.19,296.05,194,172
697.19,293.02,194,172
697.19,289.99,194,172
712.34,286.96,194,172
712.34,299,194,172
712.34,296.05,194,172
697.19,293.02,194,172
697.19,289.99,194,172
712.34,286.96,194,172
712.34,299,194,172
697.19,296.05,194,172
697.19,293.02,194,172
712.34,289.99,194,172
712.34,286.96,194,172
712.34,299,194,172
712.34,296.05,194,172
712.34,293.02,194,172
712.34,289.99,194,172
712.34,286.96,194,172
712.34,299,194,172
712.34,296.05,194,172
712.34,293.02,194,172
712.34,289.99,194,172
712.34,286.96,194,172
712.34,299,194,172
712.34,296.05,194,172
712.34,293.02,194,172
712.34,289.99,194,172
712.34,286.96,194,172
712.34,299,194,172
712.34,296.05,194,172
712.34,293.02,194,172
712.34,289.99,194,172
712.34,286.96,194,172
712.34,299,194,172
712.34,296.05,194,172
712.34,293.02,194,172
712.34,289.99,194,172
712.34,286.96,194,172
712.34,299,194,172
712.34,296.05,194,172
712.34,293.02,194,172
712.34,289.99,194,172
712.34,286.96,194,172
712.34,299,194,172
712.34,296.05,194,172
712.34,293.02,194,172
712.34,289.99,194,172
712.34,286.96,194,172
697.19,283.93,194,172
697.19,280.9,194,172
697.19,277.86,194,172
697.19,274.83,194,172
697.19,271.8,194,172
682.03,268.77,194,172
682.03,265.74,194,172
682.03,262.71,194,172
682.03,259.68,194,172
666.88,256.65,194,172
666.88,253.61,194,172
621.41,220.44,194,172
636.56,232.31,194,172
651.72,229.36,194,172
636.56,226.33,194,172
636.56,223.3,194,172
621.41,205.2,194,172
621.41,202.08,194,172
560.78,138.76,194,172
560.78,137.42,194,172
545.63,119.4,194,172
545.63,116.2,194,172
530.47,98.179,194,172
515.31,79.991,194,172
500.16,61.804,194,172
485,61.635,194,172
485,46.648,194,172
469.84,31.66,194,172
454.69,31.66,194,172
439.53,1.684,194,172
424.38,17.43,194,172
424.38,77.718,194,172
409.22,74.771,194,172
394.06,71.74,194,172
363.75,8.4201,194,172
348.59,16.672,194,172
318.28,2.3576,194,172
303.13,1.684,194,172
318.28,17.43,194,172
303.13,17.43,194,172
287.97,17.43,194,172
272.81,17.43,194,172
272.81,32.502,194,172
257.66,32.502,194,172
242.5,32.502,194,172
242.5,47.574,194,172
212.19,47.574,194,172
197.03,62.646,194,172
181.88,77.718,194,172
181.88,89.843,194,172
166.72,86.896,194,172
151.56,114.01,194,172
136.41,126.22,194,172
136.41,123.27,194,172
136.41,135.31,194,172
121.25,147.44,194,172
121.25,159.56,194,172
106.09,171.69,194,172
106.09,183.81,194,172
106.09,180.86,194,172
106.09,192.91,194,172
106.09,189.96,194,172
106.09,186.93,194,172
106.09,198.97,194,172
106.09,196.02,194,172
106.09,208.06,194,172
106.09,205.11,194,172
121.25,202.08,194,172
121.25,199.05,194,172
121.25,196.02,194,172
121.25,208.06,194,172
121.25,205.11,194,172
121.25,202.08,194,172
121.25,199.05,194,172
136.41,196.02,194,172
136.41,208.06,194,172
136.41,205.11,194,172
136.41,202.08,194,172
136.41,199.05,194,172
136.41,196.02,194,172
151.56,208.06,194,172
151.56,205.11,194,172
151.56,202.08,194,172
151.56,199.05,194,172
151.56,211.09,194,172
166.72,208.15,194,172
166.72,205.11,194,172
166.72,202.08,194,172
166.72,199.05,194,172
166.72,211.09,194,172
166.72,208.15,194,172
166.72,205.11,194,172
181.88,202.08,194,172
181.88,199.05,194,172
181.88,211.09,194,172
181.88,208.15,194,172
181.88,205.11,194,172
181.88,202.08,194,172
181.88,214.12,194,172
181.88,211.18,194,172
181.88,208.15,194,172
181.88,205.11,194,172
181.88,202.08,194,172
181.88,214.12,194,172
181.88,211.18,194,172
181.88,208.15,194,172
181.88,205.11,194,172
181.88,202.08,194,172
181.88,214.12,194,172
181.88,211.18,194,172
181.88,208.15,194,172
181.88,205.11,194,172
181.88,202.08,194,172
181.88,214.12,194,172
181.88,211.18,194,172
181.88,208.15,194,172
181.88,205.11,194,172
181.88,202.08,194,172
181.88,214.12,194,172
181.88,211.18,194,172
181.88,208.15,194,172
181.88,205.11,194,172
181.88,202.08,194,172
181.88,214.12,194,172
181.88,211.18,194,172
181.88,208.15,194,172
181.88,205.11,194,172
181.88,202.08,194,172
181.88,214.12,194,172
181.88,211.18,194,172
181.88,208.15,194,172
181.88,205.11,194,172
181.88,202.08,194,172
181.88,214.12,194,172
181.88,211.18,194,172
181.88,208.15,194,172
181.88,205.11,194,172
181.88,202.08,194,172
181.88,214.12,194,172
181.88,211.18,194,172
181.88,208.15,194,172
181.88,205.11,194,172
181.88,202.08,194,172
181.88,214.12,194,172
181.88,211.18,194,172
181.88,208.15,194,172
181.88,205.11,194,172
181.88,202.08,194,172
181.88,214.12,194,172
181.88,211.18,194,172
181.88,208.15,194,172
181.88,205.11,194,172
181.88,202.08,194,172
181.88,214.12,194,172
181.88,211.18,194,172
181.88,208.15,194,172
181.88,205.11,194,172
181.88,202.08,194,172
181.88,214.12,194,172
181.88,211.18,194,172
181.88,208.15,194,172
181.88,205.11,194,172
181.88,202.08,194,172
181.88,214.12,194,172
181.88,211.18,194,172
181.88,208.15,194,172
181.88,205.11,194,172
181.88,202.08,194,172
181.88,214.12,194,172
181.88,211.18,194,172
181.88,208.15,194,172
181.88,205.11,194,172
181.88,202.08,194,172
181.88,214.12,194,172
181.88,211.18,194,172
181.88,208.15,194,172
181.88,205.11,194,172
181.88,202.08,194,172
181.88,214.12,194,172
181.88,211.18,194,172
181.88,208.15,194,172
181.88,205.11,194,172
181.88,202.08,194,172
181.88,214.12,194,172
181.88,211.18,194,172
181.88,208.15,194,172
181.88,205.11,194,172
181.88,202.08,194,172
181.88,214.12,194,172
181.88,211.18,194,172
181.88,208.15,194,172
181.88,205.11,194,172
181.88,202.08,194,172
181.88,214.12,194,172
181.88,211.18,194,172
181.88,208.15,194,172
181.88,205.11,194,172
181.88,202.08,194,172
181.88,214.12,194,172
181.88,211.18,194,172
181.88,208.15,194,172
181.88,205.11,194,172
181.88,202.08,194,172
181.88,214.12,194,172
181.88,211.18,194,172
181.88,208.15,194,172
181.88,205.11,194,172
181.88,202.08,194,172
181.88,199.05,194,172
181.88,211.09,194,172
181.88,208.15,194,172
181.88,205.11,194,172
181.88,202.08,194,172
181.88,199.05,194,172
181.88,211.09,194,172
181.88,208.15,194,172
181.88,205.11,194,172
181.88,202.08,194,172
181.88,199.05,194,172
181.88,211.09,194,172
181.88,208.15,194,172
181.88,205.11,194,172
181.88,202.08,194,172
181.88,199.05,194,172
181.88,211.09,194,172
181.88,208.15,194,172
181.88,205.11,194,172
181.88,202.08,194,172
181.88,214.12,194,172
181.88,211.18,194,172
181.88,208.15,194,172
181.88,205.11,194,172
181.88,202.08,194,172
181.88,214.12,194,172
181.88,211.18,194,172
181.88,208.15,194,172
181.88,205.11,194,172
181.88,202.08,194,172
181.88,214.12,194,172
181.88,211.18,194,172
181.88,208.15,194,172
181.88,205.11,194,172
181.88,202.08,194,172
181.88,214.12,194,172
181.88,211.18,194,172
181.88,208.15,194,172
181.88,205.11,194,172
181.88,202.08,194,172
181.88,214.12,194,172
181.88,211.18,194,172
181.88,208.15,194,172
181.88,205.11,194,172
181.88,202.08,194,172
181.88,214.12,194,172
181.88,211.18,194,172
181.88,208.15,194,172
181.88,205.11,194,172
181.88,202.08,194,172
181.88,214.12,194,172
181.88,211.18,194,172
181.88,208.15,194,172
181.88,205.11,194,172
181.88,202.08,194,172
181.88,214.12,194,172
181.88,211.18,194,172
181.88,208.15,194,172
181.88,205.11,194,172
181.88,202.08,194,172
181.88,214.12,194,172
181.88,211.18,194,172
181.88,208.15,194,172
181.88,205.11,194,172
181.88,202.08,194,172
181.88,214.12,194,172
181.88,211.18,194,172
181.88,208.15,194,172
181.88,205.11,194,172
181.88,202.08,194,172
181.88,214.12,194,172
181.88,211.18,194,172
181.88,208.15,194,172
181.88,205.11,194,172
181.88,202.08,194,172
181.88,214.12,194,172
181.88,211.18,194,172
181.88,208.15,194,172
181.88,205.11,194,172
181.88,202.08,194,172
181.88,199.05,194,172
181.88,211.09,194,172
181.88,208.15,194,172
181.88,205.11,194,172
181.88,202.08,194,172
181.88,214.12,194,172
181.88,211.18,194,172
181.88,208.15,194,172
181.88,205.11,194,172
181.88,202.08,194,172
181.88,199.05,194,172
181.88,211.09,194,172
181.88,208.15,194,172
181.88,205.11,194,172
181.88,202.08,194,172
181.88,199.05,194,172
181.88,211.09,194,172
181.88,208.15,194,172
181.88,205.11,194,172
181.88,202.08,194,172
181.88,199.05,194,172
181.88,211.09,194,172
181.88,208.15,194,172
181.88,205.11,194,172
181.88,202.08,194,172
181.88,199.05,194,172
181.88,211.09,194,172
181.88,208.15,194,172
181.88,205.11,194,172
181.88,202.08,194,172
181.88,214.12,194,172
181.88,211.18,194,172
181.88,208.15,194,172
181.88,205.11,194,172
181.88,202.08,194,172
181.88,214.12,194,172
181.88,211.18,194,172
181.88,208.15,194,172
181.88,205.11,194,172
181.88,202.08,194,172
181.88,214.12,194,172
181.88,211.18,194,172
181.88,208.15,194,172
181.88,205.11,194,172
181.88,202.08,194,172
181.88,199.05,194,172
181.88,211.09,194,172
181.88,208.15,194,172
181.88,205.11,194,172
181.88,202.08,194,172
181.88,199.05,194,172
181.88,211.09,194,172
181.88,208.15,194,172
181.88,205.11,194,172
181.88,202.08,194,172
181.88,199.05,194,172
181.88,211.09,194,172
181.88,208.15,194,172
181.88,205.11,194,172
181.88,202.08,194,172
181.88,199.05,194,172
181.88,211.09,194,172
181.88,208.15,194,172
181.88,205.11,194,172
181.88,202.08,194,172
181.88,214.12,194,172
181.88,211.18,194,172
181.88,208.15,194,172
181.88,205.11,194,172
181.88,202.08,194,172
181.88,214.12,194,172
181.88,211.18,194,172
181.88,208.15,194,172
181.88,205.11,194,172
181.88,202.08,194,172
181.88,199.05,194,172
181.88,211.09,194,172
181.88,208.15,194,172
181.88,205.11,194,172
181.88,202.08,194,172
181.88,214.12,194,172
181.88,211.18,194,172
181.88,208.15,194,172
181.88,205.11,194,172
181.88,202.08,194,172
181.88,214.12,194,172
181.88,211.18,194,172
181.88,208.15,194,172
181.88,205.11,194,172
181.88,202.08,194,172
181.88,214.12,194,172
181.88,211.18,194,172
181.88,208.15,194,172
181.88,205.11,194,172
181.88,202.08,194,172
181.88,214.12,194,172
181.88,211.18,194,172
181.88,208.15,194,172
181.88,205.11,194,172
181.88,202.08,194,172
181.88,214.12,194,172
181.88,211.18,194,172
181.88,208.15,194,172
181.88,205.11,194,172
181.88,202.08,194,172
181.88,199.05,194,172
181.88,211.09,194,172
181.88,208.15,194,172
181.88,205.11,194,172
181.88,202.08,194,172
181.88,199.05,194,172
181.88,211.09,194,172
181.88,208.15,194,172
181.88,205.11,194,172
181.88,202.08,194,172
181.88,199.05,194,172
181.88,211.09,194,172
181.88,208.15,194,172
181.88,205.11,194,172
181.88,202.08,194,172
181.88,199.05,194,172
181.88,211.09,194,172
181.88,208.15,194,172
181.88,205.11,194,172
181.88,202.08,194,172
181.88,214.12,194,172
181.88,211.18,194,172
181.88,208.15,194,172
181.88,205.11,194,172
181.88,202.08,194,172
181.88,214.12,194,172
181.88,211.18,194,172
181.88,208.15,194,172
181.88,205.11,194,172
181.88,202.08,194,172
181.88,214.12,194,172
181.88,211.18,194,172
181.88,208.15,194,172
181.88,205.11,194,172
181.88,202.08,194,172
181.88,214.12,194,172
181.88,211.18,194,172
181.88,208.15,194,172
181.88,205.11,194,172
181.88,202.08,194,172
181.88,214.12,194,172
181.88,211.18,194,172
181.88,208.15,194,172
181.88,205.11,194,172
181.88,202.08,194,172
181.88,214.12,194,172
181.88,211.18,194,172
181.88,208.15,194,172
181.88,220.19,194,172
166.72,217.24,194,172
181.88,214.21,194,172
166.72,226.25,194,172
166.72,223.3,194,172
151.56,235.34,194,172
151.56,247.47,194,172
151.56,244.52,194,172
151.56,241.49,194,172
151.56,253.53,194,172
151.56,250.58,194,172
136.41,262.62,194,172
136.41,259.68,194,172
136.41,271.72,194,172
136.41,268.77,194,172
136.41,265.74,194,172
136.41,262.71,194,172
136.41,274.75,194,172
136.41,271.8,194,172
121.25,268.77,194,172
121.25,280.81,194,172
121.25,277.86,194,172
121.25,274.83,194,172
121.25,271.8,194,172
121.25,268.77,194,172
121.25,265.74,194,172
121.25,262.71,194,172
106.09,274.75,194,172
106.09,286.87,194,172
106.09,283.93,194,172
106.09,280.9,194,172
106.09,277.86,194,172
106.09,274.83,194,172
106.09,271.8,194,172
106.09,268.77,194,172
106.09,265.74,194,172
106.09,262.71,194,172
90.938,274.75,194,172
106.09,271.8,194,172
90.938,283.84,194,172
90.938,280.9,194,172
90.938,277.86,194,172
90.938,274.83,194,172
90.938,286.87,194,172
90.938,283.93,194,172
90.938,280.9,194,172
90.938,277.86,194,172
90.938,274.83,194,172
90.938,271.8,194,172
90.938,268.77,194,172
75.781,280.81,194,172
75.781,277.86,194,172
75.781,289.91,194,172
75.781,286.96,194,172
75.781,283.93,194,172
60.625,280.9,194,172
48.5,292.94,194,172
48.5,289.99,194,172
48.5,286.96,194,172
33.344,283.93,194,172
33.344,280.9,194,172
33.344,277.86,194,172
33.344,274.83,194,172
33.344,271.8,194,172
18.188,283.84,194,172
18.188,280.9,194,172
154.59,428.59,194,172
154.59,440.37,194,172
154.59,437.51,194,172
154.59,434.48,194,172
154.59,431.45,194,172
154.59,443.4,194,172
139.44,440.54,194,172
139.44,437.51,194,172
139.44,434.48,194,172
139.44,431.45,194,172
139.44,443.4,194,172
124.28,440.54,194,172
124.28,437.51,194,172
93.969,464.45,194,172
93.969,461.76,194,172
78.813,443.74,194,172
63.656,440.54,194,172
63.656,437.51,194,172
78.813,464.45,194,172
48.5,461.76,194,172
48.5,443.74,194,172
48.5,440.54,194,172
48.5,437.51,194,172
48.5,449.47,194,172
48.5,446.6,194,172
48.5,443.57,194,172
33.344,440.54,194,172
48.5,437.51,194,172
48.5,449.47,194,172
48.5,446.6,194,172
48.5,443.57,194,172
33.344,440.54,194,172
33.344,437.51,194,172
48.5,449.47,194,172
48.5,446.6,194,172
48.5,443.57,194,172
33.344,440.54,194,172
33.344,437.51,194,172
48.5,449.47,194,172
48.5,446.6,194,172
48.5,443.57,194,172
33.344,440.54,194,172
33.344,437.51,194,172
48.5,449.47,194,172
48.5,446.6,194,172
48.5,443.57,194,172
33.344,440.54,194,172
48.5,437.51,194,172
48.5,449.47,194,172
48.5,446.6,194,172
48.5,443.57,194,172
33.344,440.54,194,172
33.344,437.51,194,172
48.5,449.47,194,172
48.5,446.6,194,172
48.5,443.57,194,172
33.344,440.54,194,172
48.5,437.51,194,172
48.5,449.47,194,172
48.5,446.6,194,172
48.5,443.57,194,172
33.344,440.54,194,172
33.344,437.51,194,172
48.5,449.47,194,172
48.5,446.6,194,172
48.5,443.57,194,172
33.344,440.54,194,172
33.344,437.51,194,172
48.5,449.47,194,172
48.5,446.6,194,172
48.5,443.57,194,172
33.344,440.54,194,172
48.5,437.51,194,172
48.5,449.47,194,172
48.5,446.6,194,172
48.5,443.57,194,172
33.344,440.54,194,172
33.344,437.51,194,172
48.5,449.47,194,172
48.5,446.6,194,172
48.5,443.57,194,172
33.344,440.54,194,172
48.5,437.51,194,172
48.5,449.47,194,172
48.5,446.6,194,172
48.5,443.57,194,172
33.344,440.54,194,172
33.344,437.51,194,172
48.5,449.47,194,172
48.5,446.6,194,172
48.5,443.57,194,172
33.344,440.54,194,172
48.5,437.51,194,172
48.5,449.47,194,172
48.5,446.6,194,172
48.5,443.57,194,172
33.344,440.54,194,172
48.5,437.51,194,172
48.5,449.47,194,172
48.5,446.6,194,172
48.5,443.57,194,172
33.344,440.54,194,172
48.5,437.51,194,172
48.5,449.47,194,172
48.5,446.6,194,172
48.5,443.57,194,172
33.344,440.54,194,172
48.5,437.51,194,172
48.5,449.47,194,172
48.5,446.6,194,172
48.5,443.57,194,172
33.344,440.54,194,172
48.5,437.51,194,172
48.5,449.47,194,172
48.5,446.6,194,172
48.5,443.57,194,172
33.344,440.54,194,172
48.5,437.51,194,172
48.5,449.47,194,172
48.5,446.6,194,172
48.5,443.57,194,172
33.344,440.54,194,172
48.5,437.51,194,172
48.5,449.47,194,172
48.5,446.6,194,172
48.5,443.57,194,172
33.344,440.54,194,172
48.5,437.51,194,172
48.5,449.47,194,172
48.5,446.6,194,172
48.5,443.57,194,172
33.344,440.54,194,172
48.5,437.51,194,172
48.5,449.47,194,172
48.5,446.6,194,172
48.5,443.57,194,172
33.344,440.54,194,172
48.5,437.51,194,172
48.5,449.47,194,172
48.5,446.6,194,172
48.5,443.57,194,172
48.5,440.54,194,172
48.5,437.51,194,172
48.5,449.47,194,172
48.5,446.6,194,172
48.5,443.57,194,172
33.344,440.54,194,172
48.5,437.51,194,172
48.5,449.47,194,172
48.5,446.6,194,172
48.5,443.57,194,172
48.5,440.54,194,172
33.344,437.51,194,172
48.5,449.47,194,172
48.5,446.6,194,172
48.5,443.57,194,172
48.5,440.54,194,172
33.344,437.51,194,172
48.5,449.47,194,172
48.5,446.6,194,172
48.5,443.57,194,172
48.5,440.54,194,172
33.344,437.51,194,172
48.5,449.47,194,172
48.5,446.6,194,172
48.5,443.57,194,172
48.5,440.54,194,172
33.344,437.51,194,172
48.5,449.47,194,172
48.5,446.6,194,172
48.5,443.57,194,172
48.5,440.54,194,172
33.344,437.51,194,172
48.5,449.47,194,172
48.5,446.6,194,172
48.5,443.57,194,172
33.344,440.54,194,172
33.344,437.51,194,172
48.5,449.47,194,172
48.5,446.6,194,172
33.344,443.57,194,172
33.344,440.54,194,172
33.344,437.51,194,172
48.5,449.47,194,172
48.5,446.6,194,172
48.5,443.57,194,172
48.5,440.54,194,172
33.344,437.51,194,172
48.5,449.47,194,172
48.5,446.6,194,172
48.5,443.57,194,172
48.5,440.54,194,172
33.344,437.51,194,172
48.5,449.47,194,172
48.5,446.6,194,172
48.5,443.57,194,172
33.344,440.54,194,172
33.344,437.51,194,172
48.5,449.47,194,172
48.5,446.6,194,172
48.5,443.57,194,172
48.5,440.54,194,172
33.344,437.51,194,172
48.5,449.47,194,172
48.5,446.6,194,172
48.5,443.57,194,172
48.5,440.54,194,172
18.188,437.51,194,172
48.5,449.47,194,172
48.5,446.6,194,172
48.5,443.57,194,172
48.5,440.54,194,172
48.5,437.51,194,172
48.5,449.47,194,172
48.5,446.6,194,172
48.5,443.57,194,172
33.344,440.54,194,172
33.344,437.51,194,172
48.5,449.47,194,172
48.5,446.6,194,172
48.5,443.57,194,172
48.5,440.54,194,172
33.344,437.51,194,172
33.344,419.49,194,172
48.5,446.27,194,172
48.5,443.57,194,172
33.344,440.54,194,172
18.188,422.52,194,172
48.5,419.32,194,172
48.5,446.27,194,172
48.5,443.57,194,172
33.344,440.54,194,172
18.188,422.52,194,172
48.5,419.32,194,172
48.5,446.27,194,172
48.5,443.57,194,172
33.344,440.54,194,172
33.344,422.52,194,172
33.344,419.32,194,172
48.5,446.27,194,172
48.5,443.57,194,172
63.656,410.57,194,172
63.656,407.2,194,172
63.656,404.17,194,172
48.5,416.12,194,172
48.5,413.26,194,172
33.344,410.23,194,172
48.5,407.2,194,172
33.344,404.17,194,172
48.5,416.12,194,172
48.5,413.26,194,172
48.5,410.23,194,172
48.5,407.2,194,172
48.5,404.17,194,172
48.5,416.12,194,172
48.5,413.26,194,172
48.5,410.23,194,172
48.5,407.2,194,172
48.5,404.17,194,172
48.5,416.12,194,172
48.5,413.26,194,172
48.5,410.23,194,172
48.5,407.2,194,172
48.5,404.17,194,172
48.5,416.12,194,172
48.5,413.26,194,172
48.5,410.23,194,172
48.5,407.2,194,172
48.5,404.17,194,172
48.5,416.12,194,172
48.5,413.26,194,172
48.5,410.23,194,172
48.5,407.2,194,172
48.5,404.17,194,172
48.5,416.12,194,172
48.5,413.26,194,172
48.5,410.23,194,172
48.5,407.2,194,172
48.5,404.17,194,172
48.5,416.12,194,172
48.5,413.26,194,172
48.5,410.23,194,172
48.5,422.19,194,172
48.5,419.32,194,172
48.5,416.29,194,172
48.5,413.26,194,172
48.5,410.23,194,172
48.5,407.2,194,172
48.5,419.15,194,172
48.5,416.29,194,172
48.5,413.26,194,172
48.5,425.22,194,172
48.5,407.37,194,172
48.5,419.15,194,172
48.5,416.29,194,172
48.5,413.26,194,172
48.5,425.22,194,172
48.5,407.37,194,172
48.5,419.15,194,172
48.5,416.29,194,172
48.5,413.26,194,172
48.5,425.22,194,172
48.5,422.35,194,172
48.5,404.34,194,172
48.5,416.12,194,172
48.5,413.26,194,172
48.5,425.22,194,172
48.5,422.35,194,172
48.5,419.32,194,172
48.5,416.29,194,172
48.5,413.26,194,172
48.5,425.22,194,172
48.5,422.35,194,172
48.5,419.32,194,172
48.5,416.29,194,172
48.5,428.25,194,172
48.5,425.39,194,172
48.5,422.35,194,172
48.5,419.32,194,172
48.5,416.29,194,172
48.5,413.26,194,172
48.5,410.23,194,172
48.5,407.2,194,172
48.5,404.17,194,172
48.5,416.12,194,172
48.5,413.26,194,172
48.5,410.23,194,172
48.5,407.2,194,172
48.5,419.15,194,172
48.5,416.29,194,172
48.5,413.26,194,172
48.5,410.23,194,172
48.5,407.2,194,172
48.5,419.15,194,172
48.5,416.29,194,172
48.5,413.26,194,172
48.5,410.23,194,172
48.5,407.2,194,172
48.5,524.07,194,172
-27.281,351.12,194,172
48.5,439.53,194,172
48.5,407.53,194,172
48.5,404.17,194,172
48.5,446.1,194,172
48.5,443.57,194,172
48.5,440.54,194,172
48.5,437.51,194,172
63.656,434.48,194,172
63.656,431.45,194,172
48.5,443.4,194,172
48.5,425.55,194,172
48.5,422.35,194,172
48.5,419.32,194,172
48.5,416.29,194,172
48.5,443.24,194,172
48.5,440.54,194,172
48.5,422.52,194,172
48.5,419.32,194,172
48.5,446.27,194,172
48.5,443.57,194,172
48.5,425.55,194,172
48.5,422.35,194,172
48.5,419.32,194,172
48.5,446.27,194,172
48.5,443.57,194,172
48.5,440.54,194,172
48.5,437.51,194,172
48.5,434.48,194,172
48.5,446.44,194,172
48.5,443.57,194,172
48.5,425.55,194,172
48.5,422.35,194,172
48.5,419.32,194,172
48.5,446.27,194,172
48.5,443.57,194,172
48.5,440.54,194,172
48.5,437.51,194,172
48.5,434.48,194,172
48.5,446.44,194,172
48.5,443.57,194,172
63.656,440.54,194,172
48.5,437.51,194,172
48.5,434.48,194,172
48.5,446.44,194,172
48.5,443.57,194,172
48.5,440.54,194,172
48.5,437.51,194,172
48.5,434.48,194,172
48.5,446.44,194,172
48.5,443.57,194,172
48.5,440.54,194,172
48.5,437.51,194,172
48.5,434.48,194,172
48.5,446.44,194,172
48.5,443.57,194,172
48.5,440.54,194,172
48.5,437.51,194,172
48.5,434.48,194,172
48.5,446.44,194,172
48.5,443.57,194,172
48.5,440.54,194,172
48.5,437.51,194,172
48.5,434.48,194,172
48.5,446.44,194,172
48.5,443.57,194,172
48.5,440.54,194,172
48.5,437.51,194,172
48.5,434.48,194,172
48.5,446.44,194,172
48.5,443.57,194,172
48.5,440.54,194,172
48.5,437.51,194,172
48.5,434.48,194,172
48.5,446.44,194,172
48.5,443.57,194,172
48.5,440.54,194,172
48.5,437.51,194,172
48.5,434.48,194,172
48.5,446.44,194,172
48.5,443.57,194,172
48.5,440.54,194,172
48.5,437.51,194,172
48.5,434.48,194,172
48.5,446.44,194,172
48.5,443.57,194,172
48.5,440.54,194,172
48.5,437.51,194,172
48.5,434.48,194,172
48.5,446.44,194,172
48.5,443.57,194,172
48.5,440.54,194,172
48.5,437.51,194,172
48.5,434.48,194,172
48.5,446.44,194,172
48.5,443.57,194,172
48.5,440.54,194,172
48.5,437.51,194,172
48.5,434.48,194,172
48.5,446.44,194,172
48.5,443.57,194,172
48.5,440.54,194,172
48.5,437.51,194,172
48.5,434.48,194,172
48.5,446.44,194,172
48.5,443.57,194,172
48.5,440.54,194,172
48.5,437.51,194,172
48.5,434.48,194,172
48.5,446.44,194,172
48.5,443.57,194,172
48.5,440.54,194,172
48.5,437.51,194,172
48.5,434.48,194,172
48.5,446.44,194,172
48.5,443.57,194,172
48.5,440.54,194,172
48.5,437.51,194,172
48.5,434.48,194,172
48.5,446.44,194,172
48.5,443.57,194,172
48.5,440.54,194,172
48.5,437.51,194,172
48.5,434.48,194,172
48.5,446.44,194,172
48.5,443.57,194,172
48.5,440.54,194,172
48.5,437.51,194,172
48.5,434.48,194,172
48.5,446.44,194,172
48.5,443.57,194,172
48.5,440.54,194,172
48.5,437.51,194,172
48.5,434.48,194,172
48.5,446.44,194,172
48.5,443.57,194,172
48.5,440.54,194,172
48.5,437.51,194,172
48.5,434.48,194,172
48.5,446.44,194,172
48.5,443.57,194,172
48.5,440.54,194,172
48.5,437.51,194,172
48.5,434.48,194,172
48.5,446.44,194,172
48.5,443.57,194,172
48.5,440.54,194,172
48.5,437.51,194,172
48.5,434.48,194,172
48.5,446.44,194,172
48.5,443.57,194,172
48.5,440.54,194,172
48.5,437.51,194,172
48.5,434.48,194,172
48.5,446.44,194,172
48.5,443.57,194,172
48.5,440.54,194,172
48.5,437.51,194,172
48.5,434.48,194,172
48.5,446.44,194,172
48.5,443.57,194,172
48.5,440.54,194,172
48.5,437.51,194,172
48.5,434.48,194,172
48.5,446.44,194,172
48.5,443.57,194,172
48.5,440.54,194,172
48.5,437.51,194,172
48.5,434.48,194,172
48.5,446.44,194,172
48.5,443.57,194,172
48.5,440.54,194,172
48.5,437.51,194,172
48.5,434.48,194,172
48.5,446.44,194,172
48.5,443.57,194,172
48.5,440.54,194,172
48.5,437.51,194,172
48.5,449.47,194,172
48.5,446.6,194,172
48.5,443.57,194,172
48.5,440.54,194,172
48.5,437.51,194,172
48.5,449.47,194,172
48.5,446.6,194,172
48.5,443.57,194,172
48.5,440.54,194,172
48.5,437.51,194,172
48.5,434.48,194,172
48.5,446.44,194,172
48.5,443.57,194,172
48.5,440.54,194,172
48.5,437.51,194,172
48.5,434.48,194,172
48.5,446.44,194,172
48.5,443.57,194,172
48.5,440.54,194,172
48.5,437.51,194,172
48.5,434.48,194,172
48.5,446.44,194,172
48.5,443.57,194,172
48.5,440.54,194,172
48.5,437.51,194,172
48.5,434.48,194,172
48.5,446.44,194,172
48.5,443.57,194,172
48.5,440.54,194,172
48.5,437.51,194,172
48.5,434.48,194,172
48.5,446.44,194,172
48.5,443.57,194,172
48.5,440.54,194,172
48.5,437.51,194,172
48.5,434.48,194,172
48.5,446.44,194,172
48.5,443.57,194,172
48.5,440.54,194,172
48.5,437.51,194,172
48.5,434.48,194,172
48.5,446.44,194,172
48.5,443.57,194,172
48.5,440.54,194,172
48.5,437.51,194,172
48.5,434.48,194,172
48.5,446.44,194,172
48.5,443.57,194,172
48.5,440.54,194,172
48.5,437.51,194,172
48.5,434.48,194,172
48.5,446.44,194,172
48.5,443.57,194,172
48.5,440.54,194,172
48.5,437.51,194,172
48.5,434.48,194,172
48.5,446.44,194,172
48.5,443.57,194,172
48.5,440.54,194,172
48.5,437.51,194,172
48.5,434.48,194,172
48.5,446.44,194,172
48.5,443.57,194,172
48.5,440.54,194,172
48.5,437.51,194,172
48.5,434.48,194,172
48.5,446.44,194,172
48.5,443.57,194,172
48.5,440.54,194,172
48.5,437.51,194,172
48.5,434.48,194,172
48.5,446.44,194,172
48.5,443.57,194,172
48.5,440.54,194,172
48.5,437.51,194,172
48.5,434.48,194,172
48.5,446.44,194,172
48.5,443.57,194,172
48.5,440.54,194,172
48.5,437.51,194,172
48.5,434.48,194,172
48.5,446.44,194,172
48.5,443.57,194,172
48.5,440.54,194,172
48.5,437.51,194,172
48.5,434.48,194,172
48.5,446.44,194,172
48.5,443.57,194,172
48.5,440.54,194,172
48.5,437.51,194,172
48.5,434.48,194,172
48.5,446.44,194,172
48.5,443.57,194,172
48.5,440.54,194,172
48.5,437.51,194,172
48.5,434.48,194,172
48.5,446.44,194,172
48.5,443.57,194,172
48.5,440.54,194,172
48.5,437.51,194,172
48.5,434.48,194,172
48.5,446.44,194,172
48.5,443.57,194,172
48.5,440.54,194,172
48.5,437.51,194,172
48.5,434.48,194,172
48.5,446.44,194,172
48.5,443.57,194,172
48.5,440.54,194,172
48.5,437.51,194,172
48.5,434.48,194,172
48.5,446.44,194,172
48.5,443.57,194,172
48.5,440.54,194,172
48.5,437.51,194,172
48.5,434.48,194,172
48.5,446.44,194,172
48.5,443.57,194,172
48.5,440.54,194,172
48.5,437.51,194,172
48.5,434.48,194,172
48.5,446.44,194,172
48.5,443.57,194,172
48.5,440.54,194,172
48.5,437.51,194,172
48.5,434.48,194,172
48.5,446.44,194,172
48.5,443.57,194,172
48.5,440.54,194,172
48.5,437.51,194,172
48.5,434.48,194,172
48.5,446.44,194,172
48.5,443.57,194,172
48.5,440.54,194,172
48.5,437.51,194,172
48.5,434.48,194,172
48.5,446.44,194,172
48.5,443.57,194,172
48.5,440.54,194,172
48.5,437.51,194,172
48.5,434.48,194,172
48.5,446.44,194,172
48.5,443.57,194,172
48.5,440.54,194,172
48.5,437.51,194,172
48.5,434.48,194,172
48.5,446.44,194,172
48.5,443.57,194,172
48.5,440.54,194,172
48.5,437.51,194,172
48.5,434.48,194,172
48.5,446.44,194,172
48.5,443.57,194,172
48.5,440.54,194,172
48.5,437.51,194,172
48.5,434.48,194,172
48.5,446.44,194,172
48.5,443.57,194,172
48.5,440.54,194,172
48.5,437.51,194,172
48.5,434.48,194,172
48.5,446.44,194,172
48.5,443.57,194,172
48.5,440.54,194,172
48.5,437.51,194,172
48.5,434.48,194,172
48.5,446.44,194,172
48.5,443.57,194,172
48.5,440.54,194,172
48.5,437.51,194,172
48.5,434.48,194,172
48.5,446.44,194,172
48.5,443.57,194,172
48.5,440.54,194,172
48.5,437.51,194,172
48.5,434.48,194,172
48.5,446.44,194,172
48.5,443.57,194,172
48.5,440.54,194,172
48.5,437.51,194,172
48.5,434.48,194,172
48.5,446.44,194,172
48.5,443.57,194,172
48.5,440.54,194,172
48.5,437.51,194,172
48.5,434.48,194,172
48.5,446.44,194,172
48.5,443.57,194,172
48.5,440.54,194,172
48.5,437.51,194,172
48.5,434.48,194,172
48.5,446.44,194,172
48.5,443.57,194,172
48.5,440.54,194,172
48.5,437.51,194,172
48.5,434.48,194,172
48.5,446.44,194,172
48.5,443.57,194,172
48.5,440.54,194,172
48.5,437.51,194,172
48.5,434.48,194,172
48.5,446.44,194,172
48.5,443.57,194,172
48.5,440.54,194,172
48.5,437.51,194,172
48.5,434.48,194,172
48.5,446.44,194,172
48.5,443.57,194,172
48.5,440.54,194,172
48.5,437.51,194,172
48.5,434.48,194,172
48.5,446.44,194,172
48.5,443.57,194,172
48.5,440.54,194,172
48.5,437.51,194,172
48.5,434.48,194,172
48.5,446.44,194,172
48.5,443.57,194,172
48.5,440.54,194,172
48.5,437.51,194,172
48.5,434.48,194,172
48.5,446.44,194,172
48.5,443.57,194,172
48.5,440.54,194,172
48.5,437.51,194,172
48.5,434.48,194,172
48.5,446.44,194,172
48.5,443.57,194,172
48.5,440.54,194,172
48.5,437.51,194,172
48.5,434.48,194,172
48.5,446.44,194,172
48.5,443.57,194,172
48.5,440.54,194,172
48.5,437.51,194,172
48.5,434.48,194,172
48.5,446.44,194,172
48.5,443.57,194,172
48.5,440.54,194,172
48.5,437.51,194,172
48.5,434.48,194,172
48.5,446.44,194,172
48.5,443.57,194,172
48.5,440.54,194,172
48.5,437.51,194,172
48.5,434.48,194,172
48.5,446.44,194,172
48.5,443.57,194,172
48.5,440.54,194,172
48.5,437.51,194,172
48.5,434.48,194,172
48.5,446.44,194,172
48.5,443.57,194,172
48.5,440.54,194,172
48.5,437.51,194,172
48.5,434.48,194,172
48.5,446.44,194,172
48.5,443.57,194,172
48.5,440.54,194,172
48.5,437.51,194,172
48.5,434.48,194,172
48.5,446.44,194,172
48.5,443.57,194,172
48.5,440.54,194,172
48.5,437.51,194,172
48.5,434.48,194,172
48.5,446.44,194,172
48.5,443.57,194,172
48.5,440.54,194,172
48.5,437.51,194,172
48.5,434.48,194,172
48.5,446.44,194,172
48.5,443.57,194,172
48.5,440.54,194,172
48.5,437.51,194,172
48.5,434.48,194,172
48.5,446.44,194,172
48.5,443.57,194,172
48.5,440.54,194,172
48.5,437.51,194,172
48.5,434.48,194,172
48.5,446.44,194,172
48.5,443.57,194,172
48.5,440.54,194,172
48.5,437.51,194,172
48.5,434.48,194,172
48.5,446.44,194,172
48.5,443.57,194,172
48.5,440.54,194,172
48.5,437.51,194,172
48.5,434.48,194,172
48.5,446.44,194,172
48.5,443.57,194,172
48.5,440.54,194,172
48.5,437.51,194,172
48.5,434.48,194,172
48.5,446.44,194,172
48.5,443.57,194,172
48.5,440.54,194,172
48.5,437.51,194,172
48.5,434.48,194,172
48.5,446.44,194,172
48.5,443.57,194,172
48.5,440.54,194,172
48.5,437.51,194,172
48.5,434.48,194,172
48.5,446.44,194,172
48.5,443.57,194,172
48.5,440.54,194,172
48.5,437.51,194,172
48.5,434.48,194,172
48.5,446.44,194,172
48.5,443.57,194,172
48.5,440.54,194,172
48.5,437.51,194,172
48.5,434.48,194,172
48.5,446.44,194,172
48.5,443.57,194,172
48.5,440.54,194,172
48.5,437.51,194,172
48.5,464.45,194,172
48.5,446.77,194,172
48.5,443.57,194,172
48.5,440.54,194,172
48.5,467.49,194,172
48.5,464.79,194,172
48.5,446.77,194,172
48.5,443.57,194,172
48.5,470.52,194,172
48.5,467.82,194,172
48.5,434.82,194,172
48.5,446.44,194,172
48.5,443.57,194,172
48.5,440.54,194,172
48.5,482.47,194,172
48.5,464.96,194,172
48.5,446.77,194,172
48.5,443.57,194,172
48.5,440.54,194,172
48.5,437.51,194,172
48.5,434.48,194,172
48.5,446.44,194,172
48.5,443.57,194,172
48.5,440.54,194,172
48.5,482.47,194,172
48.5,464.96,194,172
48.5,446.77,194,172
48.5,443.57,194,172
48.5,440.54,194,172
48.5,437.51,194,172
48.5,479.44,194,172
48.5,446.94,194,172
48.5,443.57,194,172
48.5,440.54,194,172
48.5,482.47,194,172
48.5,464.96,194,172
48.5,446.77,194,172
48.5,443.57,194,172
48.5,440.54,194,172
48.5,482.47,194,172
48.5,479.95,194,172
48.5,446.94,194,172
48.5,443.57,194,172
48.5,440.54,194,172
48.5,482.47,194,172
48.5,449.97,194,172
48.5,446.6,194,172
48.5,443.57,194,172
48.5,440.54,194,172
48.5,467.49,194,172
48.5,449.8,194,172
48.5,446.6,194,172
48.5,443.57,194,172
48.5,440.54,194,172
48.5,482.47,194,172
48.5,479.95,194,172
48.5,446.94,194,172
48.5,443.57,194,172
48.5,440.54,194,172
48.5,482.47,194,172
48.5,479.95,194,172
48.5,446.94,194,172
48.5,443.57,194,172
48.5,440.54,194,172
48.5,482.47,194,172
48.5,479.95,194,172
48.5,446.94,194,172
48.5,443.57,194,172
48.5,440.54,194,172
48.5,482.47,194,172
48.5,479.95,194,172
48.5,446.94,194,172
48.5,443.57,194,172
48.5,440.54,194,172
48.5,482.47,194,172
48.5,479.95,194,172
48.5,446.94,194,172
48.5,443.57,194,172
48.5,440.54,194,172
48.5,482.47,194,172
48.5,464.96,194,172
48.5,446.77,194,172
48.5,443.57,194,172
48.5,440.54,194,172
48.5,482.47,194,172
48.5,464.96,194,172
48.5,446.77,194,172
48.5,443.57,194,172
48.5,440.54,194,172
48.5,482.47,194,172
48.5,464.96,194,172
48.5,446.77,194,172
48.5,443.57,194,172
48.5,440.54,194,172
48.5,482.47,194,172
48.5,464.96,194,172
48.5,446.77,194,172
48.5,443.57,194,172
48.5,440.54,194,172
48.5,482.47,194,172
48.5,464.96,194,172
48.5,446.77,194,172
48.5,443.57,194,172
48.5,440.54,194,172
48.5,482.47,194,172
48.5,464.96,194,172
48.5,446.77,194,172
48.5,443.57,194,172
48.5,440.54,194,172
48.5,482.47,194,172
48.5,479.95,194,172
48.5,446.94,194,172
48.5,443.57,194,172
48.5,440.54,194,172
48.5,482.47,194,172
48.5,479.95,194,172
48.5,446.94,194,172
48.5,443.57,194,172
48.5,440.54,194,172
48.5,482.47,194,172
48.5,479.95,194,172
48.5,446.94,194,172
48.5,443.57,194,172
48.5,440.54,194,172
48.5,482.47,194,172
48.5,479.95,194,172
48.5,446.94,194,172
48.5,443.57,194,172
48.5,440.54,194,172
48.5,482.47,194,172
48.5,479.95,194,172
48.5,446.94,194,172
48.5,443.57,194,172
48.5,440.54,194,172
48.5,482.47,194,172
48.5,479.95,194,172
48.5,446.94,194,172
48.5,443.57,194,172
48.5,440.54,194,172
48.5,482.47,194,172
48.5,479.95,194,172
48.5,446.94,194,172
48.5,443.57,194,172
48.5,440.54,194,172
48.5,482.47,194,172
48.5,479.95,194,172
48.5,446.94,194,172
48.5,443.57,194,172
48.5,440.54,194,172
48.5,482.47,194,172
48.5,479.95,194,172
48.5,446.94,194,172
48.5,443.57,194,172
48.5,440.54,194,172
48.5,482.47,194,172
48.5,479.95,194,172
48.5,446.94,194,172
48.5,443.57,194,172
48.5,440.54,194,172
48.5,482.47,194,172
48.5,479.95,194,172
48.5,446.94,194,172
48.5,443.57,194,172
48.5,440.54,194,172
48.5,482.47,194,172
48.5,479.95,194,172
48.5,446.94,194,172
48.5,443.57,194,172
48.5,440.54,194,172
48.5,482.47,194,172
48.5,479.95,194,172
48.5,446.94,194,172
48.5,443.57,194,172
48.5,440.54,194,172
48.5,482.47,194,172
48.5,479.95,194,172
48.5,446.94,194,172
48.5,443.57,194,172
48.5,440.54,194,172
48.5,482.47,194,172
48.5,479.95,194,172
48.5,446.94,194,172
48.5,443.57,194,172
48.5,440.54,194,172
48.5,482.47,194,172
48.5,479.95,194,172
48.5,446.94,194,172
48.5,443.57,194,172
48.5,440.54,194,172
48.5,482.47,194,172
48.5,479.95,194,172
48.5,446.94,194,172
48.5,443.57,194,172
48.5,440.54,194,172
48.5,482.47,194,172
48.5,479.95,194,172
48.5,446.94,194,172
48.5,443.57,194,172
48.5,440.54,194,172
48.5,482.47,194,172
48.5,479.95,194,172
48.5,446.94,194,172
48.5,443.57,194,172
48.5,440.54,194,172
48.5,482.47,194,172
48.5,479.95,194,172
48.5,446.94,194,172
48.5,443.57,194,172
48.5,440.54,194,172
48.5,482.47,194,172
48.5,479.95,194,172
48.5,446.94,194,172
48.5,443.57,194,172
48.5,440.54,194,172
48.5,482.47,194,172
48.5,479.95,194,172
48.5,446.94,194,172
48.5,443.57,194,172
48.5,440.54,194,172
48.5,482.47,194,172
48.5,479.95,194,172
48.5,446.94,194,172
48.5,443.57,194,172
48.5,440.54,194,172
48.5,482.47,194,172
48.5,479.95,194,172
48.5,446.94,194,172
48.5,443.57,194,172
48.5,440.54,194,172
48.5,482.47,194,172
48.5,479.95,194,172
48.5,446.94,194,172
48.5,443.57,194,172
48.5,440.54,194,172
48.5,482.47,194,172
48.5,479.95,194,172
48.5,446.94,194,172
48.5,443.57,194,172
48.5,440.54,194,172
48.5,482.47,194,172
48.5,479.95,194,172
48.5,446.94,194,172
48.5,443.57,194,172
48.5,440.54,194,172
48.5,482.47,194,172
48.5,479.95,194,172
48.5,446.94,194,172
48.5,443.57,194,172
48.5,440.54,194,172
48.5,452.5,194,172
48.5,479.61,194,172
48.5,446.94,194,172
48.5,443.57,194,172
48.5,440.54,194,172
48.5,452.5,194,172
48.5,479.61,194,172
48.5,446.94,194,172
48.5,443.57,194,172
48.5,440.54,194,172
48.5,482.47,194,172
48.5,479.95,194,172
48.5,446.94,194,172
48.5,443.57,194,172
48.5,440.54,194,172
48.5,482.47,194,172
48.5,464.96,194,172
48.5,446.77,194,172
48.5,443.57,194,172
48.5,440.54,194,172
48.5,482.47,194,172
48.5,479.95,194,172
48.5,446.94,194,172
48.5,443.57,194,172
48.5,440.54,194,172
48.5,482.47,194,172
48.5,479.95,194,172
48.5,446.94,194,172
48.5,443.57,194,172
48.5,440.54,194,172
48.5,482.47,194,172
48.5,479.95,194,172
48.5,446.94,194,172
48.5,443.57,194,172
48.5,440.54,194,172
48.5,482.47,194,172
48.5,479.95,194,172
48.5,446.94,194,172
48.5,443.57,194,172
48.5,440.54,194,172
48.5,482.47,194,172
48.5,479.95,194,172
48.5,446.94,194,172
48.5,443.57,194,172
48.5,440.54,194,172
48.5,482.47,194,172
48.5,449.97,194,172
48.5,446.6,194,172
48.5,443.57,194,172
48.5,440.54,194,172
48.5,482.47,194,172
48.5,449.97,194,172
48.5,446.6,194,172
48.5,443.57,194,172
48.5,440.54,194,172
48.5,482.47,194,172
48.5,464.96,194,172
48.5,446.77,194,172
48.5,443.57,194,172
48.5,440.54,194,172
48.5,482.47,194,172
48.5,464.96,194,172
48.5,446.77,194,172
48.5,443.57,194,172
48.5,440.54,194,172
48.5,437.51,194,172
48.5,449.47,194,172
48.5,446.6,194,172
48.5,443.57,194,172
48.5,440.54,194,172
48.5,467.49,194,172
48.5,479.78,194,172
48.5,446.94,194,172
48.5,443.57,194,172
48.5,440.54,194,172
48.5,482.47,194,172
48.5,479.95,194,172
48.5,446.94,194,172
48.5,443.57,194,172
48.5,440.54,194,172
48.5,482.47,194,172
48.5,479.95,194,172
48.5,446.94,194,172
48.5,443.57,194,172
48.5,440.54,194,172
48.5,482.47,194,172
48.5,479.95,194,172
48.5,446.94,194,172
48.5,473.55,194,172
48.5,440.88,194,172
48.5,482.47,194,172
48.5,479.95,194,172
48.5,476.92,194,172
48.5,473.89,194,172
48.5,440.88,194,172
78.813,497.46,194,172
48.5,441.05,194,172
48.5,483.74,194,172
48.5,480.96,194,172
48.5,447.78,194,172
48.5,474.73,194,172
48.5,441.72,194,172
48.5,483.74,194,172
48.5,480.96,194,172
48.5,447.78,194,172
48.5,474.73,194,172
48.5,441.72,194,172
48.5,483.74,194,172
48.5,480.96,194,172
48.5,477.93,194,172
48.5,474.9,194,172
48.5,441.72,194,172
48.5,483.74,194,172
48.5,480.96,194,172
48.5,447.78,194,172
48.5,474.73,194,172
48.5,441.72,194,172
48.5,483.74,194,172
48.5,480.96,194,172
48.5,447.78,194,172
48.5,474.73,194,172
48.5,441.72,194,172
48.5,483.74,194,172
48.5,480.96,194,172
48.5,447.78,194,172
48.5,474.73,194,172
48.5,441.72,194,172
48.5,483.74,194,172
48.5,480.96,194,172
48.5,477.93,194,172
48.5,474.9,194,172
48.5,441.72,194,172
48.5,483.74,194,172
48.5,480.96,194,172
48.5,477.93,194,172
48.5,474.9,194,172
48.5,441.72,194,172
48.5,483.74,194,172
48.5,480.96,194,172
48.5,447.78,194,172
48.5,474.73,194,172
48.5,441.72,194,172
48.5,483.74,194,172
48.5,480.96,194,172
48.5,447.78,194,172
48.5,444.58,194,172
48.5,441.55,194,172
48.5,483.74,194,172
48.5,480.96,194,172
48.5,447.78,194,172
48.5,474.73,194,172
48.5,441.72,194,172
48.5,483.74,194,172
48.5,480.96,194,172
48.5,447.78,194,172
48.5,474.73,194,172
48.5,441.72,194,172
48.5,483.74,194,172
48.5,480.96,194,172
48.5,477.93,194,172
48.5,474.9,194,172
48.5,441.72,194,172
48.5,483.74,194,172
48.5,480.96,194,172
48.5,477.93,194,172
48.5,474.9,194,172
48.5,441.72,194,172
48.5,483.74,194,172
48.5,480.96,194,172
48.5,477.93,194,172
48.5,474.9,194,172
48.5,441.72,194,172
48.5,483.74,194,172
48.5,480.96,194,172
48.5,477.93,194,172
48.5,474.9,194,172
48.5,441.72,194,172
48.5,483.74,194,172
48.5,480.96,194,172
48.5,477.93,194,172
48.5,474.9,194,172
48.5,441.72,194,172
48.5,483.74,194,172
48.5,480.96,194,172
48.5,477.93,194,172
48.5,474.9,194,172
48.5,441.72,194,172
48.5,483.74,194,172
48.5,480.96,194,172
48.5,447.78,194,172
48.5,444.58,194,172
48.5,441.55,194,172
48.5,483.74,194,172
48.5,480.96,194,172
48.5,447.78,194,172
48.5,444.58,194,172
48.5,441.55,194,172
48.5,483.74,194,172
48.5,480.96,194,172
48.5,447.78,194,172
48.5,474.73,194,172
48.5,441.72,194,172
48.5,483.74,194,172
48.5,480.96,194,172
48.5,447.78,194,172
48.5,474.73,194,172
48.5,441.72,194,172
48.5,483.74,194,172
48.5,450.81,194,172
48.5,447.61,194,172
48.5,444.58,194,172
48.5,441.55,194,172
48.5,483.74,194,172
48.5,450.81,194,172
48.5,447.61,194,172
48.5,444.58,194,172
48.5,471.7,194,172
48.5,483.91,194,172
48.5,450.81,194,172
48.5,447.61,194,172
48.5,444.58,194,172
48.5,441.55,194,172
48.5,483.74,194,172
48.5,480.96,194,172
48.5,447.78,194,172
48.5,444.58,194,172
48.5,441.55,194,172
48.5,483.74,194,172
48.5,450.81,194,172
48.5,447.61,194,172
48.5,444.58,194,172
48.5,471.7,194,172
48.5,483.91,194,172
48.5,450.81,194,172
48.5,447.61,194,172
48.5,444.58,194,172
48.5,471.7,194,172
48.5,483.91,194,172
48.5,450.81,194,172
48.5,447.61,194,172
48.5,444.58,194,172
48.5,471.7,194,172
48.5,483.91,194,172
48.5,450.81,194,172
48.5,447.61,194,172
48.5,444.58,194,172
48.5,471.7,194,172
48.5,483.91,194,172
48.5,480.96,194,172
48.5,447.78,194,172
48.5,444.58,194,172
48.5,471.7,194,172
48.5,483.91,194,172
48.5,480.96,194,172
48.5,447.78,194,172
48.5,444.58,194,172
48.5,471.7,194,172
48.5,483.91,194,172
48.5,480.96,194,172
48.5,447.78,194,172
48.5,444.58,194,172
48.5,471.7,194,172
48.5,483.91,194,172
48.5,480.96,194,172
48.5,447.78,194,172
48.5,474.73,194,172
48.5,441.72,194,172
48.5,483.74,194,172
48.5,496.03,194,172
48.5,453.85,194,172
48.5,480.79,194,172
48.5,447.78,194,172
48.5,444.58,194,172
48.5,441.55,194,172
48.5,483.74,194,172
48.5,465.89,194,172
48.5,447.7,194,172
48.5,444.58,194,172
48.5,441.55,194,172
48.5,483.74,194,172
48.5,465.89,194,172
48.5,447.7,194,172
48.5,444.58,194,172
48.5,441.55,194,172
48.5,483.74,194,172
48.5,465.89,194,172
48.5,447.7,194,172
48.5,444.58,194,172
48.5,441.55,194,172
48.5,483.74,194,172
48.5,465.89,194,172
48.5,447.7,194,172
48.5,444.58,194,172
48.5,441.55,194,172
48.5,483.74,194,172
48.5,465.89,194,172
48.5,447.7,194,172
48.5,444.58,194,172
48.5,441.55,194,172
48.5,483.74,194,172
48.5,465.89,194,172
48.5,447.7,194,172
48.5,444.58,194,172
48.5,441.55,194,172
48.5,483.74,194,172
48.5,465.89,194,172
48.5,447.7,194,172
48.5,444.58,194,172
48.5,441.55,194,172
48.5,468.66,194,172
48.5,465.8,194,172
48.5,447.7,194,172
48.5,444.58,194,172
48.5,441.55,194,172
48.5,468.66,194,172
48.5,465.8,194,172
48.5,447.7,194,172
48.5,444.58,194,172
48.5,441.55,194,172
48.5,468.66,194,172
48.5,465.8,194,172
48.5,447.7,194,172
48.5,444.58,194,172
48.5,441.55,194,172
48.5,468.66,194,172
48.5,465.8,194,172
48.5,447.7,194,172
48.5,444.58,194,172
48.5,441.55,194,172
48.5,468.66,194,172
48.5,465.8,194,172
48.5,447.7,194,172
48.5,444.58,194,172
48.5,441.55,194,172
48.5,468.66,194,172
48.5,465.8,194,172
48.5,447.7,194,172
48.5,444.58,194,172
48.5,441.55,194,172
48.5,468.66,194,172
48.5,465.8,194,172
48.5,447.7,194,172
48.5,444.58,194,172
48.5,441.55,194,172
48.5,468.66,194,172
48.5,465.8,194,172
48.5,447.7,194,172
48.5,444.58,194,172
48.5,441.55,194,172
48.5,438.52,194,172
48.5,480.71,194,172
48.5,477.93,194,172
48.5,474.9,194,172
48.5,441.72,194,172
48.5,438.52,194,172
48.5,480.71,194,172
48.5,447.78,194,172
48.5,444.58,194,172
48.5,441.55,194,172
48.5,483.74,194,172
48.5,450.81,194,172
48.5,447.61,194,172
48.5,444.58,194,172
48.5,441.55,194,172
48.5,438.52,194,172
48.5,450.56,194,172
48.5,447.61,194,172
48.5,444.58,194,172
48.5,441.55,194,172
48.5,438.52,194,172
48.5,450.56,194,172
48.5,447.61,194,172
48.5,444.58,194,172
48.5,441.55,194,172
48.5,453.59,194,172
48.5,465.72,194,172
48.5,447.7,194,172
48.5,444.58,194,172
48.5,441.55,194,172
48.5,438.52,194,172
48.5,435.49,194,172
48.5,447.53,194,172
48.5,444.58,194,172
48.5,441.55,194,172
48.5,438.52,194,172
48.5,435.49,194,172
48.5,447.53,194,172
48.5,444.58,194,172
48.5,441.55,194,172
48.5,438.52,194,172
48.5,435.49,194,172
48.5,447.53,194,172
48.5,444.58,194,172
48.5,441.55,194,172
48.5,438.52,194,172
48.5,435.49,194,172
48.5,447.53,194,172
48.5,444.58,194,172
48.5,441.55,194,172
48.5,438.52,194,172
48.5,435.49,194,172
48.5,447.53,194,172
48.5,444.58,194,172
48.5,441.55,194,172
48.5,438.52,194,172
48.5,435.49,194,172
48.5,447.53,194,172
48.5,444.58,194,172
48.5,441.55,194,172
48.5,438.52,194,172
48.5,435.49,194,172
48.5,447.53,194,172
48.5,444.58,194,172
48.5,441.55,194,172
48.5,438.52,194,172
48.5,435.49,194,172
48.5,447.53,194,172
48.5,444.58,194,172
48.5,441.55,194,172
48.5,438.52,194,172
48.5,435.49,194,172
48.5,447.53,194,172
48.5,444.58,194,172
48.5,441.55,194,172
48.5,438.52,194,172
48.5,435.49,194,172
48.5,447.53,194,172
48.5,444.58,194,172
48.5,441.55,194,172
48.5,438.52,194,172
48.5,435.49,194,172
48.5,447.53,194,172
48.5,444.58,194,172
48.5,441.55,194,172
48.5,438.52,194,172
48.5,435.49,194,172
48.5,447.53,194,172
48.5,444.58,194,172
48.5,441.55,194,172
48.5,438.52,194,172
48.5,435.49,194,172
48.5,447.53,194,172
48.5,444.58,194,172
48.5,441.55,194,172
48.5,483.74,194,172
48.5,435.74,194,172
48.5,447.53,194,172
48.5,444.58,194,172
48.5,441.55,194,172
48.5,483.74,194,172
48.5,435.74,194,172
48.5,447.53,194,172
48.5,444.58,194,172
48.5,441.55,194,172
48.5,438.52,194,172
48.5,435.49,194,172
48.5,447.53,194,172
48.5,444.58,194,172
48.5,441.55,194,172
48.5,483.74,194,172
48.5,435.74,194,172
48.5,447.53,194,172
48.5,444.58,194,172
48.5,441.55,194,172
48.5,483.74,194,172
48.5,435.74,194,172
48.5,447.53,194,172
48.5,444.58,194,172
48.5,441.55,194,172
48.5,438.52,194,172
48.5,435.49,194,172
48.5,447.53,194,172
48.5,444.58,194,172
48.5,441.55,194,172
48.5,438.52,194,172
48.5,435.49,194,172
48.5,447.53,194,172
48.5,444.58,194,172
48.5,441.55,194,172
48.5,438.52,194,172
48.5,435.49,194,172
48.5,447.53,194,172
48.5,444.58,194,172
48.5,441.55,194,172
48.5,438.52,194,172
48.5,435.49,194,172
48.5,447.53,194,172
48.5,444.58,194,172
48.5,441.55,194,172
48.5,438.52,194,172
48.5,435.49,194,172
48.5,447.53,194,172
48.5,444.58,194,172
48.5,441.55,194,172
48.5,438.52,194,172
48.5,435.49,194,172
48.5,447.53,194,172
48.5,444.58,194,172
48.5,441.55,194,172
48.5,438.52,194,172
48.5,435.49,194,172
48.5,447.53,194,172
48.5,444.58,194,172
48.5,441.55,194,172
48.5,483.74,194,172
48.5,435.74,194,172
48.5,447.53,194,172
48.5,444.58,194,172
48.5,441.55,194,172
48.5,483.74,194,172
48.5,435.74,194,172
48.5,447.53,194,172
48.5,444.58,194,172
48.5,441.55,194,172
48.5,438.52,194,172
48.5,435.49,194,172
48.5,447.53,194,172
48.5,444.58,194,172
48.5,441.55,194,172
48.5,483.74,194,172
48.5,435.74,194,172
48.5,447.53,194,172
48.5,444.58,194,172
48.5,441.55,194,172
48.5,483.74,194,172
48.5,480.96,194,172
48.5,447.78,194,172
48.5,444.58,194,172
48.5,441.55,194,172
48.5,483.74,194,172
48.5,480.96,194,172
48.5,447.78,194,172
48.5,444.58,194,172
48.5,441.55,194,172
48.5,483.74,194,172
48.5,480.96,194,172
48.5,447.78,194,172
48.5,444.58,194,172
48.5,441.55,194,172
48.5,483.74,194,172
48.5,435.74,194,172
48.5,447.53,194,172
48.5,444.58,194,172
48.5,441.55,194,172
48.5,483.74,194,172
48.5,435.74,194,172
48.5,447.53,194,172
48.5,444.58,194,172
48.5,441.55,194,172
48.5,483.74,194,172
48.5,435.74,194,172
48.5,447.53,194,172
48.5,444.58,194,172
48.5,441.55,194,172
48.5,483.74,194,172
48.5,435.74,194,172
48.5,447.53,194,172
48.5,444.58,194,172
48.5,441.55,194,172
48.5,483.74,194,172
48.5,435.74,194,172
48.5,447.53,194,172
48.5,444.58,194,172
48.5,441.55,194,172
48.5,438.52,194,172
48.5,435.49,194,172
48.5,447.53,194,172
48.5,444.58,194,172
48.5,441.55,194,172
48.5,438.52,194,172
48.5,435.49,194,172
48.5,447.53,194,172
48.5,444.58,194,172
48.5,441.55,194,172
48.5,483.74,194,172
48.5,435.74,194,172
48.5,447.53,194,172
48.5,444.58,194,172
48.5,441.55,194,172
48.5,438.52,194,172
48.5,435.49,194,172
48.5,447.53,194,172
48.5,444.58,194,172
48.5,441.55,194,172
48.5,483.74,194,172
48.5,435.74,194,172
48.5,447.53,194,172
48.5,444.58,194,172
48.5,441.55,194,172
48.5,483.74,194,172
48.5,435.74,194,172
48.5,447.53,194,172
48.5,444.58,194,172
48.5,441.55,194,172
48.5,438.52,194,172
48.5,435.49,194,172
48.5,447.53,194,172
48.5,444.58,194,172
48.5,441.55,194,172
48.5,483.74,194,172
48.5,435.74,194,172
48.5,447.53,194,172
48.5,444.58,194,172
48.5,441.55,194,172
48.5,483.74,194,172
48.5,435.74,194,172
48.5,447.53,194,172
48.5,444.58,194,172
48.5,441.55,194,172
48.5,483.74,194,172
48.5,435.74,194,172
48.5,447.53,194,172
48.5,444.58,194,172
48.5,441.55,194,172
48.5,483.74,194,172
48.5,435.74,194,172
48.5,447.53,194,172
48.5,444.58,194,172
48.5,441.55,194,172
48.5,483.74,194,172
48.5,435.74,194,172
48.5,447.53,194,172
48.5,444.58,194,172
48.5,441.55,194,172
48.5,483.74,194,172
48.5,435.74,194,172
48.5,447.53,194,172
48.5,444.58,194,172
48.5,441.55,194,172
48.5,483.74,194,172
48.5,435.74,194,172
48.5,447.53,194,172
48.5,444.58,194,172
48.5,441.55,194,172
48.5,483.74,194,172
48.5,480.96,194,172
48.5,447.78,194,172
48.5,444.58,194,172
48.5,441.55,194,172
48.5,483.74,194,172
48.5,480.96,194,172
48.5,447.78,194,172
48.5,444.58,194,172
48.5,441.55,194,172
48.5,483.74,194,172
48.5,480.96,194,172
48.5,447.78,194,172
48.5,444.58,194,172
48.5,441.55,194,172
48.5,483.74,194,172
48.5,480.96,194,172
48.5,447.78,194,172
48.5,444.58,194,172
48.5,441.55,194,172
48.5,483.74,194,172
48.5,480.96,194,172
48.5,447.78,194,172
48.5,444.58,194,172
48.5,441.55,194,172
48.5,483.74,194,172
48.5,480.96,194,172
48.5,447.78,194,172
48.5,444.58,194,172
48.5,441.55,194,172
48.5,483.74,194,172
48.5,480.96,194,172
48.5,447.78,194,172
48.5,444.58,194,172
48.5,441.55,194,172
48.5,483.74,194,172
48.5,480.96,194,172
48.5,447.78,194,172
48.5,444.58,194,172
48.5,441.55,194,172
48.5,483.74,194,172
48.5,480.96,194,172
48.5,447.78,194,172
48.5,444.58,194,172
48.5,441.55,194,172
48.5,483.74,194,172
48.5,480.96,194,172
48.5,447.78,194,172
48.5,444.58,194,172
48.5,441.55,194,172
48.5,483.74,194,172
48.5,480.96,194,172
48.5,447.78,194,172
48.5,444.58,194,172
48.5,441.55,194,172
48.5,483.74,194,172
48.5,480.96,194,172
48.5,447.78,194,172
48.5,444.58,194,172
48.5,441.55,194,172
48.5,483.74,194,172
48.5,450.81,194,172
48.5,447.61,194,172
48.5,444.58,194,172
48.5,441.55,194,172
48.5,483.74,194,172
48.5,450.81,194,172
48.5,447.61,194,172
48.5,444.58,194,172
48.5,441.55,194,172
48.5,483.74,194,172
48.5,480.96,194,172
48.5,447.78,194,172
48.5,444.58,194,172
48.5,441.55,194,172
48.5,483.74,194,172
48.5,450.81,194,172
48.5,447.61,194,172
48.5,444.58,194,172
48.5,441.55,194,172
48.5,483.74,194,172
48.5,450.81,194,172
48.5,447.61,194,172
48.5,444.58,194,172
48.5,441.55,194,172
48.5,483.74,194,172
48.5,450.81,194,172
48.5,447.61,194,172
48.5,444.58,194,172
48.5,441.55,194,172
48.5,483.74,194,172
48.5,480.96,194,172
48.5,447.78,194,172
48.5,444.58,194,172
48.5,441.55,194,172
48.5,483.74,194,172
48.5,480.96,194,172
48.5,447.78,194,172
48.5,444.58,194,172
48.5,471.7,194,172
48.5,483.91,194,172
48.5,480.96,194,172
48.5,447.78,194,172
48.5,444.58,194,172
48.5,471.7,194,172
48.5,483.91,194,172
48.5,480.96,194,172
48.5,447.78,194,172
48.5,444.58,194,172
48.5,471.7,194,172
48.5,483.91,194,172
48.5,480.96,194,172
48.5,447.78,194,172
48.5,444.58,194,172
48.5,441.55,194,172
48.5,483.74,194,172
48.5,480.96,194,172
48.5,447.78,194,172
48.5,444.58,194,172
48.5,471.7,194,172
48.5,483.91,194,172
48.5,480.96,194,172
48.5,447.78,194,172
48.5,444.58,194,172
48.5,471.7,194,172
48.5,483.91,194,172
48.5,480.96,194,172
48.5,447.78,194,172
48.5,444.58,194,172
48.5,471.7,194,172
48.5,483.91,194,172
48.5,450.81,194,172
48.5,447.61,194,172
48.5,444.58,194,172
48.5,441.55,194,172
48.5,438.52,194,172
48.5,450.56,194,172
48.5,447.61,194,172
48.5,444.58,194,172
48.5,441.55,194,172
48.5,438.52,194,172
48.5,450.56,194,172
48.5,447.61,194,172
48.5,444.58,194,172
48.5,441.55,194,172
48.5,438.52,194,172
48.5,450.56,194,172
48.5,447.61,194,172
48.5,444.58,194,172
48.5,441.55,194,172
48.5,438.52,194,172
48.5,450.56,194,172
48.5,447.61,194,172
48.5,444.58,194,172
48.5,441.55,194,172
48.5,453.59,194,172
48.5,450.65,194,172
48.5,447.61,194,172
48.5,444.58,194,172
48.5,441.55,194,172
48.5,453.59,194,172
48.5,450.65,194,172
48.5,447.61,194,172
48.5,444.58,194,172
48.5,441.55,194,172
48.5,438.52,194,172
48.5,450.56,194,172
48.5,447.61,194,172
48.5,444.58,194,172
48.5,441.55,194,172
48.5,438.52,194,172
48.5,435.49,194,172
48.5,447.53,194,172
48.5,444.58,194,172
48.5,441.55,194,172
48.5,438.52,194,172
48.5,435.49,194,172
48.5,447.53,194,172
48.5,444.58,194,172
48.5,441.55,194,172
48.5,438.52,194,172
48.5,435.49,194,172
48.5,447.53,194,172
48.5,444.58,194,172
48.5,441.55,194,172
48.5,438.52,194,172
48.5,480.71,194,172
48.5,447.78,194,172
48.5,444.58,194,172
48.5,441.55,194,172
48.5,438.52,194,172
48.5,480.71,194,172
48.5,447.78,194,172
48.5,444.58,194,172
48.5,441.55,194,172
48.5,438.52,194,172
48.5,435.49,194,172
48.5,447.53,194,172
48.5,444.58,194,172
48.5,441.55,194,172
48.5,438.52,194,172
48.5,435.49,194,172
48.5,447.53,194,172
48.5,444.58,194,172
48.5,441.55,194,172
48.5,438.52,194,172
48.5,435.49,194,172
48.5,447.53,194,172
48.5,444.58,194,172
48.5,441.55,194,172
48.5,438.52,194,172
48.5,435.49,194,172
48.5,447.53,194,172
48.5,444.58,194,172
48.5,441.55,194,172
48.5,438.52,194,172
48.5,435.49,194,172
48.5,447.53,194,172
48.5,444.58,194,172
48.5,441.55,194,172
48.5,423.45,194,172
48.5,435.41,194,172
48.5,447.53,194,172
48.5,444.58,194,172
48.5,441.55,194,172
48.5,438.52,194,172
48.5,435.49,194,172
48.5,447.53,194,172
48.5,444.58,194,172
48.5,441.55,194,172
48.5,438.52,194,172
48.5,435.49,194,172
48.5,447.53,194,172
48.5,444.58,194,172
48.5,441.55,194,172
48.5,438.52,194,172
48.5,435.49,194,172
48.5,447.53,194,172
48.5,444.58,194,172
48.5,441.55,194,172
48.5,438.52,194,172
48.5,435.49,194,172
48.5,447.53,194,172
48.5,444.58,194,172
48.5,441.55,194,172
48.5,438.52,194,172
48.5,435.49,194,172
48.5,447.53,194,172
48.5,444.58,194,172
48.5,441.55,194,172
48.5,438.52,194,172
48.5,435.49,194,172
48.5,447.53,194,172
48.5,444.58,194,172
48.5,441.55,194,172
48.5,438.52,194,172
48.5,435.49,194,172
48.5,447.53,194,172
48.5,444.58,194,172
48.5,441.55,194,172
48.5,438.52,194,172
48.5,450.56,194,172
48.5,447.61,194,172
48.5,444.58,194,172
48.5,441.55,194,172
48.5,438.52,194,172
48.5,435.49,194,172
48.5,447.53,194,172
48.5,444.58,194,172
48.5,441.55,194,172
48.5,423.45,194,172
48.5,435.41,194,172
48.5,447.53,194,172
48.5,444.58,194,172
48.5,441.55,194,172
48.5,438.52,194,172
48.5,435.49,194,172
48.5,447.53,194,172
48.5,444.58,194,172
48.5,441.55,194,172
48.5,438.52,194,172
48.5,435.49,194,172
48.5,447.53,194,172
48.5,444.58,194,172
48.5,441.55,194,172
48.5,438.52,194,172
48.5,435.49,194,172
48.5,447.53,194,172
48.5,444.58,194,172
48.5,441.55,194,172
48.5,438.52,194,172
48.5,435.49,194,172
48.5,447.53,194,172
48.5,444.58,194,172
48.5,441.55,194,172
48.5,438.52,194,172
48.5,480.71,194,172
48.5,447.78,194,172
48.5,444.58,194,172
48.5,441.55,194,172
48.5,483.74,194,172
48.5,435.74,194,172
48.5,447.53,194,172
48.5,444.58,194,172
48.5,441.55,194,172
48.5,438.52,194,172
48.5,435.49,194,172
48.5,447.53,194,172
48.5,444.58,194,172
48.5,441.55,194,172
48.5,438.52,194,172
48.5,450.56,194,172
48.5,447.61,194,172
48.5,444.58,194,172
48.5,441.55,194,172
48.5,423.45,194,172
48.5,435.41,194,172
48.5,447.53,194,172
48.5,444.58,194,172
48.5,441.55,194,172
48.5,438.52,194,172
48.5,435.49,194,172
48.5,447.53,194,172
48.5,444.58,194,172
48.5,441.55,194,172
48.5,438.52,194,172
48.5,435.49,194,172
48.5,447.53,194,172
48.5,444.58,194,172
48.5,441.55,194,172
48.5,438.52,194,172
48.5,435.49,194,172
48.5,447.53,194,172
48.5,444.58,194,172
48.5,441.55,194,172
48.5,423.45,194,172
48.5,435.41,194,172
48.5,447.53,194,172
48.5,444.58,194,172
48.5,441.55,194,172
48.5,438.52,194,172
48.5,435.49,194,172
48.5,447.53,194,172
48.5,444.58,194,172
48.5,441.55,194,172
48.5,438.52,194,172
48.5,435.49,194,172
48.5,447.53,194,172
48.5,444.58,194,172
48.5,441.55,194,172
48.5,438.52,194,172
48.5,435.49,194,172
48.5,447.53,194,172
48.5,444.58,194,172
48.5,441.55,194,172
48.5,438.52,194,172
48.5,435.49,194,172
48.5,447.53,194,172
48.5,444.58,194,172
48.5,441.55,194,172
48.5,438.52,194,172
48.5,450.56,194,172
48.5,447.61,194,172
48.5,444.58,194,172
48.5,441.55,194,172
48.5,438.52,194,172
48.5,450.56,194,172
48.5,447.61,194,172
48.5,444.58,194,172
48.5,441.55,194,172
48.5,438.52,194,172
48.5,450.56,194,172
48.5,447.61,194,172
48.5,444.58,194,172
48.5,441.55,194,172
48.5,438.52,194,172
48.5,480.71,194,172
48.5,447.78,194,172
48.5,444.58,194,172
48.5,441.55,194,172
48.5,393.3,194,172
48.5,390.02,194,172
48.5,447.28,194,172
48.5,444.58,194,172
48.5,441.55,194,172
48.5,438.52,194,172
48.5,480.71,194,172
48.5,447.78,194,172
48.5,444.58,194,172
48.5,441.55,194,172
48.5,483.74,194,172
48.5,480.96,194,172
48.5,447.78,194,172
48.5,444.58,194,172
48.5,441.55,194,172
48.5,483.74,194,172
48.5,480.96,194,172
48.5,447.78,194,172
48.5,444.58,194,172
48.5,441.55,194,172
48.5,438.52,194,172
48.5,480.71,194,172
48.5,447.78,194,172
48.5,444.58,194,172
48.5,441.55,194,172
48.5,438.52,194,172
48.5,480.71,194,172
48.5,447.78,194,172
48.5,444.58,194,172
48.5,441.55,194,172
48.5,483.74,194,172
48.5,435.74,194,172
48.5,447.53,194,172
48.5,444.58,194,172
48.5,441.55,194,172
48.5,438.52,194,172
48.5,435.49,194,172
48.5,447.53,194,172
48.5,444.58,194,172
48.5,441.55,194,172
48.5,438.52,194,172
48.5,435.49,194,172
48.5,447.53,194,172
48.5,444.58,194,172
48.5,441.55,194,172
48.5,438.52,194,172
48.5,435.49,194,172
48.5,447.53,194,172
48.5,444.58,194,172
48.5,441.55,194,172
48.5,438.52,194,172
48.5,390.27,194,172
48.5,432.21,194,172
48.5,444.5,194,172
48.5,441.55,194,172
48.5,438.52,194,172
48.5,435.49,194,172
48.5,447.53,194,172
48.5,444.58,194,172
48.5,441.55,194,172
48.5,438.52,194,172
48.5,435.49,194,172
48.5,447.53,194,172
48.5,444.58,194,172
48.5,441.55,194,172
48.5,438.52,194,172
48.5,435.49,194,172
48.5,447.53,194,172
48.5,444.58,194,172
48.5,441.55,194,172
48.5,438.52,194,172
48.5,450.56,194,172
48.5,447.61,194,172
48.5,444.58,194,172
48.5,441.55,194,172
48.5,438.52,194,172
48.5,435.49,194,172
48.5,447.53,194,172
48.5,444.58,194,172
48.5,441.55,194,172
48.5,438.52,194,172
48.5,435.49,194,172
48.5,447.53,194,172
48.5,444.58,194,172
48.5,441.55,194,172
48.5,438.52,194,172
48.5,435.49,194,172
48.5,447.53,194,172
48.5,444.58,194,172
48.5,441.55,194,172
48.5,438.52,194,172
48.5,435.49,194,172
48.5,447.53,194,172
48.5,444.58,194,172
48.5,441.55,194,172
48.5,438.52,194,172
48.5,435.49,194,172
48.5,447.53,194,172
48.5,444.58,194,172
48.5,441.55,194,172
48.5,438.52,194,172
48.5,435.49,194,172
48.5,447.53,194,172
48.5,444.58,194,172
48.5,441.55,194,172
48.5,438.52,194,172
48.5,450.56,194,172
48.5,447.61,194,172
48.5,444.58,194,172
48.5,441.55,194,172
48.5,438.52,194,172
48.5,435.49,194,172
48.5,447.53,194,172
48.5,444.58,194,172
48.5,441.55,194,172
48.5,438.52,194,172
48.5,390.27,194,172
48.5,432.21,194,172
48.5,444.5,194,172
48.5,441.55,194,172
48.5,438.52,194,172
48.5,435.49,194,172
48.5,447.53,194,172
48.5,444.58,194,172
48.5,441.55,194,172
48.5,438.52,194,172
48.5,435.49,194,172
48.5,447.53,194,172
48.5,444.58,194,172
48.5,441.55,194,172
48.5,438.52,194,172
48.5,450.56,194,172
48.5,447.61,194,172
48.5,444.58,194,172
48.5,441.55,194,172
48.5,438.52,194,172
48.5,450.56,194,172
48.5,447.61,194,172
48.5,444.58,194,172
48.5,441.55,194,172
48.5,483.74,194,172
48.5,450.81,194,172
48.5,447.61,194,172
48.5,444.58,194,172
48.5,441.55,194,172
48.5,483.74,194,172
48.5,450.81,194,172
48.5,447.61,194,172
48.5,444.58,194,172
48.5,441.55,194,172
48.5,483.74,194,172
48.5,450.81,194,172
48.5,447.61,194,172
48.5,444.58,194,172
48.5,441.55,194,172
78.813,438.52,194,172
48.5,450.56,194,172
48.5,447.61,194,172
48.5,444.58,194,172
48.5,441.55,194,172
78.813,438.52,194,172
48.5,450.56,194,172
48.5,447.61,194,172
48.5,444.58,194,172
48.5,441.55,194,172
48.5,483.74,194,172
48.5,465.89,194,172
48.5,447.7,194,172
48.5,444.58,194,172
48.5,441.55,194,172
48.5,483.74,194,172
48.5,480.96,194,172
48.5,447.78,194,172
48.5,444.58,194,172
48.5,441.55,194,172
48.5,483.74,194,172
48.5,480.96,194,172
48.5,447.78,194,172
48.5,474.73,194,172
48.5,441.72,194,172
48.5,483.74,194,172
48.5,450.81,194,172
48.5,447.61,194,172
48.5,444.58,194,172
48.5,441.55,194,172
48.5,438.52,194,172
48.5,450.56,194,172
48.5,447.61,194,172
48.5,444.58,194,172
48.5,441.55,194,172
48.5,438.52,194,172
48.5,450.56,194,172
48.5,447.61,194,172
48.5,444.58,194,172
48.5,441.55,194,172
48.5,438.52,194,172
48.5,450.56,194,172
48.5,447.61,194,172
48.5,444.58,194,172
48.5,441.55,194,172
48.5,438.52,194,172
48.5,450.56,194,172
48.5,447.61,194,172
48.5,444.58,194,172
48.5,441.55,194,172
48.5,438.52,194,172
48.5,450.56,194,172
48.5,447.61,194,172
48.5,444.58,194,172
48.5,441.55,194,172
48.5,438.52,194,172
48.5,450.56,194,172
48.5,447.61,194,172
48.5,444.58,194,172
48.5,441.55,194,172
48.5,483.74,194,172
48.5,450.81,194,172
48.5,447.61,194,172
48.5,444.58,194,172
48.5,441.55,194,172
48.5,438.52,194,172
48.5,450.56,194,172
48.5,447.61,194,172
48.5,444.58,194,172
48.5,441.55,194,172
48.5,438.52,194,172
48.5,450.56,194,172
48.5,447.61,194,172
48.5,444.58,194,172
48.5,441.55,194,172
48.5,438.52,194,172
48.5,450.56,194,172
48.5,447.61,194,172
48.5,444.58,194,172
48.5,441.55,194,172
48.5,438.52,194,172
48.5,450.56,194,172
48.5,447.61,194,172
48.5,444.58,194,172
48.5,441.55,194,172
48.5,438.52,194,172
48.5,450.56,194,172
48.5,447.61,194,172
48.5,444.58,194,172
48.5,441.55,194,172
48.5,438.52,194,172
48.5,450.56,194,172
48.5,447.61,194,172
48.5,444.58,194,172
48.5,441.55,194,172
48.5,438.52,194,172
48.5,450.56,194,172
48.5,447.61,194,172
48.5,444.58,194,172
48.5,441.55,194,172
48.5,438.52,194,172
48.5,450.56,194,172
48.5,447.61,194,172
48.5,444.58,194,172
48.5,441.55,194,172
48.5,438.52,194,172
48.5,435.49,194,172
48.5,447.53,194,172
48.5,444.58,194,172
48.5,441.55,194,172
48.5,438.52,194,172
48.5,435.49,194,172
48.5,447.53,194,172
48.5,444.58,194,172
48.5,441.55,194,172
48.5,438.52,194,172
48.5,450.56,194,172
48.5,447.61,194,172
48.5,444.58,194,172
48.5,441.55,194,172
48.5,438.52,194,172
48.5,450.56,194,172
48.5,447.61,194,172
48.5,444.58,194,172
48.5,441.55,194,172
48.5,438.52,194,172
48.5,435.49,194,172
48.5,447.53,194,172
48.5,444.58,194,172
48.5,441.55,194,172
48.5,438.52,194,172
48.5,435.49,194,172
48.5,447.53,194,172
48.5,444.58,194,172
48.5,441.55,194,172
48.5,438.52,194,172
48.5,450.56,194,172
48.5,447.61,194,172
48.5,444.58,194,172
48.5,441.55,194,172
48.5,438.52,194,172
48.5,450.56,194,172
48.5,447.61,194,172
48.5,444.58,194,172
48.5,441.55,194,172
48.5,438.52,194,172
48.5,450.56,194,172
48.5,447.61,194,172
48.5,444.58,194,172
48.5,441.55,194,172
48.5,438.52,194,172
48.5,435.49,194,172
48.5,447.53,194,172
48.5,444.58,194,172
48.5,441.55,194,172
48.5,438.52,194,172
48.5,435.49,194,172
48.5,447.53,194,172
48.5,444.58,194,172
48.5,441.55,194,172
48.5,438.52,194,172
48.5,435.49,194,172
48.5,447.53,194,172
48.5,444.58,194,172
48.5,441.55,194,172
48.5,438.52,194,172
48.5,435.49,194,172
48.5,447.53,194,172
48.5,444.58,194,172
48.5,441.55,194,172
48.5,438.52,194,172
48.5,435.49,194,172
48.5,447.53,194,172
48.5,444.58,194,172
48.5,441.55,194,172
48.5,438.52,194,172
48.5,435.49,194,172
48.5,447.53,194,172
48.5,444.58,194,172
48.5,441.55,194,172
48.5,438.52,194,172
48.5,450.56,194,172
48.5,447.61,194,172
48.5,444.58,194,172
48.5,441.55,194,172
48.5,438.52,194,172
48.5,450.56,194,172
48.5,447.61,194,172
48.5,444.58,194,172
48.5,441.55,194,172
48.5,438.52,194,172
48.5,450.56,194,172
48.5,447.61,194,172
48.5,444.58,194,172
48.5,441.55,194,172
48.5,438.52,194,172
48.5,450.56,194,172
48.5,447.61,194,172
48.5,444.58,194,172
48.5,441.55,194,172
48.5,438.52,194,172
48.5,450.56,194,172
48.5,447.61,194,172
48.5,444.58,194,172
48.5,441.55,194,172
48.5,438.52,194,172
48.5,450.56,194,172
48.5,447.61,194,172
48.5,444.58,194,172
48.5,441.55,194,172
48.5,438.52,194,172
48.5,480.71,194,172
48.5,447.78,194,172
48.5,444.58,194,172
48.5,441.55,194,172
48.5,483.74,194,172
48.5,450.81,194,172
48.5,447.61,194,172
48.5,444.58,194,172
48.5,441.55,194,172
48.5,438.52,194,172
48.5,450.56,194,172
48.5,447.61,194,172
48.5,444.58,194,172
48.5,441.55,194,172
48.5,438.52,194,172
48.5,450.56,194,172
48.5,447.61,194,172
48.5,444.58,194,172
48.5,441.55,194,172
48.5,438.52,194,172
48.5,450.56,194,172
48.5,447.61,194,172
48.5,444.58,194,172
48.5,441.55,194,172
48.5,453.59,194,172
48.5,450.65,194,172
48.5,447.61,194,172
48.5,444.58,194,172
48.5,441.55,194,172
48.5,438.52,194,172
48.5,450.56,194,172
48.5,447.61,194,172
48.5,444.58,194,172
48.5,441.55,194,172
48.5,438.52,194,172
48.5,435.49,194,172
48.5,447.53,194,172
48.5,444.58,194,172
48.5,441.55,194,172
48.5,438.52,194,172
48.5,450.56,194,172
48.5,447.61,194,172
48.5,444.58,194,172
48.5,441.55,194,172
48.5,438.52,194,172
48.5,450.56,194,172
48.5,447.61,194,172
48.5,444.58,194,172
48.5,441.55,194,172
48.5,438.52,194,172
48.5,450.56,194,172
48.5,447.61,194,172
48.5,444.58,194,172
48.5,441.55,194,172
48.5,438.52,194,172
48.5,450.56,194,172
48.5,447.61,194,172
48.5,444.58,194,172
48.5,441.55,194,172
48.5,438.52,194,172
48.5,480.71,194,172
48.5,447.78,194,172
48.5,444.58,194,172
48.5,441.55,194,172
48.5,438.52,194,172
48.5,480.71,194,172
48.5,447.78,194,172
48.5,444.58,194,172
48.5,441.55,194,172
48.5,483.74,194,172
48.5,450.81,194,172
48.5,447.61,194,172
48.5,444.58,194,172
48.5,531.98,194,172
48.5,483.99,194,172
48.5,480.96,194,172
48.5,447.78,194,172
48.5,444.58,194,172
48.5,441.55,194,172
48.5,483.74,194,172
48.5,480.96,194,172
48.5,447.78,194,172
48.5,444.58,194,172
48.5,531.98,194,172
48.5,438.77,194,172
48.5,480.71,194,172
48.5,447.78,194,172
48.5,444.58,194,172
48.5,441.55,194,172
48.5,438.52,194,172
48.5,450.56,194,172
48.5,447.61,194,172
48.5,444.58,194,172
48.5,441.55,194,172
48.5,483.74,194,172
48.5,480.96,194,172
48.5,447.78,194,172
48.5,444.58,194,172
48.5,441.55,194,172
48.5,483.74,194,172
48.5,480.96,194,172
48.5,447.78,194,172
48.5,444.58,194,172
48.5,441.55,194,172
48.5,438.52,194,172
48.5,450.56,194,172
48.5,447.61,194,172
48.5,444.58,194,172
48.5,441.55,194,172
48.5,438.52,194,172
48.5,480.71,194,172
48.5,447.78,194,172
48.5,444.58,194,172
48.5,441.55,194,172
48.5,438.52,194,172
48.5,495.78,194,172
48.5,438.77,194,172
48.5,495.78,194,172
48.5,438.77,194,172
48.5,435.49,194,172
48.5,447.53,194,172
48.5,444.58,194,172
48.5,441.55,194,172
48.5,438.52,194,172
48.5,435.49,194,172
48.5,447.53,194,172
48.5,444.58,194,172
48.5,441.55,194,172
48.5,438.52,194,172
48.5,435.49,194,172
48.5,447.53,194,172
48.5,444.58,194,172
48.5,441.55,194,172
48.5,438.52,194,172
48.5,435.49,194,172
48.5,447.53,194,172
48.5,444.58,194,172
48.5,441.55,194,172
48.5,438.52,194,172
48.5,450.56,194,172
48.5,447.61,194,172
48.5,444.58,194,172
48.5,441.55,194,172
48.5,438.52,194,172
48.5,450.56,194,172
48.5,447.61,194,172
48.5,444.58,194,172
48.5,441.55,194,172
48.5,438.52,194,172
48.5,450.56,194,172
48.5,447.61,194,172
48.5,444.58,194,172
48.5,441.55,194,172
48.5,438.52,194,172
48.5,450.56,194,172
48.5,447.61,194,172
48.5,444.58,194,172
48.5,441.55,194,172
48.5,438.52,194,172
48.5,450.56,194,172
48.5,447.61,194,172
48.5,444.58,194,172
48.5,441.55,194,172
48.5,453.59,194,172
48.5,450.65,194,172
48.5,447.61,194,172
48.5,444.58,194,172
48.5,441.55,194,172
48.5,438.52,194,172
48.5,435.49,194,172
48.5,447.53,194,172
48.5,444.58,194,172
48.5,441.55,194,172
48.5,438.52,194,172
48.5,480.71,194,172
48.5,447.78,194,172
48.5,444.58,194,172
48.5,441.55,194,172
48.5,438.52,194,172
48.5,435.49,194,172
48.5,447.53,194,172
48.5,444.58,194,172
48.5,441.55,194,172
48.5,438.52,194,172
48.5,435.49,194,172
48.5,447.53,194,172
48.5,444.58,194,172
48.5,441.55,194,172
48.5,438.52,194,172
48.5,435.49,194,172
48.5,447.53,194,172
48.5,444.58,194,172
48.5,441.55,194,172
48.5,438.52,194,172
48.5,450.56,194,172
48.5,447.61,194,172
48.5,444.58,194,172
48.5,441.55,194,172
48.5,453.59,194,172
48.5,450.65,194,172
48.5,447.61,194,172
48.5,444.58,194,172
48.5,441.55,194,172
48.5,483.74,194,172
48.5,450.81,194,172
48.5,447.61,194,172
48.5,444.58,194,172
48.5,441.55,194,172
48.5,483.74,194,172
48.5,450.81,194,172
48.5,447.61,194,172
48.5,444.58,194,172
48.5,441.55,194,172
48.5,438.52,194,172
48.5,435.49,194,172
48.5,447.53,194,172
48.5,444.58,194,172
48.5,441.55,194,172
48.5,483.74,194,172
48.5,480.96,194,172
48.5,447.78,194,172
48.5,444.58,194,172
48.5,441.55,194,172
48.5,483.74,194,172
48.5,450.81,194,172
48.5,447.61,194,172
48.5,444.58,194,172
48.5,441.55,194,172
48.5,438.52,194,172
48.5,571.14,194,172
48.5,560.95,194,172
48.5,560.95,194,172
48.5,530.97,194,172
48.5,530.97,194,172
48.5,530.97,194,172
48.5,530.97,194,172
48.5,530.97,194,172
48.5,560.95,194,172
48.5,486.01,194,172
48.5,482.98,194,172
48.5,479.95,194,172
48.5,446.94,194,172
48.5,443.57,194,172
