530,300,394,168
526.51,300.5,394,168
522.51,300.5,394,168
518.51,300.5,394,168
535.72,300.5,394,168
534.51,300.5,394,168
530.51,300.5,394,168
526.51,300.5,394,168
522.51,300.5,394,168
518.51,300.5,394,168
514.51,300.5,394,168
510.51,300.5,394,168
506.51,300.5,394,168
502.51,300.5,394,168
498.51,300.5,394,168
494.51,300.5,394,168
490.51,300.5,394,168
507.72,279.13,394,168
506.51,270.18,394,168
502.51,283.03,394,168
498.51,274.18,394,168
494.51,287.03,394,168
490.51,278.18,394,168
486.51,270.18,394,168
503.72,283.03,394,168
502.51,274.18,394,168
498.51,266.18,394,168
494.51,279.03,394,168
490.51,270.18,394,168
486.51,283.03,394,168
482.51,274.18,394,168
499.72,266.18,394,168
498.51,279.03,394,168
494.51,270.18,394,168
490.51,283.03,394,168
486.51,274.18,394,168
482.51,287.03,394,168
478.51,278.18,394,168
495.72,291.03,394,168
494.51,282.18,394,168
490.51,295.03,394,168
486.51,286.18,394,168
482.51,299.03,394,168
478.51,290.18,394,168
495.72,303.03,394,168
494.51,294.18,394,168
490.51,307.03,394,168
486.51,298.18,394,168
482.51,311.03,394,168
499.72,302.18,394,168
498.51,315.03,394,168
494.51,306.18,394,168
490.51,319.03,394,168
486.51,310.18,394,168
503.72,323.03,394,168
502.51,314.18,394,168
498.51,327.03,394,168
494.51,318.18,394,168
490.51,331.03,394,168
507.72,322.18,394,168
506.51,335.03,394,168
502.51,326.18,394,168
498.51,339.03,394,168
494.51,330.18,394,168
490.51,343.03,394,168
486.51,334.18,394,168
503.72,347.03,394,168
502.51,338.18,394,168
498.51,351.03,394,168
494.51,342.18,394,168
490.51,355.03,394,168
486.51,346.18,394,168
503.72,359.03,394,168
502.51,350.18,394,168
498.51,363.03,394,168
494.51,354.18,394,168
490.51,346.18,394,168
486.51,359.03,394,168
482.51,350.18,394,168
499.72,363.03,394,168
477.3,354.18,394,168
495.72,367.03,394,168
494.51,358.18,394,168
490.51,371.03,394,168
486.51,362.18,394,168
503.72,375.03,394,168
481.3,366.18,394,168
499.72,379.03,394,168
498.51,370.18,394,168
494.51,383.03,394,168
490.51,374.18,394,168
507.72,387.03,394,168
506.51,378.18,394,168
523.72,391.03,394,168
501.3,382.18,394,168
519.72,395.03,394,168
518.51,386.18,394,168
535.72,399.03,394,168
534.51,390.18,394,168
530.51,382.18,394,168
547.72,395.03,394,168
546.51,386.18,394,168
563.72,399.03,394,168
562.51,390.18,394,168
558.51,382.18,394,168
575.72,395.03,394,168
574.51,386.18,394,168
591.72,399.03,394,168
590.51,390.18,394,168
586.51,382.18,394,168
603.72,395.03,394,168
602.51,386.18,394,168
619.72,399.03,394,168
618.51,390.18,394,168
614.51,382.18,394,168
631.72,374.18,394,168
651.72,387.03,394,168
650.51,378.18,394,168
667.72,370.18,394,168
666.51,362.18,394,168
662.51,354.18,394,168
658.51,346.18,394,168
654.51,338.18,394,168
650.51,330.18,394,168
667.72,343.03,394,168
666.51,334.18,394,168
662.51,326.18,394,168
637.3,318.18,394,168
634.51,310.18,394,168
630.51,323.03,394,168
626.51,314.18,394,168
580.09,327.03,394,168
599.72,318.18,394,168
598.51,331.03,394,168
594.51,322.18,394,168
590.51,335.03,394,168
522.88,326.18,394,168
519.63,339.03,394,168
518.51,351.03,394,168
514.51,342.18,394,168
510.51,355.03,394,168
506.51,367.03,394,168
502.51,358.18,394,168
498.51,371.03,394,168
494.51,362.18,394,168
554.14,375.03,394,168
486.88,366.18,394,168
547.53,379.03,394,168
482.88,391.03,394,168
543.53,382.18,394,168
478.88,395.03,394,168
475.63,386.18,394,168
474.51,399.03,394,168
470.51,411.03,394,168
530.14,402.18,394,168
462.88,394.18,394,168
523.53,407.03,394,168
458.88,398.18,394,168
455.63,390.18,394,168
475.72,403.03,394,168
516.93,394.18,394,168
493.3,386.18,394,168
490.51,378.18,394,168
486.51,349.33,394,168
482.51,363.03,394,168
499.72,333.33,394,168
498.51,326.18,394,168
494.51,297.33,394,168
490.51,290.18,394,168
486.51,282.18,394,168
482.51,274.18,394,168
478.51,266.18,394,168
474.51,258.18,394,168
470.51,271.03,394,168
466.51,262.18,394,168
462.51,275.03,394,168
437.3,266.18,394,168
434.51,279.03,394,168
409.3,291.03,394,168
427.72,303.03,394,168
405.3,315.03,394,168
402.51,327.03,394,168
377.3,339.03,394,168
353.3,351.03,394,168
286.88,342.18,394,168
283.63,355.03,394,168
261.3,367.03,394,168
258.51,379.03,394,168
254.51,391.03,394,168
250.51,382.18,394,168
246.51,395.03,394,168
242.51,407.03,394,168
238.51,398.18,394,168
234.51,411.03,394,168
230.51,402.18,394,168
205.3,415.03,394,168
329.77,406.18,394,168
432.56,273.09,394,168
430.51,266.18,394,168
426.51,258.18,394,168
422.51,250.18,394,168
418.51,242.18,394,168
414.51,234.18,394,168
410.51,226.18,394,168
406.51,218.18,394,168
402.51,210.18,394,168
398.51,202.18,394,168
394.51,194.18,394,168
390.51,186.18,394,168
386.51,199.03,394,168
382.51,190.18,394,168
378.51,182.18,394,168
459.35,174.18,394,168
331.26,270.42,394,168
348.93,262.18,394,168
325.3,275.03,394,168
322.51,266.18,394,168
318.51,279.03,394,168
314.51,270.18,394,168
310.51,283.03,394,168
306.51,274.18,394,168
302.51,287.03,394,168
362.14,257.33,394,168
358.51,291.88,394,168
354.51,271.13,394,168
350.51,303.88,394,168
388.93,325.88,394,168
386.51,318.18,394,168
446.14,268.48,394,168
442.51,268.5,394,168
459.72,268.5,394,168
479.72,268.5,394,168
499.72,289.88,394,168
498.51,282.18,394,168
515.72,274.18,394,168
514.51,307.88,394,168
531.72,308.5,394,168
530.51,329.88,394,168
526.51,322.18,394,168
522.51,314.18,394,168
539.72,327.03,394,168
517.3,318.18,394,168
514.51,331.03,394,168
510.51,322.18,394,168
506.51,314.18,394,168
523.72,285.33,394,168
522.51,361.58,394,168
518.51,354.18,394,168
493.3,346.18,394,168
511.72,359.03,394,168
489.3,350.18,394,168
486.51,363.03,394,168
461.3,354.18,394,168
458.51,367.03,394,168
454.51,358.18,394,168
471.72,350.18,394,168
449.3,363.03,394,168
425.3,333.33,394,168
422.51,326.18,394,168
418.51,318.18,394,168
414.51,331.03,394,168
431.72,384.73,394,168
430.51,419.88,394,168
426.51,420.5,394,168
422.51,420.5,394,168
418.51,420.5,394,168
414.51,484.63,394,168
389.3,349.63,394,168
386.51,342.18,394,168
361.3,355.03,394,168
358.51,304.48,394,168
354.51,325.88,394,168
392.93,297.33,394,168
390.51,290.18,394,168
386.51,303.03,394,168
340.09,356.73,394,168
338.51,350.18,394,168
334.51,363.03,394,168
372.93,291.64,394,168
370.51,292.5,394,168
345.3,356.63,394,168
363.72,313.75,394,168
362.51,327.03,394,168
379.72,318.18,394,168
399.72,310.18,394,168
398.51,323.03,394,168
394.51,335.03,394,168
390.51,326.18,394,168
365.3,339.03,394,168
383.72,330.18,394,168
361.3,343.03,394,168
358.51,334.18,394,168
333.3,326.18,394,168
351.72,359.88,394,168
350.51,339.13,394,168
325.3,330.18,394,168
322.51,343.03,394,168
318.51,334.18,394,168
314.51,326.18,394,168
331.72,339.03,394,168
351.72,309.33,394,168
371.72,323.03,394,168
370.51,314.18,394,168
366.51,347.88,394,168
341.3,327.13,394,168
380.93,359.88,394,168
378.51,360.5,394,168
353.3,339.13,394,168
350.51,330.18,394,168
388.93,322.18,394,168
365.3,314.18,394,168
383.72,306.18,394,168
361.3,319.03,394,168
400.93,310.18,394,168
398.51,302.18,394,168
394.51,294.18,394,168
411.72,286.18,394,168
410.51,278.18,394,168
427.72,270.18,394,168
405.3,262.18,394,168
423.72,254.18,394,168
443.72,225.33,394,168
463.72,218.18,394,168
462.51,210.18,394,168
479.72,202.18,394,168
499.72,194.18,394,168
498.51,165.33,394,168
515.72,179.03,394,168
514.51,170.18,394,168
531.72,162.18,394,168
530.51,175.03,394,168
547.72,187.03,394,168
525.3,199.03,394,168
501.3,211.03,394,168
498.51,202.18,394,168
536.93,173.33,394,168
470.88,249.58,394,168
446.33,263.03,394,168
442.51,275.03,394,168
502.14,328.73,394,168
498.51,363.88,394,168
536.93,279,394,168
534.51,270.18,394,168
509.3,283.03,394,168
506.51,274.18,394,168
523.72,287.03,394,168
522.51,278.18,394,168
539.72,291.03,394,168
538.51,282.18,394,168
534.51,274.18,394,168
530.51,266.18,394,168
526.51,258.18,394,168
543.72,271.03,394,168
521.3,324.73,394,168
539.72,339.03,394,168
496.09,392.73,394,168
473.3,281.94,394,168
470.51,274.18,394,168
487.72,287.03,394,168
507.72,278.18,394,168
527.72,311.88,394,168
484.09,291.13,394,168
482.51,303.03,394,168
478.51,294.18,394,168
474.51,286.18,394,168
470.51,299.03,394,168
466.51,311.03,394,168
462.51,302.18,394,168
458.51,315.03,394,168
454.51,306.18,394,168
471.72,319.03,394,168
449.3,310.18,394,168
446.51,323.03,394,168
442.51,335.03,394,168
438.51,326.18,394,168
476.93,297.33,394,168
432.09,227.64,394,168
494.14,271.25,394,168
448.09,303.88,394,168
446.51,325.88,394,168
484.93,297.33,394,168
461.3,227.64,394,168
479.72,314,394,168
478.51,306.18,394,168
474.51,298.18,394,168
640.19,352.73,394,168
574.88,304.48,394,168
550.33,304.5,394,168
546.51,304.5,394,168
542.51,304.5,394,168
432.47,432.75,394,168
430.51,426.18,394,168
384.09,459.88,394,168
382.51,456.5,394,168
378.51,456.5,394,168
374.51,456.5,394,168
370.51,456.5,394,168
366.51,456.5,394,168
532.19,499.25,394,168
360.84,467.03,394,168
273.67,383.64,394,168
270.51,384.5,394,168
351.35,363.13,394,168
350.51,375.03,394,168
346.51,366.18,394,168
300.09,379.03,394,168
489.4,224.24,394,168
486.51,224.5,394,168
461.3,224.5,394,168
458.51,224.5,394,168
454.51,245.88,394,168
492.93,217.33,394,168
448.09,231.03,394,168
510.14,180.48,394,168
506.51,201.88,394,168
502.51,194.18,394,168
498.51,186.18,394,168
494.51,178.18,394,168
426.88,232.73,394,168
423.63,267.88,394,168
422.51,268.5,394,168
418.51,268.5,394,168
435.72,268.5,394,168
413.3,289.88,394,168
410.51,282.18,394,168
406.51,253.33,394,168
402.51,267.03,394,168
419.72,258.18,394,168
418.51,271.03,394,168
414.51,303.88,394,168
410.51,325.88,394,168
427.72,318.18,394,168
447.72,351.88,394,168
446.51,373.88,394,168
442.51,387.03,394,168
417.3,378.18,394,168
414.51,391.03,394,168
474.14,403.03,394,168
491.72,394.18,394,168
490.51,407.03,394,168
486.51,398.18,394,168
482.51,411.03,394,168
499.72,402.18,394,168
498.51,394.18,394,168
494.51,386.18,394,168
469.3,378.18,394,168
487.72,370.18,394,168
486.51,362.18,394,168
482.51,354.18,394,168
478.51,346.18,394,168
495.72,338.18,394,168
494.51,330.18,394,168
490.51,322.18,394,168
486.51,251.64,394,168
503.72,316.63,394,168
502.51,316.5,394,168
519.72,273.75,394,168
518.51,266.18,394,168
535.72,299.88,394,168
555.72,279.13,394,168
554.51,270.18,394,168
550.51,262.18,394,168
567.72,254.18,394,168
566.51,246.18,394,168
562.51,238.18,394,168
558.51,251.03,394,168
554.51,263.03,394,168
550.51,233.33,394,168
525.3,226.18,394,168
501.3,218.18,394,168
498.51,210.18,394,168
473.3,202.18,394,168
449.3,194.18,394,168
404.09,186.18,394,168
381.3,178.18,394,168
378.51,170.18,394,168
353.3,141.33,394,168
308.09,134.18,394,168
285.3,126.18,394,168
261.3,118.18,394,168
258.51,110.18,394,168
233.3,123.03,394,168
251.72,114.18,394,168
250.51,106.18,394,168
246.51,119.03,394,168
242.51,131.03,394,168
68.837,163.88,394,168
77.302,185.88,394,168
77.302,178.18,394,168
98.512,191.03,394,168
98.512,203.03,394,168
119.72,194.18,394,168
139.72,207.03,394,168
159.72,219.03,394,168
-11.163,356.12,394,168
183.35,228.25,394,168
203.72,228.5,394,168
202.51,249.88,394,168
304.56,137.94,394,168
260.09,-36.606,394,168
279.72,-27.75,394,168
257.3,-113.25,394,168
212.09,-114.3,394,168
274.14,-93.455,394,168
546.23,156.73,394,168
733.4,87.636,394,168
560.84,164.63,394,168
558.51,164.5,394,168
724.19,36.25,394,168
595.26,164.63,394,168
549.02,185.88,394,168
546.51,178.18,394,168
606.14,170.18,394,168
687.35,57.939,394,168
686.51,73.333,394,168
682.51,73.333,394,168
678.51,73.333,394,168
674.51,94.182,394,168
670.51,94.182,394,168
624.09,198.42,394,168
622.51,211.03,394,168
639.72,223.03,394,168
638.51,235.03,394,168
634.51,247.03,394,168
630.51,154.79,394,168
626.51,250.42,394,168
643.72,117.09,394,168
642.51,68.485,394,168
638.51,164.63,394,168
613.3,121.75,394,168
610.51,114.18,394,168
606.51,210.42,394,168
560.09,285.58,394,168
643.35,340.73,394,168
515.26,313.33,394,168
490.33,222.79,394,168
465.3,151.64,394,168
462.51,238,394,168
479.72,167.64,394,168
457.3,168.5,394,168
454.51,168.5,394,168
450.51,147.13,394,168
425.3,138.18,394,168
507.35,255.27,394,168
506.51,267.03,394,168
502.51,258.18,394,168
498.51,250.18,394,168
494.51,263.03,394,168
490.51,254.18,394,168
486.51,267.03,394,168
482.51,299.88,394,168
478.51,300.5,394,168
347.26,193.63,394,168
322.33,102.79,394,168
297.3,-10.061,394,168
294.51,-10.061,394,168
290.51,-10.061,394,168
286.51,-10.061,394,168
324.93,115.03,394,168
301.3,1.9394,394,168
340.93,219.27,394,168
338.51,189.33,394,168
376.93,182.18,394,168
522.98,382.67,394,168
540.93,395.03,394,168
580.93,281.94,394,168
684.56,461.82,394,168
682.51,383.64,394,168
678.51,384.5,394,168
674.51,384.5,394,168
670.51,384.5,394,168
666.51,384.5,394,168
662.51,384.5,394,168
658.51,384.5,394,168
506.05,384.5,394,168
502.51,384.5,394,168
498.51,384.5,394,168
494.51,384.5,394,168
532.93,320.38,394,168
530.51,320.5,394,168
547.72,341.88,394,168
546.51,334.18,394,168
648.56,284.48,394,168
625.3,284.5,394,168
580.09,305.88,394,168
578.51,298.18,394,168
595.72,290.18,394,168
594.51,303.03,394,168
548.09,377.58,394,168
631.35,286.79,394,168
630.51,278.18,394,168
605.3,291.03,394,168
602.51,303.03,394,168
598.51,294.18,394,168
615.72,307.03,394,168
635.72,298.18,394,168
613.3,311.03,394,168
631.72,343.88,394,168
609.3,323.13,394,168
606.51,314.18,394,168
581.3,327.03,394,168
620.93,318.18,394,168
639.72,310.18,394,168
638.51,323.03,394,168
634.51,335.03,394,168
630.51,326.18,394,168
626.51,339.03,394,168
622.51,330.18,394,168
618.51,343.03,394,168
635.72,334.18,394,168
613.3,347.03,394,168
610.51,359.03,394,168
585.3,350.18,394,168
624.93,342.18,394,168
601.3,375.88,394,168
619.72,355.13,394,168
618.51,367.03,394,168
593.3,358.18,394,168
611.72,350.18,394,168
610.51,363.03,394,168
606.51,375.03,394,168
623.72,345.33,394,168
601.3,359.03,394,168
619.72,371.03,394,168
639.72,362.18,394,168
617.3,375.03,394,168
635.72,366.18,394,168
634.51,379.03,394,168
609.3,370.18,394,168
627.72,383.03,394,168
647.72,353.33,394,168
646.51,387.88,394,168
642.51,367.13,394,168
638.51,399.88,394,168
676.93,379.13,394,168
674.51,370.18,394,168
649.3,362.18,394,168
667.72,375.03,394,168
687.72,366.18,394,168
686.51,358.18,394,168
682.51,371.03,394,168
678.51,403.88,394,168
695.72,361.75,394,168
673.3,354.18,394,168
670.51,346.18,394,168
730.14,317.33,394,168
726.51,310.18,394,168
722.51,302.18,394,168
697.3,335.88,394,168
652.09,336.5,394,168
650.51,336.5,394,168
731.35,315.13,394,168
730.51,306.18,394,168
705.3,298.18,394,168
702.51,290.18,394,168
677.3,323.88,394,168
674.51,324.5,394,168
649.3,324.5,394,168
646.51,324.5,394,168
727.35,281.75,394,168
726.51,274.18,394,168
722.51,287.03,394,168
654.88,319.88,394,168
651.63,320.5,394,168
692.93,299.13,394,168
690.51,290.18,394,168
665.3,282.18,394,168
641.3,295.03,394,168
638.51,286.18,394,168
655.72,299.03,394,168
654.51,290.18,394,168
671.72,303.03,394,168
670.51,294.18,394,168
666.51,286.18,394,168
662.51,278.18,394,168
658.51,291.03,394,168
654.51,282.18,394,168
671.72,274.18,394,168
670.51,266.18,394,168
666.51,258.18,394,168
683.72,271.03,394,168
682.51,241.33,394,168
636.09,255.03,394,168
655.72,225.33,394,168
654.51,218.18,394,168
629.3,231.03,394,168
626.51,201.33,394,168
622.51,194.18,394,168
618.51,186.18,394,168
635.72,157.33,394,168
634.51,171.03,394,168
630.51,162.18,394,168
626.51,154.18,394,168
622.51,146.18,394,168
618.51,138.18,394,168
614.51,130.18,394,168
610.51,122.18,394,168
606.51,114.18,394,168
581.3,106.18,394,168
578.51,98.182,394,168
574.51,94.182,394,168
570.51,94.182,394,168
396.84,135.88,394,168
542.98,93.75,394,168
475.72,219.27,394,168
262.42,210.18,394,168
152.47,35.394,394,168
171.72,79.125,394,168
106.88,-51.758,394,168
103.63,-49.125,394,168
102.51,-51.758,394,168
98.512,-49.125,394,168
140.93,-51.758,394,168
138.51,-49.125,394,168
134.51,-51.758,394,168
130.51,-49.125,394,168
126.51,-51.758,394,168
122.51,-49.125,394,168
118.51,-51.758,394,168
114.51,-49.125,394,168
110.51,-51.758,394,168
106.51,-49.125,394,168
102.51,-114.3,394,168
98.512,-114.3,394,168
34.884,-72.606,394,168
35.721,-70.5,394,168
34.884,-72.606,394,168
78.326,-49.125,394,168
77.302,-72.606,394,168
119.72,121.88,394,168
118.51,114.18,394,168
8.4651,-144,394,168
119.72,207.38,394,168
76.093,80.25,394,168
34.884,79.125,394,168
35.721,73.333,394,168
-71.163,-51.758,394,168
162.14,250.13,394,168
158.51,242.18,394,168
133.3,255.03,394,168
-81.581,287.88,394,168
-49.953,309.88,394,168
-28.744,281.33,394,168
-134.7,399.27,394,168
-28.744,285.94,394,168
-113.4,299.03,394,168
-28.744,290.18,394,168
99.628,261.33,394,168
353.02,295.88,394,168
498.98,275.13,394,168
495.63,266.18,394,168
558.14,28.848,394,168
639.35,135.88,394,168
596.09,222,394,168
552.09,276.73,394,168
571.72,228.48,394,168
676.56,164.38,394,168
674.51,164.5,394,168
670.51,164.5,394,168
666.51,164.5,394,168
662.51,164.5,394,168
658.51,164.5,394,168
548.47,292.75,394,168
779.81,223.64,394,168
545.21,288.63,394,168
542.51,288.5,394,168
559.72,224.38,394,168
558.51,288.63,394,168
554.51,288.5,394,168
571.72,288.5,394,168
570.51,288.5,394,168
566.51,288.5,394,168
583.72,288.5,394,168
582.51,288.5,394,168
578.51,288.5,394,168
574.51,288.5,394,168
591.72,288.5,394,168
590.51,288.5,394,168
586.51,288.5,394,168
582.51,288.5,394,168
578.51,288.5,394,168
574.51,288.5,394,168
570.51,288.5,394,168
566.51,288.5,394,168
753.4,181.63,394,168
750.51,174.18,394,168
873.77,103.64,394,168
722.88,190,394,168
591.81,307.27,394,168
590.51,319.03,394,168
671.35,205.94,394,168
670.51,198.18,394,168
730.14,211.03,394,168
684.09,223.03,394,168
682.51,235.03,394,168
678.51,226.18,394,168
695.72,259.88,394,168
694.51,260.5,394,168
626.88,410.13,394,168
644.93,423.03,394,168
642.51,414.18,394,168
638.51,427.03,394,168
655.72,439.03,394,168
675.72,451.03,394,168
674.51,442.18,394,168
670.51,455.03,394,168
687.72,425.33,394,168
686.51,459.88,394,168
682.51,456.5,394,168
678.51,456.5,394,168
695.72,456.5,394,168
694.51,456.5,394,168
690.51,456.5,394,168
644.09,456.5,394,168
684.93,435.13,394,168
682.51,426.18,394,168
678.51,418.18,394,168
822.98,305.94,394,168
677.12,423.27,394,168
822.98,289.09,394,168
762.33,303.03,394,168
758.51,294.18,394,168
818.14,265.33,394,168
850.14,237.33,394,168
956.19,251.03,394,168
828.93,283.88,394,168
680.47,412.75,394,168
678.51,343.64,394,168
674.51,344.5,394,168
670.51,344.5,394,168
666.51,344.5,394,168
662.51,344.5,394,168
510.05,323.13,394,168
633.77,335.03,394,168
609.3,388.73,394,168
733.77,298.79,394,168
751.72,269.33,394,168
729.3,262.18,394,168
832.56,337.58,394,168
913.77,246.79,394,168
913.77,217.33,394,168
956.19,105.94,394,168
913.77,202.42,394,168
701.67,256.73,394,168
698.51,271.03,394,168
694.51,262.18,394,168
881.4,275.03,394,168
722.88,307.88,394,168
719.63,308.5,394,168
718.51,329.88,394,168
735.72,322.18,394,168
734.51,335.03,394,168
730.51,347.03,394,168
726.51,338.18,394,168
743.72,351.03,394,168
721.3,342.18,394,168
739.72,355.03,394,168
717.3,346.18,394,168
735.72,359.03,394,168
713.3,350.18,394,168
562.05,446.42,394,168
431.26,396.48,394,168
427.63,396.5,394,168
426.51,396.5,394,168
422.51,396.5,394,168
418.51,396.5,394,168
414.51,396.5,394,168
410.51,396.5,394,168
554.98,439.25,394,168
423.81,388.48,394,168
422.51,388.5,394,168
418.51,409.88,394,168
541.77,443.88,394,168
432.47,380.38,394,168
430.51,401.88,394,168
553.77,435.88,394,168
571.72,457.88,394,168
570.51,446.18,394,168
587.72,438.18,394,168
586.51,430.18,394,168
582.51,443.03,394,168
578.51,434.18,394,168
595.72,426.18,394,168
615.72,439.03,394,168
614.51,430.18,394,168
462.05,359.64,394,168
564.56,403.25,394,168
562.51,289.94,394,168
558.51,282.18,394,168
575.72,232.48,394,168
489.67,360.75,394,168
486.51,354.18,394,168
588.56,408.73,394,168
607.72,381.33,394,168
585.3,395.03,394,168
582.51,407.03,394,168
451.26,356.48,394,168
447.63,313.75,394,168
446.51,306.18,394,168
442.51,298.18,394,168
438.51,311.03,394,168
434.51,302.18,394,168
430.51,294.18,394,168
426.51,327.88,394,168
592.19,371.25,394,168
569.3,362.18,394,168
439.26,333.33,394,168
435.63,326.18,394,168
434.51,359.88,394,168
494.14,317.75,394,168
490.51,310.18,394,168
444.09,364.73,394,168
442.51,399.88,394,168
608.19,443.25,394,168
458.05,392.48,394,168
454.51,392.5,394,168
429.3,413.88,394,168
447.72,427.03,394,168
467.72,439.03,394,168
466.51,409.33,394,168
462.51,443.88,394,168
458.51,444.5,394,168
475.72,423.13,394,168
474.51,435.03,394,168
491.72,447.03,394,168
490.51,417.33,394,168
486.51,431.03,394,168
503.72,422.18,394,168
502.51,414.18,394,168
498.51,447.88,394,168
494.51,448.5,394,168
511.72,448.5,394,168
510.51,448.5,394,168
527.72,405.75,394,168
526.51,460.73,394,168
522.51,446.18,394,168
518.51,459.03,394,168
535.72,446.18,394,168
534.51,438.18,394,168
530.51,451.03,394,168
696.19,483.88,394,168
546.05,477.88,394,168
542.51,467.03,394,168
538.51,446.18,394,168
555.72,459.03,394,168
554.51,446.18,394,168
550.51,438.18,394,168
716.19,471.88,394,168
566.05,435.13,394,168
562.51,426.18,394,168
558.51,418.18,394,168
554.51,410.18,394,168
571.72,402.18,394,168
570.51,394.18,394,168
566.51,365.33,394,168
562.51,358.18,394,168
558.51,350.18,394,168
554.51,342.18,394,168
550.51,334.18,394,168
546.51,326.18,394,168
542.51,318.18,394,168
538.51,310.18,394,168
534.51,323.03,394,168
530.51,314.18,394,168
526.51,327.03,394,168
522.51,318.18,394,168
518.51,331.03,394,168
514.51,322.18,394,168
510.51,335.03,394,168
506.51,326.18,394,168
502.51,339.03,394,168
498.51,330.18,394,168
494.51,343.03,394,168
490.51,334.18,394,168
486.51,347.03,394,168
482.51,338.18,394,168
478.51,351.03,394,168
453.3,342.18,394,168
450.51,334.18,394,168
446.51,347.03,394,168
442.51,359.03,394,168
438.51,350.18,394,168
413.3,342.18,394,168
410.51,355.03,394,168
406.51,346.18,394,168
423.72,359.03,394,168
422.51,371.03,394,168
418.51,362.18,394,168
414.51,354.18,394,168
431.72,367.03,394,168
430.51,358.18,394,168
447.72,350.18,394,168
467.72,363.03,394,168
466.51,354.18,394,168
483.72,367.03,394,168
482.51,358.18,394,168
499.72,371.03,394,168
519.72,362.18,394,168
539.72,375.03,394,168
538.51,366.18,394,168
534.51,358.18,394,168
551.72,371.03,394,168
550.51,362.18,394,168
567.72,354.18,394,168
566.51,367.03,394,168
562.51,358.18,394,168
579.72,371.03,394,168
578.51,341.33,394,168
574.51,334.18,394,168
570.51,326.18,394,168
587.72,339.03,394,168
586.51,309.33,394,168
582.51,302.18,394,168
578.51,294.18,394,168
574.51,286.18,394,168
570.51,278.18,394,168
566.51,270.18,394,168
583.72,262.18,394,168
582.51,254.18,394,168
578.51,246.18,394,168
574.51,259.03,394,168
570.51,229.33,394,168
566.51,243.03,394,168
541.3,234.18,394,168
538.51,226.18,394,168
534.51,218.18,394,168
530.51,231.03,394,168
526.51,243.03,394,168
522.51,234.18,394,168
518.51,226.18,394,168
514.51,239.03,394,168
510.51,230.18,394,168
506.51,243.03,394,168
523.72,255.03,394,168
522.51,267.03,394,168
518.51,258.18,394,168
514.51,271.03,394,168
531.72,283.03,394,168
530.51,274.18,394,168
526.51,287.03,394,168
543.72,299.03,394,168
542.51,269.33,394,168
602.14,303.88,394,168
534.88,304.5,394,168
552.93,304.5,394,168
550.51,304.5,394,168
546.51,304.5,394,168
563.72,325.88,394,168
562.51,297.33,394,168
558.51,290.18,394,168
554.51,303.03,394,168
571.72,315.03,394,168
570.51,306.18,394,168
566.51,298.18,394,168
710.98,352.73,394,168
579.81,304.48,394,168
578.51,304.5,394,168
574.51,304.5,394,168
570.51,304.5,394,168
587.72,325.88,394,168
586.51,318.18,394,168
582.51,310.18,394,168
578.51,302.18,394,168
595.72,315.03,394,168
594.51,306.18,394,168
590.51,298.18,394,168
586.51,311.03,394,168
582.51,302.18,394,168
599.72,315.03,394,168
598.51,306.18,394,168
594.51,319.03,394,168
590.51,310.18,394,168
607.72,323.03,394,168
606.51,314.18,394,168
602.51,327.03,394,168
598.51,318.18,394,168
615.72,331.03,394,168
614.51,322.18,394,168
610.51,335.03,394,168
606.51,305.33,394,168
602.51,319.03,394,168
598.51,310.18,394,168
573.3,323.03,394,168
570.51,314.18,394,168
566.51,327.03,394,168
562.51,318.18,394,168
558.51,310.18,394,168
533.3,302.18,394,168
530.51,294.18,394,168
505.3,286.18,394,168
502.51,278.18,394,168
498.51,270.18,394,168
473.3,262.18,394,168
470.51,254.18,394,168
466.51,246.18,394,168
462.51,259.03,394,168
437.3,229.33,394,168
434.51,243.03,394,168
430.51,213.33,394,168
405.3,227.03,394,168
402.51,218.18,394,168
419.72,231.03,394,168
397.3,222.18,394,168
415.72,235.03,394,168
414.51,226.18,394,168
410.51,218.18,394,168
406.51,231.03,394,168
423.72,222.18,394,168
443.72,235.03,394,168
442.51,226.18,394,168
438.51,239.03,394,168
434.51,230.18,394,168
451.72,222.18,394,168
450.51,235.03,394,168
446.51,226.18,394,168
442.51,218.18,394,168
438.51,210.18,394,168
413.3,202.18,394,168
410.51,194.18,394,168
385.3,186.18,394,168
382.51,178.18,394,168
378.51,170.18,394,168
353.3,162.18,394,168
329.3,154.18,394,168
326.51,146.18,394,168
322.51,138.18,394,168
318.51,151.03,394,168
293.3,142.18,394,168
290.51,134.18,394,168
286.51,126.18,394,168
282.51,139.03,394,168
299.72,151.03,394,168
298.51,142.18,394,168
294.51,134.18,394,168
311.72,147.03,394,168
310.51,138.18,394,168
306.51,151.03,394,168
302.51,142.18,394,168
298.51,155.03,394,168
294.51,167.03,394,168
290.51,158.18,394,168
286.51,171.03,394,168
282.51,183.03,394,168
278.51,132.48,394,168
253.3,196.63,394,168
250.51,196.5,394,168
246.51,217.88,394,168
242.51,231.03,394,168
238.51,222.18,394,168
234.51,235.03,394,168
230.51,226.18,394,168
226.51,239.03,394,168
222.51,251.03,394,168
239.72,263.03,394,168
238.51,275.03,394,168
234.51,266.18,394,168
230.51,279.03,394,168
226.51,270.18,394,168
243.72,283.03,394,168
242.51,295.03,394,168
238.51,286.18,394,168
255.72,236.48,394,168
254.51,300.63,394,168
250.51,300.5,394,168
246.51,300.5,394,168
242.51,300.5,394,168
238.51,300.5,394,168
234.51,300.5,394,168
230.51,300.5,394,168
226.51,300.5,394,168
222.51,300.5,394,168
239.72,300.5,394,168
238.51,300.5,394,168
234.51,279.13,394,168
230.51,270.18,394,168
226.51,262.18,394,168
243.72,254.18,394,168
242.51,246.18,394,168
259.72,238.18,394,168
258.51,230.18,394,168
254.51,222.18,394,168
271.72,214.18,394,168
291.72,206.18,394,168
290.51,198.18,394,168
286.51,190.18,394,168
303.72,203.03,394,168
302.51,194.18,394,168
319.72,207.03,394,168
318.51,219.03,394,168
314.51,231.03,394,168
310.51,222.18,394,168
306.51,235.03,394,168
323.72,267.88,394,168
322.51,289.88,394,168
318.51,323.88,394,168
314.51,324.5,394,168
331.72,345.88,394,168
330.51,359.03,394,168
347.72,391.88,394,168
367.72,413.88,394,168
366.51,406.18,394,168
383.72,419.03,394,168
403.72,431.03,394,168
423.72,443.03,394,168
443.72,434.18,394,168
442.51,447.03,394,168
459.72,438.18,394,168
458.51,430.18,394,168
475.72,422.18,394,168
474.51,414.18,394,168
470.51,406.18,394,168
466.51,398.18,394,168
462.51,390.18,394,168
458.51,382.18,394,168
454.51,374.18,394,168
450.51,366.18,394,168
446.51,358.18,394,168
442.51,371.03,394,168
417.3,362.18,394,168
435.72,375.03,394,168
413.3,366.18,394,168
431.72,379.03,394,168
430.51,370.18,394,168
426.51,362.18,394,168
443.72,375.03,394,168
442.51,366.18,394,168
459.72,358.18,394,168
479.72,371.03,394,168
499.72,362.18,394,168
498.51,375.03,394,168
494.51,366.18,394,168
511.72,379.03,394,168
510.51,370.18,394,168
527.72,362.18,394,168
526.51,354.18,394,168
522.51,367.03,394,168
518.51,358.18,394,168
514.51,350.18,394,168
510.51,342.18,394,168
485.3,334.18,394,168
503.72,347.03,394,168
481.3,338.18,394,168
478.51,330.18,394,168
474.51,322.18,394,168
470.51,314.18,394,168
466.51,327.03,394,168
462.51,318.18,394,168
479.72,310.18,394,168
478.51,323.03,394,168
495.72,335.03,394,168
473.3,326.18,394,168
491.72,318.18,394,168
490.51,331.03,394,168
507.72,343.03,394,168
506.51,334.18,394,168
523.72,347.03,394,168
522.51,338.18,394,168
518.51,351.03,394,168
535.72,363.03,394,168
534.51,354.18,394,168
530.51,367.03,394,168
526.51,358.18,394,168
543.72,371.03,394,168
521.3,362.18,394,168
518.51,354.18,394,168
514.51,367.03,394,168
510.51,358.18,394,168
506.51,350.18,394,168
502.51,342.18,394,168
477.3,334.18,394,168
495.72,347.03,394,168
473.3,338.18,394,168
470.51,330.18,394,168
466.51,322.18,394,168
462.51,293.33,394,168
458.51,307.03,394,168
454.51,298.18,394,168
450.51,290.18,394,168
446.51,282.18,394,168
442.51,274.18,394,168
438.51,266.18,394,168
434.51,258.18,394,168
430.51,250.18,394,168
426.51,263.03,394,168
422.51,254.18,394,168
418.51,246.18,394,168
414.51,238.18,394,168
410.51,251.03,394,168
406.51,242.18,394,168
402.51,234.18,394,168
398.51,247.03,394,168
394.51,238.18,394,168
411.72,230.18,394,168
389.3,243.03,394,168
386.51,255.03,394,168
382.51,246.18,394,168
399.72,259.03,394,168
377.3,250.18,394,168
374.51,263.03,394,168
370.51,254.18,394,168
387.72,267.03,394,168
365.3,258.18,394,168
362.51,271.03,394,168
358.51,262.18,394,168
354.51,275.03,394,168
371.72,287.03,394,168
349.3,278.18,394,168
367.72,228.48,394,168
366.51,292.63,394,168
362.51,249.75,394,168
358.51,283.88,394,168
354.51,284.5,394,168
350.51,305.88,394,168
346.51,298.18,394,168
342.51,290.18,394,168
338.51,282.18,394,168
355.72,295.03,394,168
354.51,286.18,394,168
350.51,299.03,394,168
367.72,311.03,394,168
366.51,302.18,394,168
362.51,294.18,394,168
379.72,307.03,394,168
399.72,298.18,394,168
419.72,311.03,394,168
397.3,302.18,394,168
415.72,315.03,394,168
435.72,306.18,394,168
455.72,319.03,394,168
475.72,289.33,394,168
474.51,323.88,394,168
470.51,324.5,394,168
466.51,324.5,394,168
462.51,345.88,394,168
458.51,338.18,394,168
454.51,330.18,394,168
450.51,343.03,394,168
425.3,334.18,394,168
422.51,347.03,394,168
418.51,359.03,394,168
414.51,350.18,394,168
389.3,342.18,394,168
386.51,334.18,394,168
382.51,347.03,394,168
399.72,338.18,394,168
398.51,351.03,394,168
394.51,363.03,394,168
411.72,312.48,394,168
410.51,355.25,394,168
427.72,346.18,394,168
426.51,359.03,394,168
422.51,350.18,394,168
439.72,363.03,394,168
438.51,354.18,394,168
434.51,367.03,394,168
430.51,358.18,394,168
532.56,412.73,394,168
445.67,322.79,394,168
442.51,376.73,394,168
438.51,370.18,394,168
434.51,362.18,394,168
430.51,375.03,394,168
426.51,366.18,394,168
422.51,358.18,394,168
418.51,371.03,394,168
414.51,362.18,394,168
431.72,333.33,394,168
430.51,326.18,394,168
426.51,359.88,394,168
422.51,360.5,394,168
418.51,360.5,394,168
414.51,360.5,394,168
410.51,360.5,394,168
427.72,317.75,394,168
426.51,351.88,394,168
422.51,331.13,394,168
418.51,343.03,394,168
414.51,355.03,394,168
410.51,346.18,394,168
427.72,317.33,394,168
426.51,351.88,394,168
422.51,352.5,394,168
418.51,352.5,394,168
414.51,352.5,394,168
431.72,352.5,394,168
430.51,352.5,394,168
426.51,352.5,394,168
422.51,352.5,394,168
439.72,352.5,394,168
438.51,352.5,394,168
434.51,352.5,394,168
430.51,352.5,394,168
426.51,373.88,394,168
422.51,345.33,394,168
439.72,359.03,394,168
438.51,371.03,394,168
434.51,362.18,394,168
430.51,354.18,394,168
426.51,346.18,394,168
443.72,359.03,394,168
442.51,371.03,394,168
438.51,362.18,394,168
434.51,354.18,394,168
430.51,367.03,394,168
426.51,358.18,394,168
443.72,371.03,394,168
442.51,362.18,394,168
438.51,354.18,394,168
434.51,367.03,394,168
430.51,358.18,394,168
574.98,412.73,394,168
379.91,343.64,394,168
420.93,365.88,394,168
418.51,358.18,394,168
435.72,371.03,394,168
434.51,362.18,394,168
430.51,354.18,394,168
426.51,367.03,394,168
422.51,358.18,394,168
418.51,350.18,394,168
414.51,363.03,394,168
410.51,354.18,394,168
427.72,346.18,394,168
362.88,338.18,394,168
423.53,351.03,394,168
422.51,342.18,394,168
418.51,355.03,394,168
414.51,346.18,394,168
410.51,359.03,394,168
406.51,350.18,394,168
402.51,342.18,394,168
419.72,334.18,394,168
397.3,347.03,394,168
415.72,338.18,394,168
414.51,330.18,394,168
410.51,343.03,394,168
427.72,334.18,394,168
405.3,347.03,394,168
402.51,338.18,394,168
398.51,330.18,394,168
394.51,343.03,394,168
390.51,334.18,394,168
407.72,347.03,394,168
406.51,338.18,394,168
402.51,330.18,394,168
398.51,322.18,394,168
394.51,314.18,394,168
390.51,306.18,394,168
407.72,298.18,394,168
406.51,290.18,394,168
402.51,303.03,394,168
398.51,294.18,394,168
394.51,286.18,394,168
390.51,299.03,394,168
386.51,290.18,394,168
382.51,282.18,394,168
399.72,274.18,394,168
377.3,287.03,394,168
374.51,278.18,394,168
391.72,291.03,394,168
390.51,282.18,394,168
386.51,274.18,394,168
382.51,287.03,394,168
378.51,278.18,394,168
374.51,270.18,394,168
370.51,262.18,394,168
366.51,275.03,394,168
362.51,266.18,394,168
358.51,258.18,394,168
354.51,250.18,394,168
350.51,263.03,394,168
346.51,254.18,394,168
342.51,246.18,394,168
338.51,259.03,394,168
334.51,250.18,394,168
330.51,242.18,394,168
347.72,255.03,394,168
346.51,246.18,394,168
342.51,238.18,394,168
317.3,251.03,394,168
314.51,242.18,394,168
268.09,234.18,394,168
308.93,247.03,394,168
327.72,238.18,394,168
305.3,251.03,394,168
302.51,242.18,394,168
319.72,234.18,394,168
297.3,247.03,394,168
294.51,238.18,394,168
311.72,230.18,394,168
289.3,243.03,394,168
286.51,234.18,394,168
303.72,226.18,394,168
302.51,239.03,394,168
298.51,230.18,394,168
294.51,222.18,394,168
290.51,235.03,394,168
286.51,226.18,394,168
282.51,239.03,394,168
278.51,230.18,394,168
168.47,201.33,394,168
272.56,235.88,394,168
270.51,236.5,394,168
266.51,236.5,394,168
262.51,236.5,394,168
279.72,236.5,394,168
278.51,236.5,394,168
274.51,236.5,394,168
270.51,236.5,394,168
266.51,236.5,394,168
262.51,236.5,394,168
258.51,236.5,394,168
275.72,236.5,394,168
274.51,236.5,394,168
270.51,236.5,394,168
266.51,236.5,394,168
262.51,236.5,394,168
258.51,236.5,394,168
254.51,236.5,394,168
271.72,236.5,394,168
270.51,236.5,394,168
266.51,236.5,394,168
262.51,236.5,394,168
258.51,236.5,394,168
254.51,236.5,394,168
250.51,236.5,394,168
352.56,236.5,394,168
202.05,215.13,394,168
92.465,206.18,394,168
246.98,219.03,394,168
264.93,210.18,394,168
241.3,223.03,394,168
259.72,214.18,394,168
258.51,206.18,394,168
254.51,219.03,394,168
250.51,210.18,394,168
246.51,223.03,394,168
242.51,214.18,394,168
196.09,206.18,394,168
236.93,219.03,394,168
255.72,210.18,394,168
233.3,223.03,394,168
251.72,214.18,394,168
250.51,227.03,394,168
246.51,218.18,394,168
242.51,231.03,394,168
238.51,222.18,394,168
234.51,214.18,394,168
251.72,227.03,394,168
250.51,239.03,394,168
246.51,230.18,394,168
263.72,222.18,394,168
262.51,235.03,394,168
258.51,247.03,394,168
254.51,259.03,394,168
271.72,271.03,394,168
270.51,262.18,394,168
266.51,254.18,394,168
262.51,287.88,394,168
279.72,309.88,394,168
278.51,323.03,394,168
274.51,314.18,394,168
270.51,327.03,394,168
287.72,339.03,394,168
286.51,351.03,394,168
282.51,363.03,394,168
299.72,354.18,394,168
298.51,367.03,394,168
294.51,379.03,394,168
290.51,391.03,394,168
307.72,382.18,394,168
306.51,395.03,394,168
302.51,407.03,394,168
298.51,398.18,394,168
315.72,411.03,394,168
314.51,423.03,394,168
310.51,414.18,394,168
306.51,427.03,394,168
302.51,439.03,394,168
319.72,451.03,394,168
318.51,442.18,394,168
314.51,455.03,394,168
310.51,446.18,394,168
327.72,459.03,394,168
305.3,467.03,394,168
323.72,467.03,394,168
322.51,467.03,394,168
318.51,467.03,394,168
314.51,487.88,394,168
