202,149,46,47
202.33,148.41,46,47
201.41,147.73,46,47
200.41,146.73,46,47
199.41,149.54,46,47
198.41,148.73,46,47
197.41,147.73,46,47
200.19,146.73,46,47
199.41,145.73,46,47
198.41,148.54,46,47
197.41,147.73,46,47
196.41,150.54,46,47
195.41,153.54,46,47
198.19,152.73,46,47
197.41,155.54,46,47
196.41,158.54,46,47
199.19,161.54,46,47
198.41,160.73,46,47
197.41,163.54,46,47
196.41,166.54,46,47
195.41,165.73,46,47
198.19,168.54,46,47
197.41,167.73,46,47
196.41,170.54,46,47
199.19,169.73,46,47
198.41,172.54,46,47
197.41,171.73,46,47
200.19,170.73,46,47
199.41,169.73,46,47
198.41,172.54,46,47
197.41,171.73,46,47
200.19,170.73,46,47
199.41,169.73,46,47
202.19,168.73,46,47
201.41,167.73,46,47
204.19,166.73,46,47
203.41,165.73,46,47
206.19,164.73,46,47
209.19,159.92,46,47
208.41,158.73,46,47
211.19,153.92,46,47
210.41,148.92,46,47
213.19,147.73,46,47
212.41,142.92,46,47
215.19,141.73,46,47
218.19,140.73,46,47
217.41,139.73,46,47
220.19,138.73,46,47
223.19,137.73,46,47
226.19,140.54,46,47
225.41,139.73,46,47
228.19,138.73,46,47
231.19,137.73,46,47
230.41,136.73,46,47
233.19,139.54,46,47
232.41,138.73,46,47
235.19,141.54,46,47
234.41,140.73,46,47
233.41,143.54,46,47
236.19,142.73,46,47
235.41,145.54,46,47
234.41,144.73,46,47
237.19,147.54,46,47
236.41,146.73,46,47
235.41,145.73,46,47
238.19,144.73,46,47
237.41,143.73,46,47
240.19,142.73,46,47
239.41,141.73,46,47
242.19,140.73,46,47
241.41,139.73,46,47
244.19,138.73,46,47
243.41,137.73,46,47
242.41,136.73,46,47
241.41,135.73,46,47
240.41,134.73,46,47
239.41,133.73,46,47
242.19,128.92,46,47
241.41,131.54,46,47
240.41,130.73,46,47
239.41,129.73,46,47
238.41,128.73,46,47
237.41,127.73,46,47
240.19,122.92,46,47
239.41,121.73,46,47
238.41,120.73,46,47
237.41,119.73,46,47
236.41,118.73,46,47
235.41,117.73,46,47
234.41,116.73,46,47
233.41,115.73,46,47
232.41,118.54,46,47
231.41,117.73,46,47
234.19,116.73,46,47
233.41,119.54,46,47
232.41,122.54,46,47
231.41,125.54,46,47
230.41,124.73,46,47
229.41,127.54,46,47
232.19,126.73,46,47
231.41,129.54,46,47
230.41,132.54,46,47
233.19,131.73,46,47
232.41,134.54,46,47
235.19,133.73,46,47
234.41,136.54,46,47
237.19,135.73,46,47
243.97,134.73,46,47
249.97,137.54,46,47
255.97,140.54,46,47
265.76,143.54,46,47
268.19,138.92,46,47
274.97,137.73,46,47
280.97,132.92,46,47
286.97,131.73,46,47
289.19,130.73,46,47
292.19,129.73,46,47
295.19,124.92,46,47
294.41,127.54,46,47
293.41,126.73,46,47
292.41,125.73,46,47
291.41,124.73,46,47
290.41,123.73,46,47
285.62,126.54,46,47
280.62,125.73,46,47
279.41,124.73,46,47
274.62,123.73,46,47
269.62,122.73,46,47
264.62,121.73,46,47
259.62,124.54,46,47
254.62,127.54,46,47
253.41,134.35,46,47
248.62,141.35,46,47
247.41,148.35,46,47
246.41,155.35,46,47
241.62,166.16,46,47
236.62,173.35,46,47
235.41,176.54,46,47
234.41,179.54,46,47
233.41,182.54,46,47
232.41,185.54,46,47
235.19,184.73,46,47
238.19,183.73,46,47
241.19,182.73,46,47
240.41,181.73,46,47
243.19,180.73,46,47
246.19,179.73,46,47
249.19,178.73,46,47
252.19,177.73,46,47
251.41,176.73,46,47
254.19,175.73,46,47
253.41,174.73,46,47
256.19,173.73,46,47
255.41,172.73,46,47
258.19,171.73,46,47
257.41,174.54,46,47
256.41,173.73,46,47
255.41,172.73,46,47
254.41,175.54,46,47
253.41,174.73,46,47
252.41,173.73,46,47
251.41,172.73,46,47
250.41,175.54,46,47
249.41,174.73,46,47
248.41,173.73,46,47
251.19,172.73,46,47
250.41,175.54,46,47
249.41,174.73,46,47
252.19,173.73,46,47
255.19,176.54,46,47
258.19,175.73,46,47
261.19,174.73,46,47
264.19,173.73,46,47
267.19,172.73,46,47
266.41,171.73,46,47
272.97,166.92,46,47
275.19,165.73,46,47
274.41,164.73,46,47
277.19,163.73,46,47
276.41,162.73,46,47
279.19,157.92,46,47
278.41,156.73,46,47
281.19,155.73,46,47
284.19,154.73,46,47
283.41,149.92,46,47
286.19,144.92,46,47
289.19,136.11,46,47
288.41,131.92,46,47
291.19,126.92,46,47
290.41,118.11,46,47
293.19,113.92,46,47
288.62,108.92,46,47
287.41,103.92,46,47
286.41,98.919,46,47
281.62,97.73,46,47
276.62,100.54,46,47
271.62,99.73,46,47
270.41,102.54,46,47
265.62,105.54,46,47
256.84,108.54,46,47
255.41,111.54,46,47
250.62,114.54,46,47
245.62,113.73,46,47
244.41,116.54,46,47
247.19,115.73,46,47
246.41,114.73,46,47
245.41,113.73,46,47
248.19,112.73,46,47
247.41,111.73,46,47
250.19,110.73,46,47
249.41,109.73,46,47
248.41,112.54,46,47
251.19,111.73,46,47
250.41,114.54,46,47
249.41,117.54,46,47
252.19,116.73,46,47
255.19,119.54,46,47
258.19,118.73,46,47
261.19,113.92,46,47
260.41,112.73,46,47
263.19,107.92,46,47
262.41,106.73,46,47
261.41,101.92,46,47
260.41,100.73,46,47
259.41,99.73,46,47
258.41,102.54,46,47
257.41,105.54,46,47
256.41,104.73,46,47
259.19,107.54,46,47
262.19,106.73,46,47
261.41,109.54,46,47
264.19,108.73,46,47
267.19,107.73,46,47
266.41,106.73,46,47
269.19,101.92,46,47
268.41,100.73,46,47
267.41,99.73,46,47
270.19,102.54,46,47
269.41,105.54,46,47
272.19,104.73,46,47
271.41,107.54,46,47
274.19,110.54,46,47
273.41,113.54,46,47
272.41,116.54,46,47
275.19,115.73,46,47
274.41,118.54,46,47
277.19,117.73,46,47
276.41,120.54,46,47
275.41,119.73,46,47
278.19,122.54,46,47
277.41,121.73,46,47
276.41,120.73,46,47
275.41,123.54,46,47
278.19,122.73,46,47
277.41,125.54,46,47
276.41,124.73,46,47
279.19,127.54,46,47
274.62,126.73,46,47
277.19,129.54,46,47
272.62,132.54,46,47
271.41,135.54,46,47
270.41,138.54,46,47
269.41,137.73,46,47
268.41,140.54,46,47
267.41,143.54,46,47
266.41,150.35,46,47
261.62,153.54,46,47
260.41,156.54,46,47
259.41,159.54,46,47
254.62,166.35,46,47
249.62,169.54,46,47
244.62,172.54,46,47
239.62,175.54,46,47
238.41,174.73,46,47
233.62,177.54,46,47
232.41,176.73,46,47
231.41,175.73,46,47
230.41,174.73,46,47
229.41,177.54,46,47
232.19,176.73,46,47
231.41,175.73,46,47
230.41,178.54,46,47
229.41,177.73,46,47
228.41,176.73,46,47
227.41,179.54,46,47
226.41,178.73,46,47
225.41,181.54,46,47
224.41,180.73,46,47
223.41,183.54,46,47
222.41,182.73,46,47
221.41,185.54,46,47
220.41,180.92,46,47
219.41,183.54,46,47
218.41,182.73,46,47
217.41,185.54,46,47
216.41,184.73,46,47
215.41,183.73,46,47
214.41,186.54,46,47
217.19,185.73,46,47
216.41,184.73,46,47
219.19,187.54,46,47
218.41,194.35,46,47
221.19,193.73,46,47
220.41,196.54,46,47
223.19,195.73,46,47
222.41,198.54,46,47
225.19,197.73,46,47
224.41,196.73,46,47
223.41,199.54,46,47
222.41,198.73,46,47
225.19,197.73,46,47
224.41,196.73,46,47
227.19,195.73,46,47
226.41,198.54,46,47
225.41,197.73,46,47
224.41,196.73,46,47
223.41,195.73,46,47
226.19,194.73,46,47
225.41,197.54,46,47
224.41,196.73,46,47
223.41,195.73,46,47
226.19,194.73,46,47
225.41,193.73,46,47
228.19,192.73,46,47
227.41,195.54,46,47
230.19,194.73,46,47
229.41,193.73,46,47
232.19,192.73,46,47
235.19,187.92,46,47
234.41,190.54,46,47
233.41,189.73,46,47
236.19,188.73,46,47
235.41,191.54,46,47
238.19,190.73,46,47
237.41,189.73,46,47
236.41,192.54,46,47
235.41,191.73,46,47
238.19,190.73,46,47
237.41,189.73,46,47
236.41,188.73,46,47
239.19,187.73,46,47
238.41,186.73,46,47
237.41,185.73,46,47
240.19,184.73,46,47
239.41,183.73,46,47
242.19,182.73,46,47
241.41,185.54,46,47
240.41,184.73,46,47
239.41,183.73,46,47
242.19,182.73,46,47
241.41,181.73,46,47
240.41,180.73,46,47
239.41,183.54,46,47
238.41,182.73,46,47
241.19,181.73,46,47
240.41,184.54,46,47
239.41,183.73,46,47
242.19,182.73,46,47
241.41,185.54,46,47
240.41,184.73,46,47
239.41,183.73,46,47
238.41,186.54,46,47
241.19,185.73,46,47
240.41,184.73,46,47
239.41,187.54,46,47
238.41,186.73,46,47
241.19,185.73,46,47
240.41,184.73,46,47
239.41,187.54,46,47
238.41,186.73,46,47
237.41,189.54,46,47
240.19,188.73,46,47
239.41,187.73,46,47
238.41,186.73,46,47
237.41,189.54,46,47
236.41,188.73,46,47
235.41,187.73,46,47
238.19,186.73,46,47
237.41,185.73,46,47
236.41,188.54,46,47
235.41,187.73,46,47
238.19,186.73,46,47
233.62,189.54,46,47
236.19,188.73,46,47
235.41,187.73,46,47
234.41,190.54,46,47
233.41,189.73,46,47
236.19,188.73,46,47
235.41,191.54,46,47
234.41,190.73,46,47
237.19,189.73,46,47
236.41,192.54,46,47
235.41,191.73,46,47
238.19,190.73,46,47
237.41,189.73,46,47
240.19,188.73,46,47
239.41,187.73,46,47
242.19,186.73,46,47
241.41,185.73,46,47
240.41,180.92,46,47
239.41,179.73,46,47
238.41,182.54,46,47
233.62,181.73,46,47
232.41,180.73,46,47
227.62,179.73,46,47
222.62,174.92,46,47
217.62,169.92,46,47
212.62,168.73,46,47
207.62,167.73,46,47
202.62,166.73,46,47
197.62,165.73,46,47
196.41,164.73,46,47
191.62,163.73,46,47
190.41,166.54,46,47
189.41,165.73,46,47
188.41,168.54,46,47
187.41,167.73,46,47
186.41,170.54,46,47
189.19,169.73,46,47
188.41,172.54,46,47
191.19,171.73,46,47
190.41,170.73,46,47
193.19,173.54,46,47
192.41,172.73,46,47
195.19,171.73,46,47
198.19,170.73,46,47
197.41,169.73,46,47
200.19,168.73,46,47
199.41,167.73,46,47
198.41,170.54,46,47
201.19,165.92,46,47
200.41,164.73,46,47
199.41,163.73,46,47
202.19,162.73,46,47
201.41,161.73,46,47
200.41,160.73,46,47
199.41,163.54,46,47
202.19,162.73,46,47
201.41,161.73,46,47
200.41,160.73,46,47
199.41,159.73,46,47
198.41,158.73,46,47
201.19,157.73,46,47
200.41,156.73,46,47
199.41,155.73,46,47
198.41,158.54,46,47
197.41,157.73,46,47
196.41,156.73,46,47
195.41,159.54,46,47
198.19,158.73,46,47
197.41,157.73,46,47
196.41,160.54,46,47
195.41,159.73,46,47
198.19,158.73,46,47
197.41,157.73,46,47
196.41,156.73,46,47
195.41,159.54,46,47
198.19,158.73,46,47
197.41,157.73,46,47
196.41,156.73,46,47
195.41,155.73,46,47
194.41,154.73,46,47
193.41,157.54,46,47
196.19,156.73,46,47
195.41,155.73,46,47
194.41,154.73,46,47
193.41,153.73,46,47
192.41,156.54,46,47
195.19,155.73,46,47
194.41,154.73,46,47
197.19,153.73,46,47
196.41,156.54,46,47
199.19,155.73,46,47
205.97,154.73,46,47
208.19,157.54,46,47
211.19,156.73,46,47
214.19,159.54,46,47
217.19,162.54,46,47
220.19,161.73,46,47
223.19,160.73,46,47
226.19,163.54,46,47
225.41,162.73,46,47
228.19,161.73,46,47
231.19,160.73,46,47
230.41,163.54,46,47
233.19,162.73,46,47
236.19,161.73,46,47
235.41,160.73,46,47
238.19,159.73,46,47
241.19,158.73,46,47
244.19,161.54,46,47
247.19,160.73,46,47
250.19,159.73,46,47
249.41,162.54,46,47
252.19,161.73,46,47
255.19,160.73,46,47
254.41,159.73,46,47
257.19,158.73,46,47
260.19,157.73,46,47
259.41,156.73,46,47
262.19,155.73,46,47
261.41,154.73,46,47
260.41,153.73,46,47
259.41,152.73,46,47
258.41,151.73,46,47
257.41,150.73,46,47
260.19,149.73,46,47
259.41,152.54,46,47
258.41,151.73,46,47
257.41,150.73,46,47
260.19,149.73,46,47
259.41,148.73,46,47
262.19,147.73,46,47
261.41,146.73,46,47
264.19,145.73,46,47
263.41,144.73,46,47
262.41,147.54,46,47
265.19,146.73,46,47
264.41,145.73,46,47
263.41,148.54,46,47
266.19,147.73,46,47
265.41,146.73,46,47
264.41,149.54,46,47
263.41,148.73,46,47
262.41,147.73,46,47
261.41,146.73,46,47
260.41,145.73,46,47
259.41,144.73,46,47
258.41,139.92,46,47
257.41,138.73,46,47
252.62,137.73,46,47
251.41,132.92,46,47
246.62,131.73,46,47
245.41,126.92,46,47
244.41,125.73,46,47
247.19,124.73,46,47
246.41,123.73,46,47
245.41,126.54,46,47
248.19,125.73,46,47
247.41,124.73,46,47
250.19,123.73,46,47
249.41,126.54,46,47
252.19,125.73,46,47
251.41,124.73,46,47
254.19,123.73,46,47
253.41,126.54,46,47
252.41,129.54,46,47
251.41,132.54,46,47
250.41,139.35,46,47
249.41,142.54,46,47
248.41,145.54,46,47
251.19,148.54,46,47
250.41,151.54,46,47
253.19,154.54,46,47
252.41,153.73,46,47
255.19,152.73,46,47
254.41,147.92,46,47
253.41,142.92,46,47
256.19,134.11,46,47
255.41,129.92,46,47
254.41,128.73,46,47
257.19,123.92,46,47
256.41,126.54,46,47
255.41,129.54,46,47
254.41,132.54,46,47
253.41,135.54,46,47
252.41,142.35,46,47
251.41,145.54,46,47
254.19,148.54,46,47
253.41,151.54,46,47
252.41,150.73,46,47
251.41,149.73,46,47
254.19,144.92,46,47
253.41,139.92,46,47
256.19,134.92,46,47
255.41,129.92,46,47
258.19,124.92,46,47
261.19,119.92,46,47
260.41,118.73,46,47
263.19,113.92,46,47
266.19,112.73,46,47
265.41,111.73,46,47
268.19,110.73,46,47
267.41,109.73,46,47
270.19,108.73,46,47
269.41,111.54,46,47
272.19,106.92,46,47
271.41,105.73,46,47
274.19,104.73,46,47
273.41,107.54,46,47
272.41,110.54,46,47
275.19,109.73,46,47
274.41,112.54,46,47
273.41,115.54,46,47
272.41,114.73,46,47
275.19,109.92,46,47
274.41,108.73,46,47
273.41,107.73,46,47
276.19,106.73,46,47
275.41,109.54,46,47
274.41,108.73,46,47
277.19,111.54,46,47
276.41,110.73,46,47
275.41,113.54,46,47
278.19,112.73,46,47
277.41,111.73,46,47
276.41,114.54,46,47
275.41,109.92,46,47
274.41,108.73,46,47
277.19,107.73,46,47
276.41,102.92,46,47
275.41,105.54,46,47
274.41,104.73,46,47
273.41,103.73,46,47
276.19,102.73,46,47
275.41,105.54,46,47
274.41,104.73,46,47
273.41,107.54,46,47
272.41,106.73,46,47
275.19,105.73,46,47
274.41,108.54,46,47
273.41,107.73,46,47
276.19,106.73,46,47
275.41,105.73,46,47
274.41,104.73,46,47
273.41,103.73,46,47
276.19,106.54,46,47
275.41,105.73,46,47
274.41,108.54,46,47
277.19,107.73,46,47
276.41,110.54,46,47
275.41,109.73,46,47
274.41,108.73,46,47
277.19,107.73,46,47
276.41,110.54,46,47
275.41,109.73,46,47
278.19,108.73,46,47
277.41,111.54,46,47
276.41,110.73,46,47
275.41,113.54,46,47
278.19,112.73,46,47
277.41,115.54,46,47
280.19,118.54,46,47
283.19,121.54,46,47
286.19,124.54,46,47
289.19,127.54,46,47
295.97,130.54,46,47
301.97,133.54,46,47
304.19,136.54,46,47
310.97,143.35,46,47
313.19,146.54,46,47
319.97,149.54,46,47
322.19,156.35,46,47
325.19,163.35,46,47
328.19,166.54,46,47
331.19,173.35,46,47
337.97,176.54,46,47
340.19,179.54,46,47
343.19,182.54,46,47
346.19,181.73,46,47
349.19,184.54,46,47
348.41,187.54,46,47
351.19,186.73,46,47
350.41,189.54,46,47
353.19,188.73,46,47
352.41,191.54,46,47
355.19,190.73,46,47
354.41,193.54,46,47
357.19,192.73,46,47
356.41,191.73,46,47
355.41,190.73,46,47
358.19,189.73,46,47
357.41,188.73,46,47
360.19,187.73,46,47
359.41,186.73,46,47
362.19,181.92,46,47
361.41,176.92,46,47
364.19,171.92,46,47
363.41,170.73,46,47
366.19,165.92,46,47
365.41,168.54,46,47
364.41,167.73,46,47
363.41,166.73,46,47
366.19,169.54,46,47
365.41,168.73,46,47
364.41,171.54,46,47
363.41,174.54,46,47
358.62,177.54,46,47
357.41,176.73,46,47
352.62,179.54,46,47
347.62,178.73,46,47
342.62,181.54,46,47
337.62,180.73,46,47
336.41,183.54,46,47
331.62,182.73,46,47
330.41,181.73,46,47
329.41,184.54,46,47
328.41,183.73,46,47
327.41,186.54,46,47
326.41,185.73,46,47
329.19,188.54,46,47
328.41,187.73,46,47
327.41,190.54,46,47
330.19,189.73,46,47
329.41,192.54,46,47
332.19,191.73,46,47
335.19,190.73,46,47
341.97,189.73,46,47
344.19,188.73,46,47
347.19,187.73,46,47
350.19,190.54,46,47
349.41,189.73,46,47
352.19,188.73,46,47
351.41,191.54,46,47
350.41,190.73,46,47
353.19,189.73,46,47
352.41,192.54,46,47
351.41,191.73,46,47
350.41,194.54,46,47
349.41,193.73,46,47
348.41,192.73,46,47
347.41,195.54,46,47
346.41,194.73,46,47
345.41,193.73,46,47
344.41,192.73,46,47
343.41,191.73,46,47
342.41,190.73,46,47
341.41,189.73,46,47
340.41,192.54,46,47
339.41,191.73,46,47
342.19,190.73,46,47
341.41,189.73,46,47
344.19,188.73,46,47
343.41,191.54,46,47
346.19,190.73,46,47
345.41,189.73,46,47
348.19,188.73,46,47
347.41,187.73,46,47
350.19,186.73,46,47
349.41,185.73,46,47
352.19,184.73,46,47
351.41,187.54,46,47
354.19,186.73,46,47
353.41,185.73,46,47
352.41,188.54,46,47
355.19,187.73,46,47
354.41,190.54,46,47
353.41,189.73,46,47
352.41,188.73,46,47
351.41,191.54,46,47
354.19,190.73,46,47
353.41,189.73,46,47
352.41,184.92,46,47
351.41,183.73,46,47
350.41,182.73,46,47
349.41,181.73,46,47
348.41,180.73,46,47
347.41,183.54,46,47
346.41,186.54,46,47
345.41,189.54,46,47
344.41,192.54,46,47
343.41,195.54,46,47
342.41,194.73,46,47
341.41,197.54,46,47
344.19,200.54,46,47
343.41,203.54,46,47
346.19,202.73,46,47
345.41,201.73,46,47
348.19,200.73,46,47
351.19,199.73,46,47
354.19,194.92,46,47
357.19,193.73,46,47
360.19,188.92,46,47
363.19,183.92,46,47
369.97,182.73,46,47
372.19,177.92,46,47
375.19,176.73,46,47
378.19,171.92,46,47
377.41,170.73,46,47
380.19,169.73,46,47
379.41,172.54,46,47
382.19,171.73,46,47
385.19,170.73,46,47
384.41,173.54,46,47
387.19,172.73,46,47
386.41,175.54,46,47
389.19,174.73,46,47
388.41,173.73,46,47
391.19,176.54,46,47
390.41,175.73,46,47
389.41,174.73,46,47
388.41,177.54,46,47
391.19,176.73,46,47
390.41,175.73,46,47
389.41,174.73,46,47
388.41,173.73,46,47
387.41,172.73,46,47
386.41,171.73,46,47
389.19,170.73,46,47
388.41,169.73,46,47
387.41,172.54,46,47
386.41,171.73,46,47
385.41,170.73,46,47
384.41,169.73,46,47
383.41,168.73,46,47
382.41,171.54,46,47
385.19,170.73,46,47
384.41,169.73,46,47
383.41,168.73,46,47
382.41,171.54,46,47
381.41,170.73,46,47
380.41,169.73,46,47
379.41,168.73,46,47
378.41,171.54,46,47
381.19,170.73,46,47
380.41,169.73,46,47
379.41,168.73,46,47
378.41,171.54,46,47
377.41,170.73,46,47
380.19,169.73,46,47
379.41,172.54,46,47
378.41,171.73,46,47
377.41,174.54,46,47
376.41,177.54,46,47
379.19,176.73,46,47
378.41,179.54,46,47
381.19,178.73,46,47
380.41,177.73,46,47
379.41,180.54,46,47
378.41,179.73,46,47
381.19,182.54,46,47
380.41,181.73,46,47
383.19,180.73,46,47
382.41,183.54,46,47
385.19,182.73,46,47
384.41,181.73,46,47
383.41,184.54,46,47
382.41,183.73,46,47
381.41,182.73,46,47
384.19,181.73,46,47
383.41,184.54,46,47
382.41,183.73,46,47
381.41,182.73,46,47
380.41,181.73,46,47
379.41,184.54,46,47
382.19,183.73,46,47
381.41,182.73,46,47
380.41,181.73,46,47
379.41,180.73,46,47
382.19,179.73,46,47
381.41,178.73,46,47
380.41,177.73,46,47
383.19,176.73,46,47
382.41,179.54,46,47
381.41,178.73,46,47
384.19,177.73,46,47
383.41,180.54,46,47
382.41,179.73,46,47
385.19,182.54,46,47
384.41,181.73,46,47
383.41,180.73,46,47
386.19,183.54,46,47
385.41,182.73,46,47
384.41,181.73,46,47
387.19,184.54,46,47
386.41,183.73,46,47
385.41,182.73,46,47
388.19,181.73,46,47
387.41,180.73,46,47
386.41,179.73,46,47
385.41,178.73,46,47
384.41,181.54,46,47
387.19,180.73,46,47
386.41,179.73,46,47
385.41,178.73,46,47
384.41,177.73,46,47
383.41,180.54,46,47
386.19,179.73,46,47
385.41,178.73,46,47
380.62,181.54,46,47
383.19,180.73,46,47
382.41,179.73,46,47
381.41,178.73,46,47
380.41,181.54,46,47
379.41,180.73,46,47
378.41,179.73,46,47
377.41,178.73,46,47
376.41,177.73,46,47
379.19,180.54,46,47
378.41,179.73,46,47
377.41,178.73,46,47
380.19,177.73,46,47
379.41,176.73,46,47
378.41,175.73,46,47
381.19,178.54,46,47
380.41,177.73,46,47
383.19,176.73,46,47
382.41,179.54,46,47
385.19,178.73,46,47
384.41,181.54,46,47
383.41,184.54,46,47
382.41,187.54,46,47
381.41,190.54,46,47
384.19,193.54,46,47
383.41,196.54,46,47
382.41,199.54,46,47
385.19,198.73,46,47
384.41,201.54,46,47
383.41,204.54,46,47
386.19,203.73,46,47
385.41,202.73,46,47
384.41,201.73,46,47
387.19,200.73,46,47
386.41,195.92,46,47
385.41,194.73,46,47
388.19,189.92,46,47
387.41,188.73,46,47
386.41,187.73,46,47
389.19,186.73,46,47
388.41,185.73,46,47
391.19,180.92,46,47
390.41,179.73,46,47
393.19,178.73,46,47
392.41,177.73,46,47
391.41,180.54,46,47
394.19,179.73,46,47
393.41,182.54,46,47
396.19,181.73,46,47
395.41,184.54,46,47
394.41,183.73,46,47
397.19,182.73,46,47
396.41,185.54,46,47
395.41,188.54,46,47
394.41,191.54,46,47
393.41,194.54,46,47
396.19,201.35,46,47
395.41,212.16,46,47
394.41,223.16,46,47
393.41,237.97,46,47
392.41,251.97,46,47
391.41,265.97,46,47
394.19,283.78,46,47
393.41,309.41,46,47
392.41,331.59,46,47
391.41,357.41,46,47
390.41,364.35,46,47
393.19,344.68,46,47
392.41,328.49,46,47
391.41,312.49,46,47
390.41,300.3,46,47
393.19,288.3,46,47
392.41,276.3,46,47
391.41,268.11,46,47
394.19,260.11,46,47
393.41,255.92,46,47
396.19,254.73,46,47
395.41,253.73,46,47
394.41,256.54,46,47
397.19,259.54,46,47
396.41,262.54,46,47
395.41,273.16,46,47
398.19,284.16,46,47
397.41,295.16,46,47
396.41,309.97,46,47
395.41,323.97,46,47
394.41,341.78,46,47
397.19,344.54,46,47
396.41,328.49,46,47
395.41,316.3,46,47
398.19,304.3,46,47
397.41,292.3,46,47
396.41,284.11,46,47
399.19,276.11,46,47
398.41,271.92,46,47
397.41,270.73,46,47
396.41,269.73,46,47
399.19,268.73,46,47
398.41,263.92,46,47
397.41,258.92,46,47
396.41,250.11,46,47
395.41,245.92,46,47
394.41,244.73,46,47
393.41,239.92,46,47
388.62,238.73,46,47
387.41,233.92,46,47
382.62,228.92,46,47
381.41,220.11,46,47
380.41,215.92,46,47
383.19,207.11,46,47
382.41,199.11,46,47
381.41,191.11,46,47
384.19,186.92,46,47
383.41,181.92,46,47
382.41,176.92,46,47
385.19,175.73,46,47
384.41,170.92,46,47
383.41,169.73,46,47
382.41,172.54,46,47
385.19,171.73,46,47
384.41,174.54,46,47
387.19,173.73,46,47
390.19,172.73,46,47
389.41,175.54,46,47
392.19,174.73,46,47
395.19,173.73,46,47
394.41,176.54,46,47
397.19,175.73,46,47
396.41,178.54,46,47
399.19,177.73,46,47
398.41,180.54,46,47
401.19,179.73,46,47
400.41,178.73,46,47
399.41,181.54,46,47
402.19,180.73,46,47
401.41,179.73,46,47
400.41,182.54,46,47
399.41,181.73,46,47
402.19,180.73,46,47
401.41,183.54,46,47
400.41,182.73,46,47
403.19,181.73,46,47
402.41,180.73,46,47
401.41,179.73,46,47
404.19,178.73,46,47
403.41,181.54,46,47
406.19,180.73,46,47
405.41,179.73,46,47
408.19,178.73,46,47
411.19,177.73,46,47
410.41,176.73,46,47
413.19,175.73,46,47
412.41,178.54,46,47
411.41,177.73,46,47
410.41,184.35,46,47
413.19,187.54,46,47
408.62,194.35,46,47
411.19,205.16,46,47
410.41,216.16,46,47
409.41,230.97,46,47
408.41,244.97,46,47
407.41,266.59,46,47
402.62,288.59,46,47
401.41,310.59,46,47
404.19,336.41,46,47
403.41,350.97,46,47
402.41,334.49,46,47
401.41,318.49,46,47
400.41,302.49,46,47
399.41,290.3,46,47
402.19,278.3,46,47
401.41,266.3,46,47
404.19,258.11,46,47
403.41,250.11,46,47
402.41,245.92,46,47
401.41,240.92,46,47
404.19,243.54,46,47
403.41,246.54,46,47
402.41,249.54,46,47
401.41,256.35,46,47
400.41,263.35,46,47
399.41,274.16,46,47
398.41,288.97,46,47
397.41,302.97,46,47
400.19,320.78,46,47
399.41,338.78,46,47
398.41,352.97,46,47
397.41,340.3,46,47
396.41,328.3,46,47
395.41,316.3,46,47
394.41,304.3,46,47
393.41,296.11,46,47
392.41,291.92,46,47
395.19,290.73,46,47
394.41,285.92,46,47
393.41,280.92,46,47
392.41,275.92,46,47
391.41,267.11,46,47
390.41,262.92,46,47
389.41,254.11,46,47
388.41,249.92,46,47
387.41,241.11,46,47
386.41,236.92,46,47
385.41,231.92,46,47
384.41,223.11,46,47
383.41,218.92,46,47
382.41,210.11,46,47
385.19,205.92,46,47
384.41,204.73,46,47
383.41,199.92,46,47
386.19,198.73,46,47
385.41,193.92,46,47
384.41,192.73,46,47
387.19,191.73,46,47
386.41,186.92,46,47
385.41,189.54,46,47
388.19,188.73,46,47
387.41,191.54,46,47
390.19,190.73,46,47
389.41,193.54,46,47
392.19,192.73,46,47
391.41,195.54,46,47
390.41,198.54,46,47
393.19,197.73,46,47
392.41,200.54,46,47
395.19,199.73,46,47
394.41,202.54,46,47
393.41,201.73,46,47
396.19,204.54,46,47
395.41,203.73,46,47
398.19,202.73,46,47
397.41,205.54,46,47
396.41,204.73,46,47
399.19,203.73,46,47
398.41,206.54,46,47
397.41,205.73,46,47
400.19,204.73,46,47
399.41,207.54,46,47
398.41,206.73,46,47
397.41,209.54,46,47
396.41,208.73,46,47
399.19,207.73,46,47
398.41,210.54,46,47
397.41,209.73,46,47
396.41,208.73,46,47
395.41,207.73,46,47
398.19,206.73,46,47
397.41,209.54,46,47
396.41,208.73,46,47
399.19,207.73,46,47
398.41,210.54,46,47
397.41,209.73,46,47
396.41,208.73,46,47
399.19,211.54,46,47
398.41,214.54,46,47
397.41,213.73,46,47
396.41,216.54,46,47
395.41,215.73,46,47
398.19,218.54,46,47
397.41,221.54,46,47
396.41,224.54,46,47
395.41,223.73,46,47
394.41,226.54,46,47
397.19,229.54,46,47
396.41,232.54,46,47
395.41,235.54,46,47
394.41,234.73,46,47
397.19,233.73,46,47
396.41,232.73,46,47
399.19,224.11,46,47
398.41,212.3,46,47
401.19,200.3,46,47
400.41,184.49,46,47
403.19,164.68,46,47
406.19,148.49,46,47
405.41,132.49,46,47
408.19,120.3,46,47
411.19,108.3,46,47
410.41,100.11,46,47
413.19,92.108,46,47
416.19,87.919,46,47
415.41,82.919,46,47
418.19,81.73,46,47
417.41,84.541,46,47
420.19,91.351,46,47
423.19,98.351,46,47
422.41,105.35,46,47
425.19,116.16,46,47
424.41,130.97,46,47
427.19,144.97,46,47
426.41,162.78,46,47
429.19,184.59,46,47
428.41,206.59,46,47
431.19,228.59,46,47
430.41,254.41,46,47
433.19,280.41,46,47
432.41,310.22,46,47
435.19,340.22,46,47
434.41,343.54,46,47
433.41,323.68,46,47
432.41,303.68,46,47
431.41,283.68,46,47
430.41,267.49,46,47
429.41,251.49,46,47
428.41,235.49,46,47
427.41,223.3,46,47
426.41,215.11,46,47
425.41,207.11,46,47
428.19,199.11,46,47
427.41,194.92,46,47
426.41,193.73,46,47
425.41,192.73,46,47
428.19,195.54,46,47
431.19,194.73,46,47
426.62,197.54,46,47
425.41,196.73,46,47
420.62,203.35,46,47
419.41,206.54,46,47
414.62,209.54,46,47
409.62,212.54,46,47
408.41,215.54,46,47
403.62,214.73,46,47
398.62,217.54,46,47
397.41,216.73,46,47
396.41,215.73,46,47
391.62,210.92,46,47
390.41,209.73,46,47
389.41,204.92,46,47
388.41,203.73,46,47
387.41,202.73,46,47
386.41,197.92,46,47
385.41,196.73,46,47
384.41,195.73,46,47
379.62,190.92,46,47
378.41,189.73,46,47
381.19,188.73,46,47
376.62,187.73,46,47
379.19,186.73,46,47
378.41,185.73,46,47
377.41,184.73,46,47
376.41,187.54,46,47
379.19,186.73,46,47
378.41,185.73,46,47
377.41,188.54,46,47
380.19,187.73,46,47
379.41,186.73,46,47
378.41,185.73,46,47
381.19,184.73,46,47
380.41,187.54,46,47
383.19,186.73,46,47
382.41,185.73,46,47
381.41,184.73,46,47
384.19,183.73,46,47
383.41,186.54,46,47
382.41,185.73,46,47
381.41,184.73,46,47
384.19,183.73,46,47
383.41,186.54,46,47
382.41,185.73,46,47
381.41,184.73,46,47
384.19,183.73,46,47
383.41,186.54,46,47
382.41,185.73,46,47
385.19,188.54,46,47
384.41,187.73,46,47
383.41,186.73,46,47
386.19,185.73,46,47
385.41,188.54,46,47
384.41,187.73,46,47
383.41,186.73,46,47
386.19,185.73,46,47
385.41,188.54,46,47
384.41,187.73,46,47
383.41,186.73,46,47
386.19,189.54,46,47
385.41,188.73,46,47
384.41,191.54,46,47
387.19,190.73,46,47
386.41,189.73,46,47
385.41,192.54,46,47
388.19,191.73,46,47
387.41,194.54,46,47
390.19,197.54,46,47
389.41,196.73,46,47
388.41,199.54,46,47
391.19,202.54,46,47
390.41,205.54,46,47
389.41,208.54,46,47
392.19,207.73,46,47
391.41,210.54,46,47
390.41,213.54,46,47
389.41,216.54,46,47
392.19,219.54,46,47
391.41,222.54,46,47
390.41,225.54,46,47
389.41,224.73,46,47
392.19,227.54,46,47
395.19,222.92,46,47
398.19,221.73,46,47
401.19,213.11,46,47
404.19,205.11,46,47
407.19,197.11,46,47
410.19,185.3,46,47
413.19,169.49,46,47
416.19,153.49,46,47
419.19,137.49,46,47
422.19,125.3,46,47
421.41,113.3,46,47
424.19,101.3,46,47
427.19,93.108,46,47
430.19,85.108,46,47
429.41,80.919,46,47
432.19,79.73,46,47
431.41,82.541,46,47
434.19,85.541,46,47
433.41,88.541,46,47
436.19,95.351,46,47
435.41,106.16,46,47
438.19,117.16,46,47
437.41,128.16,46,47
440.19,142.97,46,47
439.41,160.78,46,47
442.19,178.78,46,47
441.41,200.59,46,47
440.41,226.41,46,47
439.41,248.59,46,47
438.41,278.22,46,47
437.41,308.22,46,47
436.41,338.22,46,47
435.41,333.92,46,47
434.41,309.86,46,47
437.19,289.68,46,47
436.41,269.68,46,47
439.19,249.68,46,47
438.41,237.3,46,47
437.41,221.49,46,47
440.19,209.3,46,47
439.41,201.11,46,47
438.41,193.11,46,47
437.41,185.11,46,47
440.19,180.92,46,47
439.41,175.92,46,47
438.41,174.73,46,47
437.41,173.73,46,47
436.41,172.73,46,47
435.41,171.73,46,47
434.41,174.54,46,47
429.62,181.35,46,47
428.41,184.54,46,47
423.62,191.35,46,47
422.41,198.35,46,47
417.62,205.35,46,47
412.62,208.54,46,47
407.62,211.54,46,47
402.62,214.54,46,47
397.62,217.54,46,47
396.41,216.73,46,47
391.62,219.54,46,47
390.41,218.73,46,47
393.19,213.92,46,47
392.41,212.73,46,47
391.41,211.73,46,47
390.41,210.73,46,47
393.19,205.92,46,47
392.41,204.73,46,47
391.41,203.73,46,47
390.41,202.73,46,47
389.41,201.73,46,47
388.41,200.73,46,47
391.19,195.92,46,47
386.62,194.73,46,47
385.41,193.73,46,47
388.19,192.73,46,47
387.41,191.73,46,47
386.41,194.54,46,47
385.41,193.73,46,47
384.41,192.73,46,47
387.19,191.73,46,47
386.41,190.73,46,47
389.19,193.54,46,47
388.41,192.73,46,47
387.41,195.54,46,47
390.19,194.73,46,47
389.41,197.54,46,47
392.19,196.73,46,47
395.19,195.73,46,47
394.41,198.54,46,47
397.19,201.54,46,47
396.41,204.54,46,47
399.19,207.54,46,47
398.41,210.54,46,47
397.41,213.54,46,47
396.41,220.35,46,47
395.41,227.35,46,47
394.41,234.35,46,47
393.41,237.54,46,47
392.41,240.54,46,47
391.41,235.92,46,47
394.19,227.11,46,47
400.97,215.3,46,47
403.19,199.49,46,47
409.97,175.86,46,47
412.19,148.05,46,47
415.19,121.05,46,47
418.19,94.054,46,47
417.41,70.865,46,47
420.19,50.676,46,47
423.19,30.676,46,47
422.41,10.676,46,47
425.19,-1.7027,46,47
428.19,-16.135,46,47
427.41,-27.568,46,47
427.41,-27.568,46,47
427.41,-27.568,46,47
427.41,-27.568,46,47
427.41,-27.568,46,47
427.41,-27.568,46,47
427.41,-27.568,46,47
427.41,-27.568,46,47
427.41,-27.568,46,47
437.76,-35.189,46,47
440.19,-23.757,46,47
439.41,-8.5135,46,47
442.19,2.9189,46,47
445.19,14.351,46,47
448.19,36.595,46,47
447.41,58.595,46,47
450.19,84.405,46,47
449.41,110.41,46,47
448.41,140.22,46,47
451.19,170.22,46,47
450.41,204.03,46,47
449.41,238.03,46,47
448.41,275.84,46,47
447.41,316.65,46,47
450.19,361.46,46,47
449.41,341.68,46,47
452.19,314.05,46,47
451.41,290.86,46,47
454.19,266.86,46,47
453.41,242.86,46,47
456.19,222.68,46,47
455.41,202.68,46,47
454.41,186.49,46,47
457.19,174.3,46,47
456.41,162.3,46,47
459.19,150.3,46,47
454.62,142.11,46,47
457.19,137.92,46,47
456.41,132.92,46,47
455.41,127.92,46,47
458.19,130.54,46,47
457.41,129.73,46,47
456.41,136.35,46,47
459.19,147.16,46,47
458.41,154.35,46,47
457.41,168.97,46,47
456.41,182.97,46,47
459.19,200.78,46,47
454.62,222.59,46,47
453.41,244.59,46,47
452.41,270.41,46,47
451.41,300.22,46,47
450.41,337.84,46,47
449.41,363.41,46,47
448.41,393.22,46,47
447.41,373.68,46,47
446.41,349.86,46,47
445.41,329.68,46,47
448.19,309.68,46,47
447.41,289.68,46,47
446.41,273.49,46,47
445.41,261.3,46,47
444.41,249.3,46,47
439.62,244.92,46,47
438.41,243.73,46,47
441.19,250.35,46,47
440.41,261.16,46,47
443.19,279.78,46,47
442.41,305.41,46,47
441.41,335.22,46,47
436.62,365.22,46,47
435.41,372.35,46,47
434.41,352.68,46,47
437.19,328.86,46,47
436.41,308.68,46,47
435.41,288.68,46,47
434.41,272.49,46,47
433.41,260.3,46,47
436.19,248.3,46,47
435.41,240.11,46,47
434.41,235.92,46,47
433.41,230.92,46,47
432.41,229.73,46,47
431.41,228.73,46,47
430.41,227.73,46,47
429.41,226.73,46,47
424.62,229.54,46,47
423.41,228.73,46,47
418.62,227.73,46,47
417.41,226.73,46,47
412.62,225.73,46,47
411.41,224.73,46,47
406.62,223.73,46,47
405.41,222.73,46,47
400.62,221.73,46,47
399.41,220.73,46,47
398.41,219.73,46,47
393.62,222.54,46,47
392.41,221.73,46,47
391.41,220.73,46,47
390.41,219.73,46,47
389.41,218.73,46,47
384.62,217.73,46,47
383.41,220.54,46,47
382.41,219.73,46,47
377.62,222.54,46,47
376.41,221.73,46,47
371.62,224.54,46,47
370.41,227.54,46,47
365.62,226.73,46,47
364.41,225.73,46,47
363.41,228.54,46,47
362.41,227.73,46,47
361.41,226.73,46,47
360.41,229.54,46,47
363.19,228.73,46,47
362.41,227.73,46,47
365.19,226.73,46,47
364.41,225.73,46,47
367.19,224.73,46,47
366.41,223.73,46,47
365.41,226.54,46,47
368.19,225.73,46,47
367.41,224.73,46,47
366.41,223.73,46,47
369.19,226.54,46,47
368.41,225.73,46,47
367.41,224.73,46,47
366.41,223.73,46,47
365.41,226.54,46,47
364.41,225.73,46,47
367.19,228.54,46,47
362.62,227.73,46,47
365.19,226.73,46,47
360.62,225.73,46,47
363.19,224.73,46,47
358.62,223.73,46,47
361.19,218.92,46,47
360.41,217.73,46,47
359.41,216.73,46,47
358.41,219.54,46,47
357.41,218.73,46,47
356.41,217.73,46,47
359.19,216.73,46,47
358.41,215.73,46,47
361.19,214.73,46,47
360.41,217.54,46,47
363.19,216.73,46,47
362.41,215.73,46,47
365.19,214.73,46,47
364.41,217.54,46,47
367.19,216.73,46,47
366.41,215.73,46,47
365.41,218.54,46,47
368.19,217.73,46,47
367.41,216.73,46,47
370.19,215.73,46,47
369.41,214.73,46,47
368.41,213.73,46,47
371.19,216.54,46,47
370.41,215.73,46,47
369.41,214.73,46,47
372.19,213.73,46,47
371.41,212.73,46,47
374.19,211.73,46,47
373.41,210.73,46,47
376.19,209.73,46,47
379.19,204.92,46,47
378.41,203.73,46,47
381.19,202.73,46,47
380.41,201.73,46,47
383.19,200.73,46,47
382.41,199.73,46,47
385.19,198.73,46,47
384.41,197.73,46,47
383.41,200.54,46,47
386.19,199.73,46,47
385.41,198.73,46,47
388.19,197.73,46,47
387.41,200.54,46,47
386.41,199.73,46,47
389.19,198.73,46,47
388.41,197.73,46,47
391.19,196.73,46,47
390.41,195.73,46,47
389.41,194.73,46,47
388.41,197.54,46,47
391.19,196.73,46,47
390.41,195.73,46,47
389.41,198.54,46,47
388.41,201.54,46,47
387.41,204.54,46,47
390.19,207.54,46,47
389.41,210.54,46,47
388.41,217.35,46,47
387.41,220.54,46,47
386.41,227.35,46,47
389.19,230.54,46,47
384.62,237.35,46,47
387.19,240.54,46,47
386.41,243.54,46,47
385.41,250.35,46,47
384.41,253.54,46,47
383.41,252.73,46,47
382.41,255.54,46,47
381.41,258.54,46,47
380.41,257.73,46,47
379.41,260.54,46,47
378.41,259.73,46,47
377.41,258.73,46,47
376.41,257.73,46,47
375.41,260.54,46,47
378.19,259.73,46,47
377.41,254.92,46,47
376.41,253.73,46,47
379.19,252.73,46,47
378.41,251.73,46,47
377.41,250.73,46,47
380.19,249.73,46,47
379.41,248.73,46,47
382.19,247.73,46,47
381.41,246.73,46,47
384.19,245.73,46,47
383.41,244.73,46,47
386.19,243.73,46,47
385.41,242.73,46,47
384.41,241.73,46,47
383.41,244.54,46,47
382.41,243.73,46,47
385.19,242.73,46,47
384.41,241.73,46,47
383.41,240.73,46,47
382.41,243.54,46,47
385.19,242.73,46,47
384.41,241.73,46,47
383.41,240.73,46,47
382.41,239.73,46,47
385.19,238.73,46,47
384.41,237.73,46,47
383.41,240.54,46,47
382.41,239.73,46,47
385.19,238.73,46,47
384.41,241.54,46,47
387.19,240.73,46,47
386.41,239.73,46,47
385.41,238.73,46,47
388.19,237.73,46,47
387.41,236.73,46,47
386.41,235.73,46,47
385.41,234.73,46,47
384.41,233.73,46,47
383.41,228.92,46,47
382.41,227.73,46,47
381.41,222.92,46,47
384.19,217.92,46,47
383.41,212.92,46,47
382.41,211.73,46,47
381.41,206.92,46,47
384.19,201.92,46,47
383.41,200.73,46,47
382.41,199.73,46,47
385.19,198.73,46,47
384.41,197.73,46,47
387.19,200.54,46,47
390.19,199.73,46,47
389.41,202.54,46,47
392.19,205.54,46,47
395.19,208.54,46,47
394.41,215.35,46,47
397.19,222.35,46,47
396.41,229.35,46,47
399.19,240.16,46,47
398.41,247.35,46,47
397.41,258.16,46,47
392.62,261.54,46,47
391.41,268.35,46,47
390.41,267.73,46,47
393.19,262.92,46,47
396.19,257.92,46,47
399.19,245.3,46,47
398.41,233.3,46,47
401.19,213.68,46,47
400.41,193.68,46,47
403.19,169.86,46,47
402.41,153.49,46,47
401.41,137.49,46,47
400.41,121.49,46,47
403.19,105.49,46,47
402.41,93.297,46,47
401.41,85.108,46,47
404.19,77.108,46,47
403.41,72.919,46,47
402.41,71.73,46,47
401.41,70.73,46,47
404.19,73.541,46,47
403.41,76.541,46,47
402.41,83.351,46,47
401.41,90.351,46,47
404.19,101.16,46,47
403.41,115.97,46,47
402.41,133.78,46,47
401.41,151.78,46,47
400.41,169.78,46,47
399.41,191.59,46,47
398.41,213.59,46,47
397.41,243.22,46,47
396.41,269.41,46,47
395.41,299.22,46,47
398.19,333.03,46,47
397.41,367.03,46,47
392.62,351.49,46,47
391.41,327.86,46,47
390.41,307.68,46,47
389.41,287.68,46,47
388.41,267.68,46,47
391.19,251.49,46,47
386.62,239.3,46,47
389.19,223.49,46,47
388.41,211.3,46,47
387.41,203.11,46,47
382.62,198.92,46,47
385.19,193.92,46,47
384.41,188.92,46,47
383.41,187.73,46,47
378.62,190.54,46,47
381.19,193.54,46,47
376.62,200.35,46,47
379.19,207.35,46,47
378.41,218.16,46,47
377.41,221.54,46,47
376.41,220.73,46,47
375.41,223.54,46,47
374.41,222.73,46,47
373.41,225.54,46,47
372.41,228.54,46,47
