577,377,127,73
574.31,374.35,127,73
572.32,372.36,127,73
570.34,370.38,127,73
568.35,368.39,127,73
566.37,366.41,127,73
564.39,364.42,127,73
562.4,362.44,127,73
552.58,360.46,127,73
550.49,358.47,127,73
548.51,356.49,127,73
546.53,354.5,127,73
560.22,352.52,127,73
550.59,358.41,127,73
548.51,356.49,127,73
546.53,362.38,127,73
544.54,360.46,127,73
542.56,358.47,127,73
540.57,364.37,127,73
538.59,362.44,127,73
536.6,360.46,127,73
558.14,358.47,127,73
540.77,356.49,127,73
538.59,354.5,127,73
544.44,352.52,127,73
534.72,358.41,127,73
532.64,356.49,127,73
530.65,354.5,127,73
544.35,352.52,127,73
542.56,350.53,127,73
540.57,348.55,127,73
538.59,346.57,127,73
536.6,344.58,127,73
534.62,350.48,127,73
532.64,348.55,127,73
530.65,354.44,127,73
528.67,352.52,127,73
526.68,358.41,127,73
548.22,356.49,127,73
530.84,362.38,127,73
528.67,368.34,127,73
526.68,374.29,127,73
532.54,372.36,127,73
530.65,370.38,127,73
512.99,376.27,127,73
534.33,374.35,127,73
509.11,380.24,127,73
530.36,378.32,127,73
536.51,376.33,127,73
503.26,382.23,127,73
500.89,380.3,127,73
498.9,386.19,127,73
528.28,384.27,127,73
495.32,390.16,127,73
500.79,396.12,127,73
498.9,402.07,127,73
583.16,400.14,127,73
588.1,406.04,127,73
586.21,404.11,127,73
584.23,410.01,127,73
503.84,423.84,127,73
500.89,429.85,127,73
498.9,435.8,127,73
496.92,433.88,127,73
494.93,431.89,127,73
485.11,429.91,127,73
483.03,435.8,127,73
481.04,433.88,127,73
479.06,431.89,127,73
477.07,429.91,127,73
475.09,435.8,127,73
473.1,433.88,127,73
471.12,439.77,127,73
469.14,437.85,127,73
467.15,435.86,127,73
465.17,433.88,127,73
463.18,439.77,127,73
453.36,437.85,127,73
459.12,435.86,127,73
457.23,433.88,127,73
455.24,439.77,127,73
453.26,437.85,127,73
443.44,435.86,127,73
441.35,433.88,127,73
447.21,439.77,127,73
445.32,437.85,127,73
443.34,435.86,127,73
441.35,433.88,127,73
439.37,431.89,127,73
437.39,429.91,127,73
435.4,420.05,127,73
433.42,418,127,73
423.59,400.26,127,73
429.35,406.04,127,73
427.46,411.99,127,73
425.48,410.07,127,73
423.49,408.08,127,73
421.51,406.1,127,73
427.37,396.23,127,73
425.48,402.07,127,73
423.49,400.14,127,73
421.51,398.16,127,73
419.53,396.17,127,73
417.54,386.31,127,73
415.56,384.27,127,73
421.41,382.28,127,73
419.53,388.18,127,73
417.54,386.25,127,73
415.56,392.15,127,73
421.41,390.22,127,73
419.53,388.24,127,73
417.54,378.37,127,73
415.56,376.33,127,73
421.41,390.1,127,73
419.53,372.48,127,73
425.38,386.14,127,73
423.49,376.39,127,73
429.35,374.35,127,73
435.3,372.36,127,73
441.26,378.26,127,73
447.21,384.21,127,73
461,382.28,127,73
482.74,380.3,127,73
488.88,378.32,127,73
502.68,384.21,127,73
516.57,382.28,127,73
530.46,380.3,127,73
552.19,378.32,127,73
519.13,384.21,127,73
516.76,382.28,127,73
514.78,380.3,127,73
520.63,378.32,127,73
510.9,376.33,127,73
516.66,374.35,127,73
514.78,372.36,127,73
512.79,378.26,127,73
534.33,376.33,127,73
524.79,374.35,127,73
522.71,372.36,127,73
520.73,370.38,127,73
534.43,376.27,127,73
524.79,374.35,127,73
530.55,372.36,127,73
536.51,370.38,127,73
534.62,368.39,127,73
532.64,374.29,127,73
538.49,372.36,127,73
536.6,370.38,127,73
534.62,376.27,127,73
540.48,374.35,127,73
546.43,372.36,127,73
544.54,370.38,127,73
542.56,368.39,127,73
548.41,374.29,127,73
538.69,372.36,127,73
544.44,370.38,127,73
550.4,368.39,127,73
540.67,366.41,127,73
538.59,364.42,127,73
544.44,370.32,127,73
542.56,368.39,127,73
548.41,374.29,127,73
546.53,372.36,127,73
544.54,378.26,127,73
542.56,368.45,127,73
548.41,374.29,127,73
554.37,380.24,127,73
552.48,378.32,127,73
550.49,368.45,127,73
548.51,374.29,127,73
546.53,380.24,127,73
560.22,370.44,127,73
558.43,376.27,127,73
556.45,366.47,127,73
554.46,372.3,127,73
560.32,378.26,127,73
558.43,376.33,127,73
556.45,374.35,127,73
554.46,364.48,127,73
568.16,378.2,127,73
550.69,376.33,127,73
564.19,374.35,127,73
554.56,364.48,127,73
560.32,378.2,127,73
566.27,368.45,127,73
564.39,366.41,127,73
570.24,364.42,127,73
576.19,378.2,127,73
574.31,376.33,127,73
564.48,374.35,127,73
570.24,372.36,127,73
576.19,362.5,127,73
582.15,360.46,127,73
572.42,358.47,127,73
570.34,356.49,127,73
576.19,354.5,127,73
582.15,352.52,127,73
588.1,358.41,127,73
578.37,364.37,127,73
584.13,346.68,127,73
582.24,344.58,127,73
588.1,342.6,127,73
570.53,340.61,127,73
568.35,338.63,127,73
589.89,352.4,127,73
580.36,342.65,127,73
570.44,348.49,127,73
584.04,346.57,127,73
582.24,344.58,127,73
580.26,334.72,127,73
578.28,332.67,127,73
576.29,330.69,127,73
582.15,328.71,127,73
580.26,326.72,127,73
578.28,332.62,127,73
568.45,322.81,127,73
582.05,328.65,127,73
580.26,326.72,127,73
562.59,332.62,127,73
568.26,330.69,127,73
566.37,328.71,127,73
580.07,326.72,127,73
578.28,324.74,127,73
568.45,314.87,127,73
582.05,312.83,127,73
572.42,310.85,127,73
570.34,308.86,127,73
560.51,306.88,127,73
574.11,320.65,127,73
580.16,318.78,127,73
570.44,308.92,127,73
568.35,314.76,127,73
566.37,312.83,127,73
564.39,310.85,127,73
562.4,308.86,127,73
568.26,306.88,127,73
566.37,304.89,127,73
572.23,302.91,127,73
570.34,300.92,127,73
568.35,306.82,127,73
566.37,304.89,127,73
572.23,302.91,127,73
570.34,300.92,127,73
584.04,298.94,127,73
574.4,296.96,127,73
572.32,302.85,127,73
578.18,293.05,127,73
552.77,291,127,73
574.02,289.02,127,73
572.32,287.03,127,73
570.34,292.93,127,73
576.19,283.12,127,73
574.31,288.96,127,73
540.96,287.03,127,73
546.43,285.05,127,73
575.9,290.94,127,73
558.63,281.14,127,73
572.13,279.1,127,73
578.18,277.11,127,73
576.29,275.13,127,73
566.47,273.14,127,73
525.18,271.16,127,73
569.76,277.05,127,73
560.51,275.13,127,73
566.27,273.14,127,73
564.39,271.16,127,73
562.4,269.17,127,73
568.26,267.19,127,73
566.37,265.21,127,73
564.39,263.22,127,73
585.92,261.24,127,73
568.55,259.25,127,73
574.21,265.15,127,73
572.32,255.34,127,73
578.18,253.3,127,73
576.29,251.32,127,73
582.15,249.33,127,73
580.26,247.35,127,73
586.12,245.36,127,73
584.23,243.38,127,73
590.09,241.39,127,73
580.36,239.41,127,73
562.59,237.42,127,73
560.42,235.44,127,73
581.95,233.46,127,73
564.58,223.59,127,73
601.6,221.55,127,73
600.1,219.57,127,73
574.6,217.58,127,73
580.16,207.72,127,73
586.12,205.67,127,73
584.23,203.69,127,73
590.09,201.71,127,73
603.88,160.33,127,73
602.09,197.45,127,73
607.94,187.87,127,73
621.74,177.95,127,73
627.79,175.91,127,73
641.58,173.92,127,73
663.31,164.06,127,73
677.3,162.02,127,73
683.35,160.03,127,73
689.3,165.93,127,73
703.1,156.12,127,73
716.99,146.2,127,73
730.88,136.28,127,73
744.77,118.48,127,73
750.82,124.26,127,73
756.77,106.57,127,73
770.57,96.592,127,73
776.62,86.67,127,73
790.41,76.749,127,73
788.62,74.706,127,73
794.48,64.842,127,73
800.43,54.92,127,73
806.38,37.119,127,73
804.49,19.26,127,73
794.67,17.159,127,73
816.11,-6.4784,127,73
806.58,-14.358,127,73
796.65,-14.358,127,73
794.57,-14.358,127,73
792.59,-14.358,127,73
790.6,-6.4784,127,73
765.1,9.2799,127,73
754.98,17.159,127,73
729.38,32.917,127,73
734.94,31.05,127,73
709.54,52.703,127,73
699.42,74.531,127,73
689.5,80.601,127,73
679.58,86.554,127,73
685.34,84.628,127,73
675.61,82.643,127,73
681.37,80.659,127,73
671.64,86.554,127,73
669.56,84.628,127,73
675.41,82.643,127,73
673.53,88.538,127,73
671.54,94.491,127,73
669.56,92.565,127,73
667.57,98.46,127,73
665.59,104.41,127,73
671.44,110.37,127,73
669.56,116.32,127,73
659.73,122.27,127,73
657.65,128.23,127,73
655.67,134.18,127,73
661.52,140.13,127,73
651.79,146.09,127,73
649.71,152.04,127,73
647.73,157.99,127,73
653.59,156.07,127,73
643.86,161.96,127,73
641.78,160.03,127,73
639.79,165.93,127,73
629.97,164,127,73
627.89,162.02,127,73
563.18,167.91,127,73
497.69,165.99,127,73
502.77,171.88,127,73
477.36,169.96,127,73
475.09,167.97,127,73
473.1,173.87,127,73
478.96,179.82,127,73
453.55,177.89,127,73
490.48,191.67,127,73
457.62,181.92,127,73
494.45,195.64,127,73
516.47,201.65,127,73
522.62,207.6,127,73
505.05,205.67,127,73
510.71,203.69,127,73
508.82,209.59,127,73
436.27,223.42,127,73
488.3,213.67,127,73
479.15,211.63,127,73
516.28,217.52,127,73
428.53,215.6,127,73
488.2,213.61,127,73
479.15,211.63,127,73
484.91,217.52,127,73
483.03,215.6,127,73
488.88,221.49,127,73
479.15,219.57,127,73
539.8,217.58,127,73
609.15,207.72,127,73
613.9,205.67,127,73
572.81,203.69,127,73
562.5,233.22,127,73
607.46,207.83,127,73
684.46,213.55,127,73
610.9,211.63,127,73
608.04,217.52,127,73
527.65,223.48,127,73
524.7,229.43,127,73
514.87,235.38,127,73
512.79,233.46,127,73
604.9,239.35,127,73
578.57,245.3,127,73
607.65,243.38,127,73
574.69,249.27,127,73
564.48,247.35,127,73
578.08,253.24,127,73
537.09,259.19,127,73
558.14,273.03,127,73
564.29,263.28,127,73
562.4,261.24,127,73
560.42,267.13,127,73
574.11,273.09,127,73
580.16,279.04,127,73
578.28,277.11,127,73
576.29,275.13,127,73
589.99,281.02,127,73
589.99,281.02,127,73
589.99,281.02,127,73
572.52,279.1,127,73
578.18,277.11,127,73
568.45,283.01,127,73
566.37,281.08,127,73
548.7,279.1,127,73
530.84,253.47,127,73
552.19,259.19,127,73
550.49,257.27,127,73
556.35,255.28,127,73
656.39,276.94,127,73
661.52,275.13,127,73
667.48,273.14,127,73
665.59,271.16,127,73
655.76,277.05,127,73
661.52,275.13,127,73
659.64,273.14,127,73
665.49,271.16,127,73
655.76,277.05,127,73
653.68,275.13,127,73
659.54,273.14,127,73
657.65,271.16,127,73
663.51,269.17,127,73
645.94,275.07,127,73
659.44,273.14,127,73
657.65,271.16,127,73
663.51,269.17,127,73
645.94,275.07,127,73
651.6,273.14,127,73
657.55,271.16,127,73
663.51,269.17,127,73
661.62,267.19,127,73
651.79,273.09,127,73
649.71,271.16,127,73
663.41,269.17,127,73
661.62,267.19,127,73
659.64,265.21,127,73
649.81,271.1,127,73
655.57,269.17,127,73
661.52,267.19,127,73
659.64,265.21,127,73
665.49,263.22,127,73
647.92,269.12,127,73
661.43,267.19,127,73
659.64,265.21,127,73
665.49,263.22,127,73
647.92,269.12,127,73
645.74,267.19,127,73
659.44,265.21,127,73
665.49,263.22,127,73
663.6,261.24,127,73
645.94,267.13,127,73
659.44,265.21,127,73
665.49,263.22,127,73
663.6,261.24,127,73
653.78,267.13,127,73
651.7,265.21,127,73
665.39,263.22,127,73
663.6,261.24,127,73
669.46,259.25,127,73
651.89,265.15,127,73
665.39,263.22,127,73
663.6,261.24,127,73
661.62,259.25,127,73
651.79,265.15,127,73
649.71,263.22,127,73
663.41,261.24,127,73
661.62,259.25,127,73
659.64,265.15,127,73
649.81,263.22,127,73
663.41,261.24,127,73
661.62,259.25,127,73
659.64,257.27,127,73
657.65,263.16,127,73
655.67,261.24,127,73
661.52,259.25,127,73
659.64,257.27,127,73
649.81,263.16,127,73
647.73,261.24,127,73
661.43,259.25,127,73
659.64,257.27,127,73
665.49,255.28,127,73
655.76,261.18,127,73
661.52,259.25,127,73
659.64,257.27,127,73
657.65,255.28,127,73
663.51,261.18,127,73
661.62,259.25,127,73
659.64,257.27,127,73
657.65,255.28,127,73
663.51,261.18,127,73
661.62,259.25,127,73
659.64,257.27,127,73
657.65,255.28,127,73
655.67,261.18,127,73
661.52,259.25,127,73
659.64,257.27,127,73
657.65,255.28,127,73
655.67,261.18,127,73
661.52,259.25,127,73
659.64,257.27,127,73
649.81,263.16,127,73
663.41,261.24,127,73
661.62,259.25,127,73
659.64,257.27,127,73
657.65,255.28,127,73
647.83,261.18,127,73
661.43,259.25,127,73
659.64,257.27,127,73
657.65,255.28,127,73
647.83,261.18,127,73
661.43,259.25,127,73
659.64,257.27,127,73
649.81,263.16,127,73
663.41,261.24,127,73
645.94,267.13,127,73
651.6,265.21,127,73
657.55,263.22,127,73
655.67,261.24,127,73
645.84,267.13,127,73
659.44,265.21,127,73
657.65,263.22,127,73
655.67,261.24,127,73
645.84,267.13,127,73
659.44,265.21,127,73
665.49,263.22,127,73
655.76,261.24,127,73
653.68,267.13,127,73
651.7,265.21,127,73
665.39,263.22,127,73
663.6,261.24,127,73
661.62,259.25,127,73
651.79,265.15,127,73
665.39,263.22,127,73
663.6,261.24,127,73
661.62,259.25,127,73
659.64,265.15,127,73
665.49,263.22,127,73
663.6,261.24,127,73
661.62,259.25,127,73
651.79,265.15,127,73
657.55,263.22,127,73
663.51,261.24,127,73
661.62,259.25,127,73
651.79,265.15,127,73
649.71,263.22,127,73
663.41,261.24,127,73
661.62,259.25,127,73
659.64,257.27,127,73
649.81,263.16,127,73
671.25,261.24,127,73
669.56,259.25,127,73
667.57,265.15,127,73
673.43,263.22,127,73
671.54,261.24,127,73
661.72,267.13,127,73
675.32,265.21,127,73
673.53,263.22,127,73
655.86,269.12,127,73
677.2,267.19,127,73
675.51,265.21,127,73
665.69,271.1,127,73
663.6,269.17,127,73
677.3,267.19,127,73
675.51,265.21,127,73
665.69,271.1,127,73
679.29,269.17,127,73
677.49,267.19,127,73
675.51,265.21,127,73
673.53,271.1,127,73
679.38,269.17,127,73
685.34,267.19,127,73
667.77,273.09,127,73
681.27,271.16,127,73
687.32,269.17,127,73
685.43,267.19,127,73
675.61,273.09,127,73
689.21,271.16,127,73
687.42,269.17,127,73
693.27,267.19,127,73
675.7,273.09,127,73
689.21,271.16,127,73
695.26,269.17,127,73
685.53,275.07,127,73
683.45,273.14,127,73
697.14,271.16,127,73
703.19,269.17,127,73
685.63,275.07,127,73
706.97,273.14,127,73
705.28,271.16,127,73
695.45,277.05,127,73
701.21,275.13,127,73
715,273.14,127,73
713.21,271.16,127,73
703.39,277.05,127,73
709.15,275.13,127,73
715.1,273.14,127,73
721.05,271.16,127,73
734.85,269.17,127,73
740.9,275.07,127,73
739.01,273.14,127,73
729.19,279.04,127,73
750.63,277.11,127,73
741.09,283.01,127,73
754.69,281.08,127,73
752.9,279.1,127,73
743.08,284.99,127,73
756.68,283.07,127,73
770.57,281.08,127,73
760.94,279.1,127,73
766.69,284.99,127,73
772.65,283.07,127,73
778.6,281.08,127,73
784.55,279.1,127,73
790.51,284.99,127,73
812.14,283.07,127,73
818.29,281.08,127,73
816.4,279.1,127,73
814.42,284.99,127,73
828.11,283.07,127,73
842,281.08,127,73
848.05,279.1,127,73
846.17,284.99,127,73
859.86,283.07,127,73
865.91,281.08,127,73
887.55,271.22,127,73
878.01,277.05,127,73
883.77,267.25,127,73
881.89,265.21,127,73
895.58,263.22,127,73
925.15,261.24,127,73
923.56,259.25,127,73
929.41,257.27,127,73
904,263.16,127,73
893.89,261.24,127,73
907.49,259.25,127,73
937.06,257.27,127,73
943.3,255.28,127,73
941.42,253.3,127,73
923.75,259.19,127,73
913.73,257.27,127,73
919.49,255.28,127,73
925.44,253.3,127,73
947.08,251.32,127,73
953.23,249.33,127,73
943.5,255.23,127,73
925.74,253.3,127,73
923.56,251.32,127,73
952.94,249.33,127,73
959.18,247.35,127,73
941.61,253.24,127,73
931.59,251.32,127,73
945.19,249.33,127,73
959.08,247.35,127,73
957.29,245.36,127,73
931.79,251.26,127,73
953.03,249.33,127,73
959.18,247.35,127,73
965.13,245.36,127,73
931.88,251.26,127,73
937.35,249.33,127,73
958.99,247.35,127,73
972.97,245.36,127,73
947.66,251.26,127,73
937.54,249.33,127,73
958.99,247.35,127,73
965.13,245.36,127,73
971.09,243.38,127,73
937.83,249.27,127,73
943.3,247.35,127,73
972.78,245.36,127,73
971.18,243.38,127,73
977.04,241.39,127,73
943.79,247.29,127,73
949.26,245.36,127,73
970.89,243.38,127,73
945.68,249.27,127,73
943.4,247.35,127,73
957.1,245.36,127,73
970.99,243.38,127,73
953.52,249.27,127,73
943.5,247.35,127,73
957.1,245.36,127,73
970.99,243.38,127,73
977.04,249.27,127,73
951.63,247.35,127,73
988.56,245.36,127,73
1010.6,243.38,127,73
1016.7,241.39,127,73
1030.5,239.41,127,73
1044.4,237.42,127,73
1058.3,235.44,127,73
1072.2,233.46,127,73
1086.1,231.47,127,73
1100,229.49,127,73
1106,227.5,127,73
1112,225.52,127,73
1125.8,223.53,127,73
1139.7,221.55,127,73
1167.2,219.57,127,73
1182.9,217.58,127,73
1182.9,215.6,127,73
1206.5,213.61,127,73
1198.6,219.51,127,73
1237.8,209.7,127,73
1214.3,207.66,127,73
1222.1,205.67,127,73
1237.8,211.57,127,73
1237.8,209.64,127,73
1182.9,176.14,127,73
1198.6,173.92,127,73
1237.8,179.82,127,73
1120.2,170.01,127,73
1133.7,167.97,127,73
1077,173.87,127,73
1105.7,171.94,127,73
1080.6,169.96,127,73
1094,167.97,127,73
1139.3,165.99,127,73
1151.6,164,127,73
1096.7,154.14,127,73
1094.2,152.1,127,73
1107.9,150.11,127,73
1114,148.13,127,73
1112.1,146.14,127,73
1180.7,152.04,127,73
1159.4,150.11,127,73
1120.2,148.13,127,73
1118,146.14,127,73
1194.4,152.04,127,73
1167.2,150.11,127,73
1128,148.13,127,73
1133.8,146.14,127,73
1124.1,144.16,127,73
1059.3,150.05,127,73
1127.1,148.13,127,73
1131.8,146.14,127,73
1129.9,144.16,127,73
1135.8,150.05,127,73
1133.9,163.89,127,73
1171.1,169.9,127,73
1135.9,175.85,127,73
1165.3,181.8,127,73
1175.1,179.88,127,73
1151.6,185.77,127,73
1151.6,183.85,127,73
1151.6,181.86,127,73
1182.9,179.88,127,73
1182.9,177.89,127,73
1182.9,175.91,127,73
1182.9,173.92,127,73
1159.4,179.82,127,73
1159.4,177.89,127,73
1159.4,175.91,127,73
1206.5,173.92,127,73
1182.9,171.94,127,73
1206.5,169.96,127,73
1096.7,160.09,127,73
1117.7,158.05,127,73
1163.1,156.07,127,73
1159.4,154.08,127,73
1159.4,152.1,127,73
1159.4,150.11,127,73
1159.4,148.13,127,73
1159.4,146.14,127,73
1237.8,152.04,127,73
1206.5,150.11,127,73
1206.5,148.13,127,73
1206.5,146.14,127,73
1206.5,144.16,127,73
1167.2,142.17,127,73
1167.2,140.19,127,73
1167.2,138.21,127,73
1167.2,136.22,127,73
1167.2,134.24,127,73
1167.2,132.25,127,73
1167.2,130.27,127,73
1167.2,128.28,127,73
1167.2,134.18,127,73
1167.2,132.25,127,73
1128,130.27,127,73
1094.6,136.16,127,73
1115.8,134.24,127,73
1067,124.37,127,73
1033.1,122.33,127,73
1030.7,120.35,127,73
1075.8,126.24,127,73
1074.4,124.32,127,73
1072.4,122.33,127,73
1070.4,120.35,127,73
1068.4,118.36,127,73
1066.4,116.38,127,73
1064.4,114.39,127,73
1070.3,112.41,127,73
1076.3,110.42,127,73
1074.4,108.44,127,73
1080.2,114.34,127,73
1070.5,112.41,127,73
1076.3,102.55,127,73
1074.4,108.38,127,73
1072.4,106.46,127,73
1078.2,104.47,127,73
1076.4,102.49,127,73
1035.2,100.5,127,73
1017,106.4,127,73
1046.2,104.47,127,73
1044.6,102.49,127,73
1074,100.5,127,73
1080.2,98.518,127,73
1086.2,96.534,127,73
1092.1,102.43,127,73
1066.7,100.5,127,73
1017.4,106.4,127,73
1077.6,104.47,127,73
1115.6,102.49,127,73
1114.1,100.5,127,73
1119.9,106.4,127,73
1125.9,104.47,127,73
1131.8,110.37,127,73
1137.8,116.32,127,73
1143.7,114.39,127,73
1151.6,120.29,127,73
1151.6,118.36,127,73
1167.2,124.26,127,73
1167.2,122.33,127,73
1167.2,120.35,127,73
1175.1,118.36,127,73
1096.7,124.26,127,73
1102.1,122.33,127,73
1147.2,120.35,127,73
1104.5,126.24,127,73
1110,124.32,127,73
1139.5,122.33,127,73
1112.4,128.23,127,73
1117.9,126.3,127,73
1116,124.32,127,73
1145.4,122.33,127,73
1128,120.35,127,73
1133.8,118.36,127,73
1131.9,116.38,127,73
1137.8,114.39,127,73
1143.7,112.41,127,73
1151.6,110.42,127,73
1206.5,108.44,127,73
1159.4,114.34,127,73
1167.2,112.41,127,73
1073.2,94.666,127,73
1156.6,108.32,127,73
1175.1,114.34,127,73
1175.1,112.41,127,73
1175.1,110.42,127,73
1167.2,116.32,127,73
1159.4,114.39,127,73
1175.1,120.29,127,73
1104.5,102.6,127,73
1180.6,124.14,127,73
1112.4,106.57,127,73
1204.2,128.11,127,73
1206.5,126.3,127,73
1128,108.56,127,73
1126,106.46,127,73
1124,104.47,127,73
1223.9,118.25,127,73
1182.9,124.26,127,73
1175.1,122.33,127,73
1135.9,104.59,127,73
1196.6,118.25,127,73
1182.9,124.26,127,73
1143.7,106.57,127,73
1081,104.47,127,73
1054.8,110.37,127,73
1068.2,108.44,127,73
1058.6,114.34,127,73
1025.1,120.29,127,73
1069.8,118.36,127,73
1052.7,116.38,127,73
1074.1,122.27,127,73
1072.4,120.35,127,73
1093.9,118.36,127,73
1139.3,124.26,127,73
1143.7,122.33,127,73
1182.9,128.23,127,73
1159.4,126.3,127,73
1159.4,124.32,127,73
1167.2,130.21,127,73
1167.2,128.28,127,73
1159.4,126.3,127,73
1159.4,124.32,127,73
1198.6,138.09,127,73
1190.8,136.22,127,73
1167.2,126.36,127,73
1159.4,124.32,127,73
1159.4,122.33,127,73
1159.4,120.35,127,73
1159.4,118.36,127,73
1159.4,116.38,127,73
1159.4,114.39,127,73
1135.9,104.53,127,73
1149.6,102.49,127,73
1159.4,100.5,127,73
1151.6,98.518,127,73
1135.9,96.534,127,73
1165.3,94.55,127,73
1159.4,92.565,127,73
1159.4,90.581,127,73
1143.7,88.597,127,73
1167.2,94.491,127,73
1167.2,92.565,127,73
1167.2,90.581,127,73
1159.4,88.597,127,73
1167.2,86.612,127,73
1167.2,92.507,127,73
1175.1,90.581,127,73
1175.1,88.597,127,73
1167.2,86.612,127,73
1167.2,84.628,127,73
1167.2,82.643,127,73
1167.2,88.538,127,73
1104.5,86.612,127,73
1102.2,84.628,127,73
1053.1,82.643,127,73
1050.6,80.659,127,73
1064.3,78.675,127,73
1093.8,84.569,127,73
1092.2,82.643,127,73
1090.2,80.659,127,73
1088.3,78.675,127,73
1086.3,76.69,127,73
1084.3,74.706,127,73
1082.3,72.722,127,73
1056.8,70.737,127,73
1054.5,68.753,127,73
1083.9,74.648,127,73
1090.1,72.722,127,73
1088.3,70.737,127,73
1086.3,68.753,127,73
1084.3,66.768,127,73
1074.5,72.663,127,73
1072.4,70.737,127,73
1070.4,68.753,127,73
1068.4,66.768,127,73
1066.4,64.784,127,73
1025.2,70.679,127,73
1069.8,68.753,127,73
1068.4,66.768,127,73
1074.3,64.784,127,73
1080.2,62.8,127,73
1015.6,68.694,127,73
1020.7,66.768,127,73
1065.9,64.784,127,73
1072.3,62.8,127,73
1070.4,60.815,127,73
1060.6,58.831,127,73
1042.8,64.726,127,73
1048.5,62.8,127,73
1054.4,60.815,127,73
1044.7,58.831,127,73
1042.6,56.847,127,73
1040.6,54.862,127,73
1038.7,52.878,127,73
1036.7,50.893,127,73
1034.7,41.03,127,73
1032.7,31.108,127,73
1022.9,29.065,127,73
1020.8,19.202,127,73
1018.8,25.038,127,73
1024.7,15.233,127,73
1007.1,17.159,127,73
1020.6,9.2799,127,73
1089.4,9.2799,127,73
1094.1,9.2799,127,73
1178.5,25.038,127,73
1088.8,7.3539,127,73
1086.3,9.2799,127,73
1084.3,9.2799,127,73
1082.3,9.2799,127,73
1001.9,17.159,127,73
998.96,17.159,127,73
996.98,17.159,127,73
994.99,17.159,127,73
1008.7,17.159,127,73
1006.9,17.159,127,73
1075.5,9.2799,127,73
1080.2,9.2799,127,73
1078.3,9.2799,127,73
1076.4,9.2799,127,73
1074.4,9.2799,127,73
1072.4,9.2799,127,73
1070.4,9.2799,127,73
1076.3,9.2799,127,73
1074.4,9.2799,127,73
1135.1,32.917,127,73
1071.2,15.291,127,73
1044.9,17.159,127,73
1042.6,17.159,127,73
1064.2,9.2799,127,73
1062.5,9.2799,127,73
1060.5,9.2799,127,73
1129.1,25.038,127,73
1220.1,23.112,127,73
1128,21.128,127,73
1212.2,11.264,127,73
1135.9,9.2799,127,73
1126.1,9.2799,127,73
1116.1,9.2799,127,73
1129.7,9.2799,127,73
1151.5,9.2799,127,73
1198.6,1.4007,127,73
1198.6,1.4007,127,73
1198.6,1.4007,127,73
1198.6,1.4007,127,73
1049.6,-14.358,127,73
968.18,-14.358,127,73
965.23,-14.358,127,73
963.24,-14.358,127,73
961.26,-14.358,127,73
959.28,-14.358,127,73
965.13,-14.358,127,73
947.56,-14.358,127,73
945.39,-14.358,127,73
912.04,-6.4784,127,73
941.03,-6.4784,127,73
923.75,-6.4784,127,73
945.09,1.4007,127,73
951.24,1.4007,127,73
949.35,1.4007,127,73
947.37,1.4007,127,73
945.39,1.4007,127,73
943.4,1.4007,127,73
941.42,1.4007,127,73
939.43,1.4007,127,73
937.45,1.4007,127,73
919.78,9.2799,127,73
901.92,9.2799,127,73
923.27,9.2799,127,73
921.57,17.159,127,73
880.38,25.038,127,73
917.12,23.112,127,73
915.62,29.007,127,73
897.95,27.081,127,73
911.46,32.976,127,73
917.51,38.929,127,73
907.78,44.882,127,73
866.49,50.835,127,73
871.87,48.909,127,73
862.14,54.804,127,73
883.58,60.757,127,73
897.57,58.831,127,73
895.78,64.726,127,73
909.47,62.8,127,73
907.68,68.694,127,73
890.02,82.527,127,73
887.84,88.538,127,73
885.85,94.491,127,73
844.67,100.44,127,73
842.2,106.4,127,73
879.42,120.23,127,73
862.24,126.24,127,73
836.54,140.07,127,73
873.46,138.21,127,73
871.96,144.1,127,73
838.62,150.05,127,73
883.29,148.13,127,73
889.73,154.02,127,73
872.16,152.1,127,73
862.14,157.99,127,73
907.1,156.07,127,73
905.7,161.96,127,73
895.87,160.03,127,73
925.15,165.93,127,73
915.72,164,127,73
882.27,169.9,127,73
911.26,167.97,127,73
901.83,165.99,127,73
884.06,171.88,127,73
921.09,169.96,127,73
903.91,167.97,127,73
925.25,173.87,127,73
931.4,171.94,127,73
945.19,169.96,127,73
935.56,167.97,127,73
933.48,165.99,127,73
939.34,164,127,73
945.29,162.02,127,73
943.4,160.03,127,73
957.1,158.05,127,73
963.15,156.07,127,73
953.42,154.08,127,73
974.86,152.1,127,73
973.17,150.11,127,73
979.02,148.13,127,73
961.45,146.14,127,73
943.59,152.04,127,73
1004.1,150.11,127,73
987.25,148.13,127,73
992.91,146.14,127,73
1006.7,152.04,127,73
997.08,150.11,127,73
979.31,148.13,127,73
953.61,154.02,127,73
998.38,152.1,127,73
1012.7,150.11,127,73
963.83,156.01,127,73
976.94,154.08,127,73
982.99,152.1,127,73
988.94,150.11,127,73
963.54,156.01,127,73
969.1,154.08,127,73
982.89,152.1,127,73
1004.6,150.11,127,73
987.25,148.13,127,73
985.07,146.14,127,73
998.77,152.04,127,73
973.46,150.11,127,73
1002.5,148.13,127,73
985.27,146.14,127,73
983.09,144.16,127,73
988.94,142.17,127,73
987.06,140.19,127,73
1016.4,146.09,127,73
999.16,144.16,127,73
981.3,142.17,127,73
986.96,140.19,127,73
961.55,146.09,127,73
998.48,144.16,127,73
1004.8,142.17,127,73
971.57,124.43,127,73
945.68,130.21,127,73
982.6,128.28,127,73
941.9,126.3,127,73
962.95,116.44,127,73
961.26,114.39,127,73
959.28,112.41,127,73
957.29,110.42,127,73
963.15,108.44,127,73
961.26,106.46,127,73
935.75,112.35,127,73
988.36,110.42,127,73
979.22,108.44,127,73
961.45,106.46,127,73
935.75,112.35,127,73
972.68,110.42,127,73
979.02,108.44,127,73
992.82,114.34,127,73
975.34,112.41,127,73
981.01,110.42,127,73
971.28,116.32,127,73
977.04,114.39,127,73
975.15,112.41,127,73
957.49,110.42,127,73
931.79,116.32,127,73
976.55,114.39,127,73
975.15,112.41,127,73
957.49,110.42,127,73
931.79,116.32,127,73
968.71,114.39,127,73
975.05,112.41,127,73
957.49,110.42,127,73
931.79,116.32,127,73
968.71,114.39,127,73
975.05,112.41,127,73
957.49,110.42,127,73
931.79,116.32,127,73
968.71,114.39,127,73
975.05,112.41,127,73
957.49,110.42,127,73
970.99,116.32,127,73
977.04,114.39,127,73
935.95,120.29,127,73
941.32,118.36,127,73
978.64,116.38,127,73
961.45,114.39,127,73
990.64,120.29,127,73
981.2,118.36,127,73
979.12,116.38,127,73
992.82,122.27,127,73
991.03,120.35,127,73
981.2,118.36,127,73
971.28,124.26,127,73
977.04,122.33,127,73
959.47,120.35,127,73
957.29,118.36,127,73
939.63,124.26,127,73
968.81,122.33,127,73
975.05,120.35,127,73
973.17,118.36,127,73
979.02,116.38,127,73
977.14,114.39,127,73
975.15,112.41,127,73
933.96,118.3,127,73
931.49,116.38,127,73
968.71,114.39,127,73
975.05,112.41,127,73
957.49,110.42,127,73
955.31,108.44,127,73
984.69,114.34,127,73
990.93,112.41,127,73
973.36,110.42,127,73
971.18,108.44,127,73
977.04,106.46,127,73
959.47,104.47,127,73
957.29,102.49,127,73
978.83,100.5,127,73
937.93,106.4,127,73
974.67,104.47,127,73
957.49,102.49,127,73
963.15,100.5,127,73
945.58,106.4,127,73
951.24,104.47,127,73
980.72,102.49,127,73
986.96,100.5,127,73
969.39,98.518,127,73
975.05,96.534,127,73
957.49,102.43,127,73
963.15,100.5,127,73
992.62,98.518,127,73
998.87,96.534,127,73
996.98,94.55,127,73
971.47,92.565,127,73
984.88,90.581,127,73
1022.3,88.597,127,73
997.27,86.612,127,73
1018.5,84.628,127,73
1016.8,82.643,127,73
1014.8,88.538,127,73
1020.7,86.612,127,73
1026.6,84.628,127,73
1024.8,82.643,127,73
1030.6,80.659,127,73
1028.7,78.675,127,73
995.38,84.569,127,73
1032.2,82.643,127,73
1038.6,80.659,127,73
1044.5,78.675,127,73
1026.9,76.69,127,73
1048.3,82.585,127,73
1054.4,80.659,127,73
1060.4,78.675,127,73
1019.3,84.569,127,73
1016.8,82.643,127,73
1069.7,80.659,127,73
1060.6,78.675,127,73
1027.1,84.569,127,73
1032.6,82.643,127,73
1062.1,80.659,127,73
1068.3,78.675,127,73
1035.1,84.569,127,73
1071.9,82.643,127,73
1070.4,80.659,127,73
1037.1,86.554,127,73
1073.9,84.628,127,73
1080.2,82.643,127,73
1086.2,80.659,127,73
1045.1,86.554,127,73
1081.8,84.628,127,73
1088.2,82.643,127,73
1070.6,80.659,127,73
1052.7,86.554,127,73
1081.9,84.628,127,73
1103.8,82.643,127,73
1094.3,80.659,127,73
1092.2,78.675,127,73
1098.1,76.69,127,73
1057,82.585,127,73
1062.4,80.659,127,73
1091.8,78.675,127,73
1098.1,76.69,127,73
1104,74.706,127,73
1086.5,72.722,127,73
1068.6,78.616,127,73
1082.1,76.69,127,73
1119.5,74.706,127,73
1133.7,80.601,127,73
1124.1,78.675,127,73
1090.6,84.569,127,73
1127.5,82.643,127,73
1110.3,80.659,127,73
1131.6,86.554,127,73
1137.8,84.628,127,73
1096.7,90.523,127,73
1141.3,88.597,127,73
1104.5,94.491,127,73
1141.4,92.565,127,73
1143.7,90.581,127,73
1135.9,88.597,127,73
1118.2,94.491,127,73
1155.2,92.565,127,73
1143.7,90.581,127,73
1128,96.476,127,73
1157.3,94.55,127,73
1167.2,92.565,127,73
1128,98.46,127,73
1149.5,96.534,127,73
1151.6,94.55,127,73
1151.6,92.565,127,73
1182.9,90.581,127,73
1175.1,96.476,127,73
1159.4,94.55,127,73
1135.9,100.44,127,73
1157.4,98.518,127,73
1151.6,96.534,127,73
1151.6,94.55,127,73
1128,100.44,127,73
1173,98.518,127,73
1143.7,96.534,127,73
1120.2,102.43,127,73
1149.4,100.5,127,73
1128,98.518,127,73
1126,96.534,127,73
1108.3,102.43,127,73
1106.1,100.5,127,73
1104.1,98.518,127,73
1102.2,96.534,127,73
1131.5,94.55,127,73
1114.3,92.565,127,73
1112.1,90.581,127,73
1110.1,88.597,127,73
1084.6,94.491,127,73
1082.3,92.565,127,73
1111.7,90.581,127,73
1125.8,88.597,127,73
1124,86.612,127,73
1106.3,84.628,127,73
1112,82.643,127,73
1094.4,80.659,127,73
1092.2,78.675,127,73
1105.9,76.69,127,73
1088.5,74.706,127,73
1070.6,80.601,127,73
1068.4,78.675,127,73
1105.6,76.69,127,73
1112,74.706,127,73
1110.1,72.722,127,73
1108.1,78.616,127,73
1106.1,76.69,127,73
1112,74.706,127,73
1094.4,72.722,127,73
1107.9,78.616,127,73
1114,76.69,127,73
1096.4,74.706,127,73
1109.9,80.601,127,73
1115.9,78.675,127,73
1114.1,76.69,127,73
1119.9,74.706,127,73
1125.9,72.722,127,73
1124,70.737,127,73
1090.6,76.632,127,73
1127.5,74.706,127,73
1133.8,72.722,127,73
1139.8,70.737,127,73
1135.9,68.753,127,73
1141.7,74.648,127,73
1143.7,72.722,127,73
1143.7,70.737,127,73
1143.7,76.632,127,73
1151.6,74.706,127,73
1112.4,80.601,127,73
1117.9,78.675,127,73
1155.2,76.69,127,73
1159.4,74.706,127,73
1143.7,72.722,127,73
1128,78.616,127,73
1149.5,76.69,127,73
1175.1,74.706,127,73
1135.9,80.601,127,73
1173.1,78.675,127,73
1175.1,76.69,127,73
1159.4,74.706,127,73
1175.1,72.722,127,73
1135.9,78.616,127,73
1173.1,76.69,127,73
1182.9,74.706,127,73
1182.9,72.722,127,73
1143.7,78.616,127,73
1143.7,76.69,127,73
1182.9,74.706,127,73
1167.2,72.722,127,73
1167.2,70.737,127,73
1143.7,76.632,127,73
1182.9,74.706,127,73
1167.2,72.722,127,73
1159.4,78.616,127,73
1143.7,84.569,127,73
1182.9,82.643,127,73
1143.7,88.538,127,73
1182.9,86.612,127,73
1143.7,92.507,127,73
1167.2,90.581,127,73
1167.2,88.597,127,73
1190.8,94.491,127,73
1175.1,92.565,127,73
1198.6,90.581,127,73
1230,88.597,127,73
1190.8,94.491,127,73
1057.5,124.08,127,73
1054.5,122.33,127,73
1052.5,120.35,127,73
1050.6,118.36,127,73
1048.6,116.38,127,73
999.54,122.27,127,73
996.98,120.35,127,73
1002.8,118.36,127,73
953.9,124.26,127,73
1006.2,122.33,127,73
942.19,128.23,127,73
962.95,126.3,127,73
937.74,132.19,127,73
911.94,138.15,127,73
909.67,136.22,127,73
931.2,134.24,127,73
929.51,140.13,127,73
911.84,138.21,127,73
870.46,144.1,127,73
899.36,142.17,127,73
866.4,148.07,127,73
864.03,146.14,127,73
869.88,144.16,127,73
860.15,150.05,127,73
865.91,148.13,127,73
824.82,154.02,127,73
822.35,152.1,127,73
828.21,150.11,127,73
826.32,148.13,127,73
800.82,154.02,127,73
806.38,152.1,127,73
804.49,150.11,127,73
794.67,148.13,127,73
800.43,146.14,127,73
759.34,152.04,127,73
772.55,150.11,127,73
778.6,148.13,127,73
745.35,154.02,127,73
782.18,152.1,127,73
780.68,150.11,127,73
770.86,148.13,127,73
745.25,154.02,127,73
758.66,152.1,127,73
725.51,157.99,127,73
730.98,156.07,127,73
729.09,130.44,127,73
750.63,151.92,127,73
725.41,157.99,127,73
730.98,156.07,127,73
744.77,154.08,127,73
719.46,159.98,127,73
709.34,158.05,127,73
730.78,156.07,127,73
705.57,161.96,127,73
726.81,160.03,127,73
717.28,158.05,127,73
699.52,163.94,127,73
713.02,162.02,127,73
758.27,160.03,127,73
701.98,134.41,127,73
699.32,163.77,127,73
697.34,162.02,127,73
711.04,160.03,127,73
732.77,158.05,127,73
715.39,156.07,127,73
721.05,161.96,127,73
727.01,160.03,127,73
740.8,158.05,127,73
746.85,132.43,127,73
737.12,161.78,127,73
688,136.4,127,73
614.87,142.12,127,73
549.28,124.43,127,73
585.73,122.33,127,73
607.75,143.98,127,73
653.1,142.17,127,73
604.65,148.07,127,73
609.93,146.14,127,73
647.25,144.16,127,73
645.74,142.17,127,73
745.69,163.83,127,73
790.02,162.02,127,73
741.58,167.91,127,73
770.37,165.99,127,73
776.62,164,127,73
719.84,169.9,127,73
740.7,167.97,127,73
754.69,165.99,127,73
721.54,171.88,127,73
695.64,169.96,127,73
732.57,167.97,127,73
691.87,173.87,127,73
697.24,171.94,127,73
711.04,169.96,127,73
662.2,175.85,127,73
667.48,173.92,127,73
696.95,171.94,127,73
663.99,177.84,127,73
669.46,175.91,127,73
667.57,173.92,127,73
626.38,179.82,127,73
623.92,177.89,127,73
637.61,175.91,127,73
651.5,173.92,127,73
634.03,179.82,127,73
671.06,177.89,127,73
661.72,175.91,127,73
612.59,181.8,127,73
617.87,179.88,127,73
615.98,177.89,127,73
621.84,175.91,127,73
659.15,173.92,127,73
626.29,179.82,127,73
608.24,177.89,127,73
637.42,175.91,127,73
627.98,173.92,127,73
602.38,179.82,127,73
600.1,177.89,127,73
574.6,183.79,127,73
548.8,181.86,127,73
570.05,179.88,127,73
576.19,177.89,127,73
574.31,175.91,127,73
509.6,150.29,127,73
506.84,148.13,127,73
504.85,154.02,127,73
510.71,152.1,127,73
469.62,157.99,127,73
474.99,156.07,127,73
480.94,161.96,127,73
486.9,160.03,127,73
477.17,165.93,127,73
482.93,164,127,73
473.2,162.02,127,73
478.96,167.91,127,73
477.07,165.99,127,73
498.61,171.88,127,73
504.76,177.84,127,73
495.03,175.91,127,73
508.63,181.8,127,73
475.48,179.88,127,73
496.63,185.77,127,73
510.61,191.73,127,73
500.98,189.8,127,73
506.74,195.69,127,73
504.85,201.65,127,73
487.19,199.72,127,73
500.69,205.62,127,73
498.9,203.69,127,73
512.6,209.59,127,73
518.65,207.66,127,73
508.92,205.67,127,73
491.16,211.57,127,73
496.82,209.64,127,73
494.93,207.66,127,73
492.95,213.55,127,73
490.96,211.63,127,73
473.3,209.64,127,73
486.8,215.54,127,73
485.01,213.61,127,73
483.03,219.51,127,73
481.04,217.58,127,73
479.06,215.6,127,73
492.75,221.49,127,73
498.8,219.57,127,73
481.24,217.58,127,73
471.22,223.48,127,73
469.14,221.55,127,73
467.15,219.57,127,73
473.01,225.46,127,73
471.12,223.53,127,73
461.29,221.55,127,73
474.89,227.44,127,73
465.26,225.52,127,73
463.18,223.53,127,73
469.04,221.55,127,73
459.31,227.44,127,73
465.07,225.52,127,73
463.18,223.53,127,73
461.2,221.55,127,73
459.21,227.44,127,73
457.23,225.52,127,73
455.24,223.53,127,73
461.1,229.43,127,73
451.37,227.5,127,73
449.29,225.52,127,73
447.31,223.53,127,73
445.32,229.43,127,73
451.18,227.5,127,73
449.29,225.52,127,73
447.31,231.41,127,73
437.48,229.49,127,73
435.4,227.5,127,73
441.26,225.52,127,73
431.53,231.41,127,73
429.45,229.49,127,73
427.46,227.5,127,73
433.32,233.4,127,73
423.59,231.47,127,73
421.51,229.49,127,73
419.53,227.5,127,73
417.54,233.4,127,73
415.56,231.47,127,73
413.57,229.49,127,73
419.43,235.38,127,73
401.86,233.46,127,73
399.68,231.47,127,73
397.7,229.49,127,73
395.71,235.38,127,73
393.73,233.46,127,73
391.74,231.47,127,73
389.76,229.49,127,73
387.78,227.5,127,73
393.63,233.4,127,73
383.9,231.47,127,73
381.82,229.49,127,73
372,227.5,127,73
377.76,233.4,127,73
375.87,231.47,127,73
373.89,229.49,127,73
371.9,227.5,127,73
369.92,233.4,127,73
367.93,231.47,127,73
365.95,229.49,127,73
363.96,227.5,127,73
354.14,233.4,127,73
352.06,231.47,127,73
350.07,229.49,127,73
348.09,227.5,127,73
346.1,225.52,127,73
344.12,231.41,127,73
334.29,229.49,127,73
332.21,227.5,127,73
330.23,225.52,127,73
328.24,223.53,127,73
326.26,229.43,127,73
324.28,227.5,127,73
322.29,225.52,127,73
320.31,223.53,127,73
326.16,229.43,127,73
316.44,227.5,127,73
314.35,225.52,127,73
312.37,223.53,127,73
310.39,221.55,127,73
308.4,219.57,127,73
306.42,217.58,127,73
312.27,223.48,127,73
310.39,221.55,127,73
300.56,219.57,127,73
298.48,217.58,127,73
296.49,215.6,127,73
302.35,221.49,127,73
300.46,219.57,127,73
290.64,217.58,127,73
280.72,215.6,127,73
278.64,213.61,127,73
276.65,211.63,127,73
274.67,209.64,127,73
280.52,207.66,127,73
278.64,213.55,127,73
276.65,211.63,127,73
274.67,201.76,127,73
272.68,199.72,127,73
270.7,197.74,127,73
