178,501,252,217
218,501,242,226
244,497,234,234
274,491,228,240
304,486,220,248
302,486,216,253
333,479,211,258
363,475,207,263
389,473,203,266
411,469,200,270
415,468,197,272
439,468,197,272
462,469,196,273
483,464,194,275
512,462,190,278
513,465,187,281
528,456,184,282
558,450,177,288
568,450,173,290
597,443,168,294
598,439,164,296
606,444,162,297
634,444,159,298
662,449,161,295
667,448,161,293
670,446,162,291
677,449,164,288
685,443,165,287
694,444,165,286
703,443,166,284
709,445,165,285
715,449,165,285
722,449,165,283
728,452,164,283
732,450,163,283
736,447,161,284
740,444,159,285
746,440,156,288
749,441,154,288
751,441,152,289
752,442,151,290
753,442,151,288
751,441,152,286
748,440,153,284
747,439,153,283
746,438,153,282
745,439,152,283
746,439,151,283
746,439,151,282
745,439,151,280
746,439,151,279
748,439,149,279
749,437,148,279
748,436,147,278
746,434,147,277
744,434,145,276
744,430,144,275
744,430,144,274
742,429,145,272
740,428,144,271
739,426,143,271
736,426,143,270
733,424,143,269
731,421,143,269
727,423,143,267
726,420,143,267
725,418,142,266
723,419,142,266
719,421,143,264
718,427,142,264
718,424,141,264
716,428,140,264
714,428,139,264
711,424,138,264
709,426,138,263
708,427,137,264
705,429,136,264
700,427,135,265
701,421,133,267
700,416,133,267
698,416,132,267
698,413,133,265
701,412,133,264
699,410,132,265
699,409,132,265
697,410,131,265
697,411,131,264
697,409,131,264
695,410,131,262
693,409,132,260
693,409,131,260
692,409,130,260
690,408,130,259
689,406,130,258
691,407,130,257
690,406,130,257
690,408,129,256
689,415,127,258
687,418,124,261
687,416,122,264
688,415,121,265
692,412,121,265
694,415,121,266
696,416,120,265
696,416,120,266
698,415,119,267
698,414,119,266
697,409,121,263
699,409,121,262
700,410,122,260
700,412,122,258
700,414,124,255
700,415,126,252
701,415,128,248
702,415,128,247
704,420,127,246
705,417,127,246
711,420,126,247
714,422,125,246
717,420,125,245
718,424,126,242
719,427,125,242
720,434,123,244
722,438,122,245
721,440,121,246
724,443,121,245
727,443,121,244
727,444,123,242
729,444,124,240
728,448,124,239
728,446,124,238
730,444,125,237
732,439,125,235
735,437,125,234
737,436,123,234
740,436,122,234
744,436,120,236
750,433,119,237
755,429,118,237
757,429,117,237
761,430,117,238
762,431,116,237
764,431,115,237
766,432,116,237
767,432,115,236
768,430,116,235
768,432,117,232
768,436,119,230
770,439,118,229
769,443,119,227
769,443,119,227
770,443,118,226
771,441,118,225
772,441,117,225
773,440,116,225
776,441,115,225
780,440,114,226
784,438,113,227
786,436,112,227
786,436,111,227
786,438,112,226
787,442,112,225
789,444,112,224
789,445,112,224
790,445,112,223
788,448,112,221
785,449,113,219
780,450,114,216
776,453,115,215
775,451,114,214
771,454,114,212
767,453,114,211
763,452,114,209
757,450,114,207
754,452,115,205
747,450,115,203
741,447,115,202
735,444,114,201
728,442,114,200
726,444,114,198
722,444,115,197
718,447,114,197
713,447,113,197
708,445,111,199
706,445,110,199
701,443,110,199
696,441,111,197
689,440,113,194
683,439,114,191
679,437,115,190
674,436,115,188
667,425,115,188
661,432,115,187
653,433,114,188
650,433,112,188
647,432,111,189
646,429,110,189
646,426,110,189
645,426,110,188
644,427,110,187
643,426,109,188
644,424,107,189
640,422,106,191
639,419,104,192
639,417,102,194
640,414,101,195
638,412,100,195
637,411,99,195
635,409,100,194
635,408,99,194
636,407,99,194
636,407,98,195
636,405,98,195
637,407,98,195
636,406,98,195
636,408,97,195
635,406,98,195
635,404,98,195
636,403,97,195
638,402,98,195
640,401,97,196
640,399,97,196
642,397,97,197
643,397,97,197
644,396,97,197
646,396,98,196
648,394,99,195
650,394,100,193
652,394,100,193
652,393,101,192
653,392,101,191
653,393,102,190
657,391,98,195
660,387,95,199
663,382,92,203
666,381,90,205
667,384,92,203
666,386,93,201
668,384,91,204
670,382,89,207
671,379,88,208
656,385,91,205
658,379,94,202
660,377,95,200
661,375,97,199
660,376,99,197
660,374,99,196
658,373,100,195
654,372,101,195
649,371,101,194
642,369,102,193
650,374,108,186
636,373,114,181
578,357,122,172
575,359,128,166
573,361,134,161
572,364,137,158
571,366,140,156
571,366,142,154
572,366,145,152
574,367,146,151
574,368,148,150
574,369,149,149
574,370,150,148
575,369,151,148
575,369,152,147
574,370,153,147
574,372,153,147
574,372,153,147
575,372,153,148
575,373,153,148
578,373,153,148
578,374,153,148
580,391,153,148
581,388,153,149
585,403,153,148
586,383,154,148
586,383,154,149
581,368,158,145
567,374,157,146
572,379,156,147
577,381,156,148
578,372,160,144
568,378,159,146
574,382,158,147
582,385,158,147
592,374,162,143
581,395,161,144
591,398,160,145
580,385,159,147
585,393,158,148
615,380,164,143
611,387,169,140
622,392,171,138
618,396,173,136
614,399,175,134
615,404,177,133
629,391,180,132
628,432,183,129
627,433,186,127
630,450,189,125
634,449,191,123
638,451,193,122
654,433,194,122
651,435,195,121
662,439,196,121
666,457,197,120
668,441,198,120
685,446,198,121
682,449,199,121
697,454,199,121
712,458,200,121
725,464,201,121
727,504,202,119
723,486,204,118
745,508,205,118
767,514,205,118
787,537,205,118
809,543,205,118
811,548,206,118
830,568,206,117
854,572,206,117
894,578,207,117
915,601,208,116
917,603,208,115
938,611,209,115
959,615,210,114
996,615,212,113
993,615,214,112
1060,615,215,110
1047,611,216,110
1052,607,216,110
1091,542,204,123
1093,539,194,133
1114,556,184,143
1115,570,181,146
1052,544,174,153
1112,558,168,160
1109,554,164,163
1122,558,163,164
1142,529,154,174
1135,543,150,178
1147,522,146,182
1142,521,144,185
1138,529,143,185
1081,575,147,181
1023,578,154,175
959,543,158,172
957,548,162,170
967,557,164,169
987,562,166,167
1020,584,177,157
1024,585,186,148
1027,587,194,141
1058,595,202,134
1065,617,214,123
1082,634,222,117
1079,606,221,117
1098,574,218,120
1096,564,214,124
1093,555,212,126
1090,548,209,129
1049,434,195,143
1050,426,181,157
1071,423,173,166
1091,420,166,174
1110,418,159,181
1128,431,152,189
1126,425,147,194
1143,439,142,199
1144,439,139,202
1141,462,138,203
1133,467,138,204
1129,469,138,204
1040,441,137,205
1040,455,136,206
1063,471,135,207
1100,494,142,200
1094,496,147,195
1112,523,152,190
1138,504,145,198
1160,512,139,205
1149,513,137,207
1091,583,157,187
1040,585,163,182
1013,583,169,177
930,512,161,185
932,532,162,185
940,508,155,192
951,506,149,200
962,504,143,207
990,517,142,209
1016,535,147,203
1019,535,152,199
1071,561,166,185
1069,561,172,180
1086,568,178,175
1096,588,183,170
1089,589,187,165
1088,576,187,165
1089,564,187,165
1089,549,187,165
1089,535,187,165
1088,528,187,165
1090,519,187,165
1088,403,182,169
1107,400,176,175
1109,403,173,178
1122,403,167,183
1127,381,161,190
1143,379,154,196
1139,379,153,197
963,412,147,205
964,406,143,210
1003,420,139,215
1029,435,145,210
1106,467,150,206
1108,517,154,201
1106,537,160,196
1152,484,149,210
1150,479,148,210
1143,470,148,210
948,511,146,213
940,509,143,216
958,530,151,208
982,539,149,210
1024,553,161,199
1043,563,178,183
1038,570,193,171
1085,540,190,175
1137,517,173,192
1056,349,190,177
1049,355,202,166
1026,346,211,157
1027,356,220,150
1031,362,226,145
1034,364,231,142
1012,367,235,138
1012,369,239,135
1015,371,243,133
1016,372,246,131
1018,375,250,129
1020,377,253,127
1020,380,254,127
1018,364,253,129
1017,369,253,130
1032,375,252,131
1028,379,254,131
1024,381,255,131
1020,382,257,130
1015,383,260,129
1010,385,263,128
1007,385,266,126
1004,385,269,125
1001,384,271,125
1001,383,272,125
1001,382,272,126
999,382,271,127
997,382,271,128
996,381,270,129
997,378,268,130
997,375,267,132
1010,399,267,132
1006,396,267,133
1005,393,267,133
1005,392,265,134
1005,392,263,136
1027,389,250,149
1021,391,252,146
1024,387,240,157
1028,385,233,164
1034,384,226,171
1040,384,219,177
1045,384,215,181
1050,386,211,185
1053,390,207,189
1067,399,206,190
1065,408,205,191
1064,412,205,191
1083,416,204,192
1066,417,205,191
1070,420,204,192
1077,424,202,193
1081,427,200,194
1082,432,199,194
1083,440,200,192
1088,450,200,191
1093,461,201,190
1098,468,200,189
1102,478,200,188
1109,485,193,195
1119,507,183,205
1121,486,175,212
1124,490,172,215
1117,491,171,217
1113,511,169,219
1101,513,169,218
1072,496,172,215
1086,503,175,213
1084,531,178,210
1085,539,180,208
1129,515,176,212
1060,421,195,194
1044,425,213,179
1032,426,224,170
1040,446,232,163
1030,444,239,158
1045,436,236,161
1056,433,233,164
1047,427,232,165
1013,407,235,162
1011,404,233,164
1028,426,232,166
1025,401,229,169
1025,402,227,171
1043,446,226,173
1041,438,224,175
1045,417,221,178
1042,439,228,171
1045,418,224,175
1049,424,223,177
1054,429,222,178
1073,437,218,181
1067,439,216,183
1069,443,215,184
1075,447,213,186
1079,454,210,188
1086,460,209,190
1087,464,207,191
1089,467,204,194
1099,449,192,205
1108,458,183,214
1114,482,175,221
1118,480,168,226
1122,495,164,230
1141,487,156,237
1141,500,151,240
1142,491,148,243
1143,486,145,245
1146,497,143,246
1147,511,142,246
1143,511,141,246
1136,509,141,246
1129,535,143,244
1122,535,143,244
1115,535,143,244
1107,532,143,244
1098,527,143,244
1088,521,143,244
1036,523,147,240
1056,529,150,237
1053,532,152,234
1052,535,155,231
1050,537,158,227
1070,540,163,222
1086,542,165,221
1086,544,165,220
1086,545,166,220
1087,546,166,219
1085,549,166,219
1087,548,166,219
1088,547,166,219
1086,547,166,219
1084,547,166,219
1078,547,166,219
1073,545,166,219
1073,543,166,219
1014,346,180,204
1010,348,191,193
1021,353,199,185
1033,370,207,178
1037,357,207,178
1046,363,206,179
1052,365,206,179
1059,367,203,181
1068,372,201,183
1082,380,198,185
1070,385,198,186
1083,389,198,186
1093,398,198,186
1099,403,197,187
1124,405,187,196
1118,409,186,197
1093,430,188,196
1069,447,190,194
1084,460,191,193
1096,474,191,193
1088,467,193,191
1042,391,193,191
1044,368,192,192
1053,370,188,196
1072,376,189,196
1073,381,189,196
1080,387,187,198
1094,396,186,199
1105,404,184,202
1124,410,173,212
1124,430,165,219
1128,430,161,223
1132,448,158,226
1157,445,149,237
1159,446,140,246
1161,447,134,254
1156,472,133,254
1068,326,165,223
1055,332,187,202
1040,345,205,185
1046,352,218,172
1031,362,226,165
1047,363,221,170
1049,375,219,173
1063,370,214,177
1060,380,210,181
1071,371,206,184
1079,366,203,186
1072,350,202,187
1099,348,194,195
1101,344,187,201
1069,344,188,200
1030,348,196,193
1031,357,207,184
988,334,214,177
939,331,214,177
912,337,223,169
910,343,228,164
911,347,232,160
917,350,234,158
918,354,237,155
921,357,238,154
925,358,239,153
952,361,241,152
955,366,242,151
960,369,244,150
966,372,245,149
992,378,248,147
993,381,250,146
1014,385,252,145
1012,389,254,144
1013,389,254,144
1012,391,253,145
996,393,246,152
1020,393,239,159
1020,393,233,165
1026,398,228,169
1048,403,224,173
1055,412,220,176
1063,421,216,180
1068,424,214,181
1087,426,208,186
1072,412,205,190
1077,441,205,192
1079,424,203,195
1076,431,202,196
1070,454,203,196
1062,472,203,197
1079,462,202,198
1106,411,197,204
1110,409,185,216
1107,446,176,224
1111,458,169,232
1130,465,160,241
1135,446,155,247
1143,373,152,250
1152,396,142,261
1158,393,134,271
1150,363,133,272
1144,352,133,272
1062,256,160,245
1051,268,188,218
1042,275,207,199
1036,283,223,185
1030,288,234,174
1025,291,242,167
1022,293,246,162
1043,273,241,167
1036,295,245,162
1046,296,247,161
1037,299,249,158
954,433,222,185
1008,446,201,207
1071,465,186,223
1128,486,173,236
1132,482,163,246
1137,489,160,250
1129,485,160,250
1123,485,160,250
1119,485,160,250
1115,487,160,250
1111,487,160,250
1109,481,160,250
1107,479,160,250
1105,473,160,250
1105,470,160,250
1103,462,160,250
1101,451,160,250
1092,436,160,250
1088,422,160,250
1093,406,160,250
1097,393,160,250
1099,383,159,250
1009,285,174,235
946,291,190,219
933,298,203,206
922,303,212,197
941,309,220,189
936,314,229,181
932,321,236,173
957,324,240,169
954,328,242,167
958,334,244,164
959,337,245,162
962,341,247,160
965,339,248,158
965,342,249,157
971,345,250,155
975,350,251,154
976,353,251,153
978,355,250,152
1001,357,248,154
1005,361,246,154
1032,365,238,161
1034,367,233,165
1029,368,234,163
1054,371,228,169
1052,371,221,174
1030,378,225,170
1054,381,220,174
1055,382,215,178
1059,387,214,178
1079,389,211,180
1078,395,209,181
1044,421,218,173
1061,424,222,169
1048,425,226,165
1038,423,223,168
1055,425,220,172
1048,430,218,174
1060,434,216,177
1070,442,212,181
1062,465,211,183
1054,467,211,183
1050,491,212,183
1047,491,213,182
1062,496,212,184
1054,495,211,185
1067,495,209,187
1079,495,206,189
1047,500,208,187
1062,504,208,187
1067,529,208,187
1058,529,208,187
1051,531,208,187
1047,532,208,188
1059,533,208,188
1067,535,206,189
1058,533,205,190
1070,535,204,191
1078,534,202,192
1067,540,202,192
1072,542,201,192
1062,525,201,193
1074,529,200,194
1083,532,198,195
1047,540,200,194
1056,544,201,194
1048,544,203,191
1057,542,203,191
1065,542,202,191
1068,542,202,192
1040,526,203,192
1057,528,203,192
1069,531,202,194
1060,536,202,195
1069,537,204,193
1039,559,213,186
1052,552,213,185
1025,558,221,178
1022,561,227,173
1015,541,226,176
1022,564,233,169
1003,568,239,164
985,584,244,159
1013,579,250,154
990,579,253,152
953,580,254,151
937,581,255,150
938,559,245,159
938,560,237,166
962,561,233,170
1001,564,237,167
901,542,229,174
926,545,225,178
927,548,221,182
948,547,219,183
936,550,217,185
949,547,217,186
967,544,217,186
961,541,216,188
948,564,224,180
961,562,231,175
1008,559,236,171
977,559,241,167
969,561,245,164
1021,563,246,164
921,582,250,161
921,554,243,167
895,552,237,173
895,552,234,177
872,531,230,181
858,524,220,192
864,518,209,202
870,521,209,202
879,516,201,210
880,521,204,208
907,540,206,205
908,535,208,204
929,537,209,202
925,539,211,200
942,538,212,199
958,540,214,197
934,540,215,196
987,564,228,184
991,564,238,176
994,564,244,171
1002,565,249,167
986,568,255,164
995,569,258,161
1006,571,261,160
1011,570,262,159
992,572,266,156
999,569,264,157
985,566,262,160
1020,531,248,175
1053,526,237,185
1053,523,231,191
1071,524,224,198
1064,525,220,201
1093,497,209,212
1054,448,209,212
1023,394,212,209
1038,398,214,208
1026,371,216,206
1023,370,222,201
1039,368,221,201
1047,340,226,197
1059,317,226,197
1063,318,225,197
942,539,227,197
960,540,227,197
934,539,227,197
886,538,230,196
874,533,230,196
907,533,230,196
938,533,231,196
975,559,243,185
1006,560,252,178
1001,560,259,172
1017,531,253,177
1033,537,247,182
1030,537,242,187
1036,536,238,191
1038,535,234,194
1051,532,232,195
1047,529,230,197
1059,524,227,198
1048,522,226,200
1043,520,225,201
1055,521,224,201
1048,521,224,202
1061,514,221,203
1049,514,220,204
1058,511,218,205
1049,515,218,206
1063,515,217,206
1058,515,216,207
1070,513,214,208
1061,514,213,208
1051,513,213,209
1047,516,213,209
1045,498,215,207
1043,506,218,205
1060,509,217,206
1053,514,217,206
1064,514,216,207
1055,515,216,207
1068,518,216,206
1058,522,217,206
1052,522,218,206
1048,520,218,205
1060,521,219,204
1051,521,221,202
1045,521,222,201
1052,519,223,201
1047,519,222,201
1062,517,222,201
1048,517,221,201
1057,514,221,201
1049,516,220,201
1061,517,220,201
1034,521,221,200
1049,525,222,200
1044,527,222,199
1057,526,222,200
1051,528,221,200
1049,529,221,200
1065,508,218,203
1058,491,214,208
1075,499,211,211
1062,506,212,210
1086,473,202,221
1086,481,197,227
1099,474,190,234
1099,478,187,237
1117,481,185,239
1112,499,184,240
1074,447,186,238
1014,407,197,227
1026,419,211,214
1030,431,214,211
1055,442,216,210
1062,456,216,209
1061,465,216,209
1078,474,216,210
1050,532,219,207
1053,559,225,201
883,417,227,198
881,425,229,196
904,436,232,194
905,429,231,193
921,426,231,193
923,445,229,194
923,439,228,195
955,496,228,195
967,522,229,194
1037,519,228,195
1034,542,231,193
1031,543,232,191
1032,562,240,184
1062,541,238,185
1063,544,236,186
942,434,244,178
931,435,250,172
929,437,254,167
933,435,257,165
937,435,259,163
988,460,262,161
986,458,263,161
990,455,264,160
996,456,258,166
1022,454,252,173
1043,455,244,180
1058,432,235,189
1033,467,232,191
1040,459,231,193
1050,497,226,198
1059,505,223,201
1081,507,217,206
1082,513,214,209
1055,514,214,210
1055,513,214,211
1054,505,212,215
1070,503,210,218
1092,469,197,232
1093,467,188,240
1116,463,179,249
1119,467,174,253
1121,468,169,257
1122,471,167,258
1123,475,162,263
1118,447,160,265
1105,342,169,253
1093,346,180,241
1087,352,184,235
1106,352,181,237
1103,357,177,239
1119,359,174,242
1112,361,171,243
1127,362,168,245
1129,350,158,256
1130,366,151,265
1010,427,159,254
998,434,165,247
1014,443,169,242
1035,453,171,239
1064,482,175,234
1090,490,178,230
1087,494,180,227
1106,500,180,226
1119,495,173,232
1127,504,166,237
1133,493,161,242
1139,489,156,245
1138,484,153,249
1133,480,152,249
1045,386,161,238
1041,395,168,230
1038,403,172,224
1058,409,176,219
1054,419,178,215
1072,423,181,212
1070,423,182,210
1068,423,182,209
1087,430,182,208
1086,438,183,207
1101,438,182,207
1103,444,182,207
1103,434,182,206
1102,441,182,206
1108,440,173,215
1114,433,165,222
1123,419,158,230
1129,422,152,235
1131,426,149,238
1122,369,156,230
1105,383,158,228
1117,372,158,228
1109,362,157,228
1110,370,156,229
1127,376,155,230
1124,379,154,231
1120,383,153,232
1116,390,153,232
1136,364,150,235
1125,393,150,236
1117,401,149,236
1107,410,149,236
1098,418,149,236
1090,429,149,236
1093,443,149,236
1051,548,164,221
955,491,159,227
956,486,155,231
958,485,154,232
956,497,162,223
957,497,159,226
959,496,157,228
959,495,154,230
963,496,152,232
967,496,151,233
971,496,150,233
995,501,150,233
996,502,149,233
998,502,149,233
999,505,149,232
1020,512,156,225
1056,523,167,215
1066,532,173,209
1058,539,179,203
1046,547,185,198
1034,556,196,188
1042,567,208,177
1043,571,218,167
1036,571,224,162
1033,574,230,156
1052,570,227,160
1063,568,224,162
1057,567,222,164
1057,567,222,166
1066,566,220,168
1095,529,205,183
1101,490,193,194
1104,478,183,204
1099,453,183,202
1091,451,184,200
1088,449,185,198
1088,451,185,196
1087,451,185,195
1085,451,185,194
1079,452,186,193
1072,453,187,191
1068,452,188,189
1066,450,189,188
1074,454,191,185
1050,441,189,186
1061,448,190,185
1067,454,190,184
1054,456,191,184
1028,456,189,184
1021,455,187,185
996,452,185,186
996,451,183,187
987,451,182,187
967,431,179,190
966,412,170,199
945,420,169,199
945,421,169,199
944,405,163,204
918,405,159,209
918,391,162,206
899,383,157,210
898,387,154,214
876,391,157,210
854,390,160,207
927,385,166,201
941,375,171,196
932,369,175,191
904,380,178,186
901,370,179,184
871,372,181,181
859,374,182,180
855,373,183,179
846,372,184,177
836,373,186,175
826,369,187,174
798,367,188,173
778,370,186,174
777,363,186,174
775,363,187,173
772,359,187,173
768,353,188,172
764,353,188,172
759,352,189,171
755,345,190,170
733,348,189,171
751,351,197,163
747,352,202,158
739,354,207,153
718,355,204,156
720,356,208,153
760,355,211,149
754,352,215,145
747,350,216,143
743,350,217,142
743,349,217,141
743,350,217,140
743,351,217,139
745,351,217,138
747,353,217,137
751,353,217,137
771,368,217,136
769,365,218,135
767,363,216,136
751,361,215,137
755,361,214,138
760,362,214,138
745,364,214,137
750,365,214,137
757,367,214,137
765,369,214,138
771,369,214,138
779,369,214,139
782,387,217,136
787,385,217,136
790,386,218,136
797,387,218,136
819,404,222,133
800,402,223,132
827,397,223,132
826,414,224,132
867,431,227,129
881,446,233,126
881,439,233,126
860,434,233,126
880,450,235,125
884,423,229,131
883,442,230,131
890,414,215,145
931,458,220,141
914,430,215,146
935,425,212,149
939,422,210,151
941,419,201,160
964,438,200,160
946,465,205,156
950,471,209,152
956,474,212,150
962,479,215,148
878,491,209,154
868,484,205,159
878,479,203,163
884,477,202,165
912,493,200,168
918,492,201,169
923,492,202,169
954,512,203,170
940,508,204,170
947,505,205,171
979,524,206,172
1010,540,205,174
1038,540,204,176
1039,540,203,177
1063,553,202,179
1066,549,202,179
1066,548,204,179
1062,542,205,180
1076,553,204,181
1068,543,203,181
1061,538,204,181
1056,533,205,181
1053,529,205,181
1051,542,206,181
1067,536,206,182
1068,507,204,184
1075,510,189,199
1094,504,188,200
1095,507,177,210
1104,498,170,216
1124,496,163,221
1129,495,157,225
1131,505,153,228
1131,510,149,231
1132,515,145,233
1158,502,138,241
1162,480,130,251
1163,479,127,255
1160,485,127,255
1152,491,127,254
944,507,143,237
953,520,157,222
947,528,167,213
941,531,174,206
943,533,178,202
965,541,183,197
968,543,185,194
971,563,195,184
977,565,202,177
981,571,209,170
984,578,217,163
990,583,223,157
996,585,227,152
997,588,231,148
1011,588,236,145
962,583,231,148
956,579,230,150
950,575,228,151
944,570,228,151
914,570,229,150
912,570,230,150
908,569,230,150
902,569,230,150
894,560,230,150
766,497,211,168
781,500,194,186
792,491,182,199
803,503,171,211
810,496,163,219
814,494,157,226
820,507,154,230
822,504,150,233
828,516,148,234
811,505,147,235
816,500,145,237
820,498,143,238
824,512,143,236
830,507,143,235
832,505,142,235
834,502,141,235
838,515,142,233
840,508,141,232
837,530,152,221
834,531,159,213
835,545,166,207
819,505,158,214
825,510,153,219
832,493,147,225
837,481,144,229
840,488,140,232
843,478,138,234
844,487,136,236
845,493,135,236
845,483,134,237
830,489,132,238
834,492,130,239
839,488,124,245
843,487,120,249
845,487,117,252
847,489,115,254
850,490,113,256
853,492,111,257
837,497,110,258
843,496,108,260
846,497,107,260
828,499,106,261
831,505,106,260
834,508,107,259
836,513,107,258
838,520,108,258
840,516,108,258
845,509,108,258
849,508,108,258
854,507,108,258
859,505,108,258
865,506,108,258
870,504,108,258
873,506,108,258
877,505,108,258
881,511,108,258
883,516,108,258
885,522,108,258
885,527,108,258
886,527,108,258
886,530,108,258
885,535,108,257
884,538,108,257
882,541,108,257
880,543,109,257
877,545,109,257
875,545,109,256
871,545,109,256
869,543,109,256
867,542,109,256
865,542,109,256
863,543,109,256
860,544,110,256
857,544,110,256
854,544,110,256
850,544,110,256
847,544,110,256
844,545,110,255
841,545,110,255
837,545,110,255
834,545,110,255
830,545,110,255
825,546,111,255
820,546,111,255
815,547,111,255
809,548,111,254
804,548,111,254
798,549,111,254
793,549,111,254
786,549,112,254
778,549,112,254
771,549,112,254
765,547,112,254
755,545,112,253
746,542,112,253
737,537,112,253
725,534,112,253
715,526,112,253
704,518,112,253
695,499,112,253
647,474,117,248
650,477,120,245
668,502,121,243
664,506,123,241
683,507,125,239
684,509,127,237
684,512,128,236
684,513,128,235
685,515,129,235
702,535,132,231
722,552,134,229
719,553,135,228
718,555,135,228
717,555,136,228
713,559,136,228
705,559,136,228
703,559,137,227
701,559,140,224
701,560,143,221
699,559,146,219
703,552,146,218
709,530,146,218
733,420,143,221
735,408,141,222
760,420,140,223
786,449,137,225
813,462,134,228
854,479,133,228
854,477,132,229
885,496,129,231
980,519,129,230
1050,529,129,229
1070,555,133,225
1070,556,135,222
1067,552,135,222
1104,502,139,218
1126,493,138,219
1141,487,137,221
1137,483,135,222
1104,398,144,213
1098,401,154,203
1117,404,157,200
1132,430,156,201
1126,435,155,201
1121,448,155,201
1127,468,155,201
1129,486,155,201
1126,501,155,201
1124,515,155,201
1119,521,155,201
1114,526,155,201
1111,528,155,201
1101,532,155,201
1032,514,153,203
1059,535,152,205
1084,537,150,206
1098,546,154,203
1121,544,150,206
1121,544,147,208
1137,544,145,210
1136,544,145,210
1130,544,145,210
1126,542,145,211
1122,540,145,211
1112,545,145,210
1083,570,149,206
1074,569,149,206
1068,567,150,206
1062,564,150,206
1058,562,150,206
1058,557,150,205
1054,555,150,205
1052,557,150,205
1050,557,150,205
1046,559,150,205
1040,579,152,204
1033,577,152,203
1030,575,153,203
1026,574,153,202
1018,573,154,202
1013,573,154,202
1007,573,154,202
1004,572,154,201
999,570,154,201
999,568,154,201
1001,563,154,201
1027,387,176,181
1029,399,196,165
1013,405,211,152
1002,413,220,144
1033,422,228,138
1038,430,228,138
1049,438,229,137
1040,444,230,136
1043,440,224,143
1069,443,219,148
1085,444,212,155
1065,432,211,156
1059,437,219,150
1069,445,221,147
1038,431,226,143
1051,441,228,141
1069,441,221,148
1067,436,215,153
1080,433,210,157
1077,430,210,157
1070,425,209,158
1065,405,209,159
1060,406,208,160
1060,405,206,161
1078,406,205,162
1099,407,200,167
1098,343,197,170
1095,349,196,171
1108,328,196,172
1107,329,195,172
1104,336,195,173
1094,343,194,173
1087,300,194,174
1101,304,194,174
1120,331,190,177
1115,334,190,178
1109,335,190,178
1103,340,190,178
1097,347,189,178
1092,351,189,178
1091,355,189,178
1078,359,189,178
1065,362,189,178
1064,364,189,178
1062,364,189,178
1061,368,189,178
1060,372,189,178
1058,374,189,178
1056,380,189,178
1053,481,190,178
1049,484,195,173
1043,488,202,167
1035,493,209,161
1055,517,208,162
1072,520,206,163
1085,540,203,165
1062,532,203,165
1061,526,202,166
1075,527,201,167
1068,508,200,168
1065,530,202,167
1078,535,201,168
1071,538,201,168
1083,539,200,169
1075,544,200,168
1065,541,200,168
1077,543,200,169
1068,545,200,169
1078,550,200,169
1068,554,201,168
1076,554,200,169
1071,555,198,170
1069,556,198,170
1081,555,197,171
1058,548,197,171
1077,563,198,170
1080,542,196,172
1070,545,196,173
1069,559,196,172
1081,555,195,173
1091,535,192,176
1079,558,192,176
1072,557,193,175
1083,540,193,176
1074,561,193,175
1084,556,193,175
1057,555,193,175
1054,555,194,174
1088,558,193,176
1062,542,193,175
1061,565,196,173
1048,569,202,168
1033,574,210,161
1051,566,208,162
1064,565,206,165
1025,567,213,159
1043,566,211,161
1037,567,210,163
1067,566,207,166
1057,562,205,168
1048,565,205,169
1039,561,205,170
1020,584,214,161
1037,560,212,164
1041,579,217,159
1031,553,214,163
1064,564,210,166
1030,562,209,168
997,545,208,169
1035,553,206,171
1030,557,207,172
1043,562,208,172
1057,559,208,173
1037,578,217,164
1032,557,216,166
1025,568,215,167
989,571,220,163
976,572,225,158
1016,576,230,154
1004,580,234,151
1033,583,238,147
1018,586,240,145
1007,589,243,143
1019,593,246,140
1000,590,248,138
1004,590,249,138
965,592,252,136
950,594,254,134
961,595,255,134
993,594,256,134
955,592,257,133
964,593,257,134
947,593,257,134
929,592,257,134
938,590,257,134
947,591,257,135
932,590,257,135
920,590,258,134
927,591,257,135
911,591,257,135
923,590,258,135
929,590,257,135
936,590,257,136
919,591,257,136
929,589,257,136
912,591,257,136
922,590,258,136
932,588,258,136
941,588,258,136
902,587,258,136
934,585,258,137
935,583,257,137
935,582,256,138
950,573,248,146
939,582,250,145
932,583,253,142
975,588,256,140
967,590,259,138
927,590,260,137
959,588,261,137
938,587,260,138
921,585,259,139
930,583,259,139
938,585,259,140
945,585,259,140
956,581,260,140
968,579,260,140
925,578,259,141
936,580,260,141
968,596,263,139
975,588,263,139
984,583,261,140
989,578,260,142
1011,564,253,149
999,581,253,149
1016,573,253,149
1010,564,251,151
1006,574,246,156
997,575,246,156
970,569,245,157
929,556,235,167
938,549,224,177
942,546,223,178
992,551,223,178
1035,564,222,179
1017,565,230,172
1022,567,236,167
1001,570,241,163
1021,561,237,167
1035,555,232,171
1027,554,231,174
1020,552,229,176
1035,550,226,179
1028,550,225,180
1045,546,223,182
1037,546,222,183
1047,546,221,185
1056,543,219,187
1046,545,218,188
1057,541,216,190
1066,542,213,192
1072,541,212,193
1056,544,213,192
1050,540,213,192
1043,518,213,192
1060,538,213,192
1067,535,212,192
1054,516,212,192
1062,520,211,193
1052,517,211,193
1062,516,211,193
1079,512,202,201
1079,504,194,209
1044,475,198,205
1057,452,203,201
1073,433,205,199
1068,438,208,197
1085,441,209,196
1057,490,211,194
1077,491,211,194
1072,492,212,193
1069,492,213,191
1038,470,212,192
1056,478,211,193
1071,504,210,195
1053,474,209,195
1041,465,209,195
1031,439,210,195
1021,438,211,194
1036,438,212,193
1028,439,213,192
1041,440,214,191
1037,455,215,190
1029,431,216,190
1022,433,216,190
1045,456,217,189
1042,452,218,188
1048,468,218,189
1068,463,216,190
1064,459,215,190
1093,478,209,196
1084,474,208,196
910,353,208,196
938,359,210,195
939,365,211,195
964,370,212,196
924,366,209,198
944,368,206,200
975,374,203,202
1002,374,199,205
1027,384,197,208
1027,385,195,210
1057,389,194,210
1078,413,195,210
1093,417,195,210
1089,403,198,207
1105,413,198,207
1049,422,210,195
1064,431,218,187
1081,450,217,188
1048,449,223,182
1042,449,228,178
1090,416,220,186
1082,440,218,188
1078,438,216,190
1072,459,216,190
1066,457,215,191
1061,458,215,191
1056,459,215,191
1053,481,215,191
1050,480,215,191
1048,479,215,191
1043,477,215,191
1040,472,215,191
1037,468,215,191
820,339,212,192
813,335,211,192
808,335,212,190
833,340,212,189
853,350,211,189
870,360,212,187
869,356,211,187
892,362,210,187
935,381,208,189
932,384,209,189
982,391,207,189
978,395,207,189
1003,402,206,189
1044,426,205,190
1066,429,205,190
1086,433,203,192
1082,433,201,194
1100,429,197,198
1034,453,203,193
1034,444,204,192
1050,422,204,192
1062,445,204,193
1072,446,203,193
1080,429,203,194
1068,433,203,194
1035,429,204,194
1026,429,205,193
1044,432,206,193
1042,438,209,190
1065,448,208,191
1084,454,205,193
1078,457,205,193
1092,453,202,196
1032,423,204,195
1031,427,209,191
1052,436,210,190
1054,441,211,190
1074,449,210,191
1068,458,209,191
1082,463,206,193
1057,484,208,191
1056,482,211,190
1068,483,211,190
1042,474,212,189
1045,469,212,189
1044,488,212,189
1067,485,210,190
1058,505,211,189
1057,510,211,188
1074,519,211,188
1065,521,210,188
1058,521,210,188
1068,520,210,188
1044,518,211,187
1061,519,212,186
974,439,209,188
967,434,207,190
992,431,204,193
1039,453,204,193
1065,453,202,195
1088,483,201,196
1098,484,197,199
1093,510,197,198
931,455,203,193
927,457,204,192
953,463,202,196
968,472,203,196
1012,487,204,196
1051,502,203,199
1052,509,203,199
1045,519,209,196
1060,524,210,195
1052,528,208,197
1048,522,210,196
1067,522,211,196
1066,513,210,197
1068,507,209,198
1064,497,208,198
1054,509,209,198
1063,479,208,198
978,448,208,198
991,448,207,199
1034,471,207,200
1049,477,207,199
1084,478,203,203
1098,502,199,207
1091,504,197,208
1112,495,192,213
1075,486,193,211
1089,487,192,211
1099,503,192,211
1094,497,192,211
1092,477,192,211
964,457,194,208
974,479,194,208
1008,487,195,208
1055,511,197,206
1063,520,199,204
1084,523,200,203
1071,510,199,204
1085,519,199,204
1079,515,199,204
1070,528,199,204
1068,534,199,204
1113,465,191,212
1111,484,187,216
1115,492,181,223
1108,483,179,225
1089,503,180,224
1074,501,180,223
1068,494,182,222
1082,490,183,221
1077,480,185,219
1052,498,189,215
1077,501,194,210
1096,509,195,208
1093,515,197,205
1089,522,197,205
1078,520,198,204
1092,514,197,204
1105,492,196,206
1095,495,195,206
1107,496,194,207
1095,511,193,208
1083,513,193,209
1066,517,193,209
1050,540,194,207
1082,520,195,207
1096,508,194,208
1090,504,192,210
1111,505,185,216
1109,507,180,221
1102,506,180,222
1096,499,178,223
1116,509,177,224
1113,503,176,226
1097,503,176,226
1086,500,176,225
1069,519,177,224
1062,518,178,223
1075,517,179,223
1088,514,180,222
1099,515,182,219
1085,512,183,218
1081,503,183,218
1104,483,182,219
1097,477,182,219
1092,468,181,220
1087,487,181,220
1073,482,181,220
1059,479,181,220
1055,480,182,219
1072,506,183,218
1060,552,188,213
1044,546,189,212
990,537,193,209
1012,539,196,206
1032,558,202,201
1002,516,202,201
1006,529,202,201
1005,521,203,201
987,507,202,201
1039,523,203,201
1062,521,202,201
1086,523,202,202
1084,525,201,202
1102,514,199,204
1095,503,193,210
1094,501,190,213
1064,473,191,213
1083,471,189,215
1099,491,182,222
1067,461,184,220
1084,501,185,219
1089,490,181,223
1093,497,175,229
1113,493,171,232
1106,485,170,233
1090,499,172,231
1083,488,174,230
1079,499,175,228
1091,490,177,226
1082,504,178,225
1074,499,181,223
1066,499,183,221
1076,515,185,219
1046,540,192,212
1040,510,195,210
1036,503,196,209
1028,497,197,209
1044,517,198,208
1057,514,199,207
1065,531,201,206
1033,500,201,206
1008,517,202,205
1006,509,203,204
1028,526,205,203
1045,520,206,202
1057,536,207,202
1051,529,207,201
1045,523,207,201
1041,513,207,202
990,459,204,204
994,480,204,204
1022,499,203,205
1025,494,202,206
1049,512,203,206
1020,506,203,206
1043,501,202,207
1042,500,202,207
1065,503,201,208
1060,503,201,208
1087,502,196,212
1107,494,191,217
1101,490,189,219
1116,485,186,222
1084,457,188,220
1059,459,191,217
1074,468,193,215
1083,478,195,213
1076,483,197,210
1088,489,197,210
1104,486,194,213
1104,490,192,215
1106,494,189,218
1109,494,187,220
1110,498,186,221
1107,505,184,223
1102,513,183,224
1095,514,183,224
1090,516,183,224
1087,517,183,224
1085,519,183,224
1074,523,183,224
1057,531,183,224
1042,538,183,223
1026,540,184,223
1010,544,184,223
996,547,184,223
985,548,184,223
973,551,184,223
963,556,184,223
950,560,184,222
943,561,185,222
933,562,185,222
925,562,186,221
916,562,187,220
879,564,191,217
839,566,196,212
829,568,200,208
822,569,204,205
815,570,206,203
809,569,207,202
801,569,209,200
796,570,209,200
792,569,210,199
788,569,211,198
785,569,212,198
782,568,212,197
779,568,212,197
777,567,213,197
773,567,213,197
771,567,213,197
769,566,213,197
769,566,213,197
768,566,213,197
769,567,213,197
770,566,213,197
771,566,213,197
776,566,213,197
779,566,213,197
785,563,213,196
790,554,213,197
794,540,213,197
795,530,213,197
798,527,213,197
799,526,213,197
800,526,213,197
803,521,213,197
805,515,213,197
806,510,213,197
807,504,213,197
806,498,213,197
807,490,213,197
807,485,213,197
806,477,213,197
805,466,213,197
805,451,213,197
806,413,214,196
807,406,216,194
806,401,219,191
807,396,221,190
808,414,223,188
810,407,227,185
812,403,229,183
815,401,232,181
815,418,234,179
818,412,236,177
853,406,238,176
829,426,240,174
833,419,242,173
870,415,243,172
849,432,246,170
855,428,248,168
860,427,249,167
868,426,250,167
872,446,252,165
877,444,254,164
882,444,255,164
915,466,256,163
921,463,257,162
920,486,260,160
921,485,263,158
924,481,263,157
1040,444,253,167
1071,429,239,181
1082,417,225,195
1092,416,214,206
1100,415,204,216
1108,419,193,227
1113,418,186,235
1118,419,180,241
1118,443,176,245
1118,448,175,247
1115,452,174,247
1113,455,174,248
1071,512,177,245
1080,514,181,241
1071,516,186,236
1087,517,189,232
1080,519,193,229
1099,492,188,234
1094,496,187,236
1079,502,188,235
1068,509,191,232
1078,513,193,230
1067,516,196,226
1060,519,198,224
1033,522,200,223
1032,523,202,221
1032,524,204,220
1031,524,205,218
1029,524,207,217
1028,523,208,216
1028,523,211,213
1029,523,212,212
1031,525,214,210
1055,529,214,210
1070,527,214,209
1061,527,214,209
1074,526,214,209
1063,521,214,209
1056,475,214,210
1072,503,214,211
1087,497,209,216
1082,496,206,219
1078,501,204,220
1094,502,203,222
1082,508,202,223
1021,512,204,221
1017,515,207,219
1022,519,210,218
1061,526,212,216
1058,530,213,213
1075,532,213,212
1072,532,214,210
1075,528,214,209
1103,477,205,218
1100,483,202,222
1094,485,195,229
1119,479,185,240
1110,495,181,244
1099,485,180,245
1094,480,180,246
1089,475,179,246
1103,466,177,248
1115,458,176,249
1104,453,175,251
1096,450,174,251
1091,472,174,252
1105,463,172,254
1098,460,171,255
1110,453,170,256
1101,453,169,256
1114,448,168,257
1103,470,168,258
1096,466,167,258
1110,459,166,260
1101,455,165,260
1095,477,164,261
1109,471,163,262
1119,462,163,262
1109,459,162,263
1101,480,162,263
1096,476,161,263
1110,469,161,264
1104,466,160,264
1099,484,160,265
1113,475,159,265
1107,474,159,265
1093,495,162,262
1079,511,165,258
1070,507,167,256
1082,502,169,254
1069,519,173,250
1036,516,176,247
1050,307,192,232
1058,309,205,219
1058,330,210,214
1052,336,222,203
1056,340,221,203
1084,339,215,209
1079,345,215,209
1098,346,213,211
1091,349,212,213
1085,353,211,213
1080,360,210,214
1071,363,210,214
1060,367,210,214
1052,368,210,214
1041,368,210,214
1009,369,211,213
1012,368,212,212
1040,367,213,212
1038,366,213,211
1032,365,214,211
1048,367,214,211
1062,373,214,211
1081,354,212,213
1073,359,211,214
1092,386,209,216
1087,391,207,218
1105,388,204,221
1098,391,203,222
1097,396,203,222
1090,401,203,222
1085,403,202,223
1081,400,201,224
1100,396,199,226
1093,394,198,227
1015,293,209,216
1016,339,212,214
1043,342,214,213
1058,371,215,212
1069,374,215,213
1074,374,214,213
1020,340,217,212
1045,337,218,211
1039,365,219,211
1056,366,219,211
1047,369,219,211
1064,351,218,211
1088,353,213,217
1082,361,213,218
1076,370,212,218
1071,381,212,218
1061,412,212,218
1054,410,212,218
1022,400,212,218
1019,392,213,217
1014,368,213,217
1013,371,213,217
1007,341,215,215
1034,343,216,215
1035,343,217,214
1041,345,219,213
1063,351,219,213
1085,354,211,221
1075,360,210,221
1066,366,210,221
1105,358,198,235
1108,331,193,241
1128,328,189,246
1123,324,188,247
1113,274,186,250
1108,257,184,251
1103,269,184,252
1047,339,187,248
1042,393,193,242
1042,393,198,238
1041,394,203,233
1040,418,206,230
1058,397,208,229
1075,406,209,228
1064,411,212,226
1078,416,211,227
1073,442,211,227
1101,411,201,237
1126,411,193,247
1125,409,184,256
1121,440,183,258
1114,438,182,259
1055,496,187,254
1038,501,191,250
1044,500,193,248
1051,507,199,242
1080,510,204,236
1069,513,206,234
1053,518,206,233
1007,525,211,229
971,556,228,213
778,571,252,191
746,573,261,183
749,531,258,186
716,462,249,195
704,451,246,198
646,397,242,202
645,398,240,204
675,396,237,206
678,395,233,210
703,421,230,212
704,415,228,214
706,414,228,214
731,418,225,216
729,421,223,217
758,453,222,218
781,480,221,220
781,454,219,222
806,484,217,223
804,484,217,224
825,489,217,224
821,490,217,224
818,493,218,223
839,498,219,222
839,494,217,225
809,514,218,223
831,528,219,222
829,520,219,222
828,476,216,225
829,490,214,228
719,358,215,226
742,366,214,226
762,367,214,226
765,379,213,227
782,385,213,227
786,394,212,228
810,424,213,227
817,456,215,225
822,483,218,223
826,484,221,220
834,487,221,219
844,497,223,218
859,499,224,217
879,498,225,216
894,498,227,214
931,525,231,211
942,517,231,211
952,499,231,211
958,481,230,212
1075,450,219,223
1101,447,206,236
1097,442,204,239
1059,473,205,238
1073,476,205,237
1064,480,207,236
1080,481,207,236
1069,476,206,237
1086,450,204,239
1083,463,203,240
1008,480,205,239
1004,487,208,236
1026,497,213,231
1021,526,223,222
1023,531,228,218
1020,533,232,214
908,498,223,223
940,494,215,231
968,512,210,236
1018,531,214,232
1011,526,218,229
791,429,215,231
799,441,212,235
802,447,211,237
813,460,211,238
817,467,212,237
837,479,216,233
857,488,220,230
850,496,223,226
829,479,223,227
834,490,222,229
841,494,223,228
849,497,224,228
853,499,225,227
880,507,228,223
880,512,230,221
885,517,231,220
893,522,231,219
866,412,219,231
892,384,207,243
887,388,202,249
909,387,194,257
909,392,188,264
934,393,183,270
936,395,180,273
938,395,178,277
960,418,176,278
959,389,176,280
981,411,175,281
980,404,175,281
979,400,175,282
982,420,175,282
1003,410,175,282
1080,363,183,273
1068,376,188,268
1078,404,193,263
1065,384,195,261
1032,434,201,256
1031,427,205,253
1035,398,207,251
1040,401,208,250
1037,454,212,247
1058,455,214,245
1083,450,208,251
1083,451,202,258
1083,450,198,261
1100,447,194,265
1091,445,191,268
1105,444,188,271
1101,444,186,272
1124,441,182,277
1114,438,182,278
1067,445,183,277
1067,472,183,277
1067,476,182,278
1088,474,181,278
1048,507,187,272
1034,509,193,267
1020,508,201,258
908,537,216,243
889,540,232,228
905,538,237,223
892,529,238,222
847,517,241,219
766,510,240,220
773,497,236,224
776,490,230,231
784,494,229,231
786,499,230,231
788,502,230,231
795,503,229,231
801,505,230,230
807,506,230,229
816,506,231,228
822,508,233,226
854,540,246,214
864,511,247,213
914,391,242,218
909,387,237,223
907,385,235,226
907,384,234,228
909,379,233,230
911,373,233,230
914,370,234,230
914,369,234,230
915,365,234,230
893,363,234,231
876,356,223,244
882,353,215,251
887,370,208,259
887,360,203,265
887,354,197,270
887,350,192,276
887,344,190,278
885,342,188,281
882,342,186,282
852,348,193,275
852,349,192,277
827,348,189,281
829,347,188,283
829,342,186,286
802,341,184,288
798,340,184,289
794,341,184,290
791,338,183,292
787,316,182,293
755,318,173,302
754,316,166,311
723,315,162,316
745,316,163,315
714,317,159,320
712,320,154,326
710,322,150,331
706,325,147,335
702,327,145,337
696,328,143,339
689,329,141,342
678,310,145,337
674,296,149,332
666,310,151,328
660,317,153,325
654,323,154,324
623,331,155,322
622,336,156,321
617,341,156,321
613,345,157,320
605,347,157,319
598,355,158,319
558,419,157,320
558,400,155,322
477,471,170,305
463,481,183,290
447,494,194,278
419,512,214,257
400,521,232,239
380,528,241,230
362,533,246,225
437,398,226,247
442,414,209,267
445,401,196,282
422,410,185,294
416,405,179,301
389,415,176,305
351,416,173,308
352,413,171,310
322,419,170,311
319,433,171,310
287,443,172,309
277,461,183,297
267,466,192,288
234,472,201,279
222,484,210,270
209,492,217,262
197,498,224,255
213,503,230,249
195,512,235,243
179,522,241,237
166,534,247,230
130,542,259,220
127,545,266,213
102,562,281,199
81,568,292,189
61,572,301,180
51,575,306,176
0,579,311,172
4,579,314,170
8,576,314,170
18,563,314,170
0,404,291,192
0,394,272,211
0,388,253,230
0,382,235,249
0,380,219,266
0,381,208,278
0,381,202,285
0,383,196,292
0,384,194,294
1,384,194,294
7,386,194,294
11,388,194,294
16,388,194,294
23,383,194,294
45,376,194,294
44,352,197,291
44,331,202,287
51,371,205,283
78,446,214,274
38,475,221,265
9,495,226,258
11,495,230,252
0,501,231,250
0,498,231,250
0,369,224,256
0,372,221,259
0,375,217,263
0,377,216,263
0,370,216,263
49,460,219,261
21,478,222,258
23,473,224,256
56,468,227,254
28,492,233,247
6,506,236,243
36,493,240,240
42,485,242,238
26,481,243,238
36,484,245,238
14,509,250,234
0,514,249,233
0,521,250,231
22,552,267,215
10,554,274,208
0,552,278,204
0,552,279,203
0,550,279,203
0,546,279,203
14,542,282,201
47,532,283,200
22,548,284,199
33,539,285,198
13,531,286,197
23,518,286,198
27,460,279,205
8,461,274,211
14,490,270,216
0,484,263,223
0,477,257,229
0,461,253,233
0,451,249,239
0,438,237,252
0,459,236,253
3,435,238,252
18,408,242,249
7,416,245,246
42,390,248,243
16,421,250,241
1,425,252,239
11,424,252,239
18,424,251,241
24,423,250,242
33,431,247,244
19,444,245,246
6,453,243,248
15,484,244,245
17,489,245,244
0,498,246,241
0,504,249,239
1,510,252,236
3,489,254,234
3,499,257,230
24,507,261,227
21,509,265,224
23,505,263,225
20,526,263,223
3,502,260,225
0,511,258,226
0,515,257,227
184,363,250,234
193,365,246,238
202,363,242,242
182,365,239,245
167,384,236,248
175,378,234,250
158,373,231,253
167,372,228,256
136,342,227,258
143,367,226,259
152,393,225,259
157,392,225,260
163,412,225,259
134,408,225,258
41,377,229,255
36,380,232,253
12,386,233,253
16,390,235,252
17,417,235,254
0,418,235,254
0,424,235,255
0,457,235,255
3,458,236,256
4,467,236,256
0,443,229,263
9,475,231,261
6,478,232,259
5,481,234,258
0,479,234,257
0,444,230,263
0,403,225,268
0,381,222,272
0,387,218,276
0,393,216,278
0,426,216,279
51,462,221,275
44,466,226,270
39,470,231,265
16,472,235,261
2,471,238,258
11,475,239,257
0,473,239,257
5,476,239,257
8,479,240,256
8,482,241,255
12,482,241,254
44,512,248,248
44,512,258,239
45,514,266,232
46,509,270,229
44,528,275,225
50,516,277,223
28,530,280,221
38,493,281,219
8,476,280,221
8,466,279,223
11,461,279,223
0,448,278,224
5,448,278,224
11,449,278,224
19,454,278,224
29,459,278,225
77,489,278,225
55,489,279,224
30,494,281,223
16,494,281,224
7,491,280,225
0,492,280,226
0,490,279,226
0,485,276,229
3,487,273,232
0,484,271,234
10,465,271,235
24,446,271,235
9,454,272,236
0,461,272,236
0,462,271,237
6,467,271,238
13,469,270,239
23,489,270,240
6,487,270,240
14,488,270,241
0,486,270,241
5,488,271,240
125,494,273,238
115,496,273,238
137,500,274,238
99,494,274,238
125,497,274,238
152,497,273,239
147,502,274,238
144,504,275,237
166,503,277,236
198,495,277,236
245,459,269,244
284,470,263,250
284,475,261,252
290,479,261,251
297,479,261,251
330,467,261,251
337,465,261,252
341,465,261,253
350,463,260,254
363,459,257,258
372,456,255,260
378,452,253,262
381,451,253,263
384,448,253,263
386,439,250,265
409,429,249,267
443,391,236,279
446,386,224,291
450,378,215,299
449,375,212,302
449,373,211,303
446,391,209,305
474,379,207,307
472,369,205,309
472,363,204,310
502,353,199,317
499,346,194,322
496,336,190,328
520,332,189,329
485,330,189,329
515,324,184,334
514,318,179,340
512,318,180,339
509,320,181,338
538,317,177,342
537,362,173,347
569,376,169,352
568,363,165,357
562,349,167,354
589,371,171,351
583,356,173,349
577,377,175,347
603,373,183,338
595,365,191,330
593,356,190,331
592,371,190,331
622,359,191,332
617,378,192,330
614,367,199,324
610,390,206,317
641,372,203,321
645,360,200,325
641,382,206,320
648,360,202,324
655,358,199,329
689,362,198,330
697,366,206,323
701,369,212,318
706,374,217,314
712,384,224,308
717,395,227,305
722,422,231,302
728,418,234,299
791,425,237,296
788,449,241,292
786,449,245,289
756,453,250,283
755,452,254,279
753,463,259,275
754,463,263,270
781,497,277,257
789,467,273,260
792,473,271,261
801,471,270,262
836,470,266,265
840,467,266,263
843,469,266,261
847,469,266,260
822,473,268,258
857,497,269,256
830,490,271,254
863,497,272,252
866,500,273,251
891,502,274,250
880,501,275,250
812,475,275,250
723,432,257,269
731,424,243,284
742,431,244,284
752,441,247,281
783,452,252,277
765,467,256,272
776,473,261,267
779,487,266,261
788,500,271,254
814,520,286,240
812,536,302,225
826,546,314,213
908,551,319,209
942,547,319,209
933,536,319,209
935,522,319,209
878,418,314,213
945,386,309,218
949,428,305,223
978,463,299,229
959,460,292,237
970,460,287,243
1003,468,283,246
1012,475,281,249
983,513,297,235
977,523,307,225
970,530,318,216
900,534,327,209
927,532,332,206
921,528,334,204
919,525,337,202
917,525,338,202
907,522,340,201
840,440,326,215
851,431,307,233
952,440,300,242
949,420,296,248
976,438,293,253
972,451,291,258
973,464,288,262
979,476,287,263
977,473,286,264
1009,482,284,265
1030,480,284,265
1019,476,284,265
961,515,287,263
944,525,292,258
936,525,292,258
922,519,292,258
908,515,292,257
898,513,292,257
887,511,293,257
871,504,293,257
664,268,290,260
669,276,289,262
641,277,274,277
649,277,262,291
656,281,253,302
663,272,242,313
706,313,246,310
709,322,241,315
714,325,235,322
698,364,240,317
742,368,235,323
776,372,229,330
782,385,226,332
787,368,223,336
785,420,236,322
790,439,246,310
789,457,256,299
823,471,266,288
826,478,275,279
827,488,284,270
846,501,301,255
805,502,310,247
808,486,308,249
777,480,306,251
814,481,305,252
839,510,311,247
773,508,317,241
776,502,322,238
712,465,318,242
721,468,313,246
797,465,306,253
829,465,302,257
858,466,303,257
854,466,304,257
884,486,317,245
902,522,330,233
901,528,341,223
924,534,348,216
915,538,353,211
944,492,339,224
978,444,330,233
973,428,322,241
1000,417,314,249
825,322,321,242
793,274,319,245
779,285,312,252
762,293,288,276
777,291,269,295
788,286,258,306
800,289,246,318
812,293,239,326
795,296,229,337
810,301,223,344
821,309,221,348
831,314,218,352
841,324,215,357
848,334,213,361
857,344,211,365
859,345,209,368
870,358,208,371
877,365,207,372
884,371,206,374
896,344,205,376
907,354,205,378
937,270,228,355
939,287,247,337
942,305,263,322
945,317,276,311
946,330,286,303
948,319,298,294
947,341,304,290
969,397,305,290
981,416,304,291
981,429,305,291
990,439,304,291
996,443,301,292
999,445,298,293
1002,446,295,295
1004,451,292,296
1012,451,291,296
1041,417,283,303
1045,431,279,307
1045,439,278,307
1049,418,276,309
1051,423,274,311
1047,377,272,313
990,230,277,308
975,225,280,304
990,228,284,300
971,224,287,297
983,225,292,291
972,253,294,289
984,220,296,285
993,253,297,284
987,280,299,283
1019,297,287,294
1010,291,285,296
731,331,290,291
728,335,294,286
741,343,297,282
742,344,300,279
758,376,300,277
754,370,302,276
774,373,302,274
772,375,303,273
772,376,304,273
773,402,304,273
777,395,305,272
783,395,305,272
789,421,306,271
794,411,307,270
802,433,308,269
806,423,310,268
816,420,312,267
826,448,318,261
832,438,319,261
810,444,316,263
791,415,313,266
805,426,311,268
816,437,310,270
826,447,308,271
836,455,307,272
838,435,308,272
845,444,306,274
855,454,305,274
862,460,306,273
868,464,307,272
873,472,308,272
836,423,296,283
866,436,297,282
858,444,296,283
854,443,297,282
880,450,299,280
872,452,300,278
866,450,300,277
862,448,298,280
862,446,297,281
861,446,296,282
919,472,302,276
908,466,304,274
931,482,308,269
920,471,309,268
911,470,309,268
931,467,311,267
921,462,310,267
887,462,306,271
889,465,305,272
922,465,303,273
921,467,304,273
922,468,303,273
953,467,304,273
906,500,312,265
897,497,321,257
821,430,308,270
820,431,296,283
847,430,286,294
843,425,279,300
843,421,274,306
843,415,271,310
843,412,267,314
855,395,251,330
879,401,255,327
873,402,256,326
871,405,258,325
872,407,259,323
876,408,262,320
880,411,263,319
883,413,264,318
884,413,265,318
889,417,266,317
893,419,267,316
896,422,268,316
895,425,269,315
896,423,271,313
898,433,273,311
906,434,274,310
909,439,277,307
911,438,279,305
915,442,280,303
920,441,282,301
922,444,285,299
903,426,286,297
917,437,287,296
925,417,289,295
955,424,292,294
952,430,294,293
928,442,295,291
934,421,297,290
911,440,299,287
952,420,301,286
951,433,302,286
948,442,303,285
945,451,305,284
920,458,305,283
926,460,305,281
928,461,307,279
931,461,308,277
934,463,308,276
936,466,309,275
940,472,310,272
943,479,312,270
947,483,313,267
956,462,312,268
961,446,312,270
961,481,312,268
968,455,311,271
971,466,311,271
978,445,310,274
976,457,311,274
979,432,309,277
980,448,309,278
980,467,310,278
977,477,313,274
977,491,321,265
973,503,329,257
967,513,337,248
965,522,344,240
960,523,349,233
958,531,355,227
959,533,358,222
962,535,361,220
1006,368,331,247
1009,329,304,273
1014,325,284,292
1014,327,281,295
1011,329,279,297
1014,328,275,300
1015,327,273,301
1014,327,272,303
1023,317,259,314
1030,310,247,325
1036,305,239,332
1040,300,231,338
1043,298,225,342
1047,298,220,345
1064,296,213,350
1059,297,210,351
1059,325,208,351
1063,314,204,352
1065,309,202,352
1068,325,199,354
1071,315,196,354
1071,309,194,354
1073,328,193,354
1076,318,191,353
1077,314,190,352
1081,313,189,350
1082,310,188,349
1085,310,187,347
1089,313,187,345
