297,64,138,264
292,61,135,267
287,64,134,268
283,65,132,271
277,71,132,271
268,75,132,272
255,75,130,274
244,81,129,276
238,87,129,276
229,93,129,277
222,98,129,277
218,99,129,277
214,102,128,280
210,99,127,281
206,96,127,282
223,90,126,284
219,90,125,285
217,87,126,287
213,72,128,284
213,79,130,283
219,87,130,286
226,91,130,288
234,93,129,291
242,94,129,293
249,78,130,293
256,107,131,292
263,104,131,294
300,106,130,295
339,111,125,302
376,113,120,306
407,109,119,307
298,78,127,299
299,79,133,291
301,79,137,285
301,94,140,282
303,112,141,281
310,122,142,280
319,122,142,281
323,119,141,285
328,117,139,288
327,113,136,294
328,105,133,299
329,101,131,302
330,95,131,302
327,93,132,304
324,92,132,305
322,92,132,305
318,93,133,305
313,94,134,305
311,97,134,306
312,98,134,306
309,94,134,307
306,96,134,309
304,98,134,310
305,98,134,312
305,102,135,313
305,102,135,315
304,106,137,315
306,105,137,317
307,108,139,317
307,104,140,317
307,103,141,317
308,103,144,316
310,101,144,317
310,97,145,318
313,98,145,321
315,95,142,325
310,116,145,323
306,110,148,320
306,106,149,320
301,125,154,314
302,115,153,316
299,135,155,315
299,130,156,314
302,124,156,314
303,124,157,315
307,121,157,316
306,118,158,317
306,116,159,318
307,110,159,321
307,104,159,324
308,98,159,327
309,89,160,330
307,82,160,332
305,105,161,333
303,100,163,333
302,92,164,334
300,85,164,337
299,78,165,340
298,76,164,345
297,73,162,351
297,73,162,355
297,75,161,359
299,77,161,363
297,80,164,363
273,76,165,363
276,75,167,365
278,77,167,368
278,75,168,370
254,68,169,370
263,65,170,371
271,68,170,375
272,68,171,378
270,75,172,379
269,76,173,380
267,73,176,379
266,74,176,381
268,72,177,382
269,75,179,382
243,69,179,383
251,66,180,385
254,65,181,386
256,61,182,388
261,55,182,391
266,48,181,395
269,42,181,399
275,38,182,401
210,34,183,401
220,35,183,402
197,61,185,397
210,43,186,395
218,57,186,394
224,70,187,393
229,75,186,394
232,85,187,392
232,72,187,393
233,66,187,394
261,95,200,380
261,65,199,382
265,72,196,386
269,74,195,388
272,77,194,389
303,72,193,389
297,71,193,389
292,72,194,387
287,75,195,386
283,73,195,385
280,74,195,384
282,75,195,385
280,75,194,385
283,73,194,385
286,73,194,384
316,67,195,383
310,66,197,381
304,70,197,381
301,72,197,380
301,77,197,381
302,73,196,381
302,74,196,380
303,73,195,381
302,77,195,381
303,80,195,381
331,68,196,380
431,80,195,380
426,83,194,380
315,79,194,380
317,78,193,381
318,79,192,381
320,79,191,382
322,75,192,381
322,76,190,382
322,78,190,382
324,78,190,382
324,81,190,382
321,78,189,382
317,77,190,381
314,80,190,380
311,83,188,381
309,79,188,383
307,76,187,385
307,73,186,386
306,76,186,386
303,75,185,387
300,74,186,387
298,75,185,389
297,74,185,389
296,73,184,390
293,73,184,391
291,69,183,393
290,70,183,394
292,68,182,396
288,66,183,396
285,66,183,396
281,70,185,394
242,83,187,391
206,76,189,389
238,91,191,387
237,91,191,387
233,93,192,387
197,91,204,375
194,113,215,364
200,95,210,369
235,104,208,372
238,99,202,378
242,94,200,382
271,92,198,384
267,91,199,383
295,90,199,385
288,88,200,384
315,92,199,386
304,93,202,384
299,88,201,386
295,90,199,389
292,82,198,392
352,100,200,387
342,102,201,385
366,101,202,382
360,111,203,379
360,106,204,378
373,106,210,371
370,101,209,371
367,101,207,371
390,103,206,371
410,102,206,370
361,112,212,363
363,107,211,365
348,121,220,356
241,101,217,359
242,87,210,368
248,82,203,375
258,82,199,380
264,82,194,384
270,87,192,386
278,86,190,387
289,81,190,385
292,96,193,380
301,84,194,378
311,78,192,378
321,71,189,381
331,72,184,387
312,47,179,393
323,57,178,394
306,60,176,396
314,64,177,394
297,59,177,394
311,57,176,395
317,49,176,396
295,60,175,398
306,60,174,398
313,46,174,399
315,56,175,399
287,78,179,394
300,73,179,392
309,54,179,393
376,67,180,396
367,74,182,395
363,76,185,392
358,76,185,392
351,73,186,391
344,71,187,390
339,68,188,389
333,67,187,390
327,67,189,387
324,67,189,386
319,63,189,385
314,58,187,387
308,59,186,387
305,54,184,390
302,53,183,390
301,50,183,390
300,51,182,389
300,53,181,390
298,53,183,388
298,54,182,387
297,53,182,386
298,56,181,388
298,57,180,387
297,61,180,387
295,65,180,387
294,64,181,386
298,63,180,386
300,76,181,385
306,76,182,382
308,80,183,380
310,80,185,378
312,81,185,377
313,87,187,375
316,69,187,375
319,79,187,377
349,62,188,377
344,77,190,376
367,77,189,377
361,79,190,377
359,80,190,378
382,74,189,381
377,71,190,381
407,56,191,381
399,65,190,384
422,75,189,386
410,71,187,389
431,70,186,391
420,76,185,394
443,72,181,398
433,69,179,403
424,88,180,402
444,80,179,404
432,74,179,405
428,49,178,407
431,54,176,411
432,58,174,413
421,77,175,412
444,67,174,414
434,62,173,415
422,80,175,411
419,58,173,414
410,78,176,410
189,42,178,407
187,42,182,404
177,44,186,400
169,40,188,398
167,35,187,402
161,28,187,405
127,39,187,407
128,37,188,408
129,35,188,410
127,35,190,410
127,33,190,412
99,36,190,415
105,35,188,419
109,35,189,420
112,34,191,420
83,33,191,419
93,28,189,421
96,26,190,420
99,28,190,421
100,24,188,423
101,25,189,422
102,26,188,423
102,27,188,422
105,30,189,421
109,28,188,422
109,31,188,423
109,29,190,420
111,31,192,418
110,34,193,415
111,34,195,412
113,36,195,410
115,40,195,409
119,38,196,407
121,40,197,406
124,40,197,404
128,34,197,403
129,38,197,404
131,39,196,403
133,42,196,402
136,39,197,401
136,39,196,402
139,35,195,403
139,32,194,403
140,35,193,402
143,35,193,402
145,33,193,401
146,33,192,402
144,37,191,402
146,35,191,401
149,32,189,403
152,32,190,402
155,31,189,403
158,31,188,403
160,30,188,403
162,28,189,401
164,26,187,404
165,25,186,406
170,22,186,406
167,18,187,405
166,16,188,404
169,15,187,407
172,15,186,407
174,17,185,408
176,17,185,407
179,17,184,409
181,19,184,408
181,0,185,408
179,0,185,407
179,2,185,409
176,4,186,407
174,6,186,406
170,7,187,405
167,7,187,405
165,11,186,406
164,18,187,405
164,0,186,405
197,5,185,407
199,14,186,405
231,0,187,405
227,9,187,405
225,12,189,402
231,45,190,400
232,55,192,399
239,62,194,397
235,36,195,397
201,40,199,393
200,35,202,392
198,33,202,395
196,37,201,397
163,37,203,396
167,32,204,396
170,32,204,398
170,35,204,399
171,32,203,400
171,32,203,401
164,32,204,401
161,31,205,401
159,31,208,398
161,37,206,402
163,40,207,401
165,39,207,401
164,40,206,401
165,41,207,401
162,43,209,399
155,46,211,398
149,47,212,397
141,44,213,397
132,47,215,396
125,46,217,396
113,51,219,394
100,51,221,391
90,50,220,393
82,49,220,394
72,49,222,393
56,45,224,392
24,45,220,396
23,41,218,400
23,33,217,402
24,31,215,406
24,28,213,408
0,35,209,411
4,31,207,413
8,32,206,414
16,40,204,415
16,42,205,413
20,47,207,411
0,46,204,412
5,38,204,412
12,37,203,412
16,34,203,411
17,33,205,410
17,31,205,411
0,32,201,414
3,31,199,415
11,29,198,416
16,31,199,416
20,28,200,414
22,32,202,413
23,27,203,412
22,32,205,410
25,32,205,411
28,30,205,410
5,35,204,412
15,33,202,413
24,33,203,411
27,33,204,410
32,31,203,412
34,32,204,411
35,32,205,411
35,31,206,412
38,30,206,412
42,27,206,413
47,31,207,413
48,32,211,410
48,37,216,406
50,37,217,406
49,40,220,405
49,42,222,405
47,38,221,406
50,45,221,406
50,42,224,403
49,38,226,402
48,40,226,403
49,43,225,405
50,44,225,405
48,46,224,406
45,50,224,406
43,48,222,408
47,42,224,406
49,39,224,407
51,38,224,409
53,37,224,409
52,35,226,410
56,39,225,413
58,43,225,414
60,50,226,414
61,58,226,415
99,83,241,400
100,101,256,385
95,113,269,373
93,99,273,369
55,54,260,382
54,54,253,391
54,50,246,399
57,17,241,405
60,26,236,411
67,61,234,413
41,54,232,415
44,18,228,422
46,18,225,426
44,22,223,429
43,25,221,432
42,23,220,435
38,25,222,433
34,18,226,429
33,36,227,429
29,31,228,427
31,48,228,428
31,36,228,427
33,33,227,429
68,28,227,430
71,51,224,432
107,41,224,432
109,35,225,431
112,33,223,433
116,33,223,432
124,36,222,432
128,44,223,431
125,45,223,430
119,49,224,429
112,50,225,428
101,47,226,428
90,47,226,426
92,42,226,426
95,47,224,427
99,44,227,424
107,49,226,425
113,50,225,425
123,45,227,423
162,43,227,423
161,41,226,424
158,38,226,422
160,39,225,423
164,41,223,425
168,38,220,427
170,38,219,428
169,36,219,429
170,40,220,427
173,39,218,428
177,36,218,427
179,34,218,426
182,33,219,425
188,27,218,426
190,32,217,426
194,40,218,423
205,41,217,423
210,50,217,421
220,48,217,421
227,40,217,419
228,42,216,421
231,41,215,421
234,42,214,421
238,46,217,419
241,47,217,418
242,46,219,416
241,38,220,416
240,40,223,413
239,41,224,412
237,40,225,412
232,42,224,415
224,46,228,412
219,45,231,411
219,41,231,411
221,45,231,412
217,43,233,410
213,39,231,412
215,43,230,412
211,42,231,410
206,41,231,411
207,42,231,411
207,42,232,410
209,43,233,408
206,40,234,408
206,37,234,409
206,42,236,406
208,41,235,406
208,39,235,406
205,43,234,405
204,45,235,402
206,44,234,401
207,43,233,401
204,44,232,400
203,46,230,400
202,44,231,397
198,45,230,396
199,48,231,394
199,49,230,392
200,54,230,389
199,56,229,388
199,54,228,387
204,54,228,386
207,53,224,389
208,54,224,387
213,57,224,386
215,57,223,385
217,56,221,385
220,62,220,385
228,60,219,384
233,65,217,385
237,63,216,384
245,68,213,385
249,69,212,383
254,73,210,382
257,69,210,379
262,68,209,377
267,71,206,377
266,70,204,377
267,70,202,376
263,75,202,374
263,77,201,372
265,79,201,369
267,80,200,368
266,83,199,366
266,89,198,363
264,91,200,360
263,94,200,358
270,91,198,358
272,93,197,355
270,99,199,350
269,99,198,349
265,103,197,348
268,99,196,347
271,97,195,347
272,97,193,347
275,101,192,347
268,104,191,347
272,98,188,349
268,103,186,349
271,102,185,349
268,103,185,348
267,104,183,348
269,106,183,347
270,107,184,345
272,112,185,342
270,110,184,342
269,107,185,340
267,109,183,341
269,108,181,343
269,112,181,343
266,108,182,341
267,105,181,340
269,105,179,342
271,105,178,343
270,105,177,344
270,104,178,342
271,102,178,342
272,101,177,343
273,104,174,345
277,105,174,344
278,107,173,344
276,107,173,344
277,110,172,344
279,106,170,345
278,107,169,345
278,110,169,344
276,110,170,341
277,111,169,341
275,112,170,339
276,114,169,338
277,113,168,337
276,110,168,337
275,113,168,335
273,112,167,334
273,113,166,335
272,112,166,335
274,113,165,335
275,113,165,335
275,112,164,336
274,111,164,335
273,115,163,336
274,111,163,336
273,112,163,336
272,106,163,334
271,107,164,334
269,110,164,333
270,113,163,333
269,112,162,335
270,112,162,336
268,115,163,334
266,115,163,332
268,114,164,331
269,117,163,331
269,118,162,331
270,118,162,330
271,118,162,329
270,121,162,327
269,123,162,326
270,124,161,326
268,125,162,324
267,126,162,322
266,127,163,320
264,129,164,318
263,128,164,316
261,132,163,315
258,127,161,316
259,127,160,316
256,129,158,318
255,125,156,319
255,127,155,320
253,126,154,319
254,129,153,321
253,128,152,320
253,128,151,320
256,130,149,322
251,123,147,323
254,123,145,324
257,124,144,325
258,121,143,327
255,124,143,326
258,121,143,327
256,120,144,327
256,117,144,328
257,118,144,328
257,115,145,329
256,111,146,329
255,115,145,333
253,117,146,331
253,114,146,332
251,113,147,330
251,119,148,329
249,116,149,329
245,115,151,326
242,113,152,325
239,111,151,324
239,105,151,324
242,104,152,323
244,104,152,322
247,99,151,323
246,95,151,323
245,92,151,322
246,90,152,322
244,87,154,320
243,90,155,318
244,93,155,318
244,88,156,316
245,90,155,317
248,92,154,318
249,89,153,318
251,87,154,316
250,90,155,315
248,91,155,314
250,91,155,314
249,94,153,316
250,90,152,317
251,91,151,317
251,92,150,318
251,93,151,315
249,92,151,314
248,99,151,312
246,99,151,310
244,101,151,307
241,100,150,306
239,108,149,306
236,109,148,306
231,117,147,306
229,116,148,304
225,117,148,303
222,116,147,303
221,114,146,304
226,113,143,307
227,112,142,308
229,111,141,310
231,108,140,311
236,105,140,312
238,117,140,313
265,108,138,314
266,107,136,316
241,126,138,315
270,118,138,315
245,120,139,315
247,121,140,315
251,121,141,316
255,121,141,317
259,121,141,318
263,119,141,320
267,130,144,318
273,122,144,320
278,116,144,322
278,128,145,322
283,119,146,323
288,113,146,324
290,111,146,324
274,104,142,330
288,113,136,337
295,116,133,342
278,108,132,344
282,91,136,339
284,98,139,337
291,96,136,342
268,88,135,343
271,79,134,344
279,96,133,345
281,88,133,346
260,105,135,345
268,109,136,343
270,94,138,341
275,103,139,343
275,88,139,343
277,96,141,342
280,101,141,343
284,103,142,343
289,101,141,345
287,104,142,345
288,103,144,344
291,105,145,343
288,103,146,342
286,100,146,342
284,104,148,340
283,102,148,339
280,104,149,337
277,105,150,336
276,108,151,333
275,107,152,332
273,109,153,331
271,112,155,328
268,109,157,326
264,111,156,327
259,114,157,325
257,115,158,323
253,121,160,319
250,121,161,317
251,120,161,317
249,119,161,315
245,122,161,314
246,116,163,312
248,117,162,313
249,112,162,312
246,114,161,313
243,119,159,314
241,116,158,314
240,118,158,314
240,114,155,317
245,118,154,318
246,115,153,319
247,114,152,320
252,118,152,319
251,122,151,320
257,123,152,318
265,122,151,318
272,123,151,318
276,123,152,316
283,125,152,315
290,128,151,314
296,127,151,314
303,126,151,315
309,127,150,316
312,127,151,314
316,130,150,315
314,130,150,315
321,131,149,316
324,127,149,316
328,130,151,314
336,128,151,315
338,124,151,314
334,125,151,315
334,125,151,314
334,124,151,314
332,122,151,313
329,122,151,313
328,120,152,312
327,121,152,311
327,121,152,310
325,122,151,311
321,117,149,311
318,115,149,311
313,118,147,313
307,121,146,312
301,123,146,312
299,126,147,311
293,131,147,310
291,128,147,309
286,128,148,308
283,126,149,307
282,132,149,307
280,131,149,307
279,128,149,307
276,128,149,307
275,125,149,307
272,122,148,308
270,123,146,311
267,117,146,311
265,117,146,312
265,117,144,316
265,117,143,318
263,118,143,318
263,112,145,316
264,108,144,317
265,105,142,320
268,105,141,321
272,109,138,322
274,113,140,319
272,115,141,316
271,121,140,316
276,121,139,317
277,125,138,317
278,128,138,316
280,128,137,315
279,127,135,316
283,127,134,317
284,125,133,317
282,129,133,317
283,131,133,315
283,133,134,313
284,135,133,312
286,134,131,312
286,134,131,310
287,133,131,307
287,141,132,305
286,139,131,304
289,136,132,303
289,135,132,301
290,142,132,299
291,138,133,297
291,138,133,295
292,141,134,292
293,140,134,290
293,144,133,289
294,144,134,286
294,146,133,286
296,148,134,283
297,151,134,281
298,151,133,282
297,154,133,281
298,152,133,280
298,155,134,279
301,154,133,280
303,154,134,279
304,155,134,278
304,159,134,277
304,163,134,277
306,163,133,278
306,166,134,276
308,166,134,276
312,166,132,278
311,165,133,275
312,167,134,274
312,165,133,274
315,168,134,272
318,166,134,272
320,167,134,272
322,168,134,271
322,170,134,271
324,170,134,270
323,171,135,269
323,172,135,268
324,170,136,267
322,173,137,266
322,171,137,266
321,173,137,266
319,172,137,267
318,173,138,266
318,170,138,266
317,170,138,265
317,169,138,265
318,169,139,265
317,173,138,266
313,172,138,266
311,171,138,267
310,172,138,267
307,173,138,267
306,175,137,268
304,174,139,266
303,172,139,266
303,173,139,266
302,175,138,267
300,173,138,267
297,176,137,268
298,175,136,269
294,173,136,269
293,175,137,267
294,174,137,266
292,172,135,268
292,174,136,268
293,173,136,267
292,173,135,268
293,170,135,268
293,178,134,268
292,175,134,268
292,175,133,267
292,174,133,267
292,174,133,267
294,173,133,266
295,173,132,268
293,175,132,268
295,170,131,270
299,172,131,270
297,178,131,270
297,174,132,269
299,173,132,269
302,171,131,271
303,168,130,273
305,166,130,272
306,166,130,272
305,170,130,272
306,175,132,270
307,176,133,269
303,182,134,267
299,180,135,265
291,181,137,262
288,184,136,263
284,185,135,263
283,177,135,264
282,178,135,263
275,178,134,265
269,176,133,266
267,176,133,266
268,174,133,267
266,173,132,268
261,173,131,270
255,169,130,272
255,167,131,272
256,166,131,272
257,168,130,273
255,168,131,273
253,168,131,273
256,170,130,275
262,167,130,275
261,165,131,274
261,162,130,276
262,164,130,276
261,163,130,276
262,160,131,276
262,158,130,277
264,153,130,277
265,153,129,280
265,152,128,280
263,153,128,280
258,156,129,279
255,157,130,279
252,157,131,278
251,160,130,279
250,158,129,281
253,156,129,281
258,152,130,281
257,156,129,282
252,155,131,281
248,161,133,279
243,165,135,276
241,167,133,278
239,165,133,278
239,168,133,279
238,168,134,278
236,167,134,278
239,166,134,278
236,165,135,276
235,169,136,276
236,169,136,276
237,171,137,276
236,169,137,276
237,166,137,277
238,165,137,277
243,165,135,280
247,161,135,280
249,160,132,284
246,160,132,284
241,159,132,284
236,165,133,285
230,165,133,283
224,171,135,281
197,173,137,277
195,178,140,274
195,179,140,274
196,185,140,273
219,183,140,273
223,180,140,273
251,181,140,273
252,182,141,272
258,179,139,274
263,176,137,276
266,179,137,277
270,180,137,275
273,180,138,274
276,184,138,273
281,184,138,272
283,191,141,267
282,194,144,262
284,197,144,261
285,202,144,259
286,205,145,256
286,211,147,253
289,217,148,250
291,220,149,247
293,221,149,245
293,223,150,243
293,224,149,242
291,227,149,241
293,230,150,239
292,231,149,238
290,234,149,236
305,235,154,230
294,244,159,224
291,243,163,219
291,241,164,217
289,247,167,213
289,246,167,212
287,251,168,211
289,249,169,209
284,254,168,209
284,249,164,213
284,246,160,215
282,243,157,218
279,237,153,221
279,232,150,223
278,227,148,225
277,223,144,228
280,218,142,231
280,212,139,235
279,203,136,239
273,193,133,244
272,185,130,248
266,174,129,250
259,157,128,253
256,146,127,253
253,136,127,254
252,126,125,257
255,117,124,259
256,113,123,261
256,109,123,262
252,106,124,263
250,100,123,264
249,102,123,265
248,104,123,265
245,106,122,266
244,106,122,267
243,109,121,268
239,116,121,268
235,115,121,269
238,123,121,268
236,130,122,268
239,136,123,267
239,136,123,267
239,133,121,268
239,135,123,265
240,132,123,265
240,137,123,264
242,135,124,263
243,133,124,262
243,135,125,260
243,135,127,257
245,133,127,257
247,131,126,258
249,135,127,256
256,138,127,255
259,144,127,255
263,148,127,255
266,153,127,254
266,145,127,253
266,128,126,255
263,112,125,256
262,97,125,255
259,82,124,256
239,76,125,254
223,78,124,256
232,92,122,258
248,118,122,257
260,130,120,259
256,138,122,257
245,135,123,255
222,124,125,251
203,115,126,248
195,107,126,249
195,114,125,249
204,125,125,249
217,136,123,250
230,144,122,251
233,143,121,250
229,137,119,251
221,125,120,249
217,123,118,250
217,124,118,249
222,126,118,248
232,122,117,248
227,113,116,247
221,114,115,248
221,118,113,249
220,125,112,251
226,131,111,252
232,138,110,252
240,145,109,254
248,146,105,259
251,129,101,262
253,110,99,265
233,96,101,263
235,93,100,264
237,89,100,265
241,89,100,265
265,89,100,265
268,89,100,266
270,89,100,266
271,89,99,266
272,91,100,266
270,69,100,266
248,30,103,262
248,40,106,258
247,33,109,255
249,41,110,253
252,48,111,252
258,68,110,254
263,92,108,257
268,93,105,261
271,94,103,265
276,95,101,269
258,99,99,271
263,105,98,274
264,114,100,273
240,175,100,273
242,182,100,272
241,170,99,271
243,174,100,268
247,173,100,265
252,173,101,262
252,167,104,256
251,168,107,251
249,167,108,247
246,167,110,245
248,169,109,245
250,166,108,246
268,168,105,249
251,153,104,250
254,173,104,250
259,177,104,250
281,181,105,250
304,193,102,253
311,187,101,255
319,183,99,257
346,176,97,260
501,173,96,262
518,172,98,262
518,166,97,264
518,163,96,266
514,177,98,265
512,168,98,266
511,163,98,268
509,174,99,268
508,163,99,271
527,155,97,274
523,153,95,277
521,149,95,279
519,163,95,279
518,157,94,280
515,157,94,280
510,157,95,281
506,160,97,280
503,177,100,277
501,173,102,276
499,168,102,276
499,178,104,275
497,171,104,276
496,184,106,275
493,173,106,275
511,164,105,278
507,177,105,279
502,170,104,281
502,163,101,284
500,169,100,285
519,175,99,287
516,179,97,289
513,168,97,289
530,175,97,289
455,171,102,284
451,168,106,279
433,163,110,276
432,157,112,275
431,157,113,275
431,155,111,279
431,155,112,278
431,155,113,277
479,184,116,276
479,184,118,275
498,173,117,276
495,179,117,277
492,163,117,278
488,172,118,278
510,157,114,283
505,162,114,285
523,146,111,289
494,150,112,289
490,139,113,289
485,152,113,289
360,139,112,292
380,148,110,294
378,159,110,295
274,178,116,284
269,181,121,276
268,194,124,269
266,196,127,263
267,200,129,258
271,211,130,255
291,211,132,251
290,207,132,250
288,219,134,248
283,226,139,241
283,221,138,241
265,230,138,240
267,226,138,240
271,235,138,239
289,224,140,237
281,232,144,233
276,240,149,228
273,230,150,227
276,221,148,229
273,232,148,228
274,240,150,227
274,244,152,224
277,231,152,223
275,241,153,222
275,230,151,224
273,237,152,223
274,229,151,224
274,238,152,223
276,231,151,224
277,241,152,223
276,245,153,222
278,234,152,223
281,241,151,224
286,232,149,225
287,225,148,226
289,235,146,228
288,235,145,229
290,233,143,230
290,232,142,231
293,227,141,231
292,239,141,231
291,233,141,231
291,233,140,231
289,246,140,231
271,241,140,231
291,232,142,228
289,227,142,228
290,227,142,228
270,242,141,228
273,231,141,228
273,227,141,228
274,227,141,228
257,244,140,228
261,230,139,228
263,227,139,229
264,235,138,229
246,233,137,230
250,229,136,230
252,236,135,231
232,233,134,231
236,224,133,232
222,185,127,240
251,181,123,245
322,199,122,247
347,187,122,247
374,183,121,248
400,195,121,248
424,190,122,247
447,205,122,247
448,195,122,247
445,189,122,247
402,182,122,247
404,174,122,247
406,176,122,249
407,173,121,250
410,166,117,256
416,182,116,256
421,172,115,258
440,170,116,259
445,165,116,260
465,163,116,261
471,158,115,263
493,178,116,262
493,172,117,262
495,169,117,263
518,171,114,267
522,169,114,267
523,152,112,270
526,158,110,273
547,176,108,275
545,153,105,279
544,153,104,280
542,151,103,281
539,149,103,281
535,148,103,282
531,166,104,281
529,160,104,280
360,210,110,271
357,209,115,263
357,210,117,259
355,213,119,256
349,215,120,253
345,217,121,251
325,231,122,249
326,222,122,248
326,231,122,247
324,236,124,244
367,226,127,241
365,219,127,241
363,226,127,240
340,229,128,239
362,225,130,237
379,227,132,235
374,234,134,233
370,237,136,231
365,238,141,226
364,239,143,224
361,242,146,221
358,242,147,220
402,225,145,222
419,215,143,225
416,220,141,227
413,221,140,229
413,226,139,230
432,216,138,231
427,221,136,233
422,212,136,233
418,220,135,234
415,228,134,235
412,216,134,236
410,222,134,236
411,225,133,236
409,215,133,237
408,221,133,237
407,214,132,238
407,219,132,238
404,213,132,238
402,219,132,238
421,212,132,239
396,219,131,239
393,215,131,239
391,222,131,239
387,219,131,239
332,232,133,237
330,225,134,236
327,233,138,232
322,229,139,231
320,225,139,231
318,236,140,230
313,230,141,229
309,224,140,229
308,237,142,228
302,234,144,226
345,223,142,227
298,236,145,224
296,232,146,223
297,236,147,222
319,228,146,223
318,223,145,224
297,237,147,222
316,229,146,223
315,225,146,224
315,224,145,225
316,223,145,225
315,223,144,226
292,221,144,226
295,234,146,224
298,224,146,225
300,223,145,225
278,215,145,226
279,215,145,226
280,214,144,227
280,213,144,228
279,212,143,228
257,209,143,229
257,209,142,229
255,210,141,230
254,208,140,231
252,207,140,232
252,213,138,233
233,210,137,234
233,204,135,236
232,206,134,238
232,210,133,238
215,225,132,238
218,220,131,238
218,227,131,237
216,220,132,236
197,216,131,237
200,213,131,237
202,223,131,236
201,215,131,236
185,228,132,235
186,219,132,235
120,221,130,236
97,215,129,237
95,212,128,238
73,212,127,237
73,210,126,238
75,220,125,238
97,214,125,238
98,206,124,238
93,199,124,239
89,207,123,239
85,210,123,239
62,202,121,240
38,200,120,241
40,212,118,242
37,200,117,243
18,208,115,245
16,199,115,245
0,192,113,246
3,207,113,246
11,221,113,245
19,232,114,244
21,226,114,242
7,239,115,242
10,234,115,242
14,229,115,241
20,221,115,241
24,216,115,241
27,232,115,241
30,225,115,241
31,220,115,241
29,217,115,241
29,213,115,241
31,228,115,241
32,221,115,241
32,219,115,241
32,217,115,241
33,217,115,241
32,214,114,241
30,210,114,241
32,226,114,241
34,220,114,241
32,217,114,241
31,214,114,241
33,227,114,241
34,224,114,241
36,221,114,241
35,216,114,241
34,211,114,241
33,210,114,241
31,208,114,241
30,207,114,241
30,207,114,241
29,205,114,241
27,205,114,241
27,206,114,241
27,204,114,241
26,204,114,241
26,203,114,241
26,203,114,241
25,203,114,241
26,203,114,241
25,204,114,241
26,204,114,241
25,204,114,242
26,204,114,242
26,202,114,242
25,201,114,242
26,199,114,242
26,200,114,242
27,201,114,242
27,199,114,242
26,198,114,242
28,197,114,242
28,197,114,242
27,196,114,242
27,197,114,242
28,196,114,242
27,195,114,242
29,196,114,242
27,197,114,242
28,198,114,242
27,199,114,242
27,198,114,242
25,197,114,242
26,197,114,242
27,197,114,242
27,197,114,242
29,197,114,242
29,198,114,242
28,198,114,242
28,195,114,242
27,192,114,242
27,187,114,242
28,186,114,242
27,184,114,242
26,182,114,242
25,180,114,242
24,175,114,242
24,175,114,242
23,173,114,242
23,170,114,242
21,167,114,242
21,163,114,242
21,160,114,242
22,163,114,242
22,160,114,242
20,159,114,242
19,157,114,242
18,158,114,242
17,160,114,242
16,161,114,242
15,158,114,242
16,161,114,242
15,157,114,242
16,159,114,242
16,157,114,242
15,156,114,242
15,157,114,242
15,157,114,242
14,157,114,242
15,158,114,242
15,158,114,242
16,156,114,242
17,157,114,242
17,155,114,242
19,157,114,242
18,156,114,242
18,156,114,242
19,155,114,242
20,153,114,242
21,152,114,242
20,150,114,242
20,153,114,242
20,152,114,242
20,151,114,242
20,149,114,242
20,150,114,242
20,148,114,242
21,148,114,242
21,148,114,242
21,145,114,242
21,148,114,242
22,146,114,242
23,149,114,242
22,147,114,242
20,146,114,242
21,148,114,242
20,146,114,242
21,146,114,242
20,148,114,242
20,147,114,242
20,147,114,242
20,147,114,242
19,148,114,242
19,148,114,242
20,150,114,242
20,146,114,242
19,149,114,242
19,145,114,242
19,146,114,242
18,142,114,242
19,143,114,242
20,144,114,242
20,147,114,242
21,145,114,242
21,143,114,242
22,142,114,242
23,143,114,242
24,141,114,242
26,139,114,242
27,142,114,242
26,144,114,242
26,142,114,242
26,144,114,242
26,140,114,242
27,142,114,242
28,141,114,242
28,142,114,242
29,142,114,242
28,139,114,242
30,139,114,242
32,144,114,242
32,147,114,242
32,148,114,242
32,149,114,242
30,150,114,242
28,149,114,242
27,148,114,242
27,149,114,242
26,148,114,242
26,148,114,242
26,148,114,242
26,148,114,242
26,148,114,242
27,148,114,242
27,150,114,242
26,149,114,242
26,147,114,242
26,146,114,242
27,147,114,242
27,147,114,242
25,146,114,242
25,147,114,242
25,146,114,242
26,143,114,242
26,144,114,242
25,145,114,242
25,144,114,242
25,144,114,242
24,140,114,242
25,140,114,242
24,137,114,242
24,136,114,242
24,138,114,242
23,139,114,242
23,137,114,242
23,136,114,242
22,136,114,242
21,137,114,242
21,137,114,242
20,134,114,242
21,133,114,242
21,134,114,242
22,133,114,242
21,132,114,242
22,136,114,242
21,135,114,242
21,133,114,242
20,131,114,242
21,134,114,242
22,133,114,242
21,135,114,242
22,135,114,242
22,135,114,242
21,135,114,242
21,134,114,242
20,135,114,242
20,133,114,242
19,134,114,242
18,134,114,242
18,132,114,242
19,131,114,242
19,134,114,242
18,134,114,242
18,132,114,242
18,130,114,242
19,130,114,242
19,129,114,242
18,128,114,242
18,128,114,242
18,129,113,242
18,128,113,242
18,131,113,242
18,134,113,242
18,135,113,242
17,134,113,242
16,133,113,242
15,132,113,242
17,134,113,242
17,133,113,242
18,131,113,242
18,134,113,242
18,131,113,242
18,132,113,242
20,134,113,242
19,135,113,242
19,135,113,242
19,137,113,242
19,137,113,243
20,135,113,243
20,136,113,243
20,135,113,243
20,136,113,243
20,135,113,243
21,137,113,243
20,133,113,243
19,134,113,243
20,138,113,243
21,144,113,243
21,146,113,243
22,141,113,243
21,140,113,243
20,136,113,243
21,140,113,243
21,143,113,243
21,141,113,243
20,138,113,243
22,140,113,243
21,138,113,243
22,140,113,243
22,139,113,243
22,138,113,243
21,138,113,243
22,138,113,243
22,139,113,243
21,140,113,243
22,140,113,243
21,140,113,243
22,145,113,243
22,144,113,243
22,143,113,243
22,142,113,243
21,143,113,243
23,145,113,243
23,145,113,243
23,144,113,243
23,144,113,243
23,144,113,243
23,144,113,243
23,143,113,243
23,142,113,243
23,142,113,243
23,143,113,243
25,141,113,243
25,143,113,243
26,146,113,243
25,144,113,243
24,140,113,243
24,143,113,243
23,143,113,243
25,146,113,243
25,144,113,243
25,143,113,243
25,144,113,243
26,143,113,243
26,143,113,243
26,142,113,243
26,142,113,243
24,142,113,243
24,139,113,243
24,138,113,243
23,137,113,243
24,139,113,243
24,141,113,243
23,141,113,243
24,143,113,243
24,144,113,243
24,146,113,243
23,149,113,243
21,144,113,243
22,145,113,243
22,147,113,243
22,147,113,243
21,146,113,243
21,145,113,243
20,144,113,243
19,148,113,243
18,148,113,243
17,148,113,243
16,149,113,243
16,148,113,243
16,148,113,243
16,149,113,243
15,148,113,243
16,150,113,243
17,149,113,243
16,146,113,243
15,143,113,243
15,145,113,243
16,147,113,243
18,147,113,243
18,146,113,243
17,150,113,243
16,151,113,243
16,154,113,243
16,151,113,243
15,154,113,243
16,154,113,243
17,158,113,243
17,158,113,243
18,157,113,243
19,156,113,243
18,156,113,243
18,156,113,243
19,151,113,243
16,153,113,243
16,156,113,243
17,156,113,243
18,157,113,243
19,159,113,243
18,156,113,243
18,156,113,243
19,157,113,243
20,157,113,243
19,157,113,243
20,159,113,243
20,159,113,243
19,158,113,243
20,156,113,243
20,155,113,243
19,158,113,243
19,157,113,243
20,156,113,243
19,153,113,243
20,152,113,243
18,151,113,243
18,155,113,243
17,158,113,243
19,158,113,243
19,156,113,243
19,157,113,243
19,156,113,243
19,155,113,243
19,156,113,243
18,153,113,243
18,156,113,243
17,152,113,243
17,152,113,243
16,150,113,243
16,152,113,243
17,154,113,243
17,149,113,243
16,150,113,243
17,150,113,243
17,151,113,243
16,150,113,243
17,148,113,243
18,149,113,243
18,150,113,243
17,148,113,243
18,150,113,243
17,147,113,243
17,149,113,243
17,147,113,243
18,148,113,243
17,145,113,243
16,145,113,243
15,146,113,243
14,145,113,243
15,149,113,243
14,145,113,243
14,145,113,243
13,145,113,243
13,146,113,243
12,150,113,243
13,150,113,243
196,216,114,241
195,223,116,238
178,221,116,237
176,224,117,235
159,219,117,235
157,222,116,235
139,221,116,235
137,220,116,234
119,219,116,233
115,219,116,232
99,220,115,234
95,220,115,233
79,221,113,234
75,220,113,234
56,218,112,234
39,215,110,236
34,213,109,236
16,214,107,238
11,212,107,238
0,209,100,246
2,202,96,250
3,198,97,249
7,210,95,251
14,226,96,250
20,219,96,250
26,232,97,249
29,225,97,249
30,218,97,249
29,210,97,249
30,206,97,249
28,202,97,249
30,200,97,249
30,200,97,249
32,200,97,249
32,201,97,249
15,238,99,247
0,186,95,251
8,157,93,256
18,151,90,262
26,153,94,260
51,157,98,258
92,159,102,256
112,161,105,256
134,163,107,257
154,165,108,258
176,180,109,260
199,193,112,258
224,201,114,255
251,205,116,253
279,208,118,251
306,211,120,249
334,198,120,249
337,201,120,249
241,195,122,248
239,193,122,249
260,193,123,249
283,189,122,252
287,202,122,252
310,193,123,253
310,203,125,250
332,194,125,251
332,207,126,250
353,198,126,250
353,197,126,250
375,201,127,250
375,192,127,251
377,193,127,251
400,186,127,252
420,178,127,253
418,174,127,254
415,175,128,255
432,171,129,255
428,174,129,256
427,178,130,256
428,180,130,256
429,183,131,255
435,184,131,255
440,180,131,255
446,177,131,257
451,173,130,257
471,172,129,260
475,168,128,262
477,165,127,264
498,164,125,267
497,166,125,269
496,168,125,270
493,171,124,271
515,173,124,272
511,175,123,272
507,177,123,273
503,178,123,273
467,192,123,273
455,183,123,273
427,179,123,273
331,171,124,272
336,170,125,272
341,166,126,271
349,176,126,271
356,168,126,271
360,168,127,271
362,166,127,270
389,181,128,270
390,175,129,269
392,167,129,269
393,180,129,268
396,172,130,268
421,182,130,268
420,173,130,269
424,181,131,268
423,170,131,269
423,179,132,268
421,169,132,269
422,178,134,268
420,168,133,269
416,161,133,270
421,176,134,269
422,167,134,270
426,180,135,270
426,173,134,271
423,169,134,271
449,198,136,270
448,188,136,269
449,194,136,269
450,201,137,268
447,191,137,268
450,197,138,267
448,186,138,267
446,179,138,268
440,176,137,269
458,187,138,269
448,180,137,269
466,188,137,269
438,183,138,269
456,197,139,268
450,187,139,268
443,181,139,268
439,197,140,268
433,190,140,268
426,185,140,269
444,193,140,269
435,185,140,269
428,182,139,270
444,177,139,270
437,187,139,270
429,182,139,271
423,193,139,271
444,202,140,270
436,190,141,269
427,184,141,270
442,194,142,270
433,186,142,270
423,183,142,270
435,179,142,271
426,180,141,272
440,191,141,272
429,186,141,271
419,177,140,272
283,209,148,263
286,216,153,258
285,210,155,255
285,218,159,251
286,209,159,252
289,207,158,253
291,203,157,254
290,200,157,254
264,198,157,254
265,206,158,254
240,201,157,254
217,197,157,255
246,206,157,255
224,200,157,255
228,197,156,256
236,206,157,254
246,209,159,253
221,201,158,254
250,207,161,251
207,202,159,252
207,202,159,253
237,210,161,251
193,206,160,252
195,207,159,252
196,204,158,253
201,214,160,251
227,208,161,250
225,210,164,246
226,213,166,244
225,209,167,243
252,217,169,241
251,209,170,240
248,218,171,239
247,210,171,239
249,208,172,238
247,211,172,238
247,220,173,238
270,209,171,239
290,202,170,240
285,203,169,242
278,203,168,243
275,198,167,244
273,201,165,245
270,201,165,246
266,200,164,246
262,198,164,247
258,197,163,248
256,199,163,248
254,199,162,249
250,209,162,250
246,208,161,250
247,204,160,252
252,197,157,254
284,200,155,256
291,192,153,259
297,182,150,262
302,180,148,265
304,180,146,267
334,171,142,273
340,183,141,274
369,177,141,275
349,176,139,277
378,186,139,277
381,173,138,279
385,163,136,282
386,161,135,283
412,157,135,286
411,154,134,287
437,169,135,287
438,176,135,287
436,167,135,288
437,177,135,288
437,180,135,287
439,183,135,287
439,176,135,288
440,183,135,288
438,172,135,288
439,179,135,288
440,184,135,289
441,171,135,290
442,177,135,289
440,169,136,290
408,159,137,289
432,168,138,288
398,159,139,287
419,171,142,285
414,164,144,283
434,181,146,282
425,173,149,280
419,180,150,279
434,177,152,278
425,172,153,278
422,184,154,277
438,177,155,276
429,173,156,275
421,175,157,275
435,188,163,270
427,183,163,270
421,180,163,270
437,195,167,266
424,189,170,264
417,186,168,265
429,200,171,263
421,191,171,263
414,185,170,264
433,200,169,265
424,190,168,267
415,188,168,268
431,186,167,269
422,185,165,271
413,184,165,272
431,182,164,273
421,180,163,275
416,179,162,276
433,178,161,276
424,179,161,277
419,175,160,278
438,191,161,277
426,186,161,277
418,183,161,277
414,181,160,277
430,181,161,277
423,177,160,278
442,192,161,277
432,186,160,276
449,181,160,277
446,193,161,276
439,185,161,275
454,177,160,276
445,173,160,276
440,189,160,275
432,179,160,275
449,174,160,275
416,168,160,275
435,165,160,276
426,163,160,276
419,161,159,276
413,159,159,277
406,152,158,277
398,151,158,278
390,149,158,278
358,168,158,279
351,181,157,279
376,166,157,279
372,158,157,279
393,153,157,280
388,168,156,280
387,157,156,281
382,151,156,281
379,164,156,281
376,158,155,282
372,152,155,282
369,164,155,282
367,157,155,283
364,153,154,283
385,149,154,284
380,161,154,284
376,159,154,284
373,169,154,284
369,158,154,284
363,154,154,284
359,168,154,284
358,162,154,285
355,177,154,284
327,178,154,285
325,171,154,284
325,178,153,285
326,184,153,285
324,172,153,285
324,182,153,285
293,171,153,285
321,180,152,285
291,182,152,285
318,173,152,285
287,183,152,284
313,171,152,284
281,183,152,284
279,176,152,284
276,185,152,283
272,179,152,283
271,187,152,282
271,180,152,282
246,189,152,281
271,179,151,281
271,175,151,282
267,190,150,281
266,183,150,281
289,187,149,281
287,178,149,281
283,189,148,280
279,175,148,279
275,185,146,280
297,191,146,279
267,182,146,279
264,171,146,279
288,185,145,279
287,187,145,278
284,178,145,279
257,190,144,279
282,174,144,279
283,171,144,279
283,166,144,279
282,179,144,279
280,173,145,279
255,167,143,280
258,160,143,280
257,174,144,279
257,167,143,279
234,177,142,281
235,168,141,281
235,159,141,281
214,173,139,283
215,162,137,285
214,171,137,284
192,163,135,287
192,154,133,288
190,148,133,289
166,145,132,291
165,137,130,293
160,150,130,294
138,148,127,298
136,144,127,299
130,136,127,300
108,132,128,300
109,122,128,301
87,119,126,304
84,103,128,301
57,110,131,299
31,93,133,297
30,99,133,297
6,107,134,299
7,84,128,307
8,88,129,307
13,137,126,310
0,139,124,313
5,140,122,316
30,148,127,311
9,139,128,309
11,129,130,308
10,125,130,307
5,121,130,308
6,117,130,308
6,109,130,308
6,110,130,308
6,106,130,308
6,108,130,308
6,107,130,308
7,111,130,308
6,111,130,308
6,109,130,308
7,107,130,308
7,106,130,308
7,106,130,308
7,105,130,308
8,105,130,308
10,107,130,308
11,108,130,308
11,110,130,308
10,111,130,308
10,114,130,308
12,113,130,308
13,113,130,308
13,114,130,308
15,114,130,308
17,114,130,308
18,119,130,308
21,121,130,308
21,120,130,308
21,119,130,308
22,118,130,308
22,119,130,308
23,119,130,308
25,119,130,308
25,119,130,308
26,117,130,308
27,119,130,308
28,123,130,308
33,123,130,308
38,130,130,308
45,134,130,308
53,143,130,308
159,166,133,304
156,160,135,301
154,174,137,298
130,165,138,297
131,182,140,295
130,173,141,294
104,163,142,292
78,177,144,291
80,185,144,290
28,183,144,290
28,176,143,290
30,185,143,290
5,173,141,293
0,171,139,295
0,163,138,296
0,158,138,296
0,151,138,297
8,146,138,297
15,167,138,297
21,183,138,297
26,178,138,297
30,177,138,296
38,186,138,296
39,183,139,295
40,181,140,294
19,177,140,294
26,188,140,294
27,178,140,293
79,188,143,290
77,193,145,288
27,184,145,287
31,178,145,287
32,194,148,284
12,191,146,284
14,185,146,284
16,178,146,284
17,189,146,283
18,180,146,283
0,195,145,283
6,185,145,283
10,200,145,283
13,190,145,283
15,183,145,283
20,177,145,283
22,164,145,283
23,154,145,283
26,152,145,283
28,149,145,283
30,148,145,283
31,147,145,283
31,149,145,283
33,150,145,283
35,149,145,283
38,154,145,283
39,156,145,283
42,161,145,283
43,166,145,283
43,170,145,283
43,174,145,283
41,172,145,283
39,172,145,283
37,176,145,283
36,178,145,283
37,178,145,283
36,180,145,283
36,176,145,283
37,170,145,283
38,171,145,283
39,171,145,283
42,172,145,283
42,169,145,283
42,166,145,283
178,183,146,280
180,189,153,273
179,191,158,267
160,193,162,262
162,195,165,260
158,204,169,256
155,198,171,255
151,211,174,253
124,200,176,252
99,187,173,255
76,180,167,260
53,196,164,264
56,185,161,266
35,182,158,270
18,180,154,273
19,175,152,275
1,172,148,279
6,172,146,282
9,172,145,283
14,186,144,284
15,195,144,284
0,182,144,285
0,191,143,285
2,179,143,285
7,187,143,285
7,176,143,285
10,187,143,286
13,176,143,286
17,164,143,286
18,152,143,286
20,142,143,286
21,136,143,286
23,132,143,286
28,130,143,286
31,133,143,286
34,134,143,286
37,134,143,286
38,135,143,286
38,132,143,286
39,131,143,286
40,133,143,286
42,133,143,286
42,137,143,286
43,140,143,286
42,139,143,286
39,138,143,286
37,140,143,286
35,138,142,286
32,137,142,286
33,135,142,286
32,135,142,286
31,135,142,286
30,136,142,286
31,133,142,286
32,131,142,286
33,129,142,286
34,129,142,286
32,133,142,286
31,134,142,286
31,134,142,286
31,132,142,286
29,131,142,286
30,131,142,286
30,130,142,286
30,127,142,286
30,127,142,286
29,127,142,287
31,124,142,287
31,124,142,287
31,124,142,287
33,128,142,287
32,128,142,287
32,131,142,287
31,131,142,287
28,133,142,287
26,130,141,287
24,130,141,287
22,128,141,287
22,127,141,287
21,125,141,287
21,121,141,287
22,122,141,288
