523,491,48,70
523,491,49,68
522,491,50,67
524,490,50,67
525,490,51,66
526,490,51,66
529,491,52,65
530,493,52,64
528,495,53,64
527,497,53,64
527,497,53,63
525,495,53,63
524,493,53,64
523,489,53,64
523,486,52,64
525,483,52,65
528,480,47,70
531,478,44,74
533,479,42,76
533,484,42,77
535,485,41,77
536,486,40,79
537,485,39,80
538,484,38,81
539,484,37,81
539,485,37,82
539,484,37,82
540,483,36,82
540,483,36,83
540,484,36,83
539,485,36,82
538,486,37,81
537,485,37,81
536,485,38,81
535,485,38,80
534,485,37,81
535,483,37,81
536,479,37,81
538,472,37,81
540,466,37,81
548,466,37,81
547,475,37,81
545,484,38,80
545,485,38,80
545,486,38,79
546,485,38,79
547,484,37,79
547,484,37,80
546,483,37,80
545,483,37,80
544,484,37,79
543,484,37,79
544,485,37,78
544,487,38,78
544,488,38,78
544,488,38,78
542,488,38,77
541,486,38,78
540,484,37,78
539,482,37,79
539,480,36,80
539,478,36,80
538,478,36,80
537,477,36,80
537,480,37,79
536,484,36,80
536,484,36,80
536,485,36,80
536,486,36,80
535,486,36,80
535,485,36,80
536,485,36,80
535,484,36,80
536,483,35,81
536,485,36,80
536,486,36,79
536,487,36,79
535,487,36,79
533,487,36,79
532,486,36,79
533,484,36,80
533,482,36,80
534,480,36,80
536,478,36,80
539,477,36,79
542,481,37,79
544,487,37,79
546,489,37,78
547,489,37,79
547,489,37,78
548,489,37,78
547,487,36,78
548,487,36,79
548,487,36,79
547,486,36,79
548,486,36,79
548,485,36,79
548,487,36,79
549,487,36,78
548,487,36,78
545,487,37,78
544,487,36,78
543,484,36,79
543,481,36,79
544,479,35,80
544,477,35,80
545,476,35,81
544,475,35,81
546,476,35,81
545,483,36,80
545,483,35,81
547,484,35,81
546,484,35,81
546,485,35,81
546,485,35,81
546,485,35,81
547,483,35,81
547,483,35,81
545,483,35,81
545,485,35,80
545,486,36,80
544,485,36,79
543,485,36,79
541,485,36,79
540,485,36,79
539,483,36,80
538,480,36,80
538,477,35,81
539,476,35,81
542,476,35,81
544,479,35,81
545,485,36,80
545,486,37,79
544,486,37,78
545,485,37,78
545,484,37,78
545,485,37,78
545,485,37,78
545,485,37,79
545,483,36,79
547,482,36,79
548,484,36,79
547,484,37,79
547,486,37,79
544,487,37,78
543,485,37,78
541,484,36,79
541,481,36,81
540,478,35,81
540,475,35,82
538,474,34,83
538,474,35,83
541,475,35,83
541,482,35,83
542,483,35,83
543,484,34,83
543,485,34,83
542,486,34,84
542,485,34,84
542,484,34,84
542,484,34,84
543,483,35,84
543,483,35,84
542,481,35,83
540,481,36,82
540,482,36,81
538,483,37,81
537,484,37,80
536,485,37,81
536,485,37,81
537,482,37,81
537,479,36,82
538,476,36,82
540,476,36,82
541,479,37,81
542,483,37,81
544,484,37,81
546,485,37,81
547,486,37,81
547,486,37,81
546,485,37,81
546,486,37,80
545,486,37,80
545,484,37,81
546,484,37,80
547,485,37,80
547,486,37,80
547,486,37,80
546,487,37,80
544,487,37,80
544,486,37,80
543,483,36,81
543,479,36,82
543,477,36,82
543,476,36,83
542,476,36,83
543,476,36,82
546,480,36,83
546,483,35,83
547,483,35,84
547,483,35,84
547,484,34,85
547,484,34,85
548,484,34,85
548,484,34,85
549,484,34,85
550,483,34,85
551,482,35,84
549,485,36,83
548,486,36,83
548,486,36,83
548,486,36,83
548,486,36,83
547,485,36,83
548,483,36,84
549,480,36,84
551,479,36,84
552,482,36,84
554,483,36,83
562,485,37,83
561,486,37,83
561,486,37,82
560,486,37,82
560,486,37,82
559,485,37,81
557,485,38,80
556,484,38,80
557,485,38,80
557,485,38,80
557,486,38,80
557,487,38,79
555,486,38,79
554,485,38,79
553,483,38,80
553,482,38,80
553,479,38,80
552,478,38,80
551,477,38,81
550,475,38,80
553,477,38,80
555,482,38,80
556,481,38,81
556,481,37,81
556,482,37,81
556,481,37,81
556,481,37,81
555,482,37,82
556,481,37,81
556,480,37,81
557,480,37,81
558,479,37,81
566,478,37,80
573,462,37,80
573,448,38,79
571,442,39,77
569,441,39,77
569,441,40,76
570,441,40,75
572,443,40,75
573,452,39,75
574,466,38,77
576,479,37,77
582,480,35,80
581,480,35,80
581,481,35,80
581,480,35,80
581,479,35,80
582,480,35,79
583,481,36,79
584,479,36,79
586,478,36,79
592,479,36,79
593,480,36,79
593,479,36,79
592,480,36,79
591,479,36,79
590,479,35,79
589,478,35,80
589,477,34,81
588,476,34,81
587,473,34,82
587,472,34,82
587,471,34,83
587,471,34,83
588,476,35,82
588,476,35,82
589,477,35,82
590,478,35,82
589,478,34,82
589,478,34,83
589,479,34,83
590,479,34,83
590,477,34,82
591,476,34,82
591,475,34,82
598,476,34,82
599,468,35,81
600,452,36,80
593,445,37,78
591,439,38,77
590,439,38,76
590,440,38,75
600,442,38,75
600,451,37,76
594,460,36,77
594,472,36,77
595,482,36,77
594,482,36,77
594,482,36,76
593,481,36,76
593,480,36,75
591,481,36,75
590,481,37,75
591,480,37,75
590,480,37,75
591,481,36,75
593,483,36,75
594,484,36,75
593,484,36,76
591,483,36,76
589,482,36,76
588,481,36,76
586,479,36,77
585,476,36,77
585,474,35,78
585,473,34,79
586,475,34,79
587,481,35,78
588,481,35,79
589,480,34,79
589,480,34,80
589,481,34,80
589,481,33,81
588,481,33,81
588,480,33,81
588,479,33,81
589,478,33,81
589,477,33,81
590,477,33,81
591,470,34,81
592,456,35,79
586,448,36,77
585,443,37,76
584,438,37,75
584,441,37,74
585,444,37,74
586,453,37,75
585,461,36,76
584,477,35,76
585,481,35,76
585,481,35,76
585,482,35,76
584,481,35,76
584,481,35,76
583,480,35,75
582,479,35,75
584,478,36,75
585,479,36,75
586,479,36,75
588,479,36,76
590,478,35,76
592,477,35,77
591,477,35,77
589,478,35,77
588,478,34,77
587,477,34,78
587,477,34,79
586,476,34,79
586,480,34,79
586,476,34,79
588,475,35,79
590,480,34,79
592,480,35,79
593,479,34,80
594,480,34,80
595,480,34,80
595,481,34,80
595,481,34,80
595,481,33,81
595,480,33,81
595,479,33,81
602,478,32,83
608,478,32,83
611,467,33,82
611,451,34,81
625,451,39,75
626,452,43,70
626,452,45,68
626,452,47,67
627,452,48,66
628,452,49,65
628,451,49,65
626,450,50,64
623,457,50,64
622,457,50,64
621,456,50,64
622,453,47,67
623,452,48,67
623,453,48,66
623,453,49,65
624,452,49,65
625,452,50,65
624,452,50,65
625,452,50,65
624,451,51,64
624,450,51,64
623,451,51,64
623,451,52,63
623,452,52,63
622,452,52,63
622,452,52,63
622,452,52,63
622,451,52,64
623,444,52,63
633,458,49,66
634,456,47,69
636,455,45,70
636,453,44,72
636,451,43,73
637,450,42,74
637,448,41,74
638,449,41,75
638,449,41,75
639,449,40,75
639,449,40,75
640,449,40,75
640,449,40,75
633,450,40,75
634,450,40,75
635,451,39,75
636,450,39,75
637,451,39,75
638,451,39,75
639,450,39,75
639,450,38,76
639,451,39,75
639,451,39,75
638,451,39,75
638,450,39,75
639,449,38,75
639,448,38,76
640,449,38,76
641,450,38,76
643,449,38,76
644,448,38,76
645,447,38,75
645,446,38,75
645,445,39,75
645,445,39,74
638,446,39,74
638,446,39,74
638,446,40,73
639,446,40,73
639,451,40,72
638,450,40,73
638,450,40,73
638,451,39,73
638,459,39,74
639,452,38,75
639,450,36,76
639,451,36,76
639,453,36,76
645,454,37,76
644,448,38,75
644,448,38,74
651,448,39,73
643,447,39,73
642,446,39,73
633,453,42,69
633,453,45,67
632,453,46,66
632,453,47,64
633,453,48,64
633,453,48,64
633,453,49,63
633,452,49,63
632,452,49,64
629,460,50,63
627,460,51,62
626,460,51,61
626,459,51,61
627,458,52,61
628,457,52,61
629,456,51,61
629,455,51,61
629,455,51,62
630,452,49,64
630,450,47,66
631,449,46,67
631,447,45,68
632,446,44,69
632,444,43,70
631,450,42,70
631,448,42,71
632,447,42,71
639,446,41,71
648,445,40,72
650,446,40,72
644,446,39,73
645,446,39,73
646,443,37,76
647,441,36,77
646,441,36,77
647,443,36,76
648,443,36,76
650,442,34,78
651,443,35,78
652,443,35,77
645,443,36,77
645,443,36,76
645,443,36,76
646,442,37,75
646,442,37,74
646,443,37,74
646,443,37,74
647,443,37,73
647,444,38,73
647,451,38,72
646,450,38,72
645,440,38,72
639,428,38,73
640,424,37,73
641,429,37,73
648,445,37,73
647,446,37,72
647,446,37,72
647,445,37,72
646,446,37,72
640,446,38,71
639,446,38,71
639,446,38,70
639,446,38,70
639,447,39,70
639,447,38,70
640,447,38,70
646,446,38,70
647,446,38,70
647,447,38,70
646,447,37,71
646,446,37,71
645,444,37,70
646,444,40,68
639,450,39,68
639,449,39,69
639,449,39,69
639,449,39,69
638,449,38,69
638,449,38,69
644,449,38,69
642,448,38,69
633,449,40,66
632,449,43,64
630,449,44,63
629,449,45,62
629,450,46,61
628,450,46,61
627,450,47,60
627,445,48,59
626,446,49,58
627,452,48,59
629,451,46,62
631,450,44,64
633,449,42,65
635,449,41,67
636,449,40,68
637,448,39,68
637,448,39,68
637,449,39,69
635,444,42,66
633,446,43,64
633,447,45,63
633,448,45,62
634,453,44,64
641,452,42,65
642,452,41,67
629,466,39,69
637,463,38,70
624,456,36,72
623,455,36,72
622,454,36,72
621,455,36,71
621,455,36,71
621,454,37,70
620,455,37,70
621,452,34,73
614,462,35,72
620,484,35,72
627,485,35,71
626,486,35,71
625,486,35,71
624,486,35,71
623,486,35,71
624,485,35,71
624,480,35,71
620,475,34,73
628,489,35,72
637,483,34,73
637,482,34,73
637,483,33,74
637,484,33,74
637,483,33,75
637,483,31,77
637,482,30,78
637,482,31,77
638,483,31,77
638,483,32,77
654,483,31,78
655,482,30,79
656,480,29,80
657,481,29,80
677,488,34,74
685,478,34,74
694,476,35,74
701,475,34,74
708,474,35,73
717,473,34,74
726,479,34,74
733,478,32,76
733,478,31,77
732,478,31,78
732,478,30,79
732,477,30,79
732,477,29,80
732,477,29,81
733,476,28,82
724,474,28,82
718,474,29,81
718,459,28,82
717,442,30,80
715,436,31,78
714,442,32,77
713,443,33,76
713,442,33,75
721,440,34,74
722,443,33,75
723,453,31,78
730,469,31,78
730,471,31,78
731,474,30,79
732,473,30,80
738,468,30,80
739,463,31,78
739,462,32,77
739,465,33,76
732,471,31,78
727,481,31,78
722,482,32,78
721,472,32,79
713,479,31,79
711,488,33,77
708,487,34,75
708,487,35,74
707,488,35,73
707,491,36,72
708,490,36,72
707,482,36,72
707,481,36,72
700,475,36,72
694,467,36,72
692,461,39,68
685,454,42,65
685,454,45,63
684,454,46,61
679,454,48,59
686,467,49,58
688,473,46,61
691,480,43,65
693,487,41,68
693,487,39,69
693,487,38,71
692,487,38,71
693,487,37,72
693,486,37,73
694,486,37,73
695,479,35,75
694,481,35,74
693,480,36,74
693,472,36,73
687,463,39,70
675,449,42,67
677,448,44,64
676,441,47,62
676,441,48,61
672,445,45,64
685,458,47,62
691,471,46,64
692,480,44,66
700,481,42,68
693,482,41,69
694,483,40,71
694,484,39,72
695,483,39,72
695,482,38,73
695,482,38,73
696,478,37,74
689,479,37,74
689,473,37,74
675,462,37,74
676,451,37,74
669,440,37,74
670,437,37,74
663,424,37,74
648,426,37,74
648,428,36,74
639,438,40,70
631,452,43,67
630,453,45,65
630,453,46,63
628,454,47,62
623,454,48,61
625,454,49,60
626,455,50,60
628,454,50,60
629,454,50,60
630,454,50,60
628,454,50,60
626,461,51,59
625,461,51,59
619,459,50,59
620,457,47,63
623,454,44,66
625,458,47,63
625,457,49,61
624,462,50,60
632,474,50,60
640,489,50,60
649,501,50,60
659,501,51,59
660,496,51,59
663,495,47,64
665,490,44,68
666,490,42,70
667,486,40,72
667,482,40,72
675,498,44,68
675,504,47,65
665,506,49,63
679,503,49,63
679,506,50,62
678,503,50,62
672,507,51,62
673,504,51,62
673,501,51,62
674,504,52,62
674,501,52,62
674,505,52,62
667,510,53,61
667,509,54,60
667,507,56,58
659,506,56,58
652,499,57,58
646,497,56,59
640,496,55,60
634,495,55,60
634,494,55,60
622,499,55,61
621,496,54,61
620,495,54,61
615,491,50,65
616,489,48,68
616,488,46,70
617,488,44,72
618,487,43,73
618,487,42,74
619,487,41,75
620,486,40,76
620,486,40,77
620,487,39,77
615,488,39,77
615,487,39,77
607,495,43,73
605,495,45,71
604,495,47,69
602,495,48,68
598,495,49,67
601,490,47,70
595,489,45,72
593,495,47,70
586,492,45,72
584,491,43,74
584,489,42,75
584,488,41,76
584,488,41,77
585,487,40,77
585,491,40,78
584,489,40,78
585,487,39,79
585,488,39,79
584,487,39,79
582,485,39,79
580,485,38,80
581,485,38,80
581,486,38,80
582,488,41,77
582,487,41,78
577,483,43,75
577,486,46,72
602,474,43,75
604,473,40,79
605,485,39,80
606,482,38,81
606,486,38,81
606,488,38,81
606,484,38,81
605,486,38,81
606,482,38,81
606,481,37,81
606,480,37,82
606,479,35,84
606,478,34,86
605,476,33,87
604,475,33,87
597,476,34,86
596,474,34,85
595,471,35,85
593,471,35,84
592,476,36,83
593,475,35,84
594,469,35,84
594,463,35,83
587,455,36,82
586,454,37,81
580,451,37,81
581,452,37,81
582,461,37,81
589,471,37,81
590,474,37,81
585,476,37,81
587,477,37,81
589,484,37,80
613,490,38,79
628,491,42,75
622,490,44,73
622,487,43,73
620,488,43,73
613,490,46,70
607,494,48,67
606,496,50,66
602,497,50,65
600,497,51,65
602,498,51,64
602,499,51,64
601,499,52,63
601,499,52,63
599,499,52,63
599,498,53,62
599,498,53,62
598,496,53,62
593,495,53,62
595,488,54,61
597,472,49,67
598,456,45,71
599,448,43,74
599,441,41,76
593,440,40,78
594,436,39,79
594,437,38,80
594,438,38,82
595,440,37,82
602,447,37,82
610,450,38,82
618,460,39,81
632,461,38,82
639,467,38,82
645,477,37,83
647,481,38,82
648,484,38,81
648,484,39,81
648,485,39,81
648,485,39,81
649,483,38,81
651,483,38,81
657,484,39,80
646,484,40,79
645,483,39,80
645,480,38,81
646,472,37,82
645,464,37,83
647,457,37,84
649,459,36,84
658,453,37,84
667,457,37,84
682,461,37,83
688,472,37,83
689,481,37,83
694,488,37,83
693,487,38,83
692,486,37,83
692,486,38,82
691,486,38,82
697,485,37,82
695,486,38,81
687,487,39,81
687,485,39,81
687,483,38,82
689,473,37,84
690,464,37,85
692,458,37,84
695,458,37,84
702,460,38,84
712,469,38,84
728,477,38,83
736,487,38,83
736,487,38,84
735,486,38,84
734,486,38,83
734,486,38,83
734,485,38,83
732,486,39,82
732,485,39,82
738,484,40,81
746,479,43,78
746,474,42,79
746,468,41,80
748,462,40,81
749,456,40,82
757,456,40,82
759,451,40,82
768,460,40,83
777,461,39,84
780,465,38,86
788,472,37,87
796,486,37,87
796,485,38,86
796,485,38,86
795,486,38,85
794,487,39,85
793,489,40,84
791,489,40,83
791,488,41,83
791,486,41,83
792,484,40,85
792,474,39,86
793,465,38,87
794,449,38,87
796,449,38,87
804,450,38,87
807,453,38,87
817,464,38,88
827,473,36,91
835,483,36,91
836,491,38,89
837,491,39,88
838,491,39,88
837,490,40,87
838,491,40,86
835,493,41,85
836,493,41,85
837,490,41,86
838,488,40,87
840,485,40,88
843,477,39,88
846,462,39,89
853,457,39,89
855,452,40,88
864,453,40,88
872,461,40,89
874,469,40,89
884,476,40,89
893,485,41,88
896,494,41,87
895,492,41,87
896,491,42,87
895,491,42,86
894,491,42,85
894,492,43,85
896,491,43,85
897,488,42,86
899,485,42,87
902,481,41,89
905,474,41,89
914,470,41,89
920,469,41,89
919,466,41,89
921,450,41,89
924,450,41,90
932,459,41,90
935,469,41,89
945,479,42,89
955,488,41,89
957,494,41,90
957,492,41,90
957,492,41,89
956,491,41,89
956,491,41,89
953,492,41,88
952,492,42,88
952,490,42,88
952,487,41,89
954,479,40,90
957,471,41,90
958,470,40,91
960,461,40,92
967,454,40,92
974,446,40,92
983,449,40,92
986,455,41,91
998,466,42,90
1009,476,41,90
1020,486,41,91
1026,487,40,92
1026,486,39,94
1025,487,39,94
1025,487,39,94
1026,488,39,94
1026,488,39,94
1025,488,40,94
1024,487,40,94
1023,487,40,94
1024,487,40,94
1023,487,40,95
1024,487,40,95
1024,486,38,97
1024,484,38,98
1022,484,37,98
1021,486,38,97
1020,489,39,96
1018,492,42,93
1015,493,43,91
1013,492,44,90
1011,491,44,90
1012,491,45,90
1013,493,45,89
1013,492,45,89
1013,493,45,89
1013,494,45,89
1014,494,45,89
1014,493,45,89
1014,494,45,89
1014,494,45,89
1014,493,45,89
1014,493,45,89
1014,493,45,89
1014,494,45,89
1014,494,45,89
1014,494,45,89
1014,494,46,89
1014,495,46,89
1014,495,46,89
1014,495,46,89
1015,495,46,89
1015,495,46,89
1015,495,46,89
1014,494,46,89
1014,494,46,89
1015,495,46,90
1017,496,46,89
1018,496,46,89
1013,497,47,88
1016,497,47,88
1018,497,47,88
1019,497,46,89
1019,496,47,89
1019,496,47,89
1014,497,47,89
1016,496,47,89
1017,496,47,89
1018,496,46,90
1019,496,47,90
1013,496,47,89
1016,497,47,89
1017,496,47,90
1018,495,47,90
1012,496,47,90
1014,496,47,90
1015,496,47,91
1010,497,47,90
1012,497,47,90
1014,496,47,91
1014,496,47,91
1009,497,47,90
1011,497,47,91
1012,497,47,91
1013,497,46,91
1014,497,46,91
1014,497,46,91
1008,498,47,91
1011,498,47,91
1012,498,47,91
1012,497,47,91
1007,498,47,91
1009,497,47,91
1010,497,47,91
1011,497,47,92
1011,496,46,92
1011,496,46,92
1012,495,46,92
1011,495,47,92
1011,495,47,92
1005,496,47,91
1007,495,47,92
1008,494,47,92
1009,494,47,92
1010,494,47,92
1011,494,47,92
1005,495,47,92
1007,495,47,92
1009,494,47,92
1010,494,47,92
1012,494,47,92
1012,493,47,92
1012,493,47,92
1012,494,47,92
1013,494,47,92
1013,493,47,92
1013,493,47,92
1013,494,47,92
1013,494,47,92
1007,495,47,91
1010,495,47,92
1011,494,47,92
1012,494,47,92
1013,494,47,92
1014,495,47,92
1014,495,47,92
1014,495,47,92
1014,495,47,92
1009,496,48,91
1011,496,47,91
1012,495,47,92
1014,495,47,92
1014,494,47,92
1015,494,47,92
1009,495,48,91
1012,495,48,91
1013,495,47,92
1014,495,47,92
1015,495,47,92
1016,497,52,87
1016,498,55,84
1016,500,57,82
1016,501,59,80
1016,501,60,78
1016,502,62,77
1017,502,62,76
1018,502,63,76
1018,502,63,76
1019,501,63,76
1020,501,63,76
1020,501,63,76
1021,501,63,76
1021,501,63,76
1021,501,63,76
1022,502,63,76
1022,502,63,76
1022,501,63,76
1021,501,62,76
1022,501,62,76
1022,501,62,76
1022,501,62,76
1022,500,62,76
1022,501,62,76
1022,501,62,76
1022,501,62,76
1022,501,62,76
1022,501,62,76
1021,500,62,76
1021,501,62,76
1021,501,62,76
1021,500,62,76
1021,500,62,76
1022,500,62,76
1013,500,62,76
1014,499,63,76
1015,499,63,76
1016,499,63,76
1009,499,63,76
1010,499,64,75
1011,500,64,75
1005,500,64,75
1007,500,64,75
1003,502,64,75
1005,501,64,75
1005,501,64,75
1006,501,64,76
1007,501,64,76
1007,500,63,77
1006,500,63,77
1006,500,63,77
1007,501,63,77
1007,500,63,78
1007,500,63,78
1007,500,62,78
1006,500,62,79
1006,500,62,79
1006,500,63,79
1006,499,63,79
1005,500,63,78
1006,500,63,78
1006,501,63,78
1007,501,63,78
1009,501,64,78
1010,502,64,78
1011,502,64,78
1011,501,64,78
1011,501,64,78
1011,501,64,78
1011,501,64,78
1012,501,64,78
1012,501,64,78
1012,501,64,78
1013,501,64,78
1008,502,64,78
1010,502,64,78
1012,501,64,78
1013,501,64,78
1007,502,64,78
1010,502,65,78
1011,502,64,78
1012,501,64,78
1013,501,64,78
1007,502,65,78
1010,502,65,77
1011,502,65,78
1012,501,65,78
1007,501,65,78
1010,502,65,78
1011,501,65,78
1013,501,65,78
1013,500,65,78
1008,501,65,78
1011,501,65,78
1012,501,65,78
1013,499,65,78
1008,501,65,78
1010,501,66,78
1012,500,65,78
1007,500,66,78
1009,500,66,78
1011,500,66,78
1012,499,66,78
1013,499,66,78
1008,500,66,79
1010,500,66,79
1011,500,66,79
1012,499,66,79
1007,500,66,79
1009,500,66,78
1010,499,66,79
1005,500,66,79
1006,501,66,78
1006,499,66,79
1008,496,61,84
1009,494,58,87
1011,493,56,90
1011,491,54,92
1012,489,53,93
1012,488,51,95
1012,489,51,95
1011,491,51,95
1011,491,51,94
1012,491,51,95
1015,490,51,94
1017,488,50,95
1019,493,49,96
1019,491,49,96
1019,489,48,98
1019,494,47,99
1018,490,46,99
1019,489,46,100
1019,488,45,100
1019,488,45,101
1019,488,45,101
1018,488,45,101
1018,493,45,101
1018,491,45,100
1019,488,45,100
1019,487,45,100
1017,493,46,100
1017,490,46,99
1017,490,47,98
1017,489,47,98
1017,489,48,97
1017,489,48,97
1018,488,48,97
1018,487,48,97
1017,491,48,96
1018,489,48,96
1017,493,48,95
1017,492,49,94
1017,495,49,94
1018,493,49,94
1017,497,48,94
1018,495,48,94
1019,493,48,94
1020,491,47,94
1020,491,47,94
1018,490,47,94
1016,491,48,94
1015,492,48,93
1015,492,48,92
1015,496,48,92
1017,493,48,92
1019,491,47,93
1019,495,46,94
1018,492,46,95
1019,491,45,96
1020,490,44,96
1020,490,44,97
1020,489,44,98
1020,489,43,98
1019,494,43,98
1020,492,43,98
1020,491,43,98
1020,491,43,98
1021,490,43,98
1022,490,44,98
1021,490,45,97
1018,496,46,95
1018,496,47,94
1017,496,47,93
1016,496,48,92
1016,497,49,91
1017,497,49,91
1017,496,49,91
1018,497,49,90
1017,497,49,90
1017,498,49,90
1018,498,49,90
1017,498,49,90
1018,503,49,90
1018,501,49,90
1019,498,48,91
1020,497,47,91
1021,496,46,93
1021,495,45,93
1020,492,46,93
1020,491,45,94
1021,492,45,94
1021,493,45,93
1021,495,46,93
1020,495,46,92
1022,495,45,93
1023,493,45,94
1030,493,43,97
1028,492,42,98
1027,491,42,98
1028,489,40,100
1028,489,40,100
1026,495,41,100
1025,493,41,99
1025,491,42,99
1031,491,42,98
1028,491,42,98
1027,492,43,97
1025,500,47,93
1046,491,46,94
1049,486,45,95
1051,480,44,97
1044,480,45,96
1053,477,43,99
1062,475,43,99
1055,473,40,102
1054,470,39,105
1054,469,38,106
1054,467,37,108
1053,465,36,109
1054,463,36,110
1054,462,35,111
1054,460,35,111
1054,458,35,112
1052,464,36,111
1048,465,38,108
1048,473,40,107
1049,473,41,106
1078,473,42,105
1078,471,42,105
1078,468,42,105
1079,468,42,106
1079,466,40,108
1086,466,38,110
1084,468,37,112
1083,463,37,113
1082,466,36,114
1089,465,35,115
1086,464,35,116
1085,462,35,116
1084,465,35,116
1084,463,35,117
1083,466,35,117
1082,465,35,116
1081,469,37,114
1080,467,39,111
1079,465,40,110
1079,468,41,110
1079,470,42,109
1078,472,42,108
1078,471,43,108
1079,471,44,107
1078,471,44,107
1079,471,44,107
1079,471,44,107
1078,471,44,107
1078,470,44,107
1078,470,44,107
1079,468,44,107
1079,467,44,107
1080,466,44,109
1079,465,43,109
1080,467,42,111
1079,465,42,111
1079,468,43,111
1079,466,43,110
1086,469,41,112
1085,466,40,114
1082,467,39,115
1080,470,39,115
1077,472,41,113
1077,469,42,112
1077,466,43,111
1085,464,41,113
1083,464,39,116
1083,460,38,117
1082,459,38,119
1081,458,37,120
1079,459,39,118
1078,459,40,117
1078,460,41,116
1085,463,40,117
1083,460,39,119
1082,459,38,120
1081,462,38,120
1079,460,40,118
1078,459,41,116
1078,463,42,115
1076,467,43,114
1076,466,44,113
1075,465,45,113
1075,466,45,112
1076,467,46,111
1076,467,46,111
1076,466,46,111
1077,466,46,111
1077,465,46,111
1077,462,46,111
1078,461,46,112
1078,464,46,111
1078,461,46,111
1079,465,46,111
1079,462,46,111
1078,465,46,111
1078,461,46,112
1078,463,45,112
1077,463,46,112
1075,470,47,110
1074,469,48,109
1074,467,48,110
1076,464,47,110
1084,465,45,113
1083,460,43,115
1082,457,41,118
1081,458,40,119
1081,460,40,120
1080,458,41,119
1078,463,42,117
1078,461,43,116
1077,462,43,116
1077,461,44,114
1076,462,45,114
1076,461,46,113
1075,461,46,113
1076,460,46,113
1075,466,46,114
1075,467,46,113
1074,467,46,113
1074,467,47,112
1074,467,47,112
1075,467,47,111
1076,467,47,112
1077,466,47,112
1077,463,47,113
1078,463,46,113
1078,462,46,114
1078,461,46,114
1078,461,46,115
1079,460,46,115
1077,464,46,114
1077,462,46,114
1077,460,46,114
1077,463,47,114
1079,458,44,116
1078,462,45,116
1076,469,46,115
1074,470,47,113
1074,468,48,112
1074,465,48,112
1076,463,48,112
1084,460,45,116
1082,459,45,116
1082,461,43,118
1081,459,44,117
1080,459,44,117
1079,464,45,116
1078,461,45,116
1078,460,45,116
1077,459,45,116
1076,458,45,116
1077,457,45,116
1076,458,45,117
1076,459,45,117
1075,459,45,117
1074,457,45,117
1064,455,44,120
1053,459,43,120
1031,466,45,118
1030,463,44,120
1029,462,43,121
1029,461,42,121
1029,460,41,122
1027,462,43,120
1026,464,44,119
1025,470,46,116
1025,469,47,115
1025,465,47,115
1023,463,47,115
1021,466,48,114
1020,471,49,113
1019,479,50,112
1010,485,51,110
1011,484,51,109
1012,482,51,109
1004,487,52,108
1005,483,51,108
1005,480,51,109
1005,478,50,109
1006,475,48,112
1007,473,46,114
1007,473,47,113
1008,471,45,115
1008,470,44,116
1009,469,43,117
1009,467,43,118
1010,467,42,119
1009,474,42,119
1009,473,42,119
1007,481,44,116
1005,487,45,114
1006,488,51,108
998,489,52,107
999,490,57,101
1021,486,56,101
1024,485,55,102
1025,483,55,103
1026,483,54,103
1027,483,54,103
1027,482,53,104
1019,484,53,103
1009,493,58,98
1001,490,57,99
1002,487,56,100
1001,485,54,101
1002,482,53,102
1002,483,52,103
1002,482,52,103
1001,483,52,102
1001,486,52,102
1001,487,52,101
1000,487,52,100
1001,485,52,100
1012,488,57,95
1011,491,60,92
1002,488,57,95
1001,485,54,98
1001,484,52,100
1001,487,51,102
1002,484,50,103
1002,482,49,104
1003,481,48,105
1004,478,46,107
1004,478,46,107
1005,476,44,109
1006,476,43,110
1006,475,43,111
1004,481,44,109
1002,487,45,107
1002,486,47,105
1004,488,52,100
1006,487,51,100
1007,487,51,100
1017,485,51,100
1017,485,51,100
1017,488,50,100
1017,486,50,100
1016,485,50,100
1007,490,50,99
1008,486,50,99
1008,485,49,99
1007,484,49,100
1007,483,48,100
1007,482,48,100
1008,481,47,101
1008,482,47,101
1008,482,47,100
1007,490,47,100
1007,488,48,99
1006,490,48,98
1004,491,49,97
1005,491,49,97
1005,489,49,97
1005,486,48,98
1006,483,45,101
1007,481,43,103
1007,479,42,105
1008,479,41,106
1009,478,40,107
1010,478,40,108
1011,477,40,108
1011,477,39,109
1011,477,39,109
1011,475,39,109
1012,475,39,109
1011,477,41,107
1008,485,42,104
1000,486,45,102
1000,488,46,99
1000,487,47,98
1001,487,47,98
1001,486,47,98
1001,486,47,98
1001,485,47,98
993,490,52,93
994,493,55,89
996,495,58,86
998,495,61,83
1000,491,58,86
1001,488,55,89
1001,485,52,91
1002,483,51,93
1002,481,49,94
1002,481,48,96
1003,482,48,96
1003,488,47,97
1001,487,47,96
1000,489,48,95
1000,490,48,95
1003,488,48,95
1005,493,48,95
1006,489,47,96
1007,487,46,97
1007,491,45,98
1008,488,45,99
1008,487,44,100
1008,486,44,100
1007,491,44,100
1006,488,43,100
1006,485,43,101
1006,483,43,101
1007,483,44,100
1007,488,44,100
1007,487,44,99
1017,486,45,98
1020,485,46,97
1021,480,46,97
1020,481,50,92
1021,480,49,94
1022,477,48,96
1021,474,47,97
1023,472,44,101
1025,470,41,104
1026,469,40,107
1026,467,39,108
1027,467,38,110
1027,468,39,109
1027,469,40,107
1026,468,41,107
1025,469,41,106
1017,471,42,106
1016,474,44,104
1016,483,45,102
1016,485,46,101
1009,489,46,101
1009,487,46,101
1007,487,45,101
1006,487,45,101
1006,484,43,104
1005,489,43,104
1005,486,44,103
1005,484,44,103
1005,483,44,103
1006,482,44,103
1007,481,44,103
1007,479,44,103
1006,485,44,103
1006,482,44,103
1006,481,44,103
1006,481,44,102
1006,487,45,101
998,487,46,100
1000,488,47,99
1001,488,47,98
1021,486,47,98
1023,486,48,97
1025,485,47,98
1026,484,47,98
1027,484,47,97
1027,483,47,98
1027,484,46,98
1018,485,46,97
1010,484,46,97
1009,483,46,98
1009,482,45,98
1008,482,45,98
1008,483,45,98
1007,486,45,98
1005,488,46,97
1005,490,46,96
1004,490,46,96
995,500,51,90
977,482,49,92
969,470,48,94
968,460,47,95
961,449,47,96
961,442,46,96
961,443,46,96
961,439,46,96
954,440,45,97
954,439,45,97
954,440,45,97
954,439,45,97
955,438,45,97
957,440,44,98
960,443,44,98
968,454,44,98
968,467,44,98
976,481,44,98
977,491,44,98
976,492,45,97
975,492,45,96
975,492,45,96
974,492,45,96
974,491,45,96
973,491,45,96
973,490,45,96
973,490,45,95
973,489,45,95
972,488,45,95
971,482,45,95
970,477,44,96
970,476,44,96
971,467,43,97
971,463,43,98
973,468,43,98
982,481,43,98
995,493,48,92
998,495,48,91
999,494,48,92
990,503,52,87
1002,491,51,88
1004,489,49,90
1005,487,47,93
1005,486,45,95
1005,484,44,96
1006,483,44,97
1007,482,43,98
1007,481,43,98
1008,481,42,99
1007,487,42,99
1007,485,42,100
1007,483,42,100
1008,482,42,100
1008,483,42,99
1008,489,43,98
1009,488,44,98
1010,489,44,97
1010,488,45,96
1019,487,45,96
1019,488,44,96
1019,488,45,96
1019,488,45,96
1019,488,45,95
1019,488,45,95
1018,487,45,95
1017,487,45,95
1009,486,45,95
1008,486,44,95
1008,485,44,95
1008,484,44,95
1007,484,44,95
1007,484,44,96
1006,483,43,96
1005,489,43,96
1005,489,43,96
1005,489,44,95
1006,489,44,95
999,492,45,94
1000,497,45,93
1001,494,45,93
1002,491,44,93
1002,490,44,94
1003,488,43,95
1004,487,42,97
1004,486,40,98
1004,485,39,100
1005,485,39,100
1005,484,38,101
1005,483,37,102
1004,489,38,101
1004,489,39,100
1004,487,40,99
1012,486,41,98
1014,486,42,97
1014,483,42,96
1015,475,43,96
1016,475,43,96
1016,473,43,97
1023,473,40,100
1021,473,39,101
1020,472,38,103
1019,470,37,104
1020,468,37,105
1020,468,36,106
1020,467,36,106
1019,475,38,104
1017,484,44,97
1016,479,44,97
1015,468,43,99
1015,473,43,98
1015,484,43,99
1015,485,43,98
1015,485,43,98
1006,485,44,98
1005,486,44,98
1003,486,43,98
1002,486,43,98
1001,485,43,98
1000,490,43,98
1000,487,43,98
1001,486,43,98
1001,486,43,98
1002,485,43,99
1003,484,43,99
1003,484,43,99
1003,485,43,99
1003,484,43,98
1002,485,43,98
1001,488,43,98
1000,489,44,97
1000,488,44,96
1000,488,45,95
1001,491,45,95
1002,488,44,95
1001,486,44,96
1001,490,44,96
1000,489,44,95
999,488,44,95
997,490,44,95
997,494,44,94
997,493,45,94
998,497,45,93
1000,494,45,93
1002,491,44,93
1001,489,44,94
1001,489,44,93
1000,490,44,93
996,493,44,93
996,492,44,92
996,495,44,92
999,492,44,92
1000,492,44,92
1001,492,43,93
1001,491,42,94
1001,490,42,95
1001,489,41,96
1002,489,41,96
1001,489,41,97
1001,489,41,97
1002,489,41,97
1001,488,41,97
1001,488,41,97
1001,488,41,97
1001,488,41,97
1001,488,42,97
1011,488,42,96
1013,487,43,95
1013,480,44,94
1014,478,44,95
1023,479,43,95
1023,471,41,99
1022,470,39,101
1022,470,38,103
1022,469,37,104
1021,468,36,105
1022,467,36,106
1022,468,35,107
1021,472,37,105
1021,469,37,105
1018,470,39,104
1015,471,40,102
1014,479,41,100
1014,488,42,100
1014,487,42,99
1014,487,43,98
1006,489,43,98
996,490,43,98
995,489,43,98
995,488,43,98
995,487,42,99
995,486,42,99
996,486,42,99
996,491,43,99
996,489,43,99
997,488,43,98
997,487,43,99
998,485,41,101
998,485,42,100
991,486,43,99
992,489,44,97
993,491,45,96
994,490,45,96
994,489,45,96
996,485,44,97
996,486,44,97
996,485,43,97
996,486,43,98
996,487,43,97
995,494,44,96
996,492,44,95
1005,491,45,94
1004,489,45,94
997,488,44,96
997,487,44,96
997,486,44,96
996,486,44,96
998,487,43,97
997,490,44,96
998,493,45,95
997,496,50,89
991,495,49,90
993,493,47,92
994,491,46,94
996,490,45,95
997,488,44,96
998,488,44,97
996,494,44,97
996,492,44,97
996,492,43,98
996,490,43,98
996,491,43,99
996,491,43,99
996,489,43,99
994,488,43,99
991,488,44,98
990,485,44,97
983,482,43,98
980,488,44,97
979,488,44,97
979,487,43,98
979,484,42,100
980,481,40,102
980,479,39,103
981,479,39,104
980,478,38,105
981,479,38,106
981,478,38,106
981,478,37,106
981,480,37,107
981,483,39,105
991,486,45,98
1002,487,45,98
1002,499,50,93
1006,495,49,93
1009,492,47,95
1010,487,44,99
1012,491,44,100
1013,488,43,101
1014,492,43,101
1014,489,43,101
1014,487,42,102
1014,491,43,101
1015,488,42,102
1015,487,42,102
1015,486,42,102
1015,485,43,101
1014,490,43,100
1014,489,44,100
1013,487,44,100
1014,486,44,99
1013,486,44,99
1013,490,44,99
1013,487,44,99
1014,485,43,100
1014,486,43,100
1014,486,43,100
1014,486,43,100
1014,486,43,100
1014,486,43,100
1014,486,43,100
1014,486,43,100
1014,486,43,99
1014,486,44,99
1014,486,43,99
1014,485,43,99
1014,485,44,99
1014,485,44,99
1014,485,44,98
1014,485,44,98
1014,485,44,98
1014,485,44,98
1014,485,44,98
1014,485,44,98
1014,485,44,98
1014,485,44,98
1014,485,44,98
1014,485,44,98
1014,485,44,98
1014,484,44,98
1014,485,44,98
1014,485,44,98
1014,485,44,98
1014,485,44,98
1014,485,44,98
1013,485,44,98
1013,485,44,98
1013,485,44,98
1013,485,43,98
1013,486,43,98
1013,485,43,98
1014,486,43,98
1014,486,43,98
1014,486,43,98
1014,486,43,98
1015,486,43,98
1015,486,43,98
1015,486,43,98
1015,486,43,98
1015,486,43,98
1016,486,43,98
1016,485,43,98
1016,485,43,98
1016,485,43,98
1016,485,43,98
1017,486,42,98
1016,486,43,98
1016,486,43,98
1017,486,43,98
1017,486,43,98
1017,486,43,98
1017,487,43,97
1017,486,43,97
1017,487,43,97
1017,487,43,97
1017,486,43,97
1017,487,43,97
1017,487,43,97
1017,487,43,97
1018,488,43,97
1018,488,43,97
1018,488,43,97
1018,489,43,96
1017,489,43,96
1017,489,43,96
1017,489,43,96
1045,481,43,96
1045,480,43,97
1045,480,42,97
1043,480,42,98
1043,481,42,98
1043,482,42,99
1043,483,41,99
1041,484,41,99
1040,484,41,99
1039,485,42,99
1038,486,41,99
1038,486,42,99
1038,487,42,99
1038,486,42,99
1038,486,41,100
1038,485,41,100
1038,484,41,100
1038,484,41,100
1038,484,41,100
1038,483,42,100
1037,482,42,100
1038,482,42,100
1038,481,42,101
1039,480,41,102
1039,479,41,102
1038,479,41,103
1039,479,41,103
1038,479,41,104
1038,479,41,104
1038,479,41,104
1038,479,42,104
1037,479,42,105
1037,479,42,105
1038,480,42,105
1037,480,42,104
1037,480,42,105
1037,480,43,105
1037,481,43,104
1037,481,43,104
1037,482,43,104
1037,482,44,104
1037,482,44,104
1037,483,44,104
1037,483,44,104
1037,483,44,104
1037,483,44,104
1037,483,44,104
1037,483,44,104
1037,484,44,104
1037,483,45,104
1037,483,45,104
1037,483,45,104
1036,483,45,104
1037,482,45,104
1037,483,45,105
1037,482,45,105
1037,482,45,105
1037,482,45,105
1037,482,45,105
1038,482,45,105
1038,482,45,105
1038,482,44,106
1038,482,44,106
1038,481,45,106
1038,481,45,106
1038,482,45,106
1038,481,45,106
1038,481,45,106
1038,481,45,106
1038,481,45,106
1038,480,45,107
1038,481,45,107
1038,481,45,107
1038,481,45,107
1038,481,45,107
1038,480,45,107
1038,480,45,107
1038,480,45,107
1037,480,45,107
1037,480,45,107
1037,479,45,107
1037,480,45,107
1037,480,46,107
1037,479,46,107
1037,477,44,109
1037,477,43,111
1037,475,42,112
1038,475,42,112
1038,475,41,113
1038,474,41,113
1038,475,41,114
1039,475,41,114
1039,475,40,114
1039,474,40,115
1039,474,40,115
1040,474,40,115
1039,474,40,115
1039,473,40,115
1040,472,40,115
1040,472,40,116
1040,472,40,116
1040,472,40,116
1040,473,40,116
1040,473,40,116
1040,473,40,116
1040,473,41,116
1040,473,40,116
1040,473,40,116
1040,473,40,116
1040,472,40,116
1040,472,41,116
1041,472,41,116
1040,472,40,116
1040,471,40,116
1040,472,41,116
1040,472,41,116
1040,472,41,116
1040,472,41,116
1040,473,41,117
1040,473,41,117
1040,473,41,117
1040,473,41,117
1040,473,41,117
1040,473,41,117
1040,473,41,117
1040,473,41,117
1040,473,41,117
1040,473,41,117
1039,473,41,117
1039,473,41,117
1039,473,41,117
1039,473,41,117
1039,473,41,117
1040,473,41,117
1040,472,41,117
1040,472,41,117
1040,471,41,117
1040,472,41,117
1039,471,41,117
1038,470,41,117
1038,470,41,117
1037,470,41,117
1037,470,41,117
1037,470,41,117
1037,470,41,117
1037,471,41,117
1037,471,41,117
1037,470,41,117
1037,470,41,117
1037,471,41,118
1037,471,41,118
1037,472,41,118
1037,472,41,118
1038,473,41,118
1037,474,43,115
1037,473,43,116
1037,472,43,116
1037,471,42,117
1037,471,42,117
1036,474,44,115
1036,475,45,113
1035,476,46,113
1035,476,46,112
1035,476,47,111
1034,477,47,110
1033,478,48,110
1032,478,48,109
1032,477,49,109
1032,477,49,108
1032,477,49,108
1033,476,49,108
1033,476,49,108
1033,476,49,108
1032,476,49,107
1031,476,48,108
1030,478,48,107
1030,477,49,107
1029,477,49,106
1030,478,49,106
1031,479,49,106
1033,480,50,105
1035,479,50,105
1035,479,49,105
1036,479,49,106
1036,480,48,106
1037,478,48,106
1038,476,48,106
1035,475,49,105
1024,478,51,103
1024,480,52,101
1033,472,52,101
1031,474,53,100
1028,481,52,100
1023,481,52,100
1020,481,54,98
1018,480,55,97
1015,482,60,92
1015,484,63,87
1016,493,65,86
1027,494,67,84
1028,494,67,84
1032,492,63,88
1035,488,59,93
1037,485,56,96
1039,483,54,98
1040,483,53,99
1041,482,52,100
1042,482,51,100
1042,483,50,101
1042,483,50,101
1042,483,49,101
1040,484,49,101
1041,484,49,101
1042,484,48,101
1041,482,48,101
1041,481,48,100
1040,479,48,101
1040,481,47,101
1039,483,47,101
1037,490,48,99
1036,490,48,99
1035,490,49,98
1034,491,49,97
1034,491,49,96
1034,491,50,96
1034,489,50,95
1030,487,50,95
1028,487,50,94
1028,490,51,94
1027,491,51,93
1026,491,51,93
1015,493,51,93
1015,493,52,92
1015,493,52,92
1015,492,52,92
1016,491,52,92
1016,489,51,92
1015,494,51,92
1016,493,50,93
1018,497,49,94
1038,492,49,94
1041,490,48,95
1042,488,47,96
1043,487,46,97
1043,486,45,98
1044,486,45,98
1043,485,45,98
1041,483,45,98
1040,483,45,97
1038,489,47,95
1035,488,47,94
1034,490,48,93
1034,491,49,92
1034,490,50,91
1034,489,50,90
1032,485,50,90
1031,484,50,90
1033,484,50,90
1034,486,50,90
1034,486,50,90
1041,485,49,90
1038,481,49,91
1038,478,48,92
1038,476,47,93
1038,473,47,93
1038,472,47,93
1039,474,47,93
1037,474,48,92
1026,475,47,92
1022,477,48,91
1021,480,48,91
1021,480,49,90
1020,480,49,90
1019,478,49,90
1021,479,48,91
1023,480,48,91
1030,480,47,92
1029,479,46,93
1030,478,46,93
1030,478,46,93
1031,478,45,94
1031,478,45,94
1013,478,46,93
1003,480,46,93
1014,479,46,92
1025,488,47,91
1027,488,48,91
1028,494,48,90
1028,499,49,90
1028,498,49,90
1030,500,49,90
1031,500,48,90
1033,500,48,90
1035,509,48,91
1037,517,48,91
1048,525,48,90
1051,529,53,85
1059,546,58,80
1068,545,61,77
1069,545,63,75
1071,547,65,73
1079,553,66,72
1073,552,66,72
1078,550,65,73
1089,539,61,78
1092,536,57,82
1103,535,54,86
1113,536,52,88
1116,537,50,90
1127,535,49,90
1129,525,49,91
1131,516,48,91
1151,515,48,91
1161,521,47,92
1189,540,50,88
1200,535,50,89
1194,544,53,85
1206,550,57,81
1210,548,60,79
1212,546,62,76
1215,545,62,76
1215,546,63,75
1216,535,62,76
1214,536,64,74
1215,537,64,75
1214,537,63,75
1215,536,63,75
1223,531,58,80
1213,530,60,78
1216,529,61,78
1213,536,61,77
1211,535,61,77
1210,525,62,77
1161,508,63,75
1170,507,65,74
1165,515,65,73
1161,514,66,73
1171,513,66,72
1177,510,67,72
1167,507,67,72
1167,493,63,76
1168,480,57,82
1160,479,52,87
1140,488,51,89
1121,484,49,91
1121,490,48,92
1129,489,48,92
1144,485,48,92
1143,478,53,87
1160,497,57,83
1171,509,59,80
1182,519,62,78
1197,528,64,76
1202,527,65,74
1208,529,65,74
1209,531,66,74
1211,533,67,73
1212,535,67,74
1210,534,66,74
1214,532,65,75
1225,525,60,80
1224,519,57,84
1207,510,60,81
1208,518,62,78
1211,517,63,78
1210,516,65,77
1210,516,65,77
1215,514,65,77
1212,513,66,76
1203,520,66,76
1192,537,67,75
1192,534,68,75
1201,541,68,75
1208,547,69,74
1207,542,70,74
1219,535,66,78
1216,541,66,78
1212,546,67,77
1211,547,68,76
1214,547,67,77
1218,539,62,83
1227,525,57,89
1228,509,53,93
1229,495,50,97
1224,495,50,97
1219,497,51,97
1190,513,50,97
1191,504,49,98
1202,515,49,98
1218,517,52,95
1227,517,51,97
1229,517,49,100
1228,525,48,101
1216,524,48,102
1216,521,47,103
1217,520,47,104
1225,521,46,104
1223,523,46,104
1222,526,47,104
1220,526,47,104
1207,536,51,100
1212,522,53,97
1201,528,53,98
1202,546,53,98
1194,545,52,99
1195,536,51,101
1193,527,50,102
1183,531,50,102
1185,542,50,103
1192,550,50,103
1182,557,50,103
1182,554,48,105
1181,553,47,106
1178,553,47,106
1177,554,47,106
1177,547,47,106
1175,550,47,107
1165,569,48,106
1165,566,49,105
1165,555,50,104
1165,555,50,104
1154,576,49,105
1143,582,48,107
1140,588,47,108
1140,583,46,109
1140,570,47,108
1140,559,48,108
1141,562,48,108
1140,570,48,108
1140,569,48,108
1139,569,48,108
1139,575,47,110
1137,574,47,110
1139,575,47,110
1138,577,47,111
1136,580,47,111
1126,583,47,112
1116,594,47,112
1106,594,48,111
1105,593,47,113
1103,593,46,114
1102,594,45,115
1102,594,44,117
1102,585,45,116
1104,577,46,115
1104,578,47,114
1114,589,46,115
1113,588,47,114
