680,618,44,37
682,624,42,38
681,631,40,39
681,634,40,40
678,635,40,40
672,636,40,40
668,639,40,40
664,640,40,39
656,640,41,39
645,640,41,39
639,640,41,39
632,641,41,38
621,638,41,38
612,635,41,38
603,629,41,38
594,623,41,38
585,618,41,38
577,612,41,38
570,605,40,38
568,599,40,38
561,593,40,39
558,589,40,38
557,586,39,39
561,584,39,39
561,581,38,39
562,573,38,40
569,565,38,40
575,559,37,41
571,556,37,40
575,552,37,40
580,548,37,41
580,545,36,41
575,542,36,41
573,538,36,41
568,534,36,41
562,530,35,41
555,525,35,41
541,517,35,41
532,511,36,40
523,505,36,40
520,503,37,39
516,500,37,39
509,495,37,39
506,490,37,39
507,485,36,39
509,480,36,39
512,478,36,39
510,473,36,39
507,467,36,39
508,465,36,40
508,459,35,40
502,452,35,40
496,445,35,40
490,439,35,40
483,435,35,40
475,432,35,39
463,432,36,39
453,432,35,39
450,429,35,39
447,419,35,39
445,407,35,39
443,394,35,39
439,382,35,39
435,372,35,39
437,365,34,39
435,359,35,38
435,354,34,38
435,348,34,38
437,341,32,40
434,335,33,39
434,334,33,39
436,334,33,38
438,333,34,38
440,329,34,37
442,324,34,37
444,320,33,37
444,313,31,39
445,306,30,40
447,299,31,39
448,288,30,40
449,278,29,41
449,264,28,42
450,254,27,42
446,244,27,42
442,239,26,43
437,235,26,43
432,227,27,42
427,217,28,41
423,205,28,40
426,192,29,39
414,180,30,38
422,176,30,38
421,167,30,37
422,158,30,37
425,150,30,37
426,146,30,37
430,142,30,37
429,143,30,37
438,146,28,39
448,145,27,41
453,141,25,42
462,142,24,43
472,142,24,44
476,141,23,44
477,141,23,44
481,142,23,44
477,142,23,44
481,142,24,43
485,142,24,42
484,139,24,42
485,140,25,40
490,139,25,40
495,136,25,41
504,132,25,40
512,131,25,40
513,126,26,39
522,118,25,40
526,114,25,40
527,117,26,38
531,120,28,36
535,120,29,35
537,117,30,34
542,114,31,33
545,107,31,33
546,99,30,33
547,92,31,33
553,87,31,32
560,82,31,32
569,77,30,33
574,74,30,32
580,68,30,32
591,67,30,32
597,59,30,32
598,50,30,32
600,44,30,32
601,39,30,32
602,35,30,32
607,34,30,32
607,29,30,32
610,30,30,31
616,36,30,31
613,38,30,31
618,41,30,31
623,47,30,32
624,53,30,32
625,60,29,32
631,67,29,32
637,73,30,32
639,80,29,32
640,87,29,32
642,94,29,32
647,105,29,32
649,114,28,32
655,123,28,32
657,133,29,32
659,143,29,31
669,153,29,31
679,163,28,32
684,175,28,32
685,185,28,32
690,196,27,32
694,202,25,34
699,200,24,35
701,210,24,36
699,241,25,35
697,251,26,34
697,263,26,34
696,277,26,33
693,293,26,33
692,304,26,33
688,314,27,33
683,322,27,32
681,333,27,32
677,345,27,32
672,360,27,32
670,371,27,32
669,379,27,32
670,388,27,32
671,396,27,32
670,402,27,32
672,406,27,32
673,409,27,33
669,415,27,33
668,416,27,34
667,415,27,33
669,413,28,33
672,411,28,33
675,411,28,33
675,410,28,34
676,408,28,33
682,408,28,33
688,407,29,33
691,406,29,33
693,405,29,33
695,404,29,33
696,404,29,33
698,403,30,33
704,403,29,33
710,405,29,33
716,405,29,34
719,405,29,34
727,405,29,34
729,408,29,34
730,406,29,34
732,401,30,34
733,401,30,35
730,400,30,35
732,399,30,35
731,400,30,35
729,400,30,35
729,399,30,35
728,398,30,35
725,397,31,35
724,397,31,36
723,397,31,35
720,395,31,35
716,393,32,35
712,391,32,35
710,391,32,35
710,391,32,35
709,392,32,35
708,393,32,36
707,394,32,36
708,393,33,35
709,392,33,35
709,391,33,35
710,389,33,36
711,387,33,36
711,385,33,36
712,381,34,36
713,375,34,36
714,371,34,36
716,369,34,36
716,366,34,36
714,365,34,36
715,364,34,37
715,365,33,38
711,372,33,38
711,373,32,39
711,371,33,38
711,349,33,38
712,310,34,38
692,304,34,38
690,310,35,37
687,310,35,37
685,311,35,37
680,291,35,37
681,307,36,36
671,299,35,37
660,304,35,37
658,299,35,37
656,294,35,37
655,289,35,36
660,278,34,38
677,286,35,37
673,285,35,37
693,252,35,37
711,256,35,37
745,257,34,38
729,255,35,37
725,270,35,37
730,286,35,37
735,301,35,37
739,308,35,37
738,316,35,37
733,311,35,37
738,311,36,37
746,307,36,36
759,311,36,36
766,317,36,36
767,320,36,36
770,321,36,36
772,322,36,36
773,322,36,36
772,322,36,36
773,320,36,36
779,320,36,36
780,320,36,36
779,319,36,36
780,318,36,37
781,319,36,37
780,319,36,37
778,318,36,37
773,318,35,37
777,318,35,37
777,317,35,37
776,315,35,37
775,314,35,37
777,312,35,37
779,310,35,37
770,343,35,37
771,339,35,37
776,339,35,37
785,341,35,37
791,345,35,37
796,350,35,37
800,356,35,37
805,357,35,37
810,361,35,37
815,362,35,37
819,367,35,37
820,367,35,37
821,368,35,37
825,373,35,37
824,374,35,37
825,378,35,37
825,378,35,37
829,379,35,37
833,379,35,37
838,379,35,37
843,379,35,37
847,375,35,37
847,375,35,37
850,371,35,37
850,371,35,37
854,371,35,37
855,371,35,37
855,371,35,37
859,370,35,37
858,366,35,37
858,362,35,37
862,362,35,37
866,357,35,37
871,361,35,37
872,362,34,38
872,366,35,38
877,366,35,38
881,366,35,37
877,367,35,37
877,372,35,37
882,377,35,37
882,377,35,37
882,377,35,37
883,372,35,37
883,371,35,38
882,370,35,38
880,368,35,38
878,369,35,38
878,369,34,38
874,369,34,38
874,364,34,38
872,363,34,38
870,359,34,38
868,358,34,38
866,353,34,38
863,351,34,38
863,351,34,38
863,353,34,38
872,357,34,38
867,353,34,38
862,356,34,38
861,350,34,38
856,344,34,38
850,338,34,38
848,328,35,38
843,327,35,38
837,321,35,38
826,316,35,38
820,315,35,37
814,309,35,37
803,304,35,37
796,298,35,37
790,293,35,37
778,292,36,37
771,291,36,37
771,290,36,37
772,290,36,37
774,290,36,37
775,290,36,37
774,291,36,37
774,291,36,37
784,291,36,37
773,289,36,37
762,282,36,37
748,276,36,37
738,270,36,37
728,268,36,37
722,265,36,37
711,263,37,36
696,261,37,36
685,258,37,36
675,265,37,36
668,262,37,36
657,265,37,36
646,263,37,36
636,261,37,37
628,264,37,37
621,270,37,37
610,273,37,37
601,273,36,37
591,278,36,38
581,282,36,38
567,287,35,39
556,291,35,39
543,296,35,39
534,301,35,39
524,311,35,39
511,320,35,39
500,330,35,39
490,334,35,39
476,335,35,39
469,340,35,39
454,340,36,39
444,345,36,39
437,355,36,39
425,360,36,39
435,350,36,38
417,349,37,38
396,349,37,37
373,353,38,37
352,353,38,37
336,354,39,36
329,356,39,36
317,356,39,36
310,355,39,36
308,356,39,36
303,360,39,36
297,365,39,36
291,371,39,36
291,381,39,36
292,395,39,36
297,409,39,36
301,418,39,37
301,431,39,37
297,440,39,37
296,450,39,37
294,457,39,37
289,463,39,37
278,467,39,37
268,471,39,37
269,476,39,37
264,481,39,37
254,490,40,37
249,490,40,37
244,490,40,37
238,480,40,36
232,469,40,36
227,459,41,36
227,448,41,36
225,438,41,36
222,432,41,36
221,426,41,36
220,416,41,36
218,410,41,36
217,409,41,36
217,409,41,36
217,413,41,36
222,413,41,36
222,412,41,36
227,406,42,36
227,396,42,36
227,391,41,37
227,389,41,37
227,389,41,37
227,388,41,38
227,393,40,38
227,398,40,38
227,404,40,38
222,415,40,39
219,431,40,39
212,456,40,38
203,476,40,39
190,486,40,38
176,497,40,38
168,506,40,39
155,511,40,39
142,516,40,39
132,521,40,39
125,522,40,39
119,525,38,41
113,525,38,40
111,526,39,40
108,527,39,40
102,532,39,40
100,537,39,40
99,543,39,39
98,548,39,39
99,549,39,39
99,554,39,39
104,559,39,40
104,565,39,40
104,572,39,40
103,577,39,40
103,578,39,40
104,579,39,40
113,574,39,40
114,574,39,40
118,570,39,40
119,565,39,40
119,559,39,40
114,553,39,40
113,547,39,40
113,536,39,40
108,529,40,40
106,523,40,40
101,517,40,40
100,512,40,40
98,506,41,39
94,501,41,39
89,495,41,39
89,494,41,40
89,493,41,40
94,492,41,40
99,492,41,40
105,496,41,40
110,495,41,40
111,494,41,40
111,493,41,40
111,494,41,40
111,500,41,40
117,511,41,40
123,522,41,41
129,538,40,41
135,549,40,41
140,556,40,41
145,562,40,41
151,563,40,42
167,561,39,42
179,551,38,44
179,545,36,45
179,539,35,46
184,539,35,47
185,545,34,48
184,545,33,48
179,556,33,49
178,561,34,47
177,567,34,48
173,579,33,48
173,586,33,49
168,596,32,49
158,606,32,50
142,618,32,50
127,640,31,50
126,666,31,50
127,664,31,50
102,646,33,48
93,648,35,46
85,641,36,45
80,638,37,44
77,629,37,43
80,625,38,43
82,616,38,42
85,614,39,42
83,609,38,42
81,608,38,42
84,608,38,43
87,610,38,43
80,615,37,43
78,621,37,43
76,621,37,43
74,621,37,43
71,621,37,42
69,621,37,42
72,624,37,42
69,621,37,42
66,618,38,41
69,615,38,41
66,612,38,41
68,605,38,41
65,597,38,41
68,590,38,41
70,582,38,41
67,575,38,41
64,571,38,40
61,567,38,40
59,564,38,40
57,559,38,40
55,559,37,41
53,565,37,41
47,565,37,41
45,571,36,42
38,577,36,42
31,583,36,42
20,588,36,42
14,594,36,42
6,594,36,42
0,595,36,42
0,596,35,42
0,597,35,42
15,615,36,42
33,613,36,42
21,596,36,42
22,622,36,41
18,632,34,43
15,626,35,43
13,625,35,43
0,658,35,42
0,667,34,44
0,671,33,45
0,655,33,45
0,649,34,44
4,653,34,44
3,654,34,44
3,654,34,44
0,654,33,45
0,668,33,45
0,673,33,45
0,665,32,46
0,668,32,46
0,665,31,47
0,668,31,47
0,667,31,47
0,670,31,47
0,670,31,47
0,667,31,47
0,660,31,47
0,653,32,46
0,652,32,46
0,650,32,46
0,648,32,46
0,646,32,46
3,641,32,46
0,636,32,46
4,651,33,45
7,655,33,44
15,655,34,44
14,659,34,44
8,660,35,43
0,667,33,45
0,671,33,45
4,676,33,44
9,687,36,42
10,689,39,39
6,688,40,39
8,688,40,38
9,688,41,38
0,670,38,40
0,668,37,42
0,667,37,42
0,665,36,43
0,669,36,43
0,668,36,43
0,667,35,44
0,666,35,44
0,671,35,44
1,676,35,44
7,680,35,44
18,667,35,44
17,656,35,44
22,673,35,44
16,672,36,43
2,671,36,43
0,669,36,43
0,667,36,43
0,664,36,43
0,667,36,43
0,671,36,43
0,668,35,44
1,670,35,45
4,674,35,45
0,668,35,44
0,655,36,44
0,650,35,44
4,662,35,44
5,673,36,44
4,673,36,44
10,685,39,41
9,691,41,39
8,690,42,38
8,691,42,38
8,690,43,37
9,690,44,36
4,690,45,36
8,692,46,35
7,685,45,35
18,683,45,36
19,672,43,37
23,672,43,37
7,673,43,38
0,677,42,38
0,676,42,39
0,681,41,39
0,681,40,40
0,673,38,42
0,671,37,44
0,669,36,45
0,671,35,46
0,669,35,46
0,667,34,46
2,668,35,46
0,668,35,46
0,669,35,46
13,685,36,44
9,684,38,43
12,685,40,41
15,685,41,40
17,686,41,40
25,686,42,39
28,686,43,38
31,687,43,38
29,687,44,37
31,687,45,37
33,691,45,36
36,691,46,36
43,691,46,35
50,691,47,35
57,691,47,35
58,692,47,34
59,692,47,34
60,692,48,34
65,691,48,34
58,678,47,35
62,678,47,35
63,683,47,35
67,683,46,35
67,682,46,36
68,682,46,36
67,685,46,36
66,684,46,36
64,683,46,36
58,683,46,36
57,682,46,36
55,681,45,36
48,681,45,37
42,678,44,38
41,673,43,39
44,673,43,39
47,673,42,39
50,678,42,39
59,678,42,40
63,678,42,40
69,678,42,40
79,678,42,40
85,682,42,40
86,682,42,40
83,681,42,40
72,679,41,40
74,677,41,40
79,679,41,41
86,677,41,41
93,676,41,41
99,676,41,41
105,680,41,41
110,679,41,41
116,679,41,41
120,688,41,40
124,687,42,40
125,687,43,39
125,686,43,39
124,690,44,38
119,689,44,38
114,689,44,38
114,688,45,37
120,680,44,38
127,677,44,39
134,670,43,40
145,668,42,40
150,665,42,41
161,659,41,41
167,656,41,42
173,649,41,42
179,643,40,42
186,642,40,42
197,640,40,43
204,634,40,43
210,633,40,43
217,627,40,43
223,626,40,43
229,625,40,43
240,630,40,43
235,633,40,43
242,633,39,43
243,633,39,43
243,636,39,43
249,636,39,44
244,639,39,44
249,642,39,44
248,641,39,44
241,641,39,44
234,641,39,44
228,639,39,44
217,632,39,44
211,630,39,44
210,623,39,43
205,621,39,43
204,614,39,44
208,613,39,43
208,612,39,44
213,610,39,44
213,609,39,44
224,607,39,44
229,600,39,44
234,598,39,44
240,593,39,44
245,592,39,44
240,577,39,44
242,568,39,44
243,564,39,44
250,559,39,44
259,552,39,44
267,552,39,44
274,552,39,44
231,529,38,45
236,530,38,45
244,531,38,46
248,532,37,46
250,537,37,47
253,541,37,47
257,542,37,47
260,542,37,47
261,541,37,47
266,540,36,48
269,539,36,48
272,538,37,48
275,539,37,48
278,544,37,48
277,549,37,48
281,555,37,48
286,561,37,48
290,567,37,48
291,572,37,48
295,569,37,48
294,565,37,49
292,564,36,49
290,559,36,49
294,554,37,49
287,554,37,49
285,553,37,49
283,552,37,49
281,551,37,49
279,550,37,49
277,549,37,50
274,549,37,50
271,549,37,50
265,550,37,50
263,550,37,50
262,552,37,50
260,553,37,50
258,554,38,50
251,554,38,50
249,554,38,50
249,551,38,50
248,550,38,50
247,545,38,50
251,544,38,50
254,544,38,50
254,544,38,50
258,547,38,51
263,546,38,51
267,541,38,51
270,548,38,51
276,549,38,51
283,552,38,51
290,554,38,51
296,556,38,51
307,558,39,51
313,565,39,51
318,570,39,51
316,569,39,51
320,573,39,52
318,571,39,52
316,571,39,52
315,574,40,52
313,572,40,52
306,575,40,53
299,572,40,53
292,575,40,53
284,574,40,53
276,572,40,53
269,575,41,54
262,578,41,54
255,576,41,55
247,580,41,55
246,585,41,55
245,589,41,55
237,592,41,55
242,596,41,56
241,593,42,56
234,590,42,56
233,588,42,56
231,592,42,57
230,593,42,57
231,596,42,57
237,604,42,57
242,620,42,58
247,624,43,57
240,623,43,58
245,627,43,58
245,626,43,58
250,631,43,58
255,635,43,59
260,640,44,59
259,643,44,59
258,640,44,59
251,637,44,60
250,635,45,60
243,633,45,60
241,630,45,60
240,627,45,61
239,623,46,61
238,621,46,61
238,619,46,62
238,618,46,62
237,616,46,62
243,620,47,62
242,617,47,62
248,614,47,62
248,612,48,62
252,611,48,63
252,614,48,63
251,618,49,63
257,616,49,63
256,613,49,63
256,609,49,64
255,606,49,64
255,611,49,65
262,616,49,65
266,614,50,65
258,612,50,65
249,617,50,66
246,622,51,65
246,625,51,66
245,628,52,65
236,624,52,66
234,621,52,66
234,619,52,67
235,622,52,67
233,620,52,67
232,619,53,68
232,614,53,68
232,610,53,68
232,605,53,69
239,603,54,69
246,608,54,69
254,614,54,70
262,619,54,70
269,618,54,70
276,615,55,70
283,611,55,70
282,606,55,70
289,603,56,70
289,598,56,70
296,586,56,71
304,582,57,71
303,577,57,70
303,572,58,71
318,568,58,71
335,554,58,71
366,542,58,71
391,532,58,72
431,530,58,73
475,529,57,73
524,527,57,74
565,526,57,74
584,527,57,74
592,532,58,74
599,538,58,74
607,545,59,74
615,553,59,74
615,558,59,74
623,564,60,74
631,572,60,74
630,585,60,74
630,592,60,74
632,602,60,75
632,612,60,75
633,622,59,76
640,631,60,76
639,639,60,76
637,645,61,75
628,646,61,75
618,652,62,75
590,653,63,74
587,650,63,74
584,651,63,74
588,651,63,74
589,647,63,74
592,644,63,74
573,606,64,73
553,605,64,72
534,604,65,71
527,601,66,71
526,598,66,70
526,595,67,70
524,593,67,70
514,589,67,69
514,585,67,69
520,582,67,69
518,578,68,69
517,574,68,69
516,571,68,68
516,559,68,68
522,556,68,68
522,544,68,68
523,533,68,68
530,531,68,68
536,529,68,68
543,527,68,68
549,526,68,68
548,523,68,68
547,521,68,68
553,519,67,68
553,517,67,69
560,523,67,69
559,521,67,69
565,519,67,69
563,517,67,69
560,516,67,69
558,505,67,68
556,502,67,68
553,500,67,69
551,498,67,69
550,503,67,69
548,500,67,69
539,498,66,69
537,504,67,69
535,503,67,68
533,509,67,68
523,505,67,68
513,502,67,68
511,508,67,68
501,513,67,68
491,510,67,68
489,516,67,68
479,513,67,68
469,510,67,68
457,499,67,68
447,495,67,68
445,492,67,68
443,490,67,68
431,479,67,68
423,476,66,68
421,464,66,68
419,452,66,69
418,449,66,68
417,446,66,68
417,442,66,68
425,438,66,68
424,435,66,68
430,440,66,68
430,435,66,68
437,431,66,68
434,429,66,68
425,426,66,68
424,422,66,68
423,427,66,68
415,423,66,68
413,421,66,68
412,426,66,68
409,422,66,68
407,411,66,68
397,407,66,68
395,404,66,68
384,402,66,67
383,407,66,67
380,405,66,67
378,411,66,67
368,408,66,67
365,406,66,67
355,402,66,67
345,399,66,67
343,397,66,67
341,402,66,67
339,399,66,67
337,395,66,67
336,392,66,67
343,390,66,67
349,395,67,67
355,394,66,67
362,400,66,67
363,397,66,67
371,404,66,67
378,401,66,67
379,399,66,67
379,405,66,67
377,410,66,67
376,407,66,67
374,414,66,67
374,419,66,67
372,416,66,67
371,422,66,67
370,421,66,67
369,427,66,67
375,434,66,67
373,433,66,67
367,430,66,67
367,429,66,67
366,435,66,67
364,433,66,67
363,431,66,67
361,430,66,67
359,436,66,67
358,432,66,67
356,428,66,67
354,424,66,67
352,421,66,67
343,418,66,67
341,416,66,67
339,421,66,67
336,418,66,67
334,416,66,67
333,413,66,67
331,410,66,67
337,407,66,67
335,396,66,67
336,393,66,67
343,398,66,67
344,395,66,67
350,400,65,67
348,405,65,67
347,402,65,67
347,400,65,67
346,397,65,67
352,403,65,67
349,400,65,67
338,397,65,67
328,395,65,67
319,400,65,67
309,406,65,67
301,411,65,67
298,409,65,67
296,397,65,67
299,397,65,67
300,399,65,67
302,399,65,67
301,399,65,67
284,380,65,67
275,377,65,67
292,357,65,68
284,395,64,68
284,392,64,68
283,389,64,68
282,388,64,68
282,387,64,68
283,382,64,68
283,381,64,68
280,381,64,68
277,378,64,68
275,374,64,68
257,371,64,68
273,386,64,68
281,402,64,69
288,412,64,69
286,421,64,69
286,428,63,69
285,435,63,69
293,441,63,69
292,439,63,69
290,428,63,69
282,401,63,69
325,436,62,70
325,434,62,70
326,434,62,70
316,416,62,70
316,461,62,69
317,497,62,69
317,508,62,69
308,499,61,69
298,474,61,70
290,456,60,70
282,448,60,70
283,457,60,70
284,478,60,70
276,492,60,70
276,499,59,70
274,501,59,70
266,501,59,70
269,496,59,70
269,498,59,70
272,506,58,69
274,516,58,70
276,518,58,69
278,519,58,69
282,514,58,69
282,513,57,69
284,508,57,69
285,509,57,69
287,513,57,69
290,516,57,68
292,519,57,68
294,521,57,68
294,522,57,68
294,523,57,68
292,530,56,68
285,536,56,69
285,545,56,68
285,553,56,68
279,562,56,68
281,571,55,68
281,591,55,68
274,617,55,68
274,638,55,68
278,646,55,68
285,637,54,69
290,612,54,69
290,580,54,69
282,547,54,69
284,516,54,69
293,493,54,68
296,478,54,68
288,472,54,67
279,475,54,67
272,482,54,67
272,490,54,67
278,496,54,67
285,497,54,67
287,502,54,67
295,503,54,67
297,502,53,67
300,498,54,66
307,493,54,66
314,492,53,66
320,491,53,66
322,489,53,66
329,491,53,66
336,490,52,66
338,491,53,66
338,497,52,66
340,490,52,66
353,466,52,65
367,422,52,65
365,438,53,65
365,435,53,65
402,427,52,65
392,434,52,65
384,424,52,65
339,394,52,65
338,398,52,64
331,392,52,64
329,398,52,64
329,416,52,64
328,437,51,65
335,448,51,65
336,451,51,65
343,434,51,65
343,405,51,64
335,373,51,64
332,358,52,64
347,389,52,63
330,372,52,63
321,409,52,63
314,434,52,63
320,445,53,62
326,418,53,62
363,442,53,62
369,441,53,62
380,448,51,64
372,437,52,64
359,427,52,63
351,426,51,64
343,427,51,64
350,418,51,64
327,373,51,63
334,381,52,63
340,388,52,63
347,381,52,62
346,381,52,62
347,384,52,62
348,399,52,62
356,416,52,62
363,427,52,61
363,427,52,61
363,412,52,61
364,405,52,61
371,419,51,61
379,435,51,61
387,444,52,61
379,440,52,60
380,434,52,60
396,434,51,61
410,435,51,61
411,439,51,60
411,445,52,60
411,446,51,60
412,446,51,60
412,440,51,59
418,435,51,59
418,436,51,59
419,443,51,59
419,444,52,58
419,449,51,59
428,450,51,58
435,453,51,58
436,459,51,59
437,460,51,58
437,462,51,58
438,462,51,58
440,461,50,58
447,464,50,58
447,471,50,58
453,474,50,58
453,479,49,59
459,478,49,59
459,478,49,59
459,482,48,59
466,484,49,59
466,490,48,59
470,496,48,59
470,504,48,59
472,512,48,59
479,518,48,59
486,522,48,58
485,529,48,58
483,535,47,59
483,535,47,59
484,529,47,58
482,522,47,59
481,513,47,59
483,502,47,58
489,498,47,58
496,492,47,58
501,487,47,58
505,486,46,58
510,481,47,58
510,480,47,58
515,479,46,58
514,473,46,58
506,466,46,58
504,458,46,58
502,447,46,58
508,441,46,58
509,436,46,58
515,435,46,58
520,435,46,58
525,435,46,58
529,441,45,59
534,441,45,59
540,436,45,59
546,437,45,59
551,440,46,58
551,446,45,58
552,447,46,58
553,445,46,58
558,439,46,58
558,435,46,57
558,435,46,57
560,435,46,57
562,439,46,57
561,445,45,57
560,453,45,57
557,463,46,56
550,479,46,56
551,489,46,56
550,497,46,56
540,499,46,56
520,506,45,56
512,506,45,56
513,507,45,56
514,505,45,57
513,504,44,57
510,498,45,57
508,497,44,57
506,491,45,56
507,492,45,56
507,494,45,56
508,495,45,56
513,495,45,56
518,495,45,55
518,496,45,55
518,495,45,56
519,496,45,55
521,499,45,55
521,505,45,55
527,505,44,55
528,511,44,55
528,511,44,55
530,515,45,55
534,516,45,55
540,518,45,54
540,521,45,54
540,525,45,54
541,527,45,54
547,526,44,54
548,526,44,54
549,526,44,54
548,525,44,55
550,522,44,54
550,523,44,54
551,523,44,55
551,524,43,55
549,523,43,55
549,518,43,54
549,518,43,55
549,518,43,55
550,518,43,55
556,518,43,55
555,518,43,55
550,525,43,55
550,526,43,55
550,521,43,55
557,518,43,54
557,519,43,54
555,516,43,54
554,510,43,53
554,506,44,53
559,506,44,53
559,508,44,53
565,507,43,53
571,505,43,53
569,505,43,53
568,507,43,53
568,508,43,53
568,508,43,53
574,506,43,53
581,506,43,53
583,506,43,53
583,507,43,53
579,507,43,53
579,505,43,53
578,513,43,53
577,521,43,53
577,530,42,53
578,533,42,53
578,535,42,53
576,537,42,53
574,538,42,53
575,534,42,53
574,532,43,53
570,533,43,53
566,534,43,53
567,534,43,53
570,532,43,52
566,533,42,52
566,529,43,52
565,531,43,52
564,533,42,52
565,538,43,52
563,545,42,52
564,553,42,53
564,564,42,52
551,572,42,52
543,559,42,53
544,524,42,52
548,483,43,52
560,496,42,52
552,492,42,53
557,490,41,53
556,475,40,54
535,469,40,54
515,461,39,55
519,461,41,53
518,460,41,53
510,454,41,53
510,454,41,53
522,429,41,53
515,428,42,52
509,416,42,51
513,409,43,51
519,414,43,50
517,425,43,50
510,437,44,49
498,442,44,49
491,443,44,49
491,442,44,49
490,441,44,49
489,441,44,49
489,447,44,48
488,448,44,48
488,453,44,48
492,453,44,48
491,453,44,48
491,451,44,48
495,451,44,48
494,452,44,48
494,457,44,48
498,462,44,48
503,462,44,48
501,462,44,48
505,467,44,48
503,466,44,47
502,471,44,47
506,475,44,47
504,469,44,47
508,473,44,47
507,478,44,47
506,482,44,47
504,482,44,47
502,486,44,47
496,486,44,47
494,485,44,47
493,484,44,47
498,489,44,47
497,487,44,47
497,486,44,47
495,485,44,47
494,484,44,47
487,482,44,47
480,476,44,47
473,475,44,47
472,474,44,46
471,468,44,46
470,467,43,46
474,466,43,46
478,460,43,46
482,459,43,46
488,453,43,46
493,453,43,46
498,452,43,46
498,457,43,46
504,456,43,46
508,456,43,45
514,461,43,45
514,460,43,45
520,465,43,45
525,465,43,45
524,470,43,45
523,471,43,45
522,476,43,45
521,475,43,45
515,475,42,46
514,480,43,45
508,480,42,45
511,479,42,45
510,479,42,45
515,483,42,45
514,484,42,45
518,488,42,45
516,483,42,45
521,488,42,45
521,489,42,45
522,488,42,45
526,483,42,45
526,475,42,45
530,453,43,45
530,453,43,45
529,455,43,45
524,433,42,45
533,427,42,45
544,431,42,45
549,442,42,45
553,447,43,45
557,458,43,45
562,463,42,45
561,468,43,46
565,474,43,46
565,485,43,46
564,495,43,46
568,501,43,46
567,506,43,46
570,511,43,46
569,511,43,46
556,510,43,46
543,505,44,46
581,464,44,46
593,445,44,46
592,444,43,47
591,430,42,48
593,429,41,49
599,423,40,50
597,421,40,50
604,413,40,50
604,412,40,50
602,412,40,50
601,412,40,50
602,412,40,50
609,412,40,50
614,410,40,50
613,408,39,51
611,411,39,51
610,410,39,51
615,414,39,51
614,412,39,51
613,411,39,51
613,408,39,51
617,406,39,51
617,404,39,51
622,402,39,51
629,401,39,51
634,401,39,51
641,405,39,51
646,408,39,51
651,407,39,51
655,405,39,51
655,404,39,51
661,403,39,51
666,407,39,51
666,412,39,51
665,411,39,51
665,410,39,51
665,409,39,51
660,408,39,51
659,408,39,51
652,406,39,51
645,405,39,51
637,404,39,51
631,404,39,52
625,408,39,52
618,412,39,52
618,412,39,52
617,415,39,52
610,415,39,52
597,413,39,52
590,400,39,52
590,399,39,52
589,397,39,52
582,385,39,52
582,383,39,52
581,382,39,52
580,380,39,52
578,378,39,52
574,375,39,52
574,376,39,52
573,373,39,52
572,374,39,52
572,374,39,52
572,372,39,52
572,369,39,52
570,366,39,52
570,364,39,52
570,365,39,52
568,365,39,52
567,363,39,52
564,364,39,52
562,364,39,52
561,360,39,52
560,357,39,52
560,355,39,52
561,356,39,52
562,356,39,52
563,358,39,52
563,359,39,52
563,361,39,52
564,361,39,52
563,361,39,52
562,360,39,52
562,359,39,52
562,360,39,52
561,361,39,51
560,362,39,51
560,363,39,51
559,364,39,51
558,365,39,51
558,366,39,51
557,367,39,51
557,368,39,51
557,369,39,51
557,369,39,51
556,370,39,51
556,371,39,51
550,377,39,51
550,376,39,51
549,374,39,51
549,375,40,51
548,380,40,51
543,380,40,51
543,386,40,51
543,386,40,51
543,391,40,51
536,390,40,50
531,390,40,50
531,396,40,50
531,396,40,50
531,397,40,50
531,397,40,50
530,397,40,50
530,396,40,50
529,395,40,50
529,394,40,50
527,392,40,50
525,390,40,50
525,388,40,50
526,385,40,50
528,383,40,50
527,384,40,50
528,384,40,50
526,381,40,50
527,383,40,50
528,359,39,52
516,347,38,53
515,358,36,54
514,376,36,55
520,399,34,56
532,417,34,57
533,430,33,57
516,430,33,58
505,418,32,58
505,407,32,58
504,401,32,58
504,401,32,58
514,401,33,57
515,402,33,57
516,405,33,57
515,406,33,57
514,408,33,57
515,411,33,57
516,412,33,57
517,413,33,57
517,414,33,57
516,414,33,57
514,414,33,57
513,415,33,57
507,414,33,57
506,413,33,57
505,417,34,56
499,421,34,56
503,420,34,56
502,423,35,55
508,417,35,55
501,417,35,55
495,416,35,55
495,410,35,54
493,408,36,54
497,406,36,54
503,399,36,53
502,397,37,53
501,395,37,53
506,398,37,53
504,398,37,52
503,397,37,52
509,403,37,52
504,414,37,52
498,420,38,52
498,425,38,51
493,431,38,51
492,430,38,51
491,428,38,51
490,427,38,51
489,425,38,51
490,423,38,51
491,420,38,51
491,419,38,51
491,419,38,51
491,418,38,51
488,418,38,51
487,417,38,51
486,417,38,51
487,418,38,51
487,419,38,51
487,420,38,51
487,422,38,51
487,424,38,51
487,426,38,51
488,428,38,51
488,427,38,51
486,427,38,51
485,421,38,51
491,414,38,51
490,412,39,51
490,411,39,50
489,410,39,50
483,415,39,50
482,421,39,50
477,426,39,50
472,426,39,50
465,425,39,50
458,424,39,50
451,423,39,50
450,422,39,50
448,421,39,50
446,421,39,50
446,420,39,50
446,419,39,50
447,420,39,50
449,419,39,50
450,418,39,50
450,417,39,50
451,418,39,50
453,419,39,50
453,418,39,50
454,417,39,50
454,417,39,50
454,416,39,50
453,415,39,50
453,416,39,50
454,417,39,50
455,417,39,50
454,416,39,50
454,415,39,50
454,415,39,50
456,416,39,50
457,416,39,50
458,416,39,50
458,416,39,50
459,416,39,50
459,415,39,50
460,415,39,50
460,417,39,50
460,429,39,50
459,434,39,50
446,440,39,49
432,440,39,49
419,440,39,49
414,446,38,50
412,446,38,50
411,452,38,51
404,457,38,51
397,456,38,51
392,457,37,52
392,459,36,52
384,464,37,52
380,457,36,53
373,450,36,53
371,443,36,53
370,443,36,52
371,444,36,53
372,444,35,54
371,445,35,54
365,445,35,54
366,440,34,55
366,439,35,54
367,440,34,55
374,446,34,55
374,452,34,55
378,453,35,54
385,454,34,55
385,454,35,54
392,455,34,55
396,460,34,55
394,459,35,54
393,453,35,54
390,452,35,54
390,447,36,53
394,452,36,53
394,450,35,54
401,450,35,54
402,455,34,55
409,456,34,55
410,455,33,56
411,450,33,56
410,450,34,56
411,449,33,56
415,448,34,56
410,442,33,56
412,436,33,56
407,431,33,57
403,432,32,57
398,432,32,57
398,434,32,57
394,440,32,58
392,451,32,57
387,451,33,56
389,458,33,57
393,464,33,56
399,463,33,56
399,463,33,56
394,463,33,56
387,463,34,55
380,462,34,55
381,452,34,55
381,451,34,56
386,450,34,55
393,451,33,56
405,452,33,56
416,451,33,56
425,450,34,55
424,456,34,55
416,454,35,55
410,447,35,54
409,447,35,54
407,452,35,54
406,458,35,54
404,463,35,54
404,469,36,53
406,474,35,54
406,480,35,54
405,479,36,54
404,480,36,53
404,485,36,53
403,485,36,53
397,486,36,53
391,486,36,53
389,491,36,53
388,491,36,53
383,490,36,53
384,491,35,54
383,486,36,53
387,486,36,53
391,486,36,53
397,488,36,53
405,496,36,53
409,502,36,53
411,504,36,53
404,504,36,53
404,498,36,53
409,498,36,53
408,493,36,53
408,498,36,53
407,503,36,53
401,509,36,53
400,520,36,52
400,531,37,52
402,538,36,53
407,546,36,53
408,558,36,53
412,559,36,53
417,564,36,52
421,564,37,52
420,563,37,52
425,558,37,52
430,558,37,52
435,563,37,52
445,563,37,52
456,562,37,52
456,561,37,52
458,560,37,52
459,560,37,52
453,560,37,52
454,560,37,52
454,560,37,52
459,565,37,52
459,565,37,52
459,564,37,52
457,564,37,52
455,565,37,52
455,565,37,52
454,565,37,52
454,565,37,52
453,563,37,52
452,561,37,52
451,559,37,52
450,557,37,52
449,555,37,52
447,553,37,52
440,552,37,52
438,551,37,52
437,550,37,52
436,550,37,52
436,550,37,52
436,551,37,52
437,551,37,52
437,551,37,52
437,549,37,52
437,549,37,52
436,549,37,52
436,548,37,52
436,547,37,52
438,546,37,52
437,546,37,52
437,544,37,52
437,543,37,52
434,542,37,52
432,541,37,52
431,539,37,52
430,537,37,52
429,536,37,52
426,538,37,52
425,538,37,52
424,538,37,52
430,538,37,52
430,532,37,52
429,525,38,51
429,525,38,51
434,524,38,51
439,524,38,51
438,523,38,51
437,522,38,51
442,521,38,51
442,516,38,51
441,516,38,51
440,516,38,51
440,515,38,51
441,514,38,51
446,514,38,51
445,514,38,51
439,513,38,51
438,507,38,51
432,501,38,51
437,506,39,51
435,506,39,50
432,505,39,50
431,499,39,50
429,499,39,50
423,494,39,50
429,488,39,50
434,488,39,50
433,487,39,50
434,485,39,50
435,484,39,50
434,482,39,50
422,481,39,50
421,486,39,50
420,485,39,50
413,490,39,50
413,489,40,50
418,488,40,50
425,486,39,50
432,484,39,50
438,489,39,50
438,481,39,51
443,485,39,50
448,490,39,50
449,495,39,50
448,499,40,50
447,498,40,50
441,498,40,50
441,496,39,50
441,496,40,50
441,495,40,50
439,489,40,50
437,488,40,50
436,482,40,50
437,474,40,50
443,473,40,50
449,466,40,50
455,465,40,50
468,457,39,51
479,457,40,51
485,456,40,51
497,449,40,51
510,448,40,51
516,454,40,51
522,453,40,51
528,458,40,51
528,457,40,51
528,450,40,51
535,448,40,51
547,439,40,51
547,430,39,51
553,427,39,52
555,423,39,52
561,420,39,52
567,411,38,53
568,406,38,53
569,403,38,53
568,399,38,53
568,395,38,53
575,391,37,54
581,389,37,54
587,387,37,54
587,386,37,54
587,385,37,54
586,384,37,54
586,382,37,54
586,380,37,54
587,375,37,54
587,373,37,54
586,372,37,54
585,371,37,54
584,371,37,54
583,370,37,54
582,369,37,54
581,367,37,54
580,365,37,53
579,363,38,53
559,366,39,52
557,358,39,52
556,344,40,51
552,330,41,51
549,316,41,50
546,307,41,50
543,292,42,50
547,280,42,49
550,273,42,49
553,265,42,49
551,264,43,49
554,256,43,49
552,249,43,49
550,242,43,48
554,235,44,48
557,234,44,48
556,232,44,48
554,231,44,48
558,229,44,48
557,227,44,48
560,225,44,48
563,224,44,48
567,227,44,48
572,226,45,48
575,230,44,48
574,229,45,48
583,222,45,48
587,214,45,48
591,206,45,48
595,205,45,48
600,203,45,48
603,202,45,48
601,206,45,48
604,204,45,48
603,203,45,48
602,202,45,48
604,206,45,48
603,198,45,48
607,196,45,48
611,194,45,48
615,198,45,48
619,198,45,48
624,203,45,48
623,208,45,48
628,213,45,48
632,218,45,48
637,217,45,48
642,216,45,48
645,220,45,48
644,219,46,48
649,218,45,48
653,223,46,48
658,227,46,48
663,232,46,48
668,237,46,48
671,241,46,48
669,244,46,48
672,242,46,48
676,245,46,48
674,244,46,48
679,249,46,48
683,253,46,48
688,258,46,48
692,257,46,49
695,261,46,49
695,261,46,49
699,265,46,49
702,268,46,49
702,267,46,49
707,272,46,49
706,276,46,49
711,280,46,49
710,284,46,49
714,289,46,49
718,294,46,49
722,299,46,49
720,303,46,49
725,302,46,49
724,307,46,50
729,312,46,50
727,316,46,50
725,320,46,50
724,320,46,50
729,324,46,50
728,329,46,50
727,334,46,50
732,339,46,50
732,344,46,50
736,349,46,50
741,354,46,50
740,359,46,50
739,364,46,50
743,374,46,50
742,379,46,50
746,384,46,50
744,394,46,50
744,399,46,50
748,404,46,51
747,409,46,51
747,409,46,51
749,407,46,51
697,409,45,52
696,409,42,55
696,410,42,55
700,411,40,57
702,414,39,58
705,415,38,59
707,413,38,59
715,411,36,61
721,409,35,63
728,408,34,64
734,408,33,64
741,408,33,64
748,407,32,65
754,407,32,65
762,410,32,65
787,408,32,64
799,409,32,64
812,414,32,64
837,418,32,64
850,425,32,63
866,432,32,63
880,439,32,63
888,444,33,62
889,445,33,61
883,444,33,62
865,440,33,61
852,435,33,61
834,428,33,61
821,423,33,60
809,420,32,61
803,417,32,61
785,413,32,60
774,412,33,60
768,412,33,59
756,413,35,57
758,417,37,54
753,426,38,53
746,430,39,51
738,439,40,50
731,447,41,50
731,460,41,49
734,473,42,48
758,493,42,48
781,513,42,48
810,538,42,48
