850.5,452.5,67,37
852.12,452.91,67,37
855.37,453.31,67,37
857.81,453.72,67,37
859.43,453.72,67,37
861.86,453.72,67,37
862.68,453.72,67,37
863.49,453.72,67,37
865.11,453.72,67,37
865.92,454.12,67,37
866.33,454.53,67,37
866.74,454.12,67,37
866.33,454.12,67,37
863.89,454.12,67,37
859.43,454.12,67,37
854.96,454.12,67,37
848.88,454.12,67,37
841.57,453.72,67,37
832.64,453.31,67,37
824.93,453.31,67,37
815.59,453.31,67,37
806.66,453.31,67,37
797.74,452.91,67,37
788.81,452.5,67,37
780.28,452.09,67,37
772.98,452.5,67,37
763.64,452.5,67,37
756.34,452.5,67,37
749.03,452.09,67,37
741.72,452.5,67,37
734.42,452.5,67,37
728.33,452.5,67,37
722.65,452.91,67,37
716.56,453.31,67,37
710.88,453.72,67,37
707.22,454.12,67,37
703.57,454.53,67,37
699.51,454.53,67,37
696.67,454.53,67,37
693.83,454.94,67,37
691.39,455.75,67,37
690.18,456.15,67,37
688.15,456.56,67,37
686.12,456.56,67,37
684.9,456.96,67,37
683.68,457.37,67,37
682.06,457.78,67,37
680.91,457.77,68.482,37.819
680.5,458.19,68.482,37.819
679.67,458.6,68.482,37.819
679.26,458.6,68.482,37.819
679.26,458.6,68.482,37.819
679.26,459.01,68.482,37.819
678.5,459.01,69.998,38.655
678.08,459.43,69.998,38.655
677.65,459.86,69.998,38.655
678.08,459.86,69.998,38.655
678.08,459.86,69.998,38.655
678.5,459.86,69.998,38.655
678.92,460.28,69.998,38.655
679,460.28,71.546,39.511
678.2,459.84,73.129,40.385
678.65,459.4,73.129,40.385
678.65,459.4,73.129,40.385
679.09,459.84,73.129,40.385
678.72,459.39,74.747,41.278
679.18,459.85,74.747,41.278
679.63,460.3,74.747,41.278
680.54,460.3,74.747,41.278
680.99,460.3,74.747,41.278
682.35,460.3,74.747,41.278
682.8,460.75,74.747,41.278
684.16,461.2,74.747,41.278
684.16,461.2,74.747,41.278
685.07,461.2,74.747,41.278
686.42,461.2,74.747,41.278
686.88,461.2,74.747,41.278
688.24,461.2,74.747,41.278
688.69,461.66,74.747,41.278
690.05,462.11,74.747,41.278
690.13,461.2,76.401,42.192
690.59,460.74,76.401,42.192
691.52,461.2,76.401,42.192
692.9,461.2,76.401,42.192
693.37,461.2,76.401,42.192
694.29,461.2,76.401,42.192
695.22,461.66,76.401,42.192
695.68,462.13,76.401,42.192
697.07,462.13,76.401,42.192
697.53,462.13,76.401,42.192
698.46,462.13,76.401,42.192
699.38,462.13,76.401,42.192
699.84,462.13,76.401,42.192
700.77,462.59,76.401,42.192
702.16,463.05,76.401,42.192
703.08,463.05,76.401,42.192
703.55,463.05,76.401,42.192
704.93,463.51,76.401,42.192
705.4,463.98,76.401,42.192
705.94,463.51,78.091,43.125
707.36,463.98,78.091,43.125
708.3,464.46,78.091,43.125
709.25,464.93,78.091,43.125
710.19,465.4,78.091,43.125
710.67,465.87,78.091,43.125
712.56,465.87,78.091,43.125
713.03,466.35,78.091,43.125
713.5,467.29,78.091,43.125
714.92,467.76,78.091,43.125
715.86,467.76,78.091,43.125
715.47,467.76,79.819,44.079
714.59,467.75,81.585,45.054
714.18,467.75,83.39,46.051
713.26,467.74,85.235,47.07
712.83,468.25,87.121,48.112
711.87,468.25,89.049,49.176
710.88,468.24,91.019,50.264
710.88,468.8,91.019,50.264
711.43,468.8,91.019,50.264
711.43,469.35,91.019,50.264
711.43,470.45,91.019,50.264
711.43,470.45,91.019,50.264
711.43,470.45,91.019,50.264
711.43,471,91.019,50.264
711.43,472.1,91.019,50.264
710.88,472.65,91.019,50.264
710.88,473.2,91.019,50.264
710.33,473.75,91.019,50.264
709.23,474.31,91.019,50.264
708.68,474.86,91.019,50.264
708.13,475.41,91.019,50.264
707.03,475.41,91.019,50.264
704.37,475.4,93.033,51.376
703.34,474.83,95.091,52.513
702.76,474.83,95.091,52.513
702.19,475.41,95.091,52.513
701.04,476.56,95.091,52.513
700.46,477.13,95.091,52.513
699.32,477.13,95.091,52.513
698.74,477.13,95.091,52.513
697.59,477.71,95.091,52.513
696.44,478.28,95.091,52.513
695.87,478.28,95.091,52.513
694.72,478.28,95.091,52.513
694.14,478.86,95.091,52.513
693,478.86,95.091,52.513
691.85,478.86,95.091,52.513
689.65,478.85,97.195,53.675
689.06,478.85,97.195,53.675
686.22,478.84,99.345,54.862
686.22,479.44,99.345,54.862
685.62,480.04,99.345,54.862
682.12,479.44,101.54,56.076
681.5,479.44,101.54,56.076
680.89,479.44,101.54,56.076
679.66,479.44,101.54,56.076
679.05,480.05,101.54,56.076
678.44,480.05,101.54,56.076
677.21,480.05,101.54,56.076
675.98,480.66,101.54,56.076
674.14,480.66,101.54,56.076
673.53,481.28,101.54,56.076
672.3,481.89,101.54,56.076
671.69,482.51,101.54,56.076
669.33,481.88,103.79,57.317
667.45,482.51,103.79,57.317
666.2,483.14,103.79,57.317
664.94,483.77,103.79,57.317
664.94,483.77,103.79,57.317
663.06,484.39,103.79,57.317
662.43,484.39,103.79,57.317
661.18,485.02,103.79,57.317
658.77,485.02,106.09,58.585
655.68,485.65,108.43,59.881
655.02,486.3,108.43,59.881
654.37,486.96,108.43,59.881
651.86,487.61,110.83,61.206
651.86,488.95,110.83,61.206
648.62,488.27,113.28,62.56
648.62,489.64,113.28,62.56
646,489.63,115.79,63.944
646,489.63,115.79,63.944
645.3,490.33,115.79,63.944
644.6,491.73,115.79,63.944
643.9,492.43,115.79,63.944
643.2,493.13,115.79,63.944
642.5,494.53,115.79,63.944
641.8,495.23,115.79,63.944
641.1,495.93,115.79,63.944
641.1,496.63,115.79,63.944
640.4,497.33,115.79,63.944
640.4,498.73,115.79,63.944
639.12,498.72,118.35,65.359
638.4,499.44,118.35,65.359
637.09,500.15,120.97,66.805
637.09,500.15,120.97,66.805
637.82,500.88,120.97,66.805
639.29,501.61,120.97,66.805
639.41,501.6,123.65,68.283
638.79,500.85,126.38,69.794
638.92,500.84,129.18,71.338
637.49,500.05,132.04,72.917
636.83,499.24,134.96,74.53
637.78,499.24,137.95,76.179
637.09,498.39,141,77.864
637.09,496.69,141,77.864
638.94,496.68,144.12,79.587
639.09,496.67,147.31,81.348
638.35,494.88,150.56,83.148
643.81,494.88,150.56,83.148
643.05,491.23,153.9,84.987
645.85,491.23,153.9,84.987
649.57,491.23,153.9,84.987
652.37,490.3,153.9,84.987
659.82,490.3,153.9,84.987
661.84,489.36,157.3,86.868
673.25,489.36,157.3,86.868
678.01,489.36,157.3,86.868
681.81,489.36,157.3,86.868
684.83,487.45,160.78,88.79
686.77,487.45,160.78,88.79
689.69,487.45,160.78,88.79
692.61,487.45,160.78,88.79
697.47,487.45,160.78,88.79
699.42,486.47,160.78,88.79
704.44,486.46,164.34,90.754
704.61,484.47,167.97,92.762
704.79,481.41,171.69,94.814
707.91,480.37,171.69,94.814
712.06,480.37,171.69,94.814
716.22,480.37,171.69,94.814
717.44,479.32,175.49,96.912
720.62,479.32,175.49,96.912
720.8,477.19,179.37,99.056
722.07,477.18,183.34,101.25
724.28,477.18,183.34,101.25
727.61,476.07,183.34,101.25
728.9,474.95,187.4,103.49
730.23,474.94,191.54,105.78
734.87,474.94,191.54,105.78
735.06,473.77,195.78,108.12
734.08,472.57,200.11,110.51
735.29,473.78,200.11,110.51
736.5,474.99,200.11,110.51
737.71,477.41,200.11,110.51
736.71,476.19,204.54,112.96
737.95,478.66,204.54,112.96
735.68,478.65,209.07,115.45
733.15,481.18,209.07,115.45
715.66,479.9,213.69,118.01
684.87,474.72,218.42,120.62
691.71,474.71,223.25,123.29
683.83,473.34,228.19,126.02
690.97,471.95,233.24,128.8
695.44,471.93,238.4,131.65
694.24,470.48,243.68,134.57
697.19,471.95,243.68,134.57
697.45,473.41,249.07,137.54
697.7,471.89,254.58,140.59
696.43,468.8,260.21,143.7
698,467.22,260.21,143.7
691.97,465.63,265.97,146.88
687.42,462.4,271.85,150.13
682.77,457.45,277.87,153.45
676.34,454.07,284.01,156.84
673.2,450.62,290.3,160.31
669.98,448.85,296.72,163.86
666.7,448.83,303.29,167.49
663.35,446.98,310,171.19
665.22,446.98,310,171.19
667.42,443.21,316.85,174.98
667.74,439.36,323.86,178.85
668.08,437.38,331.03,182.81
666.42,433.35,338.35,186.85
670.47,433.35,338.35,186.85
668.75,431.29,345.84,190.99
666.95,427.15,353.49,195.21
673.03,423.1,353.49,195.21
677.08,421.07,353.49,195.21
681.13,419.05,353.49,195.21
687.2,417.02,353.49,195.21
693.28,410.94,353.49,195.21
703.13,408.98,345.95,191.05
724.66,411.01,338.58,186.97
741.86,416.89,331.36,182.99
751.35,416.89,331.36,182.99
760.84,416.89,331.36,182.99
773.86,422.64,324.29,179.09
788.47,424.55,317.37,175.27
795.49,426.41,310.61,171.53
809.49,431.8,303.98,167.87
807.75,431.8,303.98,167.87
807.75,433.55,303.98,167.87
816.21,437.08,297.5,164.29
817.68,438.83,291.16,160.79
809.33,440.5,291.16,160.79
789.43,433.71,297.6,164.34
784.07,440.58,291.25,160.84
772.16,443.97,285.04,157.41
778.46,444.01,278.96,154.05
783.04,447.25,273.01,150.77
790.86,448.82,273.01,150.77
809.64,447.25,273.01,150.77
819.03,445.69,273.01,150.77
819.03,445.69,273.01,150.77
818.81,450.42,267.19,147.55
820.12,450.47,261.49,144.41
821.41,452.01,255.92,141.33
819.95,450.54,255.92,141.33
819.74,450.58,250.46,138.31
815.24,450.62,245.12,135.36
809.43,453.47,239.89,132.48
811.99,450.75,234.77,129.65
805.07,453.48,229.77,126.89
803.76,453.48,229.77,126.89
802.44,452.16,229.77,126.89
804.89,452.2,224.87,124.18
803.42,453.52,220.07,121.53
795.86,451,220.07,121.53
796.94,449.78,215.38,118.94
789.53,449.78,215.38,118.94
784.59,448.54,215.38,118.94
774.71,447.31,215.38,118.94
763.59,446.07,215.38,118.94
743.91,445.99,220.14,121.57
728.78,444.73,220.14,121.57
720.04,445.91,225.02,124.26
707.14,445.91,225.02,124.26
700.69,447.2,225.02,124.26
692.95,448.49,225.02,124.26
690.37,448.49,225.02,124.26
687.79,448.49,225.02,124.26
682.63,447.2,225.02,124.26
677.29,448.52,220.22,121.61
685.95,448.56,215.52,119.02
673.59,449.79,215.52,119.02
668.65,449.79,215.52,119.02
661.24,451.03,215.52,119.02
652.59,452.26,215.52,119.02
655.07,451.03,215.52,119.02
656.39,448.47,220.29,121.65
655.12,447.21,220.29,121.65
653.86,447.21,220.29,121.65
652.6,445.95,220.29,121.65
651.16,444.72,215.59,119.06
654.69,447.22,210.99,116.52
651.06,448.43,210.99,116.52
649.85,448.43,210.99,116.52
649.85,447.22,210.99,116.52
649.85,447.22,210.99,116.52
649.85,447.22,210.99,116.52
651.06,447.22,210.99,116.52
652.27,447.22,210.99,116.52
653.48,448.43,210.99,116.52
655.9,448.43,210.99,116.52
653.57,445.94,215.66,119.1
653.57,444.7,215.66,119.1
654.8,443.47,215.66,119.1
652.42,439.68,220.43,121.73
647.45,435.8,225.31,124.43
647.45,433.22,225.31,124.43
648.75,434.51,225.31,124.43
648.75,431.93,225.31,124.43
650.04,433.22,225.31,124.43
648.75,433.22,225.31,124.43
650.04,433.22,225.31,124.43
650.04,433.22,225.31,124.43
651.33,433.22,225.31,124.43
651.33,433.22,225.31,124.43
651.33,433.22,225.31,124.43
652.62,433.22,225.31,124.43
653.92,433.22,225.31,124.43
653.92,433.22,225.31,124.43
655.21,433.22,225.31,124.43
653.92,434.51,225.31,124.43
652.71,434.43,230.3,127.18
651.49,433.02,235.39,129.99
652.84,431.67,235.39,129.99
652.84,431.67,235.39,129.99
652.84,433.02,235.39,129.99
655.53,433.02,235.39,129.99
659.58,431.67,235.39,129.99
650.23,431.58,240.6,132.87
650.23,430.21,240.6,132.87
651.61,430.21,240.6,132.87
652.99,430.21,240.6,132.87
654.37,430.21,240.6,132.87
658.31,433,235.47,130.03
658.4,432.91,240.68,132.91
659.78,430.15,240.68,132.91
659.78,432.91,240.68,132.91
661.16,431.53,240.68,132.91
662.54,432.91,240.68,132.91
661.16,431.53,240.68,132.91
659.78,432.91,240.68,132.91
659.78,431.53,240.68,132.91
658.4,432.91,240.68,132.91
659.78,432.91,240.68,132.91
661.16,432.91,240.68,132.91
661.16,434.29,240.68,132.91
659.78,432.91,240.68,132.91
661.16,432.91,240.68,132.91
662.54,432.91,240.68,132.91
666.67,432.91,240.68,132.91
666.67,432.91,240.68,132.91
666.67,432.91,240.68,132.91
666.67,432.91,240.68,132.91
666.67,432.91,240.68,132.91
665.3,432.91,240.68,132.91
666.67,434.29,240.68,132.91
666.77,432.82,246,135.85
666.77,434.23,246,135.85
662.54,434.23,246,135.85
662.54,434.23,246,135.85
661.13,432.82,246,135.85
662.54,431.41,246,135.85
662.54,430,246,135.85
657,427.09,251.45,138.86
654.22,424.11,257.01,141.93
649.8,422.64,257.01,141.93
648.33,422.64,257.01,141.93
645.38,422.64,257.01,141.93
643.91,422.64,257.01,141.93
642.44,422.64,257.01,141.93
640.96,422.64,257.01,141.93
638.02,422.64,257.01,141.93
635.07,421.16,257.01,141.93
632.13,421.16,257.01,141.93
629.18,422.64,257.01,141.93
627.71,422.64,257.01,141.93
623.29,422.64,257.01,141.93
618.88,422.64,257.01,141.93
615.93,422.64,257.01,141.93
611.51,421.16,257.01,141.93
604.15,422.64,257.01,141.93
595.32,422.64,257.01,141.93
589.42,422.64,257.01,141.93
583.53,422.64,257.01,141.93
580.59,421.16,257.01,141.93
574.7,421.16,257.01,141.93
570.28,421.16,257.01,141.93
567.34,419.69,257.01,141.93
562.71,422.68,251.53,138.9
559.83,422.68,251.53,138.9
555.51,422.68,251.53,138.9
552.63,421.24,251.53,138.9
548.3,419.8,251.53,138.9
546.66,421.28,246.16,135.94
542.43,421.28,246.16,135.94
539.61,421.28,246.16,135.94
536.79,421.28,246.16,135.94
535.38,419.87,246.16,135.94
533.97,419.87,246.16,135.94
532.37,421.32,240.91,133.04
528.23,418.56,240.91,133.04
528.03,421.35,235.78,130.21
525.33,421.35,235.78,130.21
522.63,421.35,235.78,130.21
518.58,421.35,235.78,130.21
513.17,421.35,235.78,130.21
506.42,421.35,235.78,130.21
505.07,421.35,235.78,130.21
498.41,419.91,240.99,133.09
488.74,424.06,240.99,133.09
469.51,429.48,246.33,136.03
462.45,432.31,246.33,136.03
453.79,436.58,241.07,133.13
457.93,435.2,241.07,133.13
459.32,433.82,241.07,133.13
454.98,440.77,235.93,130.29
454.79,439.45,230.9,127.51
461.22,443.46,225.98,124.79
462.51,439.57,225.98,124.79
454.75,438.28,225.98,124.79
458.63,435.69,225.98,124.79
456.04,435.69,225.98,124.79
459.92,433.1,225.98,124.79
456.04,430.52,225.98,124.79
457.34,429.22,225.98,124.79
457.34,429.22,225.98,124.79
457.34,427.93,225.98,124.79
453.54,423.96,230.98,127.55
453.54,421.31,230.98,127.55
454.86,419.99,230.98,127.55
456.19,418.66,230.98,127.55
456.19,417.34,230.98,127.55
454.86,417.34,230.98,127.55
450.89,417.34,230.98,127.55
449.39,418.7,226.05,124.83
448.09,418.7,226.05,124.83
443,418.62,231.05,127.6
441.67,418.62,231.05,127.6
446.78,421.3,226.12,124.87
445.49,421.3,226.12,124.87
442.9,420,226.12,124.87
442.9,418.71,226.12,124.87
442.9,417.41,226.12,124.87
451.79,418.74,221.3,122.21
449.25,418.74,221.3,122.21
440.46,416.12,226.2,124.92
422.4,417.33,231.2,127.68
409.24,419.9,236.32,130.5
407.98,421.16,241.55,133.39
409.37,418.39,241.55,133.39
408.08,416.92,246.89,136.34
403.93,418.24,252.35,139.36
402.49,422.58,252.35,139.36
399.69,422.49,257.94,142.44
402.75,422.39,263.64,145.59
402.75,420.88,263.64,145.59
402.86,419.27,269.48,148.82
402.86,417.72,269.48,148.82
393.59,417.72,269.48,148.82
382.78,419.27,269.48,148.82
382.78,420.81,269.48,148.82
385.87,422.36,269.48,148.82
390.5,423.9,269.48,148.82
393.59,426.99,269.48,148.82
395.14,426.99,269.48,148.82
401.32,428.54,269.48,148.82
401.32,428.54,269.48,148.82
405.95,428.54,269.48,148.82
412.13,430.08,269.48,148.82
412.13,430.08,269.48,148.82
418.31,431.63,269.48,148.82
418.31,428.54,269.48,148.82
422.95,430.08,269.48,148.82
424.49,431.63,269.48,148.82
422.95,428.54,269.48,148.82
424.49,430.08,269.48,148.82
424.49,430.08,269.48,148.82
424.49,430.08,269.48,148.82
422.95,430.08,269.48,148.82
421.4,431.63,269.48,148.82
425.82,436.31,263.73,145.64
428.63,439.37,258.11,142.54
424.2,439.37,258.11,142.54
419.76,440.85,258.11,142.54
409.41,437.89,258.11,142.54
406.25,440.89,252.6,139.5
400.46,442.34,252.6,139.5
393.23,440.89,252.6,139.5
390.13,442.38,247.22,136.52
380.21,442.38,247.22,136.52
374.54,442.38,247.22,136.52
372.92,443.83,241.94,133.61
369.96,443.87,236.78,130.76
367.24,443.87,236.78,130.76
383.34,446.62,231.73,127.97
378.03,446.62,231.73,127.97
374.04,443.97,231.73,127.97
375.19,446.66,226.79,125.24
367.39,446.66,226.79,125.24
373.89,447.96,226.79,125.24
372.59,447.96,226.79,125.24
368.78,443.97,231.81,128.01
371.44,443.97,231.81,128.01
374.1,443.97,231.81,128.01
376.76,443.97,231.81,128.01
379.41,443.97,231.81,128.01
376.76,442.65,231.81,128.01
379.41,441.32,231.81,128.01
382.07,441.32,231.81,128.01
382.07,439.99,231.81,128.01
383.4,438.66,231.81,128.01
384.73,438.66,231.81,128.01
386.06,437.33,231.81,128.01
386.06,438.66,231.81,128.01
389.86,438.69,226.87,125.28
388.56,438.69,226.87,125.28
388.56,439.99,226.87,125.28
390.98,441.33,222.03,122.61
384.62,441.33,222.03,122.61
379.53,441.33,222.03,122.61
373.17,441.33,222.03,122.61
370.44,442.64,217.29,120
364.22,442.64,217.29,120
356.75,442.64,217.29,120
348.03,443.88,217.29,120
341.63,446.41,212.66,117.44
333.1,447.63,212.66,117.44
327,448.85,212.66,117.44
317.24,448.85,212.66,117.44
309.92,448.85,212.66,117.44
305.04,450.06,212.66,117.44
301.39,450.06,212.66,117.44
296.51,450.06,212.66,117.44
291.63,450.06,212.66,117.44
287.97,450.06,212.66,117.44
285.53,450.06,212.66,117.44
284.31,450.06,212.66,117.44
286.75,451.28,212.66,117.44
289.19,451.28,212.66,117.44
291.63,450.06,212.66,117.44
295.29,450.06,212.66,117.44
297.73,450.06,212.66,117.44
301.39,448.85,212.66,117.44
305.04,447.63,212.66,117.44
315.85,448.88,208.13,114.93
317.04,448.88,208.13,114.93
321.81,448.88,208.13,114.93
325.39,448.88,208.13,114.93
332.54,448.88,208.13,114.93
339.53,447.72,203.69,112.48
343.03,447.72,203.69,112.48
348.86,446.55,203.69,112.48
354.69,446.55,203.69,112.48
361.69,445.39,203.69,112.48
367.53,445.39,203.69,112.48
374.53,445.39,203.69,112.48
380.36,445.39,203.69,112.48
388.53,445.39,203.69,112.48
394.36,445.39,203.69,112.48
401.36,444.22,203.69,112.48
408.36,444.22,203.69,112.48
415.36,444.22,203.69,112.48
424.69,443.05,203.69,112.48
431.69,443.05,203.69,112.48
438.69,443.05,203.69,112.48
446.86,444.22,203.69,112.48
450.36,443.05,203.69,112.48
460.86,444.22,203.69,112.48
464.36,444.22,203.69,112.48
472.53,444.22,203.69,112.48
477.19,445.39,203.69,112.48
493.37,446.58,199.34,110.09
495.65,446.58,199.34,110.09
503.49,447.76,195.09,107.74
509.08,448.88,195.09,107.74
514.67,448.88,195.09,107.74
519.14,448.88,195.09,107.74
525.85,447.76,195.09,107.74
531.28,447.79,190.93,105.44
538.94,447.79,190.93,105.44
543.31,448.88,190.93,105.44
547.69,448.88,190.93,105.44
552.07,448.88,190.93,105.44
556.44,447.79,190.93,105.44
561.91,447.79,190.93,105.44
565.2,447.79,190.93,105.44
569.57,446.7,190.93,105.44
573.95,446.7,190.93,105.44
576.14,446.7,190.93,105.44
578.33,446.7,190.93,105.44
580.51,446.7,190.93,105.44
583.8,446.7,190.93,105.44
588.17,445.6,190.93,105.44
590.36,445.6,190.93,105.44
594.74,445.6,190.93,105.44
599.11,445.6,190.93,105.44
603.34,444.54,186.86,103.19
609.61,446.71,182.88,100.99
611.71,447.76,182.88,100.99
614.71,448.83,178.98,98.837
620.86,448.83,178.98,98.837
624.82,449.89,175.16,96.729
627.69,450.92,171.42,94.667
631.49,451.93,167.77,92.648
637.12,451.96,164.19,90.672
640.88,451.96,164.19,90.672
645.59,451.96,164.19,90.672
648.41,452.9,164.19,90.672
652.18,453.84,164.19,90.672
655.94,454.78,164.19,90.672
659.71,454.78,164.19,90.672
663.47,455.72,164.19,90.672
668.18,455.72,164.19,90.672
672.88,455.72,164.19,90.672
681.22,455.75,160.69,88.739
689.52,456.67,160.69,88.739
694.12,457.59,160.69,88.739
699.65,457.59,160.69,88.739
705.18,458.51,160.69,88.739
710.71,459.43,160.69,88.739
715.32,459.43,160.69,88.739
717.16,460.35,160.69,88.739
719.01,461.28,160.69,88.739
721.77,463.12,160.69,88.739
724.6,464.9,164.24,90.702
727.29,465.87,160.74,88.768
728.22,465.87,160.74,88.768
729.01,466.82,157.31,86.875
730.69,467.74,153.96,85.022
731.57,468.62,153.96,85.022
733.33,468.62,153.96,85.022
734.28,467.68,157.37,86.903
730.54,467.71,154.01,85.05
725.13,467.73,150.72,83.236
725.13,467.73,150.72,83.236
719.07,467.73,150.72,83.236
714.75,466.87,150.72,83.236
709.56,466.87,150.72,83.236
705.3,465.95,154.06,85.078
697.36,465.07,154.06,85.078
692.06,464.18,154.06,85.078
683.24,463.3,154.06,85.078
677.06,462.42,154.06,85.078
669.12,461.54,154.06,85.078
663.83,459.77,154.06,85.078
654.12,459.77,154.06,85.078
646.18,458.89,154.06,85.078
639.12,458.01,154.06,85.078
632.06,457.12,154.06,85.078
625.89,456.24,154.06,85.078
620.59,456.24,154.06,85.078
614.3,453.62,150.77,83.263
610.84,453.62,150.77,83.263
602.19,453.62,150.77,83.263
597,452.75,150.77,83.263
591.81,452.75,150.77,83.263
586.62,451.89,150.77,83.263
582.3,450.16,150.77,83.263
578.72,450.18,147.56,81.488
578.72,451.03,147.56,81.488
575.34,451.03,147.56,81.488
571.11,451.03,147.56,81.488
566.95,450.13,150.82,83.291
562.68,450.07,154.16,85.134
553.84,450.07,154.16,85.134
552.96,449.19,154.16,85.134
551.25,449.13,157.57,87.017
546.8,447.26,161.06,88.942
540.33,447.26,161.06,88.942
542.97,448.21,157.62,87.046
542.97,448.21,157.62,87.046
540.33,449.06,161.11,88.972
535.71,449.06,161.11,88.972
533,449.92,164.68,90.94
528.29,450.86,164.68,90.94
521.68,451.8,164.68,90.94
516.97,452.75,164.68,90.94
513.2,453.69,164.68,90.94
507.54,454.63,164.68,90.94
502.82,456.52,164.68,90.94
502.82,457.46,164.68,90.94
500.06,457.4,168.32,92.952
496.26,457.34,172.04,95.009
495.35,458.26,175.85,97.111
494.41,459.2,179.74,99.259
492.42,460.16,183.72,101.46
488.21,461.21,183.72,101.46
485.13,461.14,187.78,103.7
481.97,460,191.94,105.99
477.65,459.92,196.18,108.34
476.52,461.05,196.18,108.34
473.15,461.05,196.18,108.34
472.03,461.05,196.18,108.34
469.78,462.17,196.18,108.34
469.78,462.17,196.18,108.34
469.86,460.97,200.52,110.74
469.86,460.97,200.52,110.74
467.56,460.97,200.52,110.74
465.26,460.97,200.52,110.74
462.97,460.97,200.52,110.74
458.37,460.97,200.52,110.74
457.22,459.82,200.52,110.74
456.07,458.67,200.52,110.74
456.07,456.38,200.52,110.74
454.92,457.53,200.52,110.74
457.22,455.23,200.52,110.74
459.52,452.93,200.52,110.74
460.51,450.66,196.25,108.38
460.51,450.66,196.25,108.38
460.51,449.54,196.25,108.38
461.63,447.29,196.25,108.38
460.51,447.29,196.25,108.38
458.26,446.16,196.25,108.38
456.01,446.16,196.25,108.38
453.75,446.16,196.25,108.38
450.46,444.96,200.59,110.77
448.16,443.81,200.59,110.77
445.86,443.81,200.59,110.77
445.86,442.66,200.59,110.77
444.71,441.52,200.59,110.77
444.71,441.52,200.59,110.77
444.71,440.37,200.59,110.77
448.16,438.07,200.59,110.77
449.31,438.07,200.59,110.77
451.61,436.92,200.59,110.77
452.76,435.77,200.59,110.77
452.76,434.62,200.59,110.77
452.76,434.62,200.59,110.77
451.61,435.77,200.59,110.77
453.91,434.62,200.59,110.77
456.2,434.62,200.59,110.77
458.5,434.62,200.59,110.77
461.95,434.62,200.59,110.77
463.1,434.62,200.59,110.77
464.25,435.77,200.59,110.77
465.4,435.77,200.59,110.77
466.54,436.92,200.59,110.77
466.62,435.69,205.03,113.22
466.62,435.69,205.03,113.22
466.7,434.44,209.56,115.73
466.7,434.44,209.56,115.73
467.91,435.64,209.56,115.73
469.11,435.64,209.56,115.73
471.51,435.64,209.56,115.73
472.8,435.57,214.2,118.29
472.8,436.79,214.2,118.29
474.03,438.02,214.2,118.29
472.89,436.71,218.94,120.91
472.89,436.71,218.94,120.91
475.4,436.71,218.94,120.91
479.16,437.97,218.94,120.91
481.67,437.97,218.94,120.91
482.92,439.22,218.94,120.91
485.43,440.48,218.94,120.91
486.69,441.73,218.94,120.91
486.69,442.99,218.94,120.91
487.94,444.24,218.94,120.91
488.03,444.16,223.78,123.58
486.84,444.07,228.73,126.32
488.15,445.39,228.73,126.32
488.15,446.7,228.73,126.32
488.15,448.01,228.73,126.32
488.15,446.7,228.73,126.32
489.46,446.7,228.73,126.32
489.46,446.7,228.73,126.32
489.46,446.7,228.73,126.32
489.46,446.7,228.73,126.32
489.46,445.39,228.73,126.32
490.77,444.07,228.73,126.32
490.77,444.07,228.73,126.32
490.77,441.45,228.73,126.32
490.77,440.14,228.73,126.32
491.9,441.49,223.86,123.62
490.62,440.2,223.86,123.62
490.62,438.92,223.86,123.62
489.34,437.64,223.86,123.62
489.34,435.07,223.86,123.62
486.77,433.79,223.86,123.62
485.49,432.51,223.86,123.62
484.21,432.51,223.86,123.62
482.92,431.23,223.86,123.62
480.36,429.94,223.86,123.62
479.08,428.66,223.86,123.62
477.8,428.66,223.86,123.62
476.51,428.66,223.86,123.62
475.23,427.38,223.86,123.62
473.95,427.38,223.86,123.62
471.38,427.38,223.86,123.62
471.21,427.41,219.08,120.99
469.95,426.16,219.08,120.99
467.44,426.16,219.08,120.99
467.53,423.57,223.93,123.66
467.53,423.57,223.93,123.66
467.53,423.57,223.93,123.66
468.81,422.28,223.93,123.66
468.81,422.28,223.93,123.66
468.81,421,223.93,123.66
470.09,419.72,223.93,123.66
471.37,419.72,223.93,123.66
473.94,417.15,223.93,123.66
471.46,415.79,228.88,126.4
472.77,415.79,228.88,126.4
468.93,414.39,233.95,129.2
467.59,414.39,233.95,129.2
467.59,414.39,233.95,129.2
467.59,414.39,233.95,129.2
468.93,414.39,233.95,129.2
469.02,412.96,239.12,132.05
470.39,412.96,239.12,132.05
470.39,412.96,239.12,132.05
471.77,412.96,239.12,132.05
471.77,414.33,239.12,132.05
470.39,415.7,239.12,132.05
470.39,415.7,239.12,132.05
470.39,417.07,239.12,132.05
471.77,418.44,239.12,132.05
473.14,419.81,239.12,132.05
473.14,419.81,239.12,132.05
473.14,419.81,239.12,132.05
474.51,421.18,239.12,132.05
474.51,421.18,239.12,132.05
475.88,421.18,239.12,132.05
474.6,419.72,244.41,134.98
474.6,421.12,244.41,134.98
476,421.12,244.41,134.98
477.4,422.52,244.41,134.98
477.4,423.92,244.41,134.98
478.8,425.32,244.41,134.98
480.2,426.72,244.41,134.98
480.2,428.12,244.41,134.98
480.2,429.52,244.41,134.98
482.81,432.36,239.2,132.1
482.81,433.73,239.2,132.1
484.18,435.1,239.2,132.1
484.18,435.1,239.2,132.1
484.18,435.1,239.2,132.1
484.18,436.47,239.2,132.1
484.18,436.47,239.2,132.1
485.55,436.47,239.2,132.1
486.92,436.47,239.2,132.1
488.29,435.1,239.2,132.1
489.66,435.1,239.2,132.1
491.03,435.1,239.2,132.1
491.03,435.1,239.2,132.1
491.03,433.73,239.2,132.1
491.03,430.99,239.2,132.1
491.03,430.99,239.2,132.1
491.03,430.99,239.2,132.1
491.03,429.62,239.2,132.1
489.66,428.25,239.2,132.1
489.66,428.25,239.2,132.1
488.29,426.88,239.2,132.1
486.92,425.51,239.2,132.1
485.55,422.77,239.2,132.1
485.55,421.4,239.2,132.1
484.18,420.03,239.2,132.1
484.18,415.91,239.2,132.1
480.16,414.45,244.5,135.02
478.56,413.09,239.28,132.14
474.45,411.72,239.28,132.14
473.08,411.72,239.28,132.14
473.08,411.72,239.28,132.14
471.71,410.35,239.28,132.14
472.89,413.13,234.18,129.32
471.55,413.13,234.18,129.32
470.21,413.13,234.18,129.32
467.53,413.13,234.18,129.32
464.84,411.79,234.18,129.32
462.16,411.79,234.18,129.32
458.14,411.79,234.18,129.32
454.11,411.79,234.18,129.32
452.59,411.82,229.18,126.56
453.9,413.14,229.18,126.56
451.27,414.45,229.18,126.56
452.59,414.45,229.18,126.56
455.22,414.45,229.18,126.56
452.59,414.45,229.18,126.56
453.9,414.45,229.18,126.56
452.59,415.76,229.18,126.56
452.59,417.08,229.18,126.56
452.68,416.99,234.26,129.36
454.02,416.99,234.26,129.36
456.71,415.65,234.26,129.36
456.71,416.99,234.26,129.36
456.71,418.34,234.26,129.36
458.15,418.25,239.44,132.23
458.24,418.16,244.74,135.15
456.94,418.06,250.15,138.14
454.17,417.97,255.68,141.2
451.34,417.87,261.34,144.32
448.35,417.87,261.34,144.32
445.46,417.77,267.12,147.52
443.92,420.84,267.12,147.52
442.39,422.37,267.12,147.52
439.44,422.27,273.03,150.78
436.42,422.16,279.08,154.12
431.73,422.06,285.25,157.53
426.94,420.32,291.56,161.01
426.94,421.99,291.56,161.01
426.94,421.99,291.56,161.01
428.61,421.99,291.56,161.01
428.61,423.66,291.56,161.01
431.72,425.37,285.34,157.58
434.76,428.69,279.26,154.22
437.74,430.33,273.3,150.93
440.87,431.9,273.3,150.93
442.44,433.47,273.3,150.93
444.01,433.47,273.3,150.93
444.01,433.47,273.3,150.93
444.01,433.47,273.3,150.93
444.01,433.47,273.3,150.93
444.01,433.47,273.3,150.93
444.01,431.9,273.3,150.93
445.57,431.9,273.3,150.93
445.57,431.9,273.3,150.93
445.57,431.9,273.3,150.93
447.14,430.33,273.3,150.93
447.14,428.77,273.3,150.93
447.14,428.77,273.3,150.93
448.49,430.38,267.47,147.71
448.49,428.84,267.47,147.71
448.49,425.78,267.47,147.71
449.8,427.35,261.77,144.56
449.8,427.35,261.77,144.56
454.1,430.39,256.19,141.48
454.1,424.52,256.19,141.48
457.03,424.52,256.19,141.48
457.03,423.05,256.19,141.48
457.03,421.58,256.19,141.48
458.5,421.58,256.19,141.48
458.5,421.58,256.19,141.48
461.44,418.64,256.19,141.48
464.38,418.64,256.19,141.48
464.38,417.18,256.19,141.48
465.95,418.55,261.86,144.61
465.95,415.55,261.86,144.61
465.95,415.55,261.86,144.61
465.95,415.55,261.86,144.61
467.45,415.55,261.86,144.61
468.95,414.05,261.86,144.61
470.45,412.55,261.86,144.61
474.95,412.55,261.86,144.61
479.45,412.55,261.86,144.61
482.45,412.55,261.86,144.61
483.95,412.55,261.86,144.61
483.95,412.55,261.86,144.61
480.95,412.55,261.86,144.61
480.95,412.55,261.86,144.61
479.45,411.05,261.86,144.61
477.95,411.05,261.86,144.61
477.95,411.05,261.86,144.61
479.45,409.55,261.86,144.61
477.95,409.55,261.86,144.61
477.95,409.55,261.86,144.61
476.45,409.55,261.86,144.61
474.95,408.05,261.86,144.61
471.95,408.05,261.86,144.61
470.45,406.55,261.86,144.61
470.45,406.55,261.86,144.61
470.45,406.55,261.86,144.61
470.45,406.55,261.86,144.61
464.45,406.55,261.86,144.61
464.45,405.05,261.86,144.61
455.55,401.95,267.65,147.81
456.87,403.52,261.94,144.65
450.86,402.02,261.94,144.65
452.16,403.56,256.36,141.57
447.75,403.56,256.36,141.57
443.34,405.03,256.36,141.57
443.14,408.01,250.89,138.55
443.14,409.45,250.89,138.55
441.7,410.89,250.89,138.55
438.83,410.89,250.89,138.55
438.63,412.36,245.54,135.6
438.63,413.77,245.54,135.6
437.22,412.36,245.54,135.6
434.4,413.77,245.54,135.6
433,410.95,245.54,135.6
431.59,412.36,245.54,135.6
431.59,410.95,245.54,135.6
431.59,409.55,245.54,135.6
428.77,409.55,245.54,135.6
425.96,409.55,245.54,135.6
424.55,408.14,245.54,135.6
424.55,406.73,245.54,135.6
421.73,405.32,245.54,135.6
418.92,405.32,245.54,135.6
417.51,405.32,245.54,135.6
416.1,405.32,245.54,135.6
414.7,405.32,245.54,135.6
413.29,405.32,245.54,135.6
410.47,405.32,245.54,135.6
407.66,406.73,245.54,135.6
406.25,406.73,245.54,135.6
406.25,406.73,245.54,135.6
404.84,406.73,245.54,135.6
408.87,406.77,240.3,132.7
410.24,406.77,240.3,132.7
413,406.77,240.3,132.7
418.31,408.18,235.18,129.87
418.31,408.18,235.18,129.87
421,408.18,235.18,129.87
416.96,408.18,235.18,129.87
422.35,408.18,235.18,129.87
427.55,408.22,230.16,127.11
436.61,408.26,225.25,124.39
437.72,409.58,220.45,121.74
437.72,409.58,220.45,121.74
433.93,409.58,220.45,121.74
428.88,409.58,220.45,121.74
426.35,409.58,220.45,121.74
423.83,409.58,220.45,121.74
417.51,410.85,220.45,121.74
416.08,409.62,215.75,119.15
413.6,409.62,215.75,119.15
411.13,408.38,215.75,119.15
408.65,408.38,215.75,119.15
406.18,408.38,215.75,119.15
401.32,408.3,220.52,121.78
391.2,408.3,220.52,121.78
389.93,408.3,220.52,121.78
384.88,407.04,220.52,121.78
381.08,407.04,220.52,121.78
381.08,405.77,220.52,121.78
377.11,407.07,215.82,119.18
375.7,407.1,211.22,116.64
374.49,408.31,211.22,116.64
366.02,409.52,211.22,116.64
367.23,409.52,211.22,116.64
366.02,408.31,211.22,116.64
358.76,407.1,211.22,116.64
358.76,405.89,211.22,116.64
358.76,404.68,211.22,116.64
351.5,403.47,211.22,116.64
352.54,402.3,206.71,114.16
350.18,403.48,206.71,114.16
351.36,402.3,206.71,114.16
351.36,403.48,206.71,114.16
352.54,403.48,206.71,114.16
356.1,403.48,206.71,114.16
358.47,403.48,206.71,114.16
360.84,403.48,206.71,114.16
363.2,404.67,206.71,114.16
366.76,404.67,206.71,114.16
369.13,405.85,206.71,114.16
370.31,405.85,206.71,114.16
372.68,405.85,206.71,114.16
375.05,405.85,206.71,114.16
379.62,407.07,202.31,111.72
382.94,408.26,197.99,109.34
388.45,409.43,193.77,107.01
392.89,409.43,193.77,107.01
398.44,409.43,193.77,107.01
405.1,408.32,193.77,107.01
410.65,407.21,193.77,107.01
413.98,406.1,193.77,107.01
416.2,404.99,193.77,107.01
419.53,404.99,193.77,107.01
421.75,404.99,193.77,107.01
420.71,404.91,198.06,109.37
420.79,404.84,202.44,111.79
419.71,404.76,206.92,114.27
420.9,403.58,206.92,114.27
423.27,402.39,206.92,114.27
422.09,402.39,206.92,114.27
422.09,401.2,206.92,114.27
410.22,403.58,206.92,114.27
407.85,404.76,206.92,114.27
399.63,403.5,211.5,116.8
405.77,400.99,216.17,119.38
398.34,400.99,216.17,119.38
403.38,399.67,220.96,122.02
412.34,397.06,225.85,124.72
411.04,398.35,225.85,124.72
418.81,397.06,225.85,124.72
415.02,395.68,230.84,127.48
408.49,395.59,235.95,130.3
423.37,391.53,235.95,130.3
418.06,391.44,241.17,133.18
416.68,391.44,241.17,133.18
411.24,389.97,246.51,136.13
409.83,389.97,246.51,136.13
407.01,391.38,246.51,136.13
422.54,391.38,246.51,136.13
421.12,389.97,246.51,136.13
426.77,389.97,246.51,136.13
432.22,392.83,241.25,133.23
432.22,390.07,241.25,133.23
437.75,390.07,241.25,133.23
441.71,391.49,236.11,130.39
441.71,391.49,236.11,130.39
443.06,388.78,236.11,130.39
456.4,390.17,231.07,127.61
458.87,391.53,226.14,124.88
460.16,390.24,226.14,124.88
460.16,388.94,226.14,124.88
470.35,390.27,221.32,122.22
467.81,390.27,221.32,122.22
472.71,391.58,216.6,119.62
473.95,391.58,216.6,119.62
482.47,394.09,211.98,117.06
484.73,395.34,207.46,114.57
489.31,396.56,203.04,112.12
489.31,395.4,203.04,112.12
492.8,395.4,203.04,112.12
493.97,395.4,203.04,112.12
495.13,394.24,203.04,112.12
496.29,394.24,203.04,112.12
497.45,394.24,203.04,112.12
497.45,395.4,203.04,112.12
497.45,396.56,203.04,112.12
498.62,396.56,203.04,112.12
498.62,396.56,203.04,112.12
503.11,398.92,198.71,109.73
503.11,398.92,198.71,109.73
501.97,400.06,198.71,109.73
499.69,401.2,198.71,109.73
496.35,399.99,203.1,112.16
497.52,399.99,203.1,112.16
497.52,399.99,203.1,112.16
495.19,399.99,203.1,112.16
496.35,399.99,203.1,112.16
495.19,401.15,203.1,112.16
496.35,402.32,203.1,112.16
498.68,403.48,203.1,112.16
497.52,403.48,203.1,112.16
499.85,404.64,203.1,112.16
502.18,404.64,203.1,112.16
502.18,404.64,203.1,112.16
506.83,404.64,203.1,112.16
501.01,404.64,203.1,112.16
506.83,404.64,203.1,112.16
514.99,405.81,203.1,112.16
513.82,405.81,203.1,112.16
512.66,405.81,203.1,112.16
514.99,406.97,203.1,112.16
512.66,405.81,203.1,112.16
519.65,406.97,203.1,112.16
514.99,405.81,203.1,112.16
521.98,406.97,203.1,112.16
514.99,405.81,203.1,112.16
521.98,405.81,203.1,112.16
512.66,403.48,203.1,112.16
523.14,403.48,203.1,112.16
513.82,401.15,203.1,112.16
517.32,399.99,203.1,112.16
506.83,396.49,203.1,112.16
516.15,395.33,203.1,112.16
510.33,393,203.1,112.16
514.99,390.67,203.1,112.16
510.33,388.34,203.1,112.16
513.91,384.77,207.6,114.64
511.53,383.58,207.6,114.64
512.8,379.93,212.19,117.18
510.37,376.28,212.19,117.18
510.37,375.07,212.19,117.18
507.94,372.64,212.19,117.18
512.8,368.99,212.19,117.18
510.2,366.59,207.67,114.68
512.41,366.62,203.24,112.24
511.25,364.29,203.24,112.24
512.41,361.96,203.24,112.24
508.92,358.47,203.24,112.24
508.92,353.81,203.24,112.24
507.75,347.99,203.24,112.24
511.09,343.36,198.9,109.84
512.23,350.2,198.9,109.84
508.89,341.01,203.3,112.27
512.38,341.01,203.3,112.27
510.05,337.51,203.3,112.27
507.72,339.84,203.3,112.27
504.31,337.44,207.8,114.76
500.82,336.17,212.4,117.29
498.47,332.43,217.1,119.89
494.82,329.86,221.9,122.54
493.55,328.59,221.9,122.54
492.28,327.32,221.9,122.54
492.28,324.77,221.9,122.54
487.28,322.14,226.81,125.25
487.28,322.14,226.81,125.25
484.68,320.84,226.81,125.25
483.38,320.84,226.81,125.25
480.78,319.54,226.81,125.25
475.67,318.16,231.83,128.03
471.68,318.16,231.83,128.03
466.36,316.83,231.83,128.03
465.03,315.5,231.83,128.03
461.04,314.17,231.83,128.03
458.39,314.17,231.83,128.03
458.39,314.17,231.83,128.03
457.06,315.5,231.83,128.03
453.07,315.5,231.83,128.03
447.75,314.17,231.83,128.03
438.44,312.84,231.83,128.03
446.42,311.51,231.83,128.03
446.51,310.09,236.96,130.86
441.18,310.01,242.2,133.75
446.73,310.01,242.2,133.75
449.51,308.62,242.2,133.75
450.89,307.23,242.2,133.75
452.28,305.84,242.2,133.75
453.67,303.06,242.2,133.75
455.06,301.68,242.2,133.75
453.67,297.51,242.2,133.75
455.16,297.42,247.56,136.71
448.16,293.07,253.04,139.74
445.26,290.17,253.04,139.74
443.8,287.26,253.04,139.74
445.26,287.26,253.04,139.74
439.55,284.27,258.64,142.83
439.55,284.27,258.64,142.83
438.07,282.79,258.64,142.83
436.59,279.82,258.64,142.83
433.63,278.34,258.64,142.83
427.8,276.76,264.36,145.99
421.84,273.63,270.21,149.22
418.75,272.08,270.21,149.22
417.2,270.53,270.21,149.22
415.76,270.43,276.19,152.52
412.7,268.74,282.3,155.89
412.7,271.98,282.3,155.89
415.94,271.98,282.3,155.89
417.55,271.98,282.3,155.89
419.17,273.59,282.3,155.89
411.2,271.87,288.54,159.34
404.7,270.11,294.93,162.87
399.75,266.61,301.45,166.47
396.41,263.05,308.12,170.16
394.64,261.28,308.12,170.16
396.41,257.75,308.12,170.16
405,252.49,301.55,166.53
411.67,250.81,295.12,162.98
409.97,255.89,295.12,162.98
416.5,252.55,288.83,159.5
421.24,247.63,282.67,156.1
425.87,244.44,276.64,152.77
428.82,242.89,270.74,149.51
428.82,249.1,270.74,149.51
430.16,242.94,264.97,146.32
430.16,245.97,264.97,146.32
432.98,241.46,259.31,143.2
435.75,241.5,253.78,140.15
437.2,245.87,253.78,140.15
441.36,241.54,248.37,137.16
442.79,245.81,248.37,137.16
444.21,244.39,248.37,137.16
447.06,244.39,248.37,137.16
451.13,244.43,243.08,134.24
455.11,245.86,237.89,131.37
455.11,245.86,237.89,131.37
457.65,248.62,232.82,128.57
461.47,251.33,227.85,125.83
465.2,251.36,223,123.15
470.14,253.96,218.24,120.52
470.14,256.46,218.24,120.52
470.14,260.21,218.24,120.52
470.22,260.13,223.07,123.19
467.76,261.32,228,125.91
468.88,263.97,223.14,123.23
468.88,266.53,223.14,123.23
467.6,270.36,223.14,123.23
478.93,271.68,218.38,120.6
477.68,272.93,218.38,120.6
487.52,272.96,213.73,118.03
494.7,277.9,209.17,115.51
499.32,279.13,204.71,113.05
503.85,279.16,200.34,110.64
507.3,280.31,200.34,110.64
512.88,282.64,196.07,108.28
518.5,282.64,196.07,108.28
521.87,282.64,196.07,108.28
528.61,282.64,196.07,108.28
521.87,284.89,196.07,108.28
516.09,287.16,191.89,105.97
513.97,288.19,196.13,108.31
512.93,288.12,200.47,110.71
510.63,289.27,200.47,110.71
512.93,290.42,200.47,110.71
509.48,291.56,200.47,110.71
509.56,291.49,204.91,113.16
506.04,291.49,204.91,113.16
507.21,291.49,204.91,113.16
504.94,291.41,209.44,115.66
504.94,291.41,209.44,115.66
500.14,291.41,209.44,115.66
501.34,292.61,209.44,115.66
502.54,292.61,209.44,115.66
501.43,293.73,214.08,118.22
497.83,293.65,218.81,120.84
491.65,291.06,223.65,123.51
490.36,289.78,223.65,123.51
481.39,287.21,223.65,123.51
481.48,285.85,228.6,126.24
477.64,284.45,233.66,129.04
473.71,281.68,238.83,131.89
464.23,276.12,244.11,134.81
462.93,277.42,249.52,137.79
458.64,268.85,249.52,137.79
458.74,273.04,255.04,140.84
457.38,271.48,260.68,143.96
455.99,271.38,266.45,147.14
454.46,268.33,266.45,147.14
453.04,271.28,272.34,150.4
453.04,269.72,272.34,150.4
453.04,271.28,272.34,150.4
448.36,269.72,272.34,150.4
445.34,269.62,278.37,153.72
440.67,267.92,284.53,157.13
439.04,267.92,284.53,157.13
437.41,267.92,284.53,157.13
435.77,267.92,284.53,157.13
434.14,269.55,284.53,157.13
434.14,269.55,284.53,157.13
430.88,269.55,284.53,157.13
427.62,269.55,284.53,157.13
425.99,269.55,284.53,157.13
422.72,269.55,284.53,157.13
421.09,269.55,284.53,157.13
419.46,271.18,284.53,157.13
417.83,271.18,284.53,157.13
416.2,272.81,284.53,157.13
412.94,274.44,284.53,157.13
411.07,274.49,278.46,153.78
404.8,274.38,284.62,157.18
398.28,274.38,284.62,157.18
398.28,276.02,284.62,157.18
390.12,276.02,284.62,157.18
391.75,277.65,284.62,157.18
389.89,280.95,278.55,153.83
392.86,282.59,272.61,150.55
397.33,285.76,266.8,147.33
395.59,288.86,261.11,144.19
397.08,290.36,261.11,144.19
395.59,293.35,261.11,144.19
392.6,296.34,261.11,144.19
391.1,297.84,261.11,144.19
391.1,299.33,261.11,144.19
391.1,300.83,261.11,144.19
393.88,302.37,255.54,141.12
393.88,302.37,255.54,141.12
392.42,302.37,255.54,141.12
390.95,300.9,255.54,141.12
388.03,299.44,255.54,141.12
386.36,299.48,250.09,138.11
389.22,299.48,250.09,138.11
387.79,300.91,250.09,138.11
389.22,300.91,250.09,138.11
390.46,300.95,244.76,135.16
391.86,299.55,244.76,135.16
398.87,298.15,244.76,135.16
400.27,293.94,244.76,135.16
400.27,298.15,244.76,135.16
402.88,291.18,239.54,132.28
402.88,295.29,239.54,132.28
404.25,295.29,239.54,132.28
404.25,293.92,239.54,132.28
401.6,289.71,244.84,135.21
401.6,286.91,244.84,135.21
397.49,286.81,250.25,138.2
396.06,283.95,250.25,138.2
391.85,285.29,255.79,141.26
389.02,283.72,261.45,144.38
389.02,280.73,261.45,144.38
378.64,279.13,267.23,147.58
389.36,277.6,267.23,147.58
375.69,274.43,273.15,150.84
385.18,272.77,279.19,154.18
377.29,272.66,285.37,157.59
390.15,267.8,279.28,154.23
391.75,269.4,279.28,154.23
394.95,267.8,279.28,154.23
398.15,266.2,279.28,154.23
404.55,264.6,279.28,154.23
412.55,261.4,279.28,154.23
414.15,261.4,279.28,154.23
422.15,259.8,279.28,154.23
423.75,259.8,279.28,154.23
431.53,258.24,273.32,150.94
434.66,259.81,273.32,150.94
439.36,259.81,273.32,150.94
446.97,261.42,267.5,147.72
452.89,261.46,261.79,144.57
458.68,263,256.21,141.49
463.09,261.53,256.21,141.49
466.03,261.53,256.21,141.49
468.96,261.53,256.21,141.49
473.16,263.04,250.75,138.47
477.28,264.52,245.4,135.52
481.49,265.93,245.4,135.52
484.11,267.37,240.16,132.63
485.29,270.16,235.04,129.8
487.99,272.85,235.04,129.8
489.34,275.55,235.04,129.8
492.03,278.24,235.04,129.8
493.38,280.94,235.04,129.8
497.23,283.67,230.03,127.03
498.55,284.99,230.03,127.03
499.86,287.62,230.03,127.03
501.18,290.26,230.03,127.03
498.55,294.21,230.03,127.03
506.27,298.2,225.13,124.32
512.54,302.11,220.32,121.67
515.07,304.63,220.32,121.67
517.59,307.16,220.32,121.67
523.91,310.94,220.32,121.67
531.48,313.47,220.32,121.67
532.83,313.39,225.2,124.36
536.7,314.68,225.2,124.36
540.66,313.3,230.18,127.12
539.44,313.21,235.27,129.93
534.04,314.56,235.27,129.93
535.49,314.48,240.48,132.8
538.24,317.23,240.48,132.8
538.24,318.61,240.48,132.8
541,322.75,240.48,132.8
538.24,325.5,240.48,132.8
536.86,328.26,240.48,132.8
532.83,328.17,245.8,135.74
531.42,328.17,245.8,135.74
530.11,328.08,251.24,138.74
530.21,326.54,256.8,141.81
531.68,326.54,256.8,141.81
533.15,325.07,256.8,141.81
533.25,322.03,262.48,144.95
566.44,333.96,268.29,148.16
585,335.39,274.22,151.44
597.56,338.53,274.22,151.44
591.39,336.86,280.29,154.79
586.68,333.54,286.49,158.21
583.51,331.79,292.83,161.71
585.19,331.79,292.83,161.71
585.19,330.11,292.83,161.71
583.63,330,299.31,165.29
590.61,329.89,305.93,168.95
571.45,324.51,312.7,172.68
553.66,317.23,319.62,176.51
550.12,313.44,326.69,180.41
544.63,309.58,333.92,184.4
540.94,305.62,341.31,188.48
540.94,303.66,341.31,188.48
537.16,301.58,348.86,192.65
533.3,299.45,356.58,196.91
529.36,297.27,364.46,201.27
525.33,295.04,372.53,205.72
523.23,292.77,380.77,210.28
521.05,290.44,389.19,214.93
516.74,286.04,397.81,219.68
514.71,281.99,397.81,219.68
512.69,279.96,397.81,219.68
512.69,279.96,397.81,219.68
514.71,279.96,397.81,219.68
518.96,280.28,389.32,215
518.96,280.28,389.32,215
516.63,279.88,397.94,219.76
518.66,281.91,397.94,219.76
520.68,281.91,397.94,219.76
516.28,283.53,406.74,224.62
522.36,281.5,406.74,224.62
522.36,281.5,406.74,224.62
526.41,283.53,406.74,224.62
528.43,285.55,406.74,224.62
530.46,285.55,406.74,224.62
530.46,285.55,406.74,224.62
530.46,287.58,406.74,224.62
530.46,287.58,406.74,224.62
530.46,289.6,406.74,224.62
532.48,289.6,406.74,224.62
532.48,291.63,406.74,224.62
527.99,293.2,415.74,229.59
527.99,293.2,415.74,229.59
530.01,287.12,415.74,229.59
532.04,287.12,415.74,229.59
534.06,283.07,415.74,229.59
538.11,285.09,415.74,229.59
540.14,285.09,415.74,229.59
546.21,283.07,415.74,229.59
560.77,273.36,406.87,224.69
558.26,272.86,415.88,229.66
564.33,272.86,415.88,229.66
570.41,272.86,415.88,229.66
582.56,270.84,415.88,229.66
598.77,266.78,415.88,229.66
594.17,264.24,425.08,234.74
591.49,261.65,434.48,239.94
605.67,259.62,434.48,239.94
609.72,259.62,434.48,239.94
615.79,259.62,434.48,239.94
604.91,256.97,444.1,245.25
608.96,256.97,444.1,245.25
604.91,258.99,444.1,245.25
602.89,258.99,444.1,245.25
602.89,258.99,444.1,245.25
600.86,258.99,444.1,245.25
598.83,261.02,444.1,245.25
593.92,260.33,453.92,250.67
586.88,259.58,463.96,256.22
579.72,258.77,474.23,261.89
572.45,257.9,484.72,267.68
563.03,256.97,495.45,273.6
556.96,254.94,495.45,273.6
552.9,254.94,495.45,273.6
543.37,253.94,506.41,279.66
539.32,253.94,506.41,279.66
537.3,253.94,506.41,279.66
535.27,251.91,506.41,279.66
533.25,251.91,506.41,279.66
523.59,250.85,517.61,285.85
521.57,250.85,517.61,285.85
521.01,249.84,506.57,279.75
519.03,249.84,506.57,279.75
522.45,250.84,495.77,273.78
520.5,252.78,495.77,273.78
523.85,253.76,485.2,267.95
520.05,253.76,485.2,267.95
512.46,255.66,485.2,267.95
510.04,256.62,474.85,262.23
505.81,259.42,464.72,256.64
500.35,259.42,464.72,256.64
498.53,257.6,464.72,256.64
498.53,255.78,464.72,256.64
489.44,253.96,464.72,256.64
487.62,253.96,464.72,256.64
480.34,253.96,464.72,256.64
473.06,253.96,464.72,256.64
464.28,252.94,475.01,262.32
460.56,249.22,475.01,262.32
444.15,250.04,485.52,268.12
451.75,242.44,485.52,268.12
430.85,248.14,485.52,268.12
459.35,232.94,485.52,268.12
457.45,231.04,485.52,268.12
457.45,229.14,485.52,268.12
455.55,229.14,485.52,268.12
446.38,228.07,496.26,274.05
437.01,226.98,507.24,280.12
435.02,226.98,507.24,280.12
438.99,225,507.24,280.12
433.38,221.9,518.46,286.31
425.62,220.76,529.93,292.65
425.62,220.76,529.93,292.65
417.73,217.52,541.66,299.12
409.71,216.23,553.64,305.74
399.54,214.88,565.89,312.51
389.23,213.45,578.41,319.42
378.78,211.94,591.21,326.49
372.7,211.94,591.21,326.49
370.67,213.96,591.21,326.49
364.6,215.99,591.21,326.49
354.47,218.01,591.21,326.49
338.49,221.5,578.6,319.53
344.66,224.9,566.26,312.71
346.82,230.18,554.19,306.04
354.63,235.34,542.37,299.52
358.34,237.2,542.37,299.52
356.69,238.53,530.8,293.13
362.15,240.35,530.8,293.13
360.33,242.17,530.8,293.13
358.51,240.35,530.8,293.13
354.87,242.17,530.8,293.13
351.23,240.35,530.8,293.13
349,238.93,542.54,299.61
341.14,237.47,554.55,306.24
337.34,235.57,554.55,306.24
335.44,235.57,554.55,306.24
335.44,237.47,554.55,306.24
335.44,237.47,554.55,306.24
333.54,235.57,554.55,306.24
333.54,235.57,554.55,306.24
331.64,237.47,554.55,306.24
327.84,237.47,554.55,306.24
324.04,237.47,554.55,306.24
322.14,237.47,554.55,306.24
320.24,239.37,554.55,306.24
318.34,241.27,554.55,306.24
314.54,241.27,554.55,306.24
312.2,241.69,566.82,313.02
302.49,239.74,566.82,313.02
296.22,240.17,579.36,319.94
287.83,238.61,592.18,327.02
287.83,238.61,592.18,327.02
285.8,238.61,592.18,327.02
283.77,238.61,592.18,327.02
281.75,238.61,592.18,327.02
279.72,238.61,592.18,327.02
281.99,238.05,579.55,320.05
286.18,239.48,567.19,313.22
288.35,244.76,555.09,306.54
294.27,246.13,543.26,300.01
294.27,247.99,543.26,300.01
294.27,247.99,543.26,300.01
292.41,247.99,543.26,300.01
286.83,247.99,543.26,300.01
286.83,247.99,543.26,300.01
288.69,246.13,543.26,300.01
296.13,240.55,543.26,300.01
298.2,240.03,531.67,293.61
296.38,241.85,531.67,293.61
290.92,243.67,531.67,293.61
287.49,246.8,520.33,287.35
294.82,251.65,509.24,281.22
282.84,256.39,498.38,275.22
267.49,258.09,498.38,275.22
267.49,259.8,498.38,275.22
253.84,263.21,498.38,275.22
243.21,263.58,509.4,281.31
228.86,260.47,520.67,287.54
217.76,259.07,532.19,293.9
203.18,259.07,532.19,293.9
199.54,257.24,532.19,293.9
190.43,257.24,532.19,293.9
186.37,255.82,543.97,300.4
265.95,230.16,556.01,307.05
288.77,232.06,556.01,307.05
298.5,237.24,544.15,300.5
302.22,240.96,544.15,300.5
296.2,243.22,556.19,307.15
286.69,247.02,556.19,307.15
286.92,252.2,544.33,300.6
283.19,255.93,544.33,300.6
279.47,255.93,544.33,300.6
273.88,259.65,544.33,300.6
272.02,261.51,544.33,300.6
272.02,263.38,544.33,300.6
268.29,265.24,544.33,300.6
262.7,265.24,544.33,300.6
243.64,265.64,556.37,307.25
228.41,263.74,556.37,307.25
216.54,264.15,568.68,314.05
198.58,264.56,581.26,321
178.24,264.99,594.12,328.1
179.76,261.36,607.27,335.36
171.02,261.7,620.7,342.78
195.33,257.65,620.7,342.78
246.51,230.92,607.47,335.47
264.35,228.94,607.47,335.47
266.86,226.57,594.51,328.31
273.2,228.13,581.83,321.31
275.1,226.23,581.83,321.31
275.1,228.13,581.83,321.31
277,230.02,581.83,321.31
278.89,230.02,581.83,321.31
282.69,230.02,581.83,321.31
290.79,233.45,569.43,314.46
292.65,235.31,569.43,314.46
290.79,237.17,569.43,314.46
290.79,239.03,569.43,314.46
290.79,240.89,569.43,314.46
