438,236.5,490,325
438,239.69,490,325
425.23,242.88,490,325
406.08,249.27,490,325
406.08,249.27,490,325
393.31,249.27,490,325
364.58,249.27,490,325
367.77,249.27,490,325
332.66,252.46,490,325
334.69,259.12,479.55,318.07
331.57,259.12,479.55,318.07
303.46,259.12,479.55,318.07
278.47,255.99,479.55,318.07
278.47,255.99,479.55,318.07
247.23,252.87,479.55,318.07
237.86,262.24,479.55,318.07
234.74,265.37,479.55,318.07
226.31,268.09,490.16,325.11
226.31,268.09,490.16,325.11
226.31,268.09,490.16,325.11
235.89,264.9,490.16,325.11
271.03,261.71,490.16,325.11
267.83,261.71,490.16,325.11
302.97,261.71,490.16,325.11
349.72,255.59,479.71,318.17
346.59,255.59,479.71,318.17
374.72,261.84,479.71,318.17
405.98,268.09,479.71,318.17
402.85,268.09,479.71,318.17
442.35,283.99,469.48,311.39
445.41,293.16,469.48,311.39
445.41,293.16,469.48,311.39
484.06,308.72,459.47,304.75
493.04,326.68,459.47,304.75
496.04,326.68,459.47,304.75
502.02,332.67,459.47,304.75
502.02,332.67,459.47,304.75
502.02,332.67,459.47,304.75
502.02,332.67,459.47,304.75
502.02,332.67,459.47,304.75
502.02,332.67,459.47,304.75
547.84,368.22,469.63,311.49
569.25,365.16,469.63,311.49
569.25,362.11,469.63,311.49
578.43,377.4,469.63,311.49
605.96,401.87,469.63,311.49
605.96,398.81,469.63,311.49
600.76,413.72,480.02,318.38
625.78,413.72,480.02,318.38
622.66,413.72,480.02,318.38
623.6,407.07,490.64,325.43
642.78,407.07,490.64,325.43
642.78,407.07,490.64,325.43
658.76,410.27,490.64,325.43
653.33,413.06,501.5,332.63
659.86,416.32,501.5,332.63
654.31,412.64,512.59,339.99
648.64,412.22,523.94,347.51
639.43,408.38,535.53,355.2
640.49,407.94,547.38,363.06
630.86,403.92,559.49,371.09
617.39,399.82,571.87,379.3
613.66,396.09,571.87,379.3
584.98,395.62,584.52,387.69
570.9,395.14,597.45,396.27
540.94,398.54,610.67,405.04
486.44,402.02,624.18,414
471.4,401.5,637.99,423.16
576.58,85.056,652.11,432.52
565.12,76.023,666.53,442.09
557.74,71.132,681.28,451.87
550.21,70.572,696.35,461.87
542.5,65.463,711.76,472.09
539.27,60.24,727.51,482.53
535.96,54.902,743.6,493.21
532.58,44.601,760.06,504.12
529.12,39.024,776.87,515.27
534.18,33.964,776.87,515.27
535.71,28.263,794.06,526.67
540.88,23.091,794.06,526.67
542.44,17.265,811.63,538.33
558.3,17.265,811.63,538.33
553.02,17.265,811.63,538.33
558.3,17.265,811.63,538.33
547.73,17.265,811.63,538.33
547.73,17.265,811.63,538.33
553.02,17.265,811.63,538.33
568.88,17.265,811.63,538.33
568.88,17.265,811.63,538.33
558.3,22.553,811.63,538.33
563.59,33.129,811.63,538.33
563.59,38.418,811.63,538.33
579.46,43.706,811.63,538.33
590.03,48.994,811.63,538.33
584.75,54.282,811.63,538.33
600.61,64.859,811.63,538.33
595.32,86.012,811.63,538.33
590.03,96.588,811.63,538.33
640.99,112.9,794.32,526.85
639.11,118.52,777.38,515.61
634.05,118.52,777.38,515.61
639.11,118.52,777.38,515.61
649.24,93.199,777.38,515.61
649.24,98.263,777.38,515.61
644.18,93.199,777.38,515.61
639.11,93.199,777.38,515.61
634.05,93.199,777.38,515.61
644.18,88.134,777.38,515.61
644.18,88.134,777.38,515.61
644.18,88.134,777.38,515.61
640.64,92.559,794.58,527.02
671.7,97.736,794.58,527.02
666.53,97.736,794.58,527.02
690.53,108.53,777.64,515.78
695.6,123.73,777.64,515.78
700.66,118.67,777.64,515.78
703.89,159.63,761.05,504.78
702.08,204.68,744.82,494.02
695.47,205.1,728.94,483.48
670,238.75,713.4,473.17
735.06,261.98,713.4,473.17
735.06,261.98,713.4,473.17
735.06,266.63,713.4,473.17
735.06,266.63,713.4,473.17
735.06,266.63,713.4,473.17
758.29,243.4,713.4,473.17
772.23,196.92,713.4,473.17
789.13,197.32,698.18,463.08
796.58,184.06,683.29,453.2
792.13,175.16,683.29,453.2
794.96,175.54,668.72,443.54
781.89,171.19,668.72,443.54
802.09,180.27,654.46,434.08
821.86,189.16,640.5,424.82
841.2,210.38,626.85,415.76
851.97,231.15,613.48,406.9
862.51,235.49,600.4,398.22
872.82,271.03,587.59,389.73
902.05,321.12,575.06,381.42
915.68,325.19,562.8,373.28
921.68,369.5,550.8,365.32
557.97,595.86,539.05,357.53
557.97,588.84,539.05,357.53
616.39,536.47,527.55,349.91
652.95,509.26,516.3,342.45
661.82,502.82,505.29,335.14
694.74,469.9,505.29,335.14
698.03,463.32,505.29,335.14
689.15,456.32,516.47,342.56
685.78,422.67,516.47,342.56
700.26,391.96,527.9,350.14
686.5,388.53,527.9,350.14
717.46,340.38,527.9,350.14
717.46,305.98,527.9,350.14
708.18,305.55,539.58,357.88
705.72,276.98,551.52,365.8
633.88,183.58,551.52,365.8
620.59,175.95,563.72,373.9
576.52,128.2,563.72,373.9
517.76,80.46,563.72,373.9
503.07,76.787,563.72,373.9
496.84,72.651,576.19,382.17
490.46,64.67,588.94,390.62
490.46,53.158,588.94,390.62
472.44,52.674,601.97,399.27
425.38,36.988,601.97,399.27
421.46,33.066,601.97,399.27
404.34,49.088,589.13,390.75
400.51,60.6,589.13,390.75
400.51,68.275,589.13,390.75
408.18,68.275,589.13,390.75
423.53,64.437,589.13,390.75
423.53,60.6,589.13,390.75
454.23,60.6,589.13,390.75
473.42,68.275,589.13,390.75
469.58,72.112,589.13,390.75
465.74,83.624,589.13,390.75
451.55,136.86,602.17,399.4
440.96,140.29,615.49,408.23
432.94,156.33,615.49,408.23
436.95,176.38,615.49,408.23
430.14,179.88,629.11,417.27
438.34,183.98,629.11,417.27
446.54,188.08,629.11,417.27
450.64,188.08,629.11,417.27
450.64,192.17,629.11,417.27
409.65,196.27,629.11,417.27
405.56,200.37,629.11,417.27
405.56,204.47,629.11,417.27
417.85,208.57,629.11,417.27
421.95,212.66,629.11,417.27
434.24,220.86,629.11,417.27
449.15,229.41,615.69,408.37
455.71,237.77,602.56,399.66
436.08,241.7,602.56,399.66
434.66,245.96,589.71,391.14
438.5,249.8,589.71,391.14
446.18,249.8,589.71,391.14
457.71,249.8,589.71,391.14
456.31,250.13,577.14,382.8
445.03,242.61,577.14,382.8
437.51,238.85,577.14,382.8
441.27,238.85,577.14,382.8
429.99,235.09,577.14,382.8
426.22,231.33,577.14,382.8
426.22,231.33,577.14,382.8
407.42,227.57,577.14,382.8
397.28,223.33,589.91,391.27
393.43,219.49,589.91,391.27
348.48,211.32,602.96,399.92
281.71,199.54,602.96,399.92
277.78,199.54,602.96,399.92
199.23,203.46,602.96,399.92
101.05,207.39,602.96,399.92
104.97,211.32,602.96,399.92
14.642,219.17,602.96,399.92
-56.052,227.03,602.96,399.92
-67.835,230.95,602.96,399.92
-126.75,250.59,602.96,399.92
-154.24,289.87,602.96,399.92
-155.66,290.2,590.1,391.39
-164.75,325.14,577.52,383.05
-184.93,370.61,565.2,374.88
-215.73,374.61,553.15,366.88
-248.17,363.8,553.15,366.88
-269.79,291.72,553.15,366.88
-283.12,201.17,565.39,375
-304.1,130.74,577.9,383.3
-344.38,36.142,590.68,391.78
-381.7,-2.8332,603.75,400.45
-404.12,-19.063,617.11,409.31
-420.19,-31.122,617.11,409.31
-428.23,-35.142,617.11,409.31
-436.27,-39.161,617.11,409.31
-425.67,-34.797,603.95,400.58
-415.3,-26.59,591.07,392.04
-405.14,-22.41,578.46,383.68
-408.91,-22.41,578.46,383.68
-408.91,-22.41,578.46,383.68
-408.91,-22.41,578.46,383.68
-419.08,-26.655,591.26,392.16
-419.08,-26.655,591.26,392.16
-429.47,-27.142,604.34,400.84
-432.22,-23.702,617.72,409.71
-421.61,-19.333,604.54,400.97
-428.3,-19.83,617.92,409.84
-432.32,-15.804,617.92,409.84
-432.32,-15.804,617.92,409.84
-432.32,-15.804,617.92,409.84
-424.27,-11.779,617.92,409.84
-423.06,-4.2362,631.59,418.91
-420.44,-7.9969,618.12,409.98
-451.44,-4.4774,631.8,419.05
-466.66,-4.9974,645.78,428.32
-507.47,-1.32,660.06,437.8
-541.87,-9.92,660.06,437.8
-539.13,-31.052,645.99,428.46
-547.54,-35.26,645.99,428.46
-560.17,-35.26,645.99,428.46
-577,-39.468,645.99,428.46
-648.53,-43.675,645.99,428.46
-677.99,-47.883,645.99,428.46
-715.86,-56.299,645.99,428.46
-736.9,-64.715,645.99,428.46
-770.56,-73.13,645.99,428.46
-787.39,-81.546,645.99,428.46
-791.6,-89.962,645.99,428.46
-800.02,-98.377,645.99,428.46
-808.43,-106.79,645.99,428.46
-816.85,-115.21,645.99,428.46
-825.26,-123.62,645.99,428.46
-833.68,-132.04,645.99,428.46
-842.09,-140.46,645.99,428.46
-842.09,-144.66,645.99,428.46
-842.09,-148.87,645.99,428.46
-846.3,-148.87,645.99,428.46
-850.51,-148.87,645.99,428.46
-854.72,-144.66,645.99,428.46
-870.28,-149.4,660.28,437.94
-870.28,-145.1,660.28,437.94
-870.28,-140.8,660.28,437.94
-886.19,-149.95,674.89,447.63
-902.45,-154.9,689.82,457.53
-919.06,-159.96,705.08,467.66
-923.66,-155.37,705.08,467.66
-936.05,-155.94,720.68,478
-940.75,-151.25,720.68,478
-953.41,-151.84,736.63,488.58
-966.36,-157.25,752.93,499.39
-979.6,-162.77,769.58,510.44
-993.12,-168.42,786.61,521.73
-1006.9,-174.19,804.01,533.27
-1012.2,-174.19,804.01,533.27
-1026.3,-180.09,821.8,545.07
-1040.8,-191.47,839.99,557.13
-1055.5,-203.11,858.57,569.46
-1076.2,-215,877.57,582.06
-1097.4,-227.16,896.98,594.94
-1124.8,-239.59,916.83,608.1
-1146.9,-252.29,937.11,621.55
-1175.6,-259.16,957.85,635.31
-1198.7,-272.43,979.04,649.36
-1228.6,-279.61,1000.7,663.73
-1252.7,-286.95,1022.8,678.41
-1284,-294.46,1045.5,693.42
-1309.2,-302.13,1068.6,708.77
-1341.9,-309.97,1092.2,724.45
-1368.2,-317.99,1116.4,740.48
-1402.4,-326.18,1141.1,756.86
-1429.9,-334.55,1166.4,773.61
-1465.6,-343.11,1192.2,790.72
-1494.3,-351.86,1218.5,808.22
-1531.6,-360.8,1245.5,826.1
-1561.6,-361.82,1273.1,844.38
-1578.2,-361.82,1273.1,844.38
-1594.8,-361.82,1273.1,844.38
-1603.1,-361.82,1273.1,844.38
-1611.4,-361.82,1273.1,844.38
-1619.7,-361.82,1273.1,844.38
-1636.3,-361.82,1273.1,844.38
-1652.9,-361.82,1273.1,844.38
-1661.2,-361.82,1273.1,844.38
-1669.4,-361.82,1273.1,844.38
-1677.7,-361.82,1273.1,844.38
-1677.7,-361.82,1273.1,844.38
-1677.7,-361.82,1273.1,844.38
-1677.7,-361.82,1273.1,844.38
-1677.7,-361.82,1273.1,844.38
-1677.7,-361.82,1273.1,844.38
-1677.7,-361.82,1273.1,844.38
-1677.7,-361.82,1273.1,844.38
-1677.7,-361.82,1273.1,844.38
-1677.7,-361.82,1273.1,844.38
-1677.7,-361.82,1273.1,844.38
-1677.7,-361.82,1273.1,844.38
-1677.7,-361.82,1273.1,844.38
-1677.7,-361.82,1273.1,844.38
-1677.7,-361.82,1273.1,844.38
-1669.4,-361.82,1273.1,844.38
-1669.4,-361.82,1273.1,844.38
-1669.4,-361.82,1273.1,844.38
-1669.4,-361.82,1273.1,844.38
-1669.4,-361.82,1273.1,844.38
-1669.4,-361.82,1273.1,844.38
-1669.4,-361.82,1273.1,844.38
-1669.4,-361.82,1273.1,844.38
-1669.4,-361.82,1273.1,844.38
-1669.4,-361.82,1273.1,844.38
-1669.4,-361.82,1273.1,844.38
-1669.4,-361.82,1273.1,844.38
-1669.4,-361.82,1273.1,844.38
-1669.4,-361.82,1273.1,844.38
-1669.4,-361.82,1273.1,844.38
-1669.4,-361.82,1273.1,844.38
-1669.4,-361.82,1273.1,844.38
-1669.4,-361.82,1273.1,844.38
-1677.7,-361.82,1273.1,844.38
-1677.7,-361.82,1273.1,844.38
-1677.7,-361.82,1273.1,844.38
-1677.7,-361.82,1273.1,844.38
-1677.7,-361.82,1273.1,844.38
-1677.7,-361.82,1273.1,844.38
-1669.4,-361.82,1273.1,844.38
-1669.4,-361.82,1273.1,844.38
-1669.4,-361.82,1273.1,844.38
-1669.4,-361.82,1273.1,844.38
-1677.7,-353.53,1273.1,844.38
-1677.7,-345.23,1273.1,844.38
-1677.7,-336.94,1273.1,844.38
-1677.7,-328.64,1273.1,844.38
-1686,-320.35,1273.1,844.38
-1686,-312.06,1273.1,844.38
-1694.3,-303.76,1273.1,844.38
-1702.6,-295.47,1273.1,844.38
-1710.9,-287.17,1273.1,844.38
-1719.2,-278.88,1273.1,844.38
-1727.5,-270.59,1273.1,844.38
-1735.8,-262.29,1273.1,844.38
-1744.1,-254,1273.1,844.38
-1752.4,-245.7,1273.1,844.38
-1760.7,-237.41,1273.1,844.38
-1769,-229.12,1273.1,844.38
-1777.3,-220.82,1273.1,844.38
-1785.6,-212.53,1273.1,844.38
-1793.9,-204.23,1273.1,844.38
-1802.2,-195.94,1273.1,844.38
-1802.2,-187.64,1273.1,844.38
-1802.2,-179.35,1273.1,844.38
-1802.2,-171.06,1273.1,844.38
-1802.2,-162.76,1273.1,844.38
-1802.2,-154.47,1273.1,844.38
-1802.2,-146.17,1273.1,844.38
-1802.2,-137.88,1273.1,844.38
-1802.2,-129.59,1273.1,844.38
-1802.2,-121.29,1273.1,844.38
-1802.2,-113,1273.1,844.38
-1802.2,-104.7,1273.1,844.38
-1802.2,-96.409,1273.1,844.38
-1810.4,-88.115,1273.1,844.38
-1810.4,-79.821,1273.1,844.38
-1810.4,-71.527,1273.1,844.38
-1810.4,-63.233,1273.1,844.38
-1810.4,-54.939,1273.1,844.38
-1810.4,-46.644,1273.1,844.38
-1810.4,-38.35,1273.1,844.38
-1810.4,-30.056,1273.1,844.38
-1810.4,-21.762,1273.1,844.38
-1810.4,-13.468,1273.1,844.38
-1810.4,-5.1738,1273.1,844.38
-1810.4,3.1203,1273.1,844.38
-1810.4,11.414,1273.1,844.38
-1810.4,19.709,1273.1,844.38
-1810.4,28.003,1273.1,844.38
-1810.4,36.297,1273.1,844.38
-1810.4,44.591,1273.1,844.38
-1810.4,52.885,1273.1,844.38
-1810.4,61.179,1273.1,844.38
-1810.4,69.473,1273.1,844.38
-1810.4,77.767,1273.1,844.38
-1810.4,86.061,1273.1,844.38
-1810.4,94.356,1273.1,844.38
-1810.4,102.65,1273.1,844.38
-1810.4,110.94,1273.1,844.38
-1810.4,119.24,1273.1,844.38
-1810.4,127.53,1273.1,844.38
-1810.4,135.83,1273.1,844.38
-1810.4,144.12,1273.1,844.38
-1810.4,144.12,1273.1,844.38
-1810.4,144.12,1273.1,844.38
-1810.4,144.12,1273.1,844.38
-1810.4,152.41,1273.1,844.38
-1810.4,152.41,1273.1,844.38
-1810.4,152.41,1273.1,844.38
-1810.4,152.41,1273.1,844.38
-1810.4,160.71,1273.1,844.38
-1810.4,169,1273.1,844.38
-1810.4,177.3,1273.1,844.38
-1810.4,185.59,1273.1,844.38
-1810.4,193.88,1273.1,844.38
-1810.4,202.18,1273.1,844.38
-1810.4,210.47,1273.1,844.38
-1810.4,218.77,1273.1,844.38
-1810.4,227.06,1273.1,844.38
-1810.4,235.36,1273.1,844.38
-1810.4,243.65,1273.1,844.38
-1810.4,251.94,1273.1,844.38
-1810.4,260.24,1273.1,844.38
-1810.4,268.53,1273.1,844.38
-1810.4,276.83,1273.1,844.38
-1810.4,276.83,1273.1,844.38
-1810.4,285.12,1273.1,844.38
-1810.4,285.12,1273.1,844.38
-1810.4,293.41,1273.1,844.38
-1810.4,293.41,1273.1,844.38
-1810.4,293.41,1273.1,844.38
-1810.4,293.41,1273.1,844.38
-1810.4,301.71,1273.1,844.38
-1810.4,310,1273.1,844.38
-1810.4,318.3,1273.1,844.38
-1810.4,326.59,1273.1,844.38
-1810.4,334.88,1273.1,844.38
-1810.4,343.18,1273.1,844.38
-1810.4,351.47,1273.1,844.38
-1810.4,359.77,1273.1,844.38
-1810.4,368.06,1273.1,844.38
-1810.4,376.36,1273.1,844.38
-1810.4,384.65,1273.1,844.38
-1810.4,392.94,1273.1,844.38
-1810.4,401.24,1273.1,844.38
-1810.4,409.53,1273.1,844.38
-1810.4,409.53,1273.1,844.38
-1810.4,409.53,1273.1,844.38
-1810.4,417.83,1273.1,844.38
-1810.4,417.83,1273.1,844.38
-1810.4,426.12,1273.1,844.38
-1810.4,434.41,1273.1,844.38
-1810.4,434.41,1273.1,844.38
-1810.4,442.71,1273.1,844.38
-1810.4,451,1273.1,844.38
-1810.4,459.3,1273.1,844.38
-1810.4,459.3,1273.1,844.38
-1810.4,459.3,1273.1,844.38
-1810.4,459.3,1273.1,844.38
-1810.4,459.3,1273.1,844.38
-1810.4,459.3,1273.1,844.38
-1810.4,459.3,1273.1,844.38
-1810.4,459.3,1273.1,844.38
-1810.4,459.3,1273.1,844.38
-1810.4,459.3,1273.1,844.38
-1810.4,459.3,1273.1,844.38
-1810.4,459.3,1273.1,844.38
-1810.4,459.3,1273.1,844.38
-1810.4,459.3,1273.1,844.38
-1810.4,459.3,1273.1,844.38
-1810.4,459.3,1273.1,844.38
-1810.4,459.3,1273.1,844.38
-1810.4,459.3,1273.1,844.38
-1810.4,459.3,1273.1,844.38
-1810.4,459.3,1273.1,844.38
-1810.4,459.3,1273.1,844.38
-1810.4,459.3,1273.1,844.38
-1810.4,459.3,1273.1,844.38
-1810.4,459.3,1273.1,844.38
-1810.4,459.3,1273.1,844.38
-1810.4,459.3,1273.1,844.38
-1810.4,459.3,1273.1,844.38
-1810.4,459.3,1273.1,844.38
-1810.4,459.3,1273.1,844.38
-1810.4,459.3,1273.1,844.38
-1810.4,459.3,1273.1,844.38
-1810.4,459.3,1273.1,844.38
-1810.4,459.3,1273.1,844.38
-1810.4,459.3,1273.1,844.38
-1810.4,459.3,1273.1,844.38
-1810.4,459.3,1273.1,844.38
-1810.4,459.3,1273.1,844.38
-1810.4,459.3,1273.1,844.38
-1810.4,459.3,1273.1,844.38
-1810.4,459.3,1273.1,844.38
-1810.4,459.3,1273.1,844.38
-1810.4,459.3,1273.1,844.38
-1810.4,459.3,1273.1,844.38
-1810.4,459.3,1273.1,844.38
-1810.4,459.3,1273.1,844.38
-1810.4,459.3,1273.1,844.38
-1810.4,459.3,1273.1,844.38
-1810.4,459.3,1273.1,844.38
-1810.4,459.3,1273.1,844.38
-1810.4,459.3,1273.1,844.38
-1810.4,459.3,1273.1,844.38
-1810.4,459.3,1273.1,844.38
-1810.4,459.3,1273.1,844.38
-1810.4,459.3,1273.1,844.38
-1810.4,459.3,1273.1,844.38
-1810.4,459.3,1273.1,844.38
-1810.4,459.3,1273.1,844.38
-1810.4,459.3,1273.1,844.38
-1810.4,459.3,1273.1,844.38
-1810.4,459.3,1273.1,844.38
-1810.4,459.3,1273.1,844.38
-1810.4,459.3,1273.1,844.38
-1810.4,459.3,1273.1,844.38
-1810.4,459.3,1273.1,844.38
-1810.4,459.3,1273.1,844.38
-1810.4,459.3,1273.1,844.38
-1810.4,459.3,1273.1,844.38
-1810.4,459.3,1273.1,844.38
-1810.4,459.3,1273.1,844.38
-1810.4,459.3,1273.1,844.38
-1810.4,459.3,1273.1,844.38
-1810.4,459.3,1273.1,844.38
-1810.4,459.3,1273.1,844.38
-1810.4,459.3,1273.1,844.38
-1810.4,459.3,1273.1,844.38
-1810.4,459.3,1273.1,844.38
-1810.4,459.3,1273.1,844.38
-1810.4,459.3,1273.1,844.38
-1810.4,459.3,1273.1,844.38
-1810.4,459.3,1273.1,844.38
-1810.4,459.3,1273.1,844.38
-1810.4,459.3,1273.1,844.38
-1810.4,459.3,1273.1,844.38
-1810.4,459.3,1273.1,844.38
-1810.4,459.3,1273.1,844.38
-1810.4,459.3,1273.1,844.38
-1832.8,449.96,1301.2,863.06
-1855.7,440.41,1330,882.15
-1879.1,430.65,1359.4,901.67
-1903,420.67,1389.5,921.62
-1936.4,410.48,1420.3,942.01
-1970.7,400.06,1451.7,962.85
-1989.6,400.06,1451.7,962.85
-706.88,-24.691,1420.7,942.32
-700.98,3.8666,1390.4,922.22
-794.86,-4.4177,1360.8,902.56
-895.6,-3.6587,1331.8,883.31
-895.6,-3.6587,1331.8,883.31
-890.07,-20.27,1303.4,864.47
-881.58,-37.25,1303.4,864.47
-859.19,-45.013,1275.6,846.04
-848.38,-46.062,1303.8,864.76
-724.05,-2.8653,1276,846.31
-732.36,-2.8653,1276,846.31
-732.36,13.758,1276,846.31
-732.36,22.07,1276,846.31
-732.36,22.07,1276,846.31
-732.36,13.758,1276,846.31
-702.13,14.47,1248.8,828.27
-664.41,23.302,1222.1,810.6
-648.49,39.227,1222.1,810.6
-619.53,31.945,1196.1,793.32
-611.74,31.945,1196.1,793.32
-603.95,31.945,1196.1,793.32
-575.61,40.404,1170.6,776.4
-567.98,32.778,1170.6,776.4
-525,25.806,1145.6,759.84
-475.47,26.445,1121.2,743.64
-460.86,33.749,1121.2,743.64
-446.25,41.053,1121.2,743.64
-451.35,40.13,1146,760.09
-443.89,32.664,1146,760.09
-416.73,40.768,1121.5,743.88
-375.55,48.7,1097.6,728.02
-368.4,55.851,1097.6,728.02
-339.8,55.851,1097.6,728.02
-304.04,63.002,1097.6,728.02
-296.89,63.002,1097.6,728.02
-282.59,70.153,1097.6,728.02
-253.99,84.455,1097.6,728.02
-258.98,83.552,1121.9,744.13
-251.67,90.862,1121.9,744.13
-237.05,105.48,1121.9,744.13
-229.74,105.48,1121.9,744.13
-222.43,120.1,1121.9,744.13
-188.54,135.35,1098,728.26
-174.23,135.35,1098,728.26
-159.92,135.35,1098,728.26
-126.76,143.11,1074.6,712.73
-115.3,136.71,1051.7,697.53
-97.235,151,1029.2,682.65
-97.235,151,1029.2,682.65
-97.235,151,1029.2,682.65
-72.849,151.57,1007.3,668.1
-66.287,145.01,1007.3,668.1
-59.724,138.45,1007.3,668.1
-46.598,138.45,1007.3,668.1
-40.036,138.45,1007.3,668.1
-40.036,138.45,1007.3,668.1
3.5185,145.57,985.8,653.85
46.138,152.54,964.78,639.9
62.709,165.65,944.21,626.26
78.928,184.63,924.07,612.9
88.781,197.18,904.36,599.83
98.424,203.58,885.08,587.04
113.63,215.61,866.2,574.52
128.51,221.73,847.73,562.27
137.55,227.73,829.65,550.28
137.55,222.32,829.65,550.28
142.95,206.1,829.65,550.28
142.95,200.7,829.65,550.28
148.36,189.89,829.65,550.28
132.14,173.67,829.65,550.28
135.58,168.72,811.96,538.55
119.71,152.85,811.96,538.55
117.79,137.43,794.65,527.06
115.91,137.88,777.7,515.82
139.4,118.04,761.11,504.82
149.32,123,761.11,504.82
154.28,127.96,761.11,504.82
165.69,107.5,777.95,515.99
182.43,86.587,795.17,527.41
213.51,86.587,795.17,527.41
367.04,92.211,778.21,516.16
432.96,102.35,778.21,516.16
476.75,107.86,761.61,505.15
519.6,123.16,745.37,494.38
542.11,152.71,729.48,483.84
554.64,162.62,713.92,473.52
552.95,167.67,698.7,463.42
551.3,168.06,683.8,453.54
558.59,172.9,669.21,443.87
565.72,181.99,654.94,434.4
551.37,186.62,640.98,425.14
558.21,191.15,627.31,416.07
560.81,199.68,613.93,407.2
564.81,203.68,613.93,407.2
571.36,208.02,600.84,398.51
569.94,216.18,588.02,390.02
562.27,223.84,588.02,390.02
562.27,227.67,588.02,390.02
545.56,235.66,575.48,381.7
536.7,247.23,563.21,373.56
533.03,250.9,563.21,373.56
547.7,254.57,563.21,373.56
551.37,254.57,563.21,373.56
551.37,254.57,563.21,373.56
544.03,243.56,563.21,373.56
536.7,236.23,563.21,373.56
536.7,236.23,563.21,373.56
514.68,221.55,563.21,373.56
455.99,192.2,563.21,373.56
444.98,195.87,563.21,373.56
382.61,151.85,563.21,373.56
315.25,104.47,551.2,365.59
299.58,108.37,539.45,357.8
228.03,70.019,527.94,350.17
117.98,35.627,527.94,350.17
107.66,39.066,527.94,350.17
45.754,32.187,527.94,350.17
-43.666,32.187,527.94,350.17
-46.067,35.192,539.62,357.91
-123.41,38.708,539.62,357.91
-151.54,31.676,539.62,357.91
-173.91,24.946,528.12,350.28
-201.44,28.387,528.12,350.28
-199.25,35.563,516.85,342.81
-166.8,42.585,505.83,335.5
-154.82,46.162,495.04,328.35
-159.22,23.859,484.49,321.34
-182.46,27.286,474.16,314.49
-212.41,29.983,484.65,321.45
-202.94,39.454,484.65,321.45
-193.47,61.552,484.65,321.45
-107.28,86.408,495.37,328.56
-99.855,82.773,506.33,335.83
-96.557,82.773,506.33,335.83
-96.557,79.475,506.33,335.83
-91.158,63.267,495.53,328.67
-85.874,63.544,484.96,321.66
-100.72,63.145,495.69,328.78
-98.66,40.815,485.12,321.77
-101.82,43.976,485.12,321.77
-101.82,43.976,485.12,321.77
-104.98,43.976,485.12,321.77
-104.98,43.976,485.12,321.77
-102.97,47.407,474.78,314.9
-102.97,47.407,474.78,314.9
-102.97,47.407,474.78,314.9
-91.723,41.488,464.65,308.19
-40.256,32.406,464.65,308.19
-25.119,35.433,464.65,308.19
-25.119,38.461,464.65,308.19
0.015459,38.079,474.93,315.01
13.326,37.688,485.44,321.98
49.072,59.428,496.18,329.1
56.516,71.954,507.16,336.38
57.513,81.449,518.38,343.82
85.544,97.904,529.85,351.43
106.25,94.453,529.85,351.43
114.19,107.82,541.57,359.21
118.78,107.37,553.56,367.15
478.06,324.04,541.75,359.32
485.12,316.98,541.75,359.32
859.24,271.09,541.75,359.32
855.71,278.15,541.75,359.32
852.18,281.68,541.75,359.32
852.18,249.92,541.75,359.32
859.24,249.92,541.75,359.32
862.77,249.92,541.75,359.32
862.77,253.45,541.75,359.32
859.24,246.39,541.75,359.32
849.72,245.94,553.74,367.27
843.59,234.66,565.99,375.4
843.59,238.35,565.99,375.4
843.59,238.35,565.99,375.4
843.59,245.72,565.99,375.4
843.59,271.53,565.99,375.4
837.33,278.43,578.51,383.71
837.33,293.51,578.51,383.71
847.27,312.67,566.17,375.52
850.95,320.05,566.17,375.52
854.64,342.18,566.17,375.52
854.64,360.62,566.17,375.52
854.64,360.62,566.17,375.52
854.64,375.37,566.17,375.52
858.33,390.13,566.17,375.52
862.02,393.81,566.17,375.52
882.81,438.39,554.1,367.52
873.07,434.32,566.36,375.65
869.38,434.32,566.36,375.65
862,474.92,566.36,375.65
859.42,459.69,578.89,383.96
856.79,451.67,591.7,392.45
865.66,443.48,604.79,401.14
504.44,210.56,618.17,410.01
457.33,185.89,631.85,419.08
458.57,168.91,645.83,428.35
475.4,168.91,645.83,428.35
483.82,168.91,645.83,428.35
326.6,43.031,632.05,419.22
384.25,55.384,632.05,419.22
384.25,63.619,632.05,419.22
421.31,141.85,632.05,419.22
429.54,199.5,632.05,419.22
433.66,199.5,632.05,419.22
448.63,216.32,618.58,410.28
392.22,212.3,618.58,410.28
396.25,208.27,618.58,410.28
390.76,220.7,605.38,401.53
401.16,252.58,592.47,392.97
411.33,260.63,579.84,384.59
421.29,268.51,567.47,376.39
431.04,276.22,555.37,368.36
427.42,276.22,555.37,368.36
415.26,272.91,543.53,360.5
410.43,266.13,531.94,352.82
410.43,269.6,531.94,352.82
417.36,273.06,531.94,352.82
429.96,280.29,520.59,345.29
445.69,283.97,509.49,337.93
435.73,280.65,509.49,337.93
441.16,261.02,498.63,330.72
444.41,267.52,498.63,330.72
431.41,264.27,498.63,330.72
439.98,251.55,487.99,323.67
439.98,257.9,487.99,323.67
430.44,257.9,487.99,323.67
414.55,264.26,487.99,323.67
417.73,267.44,487.99,323.67
382.77,273.8,487.99,323.67
359.36,267.71,477.59,316.77
365.59,273.94,477.59,316.77
359.36,277.05,477.59,316.77
364.46,283.54,467.4,310.01
358.37,277.45,467.4,310.01
358.37,280.49,467.4,310.01
358.37,277.45,467.4,310.01
361.41,271.36,467.4,310.01
359.29,274.02,477.74,316.87
371.73,280.24,477.74,316.87
377.96,292.69,477.74,316.87
381.07,298.91,477.74,316.87
393.52,308.25,477.74,316.87
415.3,314.47,477.74,316.87
418.41,317.58,477.74,316.87
424.63,317.58,477.74,316.87
437.08,320.69,477.74,316.87
448.4,324.07,467.56,310.11
442.31,324.07,467.56,310.11
439.26,317.98,467.56,310.11
436.22,314.94,467.56,310.11
442.31,302.76,467.56,310.11
442.31,287.53,467.56,310.11
442.31,287.53,467.56,310.11
436.22,269.26,467.56,310.11
424.96,265.83,477.9,316.98
424.96,265.83,477.9,316.98
419.67,256.1,488.47,323.99
420.63,255.69,499.28,331.16
418.36,252.03,510.33,338.48
399.41,244.96,521.62,345.97
397.04,234.34,533.16,353.63
391.14,226.95,544.96,361.45
392.21,215.85,557.01,369.45
407.83,193.62,569.34,377.62
418.96,193.62,569.34,377.62
423.79,189.44,581.93,385.98
435.16,193.23,581.93,385.98
438.95,197.02,581.93,385.98
438.95,204.6,581.93,385.98
446.53,242.5,581.93,385.98
442.74,242.5,581.93,385.98
438.95,276.62,581.93,385.98
416.21,325.89,581.93,385.98
416.21,325.89,581.93,385.98
408.63,348.63,581.93,385.98
378.31,344.84,581.93,385.98
382.1,344.84,581.93,385.98
408.63,333.47,581.93,385.98
469.27,322.1,581.93,385.98
473.06,314.52,581.93,385.98
483.06,322.42,569.52,377.75
473.05,355.34,582.13,386.1
462.82,351.07,595,394.65
462.82,370.45,595,394.65
458.94,370.45,595,394.65
455.06,370.45,595,394.65
451.19,366.58,595,394.65
435.68,366.58,595,394.65
431.8,366.58,595,394.65
424.05,362.7,595,394.65
427.93,351.07,595,394.65
427.93,347.19,595,394.65
427.93,343.32,595,394.65
431.8,331.69,595,394.65
431.8,327.81,595,394.65
439.56,323.94,595,394.65
455.06,304.55,595,394.65
465.28,301.01,582.32,386.23
488.05,293.42,582.32,386.23
491.84,289.63,582.32,386.23
491.84,289.63,582.32,386.23
499.43,278.24,582.32,386.23
510.81,270.66,582.32,386.23
524.61,267.19,569.9,377.99
528.32,267.19,569.9,377.99
532.03,274.61,569.9,377.99
535.74,274.61,569.9,377.99
539.46,278.32,569.9,377.99
539.46,278.32,569.9,377.99
539.46,278.32,569.9,377.99
539.46,282.03,569.9,377.99
539.46,282.03,569.9,377.99
539.46,282.03,569.9,377.99
539.46,282.03,569.9,377.99
538.11,289.77,557.75,369.93
544.06,293.72,545.85,362.04
547.61,297.28,545.85,362.04
554.73,293.72,545.85,362.04
558.28,293.72,545.85,362.04
561.84,290.16,545.85,362.04
568.95,283.05,545.85,362.04
572.51,283.05,545.85,362.04
576.07,275.93,545.85,362.04
579.63,268.82,545.85,362.04
583.18,268.82,545.85,362.04
583.18,261.71,545.85,362.04
583.18,254.59,545.85,362.04
583.18,251.04,545.85,362.04
586.74,247.48,545.85,362.04
583.18,243.92,545.85,362.04
577.14,239.92,557.93,370.05
566.24,236.28,557.93,370.05
562.6,236.28,557.93,370.05
558.97,236.28,557.93,370.05
558.97,239.92,557.93,370.05
566.24,243.55,557.93,370.05
569.87,247.19,557.93,370.05
580.78,250.82,557.93,370.05
588.05,254.46,557.93,370.05
591.69,258.09,557.93,370.05
595.32,261.73,557.93,370.05
598.96,265.37,557.93,370.05
602.59,269,557.93,370.05
602.59,272.64,557.93,370.05
600.05,272.18,570.27,378.24
603.77,275.89,570.27,378.24
607.49,279.61,570.27,378.24
603.77,283.32,570.27,378.24
603.77,287.04,570.27,378.24
613.57,291.07,558.11,370.18
609.93,287.44,558.11,370.18
615.88,291.38,546.21,362.28
612.32,287.83,546.21,362.28
555.38,270.03,546.21,362.28
545.78,266.02,558.29,370.3
454.85,273.3,558.29,370.3
374.83,251.48,558.29,370.3
365.02,251.02,570.65,378.49
859.46,24.239,570.65,378.49
852.03,35.392,570.65,378.49
848.31,39.11,570.65,378.49
830.84,46.076,583.27,386.86
830.84,34.676,583.27,386.86
827.04,38.476,583.27,386.86
820.59,53.196,596.18,395.42
842.49,49.644,583.46,386.99
853.89,57.248,583.46,386.99
805.62,83.382,596.37,395.55
836.69,114.46,596.37,395.55
856.11,157.18,596.37,395.55
819.74,48.757,583.65,387.12
809.48,-8.753,596.57,395.68
799,-9.244,609.77,404.44
788.28,-9.7455,623.26,413.39
777.33,-10.258,637.05,422.53
766.13,-10.781,651.14,431.88
754.68,-7.0764,665.55,441.44
747.32,22.723,680.27,451.2
747.32,27.154,680.27,451.2
730.93,22.163,695.32,461.18
735.46,17.633,695.32,461.18
735.46,13.104,695.32,461.18
335.23,303.37,680.5,451.35
406.16,263.47,680.5,451.35
410.59,263.47,680.5,451.35
488.78,206.22,665.98,441.72
491.55,176.22,651.78,432.3
506.99,185.07,637.88,423.09
488.86,185.43,624.28,414.06
426.39,10.911,610.97,405.23
420.96,15.232,597.94,396.59
403.96,7.7722,585.19,388.13
402.57,11.911,572.71,379.86
408.68,15.961,560.49,371.76
397.73,19.612,560.49,371.76
440.21,220.73,548.54,363.83
430.57,227.43,560.68,371.88
434.22,231.08,560.68,371.88
443.85,235.05,548.72,363.95
443.85,235.05,548.72,363.95
436.71,238.62,548.72,363.95
456.85,235.35,537.02,356.19
466.08,239.15,525.57,348.59
526.46,236.02,514.36,341.16
595.61,226.25,503.39,333.88
607.54,236.37,492.66,326.76
883.58,37.366,492.66,326.76
890,43.786,492.66,326.76
887.76,46.591,503.56,333.99
869.07,10.092,514.7,341.38
853.32,9.6684,526.08,348.93
843.04,6.2409,526.08,348.93
839.61,9.6684,526.08,348.93
833.79,9.2357,537.72,356.65
824.34,8.7942,549.62,364.54
814.68,8.3418,561.78,372.61
804.8,7.8806,574.21,380.85
794.71,7.4085,586.92,389.28
788.21,6.9256,599.9,397.89
788.21,6.9256,599.9,397.89
788.21,6.9256,599.9,397.89
788.21,6.9256,599.9,397.89
784.31,6.9256,599.9,397.89
777.67,6.4318,613.17,406.7
777.67,10.426,613.17,406.7
776.22,10.768,600.1,398.02
764.49,10.768,600.1,398.02
751.34,11.102,587.3,389.54
790.75,14.444,600.29,398.15
782.93,10.534,600.29,398.15
781.51,3.0504,587.49,389.66
785.34,3.0504,587.49,389.66
785.34,3.0504,587.49,389.66
789.17,-0.7771,587.49,389.66
789.17,-4.6045,587.49,389.66
786.49,-8.9152,600.49,398.29
792.9,-8.5802,587.69,389.79
790.22,-12.892,600.69,398.42
790.22,-12.892,600.69,398.42
790.22,-12.892,600.69,398.42
790.22,-12.892,600.69,398.42
790.22,-12.892,600.69,398.42
790.22,-8.9785,600.69,398.42
786.31,-8.9785,600.69,398.42
779.67,-13.386,613.98,407.23
779.67,-9.386,613.98,407.23
772.87,-9.891,627.56,416.24
772.87,-5.8028,627.56,416.24
779.56,-1.3645,614.18,407.36
786.11,-1.0229,601.08,398.68
786.11,-1.0229,601.08,398.68
786.11,-1.0229,601.08,398.68
786.11,2.8928,601.08,398.68
796.44,7.1437,588.26,390.18
806.54,11.304,575.72,381.85
806.54,11.304,575.72,381.85
806.54,11.304,575.72,381.85
812.68,15.376,563.44,373.71
816.35,19.046,563.44,373.71
816.35,19.046,563.44,373.71
816.35,22.717,563.44,373.71
816.35,26.387,563.44,373.71
816.35,30.058,563.44,373.71
816.35,26.387,563.44,373.71
802.78,22.253,575.91,381.98
792.66,21.779,588.65,390.43
788.82,21.779,588.65,390.43
788.82,21.779,588.65,390.43
788.82,21.779,588.65,390.43
796.49,25.614,588.65,390.43
789.98,25.13,601.67,399.07
783.32,24.635,614.99,407.9
783.32,24.635,614.99,407.9
783.32,24.635,614.99,407.9
783.32,24.635,614.99,407.9
787.33,28.641,614.99,407.9
797.89,12.961,601.87,399.2
797.89,16.882,601.87,399.2
797.89,20.804,601.87,399.2
797.89,24.725,601.87,399.2
797.89,24.725,601.87,399.2
797.89,28.647,601.87,399.2
808.23,17.217,589.04,390.69
808.23,21.054,589.04,390.69
808.23,21.054,589.04,390.69
808.23,21.054,589.04,390.69
808.23,21.054,589.04,390.69
808.23,21.054,589.04,390.69
801.71,20.57,602.07,399.33
795.05,23.995,615.39,408.17
788.25,23.49,629,417.2
781.29,22.972,642.92,426.43
788.14,19.143,629.21,417.33
788.14,23.243,629.21,417.33
788.14,23.243,629.21,417.33
788.14,23.243,629.21,417.33
788.14,23.243,629.21,417.33
788.14,23.243,629.21,417.33
788.14,23.243,629.21,417.33
788.14,27.343,629.21,417.33
788.14,27.343,629.21,417.33
788.14,27.343,629.21,417.33
777.08,26.826,643.13,426.57
765.78,26.297,657.36,436.01
754.22,25.756,671.91,445.65
742.41,25.203,686.77,455.51
737.94,25.203,686.77,455.51
737.94,25.203,686.77,455.51
737.94,25.203,686.77,455.51
737.94,25.203,686.77,455.51
737.94,25.203,686.77,455.51
737.94,29.677,686.77,455.51
737.94,29.677,686.77,455.51
737.94,29.677,686.77,455.51
730.34,29.113,701.97,465.59
730.34,33.685,701.97,465.59
730.34,33.685,701.97,465.59
730.34,33.685,701.97,465.59
730.34,38.258,701.97,465.59
730.34,38.258,701.97,465.59
730.34,42.83,701.97,465.59
734.91,42.83,701.97,465.59
739.49,47.403,701.97,465.59
739.49,51.976,701.97,465.59
744.06,47.403,701.97,465.59
748.63,51.976,701.97,465.59
748.63,51.976,701.97,465.59
748.63,51.976,701.97,465.59
748.63,51.976,701.97,465.59
748.63,47.403,701.97,465.59
744.06,51.976,701.97,465.59
744.06,51.976,701.97,465.59
731.72,51.398,717.5,475.89
719.11,50.807,733.37,486.42
719.11,46.029,733.37,486.42
714.33,41.251,733.37,486.42
714.33,36.472,733.37,486.42
714.33,36.472,733.37,486.42
726.93,36.88,717.73,476.05
731.61,41.557,717.73,476.05
731.61,41.557,717.73,476.05
748.61,37.28,702.43,465.9
756.1,46.824,687.45,455.96
756.1,51.302,687.45,455.96
756.1,60.259,687.45,455.96
756.1,69.216,687.45,455.96
763.43,78.556,672.79,446.24
770.61,70.167,658.44,436.72
790.5,79.114,644.4,427.41
801.57,87.869,630.66,418.29
818,91.977,630.66,418.29
822.11,91.977,630.66,418.29
826.21,91.977,630.66,418.29
841.15,43.035,617.21,409.37
841.15,51.078,617.21,409.37
841.15,55.1,617.21,409.37
843.71,39.357,604.05,400.64
843.71,43.292,604.05,400.64
843.71,47.228,604.05,400.64
825.22,46.731,617.41,409.51
814.37,58.287,631.07,418.57
810.26,66.511,631.07,418.57
806.15,70.622,631.07,418.57
806.15,29.505,631.07,418.57
806.15,41.84,631.07,418.57
799.17,57.768,645.03,427.83
810.25,28.715,631.28,418.7
814.36,36.938,631.28,418.7
814.36,36.938,631.28,418.7
818.47,36.938,631.28,418.7
818.47,36.938,631.28,418.7
818.47,28.715,631.28,418.7
807.38,28.194,645.24,427.97
803.17,32.398,645.24,427.97
791.83,31.868,659.52,437.44
780.24,31.325,674.11,447.12
768.39,30.771,689.03,457.01
756.28,39.18,704.27,467.12
756.28,43.768,704.27,467.12
756.28,48.356,704.27,467.12
743.9,56.953,719.85,477.45
743.9,85.095,719.85,477.45
743.9,52.263,719.85,477.45
743.9,61.644,719.85,477.45
739.21,99.165,719.85,477.45
739.21,89.785,719.85,477.45
739.21,56.953,719.85,477.45
739.21,80.404,719.85,477.45
739.21,103.86,719.85,477.45
734.52,146.07,719.85,477.45
737.5,212.13,704.5,467.27
745.02,217.11,689.48,457.31
756.86,230.97,674.78,447.56
764.05,240.14,660.39,438.01
764.05,240.14,660.39,438.01
764.05,244.44,660.39,438.01
759.75,248.75,660.39,438.01
759.75,253.05,660.39,438.01
755.45,257.35,660.39,438.01
751.15,257.35,660.39,438.01
743.84,256.81,675,447.7
731.98,251.85,689.93,457.61
727.48,251.85,689.93,457.61
734.84,261.23,675.22,447.85
742.04,266,660.82,438.3
749.09,270.68,646.73,428.95
749.09,266.46,646.73,428.95
751.77,271.04,632.93,419.8
746.15,271.39,619.44,410.85
752.75,275.77,606.23,402.09
751.32,276.11,593.3,393.52
739.72,272.24,593.3,393.52
728.13,268.38,593.3,393.52
726.73,272.57,580.65,385.12
725.35,280.46,568.26,376.91
727.71,284.48,556.15,368.87
720.46,284.48,556.15,368.87
715.52,288.41,544.29,361.01
717.78,288.72,532.68,353.31
707.37,285.25,532.68,353.31
694.53,281.34,544.46,361.12
681.42,277.34,556.51,369.11
668.01,273.26,568.82,377.28
653.19,273.26,568.82,377.28
645.77,269.56,568.82,377.28
634.66,273.26,568.82,377.28
623.54,273.26,568.82,377.28
625.9,277.28,556.69,369.24
618.64,280.91,556.69,369.24
607.76,280.91,556.69,369.24
610.07,284.85,544.82,361.36
606.52,288.4,544.82,361.36
599.42,291.95,544.82,361.36
592.32,295.5,544.82,361.36
598.13,302.9,533.2,353.66
591.18,302.9,533.2,353.66
580.76,306.37,533.2,353.66
577.29,309.85,533.2,353.66
566.86,313.32,533.2,353.66
559.91,316.8,533.2,353.66
556.44,320.27,533.2,353.66
549.49,323.74,533.2,353.66
551.7,330.99,521.83,346.11
551.7,334.39,521.83,346.11
551.7,337.79,521.83,346.11
555.1,337.79,521.83,346.11
558.5,337.79,521.83,346.11
565.3,337.79,521.83,346.11
578.9,330.99,521.83,346.11
587.87,334.68,510.7,338.73
587.87,328.03,510.7,338.73
581.21,324.7,510.7,338.73
581.21,324.7,510.7,338.73
562.25,324.28,522,346.23
546.28,323.85,533.55,353.89
536.9,319.93,545.36,361.72
529.79,323.49,545.36,361.72
522.69,323.49,545.36,361.72
522.69,323.49,545.36,361.72
515.58,323.49,545.36,361.72
512.03,327.04,545.36,361.72
512.03,327.04,545.36,361.72
512.03,327.04,545.36,361.72
508.47,323.49,545.36,361.72
504.92,323.49,545.36,361.72
501.37,323.49,545.36,361.72
490.71,327.04,545.36,361.72
490.71,327.04,545.36,361.72
483.6,330.59,545.36,361.72
472.94,334.15,545.36,361.72
472.94,334.15,545.36,361.72
469.39,334.15,545.36,361.72
468.1,338,533.73,354
468.1,338,533.73,354
464.62,338,533.73,354
457.67,338,533.73,354
454.19,341.48,533.73,354
454.19,334.53,533.73,354
459.89,334.82,522.35,346.45
456.48,334.82,522.35,346.45
453.08,331.42,522.35,346.45
449.68,324.62,522.35,346.45
462.05,324.91,511.21,339.07
455.39,324.91,511.21,339.07
448.74,328.24,511.21,339.07
448.74,328.24,511.21,339.07
445.41,328.24,511.21,339.07
442.08,324.91,511.21,339.07
442.08,328.24,511.21,339.07
445.41,318.25,511.21,339.07
448.74,314.92,511.21,339.07
448.74,314.92,511.21,339.07
477.49,291.9,500.31,331.84
528.45,253.08,489.64,324.76
546.43,243.78,479.19,317.83
592.12,156.64,468.98,311.06
655.17,59.146,458.97,304.42
666.04,53.421,449.19,297.93
685.46,18.567,439.61,291.58
620.43,32.529,449.33,298.03
612.54,35.087,459.28,304.62
609.54,23.119,459.28,304.62
608.46,23.375,449.48,298.13
605.53,23.375,449.48,298.13
591.78,25.931,459.43,304.72
570.83,28.924,459.43,304.72
570.83,28.924,459.43,304.72
543.9,34.908,459.43,304.72
641.56,8.2354,449.63,298.22
656.2,8.2354,449.63,298.22
645.37,51.807,459.58,304.82
601.36,144.25,469.75,311.57
583,153.43,469.75,311.57
531.89,189.77,480.14,318.46
494.36,199.15,480.14,318.46
491.23,205.41,480.14,318.46
472.47,211.66,480.14,318.46
463.09,214.79,480.14,318.46
463.09,217.92,480.14,318.46
453.7,214.79,480.14,318.46
444.32,211.66,480.14,318.46
444.32,211.66,480.14,318.46
428.68,211.66,480.14,318.46
420.24,211.27,490.76,325.5
414.82,220.46,501.62,332.71
406,216.78,512.72,340.07
395.98,216.78,512.72,340.07
399.32,216.78,512.72,340.07
396.99,216.36,524.06,347.59
359.44,212.94,524.06,347.59
362.85,209.53,524.06,347.59
367.29,219.34,535.66,355.28
445.13,225.88,547.51,363.14
439.08,225.43,559.62,371.18
432.88,228.61,572,379.39
432.88,232.34,572,379.39
429.16,232.34,572,379.39
425.43,232.34,572,379.39
417.98,236.06,572,379.39
414.26,236.06,572,379.39
410.53,239.79,572,379.39
403.08,239.79,572,379.39
399.36,239.79,572,379.39
395.63,243.51,572,379.39
373.28,250.97,572,379.39
365.83,254.69,572,379.39
317.39,273.32,572,379.39
265.24,277.04,572,379.39
261.51,277.04,572,379.39
229.11,276.57,584.66,387.78
198.63,272.76,584.66,387.78
165.49,272.28,597.59,396.36
149.92,268.39,597.59,396.36
111,260.61,597.59,396.36
114.89,256.71,597.59,396.36
111,256.71,597.59,396.36
78.451,264.83,584.85,387.91
77.068,268.97,572.38,379.64
79.441,269.29,560.17,371.54
85.414,265.95,548.23,363.62
87.689,269.83,536.54,355.87
96.906,277.12,525.09,348.28
109.35,280.83,513.9,340.85
116.04,284.18,513.9,340.85
122.74,284.18,513.9,340.85
129.43,284.18,513.9,340.85
132.78,284.18,513.9,340.85
149.51,284.18,513.9,340.85
201.85,287.81,502.94,333.58
201.85,287.81,502.94,333.58
241.17,291.09,502.94,333.58
267.38,291.09,502.94,333.58
270.66,291.09,502.94,333.58
287.04,294.37,502.94,333.58
329.63,294.37,502.94,333.58
332.91,294.37,502.94,333.58
349.29,274.71,502.94,333.58
352.57,271.43,502.94,333.58
352.57,268.15,502.94,333.58
346.02,274.71,502.94,333.58
346.02,274.71,502.94,333.58
346.02,274.71,502.94,333.58
351.38,281.54,492.21,326.47
354.58,284.75,492.21,326.47
357.79,287.95,492.21,326.47
383.44,291.16,492.21,326.47
434.73,284.75,492.21,326.47
437.94,284.75,492.21,326.47
444.35,271.92,492.21,326.47
413.26,271.52,503.1,333.69
413.26,271.52,503.1,333.69
358.52,274.38,514.23,341.07
317.08,301.48,503.27,333.8
317.08,301.48,503.27,333.8
270,314.87,492.53,326.68
272.04,308.73,482.03,319.71
277.18,305.86,471.75,312.9
288.35,287.69,461.69,306.22
309.41,269.64,461.69,306.22
308.32,272.9,451.85,299.69
321.96,243.73,442.21,293.3
326.68,220.93,432.78,287.05
334.11,226.81,423.55,280.93
338.63,218.77,414.52,274.94
353.85,210.9,405.68,269.07
344.96,211.13,397.03,263.33
367.3,211.35,388.56,257.72
335.15,211.03,397.16,263.42
334.21,216.43,388.69,257.8
332.44,218.64,397.29,263.51
622.32,37.46,397.29,263.51
627.5,42.637,397.29,263.51
673.15,22.152,388.82,257.89
684.05,37.033,397.42,263.59
698.64,26.902,388.94,257.97
702.79,32.186,380.65,252.47
702.79,34.667,380.65,252.47
702.79,34.667,380.65,252.47
695.34,37.147,380.65,252.47
661.37,54.197,389.07,258.06
654.53,58.948,397.68,263.77
652.72,48.26,406.48,269.6
648.22,24.085,415.47,275.57
656.34,26.791,415.47,275.57
667.16,15.968,415.47,275.57
680.69,15.968,415.47,275.57
854.69,39.978,424.66,281.66
919.16,34.095,434.06,287.9
919.16,25.613,434.06,287.9
919.16,22.786,434.06,287.9
919.16,19.958,434.06,287.9
916.33,19.958,434.06,287.9
915.3,17.373,424.8,281.76
905.07,22.556,434.2,287.99
922.04,28.215,434.2,287.99
921.02,25.627,424.94,281.85
910.78,30.815,434.34,288.08
858.82,166.87,425.08,281.94
863.35,175.41,416.02,275.93
874.19,180.83,416.02,275.93
891.27,185.91,425.22,282.03
885.73,188.68,425.22,282.03
882.96,188.68,425.22,282.03
879.18,188.92,416.15,276.02
860.2,186.2,416.15,276.02
865.62,186.2,416.15,276.02
862.91,183.49,416.15,276.02
860.2,183.49,416.15,276.02
854.77,183.49,416.15,276.02
842.03,180.44,425.36,282.13
829.02,177.32,434.77,288.37
832.71,176.96,444.39,294.75
835.6,182.75,444.39,294.75
832.71,185.64,444.39,294.75
841.39,191.43,444.39,294.75
863.49,200.36,434.91,288.46
840.83,197.53,434.91,288.46
875.68,197.17,444.54,294.84
902.62,202.6,454.37,301.37
900.55,208.15,464.42,308.04
898.44,216.84,474.7,314.85
904.63,226.12,474.7,314.85
902.47,225.73,485.2,321.82
908.79,232.05,485.2,321.82
908.79,241.53,485.2,321.82
900.26,237.97,495.94,328.94
897.03,254.13,495.94,328.94
906.72,267.05,495.94,328.94
909.96,270.28,495.94,328.94
909.96,267.05,495.94,328.94
912.01,273.79,485.36,321.92
912.01,276.95,485.36,321.92
905.69,299.09,485.36,321.92
897.15,327.16,496.1,329.05
893.92,323.93,496.1,329.05
900.39,349.78,496.1,329.05
903.62,340.09,496.1,329.05
903.62,333.62,496.1,329.05
901.36,81.167,507.08,336.33
892.45,51.015,518.29,343.77
889.07,54.391,518.29,343.77
889.07,51.015,518.29,343.77
889.07,47.638,518.29,343.77
889.07,47.638,518.29,343.77
622.33,71.274,518.29,343.77
605.45,118.54,518.29,343.77
610.97,125.59,507.24,336.44
617.58,152.02,507.24,336.44
628.49,211.07,518.46,343.88
635.25,217.83,518.46,343.88
638.62,234.72,518.46,343.88
631.87,241.48,518.46,343.88
631.87,241.48,518.46,343.88
608.22,227.96,518.46,343.88
604.84,204.31,518.46,343.88
604.84,200.93,518.46,343.88
601.46,180.66,518.46,343.88
601.46,136.74,518.46,343.88
601.46,133.37,518.46,343.88
598.08,96.203,518.46,343.88
587.95,79.311,518.46,343.88
575.46,82.264,529.94,351.49
572,75.358,529.94,351.49
568.55,68.452,529.94,351.49
559.23,68.017,541.66,359.26
549.71,71.101,553.64,367.21
543.59,77.857,565.89,375.34
533.64,77.391,578.41,383.64
544.95,84.928,578.41,383.64
563.79,88.697,578.41,383.64
577.5,89.019,566.08,375.46
584.87,96.395,566.08,375.46
594.6,96.71,554.01,367.45
592.08,103.47,566.26,375.58
598.12,100.1,554.19,367.57
612.55,103.71,554.19,367.57
610.03,103.26,566.45,375.71
627.14,103.57,554.37,367.69
641.59,99.96,554.37,367.69
639.07,95.893,566.64,375.83
652.5,77.747,554.55,367.82
653.59,84.513,566.82,375.95
643.62,87.739,579.36,384.27
644.76,83.488,592.18,392.77
661.36,90.719,605.28,401.46
662.55,86.278,618.68,410.35
679.9,101.9,632.36,419.42
734.7,109.61,646.35,428.7
744.39,109.08,660.66,438.19
728.47,117.15,675.27,447.88
721,120.99,690.21,457.79
725.5,120.99,690.21,457.79
713.36,115.93,705.48,467.92
708.77,115.93,705.48,467.92
717.96,97.543,705.48,467.92
705.56,96.962,721.09,478.28
697.58,96.369,737.05,488.86
689.43,95.763,753.35,499.67
676.19,95.144,770.02,510.73
671.17,90.128,770.02,510.73
662.65,94.509,787.06,522.03
662.65,99.637,787.06,522.03
653.95,93.862,804.47,533.58
653.95,104.34,804.47,533.58
653.95,104.34,804.47,533.58
653.95,104.34,804.47,533.58
659.19,88.621,804.47,533.58
659.19,93.862,804.47,533.58
688.73,52.381,787.32,522.2
707.38,57.949,770.53,511.06
707.38,57.949,770.53,511.06
702.36,57.949,770.53,511.06
702.36,57.949,770.53,511.06
702.36,57.949,770.53,511.06
702.36,57.949,770.53,511.06
702.36,57.949,770.53,511.06
702.36,57.949,770.53,511.06
702.36,57.949,770.53,511.06
702.36,57.949,770.53,511.06
702.36,57.949,770.53,511.06
712.4,42.89,770.53,511.06
717.42,47.909,770.53,511.06
730.66,48.339,754.09,500.17
743.61,53.672,738.01,489.5
743.61,58.48,738.01,489.5
743.61,58.48,738.01,489.5
743.61,58.48,738.01,489.5
743.61,58.48,738.01,489.5
743.61,58.48,738.01,489.5
748.42,63.288,738.01,489.5
753.23,68.096,738.01,489.5
753.23,72.904,738.01,489.5
758.03,77.711,738.01,489.5
758.03,82.519,738.01,489.5
758.03,82.519,738.01,489.5
753.23,82.519,738.01,489.5
748.42,77.711,738.01,489.5
748.42,77.711,738.01,489.5
748.42,72.904,738.01,489.5
748.42,72.904,738.01,489.5
748.42,72.904,738.01,489.5
748.42,72.904,738.01,489.5
743.61,68.096,738.01,489.5
743.61,68.096,738.01,489.5
735.45,62.681,754.34,500.33
735.45,62.681,754.34,500.33
735.45,62.681,754.34,500.33
740.36,62.681,754.34,500.33
745.27,62.681,754.34,500.33
745.27,67.594,754.34,500.33
745.27,72.508,754.34,500.33
717.27,57.146,771.03,511.4
717.27,52.122,771.03,511.4
735.54,37.481,754.59,500.49
753.42,37.902,738.5,489.82
748.61,37.902,738.5,489.82
770.92,43.125,722.75,479.37
778.62,34.112,707.34,469.15
774.02,38.72,707.34,469.15
776.95,29.899,692.25,459.15
715.17,60.898,707.57,469.31
688.91,60.316,723.22,479.69
652.64,50.298,739.22,490.3
639.64,49.69,755.58,501.15
626.36,49.067,772.3,512.24
617.82,48.432,789.38,523.57
617.82,53.575,789.38,523.57
614.23,58.07,806.85,535.15
608.97,58.07,806.85,535.15
600.05,52.149,824.7,547
585.55,51.471,842.95,559.1
569.08,45.979,842.95,559.1
543.27,39.794,861.6,571.47
516.9,33.472,880.66,584.11
501.42,27.01,900.14,597.03
507.29,32.875,900.14,597.03
497.33,32.135,920.06,610.24
487.15,43.366,940.42,623.75
489,54.848,961.22,637.55
489,48.586,961.22,637.55
482.74,54.848,961.22,637.55
501.53,29.797,961.22,637.55
490.89,35.27,982.49,651.65
497.29,41.67,982.49,651.65
486.43,47.261,1004.2,666.07
475.32,46.436,1026.4,680.81
477.33,38.905,1049.2,695.87
497.84,45.74,1049.2,695.87
486.23,44.877,1072.4,711.27
493.22,51.863,1072.4,711.27
481.36,43.995,1096.1,727
481.36,36.854,1096.1,727
481.36,36.854,1096.1,727
507.33,44.606,1072.7,711.5
507.33,58.582,1072.7,711.5
518.76,52.192,1049.8,696.33
529.96,45.938,1027.5,681.48
536.65,59.327,1027.5,681.48
536.65,52.632,1027.5,681.48
525.29,58.482,1050.2,696.55
536.48,45.385,1027.8,681.7
543.18,52.081,1027.8,681.7
543.18,52.081,1027.8,681.7
549.88,52.081,1027.8,681.7
549.88,52.081,1027.8,681.7
549.88,52.081,1027.8,681.7
567.53,45.958,1005.9,667.16
567.53,52.511,1005.9,667.16
578.26,33.413,984.42,652.93
588.75,40.375,963.43,639.01
605.3,47.188,942.89,625.38
611.45,47.188,942.89,625.38
617.59,47.188,942.89,625.38
633.78,29.284,922.78,612.05
633.78,41.308,922.78,612.05
643.62,47.834,903.1,599
653.25,30.683,883.84,586.22
668.44,48.452,864.99,573.72
662.8,54.087,864.99,573.72
677.66,54.569,846.55,561.49
686.69,49.525,828.49,549.51
681.29,54.923,828.49,549.51
690.12,60.782,810.83,537.79
684.84,55.5,810.83,537.79
684.84,55.5,810.83,537.79
684.84,55.5,810.83,537.79
684.84,55.5,810.83,537.79
684.84,50.217,810.83,537.79
684.84,50.217,810.83,537.79
684.84,50.217,810.83,537.79
684.84,55.5,810.83,537.79
684.84,55.5,810.83,537.79
684.84,55.5,810.83,537.79
684.84,55.5,810.83,537.79
684.84,55.5,810.83,537.79
684.84,55.5,810.83,537.79
679.56,55.5,810.83,537.79
679.56,55.5,810.83,537.79
674.28,55.5,810.83,537.79
682.92,55.952,793.54,526.32
696.55,56.395,776.61,515.1
696.55,56.395,776.61,515.1
686.43,51.336,776.61,515.1
694.71,51.77,760.05,504.12
689.76,51.77,760.05,504.12
676.4,51.144,776.87,515.27
684.69,46.516,760.3,504.28
684.69,46.516,760.3,504.28
684.69,46.516,760.3,504.28
684.69,46.516,760.3,504.28
684.69,46.516,760.3,504.28
684.69,46.516,760.3,504.28
684.69,46.516,760.3,504.28
684.69,41.563,760.3,504.28
694.59,41.563,760.3,504.28
694.59,41.563,760.3,504.28
704.5,46.516,760.3,504.28
709.45,46.516,760.3,504.28
714.4,46.516,760.3,504.28
714.4,46.516,760.3,504.28
724.31,51.469,760.3,504.28
729.26,51.469,760.3,504.28
737.37,51.893,744.09,493.53
729.14,51.281,760.55,504.45
724.18,51.281,760.55,504.45
719.23,46.326,760.55,504.45
719.23,46.326,760.55,504.45
719.23,46.326,760.55,504.45
719.23,46.326,760.55,504.45
719.23,46.326,760.55,504.45
719.23,46.326,760.55,504.45
719.23,46.326,760.55,504.45
719.23,46.326,760.55,504.45
719.23,46.326,760.55,504.45
724.18,51.281,760.55,504.45
729.14,56.236,760.55,504.45
729.14,56.236,760.55,504.45
734.09,61.191,760.55,504.45
734.09,66.145,760.55,504.45
742.2,76.479,744.33,493.69
747.05,81.328,744.33,493.69
742.2,86.177,744.33,493.69
754.99,91.441,728.46,483.16
742.19,90.841,744.57,493.85
754.98,96.107,728.7,483.32
754.98,91.36,728.7,483.32
737.42,90.76,744.82,494.01
729.18,85.295,761.3,504.94
729.18,85.295,761.3,504.94
729.18,80.336,761.3,504.94
724.22,80.336,761.3,504.94
724.22,80.336,761.3,504.94
724.22,75.378,761.3,504.94
724.22,75.378,761.3,504.94
724.22,75.378,761.3,504.94
724.22,70.419,761.3,504.94
724.22,60.501,761.3,504.94
724.22,55.542,761.3,504.94
724.22,50.584,761.3,504.94
719.26,45.625,761.3,504.94
719.26,45.625,761.3,504.94
719.26,45.625,761.3,504.94
719.26,40.666,761.3,504.94
719.26,40.666,761.3,504.94
724.22,40.666,761.3,504.94
729.18,40.666,761.3,504.94
729.18,35.707,761.3,504.94
715.8,35.08,778.14,516.11
710.73,30.011,778.14,516.11
705.66,30.011,778.14,516.11
705.66,30.011,778.14,516.11
686.92,34.439,795.36,527.53
681.73,39.621,795.36,527.53
676.55,39.621,795.36,527.53
671.37,34.439,795.36,527.53
657.39,28.603,812.96,539.21
676.65,29.057,795.62,527.71
705.86,39.866,778.65,516.45
705.86,44.938,778.65,516.45
700.79,50.011,778.65,516.45
685.57,39.866,778.65,516.45
688.8,30.155,762.05,505.44
688.8,45.049,762.05,505.44
698.73,50.014,762.05,505.44
703.7,50.014,762.05,505.44
703.7,50.014,762.05,505.44
716.79,50.438,745.8,494.66
716.79,55.297,745.8,494.66
729.6,50.854,729.89,484.11
742.13,46.506,714.33,473.79
742.13,55.812,714.33,473.79
742.13,55.812,714.33,473.79
742.13,60.465,714.33,473.79
729.58,59.876,730.13,484.27
729.58,55.119,730.13,484.27
729.58,59.876,730.13,484.27
729.58,59.876,730.13,484.27
729.58,55.119,730.13,484.27
711.99,54.519,746.29,494.99
707.13,54.519,746.29,494.99
697.4,39.931,746.29,494.99
697.4,39.931,746.29,494.99
697.4,39.931,746.29,494.99
692.54,39.931,746.29,494.99
687.67,44.794,746.29,494.99
687.67,44.794,746.29,494.99
549.75,6.3068,730.37,484.43
549.75,20.583,730.37,484.43
554.51,25.342,730.37,484.43
564.03,25.342,730.37,484.43
568.79,30.101,730.37,484.43
589.26,34.26,746.53,495.15
534,34.676,730.61,484.59
535.44,38.833,746.78,495.31
545.17,43.698,746.78,495.31
553.13,58.709,730.85,484.75
557.89,68.23,730.85,484.75
560.92,78.16,715.26,474.41
565.58,82.819,715.26,474.41
692.77,91.547,731.09,484.91
692.77,96.31,731.09,484.91
692.77,91.547,731.09,484.91
684.69,90.945,747.26,495.63
676.42,90.331,763.8,506.6
667.97,89.703,780.7,517.81
659.33,83.975,797.97,529.27
659.33,83.975,797.97,529.27
659.33,89.173,797.97,529.27
659.33,104.77,797.97,529.27
659.33,109.97,797.97,529.27
659.33,78.777,797.97,529.27
669.73,94.371,797.97,529.27
683.44,115.61,780.95,517.98
686.68,95.69,764.3,506.93
681.7,115.6,764.3,506.93
681.7,135.52,764.3,506.93
686.68,90.712,764.3,506.93
701.61,95.69,764.3,506.93
701.61,100.67,764.3,506.93
706.59,95.69,764.3,506.93
701.61,90.712,764.3,506.93
696.63,90.712,764.3,506.93
691.65,65.82,764.3,506.93
686.68,60.841,764.3,506.93
686.68,60.841,764.3,506.93
681.7,60.841,764.3,506.93
681.7,60.841,764.3,506.93
681.7,60.841,764.3,506.93
681.7,60.841,764.3,506.93
681.7,60.841,764.3,506.93
681.7,60.841,764.3,506.93
681.7,65.82,764.3,506.93
686.68,70.798,764.3,506.93
691.65,75.777,764.3,506.93
701.61,75.777,764.3,506.93
711.57,75.777,764.3,506.93
716.55,75.777,764.3,506.93
708.09,65.19,781.21,518.15
694.36,64.548,798.49,529.61
689.16,59.346,798.49,529.61
689.16,64.548,798.49,529.61
683.96,59.346,798.49,529.61
683.96,59.346,798.49,529.61
683.96,59.346,798.49,529.61
678.75,54.145,798.49,529.61
687.27,59.792,781.47,518.32
687.27,59.792,781.47,518.32
687.27,59.792,781.47,518.32
687.27,59.792,781.47,518.32
682.18,59.792,781.47,518.32
668.44,54.058,798.76,529.79
654.4,53.401,816.43,541.51
654.4,42.762,816.43,541.51
654.4,48.081,816.43,541.51
654.4,48.081,816.43,541.51
654.4,48.081,816.43,541.51
654.4,48.081,816.43,541.51
654.4,48.081,816.43,541.51
654.4,48.081,816.43,541.51
654.4,48.081,816.43,541.51
654.4,48.081,816.43,541.51
649.08,48.081,816.43,541.51
657.79,43.216,799.02,529.96
657.79,43.216,799.02,529.96
666.31,43.661,781.98,518.66
666.31,48.755,781.98,518.66
666.31,48.755,781.98,518.66
666.31,53.849,781.98,518.66
666.31,53.849,781.98,518.66
666.31,53.849,781.98,518.66
671.4,53.849,781.98,518.66
671.4,53.849,781.98,518.66
671.4,53.849,781.98,518.66
676.5,53.849,781.98,518.66
676.5,53.849,781.98,518.66
676.5,53.849,781.98,518.66
676.5,53.849,781.98,518.66
671.4,53.849,781.98,518.66
671.4,53.849,781.98,518.66
671.4,53.849,781.98,518.66
676.5,53.849,781.98,518.66
676.5,53.849,781.98,518.66
676.5,53.849,781.98,518.66
676.5,53.849,781.98,518.66
676.5,53.849,781.98,518.66
676.5,53.849,781.98,518.66
676.5,53.849,781.98,518.66
676.5,53.849,781.98,518.66
676.5,58.943,781.98,518.66
676.5,58.943,781.98,518.66
676.5,58.943,781.98,518.66
676.5,58.943,781.98,518.66
676.5,58.943,781.98,518.66
676.5,58.943,781.98,518.66
676.5,58.943,781.98,518.66
671.4,53.849,781.98,518.66
671.4,53.849,781.98,518.66
671.4,53.849,781.98,518.66
666.31,48.755,781.98,518.66
666.31,43.661,781.98,518.66
666.31,53.849,781.98,518.66
656.12,58.943,781.98,518.66
637.28,58.3,799.28,530.13
637.28,53.092,799.28,530.13
637.28,53.092,799.28,530.13
637.28,53.092,799.28,530.13
637.28,53.092,799.28,530.13
632.07,53.092,799.28,530.13
632.07,53.092,799.28,530.13
626.86,53.092,799.28,530.13
626.86,53.092,799.28,530.13
626.86,53.092,799.28,530.13
632.07,58.3,799.28,530.13
623.23,62.851,816.96,541.86
614.19,62.178,835.04,553.85
599.52,56.051,853.51,566.11
584.51,55.349,872.4,578.63
578.83,43.981,872.4,578.63
578.83,49.665,872.4,578.63
578.83,49.665,872.4,578.63
578.83,49.665,872.4,578.63
578.83,49.665,872.4,578.63
584.51,55.349,872.4,578.63
584.51,49.665,872.4,578.63
584.51,55.349,872.4,578.63
584.51,55.349,872.4,578.63
584.51,55.349,872.4,578.63
584.51,49.665,872.4,578.63
584.51,49.665,872.4,578.63
584.51,49.665,872.4,578.63
584.51,49.665,872.4,578.63
584.51,38.296,872.4,578.63
574.86,43.264,891.7,591.43
574.86,37.454,891.7,591.43
574.86,37.454,891.7,591.43
574.86,37.454,891.7,591.43
574.86,37.454,891.7,591.43
565,36.721,911.43,604.52
554.91,41.908,931.59,617.89
554.91,47.977,931.59,617.89
560.98,47.977,931.59,617.89
544.61,47.21,952.21,631.56
521.67,46.427,973.27,645.54
521.67,46.427,973.27,645.54
521.67,46.427,973.27,645.54
551.07,34.287,952.52,631.77
544.86,34.287,952.52,631.77
544.86,40.493,952.52,631.77
534.33,33.504,973.59,645.75
517.21,26.36,995.13,660.04
499.72,19.058,1017.1,674.64
499.72,25.684,1017.1,674.64
499.72,45.56,1017.1,674.64
488.47,51.348,1039.7,689.57
481.7,85.211,1039.7,689.57
481.7,85.211,1039.7,689.57
481.7,85.211,1039.7,689.57
474.92,71.666,1039.7,689.57
519.87,4.5203,1017.5,674.86
524.09,11.716,995.79,660.47
524.09,18.202,995.79,660.47
498.15,44.147,995.79,660.47
498.15,44.147,995.79,660.47
498.15,70.093,995.79,660.47
491.66,63.606,995.79,660.47
474.16,56.3,1017.8,675.08
474.16,-16.645,1017.8,675.08
471.75,-49.235,996.11,660.69
488.86,-55.171,974.87,646.6
467.5,-48.277,954.08,632.81
564.69,-29.098,933.73,619.31
574.65,-16.412,913.82,606.11
550.84,-28.318,913.82,606.11
536.77,-33.761,894.33,593.18
513.47,-45.412,894.33,593.18
598.73,13.342,875.26,580.53
625.17,25.234,856.6,568.15
645.47,36.873,838.33,556.04
645.47,42.333,838.33,556.04
650.93,47.794,838.33,556.04
659.87,42.801,820.45,544.18
659.87,53.492,820.45,544.18
673.96,53.949,802.96,532.57
692.98,54.396,785.83,521.22
701.36,75.313,769.07,510.1
228.62,216.02,752.67,499.22
246.46,206.63,736.62,488.58
260.85,211.43,736.62,488.58
280.04,206.63,736.62,488.58
307.09,207.04,720.91,478.16
354.05,202.34,720.91,478.16
404,141.7,705.54,467.96
420.72,146.69,690.49,457.98
429.71,115.2,690.49,457.98
486.55,106.59,675.77,448.21
486.55,110.99,675.77,448.21
534.97,106.59,675.77,448.21
548.18,110.99,675.77,448.21
552.58,110.99,675.77,448.21
543.78,133,675.77,448.21
548.18,159.41,675.77,448.21
559.79,173,661.36,438.66
575.45,203.52,647.25,429.3
548.63,241.82,633.45,420.15
563.64,254.56,619.94,411.19
554.09,287.22,606.72,402.42
540.8,303.37,593.78,393.84
554.87,307.57,581.12,385.44
558.65,322.71,581.12,385.44
568.64,334.39,568.73,377.22
557.52,338.1,568.73,377.22
546.4,345.51,568.73,377.22
542.69,345.51,568.73,377.22
542.69,345.51,568.73,377.22
515.41,353.24,556.6,369.17
521.34,375.3,544.73,361.3
527.15,379.15,533.11,353.6
522.42,382.93,521.75,346.06
524.58,383.22,510.62,338.68
530.03,386.83,499.73,331.45
545.12,387.11,489.07,324.39
563.08,393.75,478.64,317.47
546.36,394.02,468.44,310.7
584.91,397.33,458.45,304.07
590.89,391.36,458.45,304.07
598.76,391.62,448.67,297.59
621.09,388.94,439.1,291.24
642.93,392.05,429.74,285.03
630.71,392.29,420.57,278.95
605.07,411.7,411.61,273
620.19,419.97,402.83,267.18
600.87,425.44,394.24,261.48
612.78,428.23,385.83,255.91
620.32,428.23,385.83,255.91
629.46,423.42,377.6,250.45
658.1,423.63,369.55,245.11
648.46,426.04,369.55,245.11
674.08,433.47,361.67,239.88
701.5,440.74,353.96,234.77
705.27,443.24,346.41,229.76
681.89,452.46,339.02,224.86
675.26,463.5,339.02,224.86
676.67,463.69,331.79,220.07
686.69,474.68,324.72,215.37
688.81,478.91,324.72,215.37
683.1,482.88,331.9,220.14
679.43,495.58,339.24,225.01
663.96,491.16,339.24,225.01
666.17,488.95,339.24,225.01
650.7,488.95,339.24,225.01
628.6,504.42,339.24,225.01
638.85,504.61,332.01,220.21
653.2,502.63,324.93,215.51
665.91,500.51,324.93,215.51
673.61,500.69,318,210.92
677.75,496.55,318,210.92
675.68,479.97,318,210.92
675.68,477.9,318,210.92
657.03,475.82,318,210.92
643.84,476,311.22,206.42
645.86,476,311.22,206.42
641.81,465.86,311.22,206.42
619.51,463.84,311.22,206.42
621.53,461.81,311.22,206.42
619.51,457.75,311.22,206.42
619.51,457.75,311.22,206.42
619.51,457.75,311.22,206.42
623.56,455.73,311.22,206.42
621.53,449.64,311.22,206.42
620.12,445.33,318.1,210.99
620.12,437.04,318.1,210.99
606.24,424.35,325.14,215.66
600.52,421.96,332.34,220.43
599.01,417.36,339.69,225.3
599.68,410.44,347.2,230.29
600.37,405.63,354.89,235.38
601.06,400.71,362.74,240.59
601.78,390.96,370.76,245.91
602.51,385.82,378.97,251.36
585.97,373.17,387.35,256.92
579.16,357.71,395.92,262.6
574.78,354.8,404.68,268.41
559.76,354.47,413.63,274.35
528.24,354.13,422.79,280.42
519.97,354.13,422.79,280.42
522.73,351.38,422.79,280.42
539.26,351.38,422.79,280.42
539.26,351.38,422.79,280.42
522.73,373.42,422.79,280.42
508.95,378.93,422.79,280.42
508.95,381.68,422.79,280.42
540.09,378.58,432.14,286.62
581.3,387.27,422.92,280.51
576.62,384.16,432.28,286.72
552.13,414.78,441.85,293.06
521.34,434.56,451.62,299.54
513.4,431.25,461.61,306.17
510.39,431.25,461.61,306.17
535.36,337.63,471.83,312.95
592.66,328.67,461.77,306.27
583.64,349.72,461.77,306.27
573.52,383.07,451.92,299.74
559.69,391.52,461.92,306.37
581.67,364.06,472.14,313.15
614.39,361.24,462.07,306.47
619.32,364.51,452.21,299.94
648.77,370.4,452.21,299.94
681.17,367.45,452.21,299.94
658.49,367.08,462.22,306.57
620.25,363.69,472.45,313.36
587.32,350.99,482.9,320.29
581.98,350.59,493.58,327.38
570.09,324.46,504.5,334.62
564.5,327.33,515.67,342.02
561.15,320.61,515.67,342.02
544.35,323.97,515.67,342.02
528.57,293.32,527.07,349.59
525.14,300.18,527.07,349.59
519.31,286.02,538.74,357.33
522.82,282.51,538.74,357.33
522.82,282.51,538.74,357.33
513.35,268.02,550.66,365.23
516.93,268.02,550.66,365.23
520.52,271.61,550.66,365.23
527.7,268.02,550.66,365.23
531.29,271.61,550.66,365.23
534.88,271.61,550.66,365.23
532.37,267.57,562.84,373.31
533.48,267.11,575.29,381.57
537.23,267.11,575.29,381.57
552.21,267.11,575.29,381.57
563.46,267.11,575.29,381.57
560.84,251.65,588.02,390.01
541.68,243.98,588.02,390.01
539.01,239.67,601.03,398.64
546.84,239.67,601.03,398.64
550.76,243.58,601.03,398.64
567.6,231.34,614.33,407.46
575.6,235.35,614.33,407.46
551.59,227.34,614.33,407.46
558.14,239.69,601.23,398.77
558.14,243.61,601.23,398.77
560.64,251.78,588.41,390.27
540.08,252.11,575.86,381.95
543.83,255.86,575.86,381.95
536.33,267.11,575.86,381.95
532.57,278.36,575.86,381.95
526.2,251.63,588.6,390.4
510.86,278.48,588.6,390.4
455.77,332.5,576.05,382.07
455.77,328.75,576.05,382.07
448.27,324.99,576.05,382.07
444.52,324.99,576.05,382.07
437.01,328.75,576.05,382.07
446.9,332.82,563.76,373.92
479.96,296.09,563.76,373.92
487.3,274.06,563.76,373.92
487.3,277.73,563.76,373.92
450.58,285.08,563.76,373.92
454.25,288.75,563.76,373.92
454.25,285.08,563.76,373.92
454.25,285.08,563.76,373.92
454.25,285.08,563.76,373.92
457.92,281.4,563.76,373.92
457.92,281.4,563.76,373.92
461.6,281.4,563.76,373.92
461.6,281.4,563.76,373.92
454.25,281.4,563.76,373.92
454.25,285.08,563.76,373.92
463.93,289.06,551.74,365.95
480.6,278.59,539.97,358.15
480.6,275.07,539.97,358.15
487.63,271.55,539.97,358.15
491.15,268.04,539.97,358.15
494.67,268.04,539.97,358.15
482.84,275.37,528.46,350.51
489.73,275.37,528.46,350.51
493.17,275.37,528.46,350.51
496.61,271.93,528.46,350.51
496.61,265.04,528.46,350.51
496.61,265.04,528.46,350.51
490.77,254.28,540.15,358.26
481.27,243.28,552.1,366.19
481.27,239.68,552.1,366.19
471.57,232.03,564.32,374.29
467.89,221,564.32,374.29
464.21,221,564.32,374.29
464.21,221,564.32,374.29
464.21,221,564.32,374.29
464.21,221,564.32,374.29
461.65,216.86,576.8,382.57
461.65,216.86,576.8,382.57
461.65,216.86,576.8,382.57
469.16,216.86,576.8,382.57
476.68,216.86,576.8,382.57
476.68,216.86,576.8,382.57
480.43,216.86,576.8,382.57
484.19,220.62,576.8,382.57
484.19,220.62,576.8,382.57
484.19,220.62,576.8,382.57
484.19,220.62,576.8,382.57
484.19,220.62,576.8,382.57
484.19,220.62,576.8,382.57
480.43,220.62,576.8,382.57
480.43,220.62,576.8,382.57
476.68,220.62,576.8,382.57
472.92,220.62,576.8,382.57
472.92,220.62,576.8,382.57
469.16,220.62,576.8,382.57
465.4,224.38,576.8,382.57
461.65,224.38,576.8,382.57
457.89,224.38,576.8,382.57
454.13,224.38,576.8,382.57
450.38,224.38,576.8,382.57
446.62,224.38,576.8,382.57
446.62,228.13,576.8,382.57
446.62,228.13,576.8,382.57
446.62,231.89,576.8,382.57
446.62,231.89,576.8,382.57
446.62,231.89,576.8,382.57
446.62,231.89,576.8,382.57
446.62,235.65,576.8,382.57
446.62,235.65,576.8,382.57
454.13,235.65,576.8,382.57
461.65,235.65,576.8,382.57
461.65,235.65,576.8,382.57
461.65,235.65,576.8,382.57
465.4,235.65,576.8,382.57
465.4,235.65,576.8,382.57
472.92,235.65,576.8,382.57
482.83,243.48,564.5,374.41
482.83,243.48,564.5,374.41
486.5,247.16,564.5,374.41
496.2,254.83,552.46,366.43
505.69,262.34,540.68,358.62
509.21,265.86,540.68,358.62
512.74,269.38,540.68,358.62
522.02,276.73,529.15,350.97
522.02,276.73,529.15,350.97
525.47,276.73,529.15,350.97
525.47,276.73,529.15,350.97
528.92,276.73,529.15,350.97
534.56,283.92,517.87,343.48
534.56,287.29,517.87,343.48
534.56,290.67,517.87,343.48
537.93,294.04,517.87,343.48
546.83,301.08,506.82,336.16
542.33,311.27,496.02,328.99
550.85,321.24,485.44,321.97
552.86,327.83,475.09,315.11
561.02,334.29,464.96,308.39
565.98,340.61,455.04,301.81
567.87,346.79,445.34,295.38
559.16,346.79,445.34,295.38
550.45,346.79,445.34,295.38
555.2,349.94,435.84,289.08
544.7,343.9,445.48,295.47
527.29,341,445.48,295.47
533.09,341,445.48,295.47
518.58,338.1,445.48,295.47
516.56,323.22,455.34,302.01
508.55,316.91,465.41,308.69
505.52,313.88,465.41,308.69
500.37,304.4,475.71,315.52
492.01,297.81,486.23,322.5
492.01,291.48,486.23,322.5
492.01,291.48,486.23,322.5
492.01,291.48,486.23,322.5
492.01,291.48,486.23,322.5
492.01,291.48,486.23,322.5
492.01,291.48,486.23,322.5
486.63,287.91,496.99,329.64
486.63,284.67,496.99,329.64
483.4,284.67,496.99,329.64
480.16,284.67,496.99,329.64
471.42,281.02,507.99,336.93
471.42,281.02,507.99,336.93
471.42,281.02,507.99,336.93
474.73,284.33,507.99,336.93
474.73,284.33,507.99,336.93
478.04,284.33,507.99,336.93
481.35,284.33,507.99,336.93
484.66,284.33,507.99,336.93
479.04,277.3,519.23,344.39
455.37,273.91,519.23,344.39
455.37,273.91,519.23,344.39
438.45,270.53,519.23,344.39
435.07,270.53,519.23,344.39
435.07,273.91,519.23,344.39
435.07,273.91,519.23,344.39
440.61,287.73,508.16,337.04
443.92,291.04,508.16,337.04
443.92,294.35,508.16,337.04
414.13,294.35,508.16,337.04
417.44,294.35,508.16,337.04
410.82,291.04,508.16,337.04
387.65,291.04,508.16,337.04
390.96,291.04,508.16,337.04
374.41,294.35,508.16,337.04
383.14,304.57,497.32,329.85
386.38,307.81,497.32,329.85
417.6,311.32,486.71,322.82
455.64,311.32,486.71,322.82
455.64,311.32,486.71,322.82
458.81,320.84,486.71,322.82
474.67,311.32,486.71,322.82
477.84,311.32,486.71,322.82
496.86,298.64,486.71,322.82
515.88,292.3,486.71,322.82
513.67,288.73,497.48,329.96
526.64,291.97,497.48,329.96
533.12,295.21,497.48,329.96
536.36,298.45,497.48,329.96
529.88,295.21,497.48,329.96
526.64,295.21,497.48,329.96
526.64,295.21,497.48,329.96
521.13,288.32,508.49,337.26
515.51,281.28,519.74,344.72
515.51,281.28,519.74,344.72
515.51,281.28,519.74,344.72
515.51,281.28,519.74,344.72
515.51,281.28,519.74,344.72
512.12,284.66,519.74,344.72
512.12,284.66,519.74,344.72
512.12,284.66,519.74,344.72
521.05,291.73,508.66,337.37
521.05,291.73,508.66,337.37
521.05,291.73,508.66,337.37
521.05,291.73,508.66,337.37
524.36,291.73,508.66,337.37
524.36,291.73,508.66,337.37
524.36,291.73,508.66,337.37
527.68,291.73,508.66,337.37
530.99,291.73,508.66,337.37
534.3,291.73,508.66,337.37
540.93,291.73,508.66,337.37
544.24,291.73,508.66,337.37
547.56,291.73,508.66,337.37
554.19,291.73,508.66,337.37
557.5,291.73,508.66,337.37
560.81,291.73,508.66,337.37
544.24,288.41,508.66,337.37
540.93,288.41,508.66,337.37
527.68,285.1,508.66,337.37
518.74,281.37,519.91,344.84
515.35,284.75,519.91,344.84
518.74,284.75,519.91,344.84
515.35,284.75,519.91,344.84
515.35,284.75,519.91,344.84
501.8,281.37,519.91,344.84
471.33,281.37,519.91,344.84
474.71,281.37,519.91,344.84
457.78,281.37,519.91,344.84
456.55,285.04,508.82,337.48
453.24,288.36,508.82,337.48
449.92,291.67,508.82,337.48
446.61,294.99,508.82,337.48
446.61,294.99,508.82,337.48
448.72,301.9,497.97,330.29
445.47,301.9,497.97,330.29
442.23,301.9,497.97,330.29
442.23,301.9,497.97,330.29
442.23,301.9,497.97,330.29
442.23,301.9,497.97,330.29
442.23,301.9,497.97,330.29
442.23,301.9,497.97,330.29
442.23,301.9,497.97,330.29
442.23,301.9,497.97,330.29
438.99,305.15,497.97,330.29
438.99,305.15,497.97,330.29
442.23,305.15,497.97,330.29
445.47,308.39,497.97,330.29
448.72,308.39,497.97,330.29
448.72,308.39,497.97,330.29
455.2,311.63,497.97,330.29
458.45,311.63,497.97,330.29
464.93,314.88,497.97,330.29
471.42,314.88,497.97,330.29
474.66,314.88,497.97,330.29
477.9,311.63,497.97,330.29
481.15,308.39,497.97,330.29
484.39,305.15,497.97,330.29
490.88,305.15,497.97,330.29
497.36,301.9,497.97,330.29
500.61,301.9,497.97,330.29
507.09,298.66,497.97,330.29
501.58,291.76,508.99,337.59
501.58,291.76,508.99,337.59
498.27,288.45,508.99,337.59
491.64,281.82,508.99,337.59
491.64,281.82,508.99,337.59
485.01,275.18,508.99,337.59
466.11,261.5,520.25,345.06
456.97,261.08,531.76,352.7
447.62,250.25,543.53,360.5
438.07,246.26,555.55,368.48
434.45,246.26,555.55,368.48
434.45,242.64,555.55,368.48
438.07,242.64,555.55,368.48
438.07,242.64,555.55,368.48
438.07,246.26,555.55,368.48
412.73,249.88,555.55,368.48
416.35,253.5,555.55,368.48
416.35,257.12,555.55,368.48
429.51,268.28,543.7,360.62
429.51,271.83,543.7,360.62
423.5,267.84,555.73,368.6
423.5,267.84,555.73,368.6
423.5,267.84,555.73,368.6
427.12,267.84,555.73,368.6
437.97,267.84,555.73,368.6
448.83,264.22,555.73,368.6
495.89,253.36,555.73,368.6
546.56,242.5,555.73,368.6
546.56,238.88,555.73,368.6
594.71,223.94,568.03,376.75
636.53,212.37,580.6,385.09
633.88,204.33,593.44,393.61
642.79,192.24,606.57,402.32
632.13,187.79,619.99,411.22
624.05,191.83,619.99,411.22
591.73,195.87,619.99,411.22
587.69,195.87,619.99,411.22
587.69,195.87,619.99,411.22
595.77,195.87,619.99,411.22
587.69,195.87,619.99,411.22
590.27,204.3,606.77,402.45
582.36,208.25,606.77,402.45
578.41,212.2,606.77,402.45
574.45,216.16,606.77,402.45
576.97,236.26,593.83,393.87
571.7,259.8,581.17,385.47
570.32,267.7,568.77,377.25
565.27,282.84,556.65,369.2
556.7,297.65,544.77,361.33
558.96,305.05,533.16,353.62
557.7,315.77,521.79,346.08
559.86,322.86,510.66,338.7
558.65,326.47,499.77,331.48
563.98,333.26,489.11,324.41
563.98,333.26,489.11,324.41
570.36,333.26,489.11,324.41
570.36,333.26,489.11,324.41
573.54,333.26,489.11,324.41
570.36,336.45,489.11,324.41
570.36,339.63,489.11,324.41
560.8,339.63,489.11,324.41
560.8,339.63,489.11,324.41
560.8,339.63,489.11,324.41
569.2,346.28,478.68,317.49
572.32,349.39,478.68,317.49
572.32,349.39,478.68,317.49
572.32,349.39,478.68,317.49
575.43,349.39,478.68,317.49
578.55,349.39,478.68,317.49
583.66,352.78,468.47,310.72
580.6,355.83,468.47,310.72
591.7,359.14,458.48,304.1
588.72,359.14,458.48,304.1
588.72,362.13,458.48,304.1
588.72,362.13,458.48,304.1
588.72,362.13,458.48,304.1
582.74,362.13,458.48,304.1
587.63,368.36,448.71,297.61
573.9,370.91,458.63,304.2
567.92,370.91,458.63,304.2
570.91,370.91,458.63,304.2
550.89,391.45,468.78,310.93
535.62,394.51,468.78,310.93
536.54,400.23,479.15,317.81
617.7,356.53,479.15,317.81
664.53,312.83,479.15,317.81
667.65,312.83,479.15,317.81
654.03,347.43,468.93,311.03
657.08,350.49,468.93,311.03
660.14,350.49,468.93,311.03
705.96,344.38,468.93,311.03
754.84,338.27,468.93,311.03
760.95,338.27,468.93,311.03
755.76,340.94,479.31,317.91
568.47,6.9314,479.31,317.91
571.59,10.053,479.31,317.91
527.89,16.296,479.31,317.91
521.64,19.418,479.31,317.91
518.52,19.418,479.31,317.91
531.01,19.418,479.31,317.91
534.13,16.296,479.31,317.91
534.13,16.296,479.31,317.91
487.31,19.418,479.31,317.91
471.7,22.539,479.31,317.91
468.58,22.539,479.31,317.91
463.28,19.022,489.91,324.94
469.66,9.4459,489.91,324.94
478.08,9.7185,479.47,318.01
483.19,3.7388,469.24,311.23
488.19,0.94359,459.24,304.6
493.09,1.1992,449.44,298.1
490.16,4.1267,449.44,298.1
470.55,6.6838,459.39,304.7
467.56,9.676,459.39,304.7
464.57,9.676,459.39,304.7
452.6,12.668,459.39,304.7
449.61,12.668,459.39,304.7
449.61,15.66,459.39,304.7
455.59,15.66,459.39,304.7
458.58,15.66,459.39,304.7
458.58,12.668,459.39,304.7
455.59,9.676,459.39,304.7
452.6,9.676,459.39,304.7
443.62,6.6838,459.39,304.7
422.68,3.6917,459.39,304.7
422.68,3.6917,459.39,304.7
410.71,0.69953,459.39,304.7
398.74,0.69953,459.39,304.7
396.65,0.321,469.55,311.44
393.59,0.321,469.55,311.44
376.16,-0.06544,479.94,318.33
360.52,-9.4478,479.94,318.33
367.73,-0.45948,490.56,325.37
351.74,-3.6556,490.56,325.37
361.33,-6.8516,490.56,325.37
393.29,-6.8516,490.56,325.37
393.29,-3.6556,490.56,325.37
393.29,-3.6556,490.56,325.37
403.85,-0.86281,501.41,332.57
502.83,250.26,512.51,339.93
503.84,256.52,523.84,347.45
491.22,259.5,535.43,355.13
466.81,266.47,535.43,355.13
463.32,269.96,535.43,355.13
455.07,287.7,524.02,347.56
438.01,301.35,524.02,347.56
440.18,311.89,512.84,340.15
443.52,315.23,512.84,340.15
420.13,325.25,512.84,340.15
386.72,331.93,512.84,340.15
383.38,328.59,512.84,340.15
380.04,321.91,512.84,340.15
380.04,305.21,512.84,340.15
380.04,305.21,512.84,340.15
381.05,281.4,524.19,347.68
385.5,270.72,535.79,355.37
388.99,267.23,535.79,355.37
395.97,263.74,535.79,355.37
409.93,263.74,535.79,355.37
413.42,267.23,535.79,355.37
430.87,267.23,535.79,355.37
437.85,260.25,535.79,355.37
444.83,260.25,535.79,355.37
451.81,253.27,535.79,355.37
458.79,242.8,535.79,355.37
459.84,228.39,547.64,363.23
447.84,228.7,535.96,355.48
403.5,207.31,547.82,363.35
389.22,189.46,547.82,363.35
347.48,185.44,559.94,371.39
337.63,174.04,572.33,379.61
323.84,162.38,584.99,388
336.43,142.84,597.93,396.59
325.92,99.495,611.16,405.36
307.21,126.87,624.69,414.33
281.31,41.734,611.36,405.5
325.11,129.35,611.36,405.5
329.1,145.28,611.36,405.5
334.28,192.56,624.89,414.47
385.72,233.61,611.56,405.63
396.23,249.89,598.52,396.98
457.21,289.23,585.76,388.51
495.36,350.28,585.76,388.51
499.18,361.72,585.76,388.51
520.69,373.5,573.27,380.23
427.31,22.38,573.27,380.23
408.63,11.174,573.27,380.23
442.25,11.174,573.27,380.23
445.98,14.909,573.27,380.23
449.72,14.909,573.27,380.23
464.66,18.645,573.27,380.23
460.92,18.645,573.27,380.23
447.11,18.174,585.95,388.64
405.12,14.356,585.95,388.64
374.58,21.991,585.95,388.64
360.46,25.327,598.92,397.24
388.95,28.737,612.17,406.03
386.17,28.233,625.71,415.01
383.32,31.795,639.55,424.19
322.08,35.436,653.7,433.58
275.23,5.6241,653.7,433.58
276.52,17.863,668.17,443.17
289.58,17.863,668.17,443.17
303.95,26.019,682.95,452.98
300.84,29.906,698.06,463
315.86,42.972,713.51,473.24
328.11,182.84,698.29,463.15
332.66,182.84,698.29,463.15
265.8,150.42,713.74,473.4
305.95,11.35,698.52,463.3
319.61,11.35,698.52,463.3
396.97,15.901,698.52,463.3
419.73,20.452,698.52,463.3
424.28,25.003,698.52,463.3
428.83,29.554,698.52,463.3
437.93,25.003,698.52,463.3
442.48,25.003,698.52,463.3
460.69,15.901,698.52,463.3
465.24,20.452,698.52,463.3
465.24,25.003,698.52,463.3
466.61,42.633,713.97,473.55
471.26,56.586,713.97,473.55
471.26,61.237,713.97,473.55
457.31,56.586,713.97,473.55
584.29,51.347,729.77,484.03
595.24,45.993,745.92,494.74
643.83,31.416,745.92,494.74
585.52,36.275,745.92,494.74
586.99,35.661,762.42,505.69
591.95,20.761,762.42,505.69
250.75,5.2332,779.29,516.87
184.76,-4.9198,779.29,516.87
149.22,-9.9962,779.29,516.87
110.14,-15.714,796.53,528.31
94.578,-20.902,796.53,528.31
56.377,-4.8927,779.54,517.04
69.768,15.856,762.92,506.02
74.738,20.826,762.92,506.02
334.71,5.2872,779.8,517.21
341.32,-10.595,797.05,528.66
540.19,-16.444,814.69,540.35
476.5,-27.059,814.69,540.35
603.89,-21.751,814.69,540.35
614.5,-16.444,814.69,540.35
635.73,20.711,814.69,540.35
635.73,20.711,814.69,540.35
635.73,20.711,814.69,540.35
593.27,41.943,814.69,540.35
552.41,46.581,832.71,552.31
526.92,45.896,851.14,564.53
619.18,-3.5353,832.99,552.49
564.9,1.8922,832.99,552.49
550.26,1.2077,851.41,564.71
544.71,12.302,851.41,564.71
544.71,12.302,851.41,564.71
544.71,12.302,851.41,564.71
518.65,17.149,870.25,577.21
422.29,22.817,870.25,577.21
280.57,45.492,870.25,577.21
291.91,62.498,870.25,577.21
208.59,73.118,889.51,589.98
181.37,72.386,909.19,603.03
145.82,78.309,909.19,603.03
163.59,84.233,909.19,603.03
169.52,96.08,909.19,603.03
216.91,96.08,909.19,603.03
234.68,102,909.19,603.03
250.29,96.586,889.8,590.17
256.09,108.18,889.8,590.17
232.91,131.36,889.8,590.17
232.91,137.16,889.8,590.17
184.43,172.43,870.82,577.59
165.36,201.28,852.25,565.27
174.44,212.86,834.08,553.22
136.41,234.59,834.08,553.22
130.98,240.03,834.08,553.22
139.87,245.93,816.29,541.42
169.84,246.38,798.88,529.87
183.57,246.83,781.85,518.57
183.57,246.83,781.85,518.57
169.82,241.09,799.15,530.05
178.34,236.33,782.1,518.74
173.25,236.33,782.1,518.74
196.88,216.38,765.42,507.68
171.94,216.38,765.42,507.68
166.96,216.38,765.42,507.68
175.12,226.78,749.1,496.85
155.6,226.78,749.1,496.85
173.35,227.2,733.13,486.26
154.24,227.2,733.13,486.26
166.83,227.61,717.49,475.89
166.83,227.61,717.49,475.89
207.21,223.33,702.19,465.74
255.86,214.57,687.22,455.81
242.43,214.57,687.22,455.81
233.48,214.57,687.22,455.81
233.48,210.1,687.22,455.81
233.48,210.1,687.22,455.81
233.48,214.57,687.22,455.81
220.05,223.53,687.22,455.81
215.58,228,687.22,455.81
215.58,232.48,687.22,455.81
224.53,236.96,687.22,455.81
236.33,241.82,672.56,446.09
231.95,246.2,672.56,446.09
239.12,250.96,658.22,436.57
243.41,250.96,658.22,436.57
250.43,247.03,644.18,427.26
246.23,247.03,644.18,427.26
246.23,251.23,644.18,427.26
246.23,251.23,644.18,427.26
246.23,251.23,644.18,427.26
246.23,251.23,644.18,427.26
246.23,251.23,644.18,427.26
246.23,255.43,644.18,427.26
246.23,255.43,644.18,427.26
250.43,255.43,644.18,427.26
250.43,255.43,644.18,427.26
250.43,255.43,644.18,427.26
250.43,255.43,644.18,427.26
250.43,255.43,644.18,427.26
250.43,255.43,644.18,427.26
250.43,255.43,644.18,427.26
250.43,255.43,644.18,427.26
250.43,255.43,644.18,427.26
254.62,259.62,644.18,427.26
258.82,268.01,644.18,427.26
258.82,268.01,644.18,427.26
274.08,268.37,630.45,418.15
278.19,268.37,630.45,418.15
282.3,268.37,630.45,418.15
282.3,268.37,630.45,418.15
282.3,272.48,630.45,418.15
297.23,268.73,617,409.24
307.83,273.09,603.84,400.51
307.83,277.02,603.84,400.51
307.83,277.02,603.84,400.51
307.83,277.02,603.84,400.51
307.83,277.02,603.84,400.51
307.83,277.02,603.84,400.51
307.83,277.02,603.84,400.51
307.83,277.02,603.84,400.51
307.83,277.02,603.84,400.51
307.83,277.02,603.84,400.51
307.83,280.96,603.84,400.51
307.83,280.96,603.84,400.51
307.83,277.02,603.84,400.51
314.27,269.49,590.97,391.97
314.27,273.34,590.97,391.97
324.42,262.13,578.36,383.61
341.89,262.45,566.03,375.43
347.93,259.07,553.96,367.42
351.54,255.46,553.96,367.42
351.54,251.85,553.96,367.42
351.54,251.85,553.96,367.42
351.54,251.85,553.96,367.42
355.15,259.07,553.96,367.42
355.15,262.68,553.96,367.42
358.76,269.9,553.96,367.42
365.98,277.12,553.96,367.42
365.98,277.12,553.96,367.42
365.98,280.73,553.96,367.42
369.59,280.73,553.96,367.42
373.2,280.73,553.96,367.42
373.2,284.34,553.96,367.42
355.15,295.17,553.96,367.42
351.54,298.78,553.96,367.42
326.27,320.44,553.96,367.42
332.18,327.97,542.15,359.59
341.49,328.27,530.58,351.92
344.95,328.27,530.58,351.92
348.4,324.81,530.58,351.92
351.86,324.81,530.58,351.92
360.97,318.2,519.27,344.41
373.28,294.81,508.2,337.07
373.28,304.74,508.2,337.07
376.59,291.5,508.2,337.07
385.31,275.23,497.36,329.88
385.31,281.71,497.36,329.88
380.9,275.51,486.75,322.85
377.73,278.68,486.75,322.85
374.56,281.85,486.75,322.85
380.9,285.02,486.75,322.85
387.24,294.54,486.75,322.85
393.58,297.71,486.75,322.85
393.58,307.22,486.75,322.85
405.11,291.64,476.37,315.96
402.01,297.84,476.37,315.96
395.8,307.16,476.37,315.96
392.7,313.36,476.37,315.96
392.7,319.57,476.37,315.96
395.8,325.78,476.37,315.96
410.19,335.36,466.21,309.22
410.19,335.36,466.21,309.22
416.27,341.43,466.21,309.22
436.43,350.8,456.27,302.63
439.4,353.78,456.27,302.63
485.88,351.06,446.54,296.18
517.89,351.06,446.54,296.18
537.2,354.22,437.02,289.86
570.33,360.15,427.7,283.68
588.82,368.75,418.58,277.63
586.09,371.48,418.58,277.63
577.91,371.48,418.58,277.63
556.09,371.48,418.58,277.63
556.09,371.48,418.58,277.63
550.63,368.75,418.58,277.63
537,366.02,418.58,277.63
537,366.02,418.58,277.63
511.46,377.17,409.65,271.71
474.1,387.84,409.65,271.71
466.09,393.18,409.65,271.71
462.45,401.41,400.92,265.91
459.84,406.64,400.92,265.91
464.12,409.47,392.37,260.24
466.67,401.8,392.37,260.24
464.12,401.8,392.37,260.24
464.12,399.24,392.37,260.24
430.88,401.8,392.37,260.24
482.01,396.69,392.37,260.24
487.13,394.13,392.37,260.24
563.83,368.56,392.37,260.24
564.61,368.24,401.05,266
557.56,367.91,409.92,271.89
538.87,381.26,409.92,271.89
533.52,389.27,409.92,271.89
535.22,392.17,401.18,266.09
524.77,394.79,401.18,266.09
471.55,408.08,392.62,260.41
468.99,418.3,392.62,260.41
451.09,428.53,392.62,260.41
448.53,420.86,392.62,260.41
448.53,420.86,392.62,260.41
474.1,397.85,392.62,260.41
499.67,374.84,392.62,260.41
497.88,374.51,401.31,266.18
