185.5,384.5,19,25
184.46,382.08,19,25
184.29,381.22,19,25
183.95,378.98,19,25
186.54,376.39,19,25
188.09,374.15,19,25
189.81,375.35,19,25
194.47,377.94,19,25
194.47,378.46,19,25
197.06,379.67,19,25
197.92,381.57,19,25
199.65,381.39,19,25
199.3,380.19,19,25
197.23,377.77,19,25
197.06,378.12,19,25
196.54,374.66,19,25
196.54,370.52,19,25
193.95,365.17,19,25
191.19,359.83,19,25
188.95,356.03,19,25
189.47,355.17,19,25
187.4,352.75,19,25
187.05,350.85,19,25
186.02,349.3,19,25
185.67,349.65,19,25
186.36,352.58,19,25
186.19,352.75,19,25
185.67,355.51,19,25
185.15,358.96,19,25
184.12,364.48,19,25
183.95,369.49,19,25
185.33,374.32,19,25
184.81,374.49,19,25
185.85,378.12,19,25
186.02,381.57,19,25
185.33,385.71,19,25
185.67,389.16,19,25
186.54,391.92,19,25
186.36,392.78,19,25
186.02,393.82,19,25
186.71,394.16,19,25
188.26,394.16,19,25
188.26,394.34,19,25
189.81,394.85,19,25
190.33,395.37,19,25
190.68,395.2,19,25
191.88,394.68,19,25
191.88,395.2,19,25
193.09,395.72,19,25
193.09,396.41,19,25
193.09,396.23,19,25
193.09,396.06,19,25
193.61,395.89,19,25
195.16,396.92,19,25
193.95,397.1,19,25
193.61,396.58,19,25
193.26,396.75,19,25
190.33,397.1,19,25
187.23,397.1,19,25
185.85,397.27,19,25
186.88,397.1,19,25
187.74,396.75,19,25
187.57,397.1,19,25
189.64,396.41,19,25
191.19,394.51,19,25
191.37,392.61,19,25
190.68,392.78,19,25
190.5,392.61,19,25
190.16,392.44,19,25
189.12,391.75,19,25
188.43,389.33,19,25
187.74,385.54,19,25
186.19,382.26,19,25
185.15,377.77,19,25
184.81,377.94,19,25
184.64,373.8,19,25
184.29,370.52,19,25
183.77,367.59,19,25
184.29,365.17,19,25
183.6,362.76,19,25
183.77,363.1,19,25
184.12,362.76,19,25
184.81,363.45,19,25
188.26,363.79,19,25
190.33,365.35,19,25
193.78,366.38,19,25
194.65,366.55,19,25
198.27,367.59,19,25
201.37,369.49,19,25
202.93,370.52,19,25
204.83,372.08,19,25
205.86,373.28,19,25
206.03,373.63,19,25
205.52,375.87,19,25
206.21,378.46,19,25
206,379.91,19.42,25.553
205.82,380.79,19.42,25.553
203.53,381.5,19.42,25.553
203.7,382.03,19.42,25.553
201.76,382.2,19.42,25.553
200,383.26,19.42,25.553
197.17,384.5,19.42,25.553
195.23,385.2,19.42,25.553
192.76,385.91,19.42,25.553
192.94,385.91,19.42,25.553
188.35,386.44,19.42,25.553
186.23,387.15,19.42,25.553
185.35,386.97,19.42,25.553
185.7,384.5,19.42,25.553
188.88,379.2,19.42,25.553
188.53,378.32,19.42,25.553
193.47,370.38,19.42,25.553
196.11,365.09,19.42,25.553
196.11,362.26,19.42,25.553
196.29,359.97,19.42,25.553
197.17,357.5,19.42,25.553
197,357.85,19.42,25.553
198.58,355.03,19.42,25.553
200.53,352.03,19.42,25.553
200.35,349.91,19.42,25.553
201.76,347.26,19.42,25.553
203.17,345.32,19.42,25.553
202.47,345.32,19.42,25.553
202.47,344.97,19.42,25.553
203.53,344.97,19.42,25.553
203.88,345.85,19.42,25.553
202.82,346.38,19.42,25.553
199.29,349.38,19.42,25.553
199.11,349.56,19.42,25.553
198.41,350.44,19.42,25.553
197.7,350.97,19.42,25.553
194.88,351.15,19.42,25.553
192.23,351.15,19.42,25.553
189.76,351.15,19.42,25.553
189.94,351.15,19.42,25.553
186.23,351.85,19.42,25.553
185,352.03,19.42,25.553
184.11,352.2,19.42,25.553
183.05,351.67,19.42,25.553
182.17,349.2,19.42,25.553
181.82,348.67,19.42,25.553
181.11,347.09,19.42,25.553
180.94,345.15,19.42,25.553
181.11,344.26,19.42,25.553
182.53,343.2,19.42,25.553
184.47,341.09,19.42,25.553
184.64,340.91,19.42,25.553
186.76,338.26,19.42,25.553
188.35,337.03,19.42,25.553
189.94,335.44,19.42,25.553
190.29,335.26,19.42,25.553
192.23,333.67,19.42,25.553
192.05,334.03,19.42,25.553
193.29,333.15,19.42,25.553
193.29,332.09,19.42,25.553
195.23,331.38,19.42,25.553
198.05,330.85,19.42,25.553
203.35,328.73,19.42,25.553
203.88,328.73,19.42,25.553
212.17,326.26,19.42,25.553
219.41,323.79,19.42,25.553
225.23,321.15,19.42,25.553
232.64,319.73,19.42,25.553
239.7,317.79,19.42,25.553
239.88,317.79,19.42,25.553
242.88,316.03,19.42,25.553
244.82,315.15,19.42,25.553
242.35,315.32,19.42,25.553
236.17,313.03,19.42,25.553
227.56,302.71,19.006,25.008
226.87,302.71,19.006,25.008
221.86,287.01,19.006,25.008
229.11,267.86,19.006,25.008
217.23,262.08,18.601,24.475
215.04,263.77,18.601,24.475
214.2,273.21,18.601,24.475
214.56,275.84,18.204,23.953
211.93,290.16,18.204,23.953
211.27,305.48,18.204,23.953
213.41,318.16,18.204,23.953
213.25,323.76,18.204,23.953
213.58,328.21,18.204,23.953
213.91,328.05,18.204,23.953
214.07,329.36,18.204,23.953
214.24,331.67,18.204,23.953
215.55,333.81,18.204,23.953
216.21,335.29,18.204,23.953
215.39,335.29,18.204,23.953
215.55,335.29,18.204,23.953
205.34,337.11,18.204,23.953
192.46,341.95,18.607,24.483
193.97,341.27,18.607,24.483
197.88,319.61,18.21,23.961
194.78,325.3,17.822,23.45
194,327.02,17.442,22.95
191.32,333.3,17.07,22.46
190.73,338.34,16.706,21.981
210.96,346.49,16.706,21.981
212.32,348.15,16.706,21.981
212.8,341.89,16.35,21.513
211.04,338.1,16.001,21.054
207.27,322.58,16.001,21.054
203.2,310.53,16.001,21.054
203.06,310.1,16.001,21.054
193.89,313.06,16.355,21.52
194.15,311.33,16.717,21.996
194.27,310.78,17.087,22.482
193.34,311.86,17.087,22.482
187.33,312.72,16.722,22.003
180.72,307.28,17.092,22.49
176.69,304.65,17.092,22.49
178.71,299.84,17.092,22.49
179.04,297.76,16.728,22.01
184.27,292.95,16.371,21.541
191.39,290.77,16.733,22.017
192.43,303.83,17.103,22.505
196.46,302.13,17.103,22.505
199.89,295.86,16.739,22.025
200.83,293.96,16.382,21.555
207.12,299.11,16.032,21.095
206.39,301.14,16.032,21.095
209.88,304.04,16.032,21.095
212.02,312.22,16.387,21.562
215.77,326.76,16.038,21.102
215.48,327.92,16.038,21.102
220.73,331.62,15.696,20.652
226.62,333.42,15.361,20.212
226.48,334.39,15.361,20.212
214.09,349.99,15.361,20.212
219.94,331.61,15.361,20.212
219.8,332.45,15.361,20.212
222.73,321.45,15.361,20.212
224.12,313.79,15.361,20.212
226.07,309.89,15.361,20.212
224.54,304.46,15.361,20.212
220.92,289.29,15.361,20.212
221.05,288.45,15.361,20.212
219.11,282.75,15.361,20.212
220.75,277.65,15.701,20.659
221.18,273.35,15.701,20.659
220.46,270.78,15.701,20.659
222.89,273.78,15.701,20.659
223.89,274.64,15.701,20.659
225.61,278.51,15.701,20.659
227.62,285.52,15.701,20.659
229.19,289.96,15.701,20.659
230.19,295.97,15.701,20.659
230.65,307.07,15.366,20.218
230.65,307.63,15.366,20.218
227.33,318.56,15.038,19.787
209.24,331.67,14.718,19.365
209.64,331.81,14.718,19.365
210.84,331.81,14.718,19.365
210.97,333.14,14.718,19.365
211.1,332.87,14.718,19.365
212.17,333.67,14.718,19.365
213.37,335.27,14.718,19.365
213.9,334.21,14.718,19.365
214.57,332.47,14.718,19.365
214.19,332.68,14.404,18.952
214.74,332.75,14.097,18.548
214.84,315.72,14.408,18.959
213.66,311.52,14.408,18.959
207.9,306.47,14.101,18.554
207.28,307.81,13.801,18.159
209.06,309.89,13.506,17.771
209.33,310.57,13.218,17.392
207.42,317.87,13.218,17.392
214.85,317.69,12.936,17.021
224.87,311.52,12.66,16.658
229.04,310.94,12.66,16.658
213.51,295.37,12.941,17.027
212.45,295.14,12.941,17.027
209.28,302.2,12.941,17.027
206.45,317.84,12.941,17.027
201.25,333.42,13.227,17.404
217.28,323.85,13.227,17.404
217.4,325.76,13.227,17.404
216.68,325.88,13.227,17.404
219.19,326,13.227,17.404
219.43,328.28,13.227,17.404
218.59,326.48,13.227,17.404
202.54,334.3,13.519,17.789
202.91,327.88,13.519,17.789
203.03,324.92,13.519,17.789
206.74,313.55,13.519,17.789
209.21,311.82,13.519,17.789
209.21,306.88,13.519,17.789
210.2,302.56,13.519,17.789
212.05,297.74,13.519,17.789
212.18,296.01,13.519,17.789
212.77,293.34,13.819,18.182
214.62,290.25,14.124,18.585
211.65,293.1,14.124,18.585
211.93,293.82,13.823,18.188
211.45,295.27,13.528,17.8
211.71,295.58,13.24,17.421
211.47,294.5,13.24,17.421
213.05,293.73,12.958,17.049
213.31,292.38,12.681,16.686
214.81,294.24,12.681,16.686
212.28,295.69,12.411,16.33
212.08,296.88,12.146,15.982
211.83,296.49,12.415,16.335
211.51,298.48,12.15,15.987
210.85,299.36,12.15,15.987
214.36,299.58,12.15,15.987
212.28,302.21,12.15,15.987
211.59,303.03,12.419,16.341
213.98,303.03,12.419,16.341
215.01,303.48,12.419,16.341
225.83,312.3,12.154,15.992
226.24,313.88,12.423,16.346
223.17,312.97,12.423,16.346
222.72,312.51,12.423,16.346
220.9,312.29,12.423,16.346
219.32,312.92,12.158,15.997
220.31,313.02,12.158,15.997
224.07,312.98,11.899,15.656
218.26,312.93,11.645,15.322
217.2,313.03,11.645,15.322
221.86,310.28,11.645,15.322
225.57,309.64,11.645,15.322
225.69,309.17,11.397,14.996
219.47,311.31,11.154,14.676
233.14,321.2,11.154,14.676
233.24,321.1,11.154,14.676
230.79,318.55,11.154,14.676
226.82,316.1,11.154,14.676
225.49,314.47,11.154,14.676
224.27,313.24,11.154,14.676
221.21,311.92,11.154,14.676
220.39,311.61,11.154,14.676
219.37,309.98,11.154,14.676
225.67,306.35,11.4,15.001
225.26,304.27,11.4,15.001
223.39,300.12,11.4,15.001
221.93,302.3,11.4,15.001
221.41,302.82,11.4,15.001
213.72,303.03,11.4,15.001
208.01,302.4,11.4,15.001
202.5,303.75,11.4,15.001
197.82,308.74,11.4,15.001
195.74,313.32,11.4,15.001
196.05,315.39,11.4,15.001
188.78,313.94,11.4,15.001
188.13,310.76,11.653,15.332
202.19,324.78,11.91,15.672
203.27,324.67,11.91,15.672
203.27,326.07,11.91,15.672
203.16,327.04,11.91,15.672
203.06,323.7,11.91,15.672
203.83,323.76,11.656,15.337
201.41,322.65,11.408,15.01
201.52,325.87,11.408,15.01
196.22,327.43,11.408,15.01
195.28,327.02,11.408,15.01
200.27,328.99,11.408,15.01
202.66,329.61,11.408,15.01
202.76,332,11.408,15.01
203.6,327.33,11.408,15.01
198.92,328.06,11.408,15.01
198.19,327.95,11.408,15.01
197.88,317.98,11.408,15.01
193,319.53,11.408,15.01
195.05,328.82,11.66,15.343
201.7,339.46,11.918,15.682
208.94,335.63,11.664,15.348
210.23,335.27,11.415,15.02
208.05,339.11,11.415,15.02
206.6,341.92,11.415,15.02
205.45,343.27,11.415,15.02
207.03,347.07,11.172,14.7
203.99,343.35,10.934,14.386
203.7,342.4,10.701,14.08
199.08,353.13,10.937,14.391
185.86,350.87,11.179,14.71
182.47,352.03,11.427,15.035
174.36,352.45,11.427,15.035
188.31,346.68,11.183,14.714
187.18,346.38,11.183,14.714
186.57,348.62,11.183,14.714
182.8,350.66,11.183,14.714
182.21,352.86,10.944,14.401
180.51,354.26,10.944,14.401
181.91,358.26,10.944,14.401
182.31,359.46,10.944,14.401
183.21,358.46,10.944,14.401
185.41,357.86,10.944,14.401
188.49,357,11.187,14.719
192.75,356.53,11.434,15.045
196.18,352.79,11.434,15.045
196.38,351.33,11.434,15.045
197.42,349.67,11.434,15.045
199.4,348.94,11.434,15.045
201.06,348.01,11.434,15.045
197.32,345.3,11.434,15.045
199.08,344.89,11.434,15.045
199.29,345.72,11.434,15.045
200.96,346.34,11.434,15.045
201.48,345.93,11.434,15.045
201.89,346.03,11.434,15.045
202.41,345.1,11.434,15.045
202.2,344.16,11.434,15.045
201.89,343.95,11.434,15.045
202.83,342.19,11.434,15.045
205.63,339.9,11.434,15.045
209.79,339.8,11.434,15.045
214.36,341.36,11.434,15.045
216.23,341.36,11.434,15.045
217.27,341.77,11.434,15.045
218.21,342.19,11.434,15.045
219.14,342.5,11.434,15.045
220.8,343.95,11.434,15.045
222.26,346.34,11.434,15.045
224.23,347.59,11.434,15.045
224.96,348.84,11.434,15.045
225.17,349.57,11.434,15.045
225.48,349.36,11.434,15.045
226.94,349.05,11.434,15.045
226.83,348.32,11.434,15.045
226.83,348.11,11.434,15.045
226.83,347.9,11.434,15.045
226.94,347.7,11.434,15.045
226.1,346.03,11.434,15.045
226.83,344.47,11.434,15.045
227.98,342.5,11.434,15.045
230.68,339.9,11.434,15.045
231.72,339.38,11.434,15.045
233.59,338.86,11.434,15.045
234.31,338.55,11.434,15.045
233.9,340.84,11.434,15.045
235.12,344.72,11.687,15.378
237.85,348.89,11.946,15.718
237.74,350.51,11.946,15.718
238.93,353.32,11.946,15.718
239.9,354.72,11.946,15.718
239.9,355.47,11.946,15.718
241.84,361.94,11.946,15.718
240.76,361.19,11.946,15.718
240.55,361.19,11.946,15.718
239.9,359.25,11.946,15.718
239.47,356.98,11.946,15.718
239.69,358.38,11.946,15.718
238.07,359.68,11.946,15.718
236.88,360.43,11.946,15.718
236.77,360.97,11.946,15.718
235.8,363.02,11.946,15.718
235.48,366.36,11.946,15.718
235.91,368.09,11.946,15.718
234.4,367.66,11.946,15.718
231.81,366.15,11.946,15.718
230.63,366.04,11.946,15.718
229.55,364.96,11.946,15.718
229.23,364.53,11.946,15.718
229.01,364.96,11.946,15.718
228.58,364.53,11.946,15.718
227.28,364.64,11.946,15.718
226.96,364.75,11.946,15.718
226.42,363.88,11.946,15.718
222.99,363.62,11.691,15.383
220.87,362.88,11.691,15.383
221.51,359.28,11.691,15.383
226.8,354.3,11.691,15.383
229.55,352.93,11.691,15.383
234.11,350.49,11.691,15.383
242.28,345.36,11.442,15.055
243.75,341.05,11.198,14.734
252.21,350.33,11.198,14.734
255.7,347.43,10.959,14.42
256.22,346.58,10.725,14.112
261.61,346.78,10.725,14.112
263.86,350.31,10.725,14.112
266.62,353.4,10.496,13.811
264.91,349.61,10.273,13.517
263.4,352.06,10.273,13.517
262.86,353.33,10.054,13.228
262.41,354.58,9.8391,12.946
263.87,351.92,9.6293,12.67
266.25,346.09,9.6293,12.67
268.21,344.11,9.424,12.4
265.29,343.64,9.223,12.136
264.88,343.35,9.0263,11.877
261.93,343.56,8.8338,11.623
259.61,343.6,8.6454,11.376
257.66,343.17,8.4611,11.133
256.45,344.06,8.2806,10.896
254.95,339.47,8.4638,11.137
254.39,338.73,8.6511,11.383
256.67,339.91,8.6511,11.383
260.35,340.46,8.6511,11.383
254.86,340.14,8.6511,11.383
253.45,338.57,8.6511,11.383
251.96,340.3,8.6511,11.383
251.18,341.87,8.6511,11.383
258.24,338.26,8.6511,11.383
266.79,327.83,8.6511,11.383
269.3,325.48,8.6511,11.383
275.1,325.87,8.6511,11.383
275.34,325.87,8.6511,11.383
275.88,325.87,8.6511,11.383
276.2,325.63,8.6511,11.383
277.77,325.48,8.6511,11.383
279.41,325.24,8.6511,11.383
282.63,325.71,8.6511,11.383
286.55,325.32,8.6511,11.383
287.81,325,8.6511,11.383
287.81,325.08,8.6511,11.383
289.69,324.77,8.6511,11.383
297.37,335.28,8.6511,11.383
297.2,336.02,8.8425,11.635
289.56,343.01,8.8425,11.635
289.56,343.33,8.8425,11.635
288.6,342.29,8.8425,11.635
287.63,341.48,8.8425,11.635
287.87,342.37,8.8425,11.635
287.15,339.79,8.8425,11.635
284.5,336.5,8.8425,11.635
283.68,335.57,9.0381,11.892
277.67,341.91,9.0381,11.892
277.25,339.93,9.0381,11.892
271.24,340.92,9.0381,11.892
270.24,341.86,9.2381,12.155
269.22,342.95,9.2381,12.155
268.97,342.7,9.2381,12.155
268.47,340.93,9.2381,12.155
274.28,351.98,9.2381,12.155
280.79,351.35,9.0411,11.896
289.94,351.88,8.8483,11.643
286.97,355.58,8.8483,11.643
286.01,356.71,8.8483,11.643
285.02,345.97,9.0441,11.9
287.08,351.57,9.0441,11.9
290.38,356.34,9.0441,11.9
288.98,354.12,9.0441,11.9
284.53,350.33,9.0441,11.9
283.71,350.25,9.0441,11.9
284.21,346.92,8.8512,11.646
280.19,345.39,8.8512,11.646
278.99,344.67,8.8512,11.646
276.66,344.02,8.8512,11.646
273.52,344.02,8.8512,11.646
272.72,344.18,8.8512,11.646
271.11,343.7,8.8512,11.646
270.55,343.62,8.8512,11.646
269.74,344.91,8.8512,11.646
269.42,347.08,8.8512,11.646
258.63,357.72,9.047,11.904
257.64,359.62,9.047,11.904
260.94,357.72,9.047,11.904
258.38,360.03,9.047,11.904
262.07,360.72,9.2472,12.167
262.73,365.73,9.4518,12.437
264,365.5,9.6609,12.712
264.45,365.68,9.6609,12.712
262.84,365.81,9.8747,12.993
262.84,369.32,9.8747,12.993
262.55,369.9,10.093,13.28
264.3,372.48,10.093,13.28
266.68,372.24,10.316,13.574
269.03,372.52,10.316,13.574
268.09,372.81,10.316,13.574
267.03,374.35,10.545,13.875
267.61,373.97,10.545,13.875
271.74,372.53,10.545,13.875
272.61,372.43,10.545,13.875
270.78,364.84,10.545,13.875
269.34,363.01,10.545,13.875
266.84,362.53,10.545,13.875
265.69,362.82,10.545,13.875
271.55,358.5,10.545,13.875
267.72,349.81,10.32,13.579
268.21,349.39,10.1,13.289
262.13,346.62,10.1,13.289
250.15,349.66,10.1,13.289
237.98,342.2,10.1,13.289
239.82,343.67,10.1,13.289
240.38,352.43,10.1,13.289
240.65,353.53,10.1,13.289
241.22,352.66,9.8844,13.006
234.1,340.85,9.8844,13.006
235.99,339.85,9.8844,13.006
237.25,339.31,9.8844,13.006
236.17,340.4,9.8844,13.006
236.08,340.4,9.8844,13.006
235.99,340.76,9.8844,13.006
238.07,339.4,9.8844,13.006
239.24,339.31,9.8844,13.006
240.05,339.94,9.8844,13.006
241.4,341.12,9.8844,13.006
241.04,341.84,9.8844,13.006
243.12,343.19,9.8844,13.006
242.59,344.14,9.6736,12.728
239.52,346.13,9.4673,12.457
236.41,347.51,9.4673,12.457
234.61,345.4,9.2654,12.191
233.86,345.15,9.2654,12.191
245.15,335.7,9.2654,12.191
247.68,335.96,9.2654,12.191
236.45,333.21,9.4704,12.461
235.33,333.47,9.4704,12.461
233.78,333.9,9.4704,12.461
233.69,333.47,9.4704,12.461
228.75,332.38,9.6799,12.737
230.36,335.43,9.4735,12.465
233.03,335.6,9.4735,12.465
237.96,337.11,9.2715,12.199
243.78,338.21,9.2715,12.199
245.57,338.85,9.0738,11.939
255.28,340.16,9.0738,11.939
251.33,340.16,9.0738,11.939
255.78,339.92,9.0738,11.939
258.25,342.47,9.0738,11.939
259.81,344.03,9.0738,11.939
259.98,344.2,9.0738,11.939
259.57,344.36,9.0738,11.939
258.58,345.1,9.0738,11.939
256.77,345.27,9.0738,11.939
260.29,344.97,9.2745,12.203
271.6,347.04,9.0767,11.943
271.52,346.47,9.0767,11.943
271.19,346.8,9.0767,11.943
273.25,345.48,9.0767,11.943
274.57,345.23,9.0767,11.943
279.1,347.95,9.0767,11.943
268.14,357.01,9.0767,11.943
268.56,357.01,9.0767,11.943
273.41,348.44,9.0767,11.943
269.96,348.11,9.0767,11.943
264.44,348.03,9.0767,11.943
260.98,347.04,9.0767,11.943
259.83,346.8,9.0767,11.943
259.25,347.12,9.0767,11.943
253.07,348.44,9.0767,11.943
253.71,349.87,9.2776,12.207
252.11,348.36,9.2776,12.207
252.96,347.6,9.2776,12.207
254.81,347.26,9.2776,12.207
255.82,347.51,9.2776,12.207
255.91,346.92,9.2776,12.207
258.52,347.01,9.2776,12.207
262.65,348.1,9.2776,12.207
263.76,347.05,9.0797,11.947
263.35,347.71,9.0797,11.947
263.93,346.97,9.0797,11.947
263.68,346.23,9.0797,11.947
263.6,345.82,9.0797,11.947
263.19,345.24,9.0797,11.947
264.42,348.45,9.0797,11.947
260.96,349.94,9.0797,11.947
259.89,350.76,9.0797,11.947
258,350.1,9.0797,11.947
260.8,347.63,9.0797,11.947
253.39,343.35,9.0797,11.947
249.52,339.48,9.0797,11.947
245,334.42,8.8861,11.692
245.98,334.14,8.6966,11.443
252.86,323.58,8.889,11.696
245.87,334.27,8.889,11.696
244.58,332.1,8.889,11.696
241.53,332.59,8.889,11.696
239.12,332.1,8.889,11.696
237.83,331.94,8.889,11.696
237.25,331.41,9.0857,11.955
236.76,330.09,9.0857,11.955
236.74,328.15,9.2867,12.219
236.32,339.45,9.2867,12.219
237.16,337.85,9.2867,12.219
237.85,337.81,9.0887,11.959
239.58,336.32,9.0887,11.959
239.49,340.85,9.0887,11.959
240.89,343.57,9.0887,11.959
241.64,342.91,9.0887,11.959
241.47,342.83,9.0887,11.959
241.31,342.75,9.0887,11.959
241.8,342.75,9.0887,11.959
240.65,343.57,9.0887,11.959
238.18,344.31,9.0887,11.959
236.53,343.74,9.0887,11.959
235.79,344.48,9.0887,11.959
235.79,344.89,9.0887,11.959
235.95,344.07,9.0887,11.959
235.87,342.75,9.0887,11.959
234.72,342.67,9.0887,11.959
234.06,343.49,9.0887,11.959
231.67,345.96,9.0887,11.959
231.01,347.03,9.0887,11.959
231.84,346.7,9.0887,11.959
231.26,347.03,9.0887,11.959
231.18,346.62,9.0887,11.959
230.6,346.95,9.0887,11.959
228.21,346.87,9.0887,11.959
228.21,346.78,9.0887,11.959
227.39,345.96,9.0887,11.959
226.48,344.48,9.0887,11.959
227.14,342.01,9.0887,11.959
226.98,340.44,9.0887,11.959
226.98,339.62,9.0887,11.959
226.98,339.62,9.0887,11.959
227.14,338.96,9.0887,11.959
228.29,339.54,9.0887,11.959
228.46,339.37,9.0887,11.959
228.79,338.47,9.0887,11.959
228.87,338.3,9.0887,11.959
228.95,338.14,9.0887,11.959
228.13,338.71,9.0887,11.959
226.71,338.83,9.2897,12.223
224.52,339,9.2897,12.223
222.14,339.96,9.4953,12.494
219.45,339.13,9.7054,12.77
218.74,338.69,9.7054,12.77
216.27,339.22,9.7054,12.77
214.68,339.57,9.7054,12.77
211.86,340.36,9.7054,12.77
209.65,341.86,9.7054,12.77
209.56,337.72,9.7054,12.77
210.89,336.04,9.7054,12.77
211.06,336.75,9.7054,12.77
211.95,337.1,9.7054,12.77
212.12,338.42,9.7054,12.77
211.95,338.51,9.7054,12.77
210.9,339.97,9.4984,12.498
211.01,340.28,9.2958,12.231
209.82,341.79,9.2958,12.231
209.33,342.51,9.0976,11.971
207.6,342.19,9.0976,11.971
204.72,342.19,9.0976,11.971
202.66,342.1,9.0976,11.971
202,342.02,9.0976,11.971
202.42,341.86,9.0976,11.971
202.17,343.01,9.0976,11.971
202.25,343.91,9.0976,11.971
202.66,344,9.0976,11.971
203.24,344,9.0976,11.971
203.82,344,9.0976,11.971
204.06,344.08,9.0976,11.971
205.13,343.5,9.0976,11.971
206.62,343.83,9.0976,11.971
207.93,344.66,9.0976,11.971
208.51,344.57,9.0976,11.971
208.35,344.49,9.0976,11.971
208.84,344.49,9.0976,11.971
208.43,344.49,9.0976,11.971
207.44,344.57,9.0976,11.971
206.04,344.74,9.0976,11.971
204.23,345.48,9.0976,11.971
203.9,345.4,9.0976,11.971
202.91,345.64,9.0976,11.971
202.91,346.47,9.0976,11.971
203.98,347.79,9.0976,11.971
206.53,349.51,9.0976,11.971
210.24,350.75,9.0976,11.971
211.8,351.08,9.0976,11.971
215.18,351.33,9.0976,11.971
218.72,352.73,9.0976,11.971
217.82,353.39,9.0976,11.971
213.95,354.95,9.0976,11.971
211.97,354.54,9.0976,11.971
211.72,354.21,9.0976,11.971
212.71,345.4,9.0976,11.971
215.35,337.82,9.0976,11.971
210.3,338.43,9.2989,12.235
210.13,338.68,9.2989,12.235
210.37,342.76,9.5046,12.506
210.52,343.83,9.7149,12.783
207.86,342.1,9.9299,13.066
208.68,349.37,9.7181,12.787
209.3,348.48,9.7181,12.787
211.07,347.25,9.7181,12.787
211.6,344.96,9.7181,12.787
212.04,345.13,9.7181,12.787
213.1,342.93,9.7181,12.787
215.65,349.46,9.7181,12.787
215.65,348.22,9.7181,12.787
214.86,346.63,9.7181,12.787
214.42,344.25,9.7181,12.787
214.68,343.28,9.7181,12.787
214.6,342.22,9.7181,12.787
214.86,340.63,9.7181,12.787
214.07,339.75,9.7181,12.787
213.89,339.04,9.7181,12.787
213.71,338.78,9.7181,12.787
213.36,338.51,9.7181,12.787
213.45,338.16,9.7181,12.787
214.51,337.54,9.7181,12.787
215.92,338.87,9.7181,12.787
221.39,342.93,9.7181,12.787
223.33,342.04,9.7181,12.787
224.04,341.16,9.7181,12.787
226.51,340.63,9.7181,12.787
230.13,338.25,9.7181,12.787
232.75,333.17,9.9331,13.07
241.48,345.11,10.153,13.359
244.98,339.3,10.153,13.359
245.63,339.03,10.153,13.359
239.62,351.14,10.378,13.655
241.22,350.95,10.378,13.655
240.47,351.04,10.378,13.655
237.74,353.11,10.378,13.655
237.36,353.39,10.378,13.655
236.89,353.49,10.378,13.655
236.32,354.05,10.378,13.655
236.32,354.81,10.378,13.655
236.89,357.72,10.378,13.655
236.32,351.89,10.378,13.655
248.82,343.74,10.607,13.957
250.46,343.26,10.607,13.957
249.3,352.48,10.607,13.957
248.73,356.04,10.607,13.957
250.94,358.15,10.607,13.957
255.16,357.67,10.607,13.957
260.06,350.65,10.607,13.957
260.35,349.79,10.607,13.957
266.88,340.66,10.607,13.957
267.17,339.99,10.607,13.957
266.98,341.14,10.607,13.957
268.04,344.31,10.607,13.957
268.81,346.91,10.607,13.957
269,348.54,10.607,13.957
269.78,342.93,10.381,13.659
267.53,343.68,10.381,13.659
266.66,344,10.611,13.961
267.06,341.84,10.384,13.664
277.79,345.79,10.384,13.664
278.92,345.89,10.384,13.664
276.3,348.48,10.163,13.372
282.57,349.4,10.163,13.372
283.3,349.86,10.163,13.372
281.11,347.15,9.9461,13.087
278.76,348.23,9.9461,13.087
277.59,348.41,9.9461,13.087
281.29,348.23,9.9461,13.087
274.16,345.89,9.9461,13.087
267.32,345.3,9.734,12.808
263.26,346.89,9.734,12.808
265.91,349.8,9.734,12.808
267.06,351.22,9.734,12.808
264.5,346.01,9.734,12.808
259.21,350.07,9.734,12.808
252.68,352.8,9.734,12.808
246.85,364.54,9.734,12.808
243.94,367.36,9.734,12.808
243.94,368.25,9.734,12.808
240.85,368.6,9.734,12.808
239.09,366.83,9.734,12.808
237.94,365.95,9.734,12.808
236.09,367.19,9.734,12.808
235.12,366.48,9.734,12.808
235.12,366.48,9.734,12.808
234.41,365.95,9.734,12.808
234.5,366.66,9.734,12.808
236.79,366.57,9.734,12.808
234.85,365.77,9.734,12.808
235.04,365.29,9.5265,12.535
235.48,365.12,9.5265,12.535
235.91,364.52,9.5265,12.535
238.32,365.12,9.5265,12.535
239.36,365.12,9.5265,12.535
243.76,359.43,9.5265,12.535
246.52,357.18,9.5265,12.535
246.78,356.49,9.5265,12.535
248.76,356.58,9.5265,12.535
251.02,356.54,9.3233,12.267
254.39,357.97,9.3233,12.267
258.86,359.24,9.3233,12.267
261.39,360.67,9.3233,12.267
261.88,360.79,9.5296,12.539
262.91,359.5,9.5296,12.539
261.36,360.27,9.5296,12.539
265.07,360.53,9.5296,12.539
260.58,359.15,9.5296,12.539
263.26,359.93,9.5296,12.539
263.69,360.44,9.5296,12.539
265.67,363.03,9.5296,12.539
266.86,362.98,9.7404,12.816
268.27,363.42,9.7404,12.816
272.33,363.07,9.7404,12.816
276.22,364.74,9.7404,12.816
276.39,365.63,9.7404,12.816
276.75,367.92,9.7404,12.816
278.51,368.54,9.7404,12.816
281.51,368.8,9.7404,12.816
284.07,368.63,9.7404,12.816
286.19,367.39,9.7404,12.816
286.72,366.51,9.7404,12.816
288.22,367.3,9.7404,12.816
290.42,367.22,9.7404,12.816
288.66,366.6,9.7404,12.816
290.51,367.3,9.7404,12.816
292.54,365.98,9.7404,12.816
292.8,365.89,9.7404,12.816
290.42,365.27,9.7404,12.816
302.14,353.4,9.9559,13.1
303.49,352.5,9.9559,13.1
304.84,351.32,9.9559,13.1
307.28,351.23,9.9559,13.1
308.54,351.32,9.9559,13.1
309.71,352.5,9.9559,13.1
309.53,353.49,9.9559,13.1
307.55,353.85,9.9559,13.1
304.75,353.58,9.9559,13.1
303.4,355.92,9.9559,13.1
303.04,357,9.9559,13.1
300.24,357.1,9.9559,13.1
298.44,357.19,9.9559,13.1
298.44,356.82,9.9559,13.1
298.53,356.19,9.9559,13.1
303.94,361.6,9.9559,13.1
304.66,361.79,9.9559,13.1
308.18,359.26,9.9559,13.1
312.51,358.99,9.9559,13.1
316.39,354.93,9.9559,13.1
318.55,352.31,9.9559,13.1
321.91,351.1,9.7436,12.821
322.28,350.18,9.5358,12.547
322.51,351.25,9.7468,12.825
323.68,352.36,9.539,12.551
321.76,351.87,9.75,12.829
317.61,352.05,9.75,12.829
318.05,354.78,9.75,12.829
318.23,355.67,9.75,12.829
318.05,358.05,9.75,12.829
316.38,358.58,9.75,12.829
315.58,358.58,9.75,12.829
314.17,359.81,9.75,12.829
323.35,365.28,9.75,12.829
323.61,365.11,9.75,12.829
322.55,363.78,9.75,12.829
323.88,364.05,9.75,12.829
321.41,364.31,9.75,12.829
320,364.31,9.75,12.829
316.29,364.31,9.75,12.829
315.58,364.75,9.75,12.829
314.26,364.93,9.75,12.829
313.64,365.2,9.75,12.829
312.76,364.93,9.75,12.829
312.5,365.37,9.75,12.829
313.02,365.55,9.75,12.829
312.76,365.64,9.75,12.829
312.23,365.81,9.75,12.829
312.85,366.61,9.75,12.829
313.02,369.25,9.75,12.829
313.2,370.22,9.75,12.829
313.55,371.37,9.75,12.829
313.91,372.25,9.75,12.829
314.17,372.7,9.75,12.829
314.79,373.05,9.75,12.829
314.79,373.22,9.75,12.829
314.44,373.49,9.75,12.829
314.44,373.58,9.75,12.829
314.44,373.67,9.75,12.829
313.2,373.31,9.75,12.829
310.82,371.28,9.75,12.829
308.52,372.7,9.75,12.829
305.08,370.75,9.75,12.829
304.82,369.87,9.75,12.829
304.55,369.61,9.75,12.829
310.2,370.84,9.75,12.829
310.64,368.37,9.75,12.829
311,367.05,9.75,12.829
313.64,365.72,9.75,12.829
316.02,365.81,9.75,12.829
316.55,365.2,9.75,12.829
317.88,365.64,9.75,12.829
317.17,367.05,9.75,12.829
316.73,368.28,9.75,12.829
315.32,368.64,9.75,12.829
315.32,368.55,9.75,12.829
315.32,368.46,9.75,12.829
315.85,368.11,9.75,12.829
315.5,367.49,9.75,12.829
317,367.31,9.75,12.829
316.47,366.08,9.75,12.829
317.7,367.31,9.75,12.829
317.68,367.7,9.9657,13.113
316.78,366.26,9.9657,13.113
314.25,366.98,9.9657,13.113
311.01,367.52,9.9657,13.113
311.64,369.87,9.9657,13.113
310.83,367.25,9.9657,13.113
310.92,366.44,9.9657,13.113
321.11,367.7,9.9657,13.113
333.11,366.08,9.9657,13.113
333.65,363.55,9.9657,13.113
332.11,365.63,9.9657,13.113
321.83,366.62,9.9657,13.113
322.01,366.71,9.9657,13.113
329.68,365.63,9.9657,13.113
319.31,353.63,9.9657,13.113
320.12,357.78,9.9657,13.113
317.32,358.5,9.9657,13.113
314.62,358.68,9.9657,13.113
312.61,358.72,10.186,13.403
320.26,352.91,10.186,13.403
325.7,361.94,10.186,13.403
313.53,355.68,10.186,13.403
314.82,354.29,10.186,13.403
315.74,352.54,10.186,13.403
316.85,351.9,10.186,13.403
316.48,351.44,10.186,13.403
317.13,351.62,10.186,13.403
318.4,352.67,10.412,13.699
305.88,365.28,10.412,13.699
308.8,366.03,10.412,13.699
309.74,367.26,10.412,13.699
312.18,367.26,10.412,13.699
313.6,367.54,10.412,13.699
316.23,367.54,10.412,13.699
319.32,365.98,10.642,14.003
322.01,364.73,10.642,14.003
322.97,364.25,10.642,14.003
326.33,361.17,10.642,14.003
330.56,360.21,10.642,14.003
335.07,359.06,10.642,14.003
345.07,366.46,10.642,14.003
350.93,366.75,10.642,14.003
351.79,366.75,10.642,14.003
355.83,365.88,10.642,14.003
360.92,367.32,10.642,14.003
361.69,366.27,10.642,14.003
364.09,367.8,10.642,14.003
364.76,367.9,10.642,14.003
364.86,367.9,10.642,14.003
368.78,366.4,10.877,14.312
371.91,365.81,10.877,14.312
384.93,378.79,11.118,14.629
390.64,378.18,11.118,14.629
394.21,378.38,11.118,14.629
396.14,378.48,11.118,14.629
396.86,377.97,11.118,14.629
396.96,374.3,11.118,14.629
399.92,373.9,11.118,14.629
402.26,373.69,11.118,14.629
404.4,373.28,11.118,14.629
405.63,373.28,11.118,14.629
406.14,373.59,11.118,14.629
407.46,373.39,11.118,14.629
408.69,375.73,11.118,14.629
405.93,373.9,11.118,14.629
403.49,373.28,11.118,14.629
402.77,373.18,11.118,14.629
396.86,375.02,11.118,14.629
392.27,377.16,11.118,14.629
390.84,378.38,11.118,14.629
387.89,379.61,11.118,14.629
384.83,379.3,11.118,14.629
384.62,379.91,11.118,14.629
384.83,382.15,11.118,14.629
384.11,384.09,11.118,14.629
383.81,373.49,11.118,14.629
386.46,375.02,11.118,14.629
380.04,379.1,11.118,14.629
379.93,380.01,11.118,14.629
385.32,393.41,11.364,14.953
390.82,389.67,11.364,14.953
379.08,387.7,11.364,14.953
383.34,388.01,11.364,14.953
383.55,398.61,11.364,14.953
383.76,398.71,11.364,14.953
385.92,394.18,11.615,15.284
383.48,402.55,11.615,15.284
383.16,401.59,11.615,15.284
383.27,401.91,11.615,15.284
383.48,402.33,11.615,15.284
383.59,402.86,11.615,15.284
382.32,403.92,11.615,15.284
381.36,403.29,11.615,15.284
380.39,402.48,11.872,15.622
379.61,403.17,12.135,15.967
378.62,402.4,12.135,15.967
378.18,401.86,12.135,15.967
377.74,402.4,12.135,15.967
377.39,401.57,12.404,16.321
377.25,401.96,12.678,16.682
377.14,401.49,12.678,16.682
376.1,400.68,12.678,16.682
375.54,401.21,12.408,16.326
375.54,400.07,12.408,16.326
376.11,400.41,12.408,16.326
376.33,400.87,12.408,16.326
376.47,401.38,12.143,15.978
376.36,401.6,12.143,15.978
376.14,401.93,12.143,15.978
376.9,402.04,12.143,15.978
377.87,400.77,12.412,16.331
378.21,401.11,12.412,16.331
378.34,401.51,12.147,15.983
377.9,401.73,12.147,15.983
376.7,401.95,12.147,15.983
376.26,402.28,12.147,15.983
376.67,401.11,12.416,16.337
377.94,401.4,12.151,15.988
379.04,401.51,12.151,15.988
379.59,401.73,12.151,15.988
380.14,401.95,12.151,15.988
380.69,402.06,12.151,15.988
382.2,400.68,12.42,16.342
383.45,401.02,12.42,16.342
383.58,401.31,12.155,15.993
383.14,401.63,12.155,15.993
383.16,401.81,11.896,15.652
383.4,402.08,11.642,15.319
383.71,402.29,11.642,15.319
383.93,402.61,11.642,15.319
384.22,401.17,11.9,15.658
384.11,401.38,11.9,15.658
384.11,401.6,11.9,15.658
383.68,401.92,11.9,15.658
383.57,400.74,11.9,15.658
384.01,400.63,11.9,15.658
385.06,400.35,12.163,16.004
384.86,402.39,11.904,15.663
384.66,402.77,11.65,15.329
384.53,401.33,11.908,15.668
383.78,401.44,11.908,15.668
383.24,401.76,11.908,15.668
382.4,402.14,11.654,15.334
381.66,402.46,11.654,15.334
382.1,402.52,11.405,15.007
382.62,402.62,11.405,15.007
382.72,402.73,11.405,15.007
383.14,402.93,11.405,15.007
384.07,403.14,11.405,15.007
384.99,401.94,11.657,15.339
385.62,402.25,11.657,15.339
386.26,402.47,11.657,15.339
386.44,401.13,11.915,15.678
386.88,401.35,11.915,15.678
386.88,401.56,11.915,15.678
386.77,401.78,11.915,15.678
386.68,402.05,11.661,15.344
386.89,402.27,11.661,15.344
387,402.48,11.661,15.344
385.81,401.14,11.919,15.683
385.27,401.36,11.919,15.683
384.73,401.57,11.919,15.683
384.19,401.79,11.919,15.683
383.13,402.06,11.665,15.349
382.39,402.28,11.665,15.349
382.39,402.49,11.665,15.349
382.3,402.65,11.416,15.021
382.82,402.76,11.416,15.021
383.24,402.96,11.416,15.021
383.55,403.17,11.416,15.021
383.74,401.86,11.669,15.354
384.27,402.07,11.669,15.354
384.9,402.39,11.669,15.354
385.51,401.16,11.927,15.694
386.27,401.38,11.927,15.694
387.13,401.59,11.927,15.694
387.24,401.81,11.927,15.694
387.37,402.19,11.673,15.359
387.26,402.62,11.673,15.359
386.5,401.28,11.931,15.699
385.61,401.43,12.195,16.046
385.61,401.77,12.195,16.046
385.36,400.47,12.465,16.401
385.93,400.7,12.465,16.401
385.7,401.04,12.465,16.401
386.29,401.33,12.199,16.051
386.74,401.55,12.199,16.051
386.6,400.03,12.469,16.406
385.69,400.15,12.469,16.406
384.78,400.38,12.469,16.406
384.56,400.6,12.469,16.406
384.67,400.83,12.469,16.406
384.46,401.01,12.203,16.057
384.24,401.34,12.203,16.057
383.9,401.68,12.203,16.057
383.21,400.27,12.473,16.412
382.75,400.61,12.473,16.412
382.64,400.95,12.473,16.412
382.55,401.35,12.207,16.062
382.43,401.69,12.207,16.062
382.19,400.39,12.477,16.417
382.07,400.73,12.477,16.417
381.96,401.08,12.477,16.417
381.98,401.36,12.211,16.067
382.2,401.7,12.211,16.067
381.84,400.29,12.481,16.423
381.62,400.52,12.481,16.423
381.5,400.75,12.481,16.423
381.05,401.09,12.481,16.423
380.84,401.38,12.215,16.072
380.62,401.71,12.215,16.072
380.26,400.31,12.485,16.428
380.48,400.65,12.485,16.428
380.48,400.87,12.485,16.428
380.39,401.05,12.219,16.078
379.94,401.27,12.219,16.078
379.83,401.5,12.219,16.078
379.36,399.98,12.489,16.433
379.13,400.2,12.489,16.433
378.91,400.43,12.489,16.433
378.68,400.66,12.489,16.433
378.68,401,12.489,16.433
379.15,401.4,12.223,16.083
379.38,401.85,12.223,16.083
379.58,400.67,12.493,16.439
377.87,401.12,12.493,16.439
376.64,401.52,12.227,16.088
376.17,400.23,12.498,16.444
375.94,400.57,12.498,16.444
375.71,401.03,12.498,16.444
376.19,401.43,12.231,16.093
376.41,401.76,12.231,16.093
376.16,400.47,12.502,16.449
376.85,400.81,12.502,16.449
377.55,401.21,12.235,16.099
377.66,401.55,12.235,16.099
377.97,400.25,12.506,16.455
376.95,400.59,12.506,16.455
375.93,400.93,12.506,16.455
375.04,401.34,12.239,16.104
374.59,401.67,12.239,16.104
372.78,400.26,12.51,16.46
371.53,400.49,12.51,16.46
371.41,400.72,12.51,16.46
371.3,400.95,12.51,16.46
371.2,401.24,12.243,16.109
371.43,401.46,12.243,16.109
371.07,400.05,12.514,16.466
369.93,400.39,12.514,16.466
370.16,400.73,12.514,16.466
370.84,400.96,12.514,16.466
371.66,401.25,12.247,16.115
372.44,401.59,12.247,16.115
371.3,400.29,12.518,16.471
371.18,400.74,12.518,16.471
372.41,400.79,12.795,16.835
371.34,399.45,13.078,17.208
372.42,399.81,13.078,17.208
372.9,400.16,13.078,17.208
373.76,400.95,12.799,16.841
374.33,400.37,12.799,16.841
374.91,400.83,12.799,16.841
375.23,399.37,13.082,17.214
376.31,399.73,13.082,17.214
377.03,400.09,13.082,17.214
378.12,400.51,12.803,16.847
379.28,400.86,12.803,16.847
379.83,399.4,13.087,17.219
381.12,397.18,13.376,17.6
385.38,399.36,13.376,17.6
386.47,399.97,13.376,17.6
390.02,400.28,13.091,17.225
385.45,402,13.381,17.606
379.98,402,13.381,17.606
376.06,401.32,13.677,17.996
377.3,398.61,13.677,17.996
378.16,398.85,13.677,17.996
387.8,390.95,13.677,17.996
389.16,389.46,13.677,17.996
389.38,390.25,13.979,18.394
388.99,391.78,13.979,18.394
388.36,397.77,13.979,18.394
388.74,398.28,13.979,18.394
388.97,398.59,14.288,18.801
388.81,397.86,14.605,19.217
388.56,398.74,14.293,18.807
388.72,399.07,13.988,18.406
387.46,399.77,13.69,18.013
387.36,400.34,13.398,17.629
387.11,399.25,13.398,17.629
387.5,399.68,13.112,17.253
387.5,400.04,13.112,17.253
386.88,398.53,13.403,17.635
386.24,398.82,13.699,18.025
385.87,399.45,13.699,18.025
385.21,397.99,14.002,18.424
384.32,398.5,14.002,18.424
383.96,398.96,13.704,18.031
383.71,399.46,13.704,18.031
383.56,398,14.007,18.43
383.3,398.39,14.007,18.43
383.2,398.71,13.708,18.037
384.2,399.09,13.708,18.037
384.45,397.83,13.708,18.037
384.6,399.78,13.416,17.652
383.96,398.25,13.713,18.043
383.84,398.62,13.713,18.043
383.84,399.13,13.713,18.043
383.69,397.67,14.016,18.442
383.15,397.85,14.326,18.85
383.02,398.37,14.326,18.85
382.73,396.86,14.643,19.267
382.46,397.4,14.643,19.267
382.89,398,14.331,18.856
382.24,398.52,14.331,18.856
382.21,397.28,14.648,19.273
382.74,397.94,14.648,19.273
383.03,398.55,14.335,18.862
382.74,397.29,14.653,19.28
383.43,398.03,14.34,18.869
383.7,398.55,14.34,18.869
384.11,398.89,14.034,18.466
383.96,397.54,14.345,18.875
384.48,398.19,14.345,18.875
385.77,396.93,14.662,19.292
387.26,397.8,14.35,18.881
388.05,398.2,14.35,18.881
388.41,396.68,14.667,19.299
388.12,397,14.992,19.726
387.84,397.27,14.992,19.726
387.54,395.82,15.323,20.162
387.26,396.23,15.323,20.162
387.15,396.87,14.996,19.732
387.28,397.14,14.996,19.732
387.67,395.55,15.328,20.169
388.08,395.97,15.328,20.169
388.81,396.6,15.001,19.739
388.67,396.88,15.001,19.739
388.53,397.15,15.001,19.739
388.36,395.56,15.333,20.175
388.23,395.98,15.333,20.175
388.53,396.61,15.006,19.745
388.39,396.75,15.006,19.745
387.02,397.16,15.006,19.745
386.19,396.06,15.006,19.745
386.06,396.75,15.006,19.745
385.92,397.02,15.006,19.745
385.78,397.3,15.006,19.745
385.65,396.2,15.006,19.745
385.51,396.61,15.006,19.745
385.78,396.88,15.006,19.745
384.27,397.02,15.006,19.745
384.41,397.43,15.006,19.745
386.33,396.2,15.006,19.745
386.47,396.47,15.006,19.745
386.61,396.75,15.006,19.745
386.74,397.02,15.006,19.745
386.74,397.3,15.006,19.745
386.88,395.92,15.006,19.745
387.16,396.47,15.006,19.745
387.29,396.75,15.006,19.745
387.16,397.02,15.006,19.745
386.88,397.43,15.006,19.745
385.1,396.2,15.006,19.745
384.27,396.47,15.006,19.745
382.63,396.88,15.006,19.745
381.25,397.3,15.006,19.745
381.09,395.84,15.338,20.182
381.09,396.4,15.338,20.182
381.67,397.31,15.011,19.752
381.37,395.86,15.343,20.189
381.23,396.27,15.343,20.189
381.11,397.05,15.016,19.758
380.97,397.32,15.016,19.758
380.53,395.73,15.348,20.195
380.26,396.15,15.348,20.195
379.44,396.92,15.021,19.765
378.9,397.19,15.021,19.765
378.45,395.6,15.353,20.202
378.32,396.16,15.353,20.202
377.64,396.93,15.026,19.771
378.33,397.34,15.026,19.771
379.67,396.03,15.358,20.208
380.12,397.08,15.031,19.777
381.08,397.49,15.031,19.777
381.87,396.17,15.363,20.215
382.17,397.08,15.036,19.784
382.86,397.36,15.036,19.784
382.42,395.77,15.368,20.222
383.53,396.32,15.368,20.222
384.67,397.24,15.041,19.79
385.33,396.06,15.374,20.228
385.77,397.11,15.046,19.797
385.74,396.06,15.379,20.235
386.18,396.98,15.051,19.803
386.46,397.39,15.051,19.803
386.18,396.15,15.051,19.803
385.09,396.43,15.051,19.803
384.81,396.84,15.051,19.803
384.4,397.11,15.051,19.803
384.1,395.8,15.384,20.242
383.82,396.35,15.384,20.242
383.98,397.27,15.056,19.81
383.68,395.81,15.389,20.248
383.54,396.37,15.389,20.248
383.56,397.28,15.06,19.816
383.26,395.83,15.394,20.255
382.95,396.3,15.734,20.703
382.98,396.8,15.399,20.261
382.72,397.58,15.07,19.829
382.28,396.26,15.404,20.268
381.47,397.31,15.075,19.836
379.79,395.86,15.409,20.275
379.21,396.33,15.75,20.723
379.35,395.04,15.75,20.723
379.21,395.61,15.75,20.723
379.21,396.33,15.75,20.723
379.49,394.9,15.75,20.723
379.49,395.47,15.75,20.723
379.49,395.9,15.75,20.723
379.49,394.18,15.75,20.723
379.78,394.61,15.75,20.723
379.8,396.84,15.414,20.281
379.8,395.99,15.414,20.281
380.09,394.86,15.414,20.281
380.39,397.33,15.085,19.849
380.53,396.79,15.085,19.849
380.67,396.24,15.085,19.849
380.94,396.79,15.085,19.849
381.21,396.24,15.085,19.849
381.76,396.65,15.085,19.849
382.2,397,14.763,19.426
382.22,397.6,14.449,19.011
382.25,398.07,14.141,18.606
381.47,398.07,14.141,18.606
381.34,398.07,14.141,18.606
380.95,398.07,14.141,18.606
380.69,398.07,14.141,18.606
380.69,398.07,14.141,18.606
380.82,398.07,14.141,18.606
380.95,398.07,14.141,18.606
380.82,398.07,14.141,18.606
381.47,398.07,14.141,18.606
381.99,398.07,14.141,18.606
382.76,398.07,14.141,18.606
383.54,398.07,14.141,18.606
384.45,398.07,14.141,18.606
385.35,398.07,14.141,18.606
386.26,398.07,14.141,18.606
386.65,398.2,14.141,18.606
387.16,398.33,14.141,18.606
387.42,398.33,14.141,18.606
387.42,398.33,14.141,18.606
388.33,398.33,14.141,18.606
388.72,398.33,14.141,18.606
388.72,398.33,14.141,18.606
388.72,398.33,14.141,18.606
388.97,398.33,14.141,18.606
388.72,398.33,14.141,18.606
388.59,398.33,14.141,18.606
388.59,398.33,14.141,18.606
388.74,398.92,13.839,18.209
388.76,399.36,13.544,17.821
389.01,399.36,13.544,17.821
388.51,399.36,13.544,17.821
388.39,399.36,13.544,17.821
387.77,399.36,13.544,17.821
387.89,399.36,13.544,17.821
388.14,399.36,13.544,17.821
388.39,399.36,13.544,17.821
388.64,399.36,13.544,17.821
388.51,399.36,13.544,17.821
388.76,399.48,13.544,17.821
388.64,399.48,13.544,17.821
388.64,399.48,13.544,17.821
388.64,399.48,13.544,17.821
388.64,399.48,13.544,17.821
388.88,399.48,13.544,17.821
388.27,399.61,13.544,17.821
385.3,398.37,13.544,17.821
383.82,398.87,13.544,17.821
382.71,398.99,13.544,17.821
383.32,399.11,13.544,17.821
383.82,399.24,13.544,17.821
383.82,399.36,13.544,17.821
383.82,399.48,13.544,17.821
384.19,399.48,13.544,17.821
384.44,399.48,13.544,17.821
384.56,399.48,13.544,17.821
384.68,399.48,13.544,17.821
384.81,399.48,13.544,17.821
385.18,399.48,13.544,17.821
385.55,399.48,13.544,17.821
385.92,399.48,13.544,17.821
386.29,399.61,13.544,17.821
386.54,398.25,13.544,17.821
386.78,398.62,13.544,17.821
386.54,398.74,13.544,17.821
385.79,398.87,13.544,17.821
385.3,398.99,13.544,17.821
385.18,399.11,13.544,17.821
385.3,399.24,13.544,17.821
385.42,399.36,13.544,17.821
385.69,400.04,13.255,17.441
385.95,400.71,12.972,17.069
386.07,399.53,12.972,17.069
384.54,399.65,12.972,17.069
382.89,399.77,12.972,17.069
381.72,399.89,12.972,17.069
379.48,400.12,12.972,17.069
378.78,400.36,12.972,17.069
378.07,400.59,12.972,17.069
378.75,399.11,13.259,17.447
378.97,399.4,13.553,17.833
378.82,398.71,13.853,18.227
378.79,397.38,14.159,18.63
378.92,397.9,14.159,18.63
379.83,397.9,14.159,18.63
380.19,396.78,14.472,19.043
379.9,396.84,14.793,19.464
380.87,397.59,14.477,19.049
381.02,397.92,14.168,18.643
381.15,397.79,14.168,18.643
381.15,397.66,14.168,18.643
380.89,397.92,14.168,18.643
380.63,397.79,14.168,18.643
379.73,397.66,14.168,18.643
378.66,397.84,14.482,19.055
377.32,396.19,14.802,19.477
375.29,396.46,14.802,19.477
375.16,378.46,14.802,19.477
380.7,385.63,14.802,19.477
386.25,396.59,14.802,19.477
385.71,397.4,14.802,19.477
403.7,390.78,14.802,19.477
405.33,394.97,14.802,19.477
404.54,397.75,14.487,19.061
403.77,398.35,14.178,18.655
403.51,398.6,14.178,18.655
403.12,398.99,14.178,18.655
402.74,398.22,14.178,18.655
404.16,398.35,14.178,18.655
404.16,398.47,14.178,18.655
404.18,399.06,13.875,18.257
401.04,398.81,13.875,18.257
398.93,399.88,13.579,17.868
397.57,399.64,13.579,17.868
394.49,398.03,13.579,17.868
393.84,398.57,13.88,18.263
394.49,399.15,13.584,17.874
394.62,399.15,13.584,17.874
394.86,399.15,13.584,17.874
395.11,399.15,13.584,17.874
395.11,399.15,13.584,17.874
394.99,399.15,13.584,17.874
394.64,399.71,13.294,17.492
396.85,400.5,13.011,17.119
398.75,401.27,12.733,16.754
399.79,400.35,12.733,16.754
400.39,400.87,12.462,16.397
400.07,401.27,12.196,16.047
400.4,401.5,12.196,16.047
400.6,400.09,12.466,16.402
400.94,400.32,12.466,16.402
401.28,400.55,12.466,16.402
400.6,400.89,12.466,16.402
400.85,401.18,12.2,16.053
400.96,401.4,12.2,16.053
401.63,401.62,12.2,16.053
402.17,400.1,12.47,16.408
402.39,400.22,12.47,16.408
402.74,400.45,12.47,16.408
403.19,400.67,12.47,16.408
403.87,401.01,12.47,16.408
404.8,401.3,12.204,16.058
405.58,401.64,12.204,16.058
406.34,400.34,12.474,16.413
407.03,400.8,12.474,16.413
407.27,401.2,12.208,16.063
407.05,401.65,12.208,16.063
406.13,400.46,12.478,16.418
405.56,400.69,12.478,16.418
404.65,400.92,12.478,16.418
404.79,401.21,12.212,16.068
404.9,401.43,12.212,16.068
404.9,401.65,12.212,16.068
405.1,400.02,12.482,16.424
405.33,400.25,12.482,16.424
405.67,400.48,12.482,16.424
406.01,400.71,12.482,16.424
406.92,400.93,12.482,16.424
407.16,401.11,12.216,16.074
407.39,401.33,12.216,16.074
407.28,401.56,12.216,16.074
406.81,400.04,12.486,16.429
406.92,400.26,12.486,16.429
406.92,400.49,12.486,16.429
407.15,400.72,12.486,16.429
407.6,400.95,12.486,16.429
407.96,401.12,12.22,16.079
408.3,401.34,12.22,16.079
408.63,401.57,12.22,16.079
407.72,400.16,12.49,16.435
408.17,400.39,12.49,16.435
408.4,400.62,12.49,16.435
408.17,400.96,12.49,16.435
407.28,401.25,12.224,16.084
406.83,401.47,12.224,16.084
406.36,400.06,12.494,16.44
406.02,400.29,12.494,16.44
405.68,400.52,12.494,16.44
405.23,400.74,12.494,16.44
405,401.09,12.494,16.44
405.93,401.37,12.228,16.089
405.48,401.6,12.228,16.089
405.79,400.19,12.499,16.445
406.02,400.53,12.499,16.445
405.45,400.76,12.499,16.445
405,400.99,12.499,16.445
404.22,401.16,12.232,16.095
404.22,401.27,12.232,16.095
404,401.61,12.232,16.095
403.53,400.2,12.503,16.451
402.16,400.88,12.503,16.451
400.82,401.51,12.236,16.1
402.38,400.06,12.236,16.1
401.71,400.51,12.236,16.1
396.66,398.65,12.507,16.456
403.25,404.11,12.507,16.456
403.25,403.09,12.507,16.456
403.5,403.27,12.24,16.105
388.61,401.41,12.511,16.462
388.84,400.27,12.511,16.462
388.95,400.84,12.511,16.462
387.95,401.47,12.244,16.111
387.14,400.62,12.515,16.467
386.46,401.31,12.515,16.467
386.25,401.6,12.248,16.116
385.33,400.08,12.519,16.472
384.77,400.53,12.519,16.472
384.08,400.99,12.519,16.472
383.76,401.5,12.252,16.121
384.07,400.43,12.523,16.478
385.67,401,12.523,16.478
386.6,401.52,12.256,16.126
384.45,400.44,12.527,16.483
379.67,401.01,12.527,16.483
379.92,401.64,12.26,16.132
379.22,400.79,12.531,16.489
379.59,401.2,12.264,16.137
379.25,401.76,12.264,16.137
379.23,400.57,12.535,16.494
379.45,401.37,12.535,16.494
380.38,402,12.268,16.142
380.16,401.66,12.268,16.142
379.27,401.44,12.268,16.142
380.5,401.1,12.268,16.142
381.5,401.89,12.268,16.142
382.17,401.66,12.268,16.142
382.73,401.44,12.268,16.142
383.27,400.48,12.54,16.499
383.61,401.27,12.54,16.499
383.63,401.79,12.272,16.148
383.49,400.72,12.544,16.505
383.35,400.88,12.821,16.87
382.52,399.42,13.105,17.243
381.56,399.9,13.105,17.243
381.32,399.06,13.105,17.243
380.24,399.54,13.105,17.243
379.53,400.14,13.105,17.243
377.85,399.06,13.105,17.243
378.33,399.54,13.105,17.243
378.45,399.9,13.105,17.243
378.45,398.82,13.105,17.243
378.33,399.42,13.105,17.243
378.21,399.9,13.105,17.243
378.07,398.51,13.395,17.625
378.16,398.8,13.691,18.015
378.54,399.3,13.691,18.015
379.67,398.05,13.691,18.015
380.92,398.42,13.691,18.015
381.05,398.93,13.691,18.015
381.3,399.43,13.691,18.015
381.55,398.3,13.691,18.015
382.05,398.8,13.691,18.015
382.68,399.3,13.691,18.015
383.4,397.85,13.994,18.413
384.17,398.23,13.994,18.413
385.19,398.61,13.994,18.413
385.85,399.06,13.696,18.021
386.1,398.06,13.696,18.021
385.97,398.56,13.696,18.021
385.6,399.06,13.696,18.021
385.07,397.48,13.999,18.419
385.07,397.87,13.999,18.419
384.94,398.12,13.999,18.419
384.94,398.38,13.999,18.419
385.09,398.83,13.7,18.027
385.97,399.58,13.7,18.027
386.22,398.83,13.7,18.027
386.22,399.58,13.7,18.027
387.1,398.7,13.7,18.027
387.6,399.33,13.7,18.027
387.73,398.45,13.7,18.027
387.6,399.2,13.7,18.027
387.73,398.07,13.7,18.027
387.48,398.58,13.7,18.027
387.1,398.95,13.7,18.027
386.97,399.46,13.7,18.027
390.49,398.33,13.7,18.027
393.62,398.83,13.7,18.027
395.13,399.33,13.7,18.027
395.73,397.88,14.003,18.425
395.99,398.26,14.003,18.425
396.24,398.64,14.003,18.425
395.5,398.96,13.705,18.032
394.75,399.34,13.705,18.032
395.47,397.76,14.008,18.431
396.11,398.14,14.008,18.431
394.96,398.65,14.008,18.431
394.6,399.1,13.709,18.038
396.83,397.52,14.012,18.437
396.07,397.91,14.012,18.437
395.56,398.16,14.012,18.437
394.92,398.42,14.012,18.437
394.18,398.61,13.714,18.044
393.68,398.99,13.714,18.044
394.95,399.06,13.421,17.659
398.24,399.42,13.421,17.659
399.33,399.79,13.421,17.659
399.7,398.57,13.421,17.659
400.03,398.74,13.718,18.05
400.28,398.99,13.718,18.05
400.26,397.41,14.022,18.45
400.13,397.79,14.022,18.45
399.62,398.05,14.022,18.45
399.24,398.3,14.022,18.45
400.53,398.5,13.723,18.056
401.54,398.75,13.723,18.056
402.04,399,13.723,18.056
402.42,397.62,13.723,18.056
402.69,399.57,13.43,17.671
402.81,399.94,13.43,17.671
402.42,398.4,13.727,18.062
402.29,398.78,13.727,18.062
401.79,399.16,13.727,18.062
401.67,397.77,13.727,18.062
401.54,398.15,13.727,18.062
401.67,398.53,13.727,18.062
402.29,398.78,13.727,18.062
402.67,399.03,13.727,18.062
402.67,397.52,13.727,18.062
402.64,397.58,14.031,18.462
402.62,397.75,14.341,18.87
402.09,398.28,14.341,18.87
402.06,396.62,14.659,19.288
402.33,397.02,14.659,19.288
402.35,397.63,14.346,18.876
402.35,397.89,14.346,18.876
402.35,398.16,14.346,18.876
402.06,396.5,14.663,19.294
401.93,396.77,14.663,19.294
402.06,397.04,14.663,19.294
402.09,397.64,14.351,18.882
401.95,398.04,14.351,18.882
401.69,398.3,14.351,18.882
401.19,398.37,14.045,18.48
400.3,398.5,14.045,18.48
399.79,398.62,14.045,18.48
399.4,398.75,14.045,18.48
398.64,398.88,14.045,18.48
397.59,397.4,14.355,18.889
397.33,397.79,14.355,18.889
397.2,398.19,14.355,18.889
396.91,396.66,14.673,19.307
397.17,397.2,14.673,19.307
397.46,397.94,14.36,18.895
397.59,398.33,14.36,18.895
397.57,396.68,14.678,19.313
397.83,397.08,14.678,19.313
398.26,397.68,14.365,18.901
398.78,398.08,14.365,18.901
398.62,396.55,14.683,19.319
398.62,396.95,14.683,19.319
398.91,397.56,14.37,18.907
399.18,397.82,14.37,18.907
399.31,398.22,14.37,18.907
398.89,396.56,14.687,19.326
398.35,396.96,14.687,19.326
397.71,397.57,14.374,18.913
398.89,397.96,14.374,18.913
399.42,398.36,14.374,18.913
398.47,396.83,14.692,19.332
398.07,397.23,14.692,19.332
397.96,397.84,14.379,18.92
397.96,398.23,14.379,18.92
397.19,398.44,14.072,18.516
396.05,398.69,14.072,18.516
395.54,398.95,14.072,18.516
395.76,397.34,14.384,18.926
396.03,397.73,14.384,18.926
396.29,398.13,14.384,18.926
396.39,396.6,14.702,19.345
395.56,396.92,15.027,19.773
395.01,397.06,15.027,19.773
394.88,397.2,15.027,19.773
394.44,395.88,15.36,20.21
394.71,396.44,15.36,20.21
396.13,397.21,15.032,19.779
396.38,395.76,15.365,20.217
396.52,396.31,15.365,20.217
396.26,397.36,15.037,19.786
397.22,395.85,15.037,19.786
396.51,396.18,15.37,20.223
396.53,397.24,15.042,19.792
396.39,395.86,15.042,19.792
397.08,396.41,15.042,19.792
396.67,396.69,15.042,19.792
396.64,395.09,15.375,20.23
397.06,395.23,15.375,20.23
398.14,395.43,15.715,20.678
398,396.14,15.715,20.678
398,394.57,15.715,20.678
398.86,394.86,15.715,20.678
399.14,395.57,15.715,20.678
399.14,396.43,15.715,20.678
399.29,394.86,15.715,20.678
399.14,395.86,15.715,20.678
399.14,394.57,15.715,20.678
399,395.14,15.715,20.678
398.14,396.14,15.715,20.678
398,394.71,15.715,20.678
398.43,395.43,15.715,20.678
398.14,396.14,15.715,20.678
398.14,394.71,15.715,20.678
398.57,395.43,15.715,20.678
399.57,396.14,15.715,20.678
401.15,394.57,15.715,20.678
401.86,395,15.715,20.678
402.86,395.71,15.715,20.678
403.44,394.14,15.715,20.678
403.87,394.43,15.715,20.678
404.3,394.71,15.715,20.678
404.15,395.43,15.715,20.678
404.3,396.14,15.715,20.678
404.15,394.86,15.715,20.678
403.87,395.57,15.715,20.678
405.87,397.43,15.715,20.678
406.73,397.86,15.715,20.678
406.18,398.94,15.38,20.237
406.04,399.5,15.38,20.237
404.93,400.47,15.38,20.237
405.07,399.64,15.38,20.237
423.27,395.38,15.72,20.684
425.56,395.66,15.72,20.684
428.31,396.03,15.385,20.243
429.45,396.8,15.057,19.812
429.58,397.07,15.057,19.812
429.58,397.48,15.057,19.812
429.45,396.11,15.057,19.812
430.68,397.07,15.057,19.812
432.6,398.45,15.057,19.812
433.29,398.45,15.057,19.812
433.84,398.45,15.057,19.812
433.84,398.45,15.057,19.812
433.84,398.45,15.057,19.812
433.98,398.58,15.057,19.812
434.25,398.86,15.057,19.812
434.39,398.99,15.057,19.812
434.11,399.13,15.057,19.812
434.11,398.72,15.057,19.812
433.29,398.58,15.057,19.812
433.01,398.31,15.057,19.812
432.47,397.9,15.057,19.812
432.33,398.03,15.057,19.812
432.47,398.17,15.057,19.812
432.6,397.76,15.057,19.812
432.57,397.27,15.39,20.25
432.43,396.99,15.39,20.25
432.3,396.43,15.39,20.25
431.9,397.62,15.062,19.818
433.69,396.8,15.062,19.818
435.88,397.07,15.062,19.818
437.67,397.21,15.062,19.818
437.67,395.7,15.062,19.818
437.53,395.97,15.062,19.818
437.39,396.25,15.062,19.818
436.84,396.39,15.062,19.818
436.29,396.52,15.062,19.818
436.02,396.52,15.062,19.818
434.92,396.66,15.062,19.818
434.24,396.8,15.062,19.818
434.1,396.93,15.062,19.818
433.55,397.35,15.062,19.818
432.89,396.73,14.74,19.395
433.15,397.27,14.74,19.395
432.91,397.87,14.426,18.982
431.99,398.27,14.426,18.982
431.47,397.22,14.426,18.982
430.15,397.74,14.426,18.982
430.28,398.27,14.426,18.982
429.1,397.09,14.426,18.982
426.47,397.35,14.426,18.982
424.63,397.61,14.426,18.982
423.19,398.01,14.426,18.982
423.06,398.66,14.426,18.982
423.32,397.87,14.426,18.982
422.4,398.4,14.426,18.982
422.66,397.35,14.426,18.982
422.01,397.61,14.426,18.982
421.22,398.01,14.426,18.982
420.96,398.4,14.426,18.982
420.17,397.09,14.426,18.982
419.51,397.61,14.426,18.982
417.93,398.14,14.426,18.982
416.09,396.82,14.426,18.982
414.78,396.82,14.426,18.982
414.91,396.95,14.426,18.982
415.44,397.09,14.426,18.982
416.88,397.22,14.426,18.982
418.07,397.48,14.426,18.982
417.93,397.61,14.426,18.982
418.2,397.74,14.426,18.982
418.46,398.01,14.426,18.982
418.46,398.27,14.426,18.982
418.46,396.95,14.426,18.982
418.46,397.48,14.426,18.982
418.07,397.87,14.426,18.982
418.59,398.27,14.426,18.982
418.85,396.82,14.426,18.982
418.98,396.95,14.426,18.982
418.72,397.09,14.426,18.982
418.59,397.22,14.426,18.982
419.12,397.22,14.426,18.982
418.98,397.09,14.426,18.982
419.25,397.09,14.426,18.982
419.51,397.09,14.426,18.982
419.38,396.95,14.426,18.982
418.59,397.09,14.426,18.982
418.72,397.09,14.426,18.982
418.85,397.09,14.426,18.982
418.72,397.09,14.426,18.982
418.59,397.09,14.426,18.982
418.46,397.09,14.426,18.982
418.33,397.09,14.426,18.982
418.33,397.09,14.426,18.982
417.41,397.22,14.426,18.982
415.96,397.48,14.426,18.982
414.78,398.01,14.426,18.982
413.6,398.53,14.426,18.982
413.73,397.35,14.426,18.982
415.31,397.48,14.426,18.982
416.88,397.74,14.426,18.982
418.72,398.01,14.426,18.982
420.3,398.27,14.426,18.982
422.77,396.61,14.745,19.402
424.5,396.88,14.745,19.402
426.39,397.35,14.431,18.988
430.07,397.75,14.431,18.988
431.91,398.27,14.431,18.988
433.48,397.35,14.431,18.988
434.14,398.01,14.431,18.988
434.8,396.96,14.431,18.988
437.03,397.48,14.431,18.988
419.4,379.8,14.75,19.408
415.24,368.39,15.077,19.838
414.82,367.15,15.077,19.838
420.29,352.66,15.41,20.276
425.16,334.28,15.41,20.276
431.7,316.04,15.41,20.276
433.09,320.5,15.41,20.276
429.47,318.55,15.41,20.276
428.75,317.77,15.751,20.725
418.32,322.28,15.415,20.283
414.96,320.52,15.086,19.851
412.9,321.07,15.086,19.851
411.11,324.64,15.086,19.851
407.41,326.29,15.086,19.851
406.86,327.94,15.086,19.851
405.1,328.7,14.765,19.427
391.73,331.28,15.091,19.857
383.25,344.26,14.77,19.434
383.27,342.16,14.455,19.019
383.8,341.9,14.455,19.019
383.8,341.77,14.455,19.019
381.83,341.25,14.455,19.019
380.64,338.36,14.455,19.019
383.01,334.28,14.455,19.019
381.83,333.63,14.455,19.019
382.35,337.57,14.455,19.019
382.48,339.14,14.455,19.019
391.81,327.58,14.455,19.019
396.28,327.45,14.455,19.019
398.12,327.85,14.455,19.019
397.46,330.74,14.455,19.019
390.5,340.72,14.455,19.019
390.07,342.22,14.774,19.44
386.01,343.03,14.774,19.44
382.09,341.68,14.774,19.44
376.97,351.08,14.459,19.025
371.21,350.5,14.151,18.62
375.59,357.28,14.464,19.032
377,359.7,14.784,19.453
376.06,363.35,14.784,19.453
374.41,365.57,15.111,19.883
372.73,366.31,15.445,20.323
371.46,366.31,15.445,20.323
370.02,364.67,15.787,20.773
370.27,364.02,16.136,21.232
367.33,361.66,16.136,21.232
364.98,358.13,16.136,21.232
361.15,353.87,16.136,21.232
355.83,355.25,16.494,21.702
353.29,337.97,16.142,21.239
353.4,337.15,16.499,21.709
350.83,333.07,16.499,21.709
349.65,313.37,16.147,21.246
345.56,315.22,15.803,20.793
340.98,322.94,15.803,20.793
336.4,328.1,15.803,20.793
335.83,329.67,15.803,20.793
333.68,339.26,15.803,20.793
332.25,348.71,15.803,20.793
330.98,351.08,15.466,20.35
333.95,349.67,15.466,20.35
338.75,344.02,15.466,20.35
339.03,342.61,15.466,20.35
345.81,335.97,15.466,20.35
351.34,333.93,15.136,19.916
353.81,328.3,15.136,19.916
353.95,332.15,15.136,19.916
354.36,336.4,15.136,19.916
354.63,339.7,15.136,19.916
356.69,339.42,15.136,19.916
360.26,343.54,15.136,19.916
360.4,346.15,15.136,19.916
360.4,346.83,15.136,19.916
360.67,346.56,15.136,19.916
360.95,346.28,15.136,19.916
363.85,346.22,14.813,19.491
370.77,345.08,14.497,19.075
376.95,345.34,14.497,19.075
379.07,346.99,14.188,18.669
381.56,349.77,13.886,18.27
382.46,351.85,13.589,17.881
371.09,349.26,13.589,17.881
374.8,351.48,13.589,17.881
358.34,348.94,13.89,18.276
361.85,350.94,13.89,18.276
363.99,352.58,13.89,18.276
364.62,352.7,13.89,18.276
365.77,350.39,13.594,17.887
365.77,348.66,13.594,17.887
364.29,347.54,13.594,17.887
364.53,342.48,13.594,17.887
376.76,359.03,13.594,17.887
376.27,358.91,13.594,17.887
378.61,366.07,13.594,17.887
385.66,363.97,13.594,17.887
378.61,369.04,13.594,17.887
377.75,369.29,13.594,17.887
374.41,368.67,13.594,17.887
373.92,368.05,13.594,17.887
377.13,370.64,13.594,17.887
375.16,362.49,13.594,17.887
379.08,359.95,13.895,18.282
370.55,360.45,13.895,18.282
364.4,358.82,13.895,18.282
363.4,357.56,13.895,18.282
357.37,349.91,13.895,18.282
351.85,351.66,13.895,18.282
351.22,357.44,13.895,18.282
334.53,347.52,13.895,18.282
336.42,350.54,13.895,18.282
336.67,351.29,13.895,18.282
337.92,353.8,13.895,18.282
339.55,354.8,13.895,18.282
342.44,353.92,13.895,18.282
344.57,352.67,13.895,18.282
346.2,346.77,13.895,18.282
346.58,345.14,13.895,18.282
348.86,347.59,13.598,17.893
353.82,344.45,13.308,17.511
370.01,347.19,13.025,17.138
361.07,339.89,13.025,17.138
362.37,340.6,13.025,17.138
362.72,340.84,13.025,17.138
364.01,341.42,13.025,17.138
364.25,340.6,13.025,17.138
365.19,341.19,13.025,17.138
365.9,340.6,13.025,17.138
367.78,342.13,13.025,17.138
