814,99.5,42,49
814.36,100.58,42,49
814.36,101.65,42,49
814.36,102.37,42,49
814,103.09,42,49
813.64,103.45,42,49
812.92,103.81,42,49
812.92,104.16,42,49
812.92,103.45,42,49
812.92,102.73,42,49
812.56,102.01,42,49
812.21,100.22,42,49
812.21,99.859,42,49
812.21,99.5,42,49
812.65,98.587,41.104,47.955
812.3,96.832,41.104,47.955
811.95,96.13,41.104,47.955
810.9,94.726,41.104,47.955
811.69,93.483,40.228,46.932
811.77,93.297,39.37,45.932
811.86,92.11,38.53,44.952
810.55,90.473,38.53,44.952
809.89,88.836,38.53,44.952
805.96,86.871,38.53,44.952
802.03,84.906,38.53,44.952
798.11,83.269,38.53,44.952
793.52,81.632,38.53,44.952
788.61,79.34,38.53,44.952
783.7,79.34,38.53,44.952
777.8,78.03,38.53,44.952
770.6,77.048,38.53,44.952
765.03,76.393,38.53,44.952
756.85,76.393,38.53,44.952
749.64,76.72,38.53,44.952
743.09,75.738,38.53,44.952
734.34,76.544,37.709,43.993
726.38,77.657,36.905,43.055
719.16,77.97,36.905,43.055
710.38,78.598,36.905,43.055
701.59,78.912,36.905,43.055
693.12,79.539,36.905,43.055
685.59,79.853,36.905,43.055
676.81,80.48,36.905,43.055
670.53,80.794,36.905,43.055
665.2,81.735,36.905,43.055
659.87,82.363,36.905,43.055
654.85,83.617,36.905,43.055
650.14,83.931,36.905,43.055
646.14,85.018,36.118,42.137
642.76,85.633,36.118,42.137
639.14,86.391,35.347,41.239
636.8,86.83,34.594,40.359
634.45,85.654,34.594,40.359
633.27,85.654,34.594,40.359
630.62,84.771,34.594,40.359
629.23,84.319,33.856,39.498
626.63,82.59,33.856,39.498
625.84,83.011,33.134,38.656
625.28,81.317,33.134,38.656
623.02,79.905,33.134,38.656
622.52,80.317,32.427,37.832
622.25,77.276,32.427,37.832
620.59,75.894,32.427,37.832
620.31,75.894,32.427,37.832
619.21,73.959,32.427,37.832
618.1,72.023,32.427,37.832
616.99,70.641,32.427,37.832
615.89,69.259,32.427,37.832
615.34,67.047,32.427,37.832
615.06,67.047,32.427,37.832
614.23,65.665,32.427,37.832
614.3,63.58,31.736,37.025
614.37,62.892,31.059,36.235
614.37,61.304,31.059,36.235
614.1,60.774,31.059,36.235
613.84,59.716,31.059,36.235
613.31,58.127,31.059,36.235
613.31,56.274,31.059,36.235
613.04,55.216,31.059,36.235
612.78,53.363,31.059,36.235
612.25,52.304,31.059,36.235
611.98,50.186,31.059,36.235
611.72,48.333,31.059,36.235
611.19,47.804,31.059,36.235
611.19,45.951,31.059,36.235
610.93,43.569,31.059,36.235
610.66,42.774,31.059,36.235
610.4,41.451,31.059,36.235
610.73,39.19,30.397,35.463
610.21,38.673,30.397,35.463
610.53,38.015,29.748,34.706
610.28,35.233,29.748,34.706
610.03,34.474,29.748,34.706
610.28,32.957,29.748,34.706
610.09,31.303,29.114,33.966
609.9,30.918,28.493,33.242
610.21,28.112,27.885,32.533
609.97,27.875,27.885,32.533
610.21,25.977,27.885,32.533
609.73,25.502,27.885,32.533
610.27,25.849,27.291,31.839
610.03,24.216,27.291,31.839
609.8,24.216,27.291,31.839
610.03,23.982,27.291,31.839
609.8,23.749,27.291,31.839
610.33,23.622,26.709,31.16
610.33,23.167,26.709,31.16
610.1,23.167,26.709,31.16
609.87,22.712,26.709,31.16
609.87,21.12,26.709,31.16
609.64,20.892,26.709,31.16
610.1,19.073,26.709,31.16
609.87,19.528,26.709,31.16
610.16,26.911,26.139,30.496
610.6,49.487,26.139,30.496
612.39,79.217,26.139,30.496
612.61,108.72,26.139,30.496
613.34,135.42,25.582,29.845
613.78,160.89,25.582,29.845
613.99,189.62,25.582,29.845
614.43,212.47,25.582,29.845
615.3,241.42,25.582,29.845
615.95,264.92,25.582,29.845
616.22,282.22,25.036,29.209
616.71,281.89,24.502,28.586
617.39,281.77,23.98,27.977
617.85,280.85,23.468,27.38
618.05,278.85,23.468,27.38
618.45,278.45,23.468,27.38
618.45,276.25,23.468,27.38
618.9,276.74,22.968,26.796
619.34,274.87,22.478,26.225
619.77,275.15,21.999,25.665
620.71,273.83,21.999,25.665
620.9,272.33,21.999,25.665
621.28,272.14,21.999,25.665
621.89,270.53,21.53,25.118
621.89,270.34,21.53,25.118
622.07,268.5,21.53,25.118
623.04,268.59,21.071,24.582
623.44,267.22,20.621,24.058
623.8,266.87,20.621,24.058
624.72,265.54,20.182,23.545
625.07,265.54,20.182,23.545
625.58,264.5,20.182,23.545
625.76,263.64,20.182,23.545
626.1,262.95,20.182,23.545
627.31,260.88,20.182,23.545
627.65,260.19,20.182,23.545
627.65,259.67,20.182,23.545
627.83,259.15,20.182,23.545
628.86,257.43,20.182,23.545
629.03,257.26,20.182,23.545
629.9,256.05,20.182,23.545
630.07,255.01,20.182,23.545
630.93,254.32,20.182,23.545
631.11,253.63,20.182,23.545
631.62,253.12,20.182,23.545
631.8,251.39,20.182,23.545
632.49,251.39,20.182,23.545
632.49,250.53,20.182,23.545
632.83,249.84,20.182,23.545
634.43,248.54,19.751,23.043
634.76,248.37,19.751,23.043
634.76,246.85,19.751,23.043
635.1,246.85,19.751,23.043
636.11,246.01,19.751,23.043
636.28,243.98,19.751,23.043
637.12,243.98,19.751,23.043
637.29,242.97,19.751,23.043
637.63,243.14,19.751,23.043
637.63,241.28,19.751,23.043
637.97,241.12,19.751,23.043
639.15,240.1,19.751,23.043
639.32,239.6,19.751,23.043
639.65,239.26,19.751,23.043
639.65,237.74,19.751,23.043
639.99,237.74,19.751,23.043
640.83,237.07,19.751,23.043
641,235.05,19.751,23.043
641.51,234.88,19.751,23.043
642.52,234.88,19.751,23.043
643.07,234.95,19.33,22.552
643.07,233.8,19.33,22.552
643.23,233.31,19.33,22.552
643.77,231.57,18.918,22.071
644.09,231.41,18.918,22.071
644.09,231.41,18.918,22.071
644.25,230.93,18.918,22.071
645.05,229.16,18.918,22.071
645.26,229.39,18.514,21.6
646.35,227.98,18.514,21.6
646.51,228.14,18.514,21.6
647.49,228.53,18.119,21.139
647.65,226.36,18.119,21.139
647.96,226.51,18.119,21.139
647.8,224.96,18.119,21.139
649.2,224.96,18.119,21.139
649.04,224.5,18.119,21.139
648.89,222.95,18.119,21.139
650.13,223.1,18.119,21.139
649.82,222.64,18.119,21.139
650.47,221.32,17.733,20.689
650.17,221.32,17.733,20.689
650.17,220.41,17.733,20.689
650.17,219.96,17.733,20.689
650.47,218.15,17.733,20.689
651.08,218.15,17.733,20.689
652.14,217.69,17.733,20.689
651.68,216.18,17.733,20.689
651.83,216.18,17.733,20.689
652.14,215.58,17.733,20.689
651.98,215.43,17.733,20.689
653.53,215.04,17.355,20.247
653.24,213.28,17.355,20.247
653.72,213.35,16.985,19.816
653.72,213.2,16.985,19.816
653.86,211.9,16.985,19.816
654.15,211.32,16.985,19.816
654.01,211.17,16.985,19.816
653.86,210.01,16.985,19.816
655.2,210.08,16.623,19.393
654.78,208.53,16.623,19.393
654.92,208.67,16.623,19.393
655.35,208.38,16.623,19.393
655.06,206.83,16.623,19.393
656.05,206.27,16.623,19.393
656.05,206.13,16.623,19.393
656.19,205,16.623,19.393
655.91,204.71,16.623,19.393
656.19,204.57,16.623,19.393
655.91,203.73,16.623,19.393
657.36,203.79,16.268,18.979
657.39,202.88,15.921,18.575
657.26,201.66,15.921,18.575
657.12,201.8,15.921,18.575
656.99,200.17,15.921,18.575
658.34,200.17,15.921,18.575
657.93,199.77,15.921,18.575
658.34,198.28,15.921,18.575
658.07,198.41,15.921,18.575
657.8,198.28,15.921,18.575
659.02,197.06,15.921,18.575
659.15,196.79,15.921,18.575
658.75,195.44,15.921,18.575
658.88,195.57,15.921,18.575
659.15,195.44,15.921,18.575
658.88,194.22,15.921,18.575
659.86,194.15,15.582,18.179
660.03,193.28,15.249,17.791
659.77,193.4,15.249,17.791
660.68,193.02,15.249,17.791
660.55,191.59,15.249,17.791
660.55,191.72,15.249,17.791
660.55,190.17,15.249,17.791
660.8,190.3,15.249,17.791
661.19,189.91,15.249,17.791
660.93,188.75,15.249,17.791
660.68,188.36,15.249,17.791
661.84,188.36,15.249,17.791
661.84,187.84,15.249,17.791
661.84,186.68,15.249,17.791
662.1,186.16,15.249,17.791
661.84,186.29,15.249,17.791
662.36,185.77,15.249,17.791
662.23,184.6,15.249,17.791
662.1,184.86,15.249,17.791
661.97,183.57,15.249,17.791
661.84,183.83,15.249,17.791
663.26,182.66,15.249,17.791
662.75,182.28,15.249,17.791
662.88,182.28,15.249,17.791
662.49,181.5,15.249,17.791
662.91,181.69,14.924,17.412
663.16,181.18,14.924,17.412
662.78,179.9,14.924,17.412
663.04,179.65,14.924,17.412
663.42,179.78,14.924,17.412
663.16,179.65,14.924,17.412
662.91,178.76,14.924,17.412
663.29,178.76,14.924,17.412
663.04,178.12,14.924,17.412
663.55,176.85,14.924,17.412
663.29,176.59,14.924,17.412
662.91,176.72,14.924,17.412
663.16,176.59,14.924,17.412
662.78,175.95,14.924,17.412
663.07,174.86,14.606,17.04
662.82,174.86,14.606,17.04
662.57,174.49,14.606,17.04
663.1,173.69,14.294,16.677
662.86,173.57,14.294,16.677
662.49,173.69,14.294,16.677
662.86,172.23,14.294,16.677
662.37,172.47,14.294,16.677
662.49,172.59,14.294,16.677
662.61,172.47,14.294,16.677
662.61,171.5,14.294,16.677
662.61,171.62,14.294,16.677
662.49,171.38,14.294,16.677
662.37,170.53,14.294,16.677
662.25,170.53,14.294,16.677
662.16,170.22,13.99,16.321
662.28,169.86,13.99,16.321
662.4,168.9,13.99,16.321
662.4,168.66,13.99,16.321
662.43,168,13.691,15.973
661.96,168.23,13.691,15.973
662.07,166.94,13.691,15.973
662.07,167.18,13.691,15.973
662.07,165.88,13.691,15.973
661.96,166.23,13.691,15.973
661.72,165.41,13.691,15.973
661.37,165.41,13.691,15.973
661.02,164.82,13.691,15.973
661.37,164.71,13.691,15.973
661.04,164.41,13.399,15.633
660.93,163.15,13.399,15.633
660.59,163.5,13.399,15.633
660.25,162.36,13.399,15.633
660.36,162.02,13.399,15.633
659.79,162.02,13.399,15.633
659.68,161.79,13.399,15.633
659.34,160.77,13.399,15.633
659,160.2,13.399,15.633
658.88,158.83,13.399,15.633
658.66,159.17,13.399,15.633
658.31,159.17,13.399,15.633
657.75,158.49,13.399,15.633
657.75,157.13,13.399,15.633
657.4,157.24,13.399,15.633
657.06,155.76,13.399,15.633
657.18,155.76,13.399,15.633
657.06,155.42,13.399,15.633
656.72,154.06,13.399,15.633
656.27,154.17,13.399,15.633
656.15,153.94,13.399,15.633
655.93,152.69,13.399,15.633
655.24,152.01,13.399,15.633
655.02,151.9,13.399,15.633
654.67,150.64,13.399,15.633
653.99,149.96,13.399,15.633
653.88,149.85,13.399,15.633
653.54,148.6,13.399,15.633
652.63,147.69,13.399,15.633
652.29,147.35,13.399,15.633
652.51,145.87,13.399,15.633
651.6,145.87,13.399,15.633
651.38,145.07,13.399,15.633
650.69,144.62,13.399,15.633
650.47,143.25,13.399,15.633
649.56,141.89,13.399,15.633
649.56,142,13.399,15.633
649.1,141.43,13.399,15.633
648.99,139.73,13.399,15.633
648.53,139.5,13.399,15.633
647.74,137.91,13.399,15.633
647.51,137.91,13.399,15.633
646.94,136.77,13.399,15.633
646.83,135.52,13.399,15.633
646.26,134.61,13.399,15.633
646.26,133.59,13.399,15.633
646.03,132.56,13.399,15.633
645.46,131.65,13.399,15.633
644.55,130.74,13.399,15.633
644.44,129.83,13.399,15.633
643.98,128.92,13.399,15.633
644.1,128.01,13.399,15.633
644.1,127.22,13.399,15.633
643.87,125.4,13.399,15.633
643.53,124.37,13.399,15.633
643.07,123.24,13.399,15.633
643.19,122.1,13.399,15.633
643.19,121.87,13.399,15.633
643.19,120.51,13.399,15.633
643.07,119.03,13.399,15.633
643.07,118.8,13.399,15.633
643.07,117.32,13.399,15.633
642.96,115.62,13.399,15.633
642.73,114.71,13.399,15.633
642.62,113.8,13.399,15.633
642.62,112.77,13.399,15.633
642.62,111.41,13.399,15.633
642.96,109.82,13.399,15.633
643.42,109.02,13.399,15.633
643.19,107.88,13.399,15.633
644.1,106.52,13.399,15.633
644.1,104.93,13.399,15.633
644.44,104.13,13.399,15.633
644.21,102.88,13.399,15.633
645.12,101.29,13.399,15.633
645.35,99.582,13.399,15.633
645.01,98.331,13.399,15.633
645.92,96.739,13.399,15.633
646.03,95.829,13.399,15.633
646.6,94.464,13.399,15.633
646.6,92.872,13.399,15.633
646.94,92.076,13.399,15.633
647.97,90.597,13.399,15.633
648.08,88.892,13.399,15.633
648.65,87.641,13.399,15.633
648.65,85.935,13.399,15.633
649.22,84.911,13.399,15.633
650.35,83.319,13.399,15.633
650.01,81.386,13.399,15.633
650.69,79.794,13.399,15.633
650.81,78.884,13.399,15.633
651.72,77.292,13.399,15.633
651.83,75.245,13.399,15.633
652.29,73.425,13.399,15.633
653.77,72.288,13.399,15.633
653.65,70.582,13.399,15.633
653.77,69.103,13.399,15.633
654.33,68.307,13.399,15.633
654.45,66.146,13.399,15.633
654.98,64.95,13.696,15.978
656.39,63.421,13.696,15.978
656.16,61.538,13.696,15.978
656.28,60.244,13.696,15.978
656.63,58.597,13.696,15.978
657.69,58.009,13.696,15.978
657.92,57.185,13.696,15.978
659.22,55.303,13.696,15.978
658.98,54.244,13.696,15.978
659.45,52.715,13.696,15.978
659.57,52.479,13.696,15.978
659.92,51.068,13.696,15.978
660.63,49.774,13.696,15.978
660.86,49.774,13.696,15.978
661.33,49.185,13.696,15.978
661.33,48.126,13.696,15.978
661.57,47.538,13.696,15.978
662.16,47.303,13.696,15.978
662.16,46.832,13.696,15.978
662.39,46.95,13.696,15.978
662.86,46.95,13.696,15.978
663.92,47.068,13.696,15.978
664.04,46.832,13.696,15.978
664.39,48.126,13.696,15.978
664.04,47.774,13.696,15.978
665.1,48.832,13.696,15.978
665.22,49.421,13.696,15.978
664.75,49.774,13.696,15.978
665.57,51.303,13.696,15.978
665.69,51.538,13.696,15.978
665.81,53.303,13.696,15.978
666.28,54.715,13.696,15.978
666.28,56.597,13.696,15.978
666.39,58.479,13.696,15.978
666.63,60.244,13.696,15.978
666.86,62.126,13.696,15.978
667.22,64.126,13.696,15.978
667.18,66.067,13.999,16.332
667.42,69.297,13.999,16.332
668.1,71.269,14.309,16.693
668.35,73.336,14.309,16.693
667.95,75.582,14.625,17.063
667.95,78.343,14.625,17.063
668.2,81.982,14.625,17.063
668.57,84.492,14.625,17.063
669.7,86.626,14.625,17.063
668.95,90.139,14.625,17.063
669.08,93.528,14.625,17.063
669.2,95.661,14.625,17.063
669.33,99.175,14.625,17.063
669.58,102.69,14.625,17.063
669.83,105.07,14.625,17.063
669.7,108.96,14.625,17.063
669.58,112.35,14.625,17.063
669.95,115.74,14.625,17.063
670.11,118.93,14.313,16.699
670.35,122.7,14.313,16.699
669.99,126.35,14.313,16.699
670.11,129.51,14.313,16.699
670.35,133.16,14.313,16.699
669.47,135.77,14.63,17.068
669.72,139.78,14.63,17.068
669.47,143.55,14.63,17.068
669.62,147.37,14.318,16.704
669.5,150.77,14.318,16.704
669.38,154.42,14.318,16.704
669.14,157.46,14.318,16.704
669.14,160.62,14.318,16.704
669.01,163.9,14.318,16.704
668.28,167.06,14.318,16.704
668.13,168.95,14.635,17.074
667.5,171.33,14.635,17.074
667.65,174.77,14.323,16.71
667.29,176.6,14.323,16.71
667.41,178.54,14.323,16.71
666.28,179.82,14.639,17.079
666.28,181.7,14.639,17.079
666.15,183.46,14.639,17.079
665.9,185.59,14.639,17.079
665.03,186.09,14.639,17.079
664.9,188.1,14.639,17.079
664.77,189.1,14.639,17.079
664.4,189.98,14.639,17.079
664.4,190.73,14.639,17.079
664.15,191.24,14.639,17.079
663.77,192.49,14.639,17.079
663.14,192.49,14.639,17.079
663.02,192.87,14.639,17.079
662.77,193.62,14.639,17.079
662.39,194,14.639,17.079
662.39,194.5,14.639,17.079
662.01,194.5,14.639,17.079
661.51,194.75,14.639,17.079
661.51,195.13,14.639,17.079
661.26,195.5,14.639,17.079
660.51,195.25,14.639,17.079
660.26,195.63,14.639,17.079
659.75,195.25,14.639,17.079
659.25,195.5,14.639,17.079
659.03,195.31,14.327,16.715
658.67,195.19,14.327,16.715
658.14,194.64,14.644,17.085
657.64,194.76,14.644,17.085
657.52,194.76,14.644,17.085
657.02,194.64,14.644,17.085
656.39,194.26,14.644,17.085
656.01,194.39,14.644,17.085
655.26,194.39,14.644,17.085
655.01,194.39,14.644,17.085
654.51,194.14,14.644,17.085
654.25,193.51,14.644,17.085
653.63,192.25,14.644,17.085
653.5,192.5,14.644,17.085
652.75,191.63,14.644,17.085
651.74,191.5,14.644,17.085
651.37,190.87,14.644,17.085
651.49,190.75,14.644,17.085
651.24,190.12,14.644,17.085
650.74,189.99,14.644,17.085
649.86,189.74,14.644,17.085
649.36,188.49,14.644,17.085
649.36,188.11,14.644,17.085
649.11,188.11,14.644,17.085
648.48,187.61,14.644,17.085
648.23,186.36,14.644,17.085
647.98,186.61,14.644,17.085
647.35,185.6,14.644,17.085
647.26,185.53,14.332,16.721
647.38,185.17,14.332,16.721
646.16,184.2,14.332,16.721
646.28,183.95,14.332,16.721
646.28,183.95,14.332,16.721
645.92,183.59,14.332,16.721
645.56,182.37,14.332,16.721
644.95,181.52,14.332,16.721
644.58,181.16,14.332,16.721
644.1,179.94,14.332,16.721
643.98,180.18,14.332,16.721
643.61,178.73,14.332,16.721
643.12,178.6,14.332,16.721
643.25,177.87,14.332,16.721
643,177.75,14.332,16.721
642.52,176.66,14.332,16.721
641.91,175.81,14.332,16.721
641.79,175.44,14.332,16.721
641.42,173.98,14.332,16.721
641.06,173.98,14.332,16.721
641.06,172.89,14.332,16.721
640.81,172.4,14.332,16.721
640.45,170.82,14.332,16.721
639.96,170.58,14.332,16.721
639.96,169.24,14.332,16.721
639.72,168.15,14.332,16.721
639.23,167.54,14.332,16.721
639.27,166.87,14.026,16.364
639.15,166.39,14.026,16.364
639.03,164.84,14.026,16.364
638.79,164.6,14.026,16.364
638.43,163.28,14.026,16.364
638.55,163.16,14.026,16.364
638.07,162.08,14.026,16.364
637.95,161.13,14.026,16.364
637.83,160.29,14.026,16.364
637.59,159.81,14.026,16.364
637.23,158.26,14.026,16.364
637.59,157.9,14.026,16.364
637.35,156.46,14.026,16.364
637.71,155.15,14.026,16.364
637.35,155.27,14.026,16.364
637.71,154.43,14.026,16.364
637.35,152.76,14.026,16.364
637.59,152.16,14.026,16.364
637.35,151.56,14.026,16.364
637.83,150,14.026,16.364
637.71,149.53,14.026,16.364
637.59,148.09,14.026,16.364
637.47,147.97,14.026,16.364
638.79,146.77,14.026,16.364
638.43,145.58,14.026,16.364
638.67,144.26,14.026,16.364
638.43,144.14,14.026,16.364
639.03,142.83,14.026,16.364
639.03,141.39,14.026,16.364
639.03,139.84,14.026,16.364
639.03,139.36,14.026,16.364
639.5,137.8,14.026,16.364
639.38,137.21,14.026,16.364
640.58,136.49,14.026,16.364
640.34,134.69,14.026,16.364
641.06,133.5,14.026,16.364
641.18,132.18,14.026,16.364
641.42,131.94,14.026,16.364
642.02,130.39,14.026,16.364
642.02,128.71,14.026,16.364
642.29,128.65,13.727,16.015
642.29,127.71,13.727,16.015
642.4,126.53,13.727,16.015
643.23,125.24,13.727,16.015
643.46,124.41,13.727,16.015
643.93,123.59,13.727,16.015
645.11,122.65,13.727,16.015
645.34,121.94,13.727,16.015
645.46,121.24,13.727,16.015
646.05,119.59,13.727,16.015
647.23,119.12,13.727,16.015
647.23,117.47,13.727,16.015
647.58,117.24,13.727,16.015
648.87,116.06,13.727,16.015
649.7,115.47,13.727,16.015
649.93,115,13.727,16.015
651.11,113.59,13.727,16.015
651.46,113.47,13.727,16.015
651.58,112.65,13.727,16.015
652.17,112.3,13.727,16.015
652.29,110.77,13.727,16.015
653.11,110.65,13.727,16.015
654.52,109.94,13.727,16.015
654.64,109.59,13.727,16.015
655.11,108.65,13.727,16.015
656.52,108.06,13.727,16.015
656.52,106.41,13.727,16.015
656.87,106.41,13.727,16.015
657.93,106.06,13.727,16.015
658.17,105.24,13.727,16.015
658.29,105,13.727,16.015
658.64,104.41,13.727,16.015
660.05,104.41,13.727,16.015
660.64,104.18,13.727,16.015
660.99,103.71,13.727,16.015
661.58,103.71,13.727,16.015
661.81,103.59,13.727,16.015
662.52,103.24,13.727,16.015
662.76,102.88,13.727,16.015
663.58,103,13.727,16.015
663.81,102.06,13.727,16.015
664.76,101.94,13.727,16.015
664.99,102.53,13.727,16.015
665.58,102.3,13.727,16.015
665.81,102.18,13.727,16.015
666.17,102.06,13.727,16.015
666.13,101.88,14.031,16.369
667.09,102.48,14.031,16.369
667.05,102.18,14.341,16.732
667.26,102,14.659,17.102
667.39,103.25,14.659,17.102
667.89,103.75,14.659,17.102
668.01,104,14.659,17.102
668.26,105.26,14.659,17.102
668.64,106.39,14.659,17.102
669.02,107.27,14.659,17.102
669.14,108.02,14.659,17.102
669.27,108.77,14.659,17.102
669.39,109.27,14.659,17.102
669.77,111.03,14.659,17.102
669.77,111.41,14.659,17.102
669.77,113.04,14.659,17.102
669.65,113.42,14.659,17.102
670.15,115.05,14.659,17.102
669.65,115.42,14.659,17.102
669.9,117.18,14.659,17.102
669.27,118.06,14.659,17.102
669.39,119.44,14.659,17.102
669.52,120.95,14.659,17.102
669.52,121.2,14.659,17.102
669.52,122.83,14.659,17.102
669.39,123.08,14.659,17.102
669.27,124.71,14.659,17.102
668.89,125.09,14.659,17.102
668.3,127.15,14.346,16.737
668.78,127.39,14.346,16.737
667.57,128.85,14.346,16.737
667.57,130.43,14.346,16.737
667.29,130.37,14.663,17.107
667.29,132.25,14.663,17.107
666.91,132.75,14.663,17.107
666.41,133.13,14.663,17.107
666.53,134.39,14.663,17.107
666.16,135.14,14.663,17.107
665.15,135.51,14.663,17.107
665.15,135.64,14.663,17.107
664.9,136.27,14.663,17.107
664.4,137.9,14.663,17.107
664.4,138.02,14.663,17.107
664.15,138.78,14.663,17.107
663.4,139.28,14.663,17.107
663.4,140.41,14.663,17.107
663.14,141.16,14.663,17.107
662.39,141.54,14.663,17.107
662.39,141.79,14.663,17.107
662.14,142.42,14.663,17.107
661.26,143.92,14.663,17.107
661.14,144.05,14.663,17.107
660.51,144.68,14.663,17.107
660.51,144.93,14.663,17.107
660.38,145.81,14.663,17.107
659.51,146.18,14.663,17.107
659.38,147.44,14.663,17.107
658.63,148.06,14.663,17.107
658.63,148.31,14.663,17.107
657.87,148.94,14.663,17.107
656.62,149.19,14.663,17.107
656.74,149.7,14.663,17.107
655.62,149.82,14.663,17.107
655.74,149.95,14.663,17.107
654.45,150.01,14.988,17.486
654.45,150.39,14.988,17.486
654.07,150.39,14.988,17.486
653.05,150.39,14.988,17.486
652.79,150.52,14.988,17.486
651.99,150.32,15.32,17.873
650.81,150.59,15.32,17.873
651.07,150.06,15.32,17.873
649.76,150.19,15.32,17.873
650.02,150.19,15.32,17.873
648.57,150.06,15.32,17.873
648.7,149.67,15.32,17.873
648.44,148.75,15.32,17.873
647.26,148.49,15.32,17.873
646.87,148.62,15.32,17.873
645.25,146.84,15.658,18.268
645.12,146.84,15.658,18.268
644.58,146.18,15.658,18.268
644.32,146.18,15.658,18.268
643.48,144.64,16.005,18.672
642.65,144.64,16.005,18.672
642.24,143.95,16.005,18.672
640.73,142.44,16.005,18.672
640.73,142.58,16.005,18.672
640.32,141.76,16.005,18.672
638.81,140.11,16.005,18.672
638.95,140.25,16.005,18.672
638.81,139.56,16.005,18.672
638.12,139.29,16.005,18.672
636.34,137.78,16.005,18.672
636.48,136.82,16.005,18.672
636.2,136.4,16.005,18.672
635.52,136.27,16.005,18.672
635.38,135.44,16.005,18.672
634.97,135.31,16.005,18.672
634.83,134.48,16.005,18.672
634.56,134.21,16.005,18.672
633.46,133.11,16.005,18.672
633.32,132.84,16.005,18.672
632.63,131.88,16.005,18.672
632.77,131.33,16.005,18.672
632.63,131.19,16.005,18.672
631.95,130.64,16.005,18.672
632.09,130.64,16.005,18.672
630.71,130.37,16.005,18.672
630.99,129.27,16.005,18.672
631.12,128.86,16.005,18.672
630.58,127.62,16.005,18.672
630.58,127.76,16.005,18.672
630.44,126.66,16.005,18.672
630.3,126.8,16.005,18.672
629.89,125.7,16.005,18.672
630.03,125.29,16.005,18.672
629.07,125.29,16.005,18.672
629.07,125.01,16.005,18.672
629.07,123.78,16.005,18.672
628.65,123.23,16.005,18.672
629.07,122.95,16.005,18.672
628.38,121.58,16.005,18.672
628.79,121.72,16.005,18.672
629.2,119.93,16.005,18.672
628.52,119.66,16.005,18.672
628.93,119.66,16.005,18.672
629.2,119.11,16.005,18.672
628.38,117.6,16.005,18.672
628.79,117.74,16.005,18.672
629.2,116.23,16.005,18.672
628.79,116.23,16.005,18.672
629.2,115.82,16.005,18.672
629.34,114.58,16.005,18.672
629.44,114.51,16.359,19.086
629.67,113.05,16.721,19.508
629.92,112.55,17.091,19.939
630.02,111.6,17.469,20.381
629.83,110.93,17.856,20.831
630.09,110.7,18.251,21.292
630.04,109.53,18.654,21.763
630.52,109.21,18.654,21.763
630.99,108.74,18.654,21.763
631.11,108.34,19.067,22.245
631.22,107.77,19.489,22.737
631.72,107.43,19.489,22.737
631.84,107.18,19.92,23.24
632.13,106.92,20.361,23.754
631.9,106.66,20.811,24.28
631.85,106.22,21.272,24.817
631.8,105.94,21.743,25.366
631.74,105.66,22.224,25.927
632.31,105.85,22.224,25.927
632.69,106.42,22.224,25.927
633.07,106.8,22.224,25.927
632.83,107.47,22.715,26.501
632.58,107.56,23.218,27.087
632.52,107.66,23.732,27.687
632.66,107.96,24.257,28.299
632.66,110.84,24.257,28.299
632.39,110.94,24.793,28.925
632.6,113.27,24.793,28.925
632.6,115.6,24.793,28.925
631.69,115.7,25.342,29.565
630.61,118.72,25.342,29.565
630.33,120.55,25.903,30.22
630.33,122.99,25.903,30.22
630.05,125.31,26.476,30.888
629.53,127.45,27.061,31.572
627.68,130.23,27.061,31.572
627.84,132.42,27.66,32.27
627.3,134.66,28.272,32.984
626.99,136.94,28.898,33.714
626.42,140.03,29.537,34.46
625.84,142.41,30.19,35.222
625.59,145.23,30.19,35.222
625.33,148.83,30.19,35.222
625.07,151.91,30.19,35.222
624.56,155.25,30.19,35.222
624.56,158.33,30.19,35.222
624.56,161.16,30.19,35.222
624.56,162.96,30.19,35.222
624.04,165.27,30.19,35.222
623.2,166.16,30.858,36.001
622.85,166.29,31.541,36.798
623.12,168.17,31.541,36.798
623.31,168.3,32.239,37.612
623.23,168.16,32.952,38.444
622.58,168.3,33.681,39.295
622.21,168.15,34.427,40.164
622.51,168.15,34.427,40.164
622.13,167.11,35.188,41.053
622.04,165.16,35.967,41.961
621.64,164.08,36.763,42.89
621.64,163.77,36.763,42.89
621.64,161.26,36.763,42.89
621.64,160.95,36.763,42.89
621.64,158.44,36.763,42.89
621.64,157.81,36.763,42.89
621.64,154.67,36.763,42.89
621.64,153.1,36.763,42.89
621.64,151.85,36.763,42.89
621.32,149.03,36.763,42.89
621.23,146.98,37.576,43.839
621.23,144.43,37.576,43.839
620.91,143.47,37.576,43.839
620.59,140.91,37.576,43.839
620.59,138.03,37.576,43.839
620.91,137.07,37.576,43.839
620.59,134.2,37.576,43.839
620.59,132.92,37.576,43.839
620.18,129.56,38.407,44.809
620.18,127.92,38.407,44.809
619.85,126.61,38.407,44.809
619.52,123.99,38.407,44.809
619.19,123.01,38.407,44.809
619.19,121.37,38.407,44.809
619.19,118.75,38.407,44.809
619.19,117.77,38.407,44.809
618.87,115.81,38.407,44.809
618.54,114.5,38.407,44.809
618.21,112.2,38.407,44.809
618.62,111.7,37.588,43.853
618.3,110.42,37.588,43.853
617.66,108.5,37.588,43.853
617.66,107.86,37.588,43.853
617.66,107.22,37.588,43.853
618.06,106.41,36.787,42.918
618.06,106.73,36.787,42.918
617.75,106.1,36.787,42.918
617.44,106.1,36.787,42.918
617.75,106.1,36.787,42.918
617.44,106.41,36.787,42.918
617.75,107.04,36.787,42.918
617.44,107.67,36.787,42.918
617.44,107.98,36.787,42.918
617.44,108.61,36.787,42.918
617.44,108.92,36.787,42.918
617.12,109.86,36.787,42.918
616.81,110.81,36.787,42.918
616.49,111.75,36.787,42.918
616.49,112.69,36.787,42.918
616.49,113.32,36.787,42.918
616.18,115.2,36.787,42.918
615.87,116.14,36.787,42.918
615.63,117.85,36.002,42.003
615.32,118.78,36.002,42.003
615.02,120.31,36.002,42.003
614.78,121.69,35.234,41.107
615.08,123.49,35.234,41.107
614.86,124.82,34.483,40.23
614.57,126.59,34.483,40.23
614.93,128.19,33.748,39.372
615.29,131.21,33.028,38.533
614.73,131.77,33.028,38.533
614.73,132.06,33.028,38.533
614.45,132.9,33.028,38.533
614.16,133.47,33.028,38.533
613.95,134.72,32.324,37.711
613.68,135.28,32.324,37.711
614.02,135.96,31.634,36.907
613.48,136.23,31.634,36.907
613.82,136.62,30.96,36.12
613.55,136.89,30.96,36.12
613.02,137.41,30.96,36.12
613.02,137.41,30.96,36.12
612.76,137.68,30.96,36.12
612.49,137.94,30.96,36.12
612.49,137.41,30.96,36.12
612.49,137.41,30.96,36.12
612.23,137.68,30.96,36.12
611.96,137.94,30.96,36.12
611.5,138.06,30.3,35.349
611.3,138.44,29.653,34.596
610.8,138.69,29.653,34.596
610.8,138.95,29.653,34.596
610.86,138.81,29.021,33.858
610.61,138.56,29.021,33.858
610.12,138.81,29.021,33.858
609.94,138.92,28.402,33.136
609.7,138.92,28.402,33.136
609.7,138.92,28.402,33.136
609.76,139.04,27.796,32.429
608.81,139.04,27.796,32.429
608.63,139.38,27.204,31.738
608.17,138.69,27.204,31.738
607.99,138.8,26.624,31.061
607.77,138.57,26.624,31.061
607.08,137.89,26.624,31.061
606.86,137.89,26.624,31.061
606.17,137.66,26.624,31.061
606.23,137.76,26.056,30.398
605.79,137.98,26.056,30.398
605.79,136.21,26.056,30.398
605.34,136.43,26.056,30.398
604.9,136.43,26.056,30.398
604.46,135.99,26.056,30.398
604.02,134.88,26.056,30.398
603.35,134.66,26.056,30.398
602.91,134.66,26.056,30.398
602.69,134.44,26.056,30.398
602.24,133.55,26.056,30.398
601.58,133.33,26.056,30.398
601.41,132.55,25.5,29.75
600.98,132.55,25.5,29.75
600.54,132.11,25.5,29.75
600.38,131.34,24.956,29.116
599.96,131.34,24.956,29.116
599.96,130.7,24.956,29.116
599.53,130.7,24.956,29.116
599.11,130.07,24.956,29.116
598.26,128.16,24.956,29.116
598.05,128.38,24.956,29.116
597.41,128.16,24.956,29.116
597.47,127.42,24.424,28.495
597.05,127.62,24.424,28.495
596.69,127.93,23.903,27.887
596.33,127.82,23.394,27.292
595.73,126.42,23.394,27.292
595.78,126.31,22.895,26.71
595.83,126.4,22.406,26.141
595.26,126.59,22.406,26.141
595.07,125.06,22.406,26.141
594.69,125.26,22.406,26.141
594.12,125.26,22.406,26.141
593.74,124.87,22.406,26.141
593.17,123.73,22.406,26.141
592.79,123.35,22.406,26.141
592.41,123.35,22.406,26.141
591.27,123.16,22.406,26.141
591.46,122.21,22.406,26.141
590.69,122.02,22.406,26.141
590.31,121.26,22.406,26.141
589.55,121.07,22.406,26.141
589.17,120.69,22.406,26.141
588.98,119.55,22.406,26.141
588.6,119.36,22.406,26.141
588.03,119.55,22.406,26.141
587.84,118.41,22.406,26.141
587.08,118.6,22.406,26.141
586.94,118.5,21.929,25.583
586.38,118.5,21.929,25.583
586.01,118.31,21.929,25.583
585.08,117.57,21.929,25.583
584.7,117.57,21.929,25.583
583.96,117.01,21.929,25.583
583.4,115.7,21.929,25.583
583.21,116.07,21.929,25.583
582.84,115.33,21.929,25.583
581.91,115.33,21.929,25.583
581.77,115.42,21.461,25.038
580.68,114.69,21.461,25.038
580.68,114.69,21.461,25.038
580.31,114.5,21.461,25.038
579.22,113.59,21.461,25.038
579.08,114.04,21.003,24.504
578.24,114.3,20.555,23.981
577.89,113.95,20.555,23.981
577.71,113.08,20.555,23.981
577.01,113.08,20.555,23.981
576.67,113.08,20.555,23.981
575.79,112.73,20.555,23.981
575.27,112.03,20.555,23.981
573.7,112.03,20.555,23.981
573.52,111.86,20.555,23.981
572.83,111.34,20.555,23.981
572.48,111.51,20.555,23.981
571.6,109.77,20.555,23.981
570.91,110.12,20.555,23.981
570.56,110.29,20.555,23.981
569.69,110.29,20.555,23.981
568.99,110.12,20.555,23.981
568.81,109.77,20.555,23.981
567.77,108.89,20.555,23.981
566.89,108.89,20.555,23.981
566.54,108.54,20.555,23.981
565.32,107.67,20.555,23.981
564.62,107.67,20.555,23.981
564.28,107.32,20.555,23.981
562.7,107.32,20.555,23.981
562.75,107.4,20.117,23.47
562.41,107.06,20.117,23.47
562.07,105.7,20.117,23.47
561.21,105.87,20.117,23.47
560.7,104.5,20.117,23.47
559.17,104.67,20.117,23.47
559.04,104.75,19.688,22.969
558.74,104.66,19.268,22.48
558.29,103.25,18.857,22
557.53,103.49,18.455,21.531
557.06,103.33,18.455,21.531
556.59,102.08,18.455,21.531
555.68,101.99,18.062,21.072
554.95,100.51,17.676,20.623
554.34,100.82,17.676,20.623
553.14,99.004,17.676,20.623
553.17,99.073,17.299,20.183
552.73,98.191,17.299,20.183
551.3,97.671,16.931,19.752
551.33,97.591,16.57,19.331
549.78,96.038,16.57,19.331
549.64,94.768,16.57,19.331
548.65,94.768,16.57,19.331
548.55,94.409,16.216,18.919
546.9,92.488,16.216,18.919
546.76,91.664,16.216,18.919
546.21,90.841,16.216,18.919
545.8,90.017,16.216,18.919
544.46,89.532,15.87,18.515
544.06,88.044,15.87,18.515
543.92,86.556,15.87,18.515
543.11,86.285,15.87,18.515
541.22,84.932,15.87,18.515
540.81,83.715,15.87,18.515
540.54,83.58,15.87,18.515
539.73,82.227,15.87,18.515
539.19,81.144,15.87,18.515
537.87,80.936,15.532,18.121
537.87,80.269,15.532,18.121
537.47,78.802,15.532,18.121
536.03,78.996,15.201,17.734
535.65,77.313,15.201,17.734
535.39,77.054,15.201,17.734
533.96,75.502,15.201,17.734
532.93,75.113,15.201,17.734
532.41,73.69,15.201,17.734
532.28,72.525,15.201,17.734
531.38,72.396,15.201,17.734
530.99,71.231,15.201,17.734
529.56,70.454,15.201,17.734
529.43,69.549,15.201,17.734
528.53,68.513,15.201,17.734
528.27,67.737,15.201,17.734
526.98,65.796,15.201,17.734
526.33,65.149,15.201,17.734
526.07,64.372,15.201,17.734
525.03,63.854,15.201,17.734
524.65,62.302,15.201,17.734
524.52,62.043,15.201,17.734
523.87,60.878,15.201,17.734
523.74,59.584,15.201,17.734
523.09,59.454,15.201,17.734
521.8,58.549,15.201,17.734
521.93,57.384,15.201,17.734
520.38,56.478,15.201,17.734
520.38,55.054,15.201,17.734
519.21,53.243,15.201,17.734
518.95,51.819,15.201,17.734
517.92,49.878,15.201,17.734
517.79,48.066,15.201,17.734
517.92,46.384,15.201,17.734
516.49,44.96,15.201,17.734
516.62,42.89,15.201,17.734
516.49,40.949,15.201,17.734
515.85,39.007,15.201,17.734
515.72,36.937,15.201,17.734
515.16,34.541,15.537,18.127
515.03,32.541,15.537,18.127
514.09,30.407,15.537,18.127
513.69,28.274,15.537,18.127
512.63,26.141,15.537,18.127
512.49,24.141,15.537,18.127
511.43,22.407,15.537,18.127
511.16,20.941,15.537,18.127
511.16,18.941,15.537,18.127
510.89,17.474,15.537,18.127
509.96,16.807,15.537,18.127
509.56,15.607,15.537,18.127
508.09,13.874,15.537,18.127
508.36,13.207,15.537,18.127
506.76,11.074,15.537,18.127
506.76,9.3407,15.537,18.127
505.92,7.9401,15.881,18.528
505.38,6.4519,15.881,18.528
504.03,5.9107,15.881,18.528
503.99,3.8117,16.232,18.937
502.6,3.8117,16.232,18.937
501.2,2.9764,16.232,18.937
501.2,2.1411,16.232,18.937
499.81,0.47047,16.232,18.937
498.28,0.19204,16.232,18.937
498.04,-0.85897,15.886,18.534
497.26,-0.93194,15.547,18.138
495.42,-1.5385,15.216,17.752
494.68,-1.2199,14.891,17.373
493.28,-1.7297,14.891,17.373
492.29,-2.6915,14.574,17.003
491.09,-2.2631,14.263,16.64
489.29,-3.4229,13.959,16.285
488.22,-4.8582,13.959,16.285
486.66,-4.4994,13.959,16.285
485.14,-4.0866,13.661,15.938
484.33,-3.7395,13.661,15.938
482.74,-3.4539,13.37,15.598
481.86,-3.0601,13.085,15.265
480.96,-3.0601,13.085,15.265
478.84,-2.7248,13.085,15.265
477.94,-1.4954,13.085,15.265
476.6,-0.93658,13.085,15.265
475.49,-0.60129,13.085,15.265
474.14,0.51636,13.085,15.265
472.69,2.0811,13.085,15.265
471.91,3.0869,13.085,15.265
471.99,3.924,13.374,15.603
470.47,5.6847,13.67,15.948
469.05,7.2435,13.972,16.301
468.21,10.353,13.972,16.301
467.62,11.789,13.972,16.301
467.02,15.018,13.972,16.301
467.74,18.008,13.972,16.301
466.66,20.879,13.972,16.301
465.46,23.989,13.972,16.301
465.94,27.218,13.972,16.301
464.98,30.926,13.972,16.301
465.34,33.916,13.972,16.301
465.58,37.146,13.972,16.301
464.47,40.553,14.282,16.662
464.68,43.895,14.598,17.03
464.89,46.424,14.92,17.407
464.98,49.418,15.251,17.792
463.64,52.456,15.588,18.186
463.87,55.321,15.933,18.588
464.1,58.498,16.285,19
463.36,61.49,16.646,19.42
462.38,65.302,16.646,19.42
462.76,68.193,17.014,19.85
463.15,71.456,17.39,20.289
463.25,74.808,17.775,20.738
462.2,77.374,17.775,20.738
462.65,81.602,17.775,20.738
462.91,84.09,18.169,21.197
463.53,87.033,18.169,21.197
463.48,89.277,18.57,21.666
463.8,91.818,18.57,21.666
463.64,94.359,18.57,21.666
464.11,96.583,18.57,21.666
464.27,98.648,18.57,21.666
464.59,100.71,18.57,21.666
464.91,102.62,18.57,21.666
464.75,103.57,18.57,21.666
464.91,105,18.57,21.666
465.07,106.43,18.57,21.666
465.02,106.35,18.981,22.145
465.35,107.16,18.981,22.145
465.67,107.98,18.981,22.145
465.83,108.79,18.981,22.145
466,110.91,18.981,22.145
466.32,111.56,18.981,22.145
466.97,112.05,18.981,22.145
466.97,112.53,18.981,22.145
467.14,114,18.981,22.145
467.63,114.16,18.981,22.145
467.63,114.97,18.981,22.145
467.63,115.63,18.981,22.145
467.63,117.25,18.981,22.145
467.79,117.58,18.981,22.145
468.11,118.39,18.981,22.145
468.6,119.04,18.981,22.145
468.6,119.37,18.981,22.145
468.76,120.02,18.981,22.145
468.93,120.35,18.981,22.145
469.25,121,18.981,22.145
469.42,121.16,18.981,22.145
469.74,121.81,18.981,22.145
469.78,124,18.577,21.673
469.62,124.32,18.577,21.673
470.1,124.32,18.577,21.673
469.94,124.48,18.577,21.673
469.78,124.95,18.577,21.673
469.62,125.59,18.577,21.673
469.78,125.59,18.577,21.673
469.46,125.75,18.577,21.673
469.62,125.9,18.577,21.673
469.78,126.22,18.577,21.673
469.15,126.22,18.577,21.673
469.15,126.22,18.577,21.673
468.83,126.38,18.577,21.673
468.51,126.54,18.577,21.673
468.51,126.7,18.577,21.673
468.35,127.02,18.577,21.673
468.19,127.18,18.577,21.673
467.56,126.22,18.577,21.673
467.24,126.06,18.577,21.673
466.76,126.22,18.577,21.673
465.53,125.02,18.18,21.21
465.69,125.18,18.18,21.21
465.53,125.02,18.18,21.21
465.07,123.63,18.18,21.21
464.14,122.86,18.18,21.21
463.67,122.08,18.18,21.21
463.52,121.62,18.18,21.21
462.74,120.07,18.18,21.21
462.43,119.91,18.18,21.21
460.88,118.52,18.18,21.21
460.73,117.28,18.18,21.21
460.42,117.28,18.18,21.21
458.56,115.88,18.18,21.21
458.25,114.18,18.18,21.21
457.17,114.03,18.18,21.21
456.08,112.32,18.18,21.21
455.46,111.86,18.18,21.21
455,110,18.18,21.21
453.14,108.91,18.18,21.21
452.83,107.83,18.18,21.21
452.52,106.59,18.18,21.21
450.66,104.89,18.18,21.21
450.2,104.27,18.18,21.21
448.49,103.18,18.18,21.21
448.18,101.79,18.18,21.21
446.48,100.39,18.18,21.21
446.63,100.08,18.18,21.21
446.32,98.071,18.18,21.21
444.31,96.677,18.18,21.21
443.85,95.128,18.18,21.21
443.54,94.508,18.18,21.21
441.37,92.495,18.18,21.21
440.59,91.875,18.18,21.21
439.2,91.256,18.18,21.21
437.65,90.636,18.18,21.21
437.18,88.777,18.18,21.21
435.02,88.312,18.18,21.21
433.62,88.157,18.18,21.21
433.16,86.763,18.18,21.21
431.14,85.524,18.18,21.21
430.99,84.905,18.18,21.21
430.83,84.595,18.18,21.21
430.68,83.665,18.18,21.21
428.51,83.201,18.18,21.21
426.81,83.201,18.18,21.21
425.57,82.736,18.18,21.21
423.71,81.807,18.18,21.21
422.16,81.497,18.18,21.21
420.45,80.877,18.18,21.21
419.37,80.722,18.18,21.21
417.67,80.412,18.18,21.21
415.96,79.793,18.18,21.21
413.64,79.948,18.18,21.21
411.94,80.103,18.18,21.21
409.77,80.257,18.18,21.21
409.77,80.412,18.18,21.21
408.84,80.103,18.18,21.21
407.6,80.567,18.18,21.21
405.74,80.722,18.18,21.21
404.19,80.877,18.18,21.21
402.33,81.187,18.18,21.21
400.63,81.807,18.18,21.21
399.23,81.807,18.18,21.21
397.37,82.116,18.18,21.21
395.67,82.891,18.18,21.21
394.12,83.046,18.18,21.21
391.95,83.51,18.18,21.21
389.63,83.51,18.18,21.21
388.08,83.82,18.18,21.21
385.91,84.44,18.18,21.21
384.05,84.44,18.18,21.21
382.66,84.75,18.18,21.21
381.88,85.369,18.18,21.21
380.8,86.608,18.18,21.21
379.41,86.454,18.18,21.21
377.86,86.608,18.18,21.21
378.32,86.763,18.18,21.21
376.77,87.848,18.18,21.21
376.31,88.312,18.18,21.21
374.76,89.861,18.18,21.21
374.29,90.016,18.18,21.21
372.59,91.41,18.18,21.21
371.66,91.41,18.18,21.21
370.27,92.495,18.18,21.21
368.52,92.57,18.583,21.68
367.68,93.283,18.994,22.159
365.89,94.097,18.994,22.159
365.35,94.177,19.414,22.65
363.87,95.824,19.414,22.65
364.03,95.824,19.414,22.65
363.16,96.068,19.844,23.151
361.98,96.574,19.844,23.151
361.47,97.585,19.844,23.151
361.3,98.091,19.844,23.151
360.12,98.091,19.844,23.151
359.74,98.004,20.283,23.663
358.48,97.915,20.731,24.187
358.48,98.091,20.731,24.187
357.95,98.091,20.731,24.187
356.53,97.915,20.731,24.187
356.53,97.385,20.731,24.187
356.36,97.385,20.731,24.187
355.83,97.032,20.731,24.187
354.42,96.15,20.731,24.187
354.59,95.62,20.731,24.187
354.59,95.62,20.731,24.187
354.42,94.915,20.731,24.187
353.71,93.326,20.731,24.187
353.53,93.326,20.731,24.187
355.3,92.973,20.731,24.187
356.71,92.62,20.731,24.187
358.48,92.797,20.731,24.187
362.36,92.973,20.731,24.187
366.95,92.797,20.731,24.187
371.36,93.856,20.731,24.187
377,94.562,20.731,24.187
383.36,95.267,20.731,24.187
390.06,95.973,20.731,24.187
395.71,96.856,20.731,24.187
402.06,99.326,20.731,24.187
408.59,99.856,20.731,24.187
415.12,102.33,20.731,24.187
419.71,103.03,20.731,24.187
424.52,104.7,20.289,23.671
429.52,106.77,20.289,23.671
433.84,108.33,20.289,23.671
438.5,109.02,20.289,23.671
441.3,111.68,19.857,23.166
443.83,112.02,19.857,23.166
448.09,114.8,19.433,22.672
450.4,114.8,19.433,22.672
452.74,116.52,19.019,22.189
454.9,117.73,18.613,21.715
456.96,118.53,18.613,21.715
458.87,118.85,18.613,21.715
460.46,119.32,18.613,21.715
462.36,119.48,18.613,21.715
463.79,119.64,18.613,21.715
463.95,119.96,18.613,21.715
465.86,120.28,18.613,21.715
466.33,120.12,18.613,21.715
468.4,120.43,18.613,21.715
469.83,119.96,18.613,21.715
469.83,120.12,18.613,21.715
470.78,120.43,18.613,21.715
471.1,120.43,18.613,21.715
472.85,120.43,18.613,21.715
473.01,120.59,18.613,21.715
474.12,120.91,18.613,21.715
474.95,122.25,18.216,21.252
475.3,123.57,17.828,20.799
476.68,124.18,17.828,20.799
477.14,124.64,17.828,20.799
477.29,125.09,17.828,20.799
478.21,126.78,17.828,20.799
478.82,127.24,17.828,20.799
480.04,128.92,17.828,20.799
480.96,129.38,17.828,20.799
481.3,131.28,17.448,20.355
481.79,132.54,17.075,19.921
483.09,132.83,17.075,19.921
482.8,133.99,17.075,19.921
483.82,135.44,17.075,19.921
484.11,137.18,17.075,19.921
484.11,137.91,17.075,19.921
484.69,138.78,17.075,19.921
486.03,140.59,16.711,19.497
486.46,142.16,16.711,19.497
486.32,142.74,16.711,19.497
486.92,145.38,16.355,19.081
486.92,146.07,16.355,19.081
487.62,147.19,16.355,19.081
488.87,148.72,16.355,19.081
488.73,149.14,16.355,19.081
489.85,151.09,16.355,19.081
489.43,151.92,16.355,19.081
490.54,153.31,16.355,19.081
491.28,155.6,16.006,18.674
491.45,157.04,15.665,18.276
492.11,157.71,15.665,18.276
492.25,158.91,15.665,18.276
493.31,160.51,15.665,18.276
493.85,160.91,15.665,18.276
493.85,162.77,15.665,18.276
494.38,163.44,15.665,18.276
495.31,164.64,15.665,18.276
495.85,166.11,15.665,18.276
496.11,167.57,15.665,18.276
496.65,167.97,15.665,18.276
497.85,169.97,15.665,18.276
497.58,170.51,15.665,18.276
498.91,171.04,15.665,18.276
498.91,173.17,15.665,18.276
499.21,174.83,15.331,17.886
500.53,175.1,15.331,17.886
501.35,177.13,15.004,17.505
502.14,178.71,14.684,17.131
502.52,178.84,14.684,17.131
503.78,179.72,14.684,17.131
503.81,181.03,14.371,16.766
504.66,182.61,14.371,16.766
505.14,182.98,14.371,16.766
506.24,184.31,14.371,16.766
507.21,184.56,14.371,16.766
507.82,185.53,14.371,16.766
507.85,186.8,14.064,16.408
508.81,187.76,14.064,16.408
509.29,188.48,14.064,16.408
510.48,189.07,14.064,16.408
510.15,191.04,13.764,16.058
510.74,191.16,13.764,16.058
512.04,191.98,13.764,16.058
512.98,192.81,13.764,16.058
514.06,194.86,13.471,15.716
513.95,194.75,13.471,15.716
514.41,195.09,13.471,15.716
515.68,195.79,13.471,15.716
516.61,195.9,13.471,15.716
516.84,196.13,13.471,15.716
516.84,196.37,13.471,15.716
517.42,196.6,13.471,15.716
518.46,196.83,13.471,15.716
518.92,195.9,13.471,15.716
519.18,196.19,13.184,15.381
520.41,196.19,13.184,15.381
520.52,195.74,13.184,15.381
521.31,195.74,13.184,15.381
521.42,195.4,13.184,15.381
522.09,194.51,13.184,15.381
522.2,194.4,13.184,15.381
522.65,193.62,13.184,15.381
523.77,193.39,13.184,15.381
524.44,192.5,13.184,15.381
524.55,192.16,13.184,15.381
524.99,190.93,13.184,15.381
524.88,190.04,13.184,15.381
526.11,189.7,13.184,15.381
525.78,189.7,13.184,15.381
526.78,188.92,13.184,15.381
526.78,187.47,13.184,15.381
526.78,187.36,13.184,15.381
527.12,186.46,13.184,15.381
527.12,185.9,13.184,15.381
527.12,184.56,13.184,15.381
527.26,184.73,12.902,15.053
528.25,183.52,12.902,15.053
528.25,182.64,12.902,15.053
528.47,181.98,12.902,15.053
528.58,181.54,12.902,15.053
528.14,180.33,12.902,15.053
528.6,180.71,12.627,14.732
528.6,179.42,12.627,14.732
528.71,178.34,12.627,14.732
529.04,177.48,12.627,14.732
529.49,177.31,12.358,14.418
529.49,176.78,12.358,14.418
529.39,176.57,12.358,14.418
529.28,175.51,12.358,14.418
529.18,174.45,12.358,14.418
529.07,173.92,12.358,14.418
528.86,172.55,12.358,14.418
528.65,172.55,12.358,14.418
529.52,172.38,12.094,14.11
528.69,171.86,12.094,14.11
528.82,171.08,11.837,13.809
529.02,170.18,11.837,13.809
529.52,169.58,11.837,13.809
529.72,169.18,11.837,13.809
529.22,167.88,11.837,13.809
529.82,166.68,11.837,13.809
529.44,166.03,11.584,13.515
529.44,165.93,11.584,13.515
529.54,165.24,11.584,13.515
529.74,164.75,11.584,13.515
530.03,163.18,11.584,13.515
530.52,162.79,11.584,13.515
530.42,161.62,11.584,13.515
530.23,160.63,11.584,13.515
530.03,159.75,11.584,13.515
530.91,159.16,11.584,13.515
531.01,158.67,11.584,13.515
531.21,157.3,11.584,13.515
530.72,155.93,11.584,13.515
531.5,155.83,11.584,13.515
531.6,154.95,11.584,13.515
531.89,153.97,11.584,13.515
532.29,153.09,11.584,13.515
532.29,152.4,11.584,13.515
532.38,150.73,11.584,13.515
532.58,150.24,11.584,13.515
532.87,149.56,11.584,13.515
533.95,147.89,11.584,13.515
533.95,147.5,11.584,13.515
534.44,146.12,11.584,13.515
534.74,145.93,11.584,13.515
535.13,144.46,11.584,13.515
535.91,143.09,11.584,13.515
536.01,142.69,11.584,13.515
536.21,141.22,11.584,13.515
536.01,140.93,11.584,13.515
537.19,139.46,11.584,13.515
537.48,137.99,11.584,13.515
537.38,137.6,11.584,13.515
537.38,136.03,11.584,13.515
538.1,135.88,11.337,13.227
538.38,134.82,11.337,13.227
539.35,134.05,11.337,13.227
539.35,132.42,11.337,13.227
539.73,132.13,11.337,13.227
540.79,130.98,11.337,13.227
541.07,130.02,11.337,13.227
540.98,129.73,11.337,13.227
541.17,129.73,11.337,13.227
541.94,129.06,11.337,13.227
542.13,127.61,11.337,13.227
542.52,127.61,11.337,13.227
543.57,127.23,11.337,13.227
543.96,126.08,11.337,13.227
543.76,125.5,11.337,13.227
545.11,125.31,11.337,13.227
544.63,124.64,11.337,13.227
544.92,124.44,11.337,13.227
544.92,123.67,11.337,13.227
545.01,123.48,11.337,13.227
545.3,123,11.337,13.227
545.49,121.66,11.337,13.227
545.69,121.95,11.337,13.227
545.88,120.89,11.337,13.227
545.49,120.7,11.337,13.227
545.78,120.98,11.337,13.227
546.17,120.22,11.337,13.227
545.88,120.22,11.337,13.227
545.46,119.97,11.588,13.519
545.27,119.97,11.588,13.519
544.78,119.78,11.588,13.519
545.07,119.39,11.588,13.519
545.17,118.8,11.588,13.519
545.37,118.9,11.588,13.519
544.88,118.9,11.588,13.519
544.97,118.9,11.588,13.519
544.97,118.6,11.588,13.519
544.97,118.01,11.588,13.519
544.88,118.11,11.588,13.519
544.78,118.11,11.588,13.519
544.58,118.01,11.588,13.519
544.16,117.67,11.844,13.818
544.16,116.87,11.844,13.818
544.03,116.71,12.106,14.124
544.03,116.71,12.106,14.124
543.93,116.71,12.106,14.124
543.82,116.61,12.106,14.124
543.61,116.61,12.106,14.124
543.3,116.51,12.106,14.124
543.41,116.4,12.106,14.124
543.41,117.13,12.106,14.124
543.41,117.13,12.106,14.124
543.3,117.13,12.106,14.124
542.99,117.23,12.106,14.124
542.34,117.29,12.374,14.437
541.91,117.39,12.374,14.437
541.03,117.23,12.648,14.756
541.14,116.91,12.648,14.756
541.14,117.66,12.648,14.756
540.93,117.66,12.648,14.756
540.28,117.99,12.648,14.756
539.42,118.74,12.648,14.756
539.2,118.85,12.648,14.756
538.66,119.28,12.648,14.756
538.66,119.28,12.648,14.756
538.41,119.33,12.928,15.082
538.27,120.48,13.214,15.416
537.9,120.09,13.506,15.757
536.4,120.55,13.506,15.757
536.51,121.59,13.506,15.757
536.51,121.94,13.506,15.757
535.7,121.94,13.506,15.757
535.55,122.11,13.805,16.106
534.14,122.47,13.805,16.106
532.85,123.29,13.805,16.106
533.2,123.88,13.805,16.106
532.14,124.82,13.805,16.106
531.99,124.99,14.11,16.462
531.27,124.99,14.11,16.462
531,124.93,14.423,16.826
530.59,125.98,14.742,17.199
530.34,125.98,14.742,17.199
528.96,126.23,14.742,17.199
528.33,126.98,14.742,17.199
528.21,127.24,14.742,17.199
527.45,127.86,14.742,17.199
527.2,127.99,14.742,17.199
526.2,128.62,14.742,17.199
525.7,128.74,14.742,17.199
524.32,129.49,14.742,17.199
524.28,129.43,15.068,17.579
523.76,130.08,15.068,17.579
521.95,131.5,15.068,17.579
521.95,131.5,15.068,17.579
520.65,131.89,15.068,17.579
519.75,133.05,15.068,17.579
519.32,133.51,15.401,17.968
518.14,134.29,15.401,17.968
517.18,134.23,15.742,18.366
516.74,134.82,16.09,18.772
515.09,135.24,16.09,18.772
514.78,135.03,16.446,19.187
512.83,136.42,16.446,19.187
512.09,136.21,16.81,19.612
511.52,136.64,16.81,19.612
511.19,137.71,17.182,20.046
509.13,138,17.182,20.046
507.81,139.18,17.182,20.046
507.81,140.21,17.182,20.046
506.63,140.94,17.182,20.046
505.6,142.12,17.182,20.046
503.98,143.15,17.182,20.046
502.66,144.18,17.182,20.046
502.51,145.8,17.182,20.046
500.56,146.02,17.562,20.489
500.07,147.88,17.951,20.943
497.73,149.33,18.348,21.406
496.63,150.42,18.348,21.406
495.22,152.46,18.348,21.406
495.06,154.35,18.348,21.406
492.82,155.36,18.754,21.88
491.53,157.45,18.754,21.88
489.76,159.22,18.754,21.88
489.28,161.15,18.754,21.88
487.14,163,19.169,22.364
486,164.14,19.169,22.364
484.54,166.74,19.169,22.364
482.54,169.1,19.593,22.859
481.2,171.1,19.593,22.859
478.99,172.85,20.027,23.364
477.62,174.89,20.027,23.364
477.23,176.85,20.47,23.881
475.14,179.3,20.47,23.881
473.74,181.04,20.47,23.881
473.34,183.57,20.923,24.41
471.73,186.07,20.923,24.41
469.59,187.5,20.923,24.41
469.06,190.17,20.923,24.41
467.99,192.31,20.923,24.41
467.63,194.63,20.923,24.41
465.84,196.95,20.923,24.41
464.77,197.84,20.923,24.41
463.88,199.63,20.923,24.41
462.5,202.21,20.476,23.889
462.62,202.12,20.929,24.418
461.19,204.26,20.929,24.418
461.37,204.97,20.929,24.418
460.96,205.24,21.392,24.958
459.69,207.24,21.392,24.958
459.08,206.97,21.866,25.51
458.34,206.97,21.866,25.51
458.1,206.5,22.35,26.074
457.66,206.02,22.844,26.651
457.21,205.92,23.349,27.241
456.81,205.32,23.349,27.241
456.61,205.12,23.349,27.241
456.41,204.72,23.349,27.241
456.01,204.52,23.349,27.241
455.41,204.12,23.349,27.241
454.96,202.22,23.866,27.844
454.96,201.61,23.866,27.844
454.75,201.4,23.866,27.844
454.55,200.38,23.866,27.844
454.14,199.57,23.866,27.844
453.26,198.04,24.394,28.46
453.26,197.21,24.394,28.46
453.26,196.58,24.394,28.46
453.06,195.96,24.394,28.46
452.85,194.5,24.394,28.46
452.43,194.09,24.394,28.46
452.43,192.84,24.394,28.46
452.43,192.43,24.394,28.46
452.43,192.43,24.394,28.46
452.43,192.43,24.394,28.46
452.22,192.63,24.394,28.46
451.75,192.32,24.934,29.089
451.26,192.21,25.485,29.733
451.04,192.43,25.485,29.733
450.82,193.3,25.485,29.733
450.61,193.95,25.485,29.733
450.32,194.27,26.049,30.391
450.32,196.49,26.049,30.391
449.81,196.37,26.626,31.063
449.13,198.42,26.626,31.063
448.9,200.01,26.626,31.063
448.68,201.38,26.626,31.063
448.9,204.11,26.626,31.063
448.22,205.24,26.626,31.063
447.99,207.75,26.626,31.063
447.77,208.88,26.626,31.063
447.09,211.39,26.626,31.063
446.86,214.57,26.626,31.063
446.63,215.48,26.626,31.063
446.91,219.45,26.058,30.401
446.69,222.11,26.058,30.401
446.47,224.1,26.058,30.401
446.03,226.98,26.058,30.401
445.36,229.2,26.058,30.401
445.14,232.3,26.058,30.401
444.92,234.3,26.058,30.401
444.92,236.51,26.058,30.401
444.92,238.95,26.058,30.401
444.7,239.83,26.058,30.401
444.48,241.61,26.058,30.401
444.03,244.27,26.058,30.401
443.37,244.93,26.058,30.401
443.15,246.04,26.058,30.401
442.93,247.15,26.058,30.401
443.15,248.48,26.058,30.401
442.42,249.03,26.634,31.073
442.19,249.71,26.634,31.073
441.73,250.39,26.634,31.073
441.05,251.76,26.634,31.073
441.05,252.21,26.634,31.073
440.82,253.12,26.634,31.073
440.6,254.03,26.634,31.073
440.6,254.94,26.634,31.073
440.6,255.62,26.634,31.073
440.6,256.3,26.634,31.073
440.6,258.12,26.634,31.073
440.6,258.58,26.634,31.073
440.6,259.03,26.634,31.073
440.37,259.72,26.634,31.073
440.37,260.17,26.634,31.073
440.14,260.85,26.634,31.073
439.91,261.31,26.634,31.073
439.69,261.76,26.634,31.073
439.46,261.99,26.634,31.073
439.69,262.22,26.634,31.073
439.46,262.45,26.634,31.073
439.69,262.9,26.634,31.073
439.46,262.9,26.634,31.073
439.69,263.13,26.634,31.073
439.23,263.36,26.634,31.073
439.16,263.69,27.224,31.761
438.93,263.69,27.224,31.761
438.7,263.93,27.224,31.761
438.93,264.16,27.224,31.761
438.24,264.62,27.224,31.761
437.94,264.96,27.826,32.464
438.18,265.2,27.826,32.464
437.7,265.44,27.826,32.464
437.7,265.67,27.826,32.464
437.46,266.39,27.826,32.464
437.23,266.86,27.826,32.464
436.75,266.86,27.826,32.464
436.75,267.1,27.826,32.464
436.51,267.57,27.826,32.464
435.97,267.69,28.442,33.182
435.48,267.93,28.442,33.182
435.24,268.42,28.442,33.182
435,268.66,28.442,33.182
434.27,269.15,28.442,33.182
433.71,269.75,29.071,33.916
433.22,270,29.071,33.916
432.23,270.99,29.071,33.916
431.41,271.6,29.714,34.667
430.91,273.12,29.714,34.667
430.32,273.24,30.372,35.434
428.25,274.02,30.372,35.434
428.18,274.4,31.044,36.217
427.57,274.79,31.73,37.019
426.76,275.88,31.73,37.019
424.59,276.69,31.73,37.019
424.59,277.5,31.73,37.019
423.97,277.9,32.432,37.838
422.03,279.29,32.432,37.838
421.4,279.42,33.15,38.675
420.75,280.4,33.883,39.531
418.44,281.56,33.883,39.531
418.07,282.56,34.633,40.405
416.89,283.74,34.633,40.405
415.7,285.22,34.633,40.405
414.22,286.41,34.633,40.405
413.92,287.59,34.633,40.405
412.15,289.67,34.633,40.405
411.85,291.74,34.633,40.405
409.4,293.07,35.399,41.299
408.4,294.12,36.183,42.213
408.4,297.2,36.183,42.213
406.86,299.35,36.183,42.213
405.32,302.12,36.183,42.213
404.71,304.28,36.183,42.213
402.55,307.05,36.183,42.213
401.01,308.59,36.183,42.213
400.4,311.67,36.183,42.213
399.78,314.13,36.183,42.213
397.32,317.82,36.183,42.213
397.01,320.6,36.183,42.213
395.47,323.06,36.183,42.213
393.93,326.14,36.183,42.213
393.32,329.22,36.183,42.213
392.7,331.99,36.183,42.213
390.24,334.14,36.183,42.213
389.62,336.6,36.183,42.213
387.47,338.14,36.183,42.213
386.85,340.91,36.183,42.213
386.24,342.45,36.183,42.213
385.31,343.38,36.183,42.213
384.6,344.76,36.983,43.147
382.93,345.23,37.801,44.102
381.87,345.7,38.638,45.077
379.8,346.19,39.493,46.075
378.35,346.69,40.366,47.094
376.87,347.2,41.259,48.136
375.01,347.37,42.172,49.201
373.47,347.9,43.105,50.29
372.37,348.64,43.105,50.29
371.89,349.18,44.059,51.402
369.15,348.99,45.034,52.54
368.76,349.76,45.034,52.54
368.26,350.33,46.03,53.702
366.58,350.13,47.049,54.89
365.66,350.32,48.09,56.105
364.71,350.52,49.154,57.346
363.75,350.31,50.241,58.615
362.77,350.09,51.353,59.912
362.77,350.52,51.353,59.912
362.77,351.84,51.353,59.912
362.64,353.36,52.489,61.237
363.08,354.25,52.489,61.237
363.53,355.15,52.489,61.237
363.53,355.6,52.489,61.237
364.42,356.49,52.489,61.237
364.87,356.94,52.489,61.237
366.08,355.81,53.65,62.592
367.91,355.81,53.65,62.592
369.28,355.36,53.65,62.592
370.19,355.36,53.65,62.592
370.05,353.29,54.837,63.977
372.39,353.29,54.837,63.977
372.85,353.29,54.837,63.977
375.19,353.29,54.837,63.977
376.12,353.29,54.837,63.977
377.52,353.29,54.837,63.977
379.85,353.76,54.837,63.977
381.72,353.29,54.837,63.977
382.65,353.76,54.837,63.977
384.05,353.76,54.837,63.977
385.92,353.76,54.837,63.977
387.32,353.29,54.837,63.977
387.79,353.76,54.837,63.977
390.59,354.23,54.837,63.977
392.92,355.16,54.837,63.977
396.65,355.63,54.837,63.977
398.05,356.09,54.837,63.977
400.85,357.03,54.837,63.977
401.79,358.43,54.837,63.977
403.65,359.83,54.837,63.977
405.05,360.29,54.837,63.977
406.92,361.69,54.837,63.977
408.32,362.16,54.837,63.977
409.72,364.03,54.837,63.977
411.59,365.43,54.837,63.977
413.45,366.83,54.837,63.977
414.25,366.12,56.051,65.392
417.12,366.6,56.051,65.392
419.03,367.07,56.051,65.392
421.42,367.55,56.051,65.392
424.77,368.51,56.051,65.392
426.21,369.47,56.051,65.392
429.08,370.9,56.051,65.392
431.47,372.34,56.051,65.392
434.34,374.25,56.051,65.392
436.26,376.16,56.051,65.392
439.13,377.6,56.051,65.392
440.56,379.51,56.051,65.392
442,380.95,56.051,65.392
444.87,382.86,56.051,65.392
446.3,385.25,56.051,65.392
449.17,388.13,56.051,65.392
450.61,389.56,56.051,65.392
451.56,392.91,56.051,65.392
453.48,393.87,56.051,65.392
454.91,395.3,56.051,65.392
457.31,397.69,56.051,65.392
459.7,400.56,56.051,65.392
460.66,402,56.051,65.392
461.61,402.96,56.051,65.392
463.05,404.87,56.051,65.392
464.96,407.74,56.051,65.392
465.92,410.61,56.051,65.392
466.87,412.05,56.051,65.392
467.83,413.96,56.051,65.392
469.27,415.87,56.051,65.392
470.22,418.27,56.051,65.392
471.66,421.62,56.051,65.392
472.14,424.49,56.051,65.392
473.09,428.31,56.051,65.392
474.05,430.23,56.051,65.392
474.53,433.1,56.051,65.392
475.01,436.93,56.051,65.392
475.49,438.84,56.051,65.392
475.49,441.23,56.051,65.392
475.96,445.06,56.051,65.392
476.44,447.45,56.051,65.392
476.92,449.84,56.051,65.392
476.44,453.19,56.051,65.392
476.44,456.06,56.051,65.392
475.96,457.98,56.051,65.392
475.49,460.37,56.051,65.392
474.05,463.24,56.051,65.392
474.05,466.11,56.051,65.392
473.09,468.5,56.051,65.392
472.14,471.37,56.051,65.392
471.18,473.29,56.051,65.392
469.75,475.2,56.051,65.392
467.35,478.07,56.051,65.392
466.87,481.42,56.051,65.392
464,483.81,56.051,65.392
462.09,485.73,56.051,65.392
459.56,487.39,57.291,66.839
456.14,489.35,57.291,66.839
454.53,491.05,58.558,68.318
451.38,491.29,59.854,69.829
447.81,492.82,59.854,69.829
445.77,494.86,59.854,69.829
442.05,494.6,61.178,71.374
439.97,495.12,61.178,71.374
437.88,495.64,61.178,71.374
435.27,495.12,61.178,71.374
433.19,495.12,61.178,71.374
430.58,494.6,61.178,71.374
427.97,493.56,61.178,71.374
426.41,491.99,61.178,71.374
424.84,490.95,61.178,71.374
421.71,489.9,61.178,71.374
420.15,487.82,61.178,71.374
418.58,485.73,61.178,71.374
416.5,483.65,61.178,71.374
414.25,479.21,62.532,72.954
412.65,476.54,62.532,72.954
411.59,473.34,62.532,72.954
410.52,470.67,62.532,72.954
409.99,465.87,62.532,72.954
408.92,463.21,62.532,72.954
408.39,460.01,62.532,72.954
407.7,455.47,63.915,74.568
407.7,451.65,63.915,74.568
407.7,447.83,63.915,74.568
408.24,442.93,63.915,74.568
408.24,439.11,63.915,74.568
408.79,435.3,63.915,74.568
410.42,431.48,63.915,74.568
410.97,427.12,63.915,74.568
413.15,422.21,63.915,74.568
414.24,417.85,63.915,74.568
415.87,412.4,63.915,74.568
418.05,409.68,63.915,74.568
419.69,404.77,63.915,74.568
423.5,399.32,63.915,74.568
425.68,394.96,63.915,74.568
428.41,389.51,63.915,74.568
431.13,386.78,63.915,74.568
433.31,380.79,63.915,74.568
436.04,377.52,63.915,74.568
439.86,373.7,63.915,74.568
442.04,370.97,63.915,74.568
445.99,368.5,62.552,72.977
448.26,367.14,61.218,71.421
451.52,365.3,59.913,69.898
453.56,362.75,59.913,69.898
456.23,361.96,58.635,68.408
458.86,360.19,57.385,66.949
461.42,360.42,56.161,65.521
463.94,361.12,54.963,64.124
465.34,361.12,54.963,64.124
467.22,361.12,54.963,64.124
468.62,362.06,54.963,64.124
469.56,362.99,54.963,64.124
470.97,363.93,54.963,64.124
472.37,365.8,54.963,64.124
473.78,366.74,54.963,64.124
474.71,367.68,54.963,64.124
475.65,369.55,54.963,64.124
476.12,370.96,54.963,64.124
477.53,371.9,54.963,64.124
477.99,374.71,54.963,64.124
478.93,376.11,54.963,64.124
479.4,377.99,54.963,64.124
479.87,379.39,54.963,64.124
479.87,381.74,54.963,64.124
479.87,383.61,54.963,64.124
479.87,385.49,54.963,64.124
479.26,386.18,56.179,65.543
479.74,387.62,56.179,65.543
479.74,388.58,56.179,65.543
479.74,389.53,56.179,65.543
479.74,390.01,56.179,65.543
480.22,389.05,56.179,65.543
480.7,388.58,56.179,65.543
480.22,387.62,56.179,65.543
480.7,386.18,56.179,65.543
480.22,383.79,56.179,65.543
480.22,381.4,56.179,65.543
480.22,379.49,56.179,65.543
480.22,377.09,56.179,65.543
480.22,373.74,56.179,65.543
480.22,370.87,56.179,65.543
480.7,368.96,56.179,65.543
480.7,366.57,56.179,65.543
480.7,365.13,56.179,65.543
480.7,361.31,56.179,65.543
480.7,358.91,56.179,65.543
481.77,355.78,54.981,64.145
481.31,354.38,54.981,64.145
481.77,350.63,54.981,64.145
481.31,347.82,54.981,64.145
481.31,344.07,54.981,64.145
481.31,339.38,54.981,64.145
481.89,338.66,53.809,62.777
481.43,334.53,53.809,62.777
481.89,330.4,53.809,62.777
481.43,326.73,53.809,62.777
481.89,323.52,53.809,62.777
481.89,319.39,53.809,62.777
481.89,315.26,53.809,62.777
481.89,311.13,53.809,62.777
481.89,306.54,53.809,62.777
481.89,303.33,53.809,62.777
482.21,296.67,54.999,64.166
483.15,293.86,54.999,64.166
483.62,289.64,54.999,64.166
484.09,284.96,54.999,64.166
485.03,280.74,54.999,64.166
484.89,276.28,56.216,65.585
485.22,270.29,57.46,67.037
484.59,265.14,58.731,68.52
485.09,262.14,58.731,68.52
485.59,258.64,58.731,68.52
485.44,254.38,60.031,70.036
486.46,252.33,60.031,70.036
486.31,245.93,61.359,71.585
486.83,242.26,61.359,71.585
487.35,240.17,61.359,71.585
488.4,235.98,61.359,71.585
489.45,233.36,61.359,71.585
491.02,230.75,61.359,71.585
492.07,224.99,61.359,71.585
493.64,222.89,61.359,71.585
495.34,221.04,60.05,70.059
496.36,218.48,60.05,70.059
497.51,214.11,58.77,68.565
498.01,213.61,58.77,68.565
499.01,208.11,58.77,68.565
499.51,207.61,58.77,68.565
501.14,205.84,57.516,67.103
501.63,204.37,57.516,67.103
502.12,201.43,57.516,67.103
502.61,200.45,57.516,67.103
503.1,199.47,57.516,67.103
503.1,198,57.516,67.103
503.59,197.02,57.516,67.103
504.08,196.53,57.516,67.103
504.69,197.24,56.29,65.672
504.69,196.28,56.29,65.672
504.69,195.8,56.29,65.672
505.29,196.5,55.09,64.271
505.76,196.5,55.09,64.271
505.76,196.03,55.09,64.271
505.29,195.56,55.09,64.271
505.29,195.1,55.09,64.271
505.88,195.31,53.915,62.9
505.42,195.31,53.915,62.9
506,195.52,52.765,61.559
505.55,195.52,52.765,61.559
505.55,195.52,52.765,61.559
505.1,195.52,52.765,61.559
504.2,195.97,52.765,61.559
503.75,196.42,52.765,61.559
503.3,196.42,52.765,61.559
502.85,196.87,52.765,61.559
502.41,197.77,52.765,61.559
502.41,198.67,52.765,61.559
501.96,199.12,52.765,61.559
502.07,201.12,51.64,60.246
501.19,201.56,51.64,60.246
500.31,202,51.64,60.246
500.86,205.72,50.538,58.962
499.57,206.15,50.538,58.962
499.14,207.01,50.538,58.962
498.28,208.3,50.538,58.962
498.38,211.95,49.461,57.704
497.96,212.79,49.461,57.704
496.7,213.64,49.461,57.704
496.28,215.75,49.461,57.704
495.85,216.17,49.461,57.704
494.59,217.43,49.461,57.704
494.7,220.58,48.406,56.474
494.28,220.99,48.406,56.474
493.46,221.4,48.406,56.474
492.64,223.05,48.406,56.474
492.22,223.46,48.406,56.474
490.99,224.69,48.406,56.474
490.17,225.52,48.406,56.474
489.34,225.93,48.406,56.474
488.52,225.93,48.406,56.474
488.11,225.93,48.406,56.474
487.28,225.93,48.406,56.474
486.46,225.52,48.406,56.474
486.05,224.69,48.406,56.474
485.22,223.87,48.406,56.474
484.81,221.4,48.406,56.474
483.99,220.58,48.406,56.474
483.58,218.93,48.406,56.474
483.58,216.46,48.406,56.474
483.68,215.83,47.374,55.269
483.28,213.4,47.374,55.269
483.78,212.38,46.363,54.091
483.39,210.4,46.363,54.091
482.99,207.62,46.363,54.091
482.99,204.06,46.363,54.091
482.59,202.47,46.363,54.091
481.69,197.52,47.389,55.287
481.69,196.31,47.389,55.287
481.69,193.48,47.389,55.287
480.76,187.62,48.438,56.511
480.64,185.75,49.509,57.761
480.64,181.54,49.509,57.761
480.64,180.69,49.509,57.761
479.67,174.57,50.605,59.039
479.67,172.85,50.605,59.039
479.23,171.12,50.605,59.039
479.23,169.83,50.605,59.039
479.23,168.53,50.605,59.039
479.23,167.24,50.605,59.039
479.23,167.24,50.605,59.039
479.23,167.24,50.605,59.039
478.68,167.45,51.724,60.345
478.1,167.22,52.869,61.68
478.55,170.38,52.869,61.68
479,173.09,52.869,61.68
479.46,177.14,52.869,61.68
480.36,179.85,52.869,61.68
481.26,183.01,52.869,61.68
481.71,187.07,52.869,61.68
482.16,190.22,52.869,61.68
483.06,192.93,52.869,61.68
484.42,197.89,52.869,61.68
486.22,201.5,52.869,61.68
486.54,203.07,54.039,63.045
487.46,208.6,54.039,63.045
487.78,208.82,55.234,64.44
489.67,214.47,55.234,64.44
490.61,217.76,55.234,64.44
492.49,222.94,55.234,64.44
492.82,224.11,56.456,65.866
494.26,228.91,56.456,65.866
496.66,232.28,56.456,65.866
497.62,236.6,56.456,65.866
499.54,239,56.456,65.866
500.99,243.81,56.456,65.866
503.51,247.39,55.252,64.461
506.33,251.16,55.252,64.461
507.74,256.33,55.252,64.461
510.22,258.43,54.074,63.086
512.52,264.88,54.074,63.086
514.36,265.8,54.074,63.086
516.67,269.03,54.074,63.086
518.97,273.64,54.074,63.086
520.35,275.48,54.074,63.086
522.66,278.25,54.074,63.086
525.42,282.39,54.074,63.086
526.92,285.37,52.921,61.741
529.17,287.17,52.921,61.741
530.53,288.98,52.921,61.741
532.78,290.33,52.921,61.741
535.04,292.13,52.921,61.741
537.29,293.04,52.921,61.741
539.21,295.05,51.792,60.424
540.53,295.49,51.792,60.424
542.3,295.93,51.792,60.424
544.5,296.37,51.792,60.424
547.26,297.9,50.688,59.136
549.1,299.39,49.607,57.875
552.06,300.24,49.607,57.875
554.28,301.7,48.549,56.641
555.63,303.96,47.514,55.433
557.35,305.77,46.5,54.251
559.33,306.96,46.5,54.251
560.92,307.75,46.5,54.251
562.11,309.73,46.5,54.251
563.69,310.92,46.5,54.251
566.17,312.68,45.509,53.094
567.43,315.19,44.538,51.961
568.66,317.27,43.589,50.853
570.89,318.38,43.589,50.853
572.09,320.4,42.659,49.769
573.27,322.39,41.749,48.707
574.78,325.03,40.859,47.669
575.83,326.08,40.859,47.669
577.31,329.38,39.988,46.652
578.34,330.06,39.988,46.652
579.02,331.43,39.988,46.652
580.13,335.68,39.135,45.657
581.55,336.83,38.3,44.684
582.61,339.91,37.484,43.731
584.28,341.66,36.684,42.798
585.3,344.92,35.902,41.886
586.22,345.84,35.902,41.886
587.21,348.12,35.136,40.992
588.48,349.46,34.387,40.118
588.85,350.76,33.654,39.263
590.07,353.47,32.936,38.425
590.42,354.44,32.234,37.606
590.49,356.21,31.546,36.804
591.36,357.14,30.874,36.019
591.96,359.37,30.215,35.251
591.96,360.39,30.215,35.251
591.7,360.39,30.215,35.251
592.21,360.65,30.215,35.251
591.7,361.16,30.215,35.251
591.7,362.45,30.215,35.251
591.18,362.45,30.215,35.251
589.9,362.45,30.215,35.251
589.64,362.45,30.215,35.251
589.64,362.45,30.215,35.251
588.87,362.45,30.215,35.251
588.87,362.19,30.215,35.251
588.1,362.45,30.215,35.251
586.56,361.68,30.215,35.251
586.11,361.8,29.571,34.499
584.4,362.17,28.94,33.764
582.98,362.53,28.323,33.044
581.54,361.56,28.323,33.044
580.33,361.08,28.323,33.044
579.12,360.84,28.323,33.044
578.4,359.87,28.323,33.044
578.16,358.67,28.323,33.044
577.2,356.98,28.323,33.044
576.23,355.77,28.323,33.044
575.02,354.33,28.323,33.044
574.3,353.36,28.323,33.044
573.1,352.15,28.323,33.044
571.89,350.71,28.323,33.044
569.3,348.65,27.719,32.339
569.59,348.52,27.128,31.649
567.97,346.21,27.128,31.649
567.8,345.62,26.549,30.974
566.9,343.82,26.549,30.974
566,341.79,26.549,30.974
565.09,340.21,26.549,30.974
564.93,339.64,25.983,30.314
564.04,337.2,25.983,30.314
563.38,336.09,25.983,30.314
562.71,333.88,25.983,30.314
561.16,331.88,25.983,30.314
560.49,330.55,25.983,30.314
559.83,328.34,25.983,30.314
558.06,327.89,25.983,30.314
557.67,325.34,25.429,29.667
557.23,324.25,25.429,29.667
555.71,322.29,25.429,29.667
555.49,320.98,25.429,29.667
554.19,318.81,25.429,29.667
553.32,316.85,25.429,29.667
552.45,315.33,25.429,29.667
551.58,314.45,25.429,29.667
550.92,312.5,25.429,29.667
549.24,311.94,24.887,29.035
549.24,309.61,24.887,29.035
548.39,307.92,24.887,29.035
547.75,306.44,24.887,29.035
546.06,305.8,24.887,29.035
545.64,303.05,24.887,29.035
544.15,302.2,24.887,29.035
543.73,300.29,24.887,29.035
542.67,299.02,24.887,29.035
541.82,296.91,24.887,29.035
540.76,295.42,24.887,29.035
539.92,294.79,24.887,29.035
539.28,291.82,24.887,29.035
538.91,291.07,24.356,28.415
538.08,289,24.356,28.415
537.04,288.16,24.356,28.415
536.21,286.29,24.356,28.415
535.59,284.84,24.356,28.415
535.38,282.55,24.356,28.415
534.76,282.55,24.356,28.415
534.34,280.47,24.356,28.415
533.51,279.02,24.356,28.415
532.88,276.94,24.356,28.415
532.11,276.41,23.837,27.809
531.49,274.37,23.837,27.809
531.09,272.95,23.837,27.809
530.47,272.33,23.837,27.809
530.07,269.68,23.837,27.809
530.12,269.37,23.328,27.216
529.32,267.19,23.328,27.216
528.93,265.41,23.328,27.216
528.14,264.42,23.328,27.216
527.94,262.44,23.328,27.216
527.34,261.25,23.328,27.216
527.15,259.07,23.328,27.216
526.75,257.49,23.328,27.216
526.55,256.5,23.328,27.216
525.96,254.52,23.328,27.216
525.17,253.13,23.328,27.216
524.77,250.75,23.328,27.216
524.97,250.36,23.328,27.216
524.37,247.78,23.328,27.216
524.18,246.59,23.328,27.216
523.78,245.21,23.328,27.216
523.98,243.03,23.328,27.216
523.18,241.64,23.328,27.216
522.99,240.85,23.328,27.216
522.59,239.46,23.328,27.216
522.59,237.29,23.328,27.216
522.13,234.81,23.845,27.819
521.32,234.4,23.845,27.819
521.11,231.95,23.845,27.819
520.91,231.14,23.845,27.819
521.11,228.48,23.845,27.819
520.5,227.67,23.845,27.819
520.76,227.15,23.336,27.225
520.96,225.17,23.336,27.225
520.3,222.69,23.852,27.828
519.89,221.67,23.852,27.828
520.35,221.15,23.344,27.234
519.96,218.78,23.344,27.234
519.56,218.18,23.344,27.234
519.56,215.61,23.344,27.234
519.56,215.01,23.344,27.234
519.36,212.24,23.344,27.234
519.41,212.13,22.846,26.654
518.88,212.03,22.359,26.085
518.69,209.56,22.359,26.085
518.31,208.23,22.359,26.085
518.5,207.47,22.359,26.085
517.93,205.18,22.359,26.085
517.93,204.99,22.359,26.085
517.74,203.28,22.359,26.085
516.98,202.33,22.359,26.085
516.79,200.81,22.359,26.085
516.22,198.34,22.359,26.085
516.22,197.77,22.359,26.085
515.46,195.1,22.359,26.085
514.12,194.34,22.359,26.085
514.12,192.44,22.359,26.085
513.93,191.3,22.359,26.085
512.98,189.4,22.359,26.085
512.6,188.45,22.359,26.085
510.89,187.11,22.359,26.085
510.64,185.3,22.853,26.662
510.06,183.75,22.853,26.662
509.67,183.36,22.853,26.662
507.73,181.81,22.853,26.662
507.54,181.42,22.853,26.662
506.18,179.67,22.853,26.662
505.79,179.48,22.853,26.662
505.34,178.02,23.359,27.252
504.34,177.42,23.359,27.252
503.54,177.02,23.359,27.252
503.34,176.02,23.359,27.252
501.74,175.42,23.359,27.252
501.74,175.22,23.359,27.252
501.54,174.62,23.359,27.252
500.54,174.42,23.359,27.252
500.54,174.02,23.359,27.252
500.34,173.42,23.359,27.252
499.94,173.22,23.359,27.252
499.54,172.82,23.359,27.252
499.74,172.82,23.359,27.252
500.14,172.82,23.359,27.252
500.14,172.82,23.359,27.252
500.14,172.82,23.359,27.252
500.34,172.82,23.359,27.252
500.74,172.82,23.359,27.252
501.34,172.82,23.359,27.252
501.29,172.32,23.876,27.855
501.69,171.71,23.876,27.855
502.31,171.91,23.876,27.855
502.71,172.12,23.876,27.855
503.73,171.91,23.876,27.855
504.34,172.52,23.876,27.855
504.96,172.52,23.876,27.855
505.71,172.22,24.404,28.471
506.27,172.11,24.944,29.101
506.91,172.53,24.944,29.101
508.11,172.63,25.496,29.745
508.55,172.85,25.496,29.745
510.88,172.96,26.06,30.403
511.26,172.84,26.637,31.076
512.17,173.75,26.637,31.076
513.76,174.66,26.637,31.076
514.44,175.8,26.637,31.076
516.94,177.16,26.637,31.076
517.17,179.21,26.637,31.076
518.53,180.35,26.637,31.076
521.32,183.86,26.069,30.413
521.54,184.31,26.069,30.413
522.43,186.3,26.069,30.413
522.8,187.07,26.645,31.086
523.49,189.35,26.645,31.086
525.08,191.39,26.645,31.086
525.53,192.53,26.645,31.086
526.44,193.44,26.645,31.086
527.35,196.63,26.645,31.086
527.81,197.08,26.645,31.086
528.26,199.35,26.645,31.086
529.17,201.4,26.645,31.086
529.63,202.77,26.645,31.086
530.54,203.9,26.645,31.086
531.22,205.72,26.645,31.086
531.68,207.32,26.645,31.086
532.36,210.05,26.645,31.086
532.59,210.95,26.645,31.086
533.04,212.77,26.645,31.086
533.04,213.91,26.645,31.086
533.27,215.5,26.645,31.086
533.49,216.64,26.645,31.086
533.95,218.92,26.645,31.086
533.95,220.28,26.645,31.086
533.95,222.78,26.645,31.086
533.95,223.46,26.645,31.086
533.72,224.83,26.645,31.086
533.49,227.33,26.645,31.086
533.95,228.92,26.645,31.086
533.72,230.06,26.645,31.086
533.27,232.11,26.645,31.086
533.27,233.47,26.645,31.086
533.04,234.38,26.645,31.086
532.36,237.34,26.645,31.086
532.13,238.48,26.645,31.086
531.45,238.93,26.645,31.086
530.99,241.21,26.645,31.086
529.86,243.03,26.645,31.086
528.95,243.94,26.645,31.086
528.26,245.07,26.645,31.086
527.58,246.66,26.645,31.086
526.9,247.35,26.645,31.086
524.85,249.85,26.645,31.086
523.94,250.3,26.645,31.086
522.8,252.12,26.645,31.086
521.67,252.81,26.645,31.086
521.21,253.94,26.645,31.086
519.17,255.76,26.645,31.086
518.03,256.67,26.645,31.086
516.21,257.58,26.645,31.086
514.84,258.72,26.645,31.086
512.8,259.86,26.645,31.086
511.66,261.22,26.645,31.086
510.75,262.81,26.645,31.086
507.79,263.5,26.645,31.086
506.43,263.95,26.645,31.086
505.29,265.77,26.645,31.086
503.02,266.23,26.645,31.086
501.2,267.59,26.645,31.086
499.83,268.05,26.645,31.086
497.1,269.18,26.645,31.086
495.28,270.09,26.645,31.086
493.69,271,26.645,31.086
490.73,271.91,26.645,31.086
488.91,272.59,26.645,31.086
486.87,273.5,26.645,31.086
484.59,274.41,26.645,31.086
483.46,276.23,26.645,31.086
