446.5,267.5,223,281
444.52,269.48,223,281
444.52,269.48,223,281
444.52,267.5,223,281
442.54,267.5,223,281
440.56,265.52,223,281
440.56,265.52,223,281
442.54,263.54,223,281
444.52,263.54,223,281
446.5,261.56,223,281
448.48,261.56,223,281
456.4,261.56,223,281
462.34,265.52,223,281
466.3,269.48,223,281
470.26,273.44,223,281
472.25,273.44,223,281
472.25,273.44,223,281
472.25,273.44,223,281
472.25,275.42,223,281
472.25,277.4,223,281
470.26,281.36,223,281
470.26,285.32,223,281
470.26,289.28,223,281
472.25,295.23,223,281
476.21,297.21,223,281
480.17,299.19,223,281
484.52,304.16,218.24,275.01
488.4,306.1,218.24,275.01
492.28,306.1,218.24,275.01
494.22,306.1,218.24,275.01
496.16,308.04,218.24,275.01
498.1,309.98,218.24,275.01
500.04,311.92,218.24,275.01
501.98,311.92,218.24,275.01
501.98,313.86,218.24,275.01
501.98,315.8,218.24,275.01
501.98,315.8,218.24,275.01
498.1,315.8,218.24,275.01
494.22,317.74,218.24,275.01
494.22,317.74,218.24,275.01
492.28,317.74,218.24,275.01
482.59,317.74,218.24,275.01
476.77,317.74,218.24,275.01
476.77,319.68,218.24,275.01
474.83,319.68,218.24,275.01
472.89,317.74,218.24,275.01
470.95,317.74,218.24,275.01
467.07,317.74,218.24,275.01
465.13,315.8,218.24,275.01
465.13,315.8,218.24,275.01
465.13,315.8,218.24,275.01
463.19,313.86,218.24,275.01
463.19,308.04,218.24,275.01
461.25,304.16,218.24,275.01
461.25,302.22,218.24,275.01
461.25,302.22,218.24,275.01
461.25,302.22,218.24,275.01
459.32,302.22,218.24,275.01
457.38,302.22,218.24,275.01
457.38,302.22,218.24,275.01
455.44,300.28,218.24,275.01
457.38,300.28,218.24,275.01
457.38,300.28,218.24,275.01
457.38,300.28,218.24,275.01
457.38,300.28,218.24,275.01
457.38,300.28,218.24,275.01
457.38,300.28,218.24,275.01
457.38,300.28,218.24,275.01
459.32,300.28,218.24,275.01
461.25,300.28,218.24,275.01
461.25,298.35,218.24,275.01
463.19,294.47,218.24,275.01
465.13,290.59,218.24,275.01
467.07,284.77,218.24,275.01
469.01,280.89,218.24,275.01
470.95,278.95,218.24,275.01
472.89,278.95,218.24,275.01
474.83,278.95,218.24,275.01
478.71,277.01,218.24,275.01
480.65,277.01,218.24,275.01
480.65,277.01,218.24,275.01
482.59,277.01,218.24,275.01
482.59,277.01,218.24,275.01
482.59,275.07,218.24,275.01
482.59,275.07,218.24,275.01
482.59,273.14,218.24,275.01
482.59,269.26,218.24,275.01
478.71,267.32,218.24,275.01
478.71,265.38,218.24,275.01
478.71,263.44,218.24,275.01
476.77,263.44,218.24,275.01
474.83,261.5,218.24,275.01
474.83,261.5,218.24,275.01
472.89,261.5,218.24,275.01
472.89,263.44,218.24,275.01
472.89,265.38,218.24,275.01
472.89,265.38,218.24,275.01
474.83,265.38,218.24,275.01
481.03,270.25,213.59,269.14
477.24,272.15,213.59,269.14
475.34,274.05,213.59,269.14
475.34,272.15,213.59,269.14
479.14,272.15,213.59,269.14
482.93,270.25,213.59,269.14
485.21,275.02,209.04,263.4
479.64,271.3,209.04,263.4
477.78,271.3,209.04,263.4
475.93,273.16,209.04,263.4
479.64,275.02,209.04,263.4
481.5,276.87,209.04,263.4
483.35,278.73,209.04,263.4
481.04,277.67,213.66,269.23
479.14,279.57,213.66,269.23
477.24,281.47,213.66,269.23
475.35,283.37,213.66,269.23
473.45,287.16,213.66,269.23
473.45,289.06,213.66,269.23
473.45,292.86,213.66,269.23
473.45,294.76,213.66,269.23
473.45,296.65,213.66,269.23
473.45,302.35,213.66,269.23
475.35,308.04,213.66,269.23
475.35,315.64,213.66,269.23
477.24,317.53,213.66,269.23
481.42,324.2,209.1,263.49
483.28,329.77,209.1,263.49
485.13,333.48,209.1,263.49
486.99,337.2,209.1,263.49
486.99,339.06,209.1,263.49
486.99,339.06,209.1,263.49
486.99,329.77,209.1,263.49
486.99,324.2,209.1,263.49
494.42,322.34,209.1,263.49
499.99,320.49,209.1,263.49
503.7,316.77,209.1,263.49
507.42,314.92,209.1,263.49
507.42,313.06,209.1,263.49
505.56,313.06,209.1,263.49
501.85,313.06,209.1,263.49
501.85,313.06,209.1,263.49
499.99,313.06,209.1,263.49
498.13,314.92,209.1,263.49
496.28,314.92,209.1,263.49
494.42,316.77,209.1,263.49
492.11,313.86,213.73,269.32
489.74,310.88,218.46,275.28
489.74,310.88,218.46,275.28
491.68,310.88,218.46,275.28
491.68,310.88,218.46,275.28
493.62,310.88,218.46,275.28
497.51,310.88,218.46,275.28
499.45,310.88,218.46,275.28
501.39,310.88,218.46,275.28
505.27,310.88,218.46,275.28
507.21,310.88,218.46,275.28
511.09,310.88,218.46,275.28
511.09,310.88,218.46,275.28
513.04,308.94,218.46,275.28
514.98,308.94,218.46,275.28
514.98,308.94,218.46,275.28
513.04,308.94,218.46,275.28
511.09,308.94,218.46,275.28
509.15,310.88,218.46,275.28
509.15,316.7,218.46,275.28
509.15,322.53,218.46,275.28
509.15,324.47,218.46,275.28
507.21,326.41,218.46,275.28
505.27,328.35,218.46,275.28
503.33,328.35,218.46,275.28
499.45,326.41,218.46,275.28
489.74,324.47,218.46,275.28
483.92,324.47,218.46,275.28
480.04,326.41,218.46,275.28
478.09,326.41,218.46,275.28
474.21,326.41,218.46,275.28
474.21,322.53,218.46,275.28
474.21,320.58,218.46,275.28
474.21,314.76,218.46,275.28
476.15,310.88,218.46,275.28
478.09,305.06,218.46,275.28
483.92,299.23,218.46,275.28
487.8,293.41,218.46,275.28
491.68,289.53,218.46,275.28
497.51,287.58,218.46,275.28
503.33,291.47,218.46,275.28
507.21,297.29,218.46,275.28
513.42,309.93,213.8,269.41
509.62,308.03,213.8,269.41
507.72,308.03,213.8,269.41
507.72,308.03,213.8,269.41
500.12,308.03,213.8,269.41
498.22,308.03,213.8,269.41
498.22,306.13,213.8,269.41
500.12,306.13,213.8,269.41
500.12,308.03,213.8,269.41
502.02,308.03,213.8,269.41
506.2,314.7,209.24,263.66
511.78,316.56,209.24,263.66
519.21,316.56,209.24,263.66
519.21,316.56,209.24,263.66
521.07,314.7,209.24,263.66
522.93,312.85,209.24,263.66
522.93,310.99,209.24,263.66
522.93,309.13,209.24,263.66
530.74,313.8,204.78,258.04
523.46,313.8,204.78,258.04
519.82,313.8,204.78,258.04
521.64,319.26,204.78,258.04
514.36,324.72,204.78,258.04
512.54,331.99,204.78,258.04
508.9,337.45,204.78,258.04
507.09,341.09,204.78,258.04
507.09,342.91,204.78,258.04
505.27,344.73,204.78,258.04
503.45,348.37,204.78,258.04
499.81,352.01,204.78,258.04
499.81,355.65,204.78,258.04
501.63,352.01,204.78,258.04
503.45,350.19,204.78,258.04
503.45,348.37,204.78,258.04
501.63,342.91,204.78,258.04
499.81,337.45,204.78,258.04
499.81,333.81,204.78,258.04
497.99,328.35,204.78,258.04
501.99,327.47,200.41,252.54
503.77,323.91,200.41,252.54
505.55,320.35,200.41,252.54
505.55,318.56,200.41,252.54
503.77,316.78,200.41,252.54
505.55,315,200.41,252.54
509.11,313.22,200.41,252.54
512.67,311.44,200.41,252.54
516.23,309.66,200.41,252.54
516.23,307.88,200.41,252.54
516.23,306.1,200.41,252.54
518.01,304.32,200.41,252.54
523.35,304.32,200.41,252.54
530.48,304.32,200.41,252.54
534.04,304.32,200.41,252.54
537.6,302.54,200.41,252.54
539.38,302.54,200.41,252.54
542.94,302.54,200.41,252.54
546.5,302.54,200.41,252.54
550.06,302.54,200.41,252.54
551.84,302.54,200.41,252.54
553.62,302.54,200.41,252.54
557.18,300.76,200.41,252.54
557.18,300.76,200.41,252.54
558.96,300.76,200.41,252.54
560.74,300.76,200.41,252.54
560.74,300.76,200.41,252.54
564.66,303.45,196.14,247.15
566.4,305.2,196.14,247.15
569.89,303.45,196.14,247.15
569.89,301.71,196.14,247.15
567.72,298.98,200.48,252.62
565.94,298.98,200.48,252.62
564.16,297.2,200.48,252.62
562.38,295.42,200.48,252.62
564.16,295.42,200.48,252.62
564.16,293.64,200.48,252.62
562.38,293.64,200.48,252.62
564.16,293.64,200.48,252.62
560.6,293.64,200.48,252.62
562.38,293.64,200.48,252.62
562.38,291.85,200.48,252.62
562.38,291.85,200.48,252.62
558.82,290.07,200.48,252.62
558.82,290.07,200.48,252.62
560.6,290.07,200.48,252.62
560.6,290.07,200.48,252.62
558.82,290.07,200.48,252.62
558.82,290.07,200.48,252.62
557.04,290.07,200.48,252.62
558.82,288.29,200.48,252.62
557.04,288.29,200.48,252.62
558.82,288.29,200.48,252.62
558.82,286.51,200.48,252.62
557.04,286.51,200.48,252.62
555.26,286.51,200.48,252.62
555.26,284.73,200.48,252.62
555.26,282.95,200.48,252.62
560.96,285.65,196.2,247.23
559.21,282.16,196.2,247.23
557.47,280.42,196.2,247.23
555.73,278.67,196.2,247.23
552.24,278.67,196.2,247.23
553.98,276.93,196.2,247.23
552.24,276.93,196.2,247.23
550.5,275.19,196.2,247.23
548.75,275.19,196.2,247.23
547.01,275.19,196.2,247.23
548.75,273.44,196.2,247.23
548.75,273.44,196.2,247.23
547.01,271.7,196.2,247.23
547.01,269.96,196.2,247.23
545.27,268.22,196.2,247.23
544.84,267.22,200.54,252.7
550.19,267.22,200.54,252.7
544.84,265.44,200.54,252.7
544.84,267.22,200.54,252.7
544.84,269.01,200.54,252.7
546.62,269.01,200.54,252.7
544.84,269.01,200.54,252.7
543.06,269.01,200.54,252.7
546.62,269.01,200.54,252.7
544.84,269.01,200.54,252.7
546.62,269.01,200.54,252.7
548.4,269.01,200.54,252.7
548.4,267.22,200.54,252.7
544.84,265.44,200.54,252.7
546.62,265.44,200.54,252.7
548.4,265.44,200.54,252.7
548.4,265.44,200.54,252.7
548.4,265.44,200.54,252.7
550.19,265.44,200.54,252.7
551.97,263.66,200.54,252.7
551.97,261.88,200.54,252.7
551.97,260.09,200.54,252.7
550.19,260.09,200.54,252.7
550.19,260.09,200.54,252.7
548.4,258.31,200.54,252.7
548.4,258.31,200.54,252.7
546.62,258.31,200.54,252.7
550.19,258.31,200.54,252.7
548.4,258.31,200.54,252.7
550.19,258.31,200.54,252.7
550.19,258.31,200.54,252.7
550.19,258.31,200.54,252.7
548.4,258.31,200.54,252.7
546.62,258.31,200.54,252.7
548.4,258.31,200.54,252.7
544.84,258.31,200.54,252.7
546.62,258.31,200.54,252.7
544.84,258.31,200.54,252.7
546.62,258.31,200.54,252.7
544.84,258.31,200.54,252.7
546.62,258.31,200.54,252.7
548.4,256.53,200.54,252.7
548.4,256.53,200.54,252.7
548.4,254.75,200.54,252.7
546.62,254.75,200.54,252.7
544.84,252.96,200.54,252.7
544.84,252.96,200.54,252.7
544.84,252.96,200.54,252.7
543.06,254.75,200.54,252.7
543.06,254.75,200.54,252.7
539.49,254.75,200.54,252.7
539.49,254.75,200.54,252.7
539.49,254.75,200.54,252.7
539.49,254.75,200.54,252.7
539.49,252.96,200.54,252.7
543.06,252.96,200.54,252.7
541.28,252.96,200.54,252.7
539.49,252.96,200.54,252.7
539.49,252.96,200.54,252.7
537.71,252.96,200.54,252.7
535.93,252.96,200.54,252.7
535.93,251.18,200.54,252.7
535.93,251.18,200.54,252.7
538.07,255.66,196.27,247.31
538.07,257.4,196.27,247.31
539.81,257.4,196.27,247.31
538.07,255.66,196.27,247.31
538.07,253.92,196.27,247.31
538.07,252.17,196.27,247.31
534.58,250.43,196.27,247.31
532.84,250.43,196.27,247.31
534.58,250.43,196.27,247.31
534.58,248.69,196.27,247.31
536.32,250.43,196.27,247.31
536.32,250.43,196.27,247.31
534.58,250.43,196.27,247.31
536.32,250.43,196.27,247.31
538.07,250.43,196.27,247.31
532.84,248.69,196.27,247.31
538.07,250.43,196.27,247.31
531.09,248.69,196.27,247.31
534.58,250.43,196.27,247.31
531.09,248.69,196.27,247.31
531.09,248.69,196.27,247.31
531.09,248.69,196.27,247.31
527.61,246.94,196.27,247.31
522.38,245.2,196.27,247.31
522.38,245.2,196.27,247.31
520.64,243.46,196.27,247.31
518.46,238.98,200.61,252.79
518.46,238.98,200.61,252.79
514.9,238.98,200.61,252.79
522.03,238.98,200.61,252.79
518.46,238.98,200.61,252.79
522.03,238.98,200.61,252.79
522.03,238.98,200.61,252.79
523.81,238.98,200.61,252.79
525.59,238.98,200.61,252.79
527.38,238.98,200.61,252.79
529.16,237.2,200.61,252.79
532.72,235.41,200.61,252.79
525.59,235.41,200.61,252.79
529.16,235.41,200.61,252.79
523.81,235.41,200.61,252.79
523.81,235.41,200.61,252.79
525.59,237.2,200.61,252.79
525.59,237.2,200.61,252.79
525.59,237.2,200.61,252.79
529.16,237.2,200.61,252.79
525.59,237.2,200.61,252.79
529.16,237.2,200.61,252.79
525.59,235.41,200.61,252.79
532.72,237.2,200.61,252.79
529.51,238.11,196.33,247.39
526.03,238.11,196.33,247.39
533,239.85,196.33,247.39
527.77,239.85,196.33,247.39
534.74,239.85,196.33,247.39
529.51,239.85,196.33,247.39
541.72,239.85,196.33,247.39
536.49,241.59,196.33,247.39
539.97,241.59,196.33,247.39
539.97,241.59,196.33,247.39
538.23,248.57,196.33,247.39
549.04,258.18,192.14,242.12
547.33,263.3,192.14,242.12
545.62,273.55,192.14,242.12
545.62,278.67,192.14,242.12
545.62,283.8,192.14,242.12
545.62,288.92,192.14,242.12
545.62,294.04,192.14,242.12
550.75,300.87,192.14,242.12
550.75,304.29,192.14,242.12
557.58,307.71,192.14,242.12
555.87,311.12,192.14,242.12
552.46,312.83,192.14,242.12
559.29,314.54,192.14,242.12
559.29,306,192.14,242.12
557.58,300.87,192.14,242.12
554.16,299.17,192.14,242.12
550.75,299.17,192.14,242.12
547.33,299.17,192.14,242.12
543.92,299.17,192.14,242.12
540.5,299.17,192.14,242.12
537.08,300.87,192.14,242.12
533.67,300.87,192.14,242.12
530.25,300.87,192.14,242.12
526.84,300.87,192.14,242.12
523.42,302.58,192.14,242.12
533.67,300.87,192.14,242.12
545.62,302.58,192.14,242.12
543.92,302.58,192.14,242.12
540.5,300.87,192.14,242.12
542.21,299.17,192.14,242.12
543.92,297.46,192.14,242.12
543.92,294.04,192.14,242.12
543.92,292.33,192.14,242.12
547.33,292.33,192.14,242.12
555.87,294.04,192.14,242.12
555.87,290.63,192.14,242.12
566.12,292.33,192.14,242.12
557.58,292.33,192.14,242.12
567.83,292.33,192.14,242.12
564.41,292.33,192.14,242.12
572.95,292.33,192.14,242.12
571.24,290.63,192.14,242.12
581.49,283.8,192.14,242.12
574.66,276.96,192.14,242.12
588.32,275.26,192.14,242.12
583.2,273.55,192.14,242.12
590.03,270.13,192.14,242.12
586.61,268.42,192.14,242.12
590.03,268.42,192.14,242.12
591.74,268.42,192.14,242.12
591.74,266.72,192.14,242.12
593.44,265.01,192.14,242.12
590.03,263.3,192.14,242.12
593.44,261.59,192.14,242.12
590.03,259.89,192.14,242.12
593.44,259.89,192.14,242.12
590.03,259.89,192.14,242.12
595.15,258.18,192.14,242.12
590.03,258.18,192.14,242.12
593.44,258.18,192.14,242.12
590.03,258.18,192.14,242.12
591.74,258.18,192.14,242.12
593.44,258.18,192.14,242.12
593.44,259.89,192.14,242.12
595.15,259.89,192.14,242.12
596.86,259.89,192.14,242.12
596.86,259.89,192.14,242.12
598.57,259.89,192.14,242.12
598.57,259.89,192.14,242.12
600.27,261.59,192.14,242.12
603.69,261.59,192.14,242.12
600.27,261.59,192.14,242.12
607.11,261.59,192.14,242.12
601.98,261.59,192.14,242.12
607.11,261.59,192.14,242.12
603.69,261.59,192.14,242.12
603.69,261.59,192.14,242.12
603.69,259.89,192.14,242.12
603.69,259.89,192.14,242.12
600.27,259.89,192.14,242.12
600.27,261.59,192.14,242.12
601.98,263.3,192.14,242.12
600.27,263.3,192.14,242.12
598.57,263.3,192.14,242.12
596.86,261.59,192.14,242.12
595.15,259.89,192.14,242.12
595.15,259.89,192.14,242.12
595.15,258.18,192.14,242.12
595.15,256.47,192.14,242.12
595.15,254.76,192.14,242.12
596.86,254.76,192.14,242.12
598.57,253.05,192.14,242.12
598.57,253.05,192.14,242.12
600.27,253.05,192.14,242.12
601.98,251.35,192.14,242.12
601.98,251.35,192.14,242.12
601.98,251.35,192.14,242.12
603.69,249.64,192.14,242.12
605.4,249.64,192.14,242.12
605.4,247.93,192.14,242.12
603.69,246.22,192.14,242.12
603.69,244.51,192.14,242.12
603.69,244.51,192.14,242.12
603.69,244.51,192.14,242.12
603.69,242.81,192.14,242.12
603.69,242.81,192.14,242.12
603.69,242.81,192.14,242.12
603.69,242.81,192.14,242.12
603.69,242.81,192.14,242.12
603.69,242.81,192.14,242.12
603.69,241.1,192.14,242.12
601.98,241.1,192.14,242.12
603.69,241.1,192.14,242.12
603.69,241.1,192.14,242.12
601.98,241.1,192.14,242.12
601.98,241.1,192.14,242.12
603.69,241.1,192.14,242.12
603.69,241.1,192.14,242.12
603.69,241.1,192.14,242.12
603.69,241.1,192.14,242.12
607.11,241.1,192.14,242.12
608.81,242.81,192.14,242.12
608.81,241.1,192.14,242.12
605.4,241.1,192.14,242.12
605.4,241.1,192.14,242.12
607.11,241.1,192.14,242.12
605.4,239.39,192.14,242.12
601.98,239.39,192.14,242.12
600.27,239.39,192.14,242.12
601.98,239.39,192.14,242.12
601.98,239.39,192.14,242.12
601.98,237.68,192.14,242.12
601.98,235.98,192.14,242.12
598.57,234.27,192.14,242.12
598.57,234.27,192.14,242.12
596.86,234.27,192.14,242.12
595.15,232.56,192.14,242.12
593.44,230.85,192.14,242.12
593.44,230.85,192.14,242.12
596.86,230.85,192.14,242.12
593.44,229.14,192.14,242.12
600.27,230.85,192.14,242.12
600.27,230.85,192.14,242.12
600.27,230.85,192.14,242.12
598.57,229.14,192.14,242.12
595.15,229.14,192.14,242.12
598.57,229.14,192.14,242.12
595.15,227.44,192.14,242.12
598.57,227.44,192.14,242.12
598.57,227.44,192.14,242.12
596.86,225.73,192.14,242.12
595.15,224.02,192.14,242.12
600.27,224.02,192.14,242.12
598.57,224.02,192.14,242.12
593.44,224.02,192.14,242.12
593.44,222.31,192.14,242.12
593.44,222.31,192.14,242.12
593.44,222.31,192.14,242.12
591.74,224.02,192.14,242.12
591.74,224.02,192.14,242.12
591.74,224.02,192.14,242.12
591.74,224.02,192.14,242.12
591.74,224.02,192.14,242.12
593.44,224.02,192.14,242.12
595.15,224.02,192.14,242.12
595.15,224.02,192.14,242.12
595.15,224.02,192.14,242.12
595.15,225.73,192.14,242.12
595.15,225.73,192.14,242.12
596.86,225.73,192.14,242.12
596.86,227.44,192.14,242.12
596.86,227.44,192.14,242.12
596.86,227.44,192.14,242.12
596.86,227.44,192.14,242.12
598.57,227.44,192.14,242.12
598.57,227.44,192.14,242.12
598.57,227.44,192.14,242.12
596.86,225.73,192.14,242.12
596.86,225.73,192.14,242.12
596.86,225.73,192.14,242.12
596.86,225.73,192.14,242.12
596.86,224.02,192.14,242.12
596.86,224.02,192.14,242.12
598.57,222.31,192.14,242.12
598.57,220.61,192.14,242.12
598.57,220.61,192.14,242.12
598.57,220.61,192.14,242.12
598.57,220.61,192.14,242.12
600.27,218.9,192.14,242.12
601.98,218.9,192.14,242.12
603.69,218.9,192.14,242.12
603.69,217.19,192.14,242.12
603.69,217.19,192.14,242.12
603.69,217.19,192.14,242.12
603.69,217.19,192.14,242.12
603.69,217.19,192.14,242.12
601.98,217.19,192.14,242.12
600.27,217.19,192.14,242.12
600.27,217.19,192.14,242.12
600.27,217.19,192.14,242.12
600.27,217.19,192.14,242.12
600.27,217.19,192.14,242.12
600.27,217.19,192.14,242.12
600.27,215.48,192.14,242.12
601.98,213.77,192.14,242.12
601.98,213.77,192.14,242.12
601.98,213.77,192.14,242.12
603.69,215.48,192.14,242.12
609.16,216.36,188.05,236.96
607.48,218.03,188.05,236.96
607.48,219.7,188.05,236.96
609.16,221.37,188.05,236.96
609.16,223.04,188.05,236.96
610.83,224.71,188.05,236.96
610.83,224.71,188.05,236.96
612.5,223.04,188.05,236.96
610.83,223.04,188.05,236.96
609.16,223.04,188.05,236.96
609.16,223.04,188.05,236.96
609.16,223.04,188.05,236.96
610.83,223.04,188.05,236.96
614.17,224.71,188.05,236.96
615.84,223.04,188.05,236.96
615.84,223.04,188.05,236.96
615.84,223.04,188.05,236.96
615.84,223.04,188.05,236.96
615.84,221.37,188.05,236.96
614.17,219.7,188.05,236.96
614.17,218.03,188.05,236.96
615.84,218.03,188.05,236.96
615.43,215.4,192.21,242.2
613.3,212.73,196.46,247.56
611.56,210.98,196.46,247.56
609.81,209.24,196.46,247.56
609.81,207.49,196.46,247.56
611.56,205.74,196.46,247.56
613.3,204,196.46,247.56
613.65,204.89,192.27,242.28
610.24,204.89,192.27,242.28
610.24,204.89,192.27,242.28
606.82,203.19,192.27,242.28
601.7,203.19,192.27,242.28
603.4,203.19,192.27,242.28
606.82,203.19,192.27,242.28
608.53,201.48,192.27,242.28
610.24,201.48,192.27,242.28
608.53,201.48,192.27,242.28
608.53,201.48,192.27,242.28
606.82,201.48,192.27,242.28
605.11,201.48,192.27,242.28
603.4,201.48,192.27,242.28
608.53,201.48,192.27,242.28
605.11,201.48,192.27,242.28
605.11,199.77,192.27,242.28
608.53,198.06,192.27,242.28
610.24,198.06,192.27,242.28
611.94,198.06,192.27,242.28
611.94,196.36,192.27,242.28
611.94,196.36,192.27,242.28
613.65,196.36,192.27,242.28
613.65,196.36,192.27,242.28
611.94,194.65,192.27,242.28
610.24,192.94,192.27,242.28
608.53,191.23,192.27,242.28
605.11,191.23,192.27,242.28
599.99,189.52,192.27,242.28
596.57,189.52,192.27,242.28
596.57,189.52,192.27,242.28
596.57,189.52,192.27,242.28
594.86,189.52,192.27,242.28
594.86,191.23,192.27,242.28
594.86,189.52,192.27,242.28
591.45,187.82,192.27,242.28
582.91,182.69,192.27,242.28
579.49,180.98,192.27,242.28
586.33,180.98,192.27,242.28
577.79,180.98,192.27,242.28
586.33,182.69,192.27,242.28
577.79,182.69,192.27,242.28
589.74,184.4,192.27,242.28
581.2,184.4,192.27,242.28
594.86,186.11,192.27,242.28
588.03,186.11,192.27,242.28
584.62,184.4,192.27,242.28
596.57,186.11,192.27,242.28
584.62,186.11,192.27,242.28
599.99,189.52,192.27,242.28
589.74,187.82,192.27,242.28
603.4,191.23,192.27,242.28
591.45,189.52,192.27,242.28
606.82,189.52,192.27,242.28
597.86,185.14,196.52,247.64
606.59,183.39,196.52,247.64
599.61,179.9,196.52,247.64
611.82,181.65,196.52,247.64
609.65,180.65,200.87,253.12
618.57,180.65,200.87,253.12
618.57,182.44,200.87,253.12
623.92,186,200.87,253.12
623.92,189.57,200.87,253.12
625.71,193.14,200.87,253.12
619.92,193.91,205.32,258.72
629.03,197.56,205.32,258.72
634.87,198.49,200.94,253.2
634.87,198.49,200.94,253.2
640.58,199.41,196.65,247.8
642.33,201.15,196.65,247.8
644.08,201.15,196.65,247.8
644.08,201.15,196.65,247.8
642.33,201.15,196.65,247.8
642.33,199.41,196.65,247.8
640.58,197.66,196.65,247.8
634.91,196.67,201,253.28
631.34,196.67,201,253.28
618.84,196.67,201,253.28
613.48,194.88,201,253.28
622.41,194.88,201,253.28
613.48,196.67,201,253.28
622.41,202.03,201,253.28
622.41,203.81,201,253.28
622.41,203.81,201,253.28
622.41,203.81,201,253.28
620.62,203.81,201,253.28
620.18,202.8,205.45,258.89
622.01,204.62,205.45,258.89
625.66,204.62,205.45,258.89
627.49,204.62,205.45,258.89
629.31,206.45,205.45,258.89
631.14,208.27,205.45,258.89
636.61,208.27,205.45,258.89
640.26,208.27,205.45,258.89
638.44,206.45,205.45,258.89
638.44,204.62,205.45,258.89
643.92,204.62,205.45,258.89
638.44,200.97,205.45,258.89
642.09,200.97,205.45,258.89
638.44,195.49,205.45,258.89
640.26,200.97,205.45,258.89
640.26,199.14,205.45,258.89
640.26,197.32,205.45,258.89
637.99,194.46,210,264.62
637.99,196.32,210,264.62
637.99,196.32,210,264.62
637.99,196.32,210,264.62
637.99,196.32,210,264.62
636.13,196.32,210,264.62
636.13,196.32,210,264.62
634.26,196.32,210,264.62
634.26,198.18,210,264.62
634.26,198.18,210,264.62
632.4,196.32,210,264.62
632.4,196.32,210,264.62
630.53,196.32,210,264.62
630.53,194.46,210,264.62
628.67,196.32,210,264.62
630.53,198.18,210,264.62
630.53,200.05,210,264.62
632.4,200.05,210,264.62
632.4,200.05,210,264.62
630.53,200.05,210,264.62
630.53,200.05,210,264.62
630.53,201.91,210,264.62
630.53,201.91,210,264.62
628.67,201.91,210,264.62
628.67,203.78,210,264.62
628.67,203.78,210,264.62
628.67,203.78,210,264.62
626.8,203.78,210,264.62
626.8,203.78,210,264.62
626.8,203.78,210,264.62
624.94,203.78,210,264.62
626.8,203.78,210,264.62
626.8,203.78,210,264.62
624.94,203.78,210,264.62
624.94,203.78,210,264.62
624.94,203.78,210,264.62
624.94,203.78,210,264.62
623.07,203.78,210,264.62
623.07,203.78,210,264.62
621.21,201.91,210,264.62
621.21,201.91,210,264.62
621.21,200.05,210,264.62
621.21,198.18,210,264.62
621.21,198.18,210,264.62
621.21,198.18,210,264.62
621.21,198.18,210,264.62
621.21,196.32,210,264.62
619.34,196.32,210,264.62
615.16,191.53,214.64,270.47
615.16,189.62,214.64,270.47
615.16,187.72,214.64,270.47
613.25,185.81,214.64,270.47
615.16,183.9,214.64,270.47
617.06,182,214.64,270.47
618.97,180.09,214.64,270.47
618.97,178.19,214.64,270.47
618.97,176.28,214.64,270.47
618.97,174.37,214.64,270.47
618.97,172.47,214.64,270.47
618.97,172.47,214.64,270.47
618.97,172.47,214.64,270.47
618.97,172.47,214.64,270.47
618.97,172.47,214.64,270.47
618.97,172.47,214.64,270.47
622.78,172.47,214.64,270.47
624.69,172.47,214.64,270.47
626.59,172.47,214.64,270.47
630.4,170.56,214.64,270.47
632.31,170.56,214.64,270.47
634.22,170.56,214.64,270.47
636.12,170.56,214.64,270.47
639.93,170.56,214.64,270.47
641.84,170.56,214.64,270.47
641.84,170.56,214.64,270.47
636.12,170.56,214.64,270.47
632.31,170.56,214.64,270.47
632.31,170.56,214.64,270.47
634.22,170.56,214.64,270.47
634.22,170.56,214.64,270.47
638.03,170.56,214.64,270.47
639.93,170.56,214.64,270.47
639.93,170.56,214.64,270.47
639.93,170.56,214.64,270.47
639.93,170.56,214.64,270.47
638.03,170.56,214.64,270.47
634.22,168.66,214.64,270.47
632.31,168.66,214.64,270.47
630.4,168.66,214.64,270.47
628.5,168.66,214.64,270.47
624.69,168.66,214.64,270.47
626.59,168.66,214.64,270.47
626.59,168.66,214.64,270.47
628.5,168.66,214.64,270.47
636.12,170.56,214.64,270.47
641.84,170.56,214.64,270.47
639.93,170.56,214.64,270.47
643.75,172.47,214.64,270.47
641.84,172.47,214.64,270.47
643.75,172.47,214.64,270.47
641.84,172.47,214.64,270.47
641.84,174.37,214.64,270.47
641.84,174.37,214.64,270.47
641.84,176.28,214.64,270.47
641.84,176.28,214.64,270.47
643.75,178.19,214.64,270.47
641.84,178.19,214.64,270.47
643.75,180.09,214.64,270.47
641.84,180.09,214.64,270.47
639.93,182,214.64,270.47
641.84,182,214.64,270.47
639.93,182,214.64,270.47
639.93,182,214.64,270.47
639.93,183.9,214.64,270.47
639.93,183.9,214.64,270.47
639.93,183.9,214.64,270.47
639.93,183.9,214.64,270.47
638.03,183.9,214.64,270.47
638.03,183.9,214.64,270.47
638.03,183.9,214.64,270.47
638.03,183.9,214.64,270.47
636.12,183.9,214.64,270.47
634.22,183.9,214.64,270.47
632.31,182,214.64,270.47
630.4,182,214.64,270.47
630.4,183.9,214.64,270.47
632.31,183.9,214.64,270.47
632.31,183.9,214.64,270.47
632.31,183.9,214.64,270.47
632.31,183.9,214.64,270.47
632.31,183.9,214.64,270.47
632.31,183.9,214.64,270.47
632.31,182,214.64,270.47
632.31,182,214.64,270.47
632.31,182,214.64,270.47
632.31,182,214.64,270.47
632.31,182,214.64,270.47
632.31,182,214.64,270.47
634.22,182,214.64,270.47
634.22,182,214.64,270.47
632.31,183.9,214.64,270.47
632.31,183.9,214.64,270.47
630.4,183.9,214.64,270.47
630.4,183.9,214.64,270.47
628.5,183.9,214.64,270.47
628.5,183.9,214.64,270.47
626.59,183.9,214.64,270.47
626.59,185.81,214.64,270.47
628.5,185.81,214.64,270.47
628.5,185.81,214.64,270.47
626.59,185.81,214.64,270.47
626.59,185.81,214.64,270.47
624.69,185.81,214.64,270.47
624.69,185.81,214.64,270.47
624.69,187.72,214.64,270.47
624.69,187.72,214.64,270.47
624.69,187.72,214.64,270.47
622.78,187.72,214.64,270.47
622.78,187.72,214.64,270.47
617.06,189.62,214.64,270.47
613.25,189.62,214.64,270.47
607.53,189.62,214.64,270.47
605.63,191.53,214.64,270.47
605.63,191.53,214.64,270.47
603.72,193.43,214.64,270.47
598,197.25,214.64,270.47
596.1,199.15,214.64,270.47
592.29,201.06,214.64,270.47
586.57,202.96,214.64,270.47
584.66,204.87,214.64,270.47
582.76,208.68,214.64,270.47
580.85,212.49,214.64,270.47
569.42,214.4,214.64,270.47
567.51,216.3,214.64,270.47
565.6,216.3,214.64,270.47
561.79,218.21,214.64,270.47
557.98,220.12,214.64,270.47
554.17,220.12,214.64,270.47
552.26,220.12,214.64,270.47
546.55,220.12,214.64,270.47
546.55,220.12,214.64,270.47
540.83,218.21,214.64,270.47
540.83,218.21,214.64,270.47
537.02,216.3,214.64,270.47
535.11,214.4,214.64,270.47
533.2,212.49,214.64,270.47
533.2,210.59,214.64,270.47
531.3,206.77,214.64,270.47
531.3,204.87,214.64,270.47
531.3,202.96,214.64,270.47
531.3,199.15,214.64,270.47
533.2,195.34,214.64,270.47
538.92,187.72,214.64,270.47
544.64,183.9,214.64,270.47
548.45,182,214.64,270.47
552.26,180.09,214.64,270.47
554.17,178.19,214.64,270.47
556.07,176.28,214.64,270.47
559.89,172.47,214.64,270.47
565.6,170.56,214.64,270.47
571.32,168.66,214.64,270.47
575.13,166.75,214.64,270.47
577.04,164.85,214.64,270.47
578.95,164.85,214.64,270.47
580.85,162.94,214.64,270.47
582.76,162.94,214.64,270.47
584.66,162.94,214.64,270.47
584.66,162.94,214.64,270.47
584.66,162.94,214.64,270.47
586.57,162.94,214.64,270.47
586.57,162.94,214.64,270.47
588.47,162.94,214.64,270.47
588.47,162.94,214.64,270.47
590.38,162.94,214.64,270.47
586.57,162.94,214.64,270.47
584.66,162.94,214.64,270.47
582.76,162.94,214.64,270.47
578.95,164.85,214.64,270.47
578.95,164.85,214.64,270.47
577.04,164.85,214.64,270.47
569.42,166.75,214.64,270.47
561.79,168.66,214.64,270.47
556.07,168.66,214.64,270.47
550.36,168.66,214.64,270.47
544.64,168.66,214.64,270.47
542.73,168.66,214.64,270.47
540.83,168.66,214.64,270.47
538.92,168.66,214.64,270.47
538.92,168.66,214.64,270.47
537.02,168.66,214.64,270.47
537.02,166.75,214.64,270.47
535.11,166.75,214.64,270.47
533.2,164.85,214.64,270.47
531.3,164.85,214.64,270.47
531.3,162.94,214.64,270.47
531.3,162.94,214.64,270.47
533.2,162.94,214.64,270.47
535.11,164.85,214.64,270.47
535.11,166.75,214.64,270.47
537.02,166.75,214.64,270.47
538.92,166.75,214.64,270.47
542.73,166.75,214.64,270.47
544.64,166.75,214.64,270.47
546.55,166.75,214.64,270.47
546.55,166.75,214.64,270.47
542.73,166.75,214.64,270.47
542.73,166.75,214.64,270.47
542.73,166.75,214.64,270.47
542.73,164.85,214.64,270.47
540.83,164.85,214.64,270.47
544.64,162.94,214.64,270.47
535.11,161.03,214.64,270.47
538.45,158.04,219.39,276.45
534.08,154.98,224.25,282.57
536.07,154.98,224.25,282.57
534.08,154.98,224.25,282.57
529.6,151.86,229.21,288.82
529.1,148.66,234.28,295.21
533.26,148.66,234.28,295.21
526.51,145.4,239.46,301.74
532.89,145.4,239.46,301.74
520.13,145.4,239.46,301.74
530.77,149.65,239.46,301.74
517.48,146.31,244.76,308.42
519.12,145.08,250.18,315.24
516.35,141.59,255.71,322.22
513.53,138.02,261.37,329.35
510.63,134.38,267.15,336.63
515.38,136.75,267.15,336.63
515.38,136.75,267.15,336.63
512.42,133.03,273.06,344.08
505.15,130.6,273.06,344.08
504.55,126.8,279.1,351.7
503.94,125.39,285.28,359.48
506.48,125.39,285.28,359.48
506.48,127.92,285.28,359.48
505.85,123.94,291.59,367.43
508.44,123.94,291.59,367.43
513.62,123.94,291.59,367.43
508.44,121.35,291.59,367.43
512.99,117.29,298.04,375.56
512.34,113.13,304.64,383.87
520.46,113.13,304.64,383.87
508.97,111.59,311.38,392.36
506.2,111.59,311.38,392.36
508.97,111.59,311.38,392.36
502.76,107.25,318.27,401.04
505.58,104.42,318.27,401.04
493.58,99.987,325.31,409.92
501.54,95.452,332.5,418.99
489.73,95.452,332.5,418.99
498.59,95.452,332.5,418.99
489.73,95.452,332.5,418.99
497.87,90.817,339.86,428.26
475.99,86.08,347.38,437.73
488.33,86.08,347.38,437.73
469.82,82.994,347.38,437.73
475.99,82.994,347.38,437.73
488.33,82.994,347.38,437.73
463.64,79.907,347.38,437.73
485.25,79.907,347.38,437.73
463.64,76.821,347.38,437.73
475.99,76.821,347.38,437.73
463.64,76.821,347.38,437.73
469.82,76.821,347.38,437.73
463.64,76.821,347.38,437.73
466.73,76.821,347.38,437.73
456.71,75.065,355.07,447.42
463.02,78.22,355.07,447.42
466.18,78.22,355.07,447.42
466.18,81.375,355.07,447.42
472.49,81.375,355.07,447.42
478.8,84.53,355.07,447.42
478.8,84.53,355.07,447.42
481.95,84.53,355.07,447.42
478.8,84.53,355.07,447.42
481.95,84.53,355.07,447.42
481.95,87.684,355.07,447.42
481.95,90.839,355.07,447.42
478.8,90.839,355.07,447.42
478.8,90.839,355.07,447.42
478.8,93.994,355.07,447.42
478.8,93.994,355.07,447.42
475.64,97.149,355.07,447.42
478.8,97.149,355.07,447.42
478.8,97.149,355.07,447.42
478.8,97.149,355.07,447.42
485.11,100.3,355.07,447.42
481.95,100.3,355.07,447.42
494.57,103.46,355.07,447.42
485.11,103.46,355.07,447.42
497.73,103.46,355.07,447.42
491.42,103.46,355.07,447.42
497.73,103.46,355.07,447.42
494.57,106.61,355.07,447.42
500.88,109.77,355.07,447.42
497.73,112.92,355.07,447.42
500.88,112.92,355.07,447.42
500.88,116.08,355.07,447.42
500.88,116.08,355.07,447.42
500.88,116.08,355.07,447.42
504.04,116.08,355.07,447.42
504.04,116.08,355.07,447.42
500.88,116.08,355.07,447.42
500.88,116.08,355.07,447.42
497.73,116.08,355.07,447.42
494.57,116.08,355.07,447.42
488.26,116.08,355.07,447.42
485.11,116.08,355.07,447.42
481.95,116.08,355.07,447.42
495.2,117.69,347.49,437.87
482.86,111.52,347.49,437.87
485.94,105.35,347.49,437.87
482.86,99.177,347.49,437.87
495.82,100.76,340.08,428.54
495.82,97.738,340.08,428.54
498.84,97.738,340.08,428.54
498.84,94.716,340.08,428.54
501.87,94.716,340.08,428.54
498.84,91.695,340.08,428.54
498.84,88.673,340.08,428.54
498.84,85.651,340.08,428.54
498.84,85.651,340.08,428.54
498.84,82.63,340.08,428.54
495.82,79.608,340.08,428.54
492.8,76.587,340.08,428.54
489.78,73.565,340.08,428.54
483.74,70.544,340.08,428.54
501.87,70.544,340.08,428.54
498.84,67.522,340.08,428.54
510.93,67.522,340.08,428.54
513.95,67.522,340.08,428.54
526.04,67.522,340.08,428.54
516.97,67.522,340.08,428.54
535.1,67.522,340.08,428.54
529.06,67.522,340.08,428.54
535.1,67.522,340.08,428.54
532.08,64.5,340.08,428.54
535.1,64.5,340.08,428.54
535.1,64.5,340.08,428.54
535.1,64.5,340.08,428.54
535.1,64.5,340.08,428.54
535.1,67.522,340.08,428.54
532.08,67.522,340.08,428.54
526.04,70.544,340.08,428.54
547.19,70.544,340.08,428.54
538.12,70.544,340.08,428.54
526.04,70.544,340.08,428.54
513.95,70.544,340.08,428.54
504.89,73.565,340.08,428.54
520,79.608,340.08,428.54
516.97,85.651,340.08,428.54
529.06,91.695,340.08,428.54
532.08,94.716,340.08,428.54
532.08,97.738,340.08,428.54
532.08,100.76,340.08,428.54
532.08,103.78,340.08,428.54
532.08,106.8,340.08,428.54
532.08,106.8,340.08,428.54
532.08,109.82,340.08,428.54
532.08,109.82,340.08,428.54
532.08,109.82,340.08,428.54
532.08,112.85,340.08,428.54
532.08,112.85,340.08,428.54
535.1,115.87,340.08,428.54
535.1,115.87,340.08,428.54
535.1,115.87,340.08,428.54
532.08,115.87,340.08,428.54
526.04,115.87,340.08,428.54
544.17,118.89,340.08,428.54
544.17,121.91,340.08,428.54
544.17,121.91,340.08,428.54
544.17,121.91,340.08,428.54
541.15,121.91,340.08,428.54
538.12,121.91,340.08,428.54
535.1,118.89,340.08,428.54
532.08,115.87,340.08,428.54
523.02,115.87,340.08,428.54
535.1,115.87,340.08,428.54
532.08,115.87,340.08,428.54
532.08,115.87,340.08,428.54
532.08,112.85,340.08,428.54
528.32,102.06,347.61,438.02
528.32,92.797,347.61,438.02
528.32,89.709,347.61,438.02
515.97,83.532,347.61,438.02
543.76,80.444,347.61,438.02
531.41,77.356,347.61,438.02
568.47,77.356,347.61,438.02
549.94,74.268,347.61,438.02
593.17,74.268,347.61,438.02
596.26,74.268,347.61,438.02
599.35,74.268,347.61,438.02
620.97,71.179,347.61,438.02
605.53,68.091,347.61,438.02
639.5,68.091,347.61,438.02
617.88,71.179,347.61,438.02
633.32,92.797,347.61,438.02
608.61,95.885,347.61,438.02
633.32,105.15,347.61,438.02
617.12,103.39,355.3,447.71
642.38,109.71,355.3,447.71
632.91,109.71,355.3,447.71
629.75,112.86,355.3,447.71
617.12,112.86,355.3,447.71
601.34,112.86,355.3,447.71
588.71,112.86,355.3,447.71
572.15,107.91,363.16,457.61
575.38,107.91,363.16,457.61
571.36,106.07,371.2,467.74
574.66,112.67,371.2,467.74
571.36,122.56,371.2,467.74
574.66,132.46,371.2,467.74
581.25,142.35,371.2,467.74
584.55,148.95,371.2,467.74
584.55,155.54,371.2,467.74
587.85,158.84,371.2,467.74
594.45,162.14,371.2,467.74
601.04,165.44,371.2,467.74
604.34,168.74,371.2,467.74
610.94,172.03,371.2,467.74
614.23,172.03,371.2,467.74
620.83,172.03,371.2,467.74
627.43,172.03,371.2,467.74
637.32,172.03,371.2,467.74
647.21,175.33,371.2,467.74
653.81,175.33,371.2,467.74
663.7,175.33,371.2,467.74
667,175.33,371.2,467.74
673.6,172.03,371.2,467.74
690.75,173.72,363.28,457.76
693.98,170.5,363.28,457.76
697.2,160.81,363.28,457.76
700.43,157.59,363.28,457.76
706.89,151.13,363.28,457.76
710.11,147.9,363.28,457.76
716.57,141.45,363.28,457.76
719.8,138.22,363.28,457.76
726.25,134.99,363.28,457.76
729.48,131.77,363.28,457.76
732.71,128.54,363.28,457.76
735.93,125.31,363.28,457.76
742.39,122.08,363.28,457.76
745.62,122.08,363.28,457.76
745.62,122.08,363.28,457.76
745.62,122.08,363.28,457.76
748.84,122.08,363.28,457.76
752.07,122.08,363.28,457.76
765.63,126.97,355.53,448
759.31,123.81,355.53,448
769.42,131.74,347.95,438.45
769.42,131.74,347.95,438.45
772.51,131.74,347.95,438.45
772.51,131.74,347.95,438.45
772.51,131.74,347.95,438.45
772.51,131.74,347.95,438.45
772.51,131.74,347.95,438.45
772.51,131.74,347.95,438.45
772.51,134.83,347.95,438.45
772.51,137.92,347.95,438.45
772.51,137.92,347.95,438.45
772.51,137.92,347.95,438.45
772.51,141.01,347.95,438.45
772.51,141.01,347.95,438.45
772.51,144.1,347.95,438.45
775.6,147.19,347.95,438.45
769.42,150.28,347.95,438.45
772.51,153.37,347.95,438.45
775.6,153.37,347.95,438.45
769.42,156.46,347.95,438.45
766.33,156.46,347.95,438.45
760.15,156.46,347.95,438.45
757.06,159.55,347.95,438.45
757.06,159.55,347.95,438.45
757.06,162.64,347.95,438.45
760.15,162.64,347.95,438.45
760.15,162.64,347.95,438.45
760.15,162.64,347.95,438.45
760.15,162.64,347.95,438.45
760.15,162.64,347.95,438.45
760.15,162.64,347.95,438.45
757.06,162.64,347.95,438.45
757.06,162.64,347.95,438.45
753.97,165.73,347.95,438.45
750.88,168.82,347.95,438.45
744.7,168.82,347.95,438.45
741.61,168.82,347.95,438.45
741.61,168.82,347.95,438.45
738.52,168.82,347.95,438.45
738.52,168.82,347.95,438.45
735.42,168.82,347.95,438.45
735.42,168.82,347.95,438.45
735.42,168.82,347.95,438.45
735.42,168.82,347.95,438.45
735.42,168.82,347.95,438.45
732.33,168.82,347.95,438.45
732.33,168.82,347.95,438.45
732.33,168.82,347.95,438.45
732.33,168.82,347.95,438.45
732.33,171.91,347.95,438.45
732.33,171.91,347.95,438.45
732.33,171.91,347.95,438.45
729.24,171.91,347.95,438.45
729.24,175.01,347.95,438.45
729.24,175.01,347.95,438.45
729.24,175.01,347.95,438.45
729.24,175.01,347.95,438.45
729.24,175.01,347.95,438.45
729.24,178.1,347.95,438.45
726.15,178.1,347.95,438.45
726.15,178.1,347.95,438.45
723.06,178.1,347.95,438.45
723.06,178.1,347.95,438.45
723.06,178.1,347.95,438.45
723.06,178.1,347.95,438.45
723.06,178.1,347.95,438.45
723.06,178.1,347.95,438.45
723.06,181.19,347.95,438.45
723.06,181.19,347.95,438.45
723.06,181.19,347.95,438.45
726.15,181.19,347.95,438.45
726.15,181.19,347.95,438.45
723.06,181.19,347.95,438.45
723.06,178.1,347.95,438.45
723.06,178.1,347.95,438.45
723.06,178.1,347.95,438.45
723.06,178.1,347.95,438.45
723.06,178.1,347.95,438.45
719.97,178.1,347.95,438.45
716.88,178.1,347.95,438.45
716.88,178.1,347.95,438.45
716.88,178.1,347.95,438.45
716.88,178.1,347.95,438.45
716.88,178.1,347.95,438.45
716.88,178.1,347.95,438.45
713.79,178.1,347.95,438.45
713.79,178.1,347.95,438.45
716.88,178.1,347.95,438.45
719.97,178.1,347.95,438.45
723.06,181.19,347.95,438.45
723.06,181.19,347.95,438.45
723.06,181.19,347.95,438.45
723.06,181.19,347.95,438.45
723.06,181.19,347.95,438.45
723.06,181.19,347.95,438.45
723.06,181.19,347.95,438.45
719.97,181.19,347.95,438.45
719.97,181.19,347.95,438.45
719.97,181.19,347.95,438.45
719.97,181.19,347.95,438.45
716.88,181.19,347.95,438.45
716.88,181.19,347.95,438.45
716.88,181.19,347.95,438.45
716.88,181.19,347.95,438.45
716.88,181.19,347.95,438.45
716.88,181.19,347.95,438.45
716.88,181.19,347.95,438.45
716.88,181.19,347.95,438.45
716.88,181.19,347.95,438.45
713.79,181.19,347.95,438.45
713.79,181.19,347.95,438.45
713.79,181.19,347.95,438.45
713.79,181.19,347.95,438.45
713.79,181.19,347.95,438.45
710.7,184.28,347.95,438.45
707.61,184.28,347.95,438.45
704.52,184.28,347.95,438.45
707.61,184.28,347.95,438.45
707.61,184.28,347.95,438.45
707.61,184.28,347.95,438.45
704.52,184.28,347.95,438.45
704.52,184.28,347.95,438.45
704.52,184.28,347.95,438.45
704.52,184.28,347.95,438.45
704.52,184.28,347.95,438.45
704.52,184.28,347.95,438.45
704.52,184.28,347.95,438.45
701.43,184.28,347.95,438.45
701.43,184.28,347.95,438.45
701.43,184.28,347.95,438.45
701.43,184.28,347.95,438.45
701.43,184.28,347.95,438.45
701.43,184.28,347.95,438.45
701.43,184.28,347.95,438.45
701.43,184.28,347.95,438.45
701.43,184.28,347.95,438.45
701.43,184.28,347.95,438.45
698.34,184.28,347.95,438.45
698.34,184.28,347.95,438.45
698.34,184.28,347.95,438.45
698.34,187.37,347.95,438.45
698.34,187.37,347.95,438.45
698.34,190.46,347.95,438.45
694.49,188.7,355.65,448.15
694.49,188.7,355.65,448.15
694.49,188.7,355.65,448.15
694.49,191.85,355.65,448.15
694.49,191.85,355.65,448.15
694.49,191.85,355.65,448.15
697.65,191.85,355.65,448.15
697.65,191.85,355.65,448.15
697.65,191.85,355.65,448.15
697.65,195.01,355.65,448.15
697.65,195.01,355.65,448.15
700.81,195.01,355.65,448.15
700.81,195.01,355.65,448.15
700.81,195.01,355.65,448.15
703.97,195.01,355.65,448.15
703.97,195.01,355.65,448.15
703.97,195.01,355.65,448.15
703.97,195.01,355.65,448.15
707.13,195.01,355.65,448.15
707.13,195.01,355.65,448.15
707.13,195.01,355.65,448.15
710.29,195.01,355.65,448.15
707.13,198.17,355.65,448.15
710.29,198.17,355.65,448.15
710.29,198.17,355.65,448.15
710.29,198.17,355.65,448.15
710.29,198.17,355.65,448.15
710.29,198.17,355.65,448.15
710.29,198.17,355.65,448.15
707.13,198.17,355.65,448.15
703.97,198.17,355.65,448.15
703.97,198.17,355.65,448.15
700.81,198.17,355.65,448.15
697.65,195.01,355.65,448.15
697.65,195.01,355.65,448.15
694.49,195.01,355.65,448.15
694.49,195.01,355.65,448.15
691.33,191.85,355.65,448.15
688.18,188.7,355.65,448.15
688.18,185.54,355.65,448.15
681.86,179.22,355.65,448.15
688.18,172.9,355.65,448.15
678.7,169.74,355.65,448.15
669.22,166.58,355.65,448.15
669.22,166.58,355.65,448.15
662.91,163.43,355.65,448.15
666.06,163.43,355.65,448.15
656.59,163.43,355.65,448.15
659.75,163.43,355.65,448.15
650.27,163.43,355.65,448.15
650.27,166.58,355.65,448.15
643.95,166.58,355.65,448.15
640.79,166.58,355.65,448.15
640.79,169.74,355.65,448.15
637.63,169.74,355.65,448.15
634.48,169.74,355.65,448.15
634.48,169.74,355.65,448.15
634.48,169.74,355.65,448.15
634.48,169.74,355.65,448.15
637.63,169.74,355.65,448.15
637.63,169.74,355.65,448.15
640.79,169.74,355.65,448.15
640.79,169.74,355.65,448.15
643.95,169.74,355.65,448.15
647.11,172.9,355.65,448.15
647.11,172.9,355.65,448.15
647.11,172.9,355.65,448.15
650.27,172.9,355.65,448.15
653.43,172.9,355.65,448.15
653.43,172.9,355.65,448.15
656.59,176.06,355.65,448.15
656.59,176.06,355.65,448.15
656.59,176.06,355.65,448.15
656.59,176.06,355.65,448.15
656.59,176.06,355.65,448.15
659.75,176.06,355.65,448.15
662.91,176.06,355.65,448.15
666.06,172.9,355.65,448.15
666.06,169.74,355.65,448.15
666.06,169.74,355.65,448.15
666.06,166.58,355.65,448.15
666.06,166.58,355.65,448.15
666.06,166.58,355.65,448.15
666.06,166.58,355.65,448.15
669.22,166.58,355.65,448.15
666.06,166.58,355.65,448.15
672.38,166.58,355.65,448.15
669.22,166.58,355.65,448.15
672.38,166.58,355.65,448.15
675.54,166.58,355.65,448.15
678.7,163.43,355.65,448.15
678.7,163.43,355.65,448.15
685.02,163.43,355.65,448.15
681.86,163.43,355.65,448.15
685.02,163.43,355.65,448.15
685.02,163.43,355.65,448.15
681.86,160.27,355.65,448.15
681.86,160.27,355.65,448.15
681.86,160.27,355.65,448.15
681.86,160.27,355.65,448.15
681.86,157.11,355.65,448.15
685.02,157.11,355.65,448.15
685.02,157.11,355.65,448.15
685.02,157.11,355.65,448.15
685.02,157.11,355.65,448.15
685.02,153.95,355.65,448.15
685.02,153.95,355.65,448.15
685.02,153.95,355.65,448.15
685.02,153.95,355.65,448.15
685.02,153.95,355.65,448.15
685.02,153.95,355.65,448.15
685.02,153.95,355.65,448.15
688.18,153.95,355.65,448.15
688.18,153.95,355.65,448.15
688.18,153.95,355.65,448.15
688.18,153.95,355.65,448.15
685.02,157.11,355.65,448.15
691.33,160.27,355.65,448.15
685.02,163.43,355.65,448.15
691.33,166.58,355.65,448.15
688.18,172.9,355.65,448.15
688.18,176.06,355.65,448.15
688.18,182.38,355.65,448.15
688.18,185.54,355.65,448.15
688.18,188.7,355.65,448.15
685.02,191.85,355.65,448.15
688.18,198.17,355.65,448.15
688.18,201.33,355.65,448.15
691.33,207.65,355.65,448.15
691.33,210.81,355.65,448.15
691.33,217.13,355.65,448.15
694.49,220.28,355.65,448.15
694.49,226.6,355.65,448.15
691.33,229.76,355.65,448.15
691.33,232.92,355.65,448.15
691.33,236.08,355.65,448.15
691.33,239.24,355.65,448.15
688.18,242.4,355.65,448.15
685.02,242.4,355.65,448.15
685.02,245.55,355.65,448.15
688.18,245.55,355.65,448.15
688.18,248.71,355.65,448.15
685.02,251.87,355.65,448.15
681.86,251.87,355.65,448.15
678.7,251.87,355.65,448.15
675.54,251.87,355.65,448.15
672.38,251.87,355.65,448.15
672.38,255.03,355.65,448.15
669.22,255.03,355.65,448.15
669.22,255.03,355.65,448.15
666.06,255.03,355.65,448.15
672.38,255.03,355.65,448.15
666.06,255.03,355.65,448.15
669.22,255.03,355.65,448.15
666.06,255.03,355.65,448.15
669.22,251.87,355.65,448.15
666.06,251.87,355.65,448.15
666.06,248.71,355.65,448.15
662.91,248.71,355.65,448.15
659.75,245.55,355.65,448.15
656.59,245.55,355.65,448.15
653.43,242.4,355.65,448.15
653.43,242.4,355.65,448.15
650.27,242.4,355.65,448.15
650.27,245.55,355.65,448.15
647.11,245.55,355.65,448.15
647.11,245.55,355.65,448.15
647.11,245.55,355.65,448.15
643.95,248.71,355.65,448.15
647.11,248.71,355.65,448.15
643.95,248.71,355.65,448.15
643.95,251.87,355.65,448.15
643.95,251.87,355.65,448.15
640.79,251.87,355.65,448.15
647.11,255.03,355.65,448.15
647.11,255.03,355.65,448.15
647.11,255.03,355.65,448.15
647.11,255.03,355.65,448.15
643.95,255.03,355.65,448.15
647.11,255.03,355.65,448.15
647.11,255.03,355.65,448.15
647.11,258.19,355.65,448.15
647.11,258.19,355.65,448.15
650.27,258.19,355.65,448.15
647.11,258.19,355.65,448.15
650.27,258.19,355.65,448.15
650.27,258.19,355.65,448.15
650.27,258.19,355.65,448.15
647.11,258.19,355.65,448.15
650.27,258.19,355.65,448.15
647.11,258.19,355.65,448.15
650.27,258.19,355.65,448.15
647.11,258.19,355.65,448.15
650.27,258.19,355.65,448.15
650.27,258.19,355.65,448.15
653.43,255.03,355.65,448.15
662.91,248.71,355.65,448.15
669.22,242.4,355.65,448.15
669.22,239.24,355.65,448.15
672.38,239.24,355.65,448.15
672.38,236.08,355.65,448.15
672.38,236.08,355.65,448.15
672.38,236.08,355.65,448.15
672.38,236.08,355.65,448.15
672.38,236.08,355.65,448.15
669.22,236.08,355.65,448.15
666.06,236.08,355.65,448.15
662.91,236.08,355.65,448.15
659.75,236.08,355.65,448.15
656.59,236.08,355.65,448.15
653.43,236.08,355.65,448.15
650.27,236.08,355.65,448.15
643.95,236.08,355.65,448.15
637.63,236.08,355.65,448.15
631.32,236.08,355.65,448.15
625,239.24,355.65,448.15
621.84,239.24,355.65,448.15
615.52,239.24,355.65,448.15
606.05,239.24,355.65,448.15
602.89,242.4,355.65,448.15
599.73,242.4,355.65,448.15
596.57,242.4,355.65,448.15
593.41,242.4,355.65,448.15
593.41,242.4,355.65,448.15
593.41,239.24,355.65,448.15
593.41,239.24,355.65,448.15
587.09,236.08,355.65,448.15
587.09,236.08,355.65,448.15
583.93,236.08,355.65,448.15
580.78,236.08,355.65,448.15
577.62,239.24,355.65,448.15
574.46,239.24,355.65,448.15
571.3,239.24,355.65,448.15
568.14,239.24,355.65,448.15
564.98,239.24,355.65,448.15
564.98,239.24,355.65,448.15
561.82,236.08,355.65,448.15
555.51,232.92,355.65,448.15
552.35,232.92,355.65,448.15
549.19,232.92,355.65,448.15
546.03,232.92,355.65,448.15
542.87,232.92,355.65,448.15
539.71,232.92,355.65,448.15
536.55,229.76,355.65,448.15
533.39,229.76,355.65,448.15
533.39,229.76,355.65,448.15
527.08,229.76,355.65,448.15
523.92,229.76,355.65,448.15
520.76,229.76,355.65,448.15
517.6,226.6,355.65,448.15
514.44,226.6,355.65,448.15
511.28,226.6,355.65,448.15
508.12,226.6,355.65,448.15
508.12,226.6,355.65,448.15
508.12,226.6,355.65,448.15
504.96,226.6,355.65,448.15
508.12,226.6,355.65,448.15
504.96,226.6,355.65,448.15
498.65,223.44,355.65,448.15
504.96,223.44,355.65,448.15
504.96,223.44,355.65,448.15
504.96,223.44,355.65,448.15
508.12,223.44,355.65,448.15
504.96,223.44,355.65,448.15
504.96,223.44,355.65,448.15
501.81,223.44,355.65,448.15
501.81,226.6,355.65,448.15
498.65,226.6,355.65,448.15
498.65,226.6,355.65,448.15
495.49,226.6,355.65,448.15
495.49,226.6,355.65,448.15
495.49,226.6,355.65,448.15
492.33,226.6,355.65,448.15
492.33,226.6,355.65,448.15
489.17,226.6,355.65,448.15
495.49,226.6,355.65,448.15
495.49,226.6,355.65,448.15
498.65,226.6,355.65,448.15
498.65,226.6,355.65,448.15
498.65,226.6,355.65,448.15
498.65,226.6,355.65,448.15
501.81,226.6,355.65,448.15
501.81,226.6,355.65,448.15
501.81,226.6,355.65,448.15
501.81,226.6,355.65,448.15
498.65,223.44,355.65,448.15
498.65,223.44,355.65,448.15
501.81,223.44,355.65,448.15
501.81,223.44,355.65,448.15
501.81,223.44,355.65,448.15
504.96,223.44,355.65,448.15
504.96,223.44,355.65,448.15
504.96,223.44,355.65,448.15
504.96,223.44,355.65,448.15
508.12,223.44,355.65,448.15
508.12,223.44,355.65,448.15
508.12,223.44,355.65,448.15
511.28,223.44,355.65,448.15
508.12,223.44,355.65,448.15
508.12,223.44,355.65,448.15
508.12,223.44,355.65,448.15
508.12,223.44,355.65,448.15
511.28,223.44,355.65,448.15
508.12,223.44,355.65,448.15
508.12,223.44,355.65,448.15
508.12,223.44,355.65,448.15
508.12,223.44,355.65,448.15
508.12,223.44,355.65,448.15
508.12,223.44,355.65,448.15
508.12,223.44,355.65,448.15
508.12,223.44,355.65,448.15
508.12,226.6,355.65,448.15
508.12,226.6,355.65,448.15
508.12,226.6,355.65,448.15
508.12,226.6,355.65,448.15
511.28,229.76,355.65,448.15
511.28,229.76,355.65,448.15
508.12,232.92,355.65,448.15
508.12,232.92,355.65,448.15
508.12,232.92,355.65,448.15
508.12,236.08,355.65,448.15
508.12,236.08,355.65,448.15
508.12,236.08,355.65,448.15
508.12,236.08,355.65,448.15
508.12,236.08,355.65,448.15
504.96,236.08,355.65,448.15
504.96,236.08,355.65,448.15
501.81,236.08,355.65,448.15
501.81,236.08,355.65,448.15
501.81,236.08,355.65,448.15
498.65,236.08,355.65,448.15
498.65,236.08,355.65,448.15
495.49,232.92,355.65,448.15
492.33,232.92,355.65,448.15
492.33,232.92,355.65,448.15
492.33,229.76,355.65,448.15
489.17,229.76,355.65,448.15
489.17,226.6,355.65,448.15
489.17,226.6,355.65,448.15
486.01,223.44,355.65,448.15
486.01,223.44,355.65,448.15
482.85,223.44,355.65,448.15
479.69,223.44,355.65,448.15
479.69,223.44,355.65,448.15
479.69,223.44,355.65,448.15
479.69,220.28,355.65,448.15
476.53,220.28,355.65,448.15
473.38,217.13,355.65,448.15
473.38,217.13,355.65,448.15
470.22,213.97,355.65,448.15
470.22,213.97,355.65,448.15
470.22,213.97,355.65,448.15
470.22,213.97,355.65,448.15
470.22,210.81,355.65,448.15
467.06,210.81,355.65,448.15
460.74,210.81,355.65,448.15
454.42,210.81,355.65,448.15
454.42,210.81,355.65,448.15
451.26,207.65,355.65,448.15
451.26,210.81,355.65,448.15
448.11,213.97,355.65,448.15
434.69,209.01,363.52,458.06
447.61,212.24,363.52,458.06
444.38,212.24,363.52,458.06
444.38,212.24,363.52,458.06
441.15,212.24,363.52,458.06
444.38,215.47,363.52,458.06
444.38,215.47,363.52,458.06
444.38,215.47,363.52,458.06
444.38,215.47,363.52,458.06
444.38,215.47,363.52,458.06
444.38,215.47,363.52,458.06
444.38,215.47,363.52,458.06
444.38,215.47,363.52,458.06
444.38,215.47,363.52,458.06
444.38,215.47,363.52,458.06
444.38,215.47,363.52,458.06
447.61,215.47,363.52,458.06
444.38,215.47,363.52,458.06
447.61,215.47,363.52,458.06
447.61,215.47,363.52,458.06
447.61,215.47,363.52,458.06
447.61,215.47,363.52,458.06
444.38,215.47,363.52,458.06
444.38,215.47,363.52,458.06
447.61,212.24,363.52,458.06
447.61,212.24,363.52,458.06
444.38,209.01,363.52,458.06
444.38,205.78,363.52,458.06
441.15,202.55,363.52,458.06
437.92,199.32,363.52,458.06
437.92,199.32,363.52,458.06
444.38,196.09,363.52,458.06
444.38,196.09,363.52,458.06
447.61,196.09,363.52,458.06
454.07,196.09,363.52,458.06
454.07,192.86,363.52,458.06
457.3,189.63,363.52,458.06
466.99,186.4,363.52,458.06
463.76,186.4,363.52,458.06
463.76,183.17,363.52,458.06
460.53,183.17,363.52,458.06
460.53,183.17,363.52,458.06
457.3,183.17,363.52,458.06
454.07,183.17,363.52,458.06
454.07,183.17,363.52,458.06
450.84,183.17,363.52,458.06
450.84,183.17,363.52,458.06
450.84,183.17,363.52,458.06
450.84,183.17,363.52,458.06
450.84,183.17,363.52,458.06
447.61,179.94,363.52,458.06
448.26,188.06,355.77,448.3
441.94,181.74,355.77,448.3
448.89,186.52,348.18,438.74
445.8,186.52,348.18,438.74
445.8,186.52,348.18,438.74
448.89,183.42,348.18,438.74
448.89,180.33,348.18,438.74
445.8,180.33,348.18,438.74
445.8,180.33,348.18,438.74
451.98,183.42,348.18,438.74
448.89,183.42,348.18,438.74
448.89,183.42,348.18,438.74
451.98,183.42,348.18,438.74
448.89,183.42,348.18,438.74
448.89,183.42,348.18,438.74
448.89,183.42,348.18,438.74
448.89,183.42,348.18,438.74
448.89,183.42,348.18,438.74
448.89,183.42,348.18,438.74
448.89,183.42,348.18,438.74
445.8,180.33,348.18,438.74
445.8,180.33,348.18,438.74
445.8,180.33,348.18,438.74
445.8,180.33,348.18,438.74
445.8,180.33,348.18,438.74
445.8,180.33,348.18,438.74
445.8,180.33,348.18,438.74
441.95,172.39,355.88,448.44
438.79,169.23,355.88,448.44
435.63,169.23,355.88,448.44
435.63,169.23,355.88,448.44
435.63,169.23,355.88,448.44
435.63,169.23,355.88,448.44
435.63,169.23,355.88,448.44
435.63,169.23,355.88,448.44
435.63,169.23,355.88,448.44
435.63,169.23,355.88,448.44
438.79,169.23,355.88,448.44
438.79,169.23,355.88,448.44
438.79,166.06,355.88,448.44
441.95,166.06,355.88,448.44
441.95,166.06,355.88,448.44
441.95,166.06,355.88,448.44
445.11,166.06,355.88,448.44
448.27,166.06,355.88,448.44
448.27,166.06,355.88,448.44
448.27,166.06,355.88,448.44
448.27,166.06,355.88,448.44
448.27,166.06,355.88,448.44
448.27,166.06,355.88,448.44
445.11,166.06,355.88,448.44
445.11,166.06,355.88,448.44
445.11,166.06,355.88,448.44
445.11,166.06,355.88,448.44
445.11,166.06,355.88,448.44
445.11,162.9,355.88,448.44
445.11,159.74,355.88,448.44
445.11,159.74,355.88,448.44
448.27,156.58,355.88,448.44
448.27,156.58,355.88,448.44
454.59,156.58,355.88,448.44
454.59,156.58,355.88,448.44
451.43,156.58,355.88,448.44
451.43,156.58,355.88,448.44
448.27,156.58,355.88,448.44
448.27,156.58,355.88,448.44
451.43,156.58,355.88,448.44
451.43,156.58,355.88,448.44
451.43,156.58,355.88,448.44
451.43,156.58,355.88,448.44
451.43,156.58,355.88,448.44
451.43,156.58,355.88,448.44
451.43,156.58,355.88,448.44
451.43,156.58,355.88,448.44
451.43,156.58,355.88,448.44
451.43,156.58,355.88,448.44
451.43,156.58,355.88,448.44
451.43,153.42,355.88,448.44
451.43,153.42,355.88,448.44
451.43,153.42,355.88,448.44
451.43,153.42,355.88,448.44
451.43,153.42,355.88,448.44
451.43,153.42,355.88,448.44
451.43,153.42,355.88,448.44
448.27,153.42,355.88,448.44
448.27,156.58,355.88,448.44
448.27,156.58,355.88,448.44
448.27,156.58,355.88,448.44
445.11,156.58,355.88,448.44
445.11,159.74,355.88,448.44
445.11,159.74,355.88,448.44
445.11,159.74,355.88,448.44
445.11,159.74,355.88,448.44
445.11,156.58,355.88,448.44
445.11,156.58,355.88,448.44
445.11,156.58,355.88,448.44
441.95,156.58,355.88,448.44
441.95,156.58,355.88,448.44
441.95,156.58,355.88,448.44
441.95,159.74,355.88,448.44
451.43,159.74,355.88,448.44
448.27,159.74,355.88,448.44
448.27,159.74,355.88,448.44
448.27,159.74,355.88,448.44
448.27,159.74,355.88,448.44
451.43,159.74,355.88,448.44
451.43,159.74,355.88,448.44
451.43,159.74,355.88,448.44
451.43,159.74,355.88,448.44
451.43,162.9,355.88,448.44
454.59,162.9,355.88,448.44
454.59,162.9,355.88,448.44
454.59,162.9,355.88,448.44
454.59,162.9,355.88,448.44
454.59,162.9,355.88,448.44
454.59,162.9,355.88,448.44
454.59,162.9,355.88,448.44
454.59,162.9,355.88,448.44
454.59,166.06,355.88,448.44
451.43,166.06,355.88,448.44
438.79,169.23,355.88,448.44
441.95,172.39,355.88,448.44
435.63,172.39,355.88,448.44
422.98,172.39,355.88,448.44
445.11,175.55,355.88,448.44
441.95,175.55,355.88,448.44
438.79,178.71,355.88,448.44
432.46,178.71,355.88,448.44
435.63,178.71,355.88,448.44
416.66,178.71,355.88,448.44
407.18,172.39,355.88,448.44
444.33,176.91,363.76,458.37
424.15,149.22,371.8,468.51
363.9,127.52,380.03,478.87
322.56,108.72,388.44,489.47
276.85,99.856,397.03,500.3
248.63,92.801,397.03,500.3
191.33,80.211,405.82,511.37
107.51,49.313,414.8,522.68
52.243,38.26,414.8,522.68
4.3473,19.839,414.8,522.68
-6.7056,16.154,414.8,522.68
-25.127,16.154,414.8,522.68
-24.389,29.096,405.95,511.53
-20.783,29.096,405.95,511.53
-13.571,39.914,405.95,511.53
-9.9651,83.184,405.95,511.53
-42.418,68.761,405.95,511.53
-52.513,45.368,397.29,500.62
108.97,1.0064,406.08,511.7
73.618,-4.3611,397.42,500.79
26.845,-16.964,406.22,511.87
368.7,103.65,415.2,523.19
360.42,101.55,424.39,534.77
306.71,88.091,433.78,546.6
302.86,88.091,433.78,546.6
337.53,103.5,433.78,546.6
376.06,192.12,433.78,546.6
379.92,199.83,433.78,546.6
383.77,161.3,433.78,546.6
419.22,151.71,424.53,534.94
427.51,149.88,415.48,523.54
443.02,155.46,406.62,512.37
443.02,155.46,406.62,512.37
443.02,155.46,406.62,512.37
439.4,155.46,406.62,512.37
439.4,155.46,406.62,512.37
435.79,155.46,406.62,512.37
435.79,155.46,406.62,512.37
435.79,155.46,406.62,512.37
439.4,155.46,406.62,512.37
443.02,155.46,406.62,512.37
446.63,159.07,406.62,512.37
443.02,159.07,406.62,512.37
439.4,159.07,406.62,512.37
435.79,159.07,406.62,512.37
435.79,162.68,406.62,512.37
435.79,162.68,406.62,512.37
435.79,162.68,406.62,512.37
435.79,162.68,406.62,512.37
435.79,162.68,406.62,512.37
435.79,162.68,406.62,512.37
432.18,162.68,406.62,512.37
432.18,162.68,406.62,512.37
432.18,162.68,406.62,512.37
432.18,162.68,406.62,512.37
432.18,162.68,406.62,512.37
428.57,162.68,406.62,512.37
428.57,162.68,406.62,512.37
424.96,162.68,406.62,512.37
424.96,162.68,406.62,512.37
424.96,162.68,406.62,512.37
424.96,162.68,406.62,512.37
421.35,162.68,406.62,512.37
417.73,162.68,406.62,512.37
414.12,162.68,406.62,512.37
414.12,162.68,406.62,512.37
414.12,162.68,406.62,512.37
414.12,162.68,406.62,512.37
414.12,162.68,406.62,512.37
414.12,162.68,406.62,512.37
410.51,162.68,406.62,512.37
410.51,162.68,406.62,512.37
406.9,159.07,406.62,512.37
406.9,159.07,406.62,512.37
406.9,155.46,406.62,512.37
406.9,151.85,406.62,512.37
406.9,151.85,406.62,512.37
406.9,148.24,406.62,512.37
406.9,148.24,406.62,512.37
406.9,144.62,406.62,512.37
399.67,144.62,406.62,512.37
385.23,144.62,406.62,512.37
363.56,141.01,406.62,512.37
381.62,144.62,406.62,512.37
381.62,144.62,406.62,512.37
399.67,148.24,406.62,512.37
399.67,148.24,406.62,512.37
396.06,148.24,406.62,512.37
396.06,148.24,406.62,512.37
399.67,148.24,406.62,512.37
395.18,138.96,415.61,523.71
395.18,138.96,415.61,523.71
401.66,133.16,424.81,535.3
401.66,133.16,424.81,535.3
401.66,133.16,424.81,535.3
406.18,138.87,415.75,523.88
406.18,138.87,415.75,523.88
406.18,138.87,415.75,523.88
409.88,142.56,415.75,523.88
409.88,138.87,415.75,523.88
409.88,138.87,415.75,523.88
409.88,142.56,415.75,523.88
409.88,142.56,415.75,523.88
409.88,142.56,415.75,523.88
409.88,142.56,415.75,523.88
409.88,142.56,415.75,523.88
413.57,146.26,415.75,523.88
409.88,142.56,415.75,523.88
409.88,142.56,415.75,523.88
414.31,148.15,406.88,512.71
410.7,140.92,406.88,512.71
399.86,137.31,406.88,512.71
381.79,126.47,406.88,512.71
392.63,126.47,406.88,512.71
399.86,126.47,406.88,512.71
407.08,122.85,406.88,512.71
410.7,122.85,406.88,512.71
421.54,122.85,406.88,512.71
428.77,119.24,406.88,512.71
428.77,119.24,406.88,512.71
425.15,112.01,406.88,512.71
425.88,117.48,398.21,501.77
432.95,121.02,398.21,501.77
440.74,126.37,389.71,491.07
437.27,115.98,389.71,491.07
444.89,121.21,381.4,480.6
458.44,121.21,381.4,480.6
475.38,121.21,381.4,480.6
482.16,121.21,381.4,480.6
488.94,121.21,381.4,480.6
503.17,126.34,373.27,470.35
506.48,123.02,373.27,470.35
509.8,119.71,373.27,470.35
527.04,128.04,365.31,460.32
536.78,128.04,365.31,460.32
550.41,136.19,357.52,450.51
557.4,137.82,349.89,440.9
560.51,134.71,349.89,440.9
567.34,142.52,342.43,431.5
574.04,150.16,335.13,422.29
574.04,150.16,335.13,422.29
577.01,150.16,335.13,422.29
579.99,153.14,335.13,422.29
585.94,156.12,335.13,422.29
595.47,163.59,327.98,413.29
607.12,163.59,327.98,413.29
615.86,166.51,327.98,413.29
612.95,166.51,327.98,413.29
607.12,166.51,327.98,413.29
607.71,170.92,320.99,404.48
602.01,173.77,320.99,404.48
608.28,180.93,314.14,395.85
625.02,183.72,314.14,395.85
652.92,186.51,314.14,395.85
652.92,189.3,314.14,395.85
655.71,192.09,314.14,395.85
658.5,192.09,314.14,395.85
664.08,192.09,314.14,395.85
675.24,194.88,314.14,395.85
686.4,197.67,314.14,395.85
706.5,204.68,307.45,387.41
706.5,207.41,307.45,387.41
707.04,211.54,300.89,379.15
707.04,211.54,300.89,379.15
696.35,211.54,300.89,379.15
693.68,211.54,300.89,379.15
688.33,214.22,300.89,379.15
694.21,226.28,294.47,371.06
699.45,226.28,294.47,371.06
709.91,226.28,294.47,371.06
715.66,230.23,288.19,363.15
731.54,236.67,282.05,355.4
