592.5,223,345,242
593.88,225.58,337.64,236.84
584.86,227.83,337.64,236.84
563.68,225.85,330.44,231.79
553.97,223.91,323.4,226.85
537.99,215.54,316.5,222.01
524.47,211.57,309.75,217.27
519.51,207.69,303.14,212.64
508.57,201.86,296.68,208.11
509.76,204.08,290.35,203.67
505.1,204.31,284.16,199.32
494.86,204.54,278.1,195.07
497.83,204.77,272.17,190.91
480.76,190.46,266.37,186.84
485.37,192.45,260.69,182.86
479.46,180.49,255.13,178.96
482.18,182.4,249.69,175.14
483.17,189.27,244.36,171.41
482.51,192.72,239.15,167.75
483.47,199.3,234.05,164.17
489.09,201.05,229.06,160.67
493.68,202.58,229.06,160.67
498.27,202.58,229.06,160.67
505.3,207.35,224.17,157.25
516.66,213.52,219.39,153.89
521.93,223.95,214.72,150.61
528.52,232.72,210.14,147.4
536.37,239.9,205.66,144.26
544.05,245.55,201.27,141.18
550.23,253.78,196.98,138.17
545.76,261.82,192.78,135.22
543.96,270.98,188.67,132.34
531.37,278.53,188.67,132.34
521.3,282.31,188.67,132.34
506.95,284.98,184.64,129.52
493.4,284.98,184.64,129.52
479.86,286.21,184.64,129.52
466.31,286.21,184.64,129.52
454,286.21,184.64,129.52
442.42,288.82,180.7,126.76
434.7,290.17,176.85,124.05
425.96,283.23,173.08,121.41
426.65,281.06,169.39,118.82
417.16,278.94,165.78,116.28
418.27,268.99,165.78,116.28
411.19,254.74,162.24,113.8
420.5,239.72,158.78,111.38
425.79,224.9,158.78,111.38
430.03,206.9,158.78,111.38
432.14,188.9,158.78,111.38
436.38,170.9,158.78,111.38
440.62,151.84,158.78,111.38
443.37,133.97,155.4,109
436.73,148.62,152.08,106.68
448.5,164.99,148.84,104.4
453.47,182.88,148.84,104.4
463.42,193.82,148.84,104.4
488.27,188.85,148.84,104.4
505.17,187.85,148.84,104.4
511.13,190.84,148.84,104.4
515.11,192.82,148.84,104.4
520.08,192.82,148.84,104.4
523.06,187.85,148.84,104.4
525.64,189.96,145.66,102.18
520.39,192.02,142.56,99.997
520.01,196.89,139.52,97.865
518.7,203.52,136.54,95.778
517.79,217.2,136.54,95.778
517.79,219.94,136.54,95.778
525.63,222.78,133.63,93.735
526.52,230.81,133.63,93.735
529.2,233.49,133.63,93.735
528.84,243.41,130.78,91.736
527.96,240.79,130.78,91.736
523.25,243.51,127.99,89.78
523.76,240.2,125.26,87.865
523.76,238.53,125.26,87.865
513.74,239.36,125.26,87.865
516.24,238.53,125.26,87.865
519.25,227.77,122.59,85.992
529.55,229.5,119.98,84.158
517.23,250.4,117.42,82.363
528.68,247.36,114.91,80.607
529.44,250.42,114.91,80.607
537.11,250.42,114.91,80.607
541.71,241.99,114.91,80.607
541.71,242.76,114.91,80.607
545.54,241.22,114.91,80.607
557.5,244.38,112.46,78.888
557.5,246.64,112.46,78.888
556.75,249.64,112.46,78.888
556.75,231.62,112.46,78.888
554.5,228.61,112.46,78.888
563.77,215.72,114.95,80.633
569.9,204.99,114.95,80.633
567.6,183.52,114.95,80.633
572.66,183.62,112.5,78.914
574.16,197.14,112.5,78.914
577.17,206.15,112.5,78.914
570.11,208.49,110.1,77.231
572.31,198.93,110.1,77.231
562.75,207.76,110.1,77.231
567.9,201.14,110.1,77.231
556.14,213.64,110.1,77.231
553.93,223.93,110.1,77.231
546.58,219.52,110.1,77.231
542.16,213.64,110.1,77.231
544.07,206.37,107.75,75.584
544.5,203.58,105.46,73.972
543.8,207.1,105.46,73.972
550.13,204.28,105.46,73.972
545.91,217.66,105.46,73.972
550.38,226.7,107.79,75.609
553.25,227.42,107.79,75.609
558.29,225.98,107.79,75.609
560.45,218.06,107.79,75.609
560.45,207.27,107.79,75.609
560.45,204.39,107.79,75.609
562.61,193.59,107.79,75.609
560.45,210.86,107.79,75.609
552.78,212.91,110.17,77.282
565.28,201.88,110.17,77.282
554.5,210.58,112.61,78.991
547.75,209.08,112.61,78.991
550.75,202.32,112.61,78.991
550,192.56,112.61,78.991
548.75,190.93,115.1,80.739
551.06,192.47,115.1,80.739
550.29,210.92,115.1,80.739
564.12,209.38,115.1,80.739
552.09,216.94,117.65,82.525
550.79,208.97,120.25,84.351
556.68,200.02,122.91,86.218
559.41,197.42,125.63,88.125
567.26,198.13,128.41,90.075
570.68,198.98,128.41,90.075
578.69,197.99,131.25,92.068
587.75,199.6,134.16,94.105
588.06,204.83,137.13,96.187
598.45,210.18,140.16,98.315
613.41,219.53,140.16,98.315
622.77,221.4,140.16,98.315
625.89,226.86,143.26,100.49
648.86,232.6,143.26,100.49
664.17,243.13,143.26,100.49
668,262.26,143.26,100.49
676.61,271.83,143.26,100.49
686.5,270.72,146.43,102.71
694.65,267.63,149.67,104.99
701.64,268.63,149.67,104.99
702.97,275.45,152.98,107.31
701.95,275.45,152.98,107.31
701.28,269.16,156.37,109.68
701.28,264.98,156.37,109.68
702.32,259.77,156.37,109.68
700.24,257.68,156.37,109.68
699.2,246.21,156.37,109.68
684.59,240.99,156.37,109.68
669.99,238.91,156.37,109.68
655.38,232.65,156.37,109.68
646,233.69,156.37,109.68
637.65,234.73,156.37,109.68
627.58,238.74,159.83,112.11
611.58,234.47,159.83,112.11
600.91,218.47,159.83,112.11
595.58,192.87,159.83,112.11
586.34,199.1,163.36,114.59
585.25,211.09,163.36,114.59
581.26,220.72,166.98,117.13
579.04,232.97,166.98,117.13
569.39,230.56,170.67,119.72
569.39,228.28,170.67,119.72
552.3,227.15,170.67,119.72
545.86,238.35,174.45,122.37
548.59,231.18,178.31,125.07
541.85,236.93,182.25,127.84
539.84,239.17,186.28,130.67
541.08,237.92,186.28,130.67
544.81,231.71,186.28,130.67
542.75,229.02,190.41,133.56
544.02,220.12,190.41,133.56
546.56,209.96,190.41,133.56
547.83,202.34,190.41,133.56
549.1,194.71,190.41,133.56
549.1,193.44,190.41,133.56
544.46,203.4,194.62,136.51
542.3,212.27,198.92,139.54
540.1,218.69,203.33,142.62
531.07,232.04,207.82,145.78
528.77,224.88,212.42,149
527.84,214.73,217.12,152.3
529.78,207.25,221.93,155.67
572.71,195.41,221.93,155.67
571.23,198.37,221.93,155.67
571.23,199.85,221.93,155.67
557.91,198.37,221.93,155.67
549.53,193.68,226.84,159.11
551.05,236.07,226.84,159.11
554.07,245.15,226.84,159.11
557.1,286.02,226.84,159.11
555.59,296.62,226.84,159.11
558.62,302.67,226.84,159.11
556.11,297.88,231.85,162.63
553.54,280.62,236.98,166.23
556.07,271.32,231.93,162.69
555.05,278.81,237.06,166.29
556.63,277.23,237.06,166.29
561.92,295.96,242.31,169.97
560.86,297.31,247.67,173.73
560.86,294.01,247.67,173.73
554.81,285.47,253.15,177.57
546.95,271.69,258.75,181.5
544.08,266.23,264.47,185.51
542.92,253.59,270.32,189.62
541.12,248.17,270.32,189.62
536.33,238.86,276.31,193.81
527.74,227.5,282.42,198.1
507.66,227.19,288.67,202.49
498.69,228.81,295.05,206.97
487.55,228.48,301.58,211.54
476.16,230.17,308.26,216.23
469.99,230.17,308.26,216.23
460.41,223.66,315.08,221.01
450.62,219.12,322.05,225.9
446.32,221.26,322.05,225.9
343.91,188.68,329.17,230.9
310.97,186.48,329.17,230.9
298.54,186.12,336.45,236.01
271.6,186.12,336.45,236.01
299.31,188,343.9,241.23
302.39,189.92,351.51,246.56
275.05,177.82,359.28,252.02
263.88,172.63,367.23,257.6
245.11,164.88,375.36,263.29
220.07,164.88,375.36,263.29
200.89,154.45,383.66,269.12
177.85,151.89,383.66,269.12
154.8,146.77,383.66,269.12
142,144.21,383.66,269.12
121.51,144.21,383.66,269.12
113.83,141.65,383.66,269.12
106.14,141.65,383.66,269.12
98.462,144.21,383.66,269.12
102.55,147.08,375.48,263.38
104.05,149.89,367.47,257.76
105.52,155.09,359.64,252.27
109.35,155.38,351.97,246.89
124.85,160.36,344.46,241.62
128.52,162.94,337.12,236.47
132.12,167.71,329.93,231.43
157.65,172.38,322.89,226.49
154.63,170.48,316.01,221.66
166.43,172.85,309.27,216.94
173.86,179.28,302.67,212.31
185.16,185.59,296.22,207.78
206.11,191.76,289.9,203.35
232.42,197.79,283.72,199.01
244.92,199.92,277.67,194.77
257.14,203.85,271.75,190.62
267.3,209.51,265.95,186.55
282.55,215.04,260.28,182.57
300.96,218.73,254.73,178.68
317.28,220.63,249.3,174.87
331.58,222.5,243.98,171.14
342.32,224.32,238.78,167.49
354.43,227.7,233.69,163.92
361.6,224.77,228.7,160.42
371.66,229.54,223.83,157
369.57,234.2,219.05,153.65
374.82,237.3,214.38,150.38
372.82,244.63,209.81,147.17
377.85,249,205.33,144.03
370.45,253.27,200.96,140.96
359.18,260.14,196.67,137.95
361.8,262.76,196.67,137.95
353.93,265.39,196.67,137.95
345.53,265.55,192.48,135.01
349.39,250.13,192.48,135.01
351.44,242.58,188.37,132.13
350.93,233.94,184.35,129.32
353.39,231.48,184.35,129.32
352.16,227.79,184.35,129.32
352.16,221.64,184.35,129.32
350.93,217.96,184.35,129.32
348.48,215.5,184.35,129.32
347.25,213.04,184.35,129.32
346.75,202.12,180.42,126.56
348.68,195.05,176.58,123.86
347.02,192.83,172.81,121.22
344.72,189.37,172.81,121.22
337.34,181.44,169.13,118.63
338.47,179.18,169.13,118.63
333.49,177.06,165.52,116.1
332.39,177.06,165.52,116.1
326.87,174.85,165.52,116.1
326.87,177.06,165.52,116.1
329.74,180.5,161.99,113.63
330.82,183.75,161.99,113.63
334.06,185.91,161.99,113.63
335.14,190.23,161.99,113.63
345.51,193.6,158.53,111.2
346.57,193.6,158.53,111.2
350.81,185.13,158.53,111.2
352.92,184.07,158.53,111.2
358.22,184.07,158.53,111.2
364.57,186.19,158.53,111.2
371.98,187.25,158.53,111.2
377.28,188.31,158.53,111.2
385.75,188.31,158.53,111.2
392.46,189.19,162.04,113.66
405.43,190.27,162.04,113.66
414.44,191.18,165.63,116.18
426.6,193.39,165.63,116.18
441.36,194.32,169.29,118.75
449.27,195.44,169.29,118.75
469.6,189.8,169.29,118.75
491.05,190.93,169.29,118.75
512.51,194.32,169.29,118.75
531.71,199.96,169.29,118.75
550.91,203.35,169.29,118.75
567.11,203.17,173.04,121.38
584.83,204.13,176.87,124.06
608.44,206.49,176.87,124.06
627.73,208.66,180.78,126.81
647.43,209.67,184.78,129.61
668.4,209.67,184.78,129.61
700.47,210.91,184.78,129.61
716.92,214.4,188.87,132.48
738.79,217.98,193.05,135.41
759.84,220.35,197.32,138.41
780.03,221.45,201.68,141.47
802.01,221.23,206.14,144.6
821.75,221.01,210.71,147.8
845.65,223.82,210.71,147.8
868.14,229.44,210.71,147.8
885.49,230.62,215.37,151.07
900.36,230.38,220.13,154.41
919.45,231.85,220.13,154.41
928.77,234.55,225,157.83
882.72,232.8,229.98,161.32
893.47,238.95,229.98,161.32
961.02,254.3,229.98,161.32
980.98,269.65,229.98,161.32
1000.3,279.05,225.08,157.88
985.3,283.55,225.08,157.88
998.21,297.25,220.28,154.51
1007,300.19,220.28,154.51
1014.4,306.08,220.28,154.51
1029.1,306.08,220.28,154.51
1043.2,309.2,215.58,151.22
1053.3,313.51,215.58,151.22
1060.5,314.95,215.58,151.22
1064.8,314.95,215.58,151.22
1067.7,323.59,215.58,151.22
1072,329.34,215.58,151.22
1077.7,329.34,215.58,151.22
1076.8,336.31,220.35,154.56
1076.8,337.78,220.35,154.56
1075.3,327.48,220.35,154.56
1082.1,323.25,215.65,151.27
1065.3,308.62,220.42,154.61
1064.3,308.38,225.3,158.03
1065.9,306.88,225.3,158.03
1065.9,314.4,225.3,158.03
1067.4,329.44,225.3,158.03
1063.4,368.3,230.28,161.53
1068.9,391.54,225.37,158.09
1068.9,396.05,225.37,158.09
1066.4,397.31,230.36,161.58
1059.2,395.52,235.45,165.16
939.87,298.15,235.45,165.16
919.99,296.32,240.66,168.81
915.72,294.45,245.99,172.55
910.8,289.53,245.99,172.55
908.5,293.01,240.74,168.87
905.29,293.01,240.74,168.87
903.68,294.61,240.74,168.87
900.47,297.83,240.74,168.87
892.44,299.43,240.74,168.87
884.41,301.04,240.74,168.87
874.13,294.81,235.61,165.27
871.52,292.98,240.82,168.92
867.25,292.72,246.15,172.66
852.46,289.43,246.15,172.66
850.82,287.79,246.15,172.66
853.03,289.17,251.6,176.48
868.13,292.52,251.6,176.48
864.78,295.88,251.6,176.48
850.24,297.29,257.16,180.39
830.24,297.01,262.85,184.38
813.3,294.97,268.67,188.46
795.99,292.88,274.61,192.63
852.82,296.55,274.61,192.63
847.32,294.71,274.61,192.63
820.45,290.75,280.69,196.89
792.36,283.26,280.69,196.89
764.27,277.64,280.69,196.89
736.82,271.72,286.9,201.24
721.51,267.89,286.9,201.24
702.38,264.06,286.9,201.24
685.15,258.32,286.9,201.24
669.84,252.58,286.9,201.24
656.45,248.75,286.9,201.24
653.76,248.99,280.78,196.95
640.64,245.24,280.78,196.95
636.14,247.34,274.79,192.75
628.07,247.56,268.93,188.64
621.97,245.98,263.2,184.62
617.74,242.68,257.58,180.68
615.33,242.89,252.09,176.83
609.61,238.04,246.72,173.06
608.95,241.54,241.45,169.37
605.07,240.12,236.31,165.76
599.71,237.16,231.27,162.22
599.09,231.17,226.33,158.76
598.48,228.33,221.51,155.38
591.09,229.81,221.51,155.38
586.06,231.47,216.78,152.06
584.03,234.54,212.16,148.82
583.46,237.54,207.64,145.65
581.52,237.71,203.21,142.54
580.97,235.16,198.87,139.5
578.32,235.16,198.87,139.5
575.13,235.32,194.63,136.53
573.31,236.77,190.48,133.61
572.8,238.2,186.42,130.76
573.54,237.1,182.45,127.98
569.89,237.1,182.45,127.98
569.4,237.25,178.55,125.25
564.15,238.59,174.75,122.58
564.15,236.25,174.75,122.58
561.35,236.39,171.02,119.96
559.06,232.97,171.02,119.96
554.5,228.41,171.02,119.96
551.76,228.54,167.37,117.4
550.64,227.43,167.37,117.4
549.07,223.09,163.8,114.9
548.63,216.67,160.31,112.45
547.13,220.01,156.89,110.05
548.81,222.23,153.55,107.71
547.78,223.26,153.55,107.71
542.65,220.18,153.55,107.71
542.65,220.18,153.55,107.71
542.65,220.18,153.55,107.71
542.65,219.15,153.55,107.71
545.73,211.97,153.55,107.71
546.75,209.92,153.55,107.71
549.42,212.1,150.27,105.41
556.43,211.1,150.27,105.41
561.44,212.1,150.27,105.41
565.45,215.1,150.27,105.41
579.07,226.25,147.07,103.16
581.03,233.11,147.07,103.16
585.54,234.21,143.93,100.96
589,237.21,140.86,98.808
593.32,240.14,137.86,96.7
596.08,243.82,137.86,96.7
597,257.61,137.86,96.7
597.92,262.21,137.86,96.7
598.84,265.89,137.86,96.7
599.39,261.4,134.92,94.638
601.19,263.2,134.92,94.638
604.43,256.11,132.04,92.62
609.36,257.98,129.23,90.645
611.6,259.81,126.47,88.712
612.44,259.81,126.47,88.712
612.44,259.81,126.47,88.712
614.13,251.38,126.47,88.712
615.81,252.22,126.47,88.712
617.5,245.48,126.47,88.712
620.03,245.48,126.47,88.712
623.06,247.26,123.77,86.82
622.24,248.09,123.77,86.82
618.6,249.02,121.13,84.969
620.22,249.02,121.13,84.969
613.76,247.4,121.13,84.969
611.82,251.54,118.55,83.157
602.81,254.79,116.02,81.383
598.16,255.57,116.02,81.383
591.19,253.25,116.02,81.383
588.87,254.79,116.02,81.383
579.57,245.5,116.02,81.383
574.93,247.05,116.02,81.383
571.05,256.34,116.02,81.383
564.55,251.02,113.55,79.648
558.19,251.11,111.13,77.949
551.22,250.46,108.76,76.287
551.95,247.55,108.76,76.287
552.67,245.38,108.76,76.287
563.26,247.64,106.44,74.66
561.84,242.67,106.44,74.66
572.2,245.6,104.17,73.068
579.84,242.13,104.17,73.068
586.5,244.99,101.95,71.51
587.18,246.35,101.95,71.51
590.31,239.63,99.772,69.985
588.31,238.3,99.772,69.985
581.65,235.63,99.772,69.985
572.71,237.04,97.644,68.492
572.06,238.34,97.644,68.492
564.9,238.99,97.644,68.492
564.9,240.3,97.644,68.492
565.55,240.95,97.644,68.492
566.85,240.3,97.644,68.492
567.5,240.95,97.644,68.492
562.29,242.9,97.644,68.492
564.64,243.63,95.562,67.032
564.64,242.99,95.562,67.032
565.02,243.71,93.524,65.602
563.15,243.71,93.524,65.602
563.52,238.17,91.53,64.203
566.57,241.22,91.53,64.203
572.67,243.66,91.53,64.203
572.67,246.1,91.53,64.203
582.43,247.32,91.53,64.203
582.63,249.05,93.555,65.624
587.99,252.24,91.56,64.224
597.17,269.37,91.56,64.224
598.39,270.6,91.56,64.224
600.23,271.82,91.56,64.224
608.55,274.34,89.607,62.855
618.47,278,87.696,61.514
618.82,279.24,85.826,60.203
626.27,276.95,85.826,60.203
627.41,272.37,85.826,60.203
635.62,272.28,87.725,61.535
639.73,274.03,87.725,61.535
645,269.93,87.725,61.535
647.94,271.69,87.725,61.535
656.14,271.69,87.725,61.535
663.97,268.08,89.666,62.896
674.13,270.47,89.666,62.896
691.83,271.74,87.754,61.555
701.56,270.64,85.882,60.242
713.36,273,84.051,58.957
727.71,268.02,82.258,57.7
736.28,263.14,80.504,56.47
743.45,256.07,82.285,57.719
754.43,250.03,82.285,57.719
771.77,251.2,80.531,56.488
774.46,252.27,80.531,56.488
783.59,253.88,80.531,56.488
797.02,259.25,80.531,56.488
801.32,260.87,80.531,56.488
809.38,259.25,80.531,56.488
810.46,253.88,80.531,56.488
806.7,247.97,80.531,56.488
799.71,241.52,80.531,56.488
794.88,238.84,80.531,56.488
790.9,235.14,78.813,55.283
785.3,236.11,80.557,56.507
770.44,236.02,82.339,57.757
756.9,228.24,84.161,59.035
746.24,220.95,84.161,59.035
730.32,207.56,82.366,57.776
719.12,193.9,80.61,56.544
712.13,181.55,80.61,56.544
709.77,166.03,78.891,55.338
701.89,191.26,78.891,55.338
701.54,202.73,80.636,56.562
699.57,206.94,82.42,57.814
691.34,210.23,82.42,57.814
692.62,214.54,84.244,59.093
690.57,214.44,86.108,60.4
685.59,209.18,88.013,61.737
686.77,208.59,88.013,61.737
685.21,204.38,89.96,63.103
677.61,198.28,91.951,64.499
677.61,202.58,91.951,64.499
672.09,201.35,91.951,64.499
654.9,208.1,91.951,64.499
653.68,209.33,91.951,64.499
645.7,210.56,91.951,64.499
645.08,212.4,91.951,64.499
658.34,222.91,89.99,63.123
657.74,220.51,89.99,63.123
649.7,222.98,88.071,61.777
646.76,222.39,88.071,61.777
642.05,227.68,88.071,61.777
625.93,230.7,86.192,60.46
618.23,235.36,84.354,59.17
617.11,242.68,84.354,59.17
613.5,244.43,82.556,57.909
616.81,244.43,82.556,57.909
621.96,244.34,84.382,59.19
616.33,247.72,84.382,59.19
614.64,251.1,84.382,59.19
615.77,252.22,84.382,59.19
609.58,252.79,84.382,59.19
602.82,252.22,84.382,59.19
597.76,258.41,84.382,59.19
591.01,258.41,84.382,59.19
582.57,259.54,84.382,59.19
574.69,259.54,84.382,59.19
567,257.2,86.249,60.499
560.86,254.8,88.157,61.838
554.98,251.27,88.157,61.838
545.18,247.05,90.108,63.206
535.15,239.13,92.101,64.604
524.93,236.58,94.139,66.034
515.1,229.57,96.222,67.495
504.42,221.13,98.351,68.988
492.82,211.17,100.53,70.515
490.37,211.06,102.75,72.075
481.68,206.83,105.02,73.669
472.12,197.62,107.35,75.299
467.11,196.19,107.35,75.299
471.4,191.89,107.35,75.299
470.69,190.46,107.35,75.299
461.38,191.18,107.35,75.299
458.95,191.98,105.06,73.693
447.26,186.95,107.38,75.324
439.63,184.69,109.76,76.99
433.76,184.69,109.76,76.99
425.95,183.84,112.19,78.694
408.23,186.71,114.67,80.435
393.2,185.82,117.21,82.215
373.12,183.35,119.8,84.034
370.2,184.02,122.45,85.893
383.77,197.2,119.84,84.061
361.37,204.4,119.84,84.061
347.77,203.6,119.84,84.061
350.97,213.2,119.84,84.061
336.84,213.87,122.49,85.921
343.38,216.32,122.49,85.921
321.59,214.55,125.2,87.822
300.16,211.91,127.97,89.765
310.41,207.64,127.97,89.765
318.11,216.18,127.97,89.765
305.58,213.48,130.8,91.751
319.54,223.95,130.8,91.751
330.01,224.82,130.8,91.751
336.99,223.95,130.8,91.751
340.13,225.8,128.01,89.795
343.21,230.18,125.28,87.88
357.91,235.29,122.61,86.006
357.91,242.65,122.61,86.006
357.58,243.57,120,84.171
367.18,245.17,120,84.171
346.06,242.87,117.44,82.376
350.76,253.06,117.44,82.376
343.19,253.72,120.04,84.199
346.39,252.92,120.04,84.199
354.07,251.42,117.48,82.403
354.54,253.08,114.97,80.646
351.16,253.17,112.52,78.926
351.91,252.42,112.52,78.926
359.42,253.93,112.52,78.926
364.68,253.93,112.52,78.926
346.92,217.76,115.01,80.673
356.57,217.85,112.56,78.952
372.79,221.7,110.16,77.269
381.13,226.72,112.59,78.978
393.9,234.98,112.59,78.978
405.42,255.89,115.08,80.726
427.71,255.89,115.08,80.726
450,245.9,115.08,80.726
486.59,266.74,112.63,79.004
498.6,276.5,112.63,79.004
510.62,299.78,112.63,79.004
530.89,318.56,112.63,79.004
547.42,326.07,112.63,79.004
564.69,333.58,112.63,79.004
589.47,339.59,112.63,79.004
612,338.84,112.63,79.004
643.24,336.67,110.23,77.319
668.24,335.94,110.23,77.319
699.12,324.91,110.23,77.319
710.15,338.14,110.23,77.319
726.03,344.85,107.88,75.67
739.42,367.25,105.58,74.057
740.83,359.5,105.58,74.057
749.69,378.59,103.33,72.477
754.53,375.83,103.33,72.477
765.98,366.25,101.12,70.932
776.5,348.12,98.965,69.419
767.65,333.01,96.855,67.939
777.74,336.32,94.789,66.49
786.6,348.35,94.789,66.49
814.69,339.38,96.887,67.961
805.37,354.34,94.821,66.512
810.81,353.15,92.798,65.093
823.57,361.9,90.819,63.705
831.45,357.66,90.819,63.705
839.33,354.63,90.819,63.705
838.93,346.05,92.829,65.115
847.35,340.55,90.849,63.726
839.08,349.54,92.859,65.136
832.26,377.42,92.859,65.136
837.84,403.44,92.859,65.136
839.08,412.74,92.859,65.136
838.67,420.69,94.914,66.577
845.22,426.92,97.014,68.05
848.03,433.28,99.16,69.556
855.96,433.95,99.16,69.556
860.15,444.41,101.35,71.095
860.38,453.77,103.6,72.668
864.08,458.5,105.89,74.276
869.26,469.68,108.23,75.919
870.95,479.67,110.63,77.599
874.15,484.71,113.07,79.315
875.16,490.62,115.58,81.07
879.79,495.25,115.58,81.07
884.67,503.6,118.13,82.864
888.61,514.63,118.13,82.864
889.4,522.51,118.13,82.864
890.46,528.69,120.75,84.697
888.52,538.46,118.17,82.891
883.01,544.76,118.17,82.891
897.98,544.76,118.17,82.891
920.32,548.58,120.79,84.725
1003,459.22,118.21,82.918
1065.7,410.45,115.69,81.15
1068.5,445.3,113.22,79.42
1090.4,450.59,113.22,79.42
1097.5,454.24,115.73,81.177
1111.1,455.1,113.26,79.446
1110.8,449.16,110.84,77.751
1111.9,441.86,108.48,76.093
1109.8,450.54,108.48,76.093
1106.2,459.22,108.48,76.093
1101.8,466.46,108.48,76.093
1089,480.81,110.88,77.777
1074.5,488.82,113.33,79.498
1059.4,488.82,113.33,79.498
1046.5,485.79,113.33,79.498
1029.4,483.4,115.84,81.257
1016.2,479.53,115.84,81.257
1013.1,474.9,115.84,81.257
1004.9,479.41,118.4,83.054
1002.5,487.31,118.4,83.054
1002.2,496.1,115.88,81.283
992.63,498.51,113.41,79.55
1005.9,509.95,110.99,77.853
1013.4,514.4,110.99,77.853
1025.5,518.73,113.44,79.576
1038.3,525.54,113.44,79.576
1052,532.35,113.44,79.576
1055.7,536.89,113.44,79.576
1061.5,545.31,111.03,77.879
1071.6,543.18,108.66,76.218
1075.9,542.45,108.66,76.218
1081.7,542.45,108.66,76.218
1080.3,547.53,108.66,76.218
1078.4,552.49,111.06,77.904
1078.1,556.28,108.69,76.243
1069.3,556.28,108.69,76.243
1068.9,564.87,111.1,77.93
1070.6,564.01,113.56,79.654
1063,562.5,113.56,79.654
1051.9,553.29,116.07,81.417
1042.9,556.26,118.64,83.218
1032.1,553.76,121.26,85.059
1015.4,552.82,123.94,86.941
1003.2,550.2,126.69,88.865
1001.8,547.53,129.49,90.831
951.12,552.57,132.36,92.84
954.07,550.66,135.28,94.894
962.49,546.01,138.28,96.994
962.81,539.39,141.34,99.14
965.96,537.35,144.46,101.33
972.08,537.2,147.66,103.58
975.04,527.33,147.66,103.58
978.59,525.48,144.51,101.37
986.88,515.95,141.43,99.205
991.22,514.18,138.41,97.089
997.31,512.44,135.46,95.019
998.76,503.51,132.57,92.993
997.52,500.08,129.75,91.01
984.81,496.47,132.62,93.023
976.5,492.16,129.79,91.039
975.93,490.29,132.66,93.054
968.5,485.09,129.83,91.069
967.93,482.35,132.7,93.084
885.81,482.2,135.64,95.144
877.97,480.25,138.64,97.249
880.14,478.24,141.71,99.4
887.08,476.2,144.84,101.6
891.28,469.28,148.05,103.85
898.19,469.28,148.05,103.85
908.08,465.32,148.05,103.85
918.95,456.43,148.05,103.85
925.86,450.5,148.05,103.85
936.74,441.61,148.05,103.85
947.61,432.71,148.05,103.85
956.5,428.76,148.05,103.85
967.71,427.61,151.32,106.15
981.44,429.75,148.1,103.88
997.84,431.85,144.94,101.67
1012.9,440.66,141.85,99.498
1028.6,444.57,138.82,97.376
1040.7,449.19,138.82,97.376
1057,453.93,135.86,95.3
1072.9,455.86,132.96,93.267
1086.2,458.52,132.96,93.267
1100.4,458.52,132.96,93.267
1116,460.4,130.13,91.278
1132.1,461.37,127.35,89.332
1151.3,464.02,124.64,87.427
1165.9,469.94,121.98,85.562
1171.6,474.82,121.98,85.562
1189.2,479.8,119.38,83.738
1202.4,489.45,116.83,81.952
1125.2,501.16,116.83,81.952
1132.5,501.03,119.42,83.765
1146.5,502.72,116.87,81.979
1168,505.16,114.38,80.231
1176.9,510.59,111.94,78.52
1185.8,509.09,111.94,78.52
1196.7,509.93,109.55,76.845
1208.1,508.56,107.22,75.207
1200.3,501.4,107.22,75.207
1203.8,499.25,107.22,75.207
1206,499.25,107.22,75.207
1206.2,504.15,109.59,76.871
1206.2,525.36,109.59,76.871
1192.6,478.43,112.01,78.571
1180.6,470.21,112.01,78.571
1179.1,473.2,112.01,78.571
1142.2,455.36,109.62,76.896
1142.2,457.56,109.62,76.896
1147.8,459.11,107.29,75.256
1147.3,458.27,109.66,76.921
1148.8,458.27,109.66,76.921
1149.5,458.27,109.66,76.921
1150.2,457.54,109.66,76.921
1151.7,457.54,109.66,76.921
1150.2,457.54,109.66,76.921
1149.5,457.54,109.66,76.921
1149.5,458.27,109.66,76.921
1150,459.09,107.32,75.281
1149.2,462.67,107.32,75.281
1148.1,462.56,109.7,76.946
1150,466.3,107.36,75.305
1144.9,467.73,107.36,75.305
1149.2,474.17,107.36,75.305
1142.1,472.03,107.36,75.305
1142.1,472.03,107.36,75.305
1141.1,481.42,105.07,73.699
1133.4,479.31,105.07,73.699
1129.1,473,105.07,73.699
1123.5,466.68,105.07,73.699
1120,473,105.07,73.699
1109.7,472.18,107.39,75.33
1106.9,471.46,107.39,75.33
1106.9,471.46,107.39,75.33
1099.7,471.46,107.39,75.33
1097.6,475.76,107.39,75.33
1091.4,474.93,109.77,76.997
1088,474.07,112.2,78.7
1086.5,474.07,112.2,78.7
1083,482.19,114.68,80.441
1079.4,481.3,117.22,82.221
1071.1,480.39,119.81,84.04
1068.7,480.39,119.81,84.04
1068.3,478.09,117.25,82.248
1068,468.79,114.75,80.494
1056.8,474.04,117.29,82.275
1043.8,479.39,119.89,84.095
1041,487.48,117.33,82.302
1031.6,485.14,117.33,82.302
1029.8,476.62,114.83,80.547
1021.8,478.25,112.38,78.829
1017,479.84,109.98,77.148
1010.4,482.04,109.98,77.148
1002,486.53,107.64,75.503
996.01,489.49,105.34,73.893
982.68,489.49,105.34,73.893
963.26,483.05,107.67,75.528
946.04,490.23,107.67,75.528
933.55,490.32,105.38,73.917
909.62,490.32,105.38,73.917
885.68,486.8,105.38,73.917
869.91,491.81,103.13,72.341
849.68,494.65,100.93,70.798
826.54,488.68,98.779,69.288
802.56,485.46,96.672,67.811
769.01,476.43,96.672,67.811
737.62,467.29,98.811,69.311
708.64,458.73,98.811,69.311
689.75,458.62,101,70.845
679.19,467.95,103.23,72.412
658.09,467.84,105.52,74.014
637.92,462.1,107.85,75.652
615.86,446.87,110.24,77.325
605.08,429.83,112.68,79.036
602.08,417.82,112.68,79.036
588.56,414.82,112.68,79.036
579.05,407.18,115.17,80.785
567.52,404.88,115.17,80.785
494.5,371.06,115.17,80.785
494.5,381.05,115.17,80.785
501.42,381.82,115.17,80.785
514.49,371.06,115.17,80.785
528.32,367.98,115.17,80.785
534.93,368.84,112.71,79.062
541.71,367.34,112.71,79.062
548.74,367.22,115.21,80.811
557.2,359.53,115.21,80.811
567.96,357.22,115.21,80.811
576.41,347.23,115.21,80.811
580.52,340.96,117.76,82.599
592.58,328.25,120.36,84.427
604.64,326.64,120.36,84.427
615.09,316.99,120.36,84.427
622.81,316.29,117.79,82.627
625.95,323.36,117.79,82.627
636.96,318.65,117.79,82.627
634.08,324.81,120.4,84.455
638.1,317.57,120.4,84.455
641.32,324.81,120.4,84.455
646.14,321.59,120.4,84.455
644.54,324.81,120.4,84.455
646.14,336.87,120.4,84.455
639.71,360.18,120.4,84.455
643.41,355.45,117.83,82.654
643.68,340.39,120.44,84.482
651.39,334.86,117.87,82.681
658.15,340.45,115.36,80.918
666.32,335.15,112.9,79.192
668.27,339.76,110.49,77.503
666.06,359.67,110.49,77.503
673.44,361.88,110.49,77.503
674.61,364.92,108.13,75.85
676.06,362.03,108.13,75.85
671.73,351.21,108.13,75.85
672.45,343.27,108.13,75.85
671.01,337.5,108.13,75.85
673.17,351.21,108.13,75.85
686.16,354.09,108.13,75.85
693.37,357.7,108.13,75.85
713.29,365.73,105.83,74.233
725.71,372.87,103.57,72.65
733.99,366.66,103.57,72.65
742.28,363.9,103.57,72.65
750.56,361.14,103.57,72.65
781.34,357.77,101.36,71.101
790.54,380.85,99.201,69.584
798.49,392.12,99.201,69.584
815.06,400.07,99.201,69.584
787.89,410.68,99.201,69.584
777.68,396.84,97.085,68.1
788.03,398.13,97.085,68.1
801.62,398.13,97.085,68.1
812.62,396.19,97.085,68.1
827.24,397.56,95.015,66.648
844.09,398.27,92.989,65.227
857.1,400.13,92.989,65.227
867.64,401.99,92.989,65.227
884.98,410.67,92.989,65.227
894.28,420.58,92.989,65.227
904.81,428.02,92.989,65.227
912.87,424.92,92.989,65.227
931.45,413.77,92.989,65.227
945.09,409.43,92.989,65.227
945.3,416.14,95.046,66.67
1005.5,414.87,95.046,66.67
1020.7,414.87,95.046,66.67
1024.5,411.07,95.046,66.67
1035.9,417.41,95.046,66.67
1035.2,431.34,95.046,66.67
1035.9,438.94,95.046,66.67
1032.1,449.07,95.046,66.67
1029.5,464.27,95.046,66.67
1026.4,475.04,95.046,66.67
1023.2,494.04,95.046,66.67
1016.2,490.87,95.046,66.67
1016.2,461.11,95.046,66.67
1008,433.24,95.046,66.67
995.55,412.87,97.149,68.145
985.81,407.03,97.149,68.145
978.67,410.92,97.149,68.145
969.58,420.66,97.149,68.145
957.25,423.25,97.149,68.145
940.6,412.12,99.298,69.653
932.88,398.09,101.5,71.194
922.73,396.06,101.5,71.194
912.58,406.21,101.5,71.194
900.64,415.57,103.74,72.769
898.56,418.34,103.74,72.769
892.33,413.49,103.74,72.769
879.18,405.88,103.74,72.769
873.36,402.5,101.53,71.217
859.12,401.14,101.53,71.217
846.23,401.82,101.53,71.217
833.34,401.82,101.53,71.217
815.02,397.07,101.53,71.217
797.38,396.4,101.53,71.217
781.1,396.4,101.53,71.217
760.07,401.82,101.53,71.217
747.85,403.18,101.53,71.217
735.64,398.43,101.53,71.217
722.75,386.22,101.53,71.217
711.9,369.94,101.53,71.217
690.87,357.72,101.53,71.217
677.3,344.83,101.53,71.217
648.8,333.98,101.53,71.217
640.22,342.01,103.77,72.793
629.83,354.47,103.77,72.793
614.61,359.32,103.77,72.793
598.69,356.55,103.77,72.793
591.07,351.7,103.77,72.793
578.61,341.32,103.77,72.793
568.23,333.71,103.77,72.793
557.85,324.02,103.77,72.793
546.08,317.79,103.77,72.793
529.47,317.09,103.77,72.793
520.2,309.56,101.56,71.24
504.59,313.63,101.56,71.24
482.88,311.6,101.56,71.24
464.56,307.53,101.56,71.24
446.92,306.17,101.56,71.24
428.61,302.78,101.56,71.24
410.29,301.42,101.56,71.24
393.05,293.36,99.396,69.721
378.21,290.79,97.276,68.234
357.44,295.34,97.276,68.234
339.27,297.28,97.276,68.234
321.1,299.23,97.276,68.234
305.52,298.58,97.276,68.234
286.05,294.04,97.276,68.234
261.39,295.34,97.276,68.234
253.6,299.88,97.276,68.234
225.04,290.79,97.276,68.234
204.92,278.46,97.276,68.234
182.85,270.67,97.276,68.234
157.28,249.98,95.202,66.779
134.79,240.53,93.172,65.355
108.06,237.42,93.172,65.355
71.141,237.5,91.185,63.962
42.937,242.43,89.24,62.598
13.729,259.12,89.24,62.598
-11.547,271.71,87.337,61.263
35.624,208.24,87.337,61.263
9.0339,206.39,89.27,62.618
-7.0602,198.65,89.27,62.618
-17.434,190.37,87.366,61.283
-23.491,184.04,85.503,59.976
-15.307,199.35,87.394,61.303
-16.856,202.17,89.328,62.659
-11.135,243.96,87.423,61.323
-16.63,253.97,85.559,60.015
-23.853,264.14,87.452,61.343
-5.3915,224.48,85.587,60.035
-4.0559,224.39,87.48,61.363
-2.6864,225.46,89.416,62.721
0.055235,218.38,87.509,61.383
5.0785,223.71,85.643,60.074
24.251,226.63,83.817,58.793
43.027,227.26,82.029,57.539
62.501,236.08,80.28,56.312
-9.0457,222.07,82.056,57.558
1.5348,219.25,83.872,58.832
-18.583,179.01,83.872,58.832
-9.4519,179.48,85.727,60.133
-14.032,187.5,85.727,60.133
2.5717,182.92,85.727,60.133
26.815,167.36,87.624,61.464
15.714,167.95,87.624,61.464
33.442,168.44,89.563,62.824
