685,587,74,90
685.65,588.94,74,90
684.35,590.23,74,90
685,591.52,74,90
683.71,591.52,74,90
683.71,590.87,74,90
665.65,590.23,74,90
646.94,589.58,74,90
637.26,587,74,90
630.17,586.35,74,90
621.78,586.35,74,90
612.25,586.02,72.422,88.081
615.4,581.6,72.422,88.081
629.44,601.49,70.878,86.202
636.99,605.49,69.366,84.364
637.12,612.43,67.887,82.565
634.29,612.13,66.439,80.804
637.18,612.71,66.439,80.804
643.1,609.52,65.022,79.081
639.26,603.56,63.636,77.395
627.17,599.95,62.279,75.744
627.72,585.28,62.279,75.744
589.15,523.91,62.279,75.744
589.7,514.67,62.279,75.744
594.59,507.07,62.279,75.744
597.85,501.64,62.279,75.744
605.03,495.93,60.95,74.129
608.33,493.53,59.651,72.548
609.89,490.41,59.651,72.548
610.79,485.45,60.97,74.153
612.39,479.61,60.97,74.153
607.46,455.41,62.319,75.794
609.21,449.16,60.99,74.178
603.48,415.94,59.69,72.596
606.6,407.63,59.69,72.596
615.44,393.6,59.69,72.596
617.51,385.8,59.69,72.596
622.57,380.84,61.01,74.202
628.95,373.4,61.01,74.202
639.16,364.1,59.709,72.619
642.92,357.08,58.436,71.071
646.09,354.27,57.19,69.555
647.58,357.26,57.19,69.555
647.69,370.45,55.97,68.072
643.9,385.33,54.777,66.62
639.72,385.09,53.609,65.2
640.65,381.36,53.609,65.2
644.85,375.76,53.609,65.2
648.58,375.29,53.609,65.2
654.65,376.69,53.609,65.2
656.98,378.09,53.609,65.2
658.38,378.56,53.609,65.2
662.58,381.36,53.609,65.2
665.38,384.62,53.609,65.2
665.85,386.96,53.609,65.2
667.72,390.69,53.609,65.2
670.15,395.12,52.465,63.809
671.63,395.8,51.347,62.448
672.62,396.47,50.252,61.117
668.69,392.09,50.252,61.117
666.94,391.66,50.252,61.117
666.06,391.22,50.252,61.117
665.19,390.78,50.252,61.117
666.06,387.28,50.252,61.117
672.28,386.62,49.18,59.813
671.85,384.48,49.18,59.813
672.71,383.62,49.18,59.813
672.71,379.75,49.18,59.813
672.28,373.31,49.18,59.813
663.69,363.43,49.18,59.813
656.82,356.99,49.18,59.813
654.68,351.41,49.18,59.813
656.39,351.41,49.18,59.813
656.39,357.42,49.18,59.813
653.82,364.72,49.18,59.813
649.95,374.17,49.18,59.813
645.23,388.34,49.18,59.813
643.08,394.35,49.18,59.813
637.93,390.06,49.18,59.813
633.21,391.78,49.18,59.813
628.48,397.36,49.18,59.813
622.47,398.65,49.18,59.813
618.18,403.8,49.18,59.813
613.45,405.52,49.18,59.813
608.3,408.52,49.18,59.813
603.58,415.39,49.18,59.813
601.32,421.6,50.268,61.137
597.7,426.61,51.38,62.489
594.45,425.02,52.517,63.872
593.99,424.57,52.517,63.872
594.45,424.57,52.517,63.872
596.27,425.48,52.517,63.872
595.69,425.23,53.679,65.285
594.76,425.23,53.679,65.285
591.94,424.76,53.679,65.285
591.01,424.29,53.679,65.285
590.07,423.83,53.679,65.285
587.73,422.89,53.679,65.285
587.26,422.89,53.679,65.285
586.79,422.89,53.679,65.285
586.79,422.89,53.679,65.285
586.79,422.89,53.679,65.285
586.79,422.89,53.679,65.285
586.79,422.89,53.679,65.285
586.79,422.89,53.679,65.285
586.79,422.89,53.679,65.285
587.36,423.58,52.534,63.893
587.36,423.58,52.534,63.893
587.82,423.13,52.534,63.893
587.36,423.13,52.534,63.893
587.36,423.13,52.534,63.893
587.36,423.13,52.534,63.893
587.82,423.13,52.534,63.893
587.36,423.13,52.534,63.893
587.82,423.13,52.534,63.893
587.36,423.13,52.534,63.893
587.36,423.13,52.534,63.893
587.36,423.13,52.534,63.893
587.36,423.13,52.534,63.893
587.36,423.13,52.534,63.893
587.36,423.13,52.534,63.893
587.36,423.13,52.534,63.893
587.36,423.13,52.534,63.893
587.36,423.13,52.534,63.893
587.36,423.13,52.534,63.893
587.36,423.13,52.534,63.893
587.36,423.13,52.534,63.893
587.36,423.13,52.534,63.893
587.36,423.13,52.534,63.893
587.36,423.13,52.534,63.893
587.36,423.13,52.534,63.893
587.36,423.13,52.534,63.893
587.36,423.13,52.534,63.893
587.36,423.13,52.534,63.893
587.36,423.13,52.534,63.893
587.36,423.13,52.534,63.893
587.82,423.13,52.534,63.893
587.36,423.13,52.534,63.893
587.36,423.13,52.534,63.893
587.36,423.13,52.534,63.893
587.36,423.13,52.534,63.893
587.36,423.13,52.534,63.893
587.36,423.13,52.534,63.893
587.36,423.13,52.534,63.893
587.36,423.13,52.534,63.893
587.82,423.13,52.534,63.893
588.28,423.13,52.534,63.893
589.65,423.13,52.534,63.893
589.65,423.13,52.534,63.893
590.1,423.58,52.534,63.893
594.22,423.58,52.534,63.893
595.13,424.04,52.534,63.893
596.04,424.5,52.534,63.893
596.6,424.72,51.414,62.53
593.01,424.72,51.414,62.53
591.21,425.17,51.414,62.53
590.77,424.72,51.414,62.53
591.66,424.72,51.414,62.53
592.56,425.62,51.414,62.53
598.4,428.32,51.414,62.53
606.03,431.46,51.414,62.53
612.77,435.05,51.414,62.53
617.71,436.85,51.414,62.53
617.71,437.3,51.414,62.53
618.6,437.3,51.414,62.53
619.05,437.3,51.414,62.53
618.16,437.3,51.414,62.53
619.95,437.3,51.414,62.53
627.14,437.3,51.414,62.53
624.44,435.95,51.414,62.53
619.5,435.05,51.414,62.53
611.3,430.77,52.551,63.914
605.34,423.88,52.551,63.914
603.84,417.67,53.714,65.328
603.84,411.58,53.714,65.328
602.77,404.76,54.903,66.773
601.69,395.89,56.117,68.251
599.74,380.76,56.117,68.251
598.27,366.6,56.117,68.251
592.03,355.61,54.921,66.795
589.16,350.82,54.921,66.795
580.07,351.3,54.921,66.795
570.5,350.82,54.921,66.795
570.98,334.08,54.921,66.795
572.05,309.43,53.749,65.371
564.55,317.4,53.749,65.371
549.55,364.73,53.749,65.371
551.77,372.91,54.939,66.817
557.14,365.01,53.767,65.392
563.23,350.02,53.767,65.392
562.4,338.53,52.62,63.998
561.48,333.02,52.62,63.998
567.55,375.46,51.498,62.633
565.63,381.05,52.638,64.019
565.97,369.79,53.802,65.435
572.06,341.67,53.802,65.435
579.09,313.09,53.802,65.435
583.18,291.74,54.993,66.883
585.57,285.53,54.993,66.883
582.22,304.66,54.993,66.883
570.61,291.48,56.209,68.363
568.52,285.83,57.453,69.875
569.38,284.55,58.724,71.421
576.55,310.14,58.724,71.421
571.8,303.21,60.023,73.001
565,312.63,60.023,73.001
558.19,338.29,60.023,73.001
556.62,353.47,60.023,73.001
560.93,338.54,58.743,71.445
566.42,320.86,60.043,73.025
571.65,302.54,60.043,73.025
571.13,287.36,60.043,73.025
570.47,288.64,61.372,74.641
584.24,273.9,62.729,76.292
605.03,201.14,62.729,76.292
605.7,201.41,61.392,74.665
606.23,200.87,61.392,74.665
606.23,200.87,61.392,74.665
606.23,201.41,61.392,74.665
606.23,201.41,61.392,74.665
606.23,201.41,61.392,74.665
605.82,201.67,60.082,73.073
605.82,202.19,60.082,73.073
605.82,202.19,60.082,73.073
605.82,202.19,60.082,73.073
605.82,202.71,60.082,73.073
606.34,202.19,60.082,73.073
606.86,202.19,60.082,73.073
606.86,202.71,60.082,73.073
606.86,202.19,60.082,73.073
606.86,201.67,60.082,73.073
606.86,201.67,60.082,73.073
606.86,201.67,60.082,73.073
606.86,201.67,60.082,73.073
606.86,201.67,60.082,73.073
606.34,201.67,60.082,73.073
606.34,202.19,60.082,73.073
606.34,201.67,60.082,73.073
606.34,201.67,60.082,73.073
606.34,202.19,60.082,73.073
606.34,201.67,60.082,73.073
606.34,201.67,60.082,73.073
606.34,201.67,60.082,73.073
606.34,201.67,60.082,73.073
606.34,201.67,60.082,73.073
606.34,201.67,60.082,73.073
606.34,201.67,60.082,73.073
606.34,201.67,60.082,73.073
606.34,201.67,60.082,73.073
606.34,201.67,60.082,73.073
606.34,201.67,60.082,73.073
606.34,201.67,60.082,73.073
606.34,201.67,60.082,73.073
606.34,201.67,60.082,73.073
606.34,201.67,60.082,73.073
606.34,201.67,60.082,73.073
606.34,201.67,60.082,73.073
606.34,201.67,60.082,73.073
606.34,201.67,60.082,73.073
606.34,201.67,60.082,73.073
606.34,201.67,60.082,73.073
606.34,201.67,60.082,73.073
606.34,201.67,60.082,73.073
606.34,201.67,60.082,73.073
606.46,202.45,58.801,71.515
605.94,185.05,58.801,71.515
580.98,144.87,57.547,69.99
581.49,143.86,57.547,69.99
581.85,147.11,58.82,71.538
577.36,151.45,57.566,70.013
576.73,153.69,58.84,71.562
576.73,152.66,58.84,71.562
577.24,152.66,58.84,71.562
577.24,153.17,58.84,71.562
576.73,152.66,58.84,71.562
576.73,150.09,58.84,71.562
576.84,151.37,57.585,70.036
576.84,149.86,57.585,70.036
576.95,151.61,56.357,68.542
576.95,152.59,56.357,68.542
576.95,152.59,56.357,68.542
576.95,152.59,56.357,68.542
576.95,152.59,56.357,68.542
576.95,152.59,56.357,68.542
576.95,152.59,56.357,68.542
576.95,152.59,56.357,68.542
576.95,153.08,56.357,68.542
577.55,152.34,55.155,67.081
577.66,155.46,53.979,65.65
577.66,156.4,53.979,65.65
577.29,156.16,52.828,64.25
577.75,154.78,52.828,64.25
606.32,206.39,52.828,64.25
606.78,205.47,52.828,64.25
607.24,205.47,52.828,64.25
607.71,205.47,52.828,64.25
607.24,205.47,52.828,64.25
607.71,205.47,52.828,64.25
607.24,205.47,52.828,64.25
607.71,205.47,52.828,64.25
606.78,205,52.828,64.25
605.5,204.77,51.701,62.88
575.39,182.89,50.599,61.539
570.54,183.77,50.599,61.539
524.21,217.3,50.599,61.539
524.65,217.3,50.599,61.539
524.65,217.3,50.599,61.539
523.87,217.52,49.52,60.227
524.83,217.73,48.464,58.942
525.77,217.93,47.43,57.685
526.27,218.55,46.419,56.455
526.36,219.15,45.429,55.251
526.45,219.74,44.46,54.073
526.15,220.32,43.512,52.92
523.96,221.26,42.584,51.791
527.67,220.15,42.584,51.791
534.8,218.11,41.676,50.687
538.87,228.8,40.787,49.606
538.51,251.87,40.787,49.606
538.95,252.4,39.917,48.548
542.84,245.98,39.066,47.513
545.99,243.41,38.233,46.5
544.9,244.57,39.079,47.528
544.9,270.15,39.079,47.528
546,278.85,38.245,46.515
545.24,271.33,39.092,47.544
542.42,267.06,39.957,48.596
568.25,268.8,39.957,48.596
568.95,269.5,39.957,48.596
569.3,270.2,39.957,48.596
568.95,269.85,39.957,48.596
569.3,269.85,39.957,48.596
569.3,269.85,39.957,48.596
530.28,263.38,39.104,47.56
495.73,217.48,39.97,48.612
517.63,170.52,40.854,49.687
524.05,165.17,40.854,49.687
528.33,165.17,40.854,49.687
523.69,171.24,40.854,49.687
528.77,183.54,39.983,48.628
529.12,194.71,39.983,48.628
531.29,205.35,39.13,47.591
536.41,208.77,39.13,47.591
535.97,214.04,39.996,48.644
533.88,215.09,39.996,48.644
524.88,223.98,39.143,47.606
526.84,224.14,40.009,48.66
524.47,224.31,39.156,47.622
522.77,224.65,39.156,47.622
524.21,225.5,38.321,46.606
524.95,225.33,37.504,45.612
524.86,224.5,38.333,46.622
525.11,223.65,39.181,47.653
526.04,223.12,40.048,48.707
529.08,221.53,40.934,49.785
527.66,221.53,40.934,49.785
528.73,221.53,40.934,49.785
532.73,221.35,40.061,48.723
532.11,220.82,39.207,47.684
530.75,220.82,39.207,47.684
533.82,220.48,39.207,47.684
532.79,220.82,39.207,47.684
531.43,221.16,39.207,47.684
530.65,220.98,40.075,48.739
530.31,221.33,40.075,48.739
528.47,221.14,40.961,49.818
525.33,222.74,40.088,48.755
526.64,222.2,40.975,49.834
523.78,222.91,40.975,49.834
522.79,223.44,40.101,48.771
523.84,223.44,40.101,48.771
524.79,222.56,40.988,49.85
526.48,222,41.895,50.953
523.93,222.73,41.895,50.953
525.02,222.37,41.895,50.953
523.93,222.37,41.895,50.953
525.75,221.64,41.895,50.953
523.2,222.37,41.895,50.953
524.65,222,41.895,50.953
527.57,221.27,41.895,50.953
524.37,222.18,41.002,49.867
524.73,222.54,41.002,49.867
525.44,222.9,41.002,49.867
523.92,222.34,41.909,50.97
522.09,222.71,41.909,50.97
524.18,222.15,42.836,52.098
524.93,221.03,42.836,52.098
522.69,221.4,42.836,52.098
524.56,221.03,42.836,52.098
526.05,220.66,42.836,52.098
523.9,221.96,41.922,50.987
526.08,221.59,41.922,50.987
523.53,221.96,41.922,50.987
525.35,221.96,41.922,50.987
527.91,221.23,41.922,50.987
526.08,220.86,41.922,50.987
524.63,221.59,41.922,50.987
526.08,221.23,41.922,50.987
522.8,221.96,41.922,50.987
523.9,222.32,41.922,50.987
524.26,221.96,41.922,50.987
523.25,223.59,41.028,49.9
524.04,223.77,40.154,48.835
524.74,223.77,40.154,48.835
522.03,224.64,39.297,47.794
523.13,224.8,38.459,46.775
524.21,225.3,37.639,45.777
524.12,224.47,38.472,46.79
524.37,223.95,39.323,47.825
523,223.95,39.323,47.825
523.93,223.08,40.193,48.883
524.89,222.19,41.082,49.965
526.69,221.83,41.082,49.965
523.82,222.19,41.082,49.965
525.25,222.19,41.082,49.965
523.46,222.55,41.082,49.965
524.54,221.83,41.082,49.965
526.33,221.47,41.082,49.965
524.54,222.19,41.082,49.965
526.23,221.64,41.991,51.07
523.67,222,41.991,51.07
525.87,221.64,41.991,51.07
524.4,222,41.991,51.07
525.87,221.64,41.991,51.07
524.4,222,41.991,51.07
525.87,221.64,41.991,51.07
524.4,222,41.991,51.07
525.5,222,41.991,51.07
526.6,221.64,41.991,51.07
523.67,222,41.991,51.07
525.13,222,41.991,51.07
521.55,224.75,41.096,49.981
498.13,218.09,42.005,51.087
448.9,241,42.934,52.218
448.15,238.75,42.934,52.218
449.27,238.75,42.934,52.218
450.4,239.12,42.934,52.218
451.42,238.92,43.884,53.373
452.46,239.48,44.855,54.554
457.82,240.43,45.848,55.761
451.71,258.22,46.862,56.994
442.22,242.09,47.899,58.255
442.22,242.09,47.899,58.255
441.69,238.52,48.959,59.544
441.26,237.67,48.959,59.544
441.69,237.24,48.959,59.544
441.26,236.81,48.959,59.544
441.26,236.81,48.959,59.544
441.26,236.81,48.959,59.544
441.26,236.81,48.959,59.544
441.26,236.81,48.959,59.544
441.69,236.81,48.959,59.544
441.69,237.24,48.959,59.544
441.69,236.81,48.959,59.544
441.69,237.24,48.959,59.544
441.69,236.81,48.959,59.544
441.69,237.24,48.959,59.544
441.69,236.81,48.959,59.544
441.69,237.24,48.959,59.544
441.69,237.24,48.959,59.544
441.69,237.24,48.959,59.544
441.69,237.24,48.959,59.544
441.69,237.24,48.959,59.544
441.69,237.24,48.959,59.544
441.69,237.24,48.959,59.544
441.69,237.24,48.959,59.544
441.69,237.24,48.959,59.544
441.69,237.24,48.959,59.544
441.69,237.24,48.959,59.544
441.69,237.24,48.959,59.544
441.69,237.24,48.959,59.544
441.69,237.24,48.959,59.544
442.97,237.24,48.959,59.544
440.72,238.29,50.042,60.862
439.3,239.79,51.149,62.208
439.74,238.46,51.149,62.208
438.85,236.68,51.149,62.208
440.19,239.79,51.149,62.208
454.98,214.19,50.058,60.882
460.95,200.9,51.166,62.229
457.94,194.44,50.075,60.902
457.82,192.02,51.183,62.249
458.14,187.32,52.315,63.626
458.02,177.94,53.472,65.034
466.42,149.94,53.472,65.034
478.56,136.87,53.472,65.034
480.99,138.5,52.332,63.647
480.08,136.21,52.332,63.647
481.55,121.82,51.216,62.29
483.89,115.77,50.124,60.962
480.71,112.91,51.233,62.31
477.68,106.87,50.14,60.982
466.19,105.76,51.25,62.331
459.93,116.04,51.25,62.331
465.62,112.67,52.384,63.71
472.12,125.69,51.267,62.351
481.06,146.7,51.267,62.351
485.86,171.49,52.401,63.731
514.06,197.74,53.56,65.141
522.1,218.03,52.418,63.752
523.01,218.03,52.418,63.752
522.1,218.03,52.418,63.752
522.1,218.03,52.418,63.752
522.1,218.03,52.418,63.752
522.1,218.03,52.418,63.752
522.1,218.03,52.418,63.752
522.1,218.03,52.418,63.752
522.1,218.03,52.418,63.752
522.1,218.03,52.418,63.752
522.1,218.03,52.418,63.752
522.1,218.03,52.418,63.752
522.1,218.03,52.418,63.752
522.2,217.8,51.3,62.392
522.2,217.35,51.3,62.392
522.2,216.91,51.3,62.392
522.2,216.91,51.3,62.392
522.65,216.91,51.3,62.392
523.42,217.11,52.435,63.773
522.97,217.57,52.435,63.773
521.6,217.57,52.435,63.773
522.16,217.33,51.317,62.413
522.26,217.55,50.223,61.082
522.79,217.77,49.152,59.779
523.22,217.34,49.152,59.779
523.74,217.98,48.103,58.504
524.16,217.98,48.103,58.504
523.84,218.6,47.078,57.257
524.34,219.21,46.074,56.036
523.94,219.21,46.074,56.036
523.94,219.21,46.074,56.036
525.03,218.99,47.093,57.275
523.49,219.6,46.089,56.054
523.17,220.2,45.106,54.859
524.05,221.18,44.144,53.689
521.74,221.18,44.144,53.689
523.75,220.6,43.203,52.544
529.02,218.34,43.203,52.544
529.48,218.52,42.281,51.423
531.04,219.81,41.38,50.327
530.4,220.7,40.497,49.253
531.01,219.45,41.393,50.343
533.61,216.74,40.511,49.27
486.67,245.33,40.511,49.27
447.14,233.68,40.511,49.27
483.85,248.51,40.511,49.27
520.28,225.74,39.647,48.219
522.7,202.62,39.647,48.219
523.04,171.21,39.647,48.219
523.39,138.43,39.647,48.219
526.4,149.97,40.524,49.286
520.3,155.08,41.42,50.376
512.09,155.25,40.537,49.302
465.58,189.66,39.673,48.25
465.92,188.63,39.673,48.25
465.58,188.28,39.673,48.25
465.58,188.63,39.673,48.25
465.92,188.28,39.673,48.25
466.35,189.14,38.827,47.222
466.35,188.46,38.827,47.222
466.76,188.97,37.999,46.215
476.28,190.11,38.839,47.237
465.76,189.43,38.839,47.237
465.84,190.28,38.011,46.23
465.51,190.61,38.011,46.23
465.18,190.28,38.011,46.23
465.58,191.1,37.2,45.244
465.26,191.1,37.2,45.244
465.98,191.58,36.407,44.279
466.37,192.05,35.631,43.335
466.75,192.83,34.871,42.411
467.42,192.97,34.127,41.506
467.42,192.97,34.127,41.506
467.42,192.97,34.127,41.506
467.42,192.97,34.127,41.506
467.42,192.97,34.127,41.506
467.42,192.97,34.127,41.506
467.42,192.97,34.127,41.506
467.42,192.97,34.127,41.506
467.42,192.97,34.127,41.506
467.42,192.97,34.127,41.506
467.42,192.97,34.127,41.506
467.42,192.97,34.127,41.506
467.42,192.97,34.127,41.506
467.42,192.97,34.127,41.506
467.42,192.97,34.127,41.506
467.42,192.97,34.127,41.506
467.42,192.97,34.127,41.506
467.72,192.97,34.127,41.506
467.79,193.42,33.4,40.621
468.43,194.43,32.687,39.755
468.15,194.43,32.687,39.755
469.07,195.14,31.99,38.907
469.13,195.28,31.308,38.077
469.13,195,31.308,38.077
469.13,194.73,31.308,38.077
469.13,195,31.308,38.077
469.13,194.73,31.308,38.077
469.13,195,31.308,38.077
469.13,194.46,31.308,38.077
469.13,194.73,31.308,38.077
469.13,195,31.308,38.077
469.13,194.46,31.308,38.077
469.13,194.73,31.308,38.077
469.13,195,31.308,38.077
469.13,194.73,31.308,38.077
469.13,195,31.308,38.077
468.86,194.18,31.308,38.077
468.58,194.46,31.308,38.077
468.58,194.73,31.308,38.077
468.58,195,31.308,38.077
468.31,194.46,31.308,38.077
468.86,194.73,31.308,38.077
468.86,195,31.308,38.077
468.86,194.46,31.308,38.077
468.86,194.73,31.308,38.077
468.86,195,31.308,38.077
468.86,194.46,31.308,38.077
468.86,194.73,31.308,38.077
468.86,195,31.308,38.077
468.86,194.46,31.308,38.077
468.86,194.73,31.308,38.077
468.86,195,31.308,38.077
468.58,194.73,31.308,38.077
468.31,195.28,31.308,38.077
468.58,195,31.308,38.077
468.31,194.73,31.308,38.077
468.58,195.28,31.308,38.077
468.31,195,31.308,38.077
468.86,194.73,31.308,38.077
468.58,195,31.308,38.077
468.31,194.73,31.308,38.077
468.58,195,31.308,38.077
468.31,194.73,31.308,38.077
468.58,195,31.308,38.077
468.31,194.46,31.308,38.077
468.58,194.73,31.308,38.077
468.31,195,31.308,38.077
468.58,194.73,31.308,38.077
467.96,194.85,32.001,38.92
468.24,194.58,32.001,38.92
467.69,194.3,32.001,38.92
467.96,194.58,32.001,38.92
468.52,194.02,32.001,38.92
468.24,194.02,32.001,38.92
467.96,194.02,32.001,38.92
468.52,194.02,32.001,38.92
468.24,194.3,32.001,38.92
467.96,194.58,32.001,38.92
468.52,194.02,32.001,38.92
468.24,194.3,32.001,38.92
467.96,194.58,32.001,38.92
468.52,194.02,32.001,38.92
468.24,194.3,32.001,38.92
467.96,194.58,32.001,38.92
468.52,194.02,32.001,38.92
468.24,194.3,32.001,38.92
467.96,194.58,32.001,38.92
468.52,194.02,32.001,38.92
468.24,194.3,32.001,38.92
467.96,194.58,32.001,38.92
468.52,194.02,32.001,38.92
468.24,194.3,32.001,38.92
467.96,194.58,32.001,38.92
468.52,194.3,32.001,38.92
468.24,194.58,32.001,38.92
467.96,194.3,32.001,38.92
468.52,194.58,32.001,38.92
468.24,194.3,32.001,38.92
467.96,194.58,32.001,38.92
468.52,194.3,32.001,38.92
468.24,194.58,32.001,38.92
467.96,194.3,32.001,38.92
468.52,194.58,32.001,38.92
468.24,194.3,32.001,38.92
467.96,194.58,32.001,38.92
468.8,194.3,32.001,38.92
468.8,194.58,32.001,38.92
468.52,194.3,32.001,38.92
468.24,194.58,32.001,38.92
467.96,194.3,32.001,38.92
468.52,194.58,32.001,38.92
468.24,194.3,32.001,38.92
467.96,194.58,32.001,38.92
468.52,194.3,32.001,38.92
468.24,194.58,32.001,38.92
467.96,194.3,32.001,38.92
468.52,194.58,32.001,38.92
468.24,194.3,32.001,38.92
467.96,194.58,32.001,38.92
468.52,194.3,32.001,38.92
468.24,194.85,32.001,38.92
468.24,194.58,32.001,38.92
468.24,194.3,32.001,38.92
467.96,194.85,32.001,38.92
468.52,194.85,32.001,38.92
468.52,194.58,32.001,38.92
468.52,194.3,32.001,38.92
468.24,194.85,32.001,38.92
468.24,194.58,32.001,38.92
468.24,194.3,32.001,38.92
467.96,194.85,32.001,38.92
468.52,194.85,32.001,38.92
468.52,194.58,32.001,38.92
468.52,194.3,32.001,38.92
468.24,194.85,32.001,38.92
467.96,194.58,32.001,38.92
468.52,194.58,32.001,38.92
468.24,194.3,32.001,38.92
467.89,194.7,32.709,39.781
467.81,194.55,33.432,40.661
471.38,206.08,32.719,39.794
477.35,207.79,32.719,39.794
482.19,195.28,32.719,39.794
487.02,186.75,32.719,39.794
488.44,201.82,32.719,39.794
477.92,209.49,32.719,39.794
448.64,235.65,32.719,39.794
446.14,233.23,32.022,38.945
445.65,232.25,31.339,38.115
445.38,235.25,31.339,38.115
445.71,235.66,30.67,37.302
445.9,234.98,31.349,38.127
445.63,234.71,31.349,38.127
445.9,234.71,31.349,38.127
445.63,234.43,31.349,38.127
445.9,234.71,31.349,38.127
445.63,234.43,31.349,38.127
445.9,234.71,31.349,38.127
445.63,234.43,31.349,38.127
445.9,234.71,31.349,38.127
445.63,234.43,31.349,38.127
445.9,234.71,31.349,38.127
445.63,234.16,31.349,38.127
445.83,234.01,32.043,38.971
446.11,233.18,32.043,38.971
447.5,241.53,32.043,38.971
447.78,235.96,32.043,38.971
446.03,232.75,32.752,39.833
448.61,246.49,32.752,39.833
451.47,237.33,32.752,39.833
489.47,234.6,33.476,40.714
528.98,211.07,32.762,39.846
528.98,200.48,32.762,39.846
530.98,197.62,32.762,39.846
528.98,197.33,32.762,39.846
525.83,194.76,32.762,39.846
525.54,200.77,32.762,39.846
517.87,239.27,32.064,38.996
501.61,276.56,32.064,38.996
519.84,306.56,32.064,38.996
524.04,308.52,32.064,38.996
532.17,295.91,32.064,38.996
537.5,287.77,32.064,38.996
541.43,295.06,32.064,38.996
543.39,312.45,32.064,38.996
542.83,325.35,32.064,38.996
541.43,328.15,32.064,38.996
548.92,325.48,32.773,39.859
556.72,328.19,32.074,39.009
543.6,325.24,31.39,38.177
541.19,322.36,30.721,37.363
541.92,325.97,31.401,38.19
543.08,327.75,30.731,37.375
539.92,328.42,30.076,36.578
505.29,314.88,29.434,35.798
504.01,310.77,29.434,35.798
502.91,302.41,30.085,36.59
505.07,289.67,29.444,35.81
501.73,282.73,29.444,35.81
509.5,293.13,28.816,35.046
530.58,326.76,28.816,35.046
515.83,339.18,28.201,34.299
526.86,351.19,28.201,34.299
529.31,355.85,28.201,34.299
532.98,345.8,28.201,34.299
531.69,337.82,28.825,35.058
533.7,331.8,28.825,35.058
537.27,329.16,28.211,34.31
541.19,328.67,28.211,34.31
543.89,327.69,28.211,34.31
546.76,324.37,28.835,35.069
548.52,316.84,28.835,35.069
550.33,306.42,28.22,34.322
557.68,295.39,28.22,34.322
557.49,299.19,27.618,33.59
548.14,309.92,27.029,32.873
547.02,303.45,26.453,32.172
572.7,299.51,26.453,32.172
574.55,295.81,26.453,32.172
574.83,299.63,25.889,31.486
549.86,298.16,25.337,30.815
550.52,299.71,25.337,30.815
555.44,297.16,24.796,30.158
557.43,295.32,24.267,29.514
559.34,292.78,24.267,29.514
564.89,288.86,23.75,28.885
566.14,285.33,23.75,28.885
567.59,283.04,23.75,28.885
570.09,279.71,23.75,28.885
575.08,295.51,23.75,28.885
575.12,295.4,23.243,28.269
574.92,294.8,23.243,28.269
574.92,294.8,23.243,28.269
574.52,294.39,23.243,28.269
574.72,292.78,23.243,28.269
576.94,285.3,23.243,28.269
579.77,276.22,23.243,28.269
581.93,273.48,23.758,28.895
581.1,273.9,23.758,28.895
581.15,261.73,23.251,28.278
572.31,266.28,22.755,27.675
569.97,273.5,22.27,27.085
575.26,267.97,21.795,26.508
578.3,262.64,21.795,26.508
581.2,265.59,21.33,25.942
579.93,270.89,20.875,25.389
579.98,271.35,20.43,24.848
581.44,269.11,19.995,24.318
583.01,267.37,19.995,24.318
582.84,269.99,19.995,24.318
583.36,270.86,19.995,24.318
582.31,271.21,19.995,24.318
580.57,272.43,19.995,24.318
572.5,277.05,20.437,24.856
563.57,282.22,20.437,24.856
554.96,285.16,20.889,25.406
565.49,295.09,21.351,25.968
564.32,291.26,21.824,26.542
564.13,288.03,21.824,26.542
565.46,284.22,21.824,26.542
566.41,278.9,21.824,26.542
567.17,275.86,21.824,26.542
565.89,268.53,21.358,25.976
562.86,265.64,21.831,26.551
561.85,263.25,22.314,27.138
561.8,261.59,22.808,27.739
562.59,264.56,22.808,27.739
565.36,268.32,22.808,27.739
567.54,269.71,22.808,27.739
571.7,269.51,22.808,27.739
573.88,276.05,22.808,27.739
594.67,294.27,22.808,27.739
596.85,309.71,22.808,27.739
595.61,331.98,23.312,28.353
591.68,335.14,23.828,28.98
589.55,342.92,24.355,29.621
590.02,350.86,23.836,28.989
592.25,356.78,24.363,29.631
598.12,362.8,24.902,30.286
601.76,365.3,25.453,30.956
604.42,371.06,25.453,30.956
598.71,380.69,24.91,30.296
596.37,387.76,24.379,29.65
596.31,389.76,24.918,30.306
596.9,388.99,25.47,30.977
595.07,390.42,26.033,31.662
594.33,390.07,26.609,32.363
594.1,392.85,26.609,32.363
595.65,392.49,27.198,33.079
596.84,391.78,27.198,33.079
598.44,390.47,27.8,33.811
597.95,389.98,27.8,33.811
598.92,388.52,27.8,33.811
599.89,385.36,27.8,33.811
599.83,384.99,28.415,34.559
598.53,388.31,29.044,35.323
596.76,392.61,29.044,35.323
595.17,395.51,29.686,36.105
595.62,391.74,30.343,36.904
595.09,390.68,30.343,36.904
594.56,390.68,30.343,36.904
592.9,391.07,31.014,37.72
628.55,376.31,31.7,38.555
628.75,380.58,32.402,39.408
628.67,380.15,33.119,40.28
628.59,379.13,33.851,41.171
627.63,378.97,34.6,42.082
627.85,378.5,35.366,43.013
618.84,382.95,36.148,43.964
617.81,384.67,36.948,44.937
617.08,384.18,37.766,45.931
616.66,382.35,38.601,46.947
615.9,379.47,39.455,47.986
615.55,377.41,39.455,47.986
614.87,380.16,39.455,47.986
614.09,383.06,40.328,49.048
612.94,384.62,41.221,50.133
612.13,384.42,42.133,51.242
612.03,382.39,43.065,52.376
611.92,381.44,44.018,53.535
612.97,381.23,44.991,54.719
612.48,381.41,45.987,55.93
612.77,385.19,47.004,57.167
614.41,386.01,47.004,57.167
615.94,385.79,48.044,58.432
616.66,385.56,49.107,59.725
616.55,387.04,50.194,61.046
616.43,386.8,51.304,62.397
616.31,386.11,52.439,63.778
615.73,384.94,53.6,65.189
614.2,383.76,54.786,66.631
612.3,384.23,54.786,66.631
609.44,384.23,54.786,66.631
608.36,386.36,55.998,68.105
606.27,386.58,57.237,69.612
605.64,387.3,58.503,71.152
604.99,388.04,59.797,72.726
604.99,388.57,59.797,72.726
604.99,389.09,59.797,72.726
604.99,389.09,59.797,72.726
604.99,389.09,59.797,72.726
604.99,389.09,59.797,72.726
605.51,389.61,59.797,72.726
604.99,390.65,59.797,72.726
603.29,388.8,61.12,74.336
602.61,389.05,62.473,75.98
601.37,387.12,63.855,77.661
600.67,385.7,65.268,79.38
600.51,381.98,66.712,81.136
601.1,379.07,66.712,81.136
593.95,376.42,68.188,82.931
596.46,377.31,66.734,81.162
600.09,379.34,65.31,79.432
600.65,379.34,65.31,79.432
600.65,379.34,65.31,79.432
600.21,383.03,63.918,77.738
599.1,384.7,63.918,77.738
600.9,386.09,62.555,76.08
600.35,386.09,62.555,76.08
601.56,389.62,61.221,74.457
603.28,392.02,59.915,72.87
603.8,388.37,59.915,72.87
606.41,385.76,59.915,72.87
608.61,384.45,58.637,71.316
610.26,384.18,57.387,69.795
611.38,385.43,56.163,68.306
611.87,384.94,56.163,68.306
612.46,385.67,54.965,66.85
612.46,385.67,54.965,66.85
612.46,385.67,54.965,66.85
612.46,385.67,54.965,66.85
612.94,386.15,54.965,66.85
613.42,386.15,54.965,66.85
612.94,385.67,54.965,66.85
612.94,385.67,54.965,66.85
612.94,385.67,54.965,66.85
612.94,385.67,54.965,66.85
612.94,386.15,54.965,66.85
612.94,386.15,54.965,66.85
612.46,386.15,54.965,66.85
611.51,386.62,54.965,66.85
611.51,387.58,54.965,66.85
611.51,387.58,54.965,66.85
611.03,387.58,54.965,66.85
610.07,388.06,54.965,66.85
609.59,390.93,54.965,66.85
609.59,393.32,54.965,66.85
609.12,393.32,54.965,66.85
609.12,394.28,54.965,66.85
609.12,394.28,54.965,66.85
610.07,394.76,54.965,66.85
610.55,395.24,54.965,66.85
611.51,394.76,54.965,66.85
611.51,394.28,54.965,66.85
611.99,392.37,54.965,66.85
612.46,391.41,54.965,66.85
612.46,390.45,54.965,66.85
612.46,389.97,54.965,66.85
612.94,389.97,54.965,66.85
613.9,390.45,54.965,66.85
614.38,390.45,54.965,66.85
613.42,389.49,54.965,66.85
612.46,389.02,54.965,66.85
612.46,389.02,54.965,66.85
612.94,389.02,54.965,66.85
613.42,389.02,54.965,66.85
613.42,389.97,54.965,66.85
613.42,390.93,54.965,66.85
613.42,391.89,54.965,66.85
614.01,394.51,53.793,65.424
614.94,395.92,53.793,65.424
615.05,395.68,52.646,64.029
615.05,391.09,52.646,64.029
616.43,391.09,52.646,64.029
616.43,392.47,52.646,64.029
616.43,393.39,52.646,64.029
615.61,394.07,51.523,62.664
614.26,393.17,51.523,62.664
612.02,393.62,51.523,62.664
612.02,397.21,51.523,62.664
611.12,396.76,51.523,62.664
606.51,394.72,52.663,64.05
599.5,388.97,53.829,65.467
597.5,386.84,55.019,66.916
595.93,384.17,56.237,68.396
595.31,382.93,57.481,69.909
595.31,383.43,57.481,69.909
595.67,385.65,58.753,71.456
596.56,385.38,60.053,73.037
596.94,384.57,61.381,74.653
598.01,384.03,61.381,74.653
598.55,384.03,61.381,74.653
599.08,384.57,61.381,74.653
597.87,383.21,62.739,76.305
596.78,382.66,62.739,76.305
595.13,383.21,62.739,76.305
593.61,386.76,61.401,74.677
594.27,388.09,60.092,73.085
594.91,387.82,58.811,71.526
594.4,387.31,58.811,71.526
594,388.07,57.556,70.001
594.62,388.82,56.329,68.508
595.71,389.55,55.128,67.047
594.75,388.59,55.128,67.047
594.27,388.11,55.128,67.047
594.75,388.11,55.128,67.047
595.71,387.14,55.128,67.047
595.71,384.74,55.128,67.047
594.75,381.38,55.128,67.047
593.79,378.02,55.128,67.047
592.82,372.25,55.128,67.047
592.34,371.77,55.128,67.047
591.49,372.49,53.952,65.618
591.49,374.37,53.952,65.618
591.49,376.72,53.952,65.618
591.49,378.6,53.952,65.618
591.49,380.02,53.952,65.618
592.43,380.02,53.952,65.618
593.37,379.55,53.952,65.618
594.31,382.84,53.952,65.618
595.26,394.13,53.952,65.618
595.26,398.37,53.952,65.618
599.02,398.84,53.952,65.618
602.78,399.31,53.952,65.618
606.08,402.6,53.952,65.618
608.78,408.47,55.146,67.069
609.13,409.65,56.366,68.553
609.62,412.6,56.366,68.553
612.57,416.54,56.366,68.553
613.06,417.52,56.366,68.553
613.06,418.01,56.366,68.553
614.65,417.76,55.164,67.091
615.24,417.03,53.988,65.661
615.34,417.73,52.836,64.26
612.68,418.42,51.71,62.89
607.27,417.97,51.71,62.89
599.03,415.92,52.854,64.281
591.76,415.22,51.726,62.911
590.41,416.13,51.726,62.911
592.09,418.14,52.871,64.302
591.73,420.66,51.743,62.931
590.38,413.9,51.743,62.931
591.83,411.41,50.64,61.589
594.14,407.22,49.56,60.276
594.88,381.53,50.657,61.609
590.03,369.62,50.657,61.609
591.35,370.06,50.657,61.609
589.15,365.65,50.657,61.609
585.62,364.32,50.657,61.609
584.39,363.66,49.576,60.296
583.63,360.85,48.519,59.01
608.62,417.6,48.519,59.01
609.46,416.76,48.519,59.01
610.73,414.64,48.519,59.01
611.47,412.29,49.593,60.315
610.61,409.27,49.593,60.315
607.59,401.51,49.593,60.315
607.59,398.49,49.593,60.315
588.49,399.98,50.69,61.65
588.37,401.06,51.811,63.014
588.37,401.51,51.811,63.014
591.07,401.51,51.811,63.014
605.06,399.71,51.811,63.014
610.47,400.61,51.811,63.014
612.27,401.06,51.811,63.014
615.76,401.26,52.958,64.408
617.94,402.4,54.129,65.833
618.75,404.03,55.327,67.29
622.61,404.51,55.327,67.29
624.54,404.99,55.327,67.29
624.54,404.99,55.327,67.29
624.06,406.44,55.327,67.29
621.65,408.85,55.327,67.29
622.13,409.82,55.327,67.29
622.61,409.82,55.327,67.29
622.48,409.56,56.551,68.778
620.38,409.29,57.802,70.3
620.38,409.29,57.802,70.3
623.4,406.26,57.802,70.3
627.3,404.48,59.081,71.855
632.46,396.74,59.081,71.855
633.49,395.71,59.081,71.855
632.46,394.68,59.081,71.855
632.97,394.68,59.081,71.855
631.94,395.71,59.081,71.855
630.39,396.23,59.081,71.855
628.85,393.65,59.081,71.855
627.3,388.49,59.081,71.855
628.33,384.88,59.081,71.855
628.45,384.1,57.821,70.323
615.34,390.65,57.821,70.323
608.29,395.19,57.821,70.323
596.7,402.75,57.821,70.323
597.82,410.05,56.588,68.823
603.36,414.24,55.381,67.356
605.88,421.23,54.2,65.919
608.72,427.37,54.2,65.919
610.14,431.62,54.2,65.919
610.61,432.57,54.2,65.919
610.61,432.57,54.2,65.919
609.66,432.57,54.2,65.919
609.19,432.57,54.2,65.919
608.72,432.57,54.2,65.919
608.72,432.57,54.2,65.919
608.59,430.42,55.4,67.378
608.46,429.68,56.625,68.869
608.82,428.92,57.878,70.392
603.78,427.91,57.878,70.392
607.82,427.91,57.878,70.392
606.81,427.91,57.878,70.392
606.81,428.41,57.878,70.392
607.31,428.41,57.878,70.392
607.82,427.91,57.878,70.392
605.8,427.91,57.878,70.392
605.8,428.41,57.878,70.392
606.3,427.91,57.878,70.392
606.81,428.41,57.878,70.392
607.31,427.91,57.878,70.392
607.31,428.41,57.878,70.392
607.31,427.91,57.878,70.392
607.31,428.41,57.878,70.392
607.31,428.41,57.878,70.392
607.82,427.91,57.878,70.392
607.31,427.91,57.878,70.392
607.82,428.41,57.878,70.392
606.81,427.91,57.878,70.392
606.81,428.41,57.878,70.392
607.31,428.41,57.878,70.392
607.31,428.41,57.878,70.392
607.31,428.41,57.878,70.392
607.82,428.41,57.878,70.392
606.3,427.91,57.878,70.392
606.3,428.41,57.878,70.392
606.81,428.41,57.878,70.392
606.81,428.41,57.878,70.392
607.82,427.91,57.878,70.392
607.18,427.13,59.159,71.95
606.01,426.33,60.468,73.542
604.42,426.33,60.468,73.542
601.26,425.81,60.468,73.542
600.73,423.7,60.468,73.542
599.15,423.17,60.468,73.542
600.59,421.3,61.805,75.169
603.29,420.76,61.805,75.169
604.9,421.3,61.805,75.169
608.14,420.76,61.805,75.169
609.22,420.76,61.805,75.169
609.22,420.76,61.805,75.169
609.22,420.76,61.805,75.169
610.95,421.56,60.487,73.566
614.76,422.35,59.197,71.997
614.25,422.86,59.197,71.997
606.89,422.07,60.507,73.59
599.89,421.25,61.846,75.218
599.21,420.96,63.214,76.882
599.06,420.66,64.613,78.583
598.91,420.35,66.042,80.322
598.33,419.78,66.042,80.322
595.29,418.31,67.504,82.099
595.13,417.4,68.997,83.915
595.58,415.87,70.524,85.772
597.86,414.31,72.084,87.67
597.24,414.94,72.084,87.67
598.95,413.97,73.679,89.609
604.55,412.34,75.309,91.592
608.31,410.67,76.975,93.619
602.95,411.34,76.975,93.619
600.93,412.01,76.975,93.619
604.78,410.97,78.678,95.69
604.78,410.28,78.678,95.69
604.78,410.97,78.678,95.69
602.03,411.66,78.678,95.69
597.23,411.66,78.678,95.69
596.69,413.36,77.001,93.649
599.53,415.03,75.358,91.652
601.64,416.67,73.751,89.698
602.93,416.67,73.751,89.698
604.86,416.67,73.751,89.698
606.15,416.67,73.751,89.698
605.5,417.31,73.751,89.698
604.86,417.31,73.751,89.698
604.86,417.31,73.751,89.698
604.86,417.95,73.751,89.698
604.86,418.6,73.751,89.698
604.22,419.24,73.751,89.698
603.57,419.24,73.751,89.698
602.93,419.24,73.751,89.698
602.93,419.24,73.751,89.698
602.93,419.24,73.751,89.698
601,418.6,73.751,89.698
601.79,416.34,72.179,87.785
603.68,411.3,72.179,87.785
605.56,409.41,72.179,87.785
609.34,403.12,72.179,87.785
610.43,392.71,73.776,89.727
611.72,383.06,73.776,89.727
611.07,376.63,73.776,89.727
611.07,375.99,73.776,89.727
609.79,377.91,73.776,89.727
606.4,378.85,75.408,91.712
605.08,372.94,75.408,91.712
604.91,363.39,77.076,93.741
606.4,350.93,75.433,91.742
609.51,343.35,77.102,93.772
608.31,351.75,75.457,91.772
608.97,366.2,75.457,91.772
610.94,371.45,75.457,91.772
623.24,359.27,77.127,93.803
634.68,345.15,77.127,93.803
636.69,340.44,77.127,93.803
637.52,341.44,75.482,91.803
637.66,345.71,73.872,89.845
637.17,347.95,72.297,87.929
637.62,345.09,73.897,89.874
626.19,352.48,72.321,87.958
617.52,354.67,70.778,86.082
617.04,355.59,69.269,84.246
617.78,354.68,67.792,82.45
618.5,353.2,66.346,80.691
619.79,352.32,64.931,78.971
619.22,352.89,64.931,78.971
619.22,357.99,64.931,78.971
620.48,364.5,63.547,77.287
621.71,369.19,62.192,75.638
619.67,377.58,60.865,74.025
612.62,394.82,62.212,75.663
614.25,419.81,62.212,75.663
616.42,425.24,62.212,75.663
616.82,426.57,63.588,77.337
617.23,426.83,64.995,79.048
617.79,427.4,64.995,79.048
617.23,427.96,64.995,79.048
617.35,428.8,63.609,77.363
616.8,428.8,63.609,77.363
616.24,428.8,63.609,77.363
616.24,428.8,63.609,77.363
616.8,429.36,63.609,77.363
616.24,429.36,63.609,77.363
617.48,430.18,62.253,75.713
618.14,430.99,60.925,74.098
618.14,430.99,60.925,74.098
619.32,431.78,59.626,72.518
621,432.56,58.354,70.972
621.5,432.56,58.354,70.972
621,432.56,58.354,70.972
621,432.56,58.354,70.972
621.5,432.56,58.354,70.972
621,432.56,58.354,70.972
621.5,432.56,58.354,70.972
621,432.56,58.354,70.972
621,432.56,58.354,70.972
621,432.56,58.354,70.972
621,432.56,58.354,70.972
621,432.56,58.354,70.972
621,432.56,58.354,70.972
621,432.56,58.354,70.972
621,432.56,58.354,70.972
621,432.56,58.354,70.972
621,432.56,58.354,70.972
621,432.56,58.354,70.972
621,432.56,58.354,70.972
621,432.56,58.354,70.972
621,432.56,58.354,70.972
621,432.56,58.354,70.972
621,432.56,58.354,70.972
621,432.56,58.354,70.972
621,432.56,58.354,70.972
621,432.56,58.354,70.972
621,432.56,58.354,70.972
621,432.56,58.354,70.972
621,432.56,58.354,70.972
621,432.56,58.354,70.972
621,432.56,58.354,70.972
621,432.56,58.354,70.972
621,432.56,58.354,70.972
621,432.56,58.354,70.972
621.5,432.56,58.354,70.972
621.5,432.56,58.354,70.972
621.5,432.56,58.354,70.972
621.5,432.56,58.354,70.972
621.5,432.56,58.354,70.972
621.5,432.56,58.354,70.972
621.5,432.56,58.354,70.972
621.5,432.56,58.354,70.972
621.5,432.56,58.354,70.972
621.5,432.56,58.354,70.972
621.5,432.56,58.354,70.972
621.5,432.56,58.354,70.972
621.5,432.56,58.354,70.972
621.5,432.56,58.354,70.972
621.5,432.56,58.354,70.972
621.5,432.56,58.354,70.972
621.5,432.56,58.354,70.972
621.5,432.56,58.354,70.972
621.5,432.56,58.354,70.972
621.5,432.56,58.354,70.972
622.01,432.56,58.354,70.972
622.52,432.56,58.354,70.972
622.01,432.56,58.354,70.972
622.01,432.56,58.354,70.972
622.01,432.56,58.354,70.972
622.52,432.56,58.354,70.972
622.52,433.06,58.354,70.972
622.01,433.06,58.354,70.972
622.01,432.56,58.354,70.972
622.01,432.56,58.354,70.972
622.01,432.56,58.354,70.972
622.01,432.56,58.354,70.972
622.01,432.56,58.354,70.972
622.01,432.56,58.354,70.972
622.01,432.56,58.354,70.972
622.01,432.56,58.354,70.972
622.01,432.56,58.354,70.972
622.01,432.56,58.354,70.972
622.52,432.56,58.354,70.972
622.52,433.06,58.354,70.972
622.52,433.06,58.354,70.972
622.52,433.06,58.354,70.972
622.52,433.06,58.354,70.972
622.52,433.06,58.354,70.972
622.52,433.06,58.354,70.972
622.52,433.06,58.354,70.972
622.52,433.06,58.354,70.972
622.52,433.06,58.354,70.972
622.01,433.06,58.354,70.972
622.01,433.06,58.354,70.972
622.01,433.06,58.354,70.972
622.01,433.06,58.354,70.972
621.5,432.56,58.354,70.972
621,432.56,58.354,70.972
622.63,433.31,57.11,69.458
623.13,433.81,57.11,69.458
623.13,433.81,57.11,69.458
622.63,433.81,57.11,69.458
622.63,433.81,57.11,69.458
626.12,433.81,57.11,69.458
628.11,433.81,57.11,69.458
627.12,433.81,57.11,69.458
626.12,434.31,57.11,69.458
625.62,434.31,57.11,69.458
624.49,432.54,58.374,70.995
622.57,432.79,57.129,69.481
616.46,431.53,58.393,71.018
619.01,431.53,58.393,71.018
612.39,431.53,58.393,71.018
615.44,431.53,58.393,71.018
617.6,432.79,57.147,69.504
619.09,432.79,57.147,69.504
617.6,432.3,57.147,69.504
620.59,432.3,57.147,69.504
619.59,432.3,57.147,69.504
618.59,432.3,57.147,69.504
620.59,432.3,57.147,69.504
619.59,432.3,57.147,69.504
622.08,432.79,57.147,69.504
621.58,432.79,57.147,69.504
620.59,432.79,57.147,69.504
618.59,432.79,57.147,69.504
623.08,432.79,57.147,69.504
623.08,433.29,57.147,69.504
627.17,434.53,55.929,68.021
626.19,434.53,55.929,68.021
625.22,435.02,55.929,68.021
625.33,435.26,54.736,66.571
625.91,436.44,53.569,65.151
626.01,437.14,52.426,63.762
626.47,436.68,52.426,63.762
626.47,436.68,52.426,63.762
625.1,436.22,52.426,63.762
623.27,435.77,52.426,63.762
626.01,435.77,52.426,63.762
623.73,435.77,52.426,63.762
626.47,435.77,52.426,63.762
624.64,435.77,52.426,63.762
624.06,435.06,53.586,65.173
627.8,435.53,53.586,65.173
626.86,435.99,53.586,65.173
625.93,435.99,53.586,65.173
624.53,435.53,53.586,65.173
622.66,435.06,53.586,65.173
625.93,434.59,53.586,65.173
624.06,434.59,53.586,65.173
623.13,434.59,53.586,65.173
623.13,434.59,53.586,65.173
625,434.59,53.586,65.173
624.06,434.59,53.586,65.173
625.8,433.87,54.772,66.615
625.33,433.87,54.772,66.615
625.33,433.87,54.772,66.615
625.33,434.35,54.772,66.615
625.91,435.06,53.604,65.194
625.91,435.06,53.604,65.194
625.91,435.06,53.604,65.194
625.91,435.06,53.604,65.194
625.91,435.06,53.604,65.194
625.91,435.53,53.604,65.194
625.91,435.99,53.604,65.194
625.91,435.99,53.604,65.194
625.91,435.99,53.604,65.194
625.91,435.99,53.604,65.194
625.91,435.99,53.604,65.194
625.91,435.99,53.604,65.194
625.91,435.99,53.604,65.194
626.38,435.99,53.604,65.194
626.38,435.99,53.604,65.194
626.38,435.99,53.604,65.194
626.38,435.99,53.604,65.194
626.38,435.99,53.604,65.194
626.38,435.99,53.604,65.194
626.85,435.99,53.604,65.194
626.85,435.99,53.604,65.194
626.85,435.99,53.604,65.194
626.85,435.99,53.604,65.194
626.85,435.99,53.604,65.194
626.85,435.99,53.604,65.194
627.31,435.99,53.604,65.194
627.78,435.99,53.604,65.194
627.78,435.99,53.604,65.194
627.78,435.99,53.604,65.194
627.78,435.99,53.604,65.194
627.31,435.99,53.604,65.194
627.31,435.99,53.604,65.194
627.31,435.53,53.604,65.194
627.31,435.99,53.604,65.194
627.31,435.99,53.604,65.194
626.85,435.99,53.604,65.194
625.91,435.99,53.604,65.194
625.45,435.99,53.604,65.194
626.02,436.22,52.461,63.804
625.56,436.22,52.461,63.804
626.12,436.9,51.342,62.443
625.67,436.9,51.342,62.443
625.23,436.9,51.342,62.443
624.78,436.9,51.342,62.443
627.91,437.35,51.342,62.443
626.57,436.9,51.342,62.443
626.57,436.9,51.342,62.443
627.01,436.9,51.342,62.443
626.57,436.9,51.342,62.443
626.57,436.9,51.342,62.443
626.57,436.9,51.342,62.443
626.57,436.9,51.342,62.443
626.57,436.9,51.342,62.443
626.57,436.9,51.342,62.443
626.57,436.9,51.342,62.443
626.57,436.9,51.342,62.443
626.57,436.9,51.342,62.443
626.57,436.9,51.342,62.443
626.57,436.9,51.342,62.443
626.57,436.9,51.342,62.443
626.57,436.9,51.342,62.443
626.57,436.9,51.342,62.443
626.57,436.9,51.342,62.443
626.57,436.9,51.342,62.443
626.12,436.9,51.342,62.443
625.67,436.45,51.342,62.443
625.67,436.45,51.342,62.443
625.67,436.45,51.342,62.443
626.12,436.01,51.342,62.443
625.67,436.01,51.342,62.443
625.67,436.01,51.342,62.443
625.67,436.01,51.342,62.443
625.67,436.01,51.342,62.443
625.67,436.01,51.342,62.443
625.67,436.01,51.342,62.443
625.67,436.01,51.342,62.443
625.67,436.45,51.342,62.443
626.12,436.01,51.342,62.443
626.12,436.01,51.342,62.443
626.12,436.01,51.342,62.443
626.12,436.01,51.342,62.443
626.12,436.01,51.342,62.443
626.12,436.01,51.342,62.443
625.67,436.01,51.342,62.443
625.67,436.01,51.342,62.443
625.67,436.01,51.342,62.443
625.67,436.01,51.342,62.443
625.67,436.01,51.342,62.443
625.67,436.01,51.342,62.443
625.67,436.01,51.342,62.443
625.67,436.01,51.342,62.443
625.67,436.45,51.342,62.443
625.67,436.01,51.342,62.443
625.67,436.45,51.342,62.443
625.67,436.45,51.342,62.443
625.67,436.45,51.342,62.443
625.67,436.45,51.342,62.443
625.67,436.45,51.342,62.443
625.67,436.45,51.342,62.443
626.12,436.45,51.342,62.443
626.12,436.45,51.342,62.443
626.12,436.45,51.342,62.443
626.12,436.45,51.342,62.443
626.12,436.45,51.342,62.443
626.12,436.45,51.342,62.443
626.12,436.45,51.342,62.443
626.12,436.45,51.342,62.443
626.12,436.45,51.342,62.443
626.12,436.45,51.342,62.443
626.12,436.45,51.342,62.443
626.12,436.45,51.342,62.443
626.12,436.01,51.342,62.443
626.12,436.01,51.342,62.443
625.67,436.45,51.342,62.443
625.67,436.45,51.342,62.443
627.46,436.45,51.342,62.443
627.01,436.45,51.342,62.443
626.57,436.45,51.342,62.443
626.57,436.45,51.342,62.443
626.57,436.45,51.342,62.443
626.57,436.45,51.342,62.443
626.57,436.45,51.342,62.443
626.12,436.45,51.342,62.443
625.67,436.9,51.342,62.443
625.67,437.35,51.342,62.443
627.01,436.9,51.342,62.443
626.57,436.9,51.342,62.443
626.12,437.35,51.342,62.443
626.12,437.35,51.342,62.443
626.12,437.35,51.342,62.443
626.12,436.9,51.342,62.443
626.12,436.9,51.342,62.443
625.67,437.35,51.342,62.443
627.01,437.35,51.342,62.443
626.12,437.35,51.342,62.443
626.12,437.35,51.342,62.443
626.12,437.35,51.342,62.443
626.12,437.35,51.342,62.443
626.12,437.35,51.342,62.443
626.12,437.35,51.342,62.443
626.12,437.35,51.342,62.443
626.12,437.35,51.342,62.443
626.57,436.45,51.342,62.443
626.57,436.45,51.342,62.443
626.57,436.9,51.342,62.443
626.57,437.35,51.342,62.443
626.57,437.35,51.342,62.443
626.57,436.9,51.342,62.443
627.01,436.9,51.342,62.443
626.57,436.9,51.342,62.443
627.01,436.9,51.342,62.443
626.57,437.35,51.342,62.443
626.57,436.9,51.342,62.443
626.57,437.35,51.342,62.443
626.57,437.35,51.342,62.443
627.01,436.9,51.342,62.443
626.57,436.9,51.342,62.443
627.01,436.9,51.342,62.443
626.57,436.9,51.342,62.443
627.01,436.9,51.342,62.443
627.01,436.9,51.342,62.443
627.01,436.9,51.342,62.443
627.01,436.9,51.342,62.443
626.57,437.35,51.342,62.443
627.46,436.9,51.342,62.443
627.01,437.35,51.342,62.443
626.57,437.35,51.342,62.443
627.46,436.9,51.342,62.443
627.01,437.35,51.342,62.443
626.57,437.35,51.342,62.443
628.8,436.45,51.342,62.443
628.35,436.45,51.342,62.443
627.79,436.21,52.478,63.825
626.87,436.21,52.478,63.825
626.42,436.21,52.478,63.825
627.79,436.21,52.478,63.825
627.33,436.21,52.478,63.825
627.79,436.21,52.478,63.825
626.87,436.67,52.478,63.825
626.42,437.12,52.478,63.825
626.87,436.67,52.478,63.825
627.33,436.67,52.478,63.825
627.79,436.67,52.478,63.825
626.75,435.51,53.639,65.237
626.75,435.51,53.639,65.237
626.75,435.04,53.639,65.237
626.28,434.57,53.639,65.237
626.39,435.73,52.495,63.846
625.02,436.19,52.495,63.846
624.21,436.87,51.376,62.484
619.74,436.87,51.376,62.484
617.5,436.42,51.376,62.484
617.38,435.73,52.512,63.866
616.92,436.19,52.512,63.866
613.72,436.19,52.512,63.866
613.72,436.19,52.512,63.866
612.81,429.34,52.512,63.866
608.24,413.35,52.512,63.866
601.95,387.53,51.393,62.504
635.13,391.33,50.297,61.172
676.52,427.12,49.224,59.867
685.96,412.94,49.224,59.867
687.35,398.12,48.174,58.59
676.95,405.04,47.147,57.341
671.9,413.88,48.19,58.61
674.72,414.91,49.256,59.906
672.03,417.68,50.346,61.232
669.72,416.13,51.46,62.586
669.15,418.58,52.599,63.971
671.44,422.25,52.599,63.971
675.67,424.77,51.477,62.607
672.41,426.32,52.616,63.992
674.58,418.27,53.78,65.408
677.03,416.15,52.633,64.013
674.61,414.99,53.798,65.429
663.24,402.55,54.988,66.877
661.8,395.85,54.988,66.877
656.41,384.11,56.204,68.357
652.11,377.48,55.006,66.899
651.98,371.48,56.223,68.379
651.6,368.29,55.024,66.921
651.6,378.86,55.024,66.921
657.47,393.02,53.851,65.494
662.96,397.92,55.042,66.943
665.24,398.62,56.26,68.424
665.73,396.66,56.26,68.424
665.59,395.41,57.504,69.938
664.46,399.16,58.777,71.485
663.29,402.46,60.077,73.067
662.63,403.74,61.406,74.683
660.49,404.28,61.406,74.683
649.78,403.74,61.406,74.683
632.77,416.85,60.097,73.091
623.21,426.51,61.427,74.708
606.47,425.69,62.786,76.361
559.97,352.93,62.786,76.361
567.08,347.46,62.786,76.361
567.08,339.8,62.786,76.361
573.5,337.86,64.175,78.05
580.05,340.35,65.595,79.777
581.62,342.33,67.046,81.542
582.2,350.51,67.046,81.542
583.37,366.29,67.046,81.542
585.12,377.97,67.046,81.542
585.71,390.24,67.046,81.542
586.29,402.52,67.046,81.542
582.2,411.86,67.046,81.542
582.79,424.72,67.046,81.542
584.54,424.72,67.046,81.542
601.91,423.23,68.529,83.346
604.14,419.92,70.046,85.19
604.59,418.37,71.595,87.075
576.67,421.79,70.068,85.218
571.93,424.53,68.574,83.401
573.12,423.93,68.574,83.401
573.26,424.82,67.112,81.623
573.26,424.82,67.112,81.623
573.26,424.82,67.112,81.623
573.26,424.82,67.112,81.623
573.97,425.69,65.681,79.882
573.97,425.69,65.681,79.882
573.97,425.69,65.681,79.882
573.97,425.69,65.681,79.882
574.55,425.69,65.681,79.882
575.12,426.26,65.681,79.882
574.55,426.26,65.681,79.882
575.12,426.83,65.681,79.882
575.12,426.83,65.681,79.882
575.12,426.83,65.681,79.882
575.12,426.83,65.681,79.882
575.12,426.83,65.681,79.882
575.12,426.83,65.681,79.882
577.83,424.23,67.134,81.649
574.32,424.23,67.134,81.649
575.04,425.1,65.702,79.908
573.89,425.68,65.702,79.908
574.46,425.68,65.702,79.908
575.04,425.68,65.702,79.908
575.04,425.68,65.702,79.908
575.04,425.68,65.702,79.908
574.46,425.68,65.702,79.908
575.04,425.68,65.702,79.908
574.46,425.68,65.702,79.908
575.04,425.68,65.702,79.908
574.46,425.68,65.702,79.908
575.04,426.25,65.702,79.908
574.46,426.25,65.702,79.908
575.04,426.25,65.702,79.908
574.46,426.25,65.702,79.908
575.04,426.82,65.702,79.908
575.61,426.82,65.702,79.908
576.18,426.82,65.702,79.908
575.61,426.25,65.702,79.908
575.61,426.25,65.702,79.908
575.61,426.25,65.702,79.908
575.61,426.25,65.702,79.908
575.61,426.25,65.702,79.908
575.61,426.25,65.702,79.908
575.61,426.25,65.702,79.908
575.61,426.25,65.702,79.908
575.61,426.25,65.702,79.908
575.61,426.25,65.702,79.908
575.61,426.25,65.702,79.908
575.61,426.25,65.702,79.908
575.61,426.25,65.702,79.908
575.61,426.25,65.702,79.908
575.61,426.25,65.702,79.908
575.61,426.25,65.702,79.908
575.04,426.25,65.702,79.908
574.46,426.25,65.702,79.908
575.04,426.25,65.702,79.908
574.46,426.25,65.702,79.908
575.04,426.25,65.702,79.908
574.46,426.25,65.702,79.908
575.04,426.25,65.702,79.908
574.46,426.25,65.702,79.908
575.04,426.82,65.702,79.908
575.61,426.82,65.702,79.908
576.18,426.82,65.702,79.908
575.04,426.82,65.702,79.908
575.61,426.82,65.702,79.908
576.18,426.82,65.702,79.908
575.04,426.82,65.702,79.908
575.61,426.82,65.702,79.908
576.18,426.82,65.702,79.908
575.04,426.82,65.702,79.908
575.61,426.82,65.702,79.908
576.18,426.82,65.702,79.908
575.04,426.82,65.702,79.908
575.61,426.82,65.702,79.908
576.18,426.82,65.702,79.908
575.04,426.82,65.702,79.908
575.61,426.82,65.702,79.908
576.18,426.82,65.702,79.908
575.04,426.82,65.702,79.908
575.61,426.82,65.702,79.908
575.61,426.82,65.702,79.908
575.61,426.82,65.702,79.908
575.61,426.82,65.702,79.908
575.61,426.82,65.702,79.908
575.61,426.82,65.702,79.908
575.61,426.82,65.702,79.908
575.61,426.82,65.702,79.908
575.61,426.82,65.702,79.908
575.61,426.82,65.702,79.908
575.61,426.82,65.702,79.908
575.61,426.82,65.702,79.908
575.61,426.82,65.702,79.908
575.61,426.82,65.702,79.908
575.61,426.82,65.702,79.908
575.61,426.82,65.702,79.908
575.61,426.82,65.702,79.908
575.61,426.82,65.702,79.908
575.61,426.82,65.702,79.908
575.61,426.82,65.702,79.908
575.61,426.82,65.702,79.908
575.61,426.82,65.702,79.908
575.61,426.82,65.702,79.908
575.61,426.82,65.702,79.908
575.61,426.82,65.702,79.908
575.61,426.82,65.702,79.908
575.61,426.82,65.702,79.908
576.18,426.82,65.702,79.908
575.04,426.25,65.702,79.908
574.46,426.25,65.702,79.908
575.04,426.25,65.702,79.908
574.46,426.25,65.702,79.908
575.04,426.25,65.702,79.908
574.46,426.25,65.702,79.908
575.04,426.25,65.702,79.908
574.46,426.25,65.702,79.908
575.04,426.25,65.702,79.908
574.46,426.25,65.702,79.908
574.46,426.25,65.702,79.908
575.04,426.25,65.702,79.908
573.89,426.25,65.702,79.908
574.46,426.82,65.702,79.908
575.04,426.82,65.702,79.908
575.04,426.82,65.702,79.908
575.04,426.82,65.702,79.908
575.04,426.82,65.702,79.908
575.61,426.82,65.702,79.908
575.61,426.25,65.702,79.908
575.04,426.25,65.702,79.908
574.46,426.25,65.702,79.908
575.04,426.25,65.702,79.908
574.46,426.25,65.702,79.908
575.04,426.25,65.702,79.908
574.46,425.68,65.702,79.908
575.04,425.1,65.702,79.908
573.89,425.1,65.702,79.908
575.17,425.95,64.301,78.204
576.97,426.79,62.93,76.536
576.55,427.6,61.588,74.904
579.23,427.6,61.588,74.904
578.16,427.6,61.588,74.904
578.69,427.6,61.588,74.904
578.69,427.6,61.588,74.904
578.69,428.14,61.588,74.904
575.47,428.68,61.588,74.904
575.33,427.85,62.95,76.561
575.88,427.85,62.95,76.561
575.33,427.85,62.95,76.561
575.88,427.85,62.95,76.561
575.88,427.85,62.95,76.561
575.33,427.85,62.95,76.561
576.42,427.85,62.95,76.561
575.88,427.3,62.95,76.561
575.33,427.3,62.95,76.561
575.88,427.85,62.95,76.561
575.88,427.85,62.95,76.561
576.42,427.85,62.95,76.561
579.29,428.67,61.608,74.929
580.37,428.67,61.608,74.929
580.49,430,60.294,73.331
581.65,431.84,59.008,71.767
580.11,432.35,59.008,71.767
582.03,431.56,60.314,73.355
587.81,431.56,60.314,73.355
598.18,430.74,61.648,74.978
600.18,429.91,63.012,76.637
611.01,428.52,64.407,78.332
616.62,426.84,64.407,78.332
614.79,425.41,65.832,80.065
613.06,424.83,65.832,80.065
605.02,424.83,65.832,80.065
599.85,423.68,65.832,80.065
599.28,415.64,65.832,80.065
596.4,404.73,65.832,80.065
594.68,386.34,65.832,80.065
594.68,373.7,65.832,80.065
598.55,361.9,67.288,81.837
614.51,361.01,65.853,80.092
604.87,377.38,64.449,78.384
581.32,391.96,64.449,78.384
585.24,384.11,64.449,78.384
590.7,368.1,65.875,80.118
573.46,367.53,65.875,80.118
564.27,368.68,65.875,80.118
559.23,371.25,64.47,78.409
621.25,381.09,63.095,76.737
624.67,379.72,61.75,75.101
629.63,381.59,60.433,73.499
625.94,389.5,60.433,73.499
621.72,400.05,60.433,73.499
618.02,410.07,60.433,73.499
618.02,415.88,60.433,73.499
617.5,419.57,60.433,73.499
616.97,420.1,60.433,73.499
617.5,420.1,60.433,73.499
617.5,425.37,60.433,73.499
617.5,436.45,60.433,73.499
616.97,436.97,60.433,73.499
614.33,436.97,60.433,73.499
613.28,436.97,60.433,73.499
615.5,437.76,59.144,71.932
616.02,437.76,59.144,71.932
616.02,437.76,59.144,71.932
616.02,437.76,59.144,71.932
616.02,437.76,59.144,71.932
616.02,437.76,59.144,71.932
616.02,437.76,59.144,71.932
616.02,437.76,59.144,71.932
616.02,437.24,59.144,71.932
615.5,437.24,59.144,71.932
616.65,438.01,57.883,70.398
616.65,437,57.883,70.398
616.15,437,57.883,70.398
615,436.22,59.163,71.956
590.11,437.49,60.472,73.548
585.22,437.2,61.81,75.175
585.08,436.37,63.178,76.838
584.93,435.52,64.576,78.538
584.78,434.65,66.004,80.276
584.62,433.76,67.465,82.052
583.88,432.27,68.957,83.867
582.51,431.34,70.483,85.723
581.9,431.34,70.483,85.723
581.9,431.34,70.483,85.723
581.29,431.34,70.483,85.723
581.29,431.34,70.483,85.723
582.51,431.34,70.483,85.723
585.58,431.34,70.483,85.723
586.2,431.34,70.483,85.723
