189,131,118,40
189.6,134.01,118,40
189.6,134.61,118,40
190.2,135.21,118,40
190.81,135.21,118,40
191.41,135.21,118,40
192.01,135.21,118,40
192.61,135.21,118,40
193.21,134.61,118,40
193.82,134.01,118,40
194.42,133.41,118,40
195.62,133.41,118,40
195.62,132.2,118,40
196.22,131,118,40
196.83,129.8,118,40
198.03,127.99,118,40
199.23,126.18,118,40
200.44,124.98,118,40
201.64,122.57,118,40
202.24,120.77,118,40
203.45,119.56,118,40
205.25,117.76,118,40
206.46,117.15,118,40
207.66,117.15,118,40
208.26,116.55,118,40
208.26,115.95,118,40
208.86,115.95,118,40
208.26,115.35,118,40
207.06,115.35,118,40
202.85,115.35,118,40
200.44,115.35,118,40
192.61,115.95,118,40
186.59,114.75,118,40
185.39,112.94,118,40
184.18,111.74,118,40
183.58,108.73,118,40
183.58,105.72,118,40
183.58,103.31,118,40
183.58,102.11,118,40
184.18,100.9,118,40
184.79,100.9,118,40
184.79,100.9,118,40
185.39,100.9,118,40
185.99,101.5,118,40
184.68,101.06,120.61,40.885
185.3,101.06,120.61,40.885
185.92,101.06,120.61,40.885
186.53,100.45,120.61,40.885
187.15,100.45,120.61,40.885
187.76,100.45,120.61,40.885
187.76,100.45,120.61,40.885
188.38,100.45,120.61,40.885
188.99,100.45,120.61,40.885
189.61,100.45,120.61,40.885
190.23,100.45,120.61,40.885
190.23,100.45,120.61,40.885
190.23,99.83,120.61,40.885
190.84,99.214,120.61,40.885
191.46,99.214,120.61,40.885
192.07,99.214,120.61,40.885
192.69,99.214,120.61,40.885
193.3,99.214,120.61,40.885
193.92,99.83,120.61,40.885
193.92,99.83,120.61,40.885
194.54,99.83,120.61,40.885
195.77,99.83,120.61,40.885
196.38,99.83,120.61,40.885
197.61,100.45,120.61,40.885
198.85,100.45,120.61,40.885
199.46,100.45,120.61,40.885
201.92,100.45,120.61,40.885
203.77,99.83,120.61,40.885
204.28,98.146,123.28,41.79
206.17,97.517,123.28,41.79
208.06,97.517,123.28,41.79
208.06,96.888,123.28,41.79
208.06,96.258,123.28,41.79
208.06,96.258,123.28,41.79
207.43,95.629,123.28,41.79
206.8,94.999,123.28,41.79
207.43,94.37,123.28,41.79
207.43,93.741,123.28,41.79
207.43,93.111,123.28,41.79
207.43,92.482,123.28,41.79
208.06,92.482,123.28,41.79
208.06,92.482,123.28,41.79
208.06,92.482,123.28,41.79
208.06,92.482,123.28,41.79
208.06,93.111,123.28,41.79
206.17,93.111,123.28,41.79
205.54,93.111,123.28,41.79
205.54,93.111,123.28,41.79
204.91,93.111,123.28,41.79
202.29,93.278,126.01,42.714
201.65,93.921,126.01,42.714
198.32,94.092,128.79,43.659
197.67,94.751,128.79,43.659
195.03,95.41,128.79,43.659
194.37,96.068,128.79,43.659
193.71,96.727,128.79,43.659
193.05,97.386,128.79,43.659
192.39,98.045,128.79,43.659
191.08,98.704,128.79,43.659
189.76,98.704,128.79,43.659
188.44,98.704,128.79,43.659
187.12,98.045,128.79,43.659
186.47,98.045,128.79,43.659
185.15,98.045,128.79,43.659
181.09,97.562,131.64,44.625
179.74,96.889,131.64,44.625
177.72,96.889,131.64,44.625
177.05,96.889,131.64,44.625
177.05,96.217,131.64,44.625
177.05,95.544,131.64,44.625
177.72,95.544,131.64,44.625
177.72,94.872,131.64,44.625
177.05,94.199,131.64,44.625
177.05,93.527,131.64,44.625
178.4,93.527,131.64,44.625
177.72,92.854,131.64,44.625
177.05,91.509,131.64,44.625
178.4,91.509,131.64,44.625
178.4,91.509,131.64,44.625
179.07,91.509,131.64,44.625
179.07,92.182,131.64,44.625
178.4,92.182,131.64,44.625
177.05,92.854,131.64,44.625
177.72,93.527,131.64,44.625
176.38,95.544,131.64,44.625
177.05,96.217,131.64,44.625
177.72,96.889,131.64,44.625
178.4,96.889,131.64,44.625
177.72,98.234,131.64,44.625
179.07,98.907,131.64,44.625
180.42,98.907,131.64,44.625
180.42,99.58,131.64,44.625
179.74,99.58,131.64,44.625
181.09,99.58,131.64,44.625
181.76,99.58,131.64,44.625
180.42,98.907,131.64,44.625
177.05,98.234,131.64,44.625
181.09,96.889,131.64,44.625
176.38,96.217,131.64,44.625
174.36,94.872,131.64,44.625
177.05,92.854,131.64,44.625
175.03,92.182,131.64,44.625
177.05,90.836,131.64,44.625
176.27,88.325,134.56,45.613
174.89,86.949,134.56,45.613
174.89,85.572,134.56,45.613
171.45,84.196,134.56,45.613
169.96,81.626,137.53,46.622
172.07,80.222,137.53,46.622
172.77,78.819,137.53,46.622
172.77,77.415,137.53,46.622
173.47,76.713,137.53,46.622
171.37,76.011,137.53,46.622
167.86,76.011,137.53,46.622
168.56,75.309,137.53,46.622
167.15,75.309,137.53,46.622
167.15,74.607,137.53,46.622
166.45,74.607,137.53,46.622
160.84,74.607,137.53,46.622
161.54,74.607,137.53,46.622
160.13,74.607,137.53,46.622
160.84,73.905,137.53,46.622
160.84,73.203,137.53,46.622
160.84,72.501,137.53,46.622
159.43,72.501,137.53,46.622
158.73,71.799,137.53,46.622
158.03,71.097,137.53,46.622
158.73,71.097,137.53,46.622
157.33,71.097,137.53,46.622
155.81,70.581,140.58,47.653
154.37,70.581,140.58,47.653
153.65,69.864,140.58,47.653
152.94,69.864,140.58,47.653
152.22,69.864,140.58,47.653
151.5,69.864,140.58,47.653
150.78,70.581,140.58,47.653
150.78,70.581,140.58,47.653
149.35,70.581,140.58,47.653
149.35,70.581,140.58,47.653
149.35,70.581,140.58,47.653
148.63,70.581,140.58,47.653
147.19,70.581,140.58,47.653
147.19,70.581,140.58,47.653
148.63,69.864,140.58,47.653
151.5,69.864,140.58,47.653
151.38,70.054,143.69,48.708
152.85,70.054,143.69,48.708
154.31,69.321,143.69,48.708
155.05,69.321,143.69,48.708
155.78,69.321,143.69,48.708
156.51,68.587,143.69,48.708
156.51,68.587,143.69,48.708
157.25,68.587,143.69,48.708
157.98,68.587,143.69,48.708
158.71,68.587,143.69,48.708
158.71,68.587,143.69,48.708
158.71,68.587,143.69,48.708
159.45,69.321,143.69,48.708
159.45,69.321,143.69,48.708
159.45,69.321,143.69,48.708
160.18,69.321,143.69,48.708
160.18,69.321,143.69,48.708
160.91,69.321,143.69,48.708
161.65,69.321,143.69,48.708
160.91,69.321,143.69,48.708
161.65,70.054,143.69,48.708
160.91,70.054,143.69,48.708
161.65,70.054,143.69,48.708
162.38,70.054,143.69,48.708
163.11,70.787,143.69,48.708
163.85,70.787,143.69,48.708
163.85,70.787,143.69,48.708
163.85,70.787,143.69,48.708
163.85,70.787,143.69,48.708
161.52,70.982,146.87,49.785
161.52,70.982,146.87,49.785
162.27,70.231,146.87,49.785
162.27,70.231,146.87,49.785
163.03,70.231,146.87,49.785
163.78,69.48,146.87,49.785
163.78,68.729,146.87,49.785
164.53,67.978,146.87,49.785
165.28,67.227,146.87,49.785
165.28,67.227,146.87,49.785
166.03,66.476,146.87,49.785
166.78,65.725,146.87,49.785
167.53,64.223,146.87,49.785
168.28,62.721,146.87,49.785
170.6,60.999,143.73,48.723
170.6,60.266,143.73,48.723
171.33,58.066,143.73,48.723
172.8,55.866,143.73,48.723
172.8,54.399,143.73,48.723
173.53,51.466,143.73,48.723
175.73,49.266,143.73,48.723
177.2,46.332,143.73,48.723
177.2,44.866,143.73,48.723
177.93,43.399,143.73,48.723
177.93,41.932,143.73,48.723
177.93,41.199,143.73,48.723
174.88,39.927,146.91,49.802
174.13,39.176,146.91,49.802
171.87,38.425,146.91,49.802
172.62,38.425,146.91,49.802
173.37,38.425,146.91,49.802
174.13,37.674,146.91,49.802
174.13,36.172,146.91,49.802
174.13,35.421,146.91,49.802
174.13,35.421,146.91,49.802
174.13,35.421,146.91,49.802
173.37,34.67,146.91,49.802
173.37,33.919,146.91,49.802
173.37,33.168,146.91,49.802
173.37,33.168,146.91,49.802
172.62,33.168,146.91,49.802
171.87,32.417,146.91,49.802
171.75,30.364,150.16,50.903
170.09,28.268,153.49,52.03
170.09,26.699,153.49,52.03
170.94,27.254,150.21,50.92
172.54,27.797,147.01,49.834
171.79,27.046,147.01,49.834
173.29,26.295,147.01,49.834
173.29,25.544,147.01,49.834
172.54,25.544,147.01,49.834
173.92,24.992,150.26,50.937
174.69,23.459,150.26,50.937
174.69,22.692,150.26,50.937
173.92,21.926,150.26,50.937
173.92,21.926,150.26,50.937
173.92,21.159,150.26,50.937
173.92,21.159,150.26,50.937
174.69,20.392,150.26,50.937
174.69,19.626,150.26,50.937
174.69,18.859,150.26,50.937
175.45,18.859,150.26,50.937
175.45,18.092,150.26,50.937
176.22,17.326,150.26,50.937
177.75,17.326,150.26,50.937
177.75,17.326,150.26,50.937
177.75,17.326,150.26,50.937
177.75,17.326,150.26,50.937
177.75,17.326,150.26,50.937
177.62,16.762,153.59,52.064
179.26,17.317,150.31,50.953
180.8,17.317,150.31,50.953
181.57,17.317,150.31,50.953
181.57,17.317,150.31,50.953
182.34,17.317,150.31,50.953
182.34,16.549,150.31,50.953
182.21,14.448,153.64,52.081
182.99,14.448,153.64,52.081
182.21,14.448,153.64,52.081
182.99,15.232,153.64,52.081
182.21,15.232,153.64,52.081
181.43,15.232,153.64,52.081
180.64,16.016,153.64,52.081
180.64,16.801,153.64,52.081
181.43,17.585,153.64,52.081
181.43,17.585,153.64,52.081
181.43,17.585,153.64,52.081
181.43,18.369,153.64,52.081
182.21,19.154,153.64,52.081
181.43,19.938,153.64,52.081
181.43,19.938,153.64,52.081
181.43,20.722,153.64,52.081
181.43,20.722,153.64,52.081
182.21,20.722,153.64,52.081
182.99,20.722,153.64,52.081
183.78,21.507,153.64,52.081
184.56,21.507,153.64,52.081
185.35,21.507,153.64,52.081
183.78,23.075,153.64,52.081
184.56,23.075,153.64,52.081
186.13,23.86,153.64,52.081
186.13,24.644,153.64,52.081
186.92,24.644,153.64,52.081
183.65,24.852,157.04,53.233
182.85,24.852,157.04,53.233
183.65,24.852,157.04,53.233
185.25,24.852,157.04,53.233
186.05,24.852,157.04,53.233
186.86,24.852,157.04,53.233
187.66,25.654,157.04,53.233
185.92,25.065,160.51,54.411
184.28,25.065,160.51,54.411
190.91,27.285,157.09,53.251
190.11,28.086,157.09,53.251
194.19,28.654,153.74,52.115
197.4,29.21,150.46,51.004
198.17,28.441,150.46,51.004
204.39,28.985,147.25,49.916
205.14,28.232,147.25,49.916
205.14,27.479,147.25,49.916
205.89,27.479,147.25,49.916
208.15,26.726,147.25,49.916
213.42,26.726,147.25,49.916
214.17,26.726,147.25,49.916
215.68,26.726,147.25,49.916
216.43,25.973,147.25,49.916
214.93,25.973,147.25,49.916
215.68,25.22,147.25,49.916
216.43,23.715,147.25,49.916
218.76,24.247,144.11,48.851
219.49,24.247,144.11,48.851
219.49,24.247,144.11,48.851
218.76,24.247,144.11,48.851
219.49,24.247,144.11,48.851
218.76,24.247,144.11,48.851
220.96,24.247,144.11,48.851
219.37,23.706,147.3,49.932
219.37,23.706,147.3,49.932
218.61,23.706,147.3,49.932
217.86,23.706,147.3,49.932
218.68,24.239,144.16,48.867
219.42,24.976,144.16,48.867
220.22,25.497,141.08,47.825
219.49,25.497,141.08,47.825
219.49,25.497,141.08,47.825
220.94,25.497,141.08,47.825
221.66,24.776,141.08,47.825
221.66,24.054,141.08,47.825
219.49,25.497,141.08,47.825
218.77,26.219,141.08,47.825
217.33,26.94,141.08,47.825
216.61,26.94,141.08,47.825
215.89,27.662,141.08,47.825
218.11,28.172,138.08,46.805
216,28.172,138.08,46.805
219.59,29.377,135.13,45.807
220.34,30.555,132.25,44.83
223.78,31.033,129.43,43.874
227.74,31.033,129.43,43.874
235.73,32.162,126.67,42.939
236.38,31.515,126.67,42.939
235.08,31.515,126.67,42.939
235.08,31.515,126.67,42.939
234.43,32.809,126.67,42.939
234.43,34.75,126.67,42.939
234.49,38.443,123.97,42.023
235.18,40.791,121.32,41.127
235.8,42.031,121.32,41.127
235.8,45.129,121.32,41.127
237.09,48.046,118.74,40.25
238.3,50.469,118.74,40.25
239.52,52.893,118.74,40.25
240.73,55.922,118.74,40.25
244.42,60.592,116.21,39.392
247.44,62.795,113.73,38.552
249.23,66.108,111.3,37.729
249.8,68.951,111.3,37.729
274.87,72.196,108.93,36.925
277.65,73.31,108.93,36.925
279.32,74.981,108.93,36.925
282.16,76.488,106.61,36.137
285.47,77.964,104.33,35.367
288.67,78.497,104.33,35.367
292.94,78.497,104.33,35.367
293.47,80.097,104.33,35.367
298.85,82.607,102.11,34.613
299.9,84.172,102.11,34.613
303.07,85.063,99.93,33.874
304.09,85.573,99.93,33.874
306.13,85.573,99.93,33.874
307.66,86.592,99.93,33.874
310.72,86.592,99.93,33.874
312.25,87.102,99.93,33.874
312.76,88.122,99.93,33.874
313.78,89.651,99.93,33.874
313.78,91.18,99.93,33.874
313.78,92.2,99.93,33.874
313.27,92.71,99.93,33.874
312.25,94.239,99.93,33.874
311.74,94.749,99.93,33.874
312.76,95.259,99.93,33.874
312.25,95.769,99.93,33.874
311.74,96.278,99.93,33.874
311.23,96.278,99.93,33.874
310.21,95.769,99.93,33.874
308.68,94.749,99.93,33.874
306.64,93.729,99.93,33.874
305.11,93.22,99.93,33.874
302.56,92.71,99.93,33.874
300.06,93.071,97.799,33.152
298.06,94.571,97.799,33.152
296.56,96.071,97.799,33.152
294.56,98.071,97.799,33.152
290.06,99.071,97.799,33.152
284.06,100.57,97.799,33.152
278.06,102.57,97.799,33.152
272.06,105.07,97.799,33.152
266.06,109.07,97.799,33.152
259.56,113.07,97.799,33.152
253.56,118.07,97.799,33.152
248.56,123.57,97.799,33.152
243.06,129.07,97.799,33.152
238.56,131.57,97.799,33.152
233.06,132.07,97.799,33.152
229.56,132.07,97.799,33.152
224.56,131.57,97.799,33.152
220.56,131.07,97.799,33.152
216.06,131.07,97.799,33.152
212.06,130.57,97.799,33.152
208.56,130.57,97.799,33.152
204.06,131.07,97.799,33.152
202.06,132.57,97.799,33.152
199.56,132.57,97.799,33.152
197.06,133.07,97.799,33.152
197.06,133.57,97.799,33.152
196.56,133.57,97.799,33.152
195.56,134.07,97.799,33.152
194.56,134.57,97.799,33.152
194.06,134.57,97.799,33.152
194.06,134.57,97.799,33.152
194.56,134.07,97.799,33.152
194.56,134.07,97.799,33.152
194.56,132.57,97.799,33.152
194.06,131.57,97.799,33.152
194.06,131.07,97.799,33.152
194.06,130.57,97.799,33.152
193.56,129.57,97.799,33.152
192.56,128.57,97.799,33.152
192.06,127.07,97.799,33.152
192.06,126.57,97.799,33.152
191.56,126.07,97.799,33.152
191.06,126.07,97.799,33.152
191.06,126.57,97.799,33.152
190.56,126.07,97.799,33.152
189.06,126.07,97.799,33.152
188.56,126.07,97.799,33.152
187.06,126.07,97.799,33.152
187.06,126.07,97.799,33.152
188.1,125.92,95.713,32.445
187.61,125.92,95.713,32.445
187.61,125.92,95.713,32.445
187.12,126.41,95.713,32.445
186.15,125.92,95.713,32.445
185.66,125.92,95.713,32.445
184.68,125.92,95.713,32.445
184.68,125.44,95.713,32.445
184.68,124.46,95.713,32.445
184.68,123.97,95.713,32.445
184.68,123.48,95.713,32.445
184.68,122.02,95.713,32.445
184.68,121.53,95.713,32.445
186.68,120.9,93.672,31.753
186.68,120.42,93.672,31.753
186.68,120.42,93.672,31.753
187.16,120.42,93.672,31.753
187.16,119.94,93.672,31.753
186.68,118.99,93.672,31.753
184.29,118.99,93.672,31.753
183.81,118.99,93.672,31.753
182.85,119.94,93.672,31.753
181.9,120.42,93.672,31.753
180.94,120.9,93.672,31.753
180.94,120.9,93.672,31.753
180.94,120.9,93.672,31.753
180.46,121.38,93.672,31.753
179.98,121.86,93.672,31.753
179.5,121.38,93.672,31.753
180.46,121.38,93.672,31.753
180.46,121.38,93.672,31.753
180.46,120.9,93.672,31.753
180.46,119.94,93.672,31.753
180.46,119.46,93.672,31.753
180.46,119.46,93.672,31.753
179.98,119.46,93.672,31.753
179.5,118.99,93.672,31.753
179.5,118.99,93.672,31.753
179.5,118.99,93.672,31.753
179.02,118.99,93.672,31.753
178.55,119.46,93.672,31.753
179.02,119.46,93.672,31.753
178.55,119.46,93.672,31.753
179.02,119.46,93.672,31.753
178.55,119.46,93.672,31.753
178.55,118.03,93.672,31.753
178.55,117.07,93.672,31.753
178.07,116.59,93.672,31.753
177.59,115.64,93.672,31.753
178.07,113.72,93.672,31.753
177.59,112.77,93.672,31.753
177.11,111.81,93.672,31.753
175.2,110.37,93.672,31.753
174.72,109.9,93.672,31.753
171.85,107.98,93.672,31.753
168.5,106.07,93.672,31.753
167.06,104.63,93.672,31.753
162.28,102.24,93.672,31.753
159.89,101.28,93.672,31.753
157.06,100.67,91.674,31.076
155.65,98.791,91.674,31.076
154.25,96.917,91.674,31.076
151.44,95.042,91.674,31.076
150.03,93.168,91.674,31.076
149.09,91.293,91.674,31.076
147.22,88.482,91.674,31.076
144.87,84.733,91.674,31.076
143.47,82.389,91.674,31.076
141.59,80.046,91.674,31.076
141.13,76.766,91.674,31.076
141.13,73.486,91.674,31.076
141.13,70.674,91.674,31.076
142.53,68.799,91.674,31.076
143.47,66.925,91.674,31.076
144.87,65.519,91.674,31.076
146.28,62.707,91.674,31.076
146.75,61.301,91.674,31.076
147.22,60.364,91.674,31.076
147.69,58.958,91.674,31.076
148.16,57.084,91.674,31.076
149.09,56.146,91.674,31.076
149.09,54.272,91.674,31.076
149.56,52.397,91.674,31.076
149.56,50.523,91.674,31.076
150.03,47.242,91.674,31.076
150.97,45.368,91.674,31.076
151.44,42.087,91.674,31.076
152.84,39.276,91.674,31.076
153.78,35.995,91.674,31.076
154.25,32.246,91.674,31.076
153.31,29.903,91.674,31.076
156.12,27.091,91.674,31.076
156.59,24.748,91.674,31.076
154.64,22.061,93.703,31.764
155.6,20.626,93.703,31.764
156.07,18.234,93.703,31.764
154.64,17.755,93.703,31.764
153.68,17.277,93.703,31.764
151.29,18.712,93.703,31.764
148.9,21.583,93.703,31.764
150.81,29.238,93.703,31.764
147.94,35.457,93.703,31.764
148.42,42.634,93.703,31.764
149.85,50.289,93.703,31.764
150.33,58.422,93.703,31.764
151.29,66.077,93.703,31.764
152.25,73.254,93.703,31.764
152.25,79.473,93.703,31.764
153.68,86.171,93.703,31.764
153.68,91.434,93.703,31.764
153.68,96.697,93.703,31.764
153.68,101,93.703,31.764
153.68,106.74,93.703,31.764
153.2,112.01,93.703,31.764
154.16,118.23,93.703,31.764
154.64,123.97,93.703,31.764
156.55,129.23,93.703,31.764
157.03,134.97,93.703,31.764
157.03,138.8,93.703,31.764
157.51,142.15,93.703,31.764
159.42,145.02,93.703,31.764
160.38,146.93,93.703,31.764
161.34,148.37,93.703,31.764
162.29,150.28,93.703,31.764
161.82,151.24,93.703,31.764
162.29,151.72,93.703,31.764
163.25,151.72,93.703,31.764
163.73,151.72,93.703,31.764
163.25,151.72,93.703,31.764
163.25,151.72,93.703,31.764
163.73,152.19,93.703,31.764
163.73,152.67,93.703,31.764
162.69,152.32,95.776,32.466
162.69,151.83,95.776,32.466
162.2,151.83,95.776,32.466
161.71,151.34,95.776,32.466
161.71,150.36,95.776,32.466
160.65,149.51,97.895,33.185
160.65,148.51,97.895,33.185
160.65,147.01,97.895,33.185
159.57,145.64,100.06,33.919
160.59,144.62,100.06,33.919
161.62,143.6,100.06,33.919
162.13,142.06,100.06,33.919
162.64,140.02,100.06,33.919
162.64,139.5,100.06,33.919
162.13,138.48,100.06,33.919
161.62,137.46,100.06,33.919
161.62,136.43,100.06,33.919
161.62,135.92,100.06,33.919
162.13,135.41,100.06,33.919
161.62,133.36,100.06,33.919
161.62,132.34,100.06,33.919
162.13,131.32,100.06,33.919
162.13,130.8,100.06,33.919
162.13,130.29,100.06,33.919
162.64,128.76,100.06,33.919
162.64,128.24,100.06,33.919
163.15,126.71,100.06,33.919
164.18,126.71,100.06,33.919
165.2,126.2,100.06,33.919
166.22,125.69,100.06,33.919
166.73,125.69,100.06,33.919
169.29,126.2,100.06,33.919
171.85,126.71,100.06,33.919
174.41,128.24,100.06,33.919
175.95,129.27,100.06,33.919
176.46,130.29,100.06,33.919
176.97,131.32,100.06,33.919
178.5,132.34,100.06,33.919
180.04,132.85,100.06,33.919
179.53,132.85,100.06,33.919
179.53,132.85,100.06,33.919
180.04,132.85,100.06,33.919
181.58,132.85,100.06,33.919
182.6,131.83,100.06,33.919
182.6,131.32,100.06,33.919
183.11,131.83,100.06,33.919
184.13,133.36,100.06,33.919
184.65,134.39,100.06,33.919
185.16,134.9,100.06,33.919
185.16,135.41,100.06,33.919
187.2,135.92,100.06,33.919
189.25,135.92,100.06,33.919
189.76,134.9,100.06,33.919
190.79,134.39,100.06,33.919
191.81,133.36,100.06,33.919
193.35,133.36,100.06,33.919
193.86,133.36,100.06,33.919
193.86,132.85,100.06,33.919
194.37,132.85,100.06,33.919
195.9,133.36,100.06,33.919
198.98,133.87,100.06,33.919
199.49,134.39,100.06,33.919
199.49,133.87,100.06,33.919
198.98,133.87,100.06,33.919
200,134.39,100.06,33.919
202.56,135.41,100.06,33.919
203.58,135.41,100.06,33.919
199.49,133.87,100.06,33.919
202.56,134.9,100.06,33.919
206.14,135.92,100.06,33.919
206.65,136.43,100.06,33.919
204.09,134.9,100.06,33.919
204.6,136.43,100.06,33.919
208.19,138.99,100.06,33.919
209.13,140.15,102.27,34.669
205.48,139.63,102.27,34.669
207.04,141.19,102.27,34.669
208.61,142.76,102.27,34.669
206.52,141.19,102.27,34.669
206.52,141.19,102.27,34.669
207.56,142.76,102.27,34.669
209.65,143.8,102.27,34.669
211.21,143.8,102.27,34.669
208.61,141.72,102.27,34.669
210.69,142.24,102.27,34.669
213.82,143.28,102.27,34.669
214.86,141.19,102.27,34.669
210.74,135.83,100.09,33.93
211.25,133.78,100.09,33.93
210.14,129.82,102.31,34.681
209.01,125.77,104.57,35.448
206.88,122.57,104.57,35.448
201.46,117.92,106.89,36.232
206.27,120.78,109.25,37.034
208.97,124.29,111.67,37.853
206.6,122.16,114.14,38.691
204.17,119.4,116.66,39.547
204.07,122.54,119.24,40.422
201.53,121.48,121.88,41.316
199.56,120.4,124.58,42.23
200.2,121.04,124.58,42.23
199.46,122.48,127.34,43.165
197.4,120.7,130.15,44.12
193.3,116.23,133.03,45.096
193.19,115.73,135.98,46.094
193.19,115.73,135.98,46.094
191.1,112.95,135.98,46.094
190.41,111.56,135.98,46.094
192.49,111.56,135.98,46.094
193.88,113.65,135.98,46.094
193.88,112.95,135.98,46.094
191.1,110.87,135.98,46.094
190.99,110.36,138.98,47.113
190.28,111.07,138.98,47.113
188.15,109.65,138.98,47.113
186.08,110.86,136.02,46.109
186.78,112.25,136.02,46.109
185.39,113.64,136.02,46.109
183.31,114.33,136.02,46.109
182.61,115.03,136.02,46.109
185.39,117.11,136.02,46.109
184.69,119.88,136.02,46.109
181.22,119.88,136.02,46.109
181.22,117.8,136.02,46.109
181.8,117.99,139.03,47.129
181.09,118.7,139.03,47.129
180.38,116.57,139.03,47.129
179.67,114.44,139.03,47.129
178.96,113.73,139.03,47.129
178.96,113.73,139.03,47.129
177.54,112.31,139.03,47.129
176.12,109.47,139.03,47.129
174.7,107.34,139.03,47.129
174.77,107.84,136.07,46.124
174.77,108.54,136.07,46.124
174.07,105.76,136.07,46.124
171.99,104.37,136.07,46.124
172.05,104.86,133.16,45.14
174.83,106.02,130.32,44.178
171.5,104.69,130.32,44.178
166.06,102.87,133.21,45.155
165.38,103.55,133.21,45.155
164.02,103.55,133.21,45.155
159.25,101.51,133.21,45.155
151.77,98.107,133.21,45.155
153.87,99.949,130.37,44.192
159.26,101.75,127.59,43.25
157.96,101.75,127.59,43.25
152.1,99.15,127.59,43.25
148.9,98.96,124.87,42.327
152.78,100.69,122.2,41.425
157.15,100.69,122.2,41.425
160.89,100.06,122.2,41.425
160.89,100.69,122.2,41.425
159.64,102.56,122.2,41.425
152.68,101.47,124.91,42.341
152.04,100.84,124.91,42.341
135.47,98.288,124.91,42.341
134.2,98.288,124.91,42.341
132.92,98.288,124.91,42.341
129.79,98.102,122.24,41.438
127.3,98.726,122.24,41.438
127.92,99.35,122.24,41.438
132.29,100.6,122.24,41.438
124.81,100.6,122.24,41.438
124.81,101.22,122.24,41.438
124.81,102.47,122.24,41.438
124.7,101.39,124.95,42.355
117.03,100.11,124.95,42.355
117.67,100.11,124.95,42.355
115.75,99.468,124.95,42.355
114.47,98.189,124.95,42.355
113.19,96.911,124.95,42.355
110.64,96.271,124.95,42.355
108.72,95.632,124.95,42.355
105.42,95.164,127.71,43.292
107.44,93.667,124.99,42.369
108.07,93.667,124.99,42.369
106.16,93.667,124.99,42.369
104.24,93.027,124.99,42.369
104.88,91.749,124.99,42.369
104.88,91.11,124.99,42.369
104.88,90.47,124.99,42.369
103.6,89.831,124.99,42.369
104.93,89.644,122.32,41.465
125.63,90.711,119.71,40.581
133.02,91.756,117.16,39.716
133.07,93.973,114.66,38.869
133.12,94.388,112.22,38.04
134.32,92.503,109.82,37.229
137.12,92.503,109.82,37.229
139.42,93.461,107.48,36.435
138.92,93.85,105.19,35.658
140.04,91.543,102.95,34.897
142.67,91.018,102.95,34.897
146.39,90.865,100.75,34.153
145.88,92.406,100.75,34.153
142.79,91.378,100.75,34.153
144.9,88.66,98.603,33.425
146.41,88.156,98.603,33.425
144.39,88.156,98.603,33.425
145.44,91.032,96.501,32.712
145.44,90.54,96.501,32.712
146.96,89.412,94.443,32.014
146.96,90.377,94.443,32.014
146.48,92.789,94.443,32.014
146.48,92.789,94.443,32.014
146,90.859,94.443,32.014
146,88.93,94.443,32.014
146.52,89.754,92.429,31.332
146.52,92.116,92.429,31.332
147,92.589,92.429,31.332
147.47,90.226,92.429,31.332
148.46,90.56,90.458,30.664
149.38,90.56,90.458,30.664
149.84,90.56,90.458,30.664
149.77,89.296,92.459,31.342
149.77,87.405,92.459,31.342
150.24,85.043,92.459,31.342
152.13,85.988,92.459,31.342
153.08,85.515,92.459,31.342
154.02,82.68,92.459,31.342
153.55,81.262,92.459,31.342
154.89,81.388,94.505,32.035
155.37,82.835,94.505,32.035
154.41,81.871,94.505,32.035
152.96,80.906,94.505,32.035
152.48,80.423,94.505,32.035
152.96,81.388,94.505,32.035
153.44,81.871,94.505,32.035
153.92,80.906,94.505,32.035
154.41,80.423,94.505,32.035
155.37,80.906,94.505,32.035
157.78,81.388,94.505,32.035
158.27,82.353,94.505,32.035
159.23,81.871,94.505,32.035
160.19,81.871,94.505,32.035
162.12,81.871,94.505,32.035
162.61,82.835,94.505,32.035
162.12,82.835,94.505,32.035
162.12,82.835,94.505,32.035
163.09,83.318,94.505,32.035
164.54,84.282,94.505,32.035
166.03,84.624,92.489,31.352
166.97,84.151,92.489,31.352
167.92,85.096,92.489,31.352
169.81,84.151,92.489,31.352
170.79,84.013,90.517,30.684
172.22,84.34,88.587,30.029
174.03,85.246,88.587,30.029
174.94,86.605,88.587,30.029
174.52,86.472,86.697,29.389
174.12,86.342,84.849,28.762
173.69,86.776,84.849,28.762
174.59,88.382,83.039,28.149
174.59,88.806,83.039,28.149
174.59,89.229,83.039,28.149
174.59,89.229,83.039,28.149
175.44,89.653,83.039,28.149
176.28,90.5,83.039,28.149
176.71,91.347,83.039,28.149
175.86,91.347,83.039,28.149
175.01,91.771,83.039,28.149
175.01,93.041,83.039,28.149
175.01,93.041,83.039,28.149
174.17,93.041,83.039,28.149
173.32,93.465,83.039,28.149
173.74,94.312,83.039,28.149
173.74,94.735,83.039,28.149
172.9,95.159,83.039,28.149
172.47,95.159,83.039,28.149
172.9,93.888,83.039,28.149
172.9,93.888,83.039,28.149
171.63,93.888,83.039,28.149
169.51,93.888,83.039,28.149
169.08,93.888,83.039,28.149
169.51,93.465,83.039,28.149
167.39,92.618,83.039,28.149
168.28,93.341,81.268,27.549
167.86,92.926,81.268,27.549
168.69,92.926,81.268,27.549
169.11,92.51,81.268,27.549
169.11,92.094,81.268,27.549
169.11,92.51,81.268,27.549
169.52,92.094,81.268,27.549
170.35,92.51,81.268,27.549
170.77,92.51,81.268,27.549
170.35,92.51,81.268,27.549
170.35,92.926,81.268,27.549
170.77,93.757,81.268,27.549
171.19,93.757,81.268,27.549
169.94,93.757,81.268,27.549
169.11,93.757,81.268,27.549
169.52,94.173,81.268,27.549
171.19,94.588,81.268,27.549
172.02,94.588,81.268,27.549
170.77,95.004,81.268,27.549
170.35,95.836,81.268,27.549
171.19,96.251,81.268,27.549
172.02,96.251,81.268,27.549
171.6,96.251,81.268,27.549
169.94,96.251,81.268,27.549
170.8,96.961,79.535,26.961
170.8,96.961,79.535,26.961
174.46,96.555,79.535,26.961
173.24,95.743,79.535,26.961
173.65,95.337,79.535,26.961
174.05,94.119,79.535,26.961
174.46,93.714,79.535,26.961
174.46,93.308,79.535,26.961
174.46,92.496,79.535,26.961
174.86,91.684,79.535,26.961
174.86,90.466,79.535,26.961
175.27,89.249,79.535,26.961
174.8,87.327,81.295,27.558
173.9,85.775,83.094,28.167
172.98,84.616,84.932,28.791
172.98,84.183,84.932,28.791
172.98,84.183,84.932,28.791
173.41,84.183,84.932,28.791
172.98,83.75,84.932,28.791
172.04,82.998,86.811,29.428
171.08,82.229,88.732,30.079
170.62,82.682,88.732,30.079
172.81,82.35,90.695,30.744
177.9,82.35,90.695,30.744
176.9,82.472,92.702,31.424
175.4,83.074,94.753,32.12
172.49,84.042,94.753,32.12
175.32,84.171,96.849,32.83
174.74,85.784,98.992,33.557
174.74,87.302,98.992,33.557
172.64,87.437,101.18,34.299
169.01,88.99,101.18,34.299
170.05,91.578,101.18,34.299
171.08,92.613,101.18,34.299
169.53,94.684,101.18,34.299
171.08,95.719,101.18,34.299
168.5,96.754,101.18,34.299
170.05,97.272,101.18,34.299
171.6,97.79,101.18,34.299
168.5,98.825,101.18,34.299
169.45,98.963,103.42,35.058
167.86,99.491,103.42,35.058
171.03,99.491,103.42,35.058
172.08,100.02,103.42,35.058
173.14,100.55,103.42,35.058
173.67,100.55,103.42,35.058
174.19,100.55,103.42,35.058
174.72,100.55,103.42,35.058
174.72,100.55,103.42,35.058
172.61,100.55,103.42,35.058
174.19,100.55,103.42,35.058
174.72,100.55,103.42,35.058
175.78,100.02,103.42,35.058
173.67,100.02,103.42,35.058
175.25,100.02,103.42,35.058
182.11,99.491,103.42,35.058
186.85,97.908,103.42,35.058
190.54,96.326,103.42,35.058
190.54,95.271,103.42,35.058
194.24,93.161,103.42,35.058
196.35,92.106,103.42,35.058
202.72,91.953,101.22,34.31
202.21,90.917,101.22,34.31
202.21,89.882,101.22,34.31
203.24,88.847,101.22,34.31
203.24,87.812,101.22,34.31
203.24,87.294,101.22,34.31
201.17,85.741,101.22,34.31
201.69,85.223,101.22,34.31
197.46,83.808,103.45,35.069
189.97,83.42,105.74,35.845
195.36,83.42,105.74,35.845
193.74,82.881,105.74,35.845
192.66,82.881,105.74,35.845
192.66,82.881,105.74,35.845
191.58,82.881,105.74,35.845
187.72,81.406,108.08,36.638
187.16,81.406,108.08,36.638
186.06,81.406,108.08,36.638
185.51,80.853,108.08,36.638
184.95,80.3,108.08,36.638
185.51,79.747,108.08,36.638
184.95,78.089,108.08,36.638
184.95,76.983,108.08,36.638
183.85,75.877,108.08,36.638
183.29,74.771,108.08,36.638
182.74,73.112,108.08,36.638
181.08,70.9,108.08,36.638
179.98,67.583,108.08,36.638
178.87,64.818,108.08,36.638
178.32,60.947,108.08,36.638
173.89,55.971,108.08,36.638
173.89,54.865,108.08,36.638
172.79,52.1,108.08,36.638
171.68,49.336,108.08,36.638
168.36,45.465,108.08,36.638
168.36,43.253,108.08,36.638
166.71,38.83,108.08,36.638
163.85,34.001,110.47,37.449
162.72,29.483,110.47,37.449
161.59,26.66,110.47,37.449
160.46,24.966,110.47,37.449
159.33,22.142,110.47,37.449
158.77,21.013,110.47,37.449
158.2,20.448,110.47,37.449
156.42,18.904,112.92,38.278
153.44,16.751,115.42,39.124
151.67,15.571,115.42,39.124
151.08,14.981,115.42,39.124
151.08,14.391,115.42,39.124
150.49,10.85,115.42,39.124
148.72,6.7182,115.42,39.124
148.72,3.177,115.42,39.124
148.13,0.226,115.42,39.124
148.72,-0.95439,115.42,39.124
144.59,-2.1348,115.42,39.124
143.31,-2.5676,117.97,39.99
140.9,-1.9656,117.97,39.99
139.6,-1.2041,120.58,40.875
135.8,1.4221,123.25,41.779
131.29,8.5129,125.98,42.704
128.72,14.301,125.98,42.704
125.5,18.803,125.98,42.704
127.43,24.591,125.98,42.704
125.5,27.164,125.98,42.704
124.86,30.38,125.98,42.704
122.18,33.766,128.76,43.648
121.41,37.881,131.61,44.614
121.41,41.916,131.61,44.614
121.41,44.607,131.61,44.614
120.06,47.969,131.61,44.614
121.41,49.987,131.61,44.614
118.61,50.166,134.52,45.601
116.43,50.348,137.5,46.61
112.81,50.534,140.54,47.641
111.37,50.534,140.54,47.641
109.1,51.442,143.65,48.695
107.63,52.909,143.65,48.695
106.9,54.376,143.65,48.695
106.17,55.842,143.65,48.695
106.17,57.309,143.65,48.695
103.23,58.042,143.65,48.695
103.23,59.509,143.65,48.695
103.23,60.242,143.65,48.695
101.77,60.976,143.65,48.695
99.566,61.709,143.65,48.695
98.833,63.176,143.65,48.695
98.1,64.642,143.65,48.695
92.233,66.109,143.65,48.695
91.565,67.362,140.59,47.657
90.847,68.797,140.59,47.657
90.193,71.458,137.59,46.641
89.554,73.359,134.66,45.646
87.49,74.048,134.66,45.646
84.737,75.424,134.66,45.646
82.672,76.8,134.66,45.646
82.672,78.177,134.66,45.646
83.36,79.553,134.66,45.646
84.048,79.553,134.66,45.646
84.048,80.242,134.66,45.646
84.048,80.93,134.66,45.646
84.048,81.618,134.66,45.646
84.048,80.93,134.66,45.646
84.048,80.93,134.66,45.646
84.048,80.93,134.66,45.646
84.737,80.93,134.66,45.646
84.048,80.242,134.66,45.646
82.672,79.553,134.66,45.646
80.607,79.553,134.66,45.646
81.355,80.728,131.78,44.673
78.725,80.532,128.97,43.72
80.759,81.657,126.22,42.788
82.75,83.404,123.53,41.875
84.067,85.113,120.9,40.982
82.268,86.167,118.32,40.108
79.852,88.583,118.32,40.108
83.476,89.791,118.32,40.108
77.49,93.842,115.8,39.253
78.674,95.026,115.8,39.253
79.267,95.619,115.8,39.253
80.451,96.803,115.8,39.253
80.451,97.987,115.8,39.253
81.043,99.172,115.8,39.253
81.635,100.95,115.8,39.253
83.412,102.13,115.8,39.253
85.188,103.91,115.8,39.253
84.499,105.84,118.36,40.121
84.499,107.05,118.36,40.121
83.895,108.26,118.36,40.121
83.292,108.86,118.36,40.121
83.895,110.07,118.36,40.121
84.499,111.28,118.36,40.121
41.621,31.561,118.36,40.121
41.017,36.392,118.36,40.121
41.017,36.996,118.36,40.121
41.621,34.58,118.36,40.121
41.621,36.392,118.36,40.121
40.413,35.184,118.36,40.121
38.601,35.788,118.36,40.121
37.393,35.788,118.36,40.121
36.186,35.184,118.36,40.121
34.978,34.58,118.36,40.121
34.374,35.788,118.36,40.121
33.166,35.788,118.36,40.121
33.824,36.82,115.83,39.266
33.283,36.647,113.36,38.428
32.704,36.068,113.36,38.428
32.126,34.333,113.36,38.428
31.547,33.754,113.36,38.428
30.969,33.754,113.36,38.428
30.391,33.176,113.36,38.428
28.558,31.016,115.87,39.279
27.966,29.831,115.87,39.279
27.374,29.831,115.87,39.279
26.189,29.831,115.87,39.279
25.005,29.239,115.87,39.279
24.413,28.055,115.87,39.279
23.229,28.055,115.87,39.279
22.044,28.055,115.87,39.279
23.28,28.474,113.4,38.441
22.123,28.474,113.4,38.441
21.545,29.052,113.4,38.441
22.123,29.63,113.4,38.441
24.489,30.04,110.98,37.621
25.056,30.607,110.98,37.621
25.056,31.174,110.98,37.621
25.056,31.74,110.98,37.621
25.056,31.74,110.98,37.621
24.489,31.74,110.98,37.621
23.922,32.307,110.98,37.621
22.222,31.174,110.98,37.621
22.789,31.74,110.98,37.621
21.089,30.607,110.98,37.621
21.656,30.04,110.98,37.621
21.089,30.04,110.98,37.621
19.956,30.04,110.98,37.621
18.822,29.474,110.98,37.621
16.556,28.907,110.98,37.621
16.556,30.04,110.98,37.621
15.989,30.607,110.98,37.621
15.989,30.04,110.98,37.621
14.856,30.04,110.98,37.621
14.289,30.04,110.98,37.621
14.856,30.04,110.98,37.621
13.156,30.04,110.98,37.621
12.589,29.474,110.98,37.621
10.889,29.474,110.98,37.621
10.322,28.907,110.98,37.621
10.322,28.907,110.98,37.621
9.189,29.474,110.98,37.621
8.6223,28.907,110.98,37.621
8.0557,29.474,110.98,37.621
7.489,28.34,110.98,37.621
7.489,27.207,110.98,37.621
7.489,26.64,110.98,37.621
6.8279,27.357,113.44,38.454
5.0867,26.777,113.44,38.454
5.0867,27.357,113.44,38.454
5.0867,26.777,113.44,38.454
4.5063,27.357,113.44,38.454
4.5063,27.357,113.44,38.454
4.5063,26.777,113.44,38.454
4.5063,27.357,113.44,38.454
4.5063,26.777,113.44,38.454
4.5063,26.777,113.44,38.454
4.5063,26.197,113.44,38.454
3.9259,26.197,113.44,38.454
3.3456,25.616,113.44,38.454
3.3943,24.285,111.02,37.634
3.3943,24.285,111.02,37.634
2.8781,22.986,108.65,36.831
1.7683,22.986,108.65,36.831
1.7683,22.986,108.65,36.831
1.2134,22.432,108.65,36.831
1.2134,22.432,108.65,36.831
0.65848,22.432,108.65,36.831
0.70719,22.269,106.33,36.046
-0.92222,22.269,106.33,36.046
-3.0948,22.269,106.33,36.046
-3.0472,22.111,104.07,35.277
-3.5786,22.111,104.07,35.277
-4.11,21.579,104.07,35.277
-4.5945,20.361,101.85,34.525
-5.5869,19.69,99.676,33.788
-7.0731,19.541,97.55,33.068
-7.0291,20.391,95.47,32.363
-7.9641,20.248,93.434,31.673
-7.9207,20.109,91.441,30.997
-8.3457,19.973,89.491,30.336
-7.8484,18.469,87.583,29.689
-8.7425,19.363,87.583,29.689
-7.3616,19.68,85.715,29.056
-6.8849,17.803,83.887,28.436
-8.1375,18.107,82.098,27.83
-7.6817,17.564,80.348,27.237
-9.7307,17.974,80.348,27.237
-10.513,16.215,78.634,26.656
-13.729,16.215,78.634,26.656
-12.488,15.294,76.957,26.087
-14.057,14.117,76.957,26.087
-12.844,13.611,75.316,25.531
-10.504,13.115,73.71,24.986
-12.763,11.609,73.71,24.986
-11.977,11.122,72.138,24.454
-10.471,11.014,70.6,23.932
-9.3569,9.4656,69.094,23.422
-8.9731,10.068,67.621,22.922
-9.6325,8.2421,66.179,22.433
-13.4,6.9821,67.643,22.93
-14.435,5.2567,67.643,22.93
-15.125,3.8763,67.643,22.93
-18.634,4.3128,69.14,23.437
-18.987,2.901,69.14,23.437
-20.046,1.8422,69.14,23.437
-20.015,1.3862,67.665,22.937
-18.948,2.321,66.222,22.448
-17.903,3.2388,64.81,21.969
-19.229,2.9074,64.81,21.969
-18.537,2.8103,63.428,21.501
-20.802,1.5162,63.428,21.501
-20.449,0.77485,62.075,21.042
-21.085,-1.7663,62.075,21.042
-22.407,-2.9521,63.449,21.508
-23.756,-8.0429,64.852,21.984
-24.804,-9.943,66.287,22.47
-25.144,-12.317,66.287,22.47
-26.555,-16.976,67.754,22.967
20.326,-16.384,66.309,22.478
23.663,-16.293,67.776,22.975
23.316,-15.946,67.776,22.975
23.607,-16.2,69.276,23.483
23.194,-17.166,70.808,24.003
70.756,21.894,72.375,24.534
72.92,22.364,73.976,25.077
72.101,22.086,75.613,25.632
69.333,21.416,77.286,26.199
65.326,20.338,78.996,26.778
63.24,20.446,80.744,27.371
62.416,19.622,80.744,27.371
61.593,18.799,80.744,27.371
60.769,18.387,80.744,27.371
58.641,17.261,82.53,27.976
58.641,17.261,82.53,27.976
57.376,16.839,82.53,27.976
56.533,15.575,82.53,27.976
56.111,15.153,82.53,27.976
55.268,14.731,82.53,27.976
54.004,13.888,82.53,27.976
53.582,13.467,82.53,27.976
53.16,13.467,82.53,27.976
53.16,13.045,82.53,27.976
52.739,12.624,82.53,27.976
52.739,11.78,82.53,27.976
51.896,11.78,82.53,27.976
51.896,11.359,82.53,27.976
50.631,10.937,82.53,27.976
51.053,9.6726,82.53,27.976
52.317,8.4079,82.53,27.976
53.582,6.7216,82.53,27.976
59.099,4.069,80.77,27.38
59.549,3.9491,79.048,26.796
59.549,3.1413,79.048,26.796
61.906,1.2292,80.797,27.389
62.767,0.28003,79.074,26.805
63.575,-0.93174,79.074,26.805
65.528,-2.44,80.823,27.398
63.459,-2.8538,80.823,27.398
63.806,-3.9843,82.611,28.004
63.314,-5.1372,84.439,28.623
62.451,-6,84.439,28.623
63.242,-6.748,86.307,29.257
61.846,-7.0716,88.217,29.904
60.42,-6.9515,90.169,30.566
59.422,-7.2896,92.164,31.242
58.951,-6.819,92.164,31.242
58.481,-5.4073,92.164,31.242
59.422,-3.9955,92.164,31.242
59.422,-3.9955,92.164,31.242
61.775,-4.4661,92.164,31.242
63.187,-4.4661,92.164,31.242
65.069,-5.4073,92.164,31.242
69.817,-5.0741,90.198,30.576
70.738,-5.9957,90.198,30.576
74.885,-7.8388,90.198,30.576
75.807,-9.2212,90.198,30.576
75.807,-11.064,90.198,30.576
76.768,-13.042,88.275,29.924
77.259,-13.174,86.392,29.286
77.298,-14.627,84.55,28.661
75.179,-15.184,82.747,28.05
69.605,-16.341,84.578,28.67
63.566,-16.341,84.578,28.67
58.821,-17.204,84.578,28.67
54.939,-17.204,84.578,28.67
51.488,-17.204,84.578,28.67
48.037,-18.067,84.578,28.67
47.605,-18.067,84.578,28.67
44.081,-18.815,86.449,29.305
40.993,-19.256,86.449,29.305
37.831,-20.463,88.362,29.953
38.206,-21.696,90.317,30.616
37.668,-22.496,92.315,31.293
39.01,-23.787,94.357,31.986
38.93,-25.105,96.445,32.693
39.832,-26.451,98.579,33.417
106.27,40.704,100.76,34.156
106.78,43.799,100.76,34.156
110.91,41.22,100.76,34.156
114.52,35.548,100.76,34.156
118.13,29.875,100.76,34.156
120.71,26.265,100.76,34.156
121.74,22.14,100.76,34.156
122.77,18.53,100.76,34.156
121.74,15.436,100.76,34.156
124.36,12.706,98.611,33.428
125.37,9.6823,98.611,33.428
126.88,5.147,98.611,33.428
128.43,4.9995,96.508,32.715
130.94,6.3327,94.45,32.017
133.35,6.3327,94.45,32.017
132.87,7.7797,94.45,32.017
132.39,10.674,94.45,32.017
133.83,14.05,94.45,32.017
138.17,16.944,94.45,32.017
141.55,17.909,94.45,32.017
138.66,18.391,94.45,32.017
145.89,20.321,94.45,32.017
152.65,20.803,94.45,32.017
156.02,20.321,94.45,32.017
163.26,19.839,94.45,32.017
170.49,17.909,94.45,32.017
171.94,16.462,94.45,32.017
176.28,15.497,94.45,32.017
177.25,13.568,94.45,32.017
178.21,11.156,94.45,32.017
189.35,12.945,92.436,31.334
192.18,12.472,92.436,31.334
185.57,10.109,92.436,31.334
180.37,6.8015,92.436,31.334
179.42,3.9662,92.436,31.334
180.29,1.2568,94.481,32.028
180.77,-0.67259,94.481,32.028
181.3,-2.2605,92.466,31.345
179.45,-4.7616,90.495,30.676
182.73,-5.8227,88.565,30.022
185.48,-6.8614,86.676,29.382
188.59,-8.1909,86.676,29.382
194.83,-9.6501,84.828,28.755
195.3,-12.81,83.019,28.142
200.84,-12.51,81.248,27.542
203.79,-11.801,79.516,26.954
228.18,-5.0192,77.82,26.38
227.81,-3.9419,76.16,25.817
216.98,-3.6666,74.536,25.267
219.26,-1.3842,74.536,25.267
221.54,2.0393,74.536,25.267
218.91,5.7322,72.947,24.728
220.06,11.212,71.391,24.2
221.16,13.765,71.391,24.2
221.52,17.047,71.391,24.2
221.52,19.235,71.391,24.2
221.16,21.423,71.391,24.2
220.79,21.788,71.391,24.2
221.89,24.706,71.391,24.2
222.19,24.438,72.971,24.736
222.19,27.791,72.971,24.736
221.82,29.654,72.971,24.736
225.17,33.379,72.971,24.736
227.41,35.242,72.971,24.736
231.91,39.976,71.415,24.208
233,43.259,71.415,24.208
235.56,45.447,71.415,24.208
237.02,46.541,71.415,24.208
238.84,49.094,71.415,24.208
241.42,53.364,69.892,23.692
242.5,55.148,69.892,23.692
245.02,59.683,68.401,23.187
244.68,62.824,68.401,23.187
241.88,66.663,68.401,23.187
241.88,69.456,68.401,23.187
237.7,69.107,68.401,23.187
238.04,71.899,68.401,23.187
238.04,75.738,68.401,23.187
237.35,75.04,68.401,23.187
236.3,73.993,68.401,23.187
235.95,74.342,68.401,23.187
235.89,77.576,69.915,23.7
235.21,81.397,68.424,23.194
239.34,84.98,69.937,23.708
237.23,89.872,68.446,23.202
235.52,93.958,66.986,22.707
235.52,97.733,66.986,22.707
236.2,101.16,66.986,22.707
234.52,103.81,65.558,22.223
234.88,105.72,64.16,21.749
233.93,106.28,62.792,21.285
232.32,106.28,62.792,21.285
230.07,105.96,62.792,21.285
228.78,105.64,62.792,21.285
227.49,104.99,62.792,21.285
226.56,104.58,61.453,20.831
226.27,104.8,60.142,20.387
227.19,104.18,60.142,20.387
226.27,102.95,60.142,20.387
223.5,101.11,60.142,20.387
222.27,99.567,60.142,20.387
222.91,97.938,58.86,19.952
220.84,96.35,57.604,19.527
219.95,95.174,57.604,19.527
219.02,94.075,58.879,19.959
219.32,93.175,58.879,19.959
220.22,92.875,58.879,19.959
221.12,91.075,58.879,19.959
223.77,89.655,60.182,20.401
227.47,87.5,60.182,20.401
227.77,85.653,60.182,20.401
228.08,84.421,60.182,20.401
227.77,81.035,60.182,20.401
227.77,79.804,60.182,20.401
235.47,81.343,60.182,20.401
239.42,79.578,61.513,20.852
240.39,81.369,60.201,20.407
243.5,80.663,58.917,19.972
243.52,80.876,57.661,19.546
243.52,80.876,57.661,19.546
242.94,80.582,57.661,19.546
242.96,80.496,56.431,19.129
243.85,80.412,55.228,18.721
244.98,80.13,55.228,18.721
245.26,80.13,55.228,18.721
244.42,79.565,55.228,18.721
244.7,78.718,55.228,18.721
245.26,78.718,55.228,18.721
242.16,77.871,55.228,18.721
240.75,78.435,55.228,18.721
240.75,79,55.228,18.721
240.7,79.64,56.45,19.136
239.21,79.14,57.699,19.559
239.8,80.611,57.699,19.559
239.8,80.905,57.699,19.559
240.39,81.493,57.699,19.559
240.63,81.277,58.975,19.992
240.33,81.881,58.975,19.992
240.33,81.881,58.975,19.992
240.03,81.579,58.975,19.992
240.63,81.277,58.975,19.992
242.14,82.183,58.975,19.992
242.14,82.485,58.975,19.992
242.7,82.565,60.28,20.434
242.7,82.565,60.28,20.434
242.34,82.031,61.614,20.886
246.47,84.464,60.3,20.441
245.49,83.314,61.634,20.893
245.13,82.452,62.998,21.355
244.81,82.452,62.998,21.355
243.52,81.809,62.998,21.355
243.14,81.251,64.392,21.828
244.46,81.251,64.392,21.828
245.12,80.921,64.392,21.828
244.79,80.921,64.392,21.828
244.08,79.362,65.816,22.311
244.41,78.356,65.816,22.311
242.74,78.021,65.816,22.311
242.74,77.351,65.816,22.311
242.07,76.68,65.816,22.311
241.73,76.345,65.816,22.311
240.73,75.339,65.816,22.311
240.05,74.668,65.816,22.311
239.05,74.668,65.816,22.311
239.05,74.333,65.816,22.311
238.04,73.662,65.816,22.311
238.74,73.565,64.413,21.835
238.09,72.906,64.413,21.835
237.1,72.247,64.413,21.835
236.11,71.259,64.413,21.835
236.44,70.271,64.413,21.835
236.11,69.283,64.413,21.835
235.4,67.723,65.838,22.318
235.68,66.802,67.295,22.812
234.99,65.086,67.295,22.812
236.02,64.057,67.295,22.812
237.34,62.775,68.783,23.316
236.64,61.722,68.783,23.316
234.53,60.318,68.783,23.316
234.53,59.616,68.783,23.316
234.53,58.914,68.783,23.316
235.23,57.861,68.783,23.316
233.07,56.2,70.305,23.832
231.27,55.482,70.305,23.832
229.12,54.764,70.305,23.832
229.48,54.047,70.305,23.832
229.84,53.329,70.305,23.832
227.33,49.382,70.305,23.832
224.1,46.152,70.305,23.832
224.85,41.383,68.806,23.324
225.23,35.314,67.339,22.827
226.63,30.067,65.903,22.34
227.31,22.31,65.903,22.34
227.31,15.903,65.903,22.34
226.97,10.169,65.903,22.34
226.3,4.4359,65.903,22.34
224.95,-1.9719,65.903,22.34
202.69,30.067,65.903,22.34
199.99,21.636,65.903,22.34
199.99,14.891,65.903,22.34
195.61,7.4712,65.903,22.34
191.59,0.96434,64.497,21.863
188.98,-2.4261,63.122,21.397
204.45,40.892,61.776,20.941
204.79,37.959,60.458,20.494
205.12,33.53,59.169,20.057
204.85,28.913,57.907,19.63
204.28,23.793,56.672,19.211
202.54,18.859,56.672,19.211
202.27,14.421,55.464,18.801
200.88,9.2194,54.281,18.4
222.39,17.863,55.482,18.807
223.84,10.956,54.299,18.406
223.51,4.6697,55.5,18.814
202.47,28.836,55.5,18.814
201.86,20.952,56.728,19.23
200.7,11.956,56.728,19.23
203.26,12.323,57.983,19.655
208.03,11.941,56.747,19.236
208.05,7.2125,55.537,18.826
202.08,-1.6012,55.537,18.826
200.4,-2.5377,54.352,18.424
199.86,-4.0119,53.193,18.032
200.7,-4.6373,52.059,17.647
202.06,-1.5158,50.949,17.271
202.86,2.8409,49.862,16.902
204.14,9.7233,49.862,16.902
204.39,17.625,49.862,16.902
205.43,28.256,48.799,16.542
206.18,38.217,48.799,16.542
204.94,48.427,48.799,16.542
204.65,59.201,49.878,16.908
205.43,70.852,48.815,16.547
207.42,82.058,48.815,16.547
207.92,94.509,48.815,16.547
208.13,106.78,49.895,16.914
209.15,121.82,49.895,16.914
211.97,138.31,48.831,16.553
213.49,154.42,47.789,16.2
216.19,171.58,47.789,16.2
218.39,189.72,47.789,16.2
206.38,186.04,47.789,16.2
206.38,201.73,47.789,16.2
218.15,182.85,47.789,16.2
217.66,192.9,47.789,16.2
214.74,203.62,46.77,15.854
212.13,212.64,45.773,15.516
211.66,219.4,45.773,15.516
211.89,225.94,45.773,15.516
211.66,230.84,45.773,15.516
211.19,235.5,45.773,15.516
209.99,239.53,46.786,15.86
209.77,245.92,45.788,15.521
210,252.45,45.788,15.521
210.47,257.59,45.788,15.521
210.7,265.05,45.788,15.521
211.4,270.89,45.788,15.521
211.87,276.25,45.788,15.521
214.22,279.45,44.812,15.19
215.85,283.06,43.856,14.866
218.49,286.47,44.826,15.195
221.7,289.91,44.826,15.195
224.91,293.58,44.826,15.195
226.98,298.17,44.826,15.195
227.4,300.06,45.818,15.532
227.36,302.93,46.832,15.875
228.34,305.25,45.833,15.537
227.64,306.88,45.833,15.537
228.13,309.15,44.856,15.205
227.86,309.9,45.848,15.542
228.58,310.99,44.87,15.21
228.81,311.91,44.87,15.21
226.98,308.93,44.87,15.21
226.25,307.84,45.863,15.547
224.64,306.38,44.885,15.215
224.66,306.08,43.928,14.891
224.44,306.3,43.928,14.891
224.44,305.86,43.928,14.891
224.21,306.75,43.928,14.891
224.17,307.93,44.9,15.22
224.17,307.7,44.9,15.22
224.42,307.63,43.942,14.896
224.65,306.51,43.942,14.896
224.61,306.8,44.914,15.225
227.78,309.84,45.908,15.562
228.45,309.67,46.924,15.906
229.17,308.71,46.924,15.906
230.36,308.71,46.924,15.906
230.84,308.47,46.924,15.906
231.32,308.47,46.924,15.906
230.6,307.75,46.924,15.906
230.84,307.04,46.924,15.906
229.17,306.8,46.924,15.906
227.49,307.99,46.924,15.906
227.73,309.19,46.924,15.906
227.45,310.93,47.962,16.258
225.7,312.22,49.023,16.618
226.16,313.04,50.108,16.986
228.17,314.13,51.217,17.362
229.74,315.44,51.217,17.362
232.61,314.13,51.217,17.362
237.3,314.39,51.217,17.362
241.73,312.31,51.217,17.362
244.86,312.83,51.217,17.362
249.58,313.01,50.124,16.991
253.43,312.5,50.124,16.991
258.08,312.94,49.055,16.629
259.08,312.69,49.055,16.629
260.34,312.19,49.055,16.629
262.62,312.36,48.009,16.274
265.07,311.63,48.009,16.274
266.54,311.38,48.009,16.274
270.17,309.98,49.072,16.634
271.93,309.47,49.072,16.634
274.44,307.97,49.072,16.634
275.4,307.53,50.157,17.002
276.65,305.55,51.267,17.379
278.22,305.55,51.267,17.379
280.35,305.21,50.174,17.008
282.17,303.85,49.104,16.645
284.2,303.52,48.057,16.29
285.69,302.72,47.032,15.943
286.65,301.75,47.032,15.943
288.36,300.72,46.029,15.603
286.95,300.72,46.029,15.603
287.89,300.01,46.029,15.603
286.48,299.77,46.029,15.603
286.71,299.3,46.029,15.603
286.48,298.36,46.029,15.603
286.95,297.89,46.029,15.603
287.62,295.84,47.047,15.948
289.3,294.39,47.047,15.948
290.75,294.15,47.047,15.948
293.4,293.43,47.047,15.948
297.99,291.98,47.047,15.948
300.64,290.05,47.047,15.948
306.19,288.84,47.047,15.948
310.29,286.91,47.047,15.948
311.99,285.88,46.044,15.608
314.58,284.7,46.044,15.608
319.07,284.16,45.062,15.275
322.06,282.79,45.062,15.275
323.91,280.65,44.101,14.949
327.76,278.33,43.161,14.631
331.74,274.98,42.24,14.319
334.33,271.31,42.24,14.319
336.5,268.01,41.339,14.013
339.7,263.5,40.458,13.715
340.73,260.62,40.458,13.715
342.39,255.82,39.595,13.422
343.81,249.36,39.595,13.422
345.42,243.91,39.595,13.422
348.27,237.79,38.751,13.136
351.45,233.97,37.924,12.856
354.38,230.61,37.116,12.582
356.3,227.7,36.324,12.313
359.29,226.9,35.549,12.051
361.86,227.94,34.791,11.794
362.59,229.5,34.049,11.542
363.48,231.71,33.323,11.296
364.17,234.56,32.613,11.055
364.35,237.02,31.917,10.819
364.86,239.57,31.236,10.589
367.57,241.59,30.57,10.363
369.62,242.02,29.918,10.142
372.22,243.85,29.918,10.142
374.82,245.23,29.918,10.142
377.59,247.94,29.28,9.9256
379.97,249.87,29.28,9.9256
382.06,252.26,29.28,9.9256
384.15,255.68,29.28,9.9256
386.38,259.41,29.28,9.9256
389.21,264.92,29.28,9.9256
390.4,269.39,29.28,9.9256
391.9,274.61,29.28,9.9256
394.43,279.53,29.28,9.9256
396.98,285.89,28.656,9.7139
400.37,290.7,28.045,9.5068
402.8,295.85,28.045,9.5068
406.1,299.86,28.045,9.5068
408.68,302.97,27.447,9.304
410.94,304.1,27.447,9.304
413.91,304.24,27.447,9.304
417.58,304.24,27.447,9.304
420.97,303.53,27.447,9.304
424.21,301.98,27.447,9.304
428.17,302.12,27.447,9.304
430.57,302.83,27.447,9.304
432.54,303.53,27.447,9.304
434.8,303.53,27.447,9.304
436.21,304.1,27.447,9.304
436.92,305.51,27.447,9.304
437.64,306.46,26.862,9.1056
438.18,308.52,26.862,9.1056
438.6,310.71,26.862,9.1056
439.42,313.46,26.862,9.1056
440.79,316.06,26.862,9.1056
442.17,318.95,26.862,9.1056
442.44,323.75,26.862,9.1056
442.99,326.63,26.862,9.1056
444.1,329.34,26.289,8.9114
445.17,330.14,26.289,8.9114
447.45,329.83,25.728,8.7214
449.68,328.13,25.728,8.7214
453.09,326.02,25.728,8.7214
456.64,322.48,25.728,8.7214
460.46,318.76,25.179,8.5354
460.99,311.22,24.642,8.3534
464.61,307.86,25.188,8.5382
470.54,305.44,25.745,8.7271
473.44,305.66,25.196,8.541
