749.5,290,215,52
749.5,291,215,52
748.5,293.01,215,52
746.12,293.43,219.76,53.151
745.1,294.46,219.76,53.151
745.1,294.46,219.76,53.151
746.12,294.46,219.76,53.151
746.12,294.46,219.76,53.151
747.14,296.5,219.76,53.151
748.17,296.5,219.76,53.151
748.17,296.5,219.76,53.151
748.17,296.5,219.76,53.151
747.14,299.57,219.76,53.151
747.14,298.55,219.76,53.151
748.17,298.55,219.76,53.151
749.19,297.53,219.76,53.151
750.21,297.53,219.76,53.151
750.21,236.11,219.76,53.151
750.21,227.93,219.76,53.151
750.21,226.9,219.76,53.151
748.81,226.32,224.62,54.326
748.81,226.32,224.62,54.326
748.81,226.32,224.62,54.326
748.81,227.36,224.62,54.326
748.81,227.36,224.62,54.326
748.81,227.36,224.62,54.326
748.81,228.41,224.62,54.326
748.81,228.41,224.62,54.326
750.16,230.03,219.83,53.168
750.16,231.05,219.83,53.168
750.16,231.05,219.83,53.168
749.13,231.05,219.83,53.168
749.13,231.05,219.83,53.168
749.13,232.08,219.83,53.168
749.13,232.08,219.83,53.168
749.13,232.08,219.83,53.168
749.13,232.08,219.83,53.168
749.13,232.08,219.83,53.168
749.13,232.08,219.83,53.168
748.11,232.08,219.83,53.168
748.11,232.08,219.83,53.168
748.11,232.08,219.83,53.168
748.11,232.08,219.83,53.168
748.11,232.08,219.83,53.168
747.09,232.08,219.83,53.168
747.09,231.05,219.83,53.168
746.06,231.05,219.83,53.168
746.06,231.05,219.83,53.168
746.06,231.05,219.83,53.168
746.06,231.05,219.83,53.168
746.06,231.05,219.83,53.168
746.06,231.05,219.83,53.168
746.06,231.05,219.83,53.168
746.06,232.08,219.83,53.168
746.06,232.08,219.83,53.168
741.58,229.44,224.69,54.344
739.49,228.39,224.69,54.344
737.39,227.35,224.69,54.344
735.3,224.21,224.69,54.344
729.32,211.17,219.9,53.185
727.27,200.94,219.9,53.185
729.32,199.92,219.9,53.185
731.37,197.87,219.9,53.185
729.96,195.23,224.77,54.362
729.57,191.49,229.74,55.565
729.17,186.59,234.82,56.794
730.26,184.4,234.82,56.794
732.45,183.31,234.82,56.794
735.32,182.68,240.02,58.051
739.79,182.68,240.02,58.051
746.08,180.92,245.33,59.335
764.37,180.92,245.33,59.335
778.08,182.07,245.33,59.335
787.56,183.84,240.1,58.07
792.73,182.08,245.41,59.355
802.59,182.57,250.84,60.668
811.5,183.07,256.39,62.01
719.1,184.77,262.06,63.382
713.76,185.29,267.86,64.784
713.76,186.53,267.86,64.784
716.26,186.53,267.86,64.784
720.36,187.22,262.15,63.403
724.38,187.9,256.56,62.051
725.57,189.09,256.56,62.051
725.57,189.09,256.56,62.051
726.77,187.9,256.56,62.051
726.77,187.9,256.56,62.051
726.77,187.9,256.56,62.051
727.96,186.71,256.56,62.051
728.7,186.02,262.23,63.424
732.37,186.02,262.23,63.424
738.02,186.54,268.03,64.827
748.77,187.07,273.96,66.261
757.23,187.61,280.03,67.727
758.04,188.17,286.22,69.226
760.21,188.74,292.55,70.757
763.79,190.68,299.03,72.323
761.87,191.27,305.64,73.923
764.18,193.3,312.41,75.559
775.28,193.92,319.32,77.23
733.1,197.52,326.38,78.939
736.14,199.04,326.38,78.939
735.57,201.21,333.6,80.685
737.12,201.21,333.6,80.685
725.15,197.41,326.49,78.965
726.1,199.58,333.71,80.712
727.65,202.68,333.71,80.712
726.1,205.79,333.71,80.712
724.54,208.89,333.71,80.712
721.44,208.89,333.71,80.712
719.88,208.89,333.71,80.712
719.88,208.89,333.71,80.712
719.88,208.89,333.71,80.712
717.23,197.33,326.6,78.991
717.23,203.42,326.6,78.991
717.23,207.98,326.6,78.991
716.15,208.82,319.63,77.306
716.58,199.23,312.82,75.658
715.55,204.41,306.14,74.044
715.96,200.92,299.62,72.465
718.75,203.71,299.62,72.465
718.75,206.5,299.62,72.465
718.75,209.29,299.62,72.465
720.14,202.31,299.62,72.465
720.14,205.1,299.62,72.465
721.94,194.72,293.23,70.92
721.94,196.09,293.23,70.92
723.31,197.45,293.23,70.92
724.67,197.45,293.23,70.92
726.04,194.72,293.23,70.92
723.7,192.75,286.97,69.407
725.43,190.82,280.85,67.927
727.11,188.93,274.86,66.479
728.4,185.09,274.86,66.479
731.33,184.51,269,65.061
732.58,182.01,269,65.061
735.45,180.2,263.27,63.674
736.67,178.97,263.27,63.674
736.67,178.97,263.27,63.674
719.87,277.69,257.65,62.316
721.42,278.35,252.16,60.987
722.59,277.18,252.16,60.987
723.77,277.18,252.16,60.987
726.12,276,252.16,60.987
727.29,276,252.16,60.987
727.29,276,252.16,60.987
728.47,276,252.16,60.987
729.64,277.18,252.16,60.987
730.82,276,252.16,60.987
733.16,276,252.16,60.987
734.34,277.18,252.16,60.987
735.51,276,252.16,60.987
736.69,274.83,252.16,60.987
737.86,273.66,252.16,60.987
739.04,271.31,252.16,60.987
737.86,270.13,252.16,60.987
739.04,268.96,252.16,60.987
737.86,266.61,252.16,60.987
739.04,264.26,252.16,60.987
736.69,260.74,252.16,60.987
736.25,260.06,257.74,62.336
737.45,260.06,257.74,62.336
737.45,257.66,257.74,62.336
737.45,257.66,257.74,62.336
737.45,268.46,257.74,62.336
737.45,268.46,257.74,62.336
738.65,273.26,257.74,62.336
739.85,274.46,257.74,62.336
739.85,274.46,257.74,62.336
741.05,274.46,257.74,62.336
742.25,274.46,257.74,62.336
744.65,275.66,257.74,62.336
737.45,276.86,257.74,62.336
739.85,278.06,257.74,62.336
738.65,279.26,257.74,62.336
737.45,279.26,257.74,62.336
737.45,279.26,257.74,62.336
735.05,279.26,257.74,62.336
732.65,280.46,257.74,62.336
730.25,281.66,257.74,62.336
730.25,284.06,257.74,62.336
730.25,285.26,257.74,62.336
730.25,287.66,257.74,62.336
730.25,288.86,257.74,62.336
730.25,290.06,257.74,62.336
730.25,291.26,257.74,62.336
730.25,291.26,257.74,62.336
730.25,291.26,257.74,62.336
730.25,291.26,257.74,62.336
731.45,291.26,257.74,62.336
732.65,291.26,257.74,62.336
733.85,291.26,257.74,62.336
733.85,291.26,257.74,62.336
735.05,290.06,257.74,62.336
735.05,288.86,257.74,62.336
735.05,287.66,257.74,62.336
735.05,286.46,257.74,62.336
736.25,285.26,257.74,62.336
737.45,284.06,257.74,62.336
738.65,281.66,257.74,62.336
737.45,279.26,257.74,62.336
738.65,275.66,257.74,62.336
738.65,262.46,257.74,62.336
739.85,236.06,257.74,62.336
742.25,230.06,257.74,62.336
743.45,232.46,257.74,62.336
743.45,227.66,257.74,62.336
745,230.73,252.24,61.007
745,230.73,252.24,61.007
746.17,230.73,252.24,61.007
747.34,229.55,252.24,61.007
746.9,228.88,257.82,62.357
746.9,224.08,257.82,62.357
746.9,224.08,257.82,62.357
746.9,222.88,257.82,62.357
748.1,219.28,257.82,62.357
748.1,212.08,257.82,62.357
755.3,284.08,257.82,62.357
756.5,288.88,257.82,62.357
756.5,290.08,257.82,62.357
754.45,296.74,252.32,61.027
754.45,297.92,252.32,61.027
753.28,300.26,252.32,61.027
752.1,302.61,252.32,61.027
752.1,303.79,252.32,61.027
752.1,304.96,252.32,61.027
752.1,304.96,252.32,61.027
752.1,306.14,252.32,61.027
752.1,307.31,252.32,61.027
753.62,310.31,246.94,59.725
753.62,310.31,246.94,59.725
753.62,313.76,246.94,59.725
753.62,316.06,246.94,59.725
753.62,317.21,246.94,59.725
753.62,317.21,246.94,59.725
754.77,316.06,246.94,59.725
755.92,314.91,246.94,59.725
757.07,312.61,246.94,59.725
757.07,243.67,246.94,59.725
757.07,232.18,246.94,59.725
758.22,234.48,246.94,59.725
758.22,235.63,246.94,59.725
758.22,234.48,246.94,59.725
759.36,234.48,246.94,59.725
760.51,233.33,246.94,59.725
760.51,233.33,246.94,59.725
760.51,233.33,246.94,59.725
760.51,232.18,246.94,59.725
760.51,231.03,246.94,59.725
760.51,232.18,246.94,59.725
760.51,231.03,246.94,59.725
760.51,232.18,246.94,59.725
760.51,231.03,246.94,59.725
760.51,232.18,246.94,59.725
760.51,229.88,246.94,59.725
760.51,231.03,246.94,59.725
760.51,231.03,246.94,59.725
760.51,231.03,246.94,59.725
760.51,231.03,246.94,59.725
760.51,231.03,246.94,59.725
760.51,231.03,246.94,59.725
760.51,231.03,246.94,59.725
760.51,229.88,246.94,59.725
760.51,229.88,246.94,59.725
760.51,229.88,246.94,59.725
760.51,228.73,246.94,59.725
760.51,228.73,246.94,59.725
760.51,228.73,246.94,59.725
760.51,227.58,246.94,59.725
760.51,227.58,246.94,59.725
760.51,226.43,246.94,59.725
760.51,225.28,246.94,59.725
760.51,225.28,246.94,59.725
760.51,225.28,246.94,59.725
760.51,225.28,246.94,59.725
760.51,225.28,246.94,59.725
760.51,224.14,246.94,59.725
760.51,224.14,246.94,59.725
760.51,224.14,246.94,59.725
760.51,224.14,246.94,59.725
760.51,222.99,246.94,59.725
760.51,221.84,246.94,59.725
760.51,220.69,246.94,59.725
760.51,220.69,246.94,59.725
760.51,220.69,246.94,59.725
760.51,219.54,246.94,59.725
760.51,219.54,246.94,59.725
760.51,218.39,246.94,59.725
760.51,218.39,246.94,59.725
760.51,217.24,246.94,59.725
760.51,217.24,246.94,59.725
760.51,217.24,246.94,59.725
760.51,217.24,246.94,59.725
760.51,217.24,246.94,59.725
760.51,217.24,246.94,59.725
760.51,217.24,246.94,59.725
760.51,216.09,246.94,59.725
760.51,217.24,246.94,59.725
760.51,216.09,246.94,59.725
760.51,217.24,246.94,59.725
760.51,216.09,246.94,59.725
760.51,217.24,246.94,59.725
760.51,216.09,246.94,59.725
760.51,217.24,246.94,59.725
760.51,217.24,246.94,59.725
760.51,216.09,246.94,59.725
760.51,218.39,246.94,59.725
761.66,216.09,246.94,59.725
761.66,217.24,246.94,59.725
761.66,217.24,246.94,59.725
761.66,217.24,246.94,59.725
762.81,217.24,246.94,59.725
762.81,218.39,246.94,59.725
762.81,218.39,246.94,59.725
762.81,219.54,246.94,59.725
763.96,219.54,246.94,59.725
763.96,219.54,246.94,59.725
763.96,219.54,246.94,59.725
763.96,219.54,246.94,59.725
763.96,219.54,246.94,59.725
763.96,219.54,246.94,59.725
763.96,220.69,246.94,59.725
762.81,221.84,246.94,59.725
761.66,222.99,246.94,59.725
761.66,222.99,246.94,59.725
760.51,222.99,246.94,59.725
759.36,224.14,246.94,59.725
758.22,225.28,246.94,59.725
758.22,225.28,246.94,59.725
757.07,226.43,246.94,59.725
755.92,227.58,246.94,59.725
754.77,227.58,246.94,59.725
754.77,228.73,246.94,59.725
753.62,228.73,246.94,59.725
753.62,228.73,246.94,59.725
752.47,227.58,246.94,59.725
752.47,228.73,246.94,59.725
751.32,228.73,246.94,59.725
751.32,228.73,246.94,59.725
750.17,229.88,246.94,59.725
749.02,229.88,246.94,59.725
747.87,229.88,246.94,59.725
747.87,229.88,246.94,59.725
746.73,231.03,246.94,59.725
746.73,231.03,246.94,59.725
745.58,231.03,246.94,59.725
744.43,232.18,246.94,59.725
744.43,231.03,246.94,59.725
744.43,233.33,246.94,59.725
744.43,232.18,246.94,59.725
744.43,232.18,246.94,59.725
743.28,232.18,246.94,59.725
743.28,233.33,246.94,59.725
742.13,233.33,246.94,59.725
742.13,232.18,246.94,59.725
742.13,232.18,246.94,59.725
742.13,232.18,246.94,59.725
742.13,232.18,246.94,59.725
742.13,232.18,246.94,59.725
742.13,232.18,246.94,59.725
742.13,234.48,246.94,59.725
742.13,234.48,246.94,59.725
742.13,234.48,246.94,59.725
743.28,233.33,246.94,59.725
743.28,234.48,246.94,59.725
743.28,234.48,246.94,59.725
743.28,233.33,246.94,59.725
743.28,233.33,246.94,59.725
743.28,233.33,246.94,59.725
742.13,233.33,246.94,59.725
742.13,233.33,246.94,59.725
742.13,232.18,246.94,59.725
742.13,232.18,246.94,59.725
742.13,232.18,246.94,59.725
742.13,231.03,246.94,59.725
742.13,232.18,246.94,59.725
742.13,231.03,246.94,59.725
742.13,232.18,246.94,59.725
740.98,232.18,246.94,59.725
740.98,231.03,246.94,59.725
740.98,232.18,246.94,59.725
740.98,232.18,246.94,59.725
740.98,232.18,246.94,59.725
740.98,232.18,246.94,59.725
740.98,232.18,246.94,59.725
740.98,233.33,246.94,59.725
740.98,232.18,246.94,59.725
740.98,232.18,246.94,59.725
740.98,233.33,246.94,59.725
742.13,233.33,246.94,59.725
742.13,233.33,246.94,59.725
742.13,233.33,246.94,59.725
742.13,234.48,246.94,59.725
742.13,234.48,246.94,59.725
742.13,235.63,246.94,59.725
742.13,235.63,246.94,59.725
742.13,235.63,246.94,59.725
742.13,236.77,246.94,59.725
742.13,236.77,246.94,59.725
742.13,236.77,246.94,59.725
742.13,236.77,246.94,59.725
742.13,236.77,246.94,59.725
742.13,237.92,246.94,59.725
742.13,236.77,246.94,59.725
740.98,236.77,246.94,59.725
739.83,236.77,246.94,59.725
738.68,237.92,246.94,59.725
737.53,237.92,246.94,59.725
736.38,237.92,246.94,59.725
736.38,237.92,246.94,59.725
734.09,240.22,246.94,59.725
732.94,240.22,246.94,59.725
732.94,239.07,246.94,59.725
732.94,239.07,246.94,59.725
731.79,239.07,246.94,59.725
731.79,239.07,246.94,59.725
731.79,237.92,246.94,59.725
729.06,234.96,252.41,61.047
727.44,222.54,257.99,62.398
730.19,218.4,252.49,61.067
729.01,207.81,252.49,61.067
729.35,213.17,247.1,59.765
730.5,200.51,247.1,59.765
732.8,199.36,247.1,59.765
732.37,196.4,252.57,61.087
730.76,192.19,258.16,62.438
730.76,190.99,258.16,62.438
729.1,189.1,263.87,63.82
724.18,187.87,263.87,63.82
724.18,186.64,263.87,63.82
725.77,187.32,258.24,62.459
725.77,187.32,258.24,62.459
726.97,188.52,258.24,62.459
714.1,281.74,252.74,61.127
716.45,282.91,252.74,61.127
718.8,284.09,252.74,61.127
721.16,282.91,252.74,61.127
723.51,282.91,252.74,61.127
727.04,281.74,252.74,61.127
729.39,281.74,252.74,61.127
721.16,279.38,252.74,61.127
723.51,278.21,252.74,61.127
723.07,276.35,258.33,62.479
723.82,275.66,264.04,63.862
720.13,271.97,264.04,63.862
716.8,273.89,258.41,62.5
720.75,272.14,252.9,61.167
723.11,265.07,252.9,61.167
724.29,265.07,252.9,61.167
717.22,258,252.9,61.167
718.4,254.47,252.9,61.167
717.22,248.58,252.9,61.167
717.56,249.23,247.51,59.863
720.2,241.8,242.23,58.586
721.33,236.16,242.23,58.586
721.33,230.52,242.23,58.586
722.78,231.15,237.07,57.337
722.78,230.04,237.07,57.337
722.78,230.04,237.07,57.337
722.78,230.04,237.07,57.337
722.78,231.15,237.07,57.337
722.78,231.15,237.07,57.337
722.78,232.25,237.07,57.337
722.78,233.35,237.07,57.337
722.78,234.46,237.07,57.337
722.78,234.46,237.07,57.337
722.78,233.35,237.07,57.337
722.78,233.35,237.07,57.337
722.78,233.35,237.07,57.337
722.78,234.46,237.07,57.337
722.78,234.46,237.07,57.337
723.88,234.46,237.07,57.337
723.88,235.56,237.07,57.337
723.88,236.66,237.07,57.337
723.88,237.77,237.07,57.337
723.88,238.87,237.07,57.337
724.99,239.98,237.07,57.337
724.99,239.98,237.07,57.337
724.99,239.98,237.07,57.337
724.99,239.98,237.07,57.337
724.99,239.98,237.07,57.337
724.99,238.87,237.07,57.337
724.99,239.98,237.07,57.337
724.99,239.98,237.07,57.337
724.99,241.08,237.07,57.337
723.88,242.18,237.07,57.337
722.78,243.29,237.07,57.337
722.78,245.5,237.07,57.337
722.78,245.5,237.07,57.337
722.78,243.29,237.07,57.337
722.78,242.18,237.07,57.337
727.2,294.07,237.07,57.337
732.72,301.8,237.07,57.337
734.92,301.8,237.07,57.337
736.03,302.9,237.07,57.337
736.03,304,237.07,57.337
732.72,304,237.07,57.337
732.72,304,237.07,57.337
731.61,304,237.07,57.337
731.61,302.9,237.07,57.337
730.51,302.9,237.07,57.337
727.2,301.8,237.07,57.337
724.99,301.8,237.07,57.337
722.78,301.8,237.07,57.337
720.57,301.8,237.07,57.337
719.47,301.8,237.07,57.337
719.47,301.8,237.07,57.337
719.47,301.8,237.07,57.337
719.47,301.8,237.07,57.337
719.47,301.8,237.07,57.337
722,301.3,232.01,56.114
722,301.3,232.01,56.114
718.35,299.6,237.14,57.356
715.73,297.86,242.39,58.625
714.6,296.73,242.39,58.625
716.05,297.36,237.22,57.374
718.58,296.87,232.16,56.151
729.7,303.95,227.21,54.953
730.76,303.95,227.21,54.953
729.3,303.34,232.24,56.169
730.38,310.9,232.24,56.169
729.98,310.28,237.38,57.412
731.08,310.28,237.38,57.412
732.19,310.28,237.38,57.412
733.29,310.28,237.38,57.412
731.77,308.54,242.63,58.682
731.77,309.67,242.63,58.682
732.9,309.67,242.63,58.682
735.49,311.43,237.45,57.431
735.49,311.43,237.45,57.431
735.49,311.43,237.45,57.431
738.02,312.04,232.39,56.206
738.02,312.04,232.39,56.206
740.5,311.56,227.43,55.007
742.93,310.02,222.58,53.834
742.93,310.02,222.58,53.834
742.93,306.91,222.58,53.834
738.78,259.2,222.58,53.834
736.7,246.75,222.58,53.834
736.7,245.71,222.58,53.834
736.7,243.64,222.58,53.834
736.7,241.57,222.58,53.834
736.7,239.49,222.58,53.834
736.7,238.45,222.58,53.834
736.7,240.53,222.58,53.834
735.28,244.08,227.51,55.025
735.28,254.67,227.51,55.025
735.28,262.08,227.51,55.025
733.82,271,232.54,56.243
734.9,272.08,232.54,56.243
733.41,257.39,237.69,57.487
782.76,203.67,242.95,58.759
791.38,199.63,248.32,60.059
784.01,198.96,253.82,61.388
771.74,198.29,259.43,62.746
761.63,201.22,265.17,64.135
753.75,202.98,271.04,65.554
749.49,202.25,277.04,67.004
743.85,202.8,283.16,68.486
740.71,202.04,289.43,70.002
738.02,203.39,289.43,70.002
731.28,203.39,289.43,70.002
731.28,204.74,289.43,70.002
724.55,204.74,289.43,70.002
723.2,203.39,289.43,70.002
721.35,202.62,295.83,71.55
717.22,201.24,295.83,71.55
715.84,201.24,295.83,71.55
713.94,203.2,302.38,73.133
713.94,203.2,302.38,73.133
712.54,203.2,302.38,73.133
708.31,201.79,302.38,73.133
701.27,201.79,302.38,73.133
699.87,201.79,302.38,73.133
698.46,200.38,302.38,73.133
695.64,200.38,302.38,73.133
691.42,201.79,302.38,73.133
706.38,203.8,309.07,74.752
707.81,199.48,309.07,74.752
706.38,203.8,309.07,74.752
704.94,200.92,309.07,74.752
702.06,202.36,309.07,74.752
697.74,203.8,309.07,74.752
697.74,202.36,309.07,74.752
699.18,198.04,309.07,74.752
694.86,200.92,309.07,74.752
698.16,201.72,302.48,73.157
701.38,205.31,296.03,71.597
702.76,198.42,296.03,71.597
702.76,201.18,296.03,71.597
701.38,205.31,296.03,71.597
701.38,208.07,296.03,71.597
701.78,210.21,289.71,70.07
703.52,213.66,283.54,68.576
703.52,214.98,283.54,68.576
703.52,214.98,283.54,68.576
703.52,216.3,283.54,68.576
703.52,216.3,283.54,68.576
707.86,218.35,277.49,67.114
710.82,220.35,271.57,65.683
712.09,220.35,271.57,65.683
713.35,219.09,271.57,65.683
713.35,216.56,271.57,65.683
713.35,215.3,271.57,65.683
714.62,215.3,271.57,65.683
716.25,217.26,265.78,64.282
719.08,220.42,260.11,62.911
719.08,221.63,260.11,62.911
719.08,224.06,260.11,62.911
719.08,226.48,260.11,62.911
719.08,226.48,260.11,62.911
720.64,227.15,254.57,61.569
720.64,227.15,254.57,61.569
720.64,227.15,254.57,61.569
720.64,227.15,254.57,61.569
719.46,227.15,254.57,61.569
719.46,228.33,254.57,61.569
719.46,228.33,254.57,61.569
719.46,228.33,254.57,61.569
719.46,227.15,254.57,61.569
718.28,227.15,254.57,61.569
718.28,225.97,254.57,61.569
718.28,225.97,254.57,61.569
718.28,224.78,254.57,61.569
718.28,224.78,254.57,61.569
718.28,224.78,254.57,61.569
717.09,224.78,254.57,61.569
717.09,225.97,254.57,61.569
717.09,223.6,254.57,61.569
717.09,224.78,254.57,61.569
717.09,223.6,254.57,61.569
717.09,223.6,254.57,61.569
717.09,222.41,254.57,61.569
717.09,222.41,254.57,61.569
717.09,222.41,254.57,61.569
715.91,222.41,254.57,61.569
715.91,222.41,254.57,61.569
715.91,222.41,254.57,61.569
715.91,224.78,254.57,61.569
715.91,223.6,254.57,61.569
715.91,224.78,254.57,61.569
715.91,224.78,254.57,61.569
715.91,224.78,254.57,61.569
715.91,223.6,254.57,61.569
715.91,224.78,254.57,61.569
715.91,223.6,254.57,61.569
715.91,223.6,254.57,61.569
715.91,223.6,254.57,61.569
714.72,223.6,254.57,61.569
714.72,223.6,254.57,61.569
714.72,224.78,254.57,61.569
713.54,223.6,254.57,61.569
713.54,224.78,254.57,61.569
713.54,222.41,254.57,61.569
713.54,223.6,254.57,61.569
713.54,223.6,254.57,61.569
713.54,223.6,254.57,61.569
713.54,223.6,254.57,61.569
713.54,224.78,254.57,61.569
713.88,223.07,249.14,60.256
715.05,225.39,249.14,60.256
717.7,227.19,243.82,58.971
717.7,227.19,243.82,58.971
717.7,227.19,243.82,58.971
717.7,227.19,243.82,58.971
717.7,227.19,243.82,58.971
717.7,227.19,243.82,58.971
717.7,227.19,243.82,58.971
717.7,227.19,243.82,58.971
718.84,227.19,243.82,58.971
718.84,228.33,243.82,58.971
718.84,227.19,243.82,58.971
719.97,227.19,243.82,58.971
719.97,227.19,243.82,58.971
719.97,228.33,243.82,58.971
719.97,228.33,243.82,58.971
719.97,228.33,243.82,58.971
719.97,228.33,243.82,58.971
719.97,227.19,243.82,58.971
719.97,227.19,243.82,58.971
719.97,227.19,243.82,58.971
719.97,227.19,243.82,58.971
719.97,227.19,243.82,58.971
719.97,226.06,243.82,58.971
719.97,226.06,243.82,58.971
719.97,226.06,243.82,58.971
719.97,226.06,243.82,58.971
719.97,224.92,243.82,58.971
719.97,226.06,243.82,58.971
718.84,223.79,243.82,58.971
717.7,224.92,243.82,58.971
717.7,224.92,243.82,58.971
717.7,224.92,243.82,58.971
717.7,224.92,243.82,58.971
717.7,224.92,243.82,58.971
716.57,224.92,243.82,58.971
717.7,224.92,243.82,58.971
716.57,226.06,243.82,58.971
716.57,224.92,243.82,58.971
716.57,224.92,243.82,58.971
716.57,224.92,243.82,58.971
716.57,223.79,243.82,58.971
716.57,223.79,243.82,58.971
716.57,223.79,243.82,58.971
715.43,223.79,243.82,58.971
715.43,223.79,243.82,58.971
715.43,223.79,243.82,58.971
715.43,223.79,243.82,58.971
715.43,223.79,243.82,58.971
715.43,224.92,243.82,58.971
715.43,224.92,243.82,58.971
715.43,224.92,243.82,58.971
715.43,224.92,243.82,58.971
715.43,224.92,243.82,58.971
715.43,223.79,243.82,58.971
715.43,223.79,243.82,58.971
715.43,223.79,243.82,58.971
715.43,222.65,243.82,58.971
715.43,221.52,243.82,58.971
715.43,222.65,243.82,58.971
715.43,223.79,243.82,58.971
715.43,222.65,243.82,58.971
715.43,222.65,243.82,58.971
715.43,220.38,243.82,58.971
714.3,220.38,243.82,58.971
714.3,220.38,243.82,58.971
714.3,219.25,243.82,58.971
714.3,219.25,243.82,58.971
714.3,219.25,243.82,58.971
713.16,219.25,243.82,58.971
713.16,219.25,243.82,58.971
713.16,218.11,243.82,58.971
713.16,218.11,243.82,58.971
713.16,218.11,243.82,58.971
713.16,216.98,243.82,58.971
713.16,218.11,243.82,58.971
712.03,216.98,243.82,58.971
712.03,218.11,243.82,58.971
712.03,218.11,243.82,58.971
712.03,218.11,243.82,58.971
712.03,218.11,243.82,58.971
712.03,216.98,243.82,58.971
712.03,216.98,243.82,58.971
712.03,216.98,243.82,58.971
712.03,218.11,243.82,58.971
710.89,216.98,243.82,58.971
710.89,216.98,243.82,58.971
710.89,215.84,243.82,58.971
710.89,215.84,243.82,58.971
710.89,214.71,243.82,58.971
710.89,214.71,243.82,58.971
710.89,215.84,243.82,58.971
710.89,216.98,243.82,58.971
710.89,218.11,243.82,58.971
709.75,216.98,243.82,58.971
709.75,216.98,243.82,58.971
709.75,216.98,243.82,58.971
709.75,216.98,243.82,58.971
709.75,218.11,243.82,58.971
709.75,218.11,243.82,58.971
709.75,218.11,243.82,58.971
709.75,218.11,243.82,58.971
709.75,219.25,243.82,58.971
709.75,219.25,243.82,58.971
709.75,218.11,243.82,58.971
709.75,218.11,243.82,58.971
709.75,218.11,243.82,58.971
709.75,216.98,243.82,58.971
709.75,218.11,243.82,58.971
709.75,215.84,243.82,58.971
709.75,218.11,243.82,58.971
709.75,218.11,243.82,58.971
708.62,219.25,243.82,58.971
707.48,219.25,243.82,58.971
710.08,217.61,238.62,57.714
710.4,218.22,233.54,56.483
711.81,219.91,228.56,55.279
714.24,220.5,223.68,54.1
712.16,282.97,223.68,54.1
712.16,284.01,223.68,54.1
713.2,284.01,223.68,54.1
714.24,284.01,223.68,54.1
715.28,282.97,223.68,54.1
715.28,281.93,223.68,54.1
715.28,281.93,223.68,54.1
713.2,281.93,223.68,54.1
709.69,281.33,228.63,55.297
706.09,280.72,233.69,56.52
702.83,280.72,233.69,56.52
698.48,280.72,233.69,56.52
698.48,280.72,233.69,56.52
699.56,281.81,233.69,56.52
701.74,280.72,233.69,56.52
708.58,281.32,228.71,55.315
708.58,281.32,228.71,55.315
707.52,281.32,228.71,55.315
706.46,281.32,228.71,55.315
705.39,282.39,228.71,55.315
705.39,282.39,228.71,55.315
705.39,282.39,228.71,55.315
705.39,281.32,228.71,55.315
707.52,280.26,228.71,55.315
711.02,280.85,223.83,54.135
712.37,279.34,219.06,52.981
711.98,277.74,223.9,54.153
713.03,276.69,223.9,54.153
714.07,274.61,223.9,54.153
715.11,275.65,223.9,54.153
716.16,278.78,223.9,54.153
716.16,279.82,223.9,54.153
715.11,277.74,223.9,54.153
713.03,274.61,223.9,54.153
713.03,272.52,223.9,54.153
711.59,270.88,228.86,55.351
710.13,278.78,233.92,56.576
707.54,280.34,239.09,57.828
706.43,285.9,239.09,57.828
703.78,286.38,244.38,59.107
702.21,285.72,249.79,60.415
700.61,283.89,255.32,61.751
733.44,170.33,260.97,63.118
731.76,159.9,266.74,64.514
727.57,161.67,272.64,65.941
732.17,162.21,278.67,67.4
729.09,162.76,284.84,68.892
727.26,163.33,291.14,70.416
726.75,162.55,297.58,71.974
726.23,161.75,304.17,73.566
727.65,160.34,304.17,73.566
727.65,161.75,304.17,73.566
734.72,161.75,304.17,73.566
741.27,162.35,310.9,75.194
748.5,162.35,310.9,75.194
752.85,162.35,310.9,75.194
762.97,159.46,310.9,75.194
765.87,158.01,310.9,75.194
829.96,147.24,304.27,73.59
829.43,146.42,311,75.219
831.77,147.04,317.88,76.883
830.72,150.82,311.1,75.243
830.72,153.72,311.1,75.243
829.27,156.62,311.1,75.243
827.82,155.17,311.1,75.243
827.82,152.27,311.1,75.243
831.14,151.62,304.47,73.639
834.39,153.82,297.97,72.068
822.29,155.98,291.62,70.531
822.29,157.34,291.62,70.531
826.76,156.73,285.4,69.027
694.2,178.74,279.32,67.555
696.8,177.44,279.32,67.555
697.18,179.46,273.36,66.115
689.92,261.61,267.53,64.705
694.01,269.77,261.82,63.325
692.79,269.77,261.82,63.325
694.37,270.44,256.24,61.974
697.1,269.91,250.78,60.653
695.93,268.75,250.78,60.653
698.61,264.73,245.43,59.359
698.61,251.01,245.43,59.359
702.37,233.35,240.19,58.094
704.93,227.26,235.07,56.855
706.02,227.26,235.07,56.855
707.11,227.26,235.07,56.855
708.21,225.08,235.07,56.855
709.3,222.89,235.07,56.855
710.4,222.89,235.07,56.855
711.49,222.89,235.07,56.855
712.59,220.7,235.07,56.855
713.68,218.51,235.07,56.855
714.77,218.51,235.07,56.855
715.87,218.51,235.07,56.855
716.96,218.51,235.07,56.855
718.06,218.51,235.07,56.855
718.06,218.51,235.07,56.855
718.06,219.61,235.07,56.855
718.06,219.61,235.07,56.855
719.15,219.61,235.07,56.855
720.24,219.61,235.07,56.855
721.34,218.51,235.07,56.855
721.34,218.51,235.07,56.855
722.43,218.51,235.07,56.855
723.53,217.42,235.07,56.855
724.62,217.42,235.07,56.855
725.71,217.42,235.07,56.855
726.81,217.42,235.07,56.855
727.9,217.42,235.07,56.855
729,217.42,235.07,56.855
729,217.42,235.07,56.855
729,218.51,235.07,56.855
730.09,219.61,235.07,56.855
730.09,220.7,235.07,56.855
731.19,220.7,235.07,56.855
731.19,220.7,235.07,56.855
732.28,220.7,235.07,56.855
732.28,219.61,235.07,56.855
733.37,219.61,235.07,56.855
734.47,219.61,235.07,56.855
734.47,219.61,235.07,56.855
734.47,219.61,235.07,56.855
734.47,220.7,235.07,56.855
734.47,222.89,235.07,56.855
734.47,222.89,235.07,56.855
735.56,222.89,235.07,56.855
736.66,221.79,235.07,56.855
737.75,221.79,235.07,56.855
737.75,222.89,235.07,56.855
738.84,223.98,235.07,56.855
738.84,225.08,235.07,56.855
738.84,226.17,235.07,56.855
739.94,227.26,235.07,56.855
741.03,227.26,235.07,56.855
739.94,227.26,235.07,56.855
739.94,228.36,235.07,56.855
741.03,230.55,235.07,56.855
740.62,229.92,240.27,58.113
740.2,230.39,245.59,59.398
740.2,231.54,245.59,59.398
739.06,232.68,245.59,59.398
739.06,233.82,245.59,59.398
736.77,234.97,245.59,59.398
734.49,234.97,245.59,59.398
733.34,234.97,245.59,59.398
733.34,234.97,245.59,59.398
733.34,234.97,245.59,59.398
733.34,236.11,245.59,59.398
734.49,237.25,245.59,59.398
732.91,237.74,251.02,60.713
732.91,237.74,251.02,60.713
732.91,236.57,251.02,60.713
732.91,236.57,251.02,60.713
731.74,235.4,251.02,60.713
731.74,233.07,251.02,60.713
731.74,230.73,251.02,60.713
731.74,227.22,251.02,60.713
731.74,228.39,251.02,60.713
733.25,229.04,245.67,59.418
734.39,229.04,245.67,59.418
735.54,226.75,245.67,59.418
736.68,227.9,245.67,59.418
736.68,226.75,245.67,59.418
736.68,226.75,245.67,59.418
736.68,227.9,245.67,59.418
736.68,227.9,245.67,59.418
736.68,227.9,245.67,59.418
736.68,226.75,245.67,59.418
736.68,227.9,245.67,59.418
736.68,225.61,245.67,59.418
736.68,225.61,245.67,59.418
736.68,225.61,245.67,59.418
736.68,225.61,245.67,59.418
736.68,226.75,245.67,59.418
736.68,226.75,245.67,59.418
736.68,227.9,245.67,59.418
736.68,227.9,245.67,59.418
736.68,227.9,245.67,59.418
737.82,227.9,245.67,59.418
737.82,229.04,245.67,59.418
738.97,226.75,245.67,59.418
738.97,224.47,245.67,59.418
738.97,221.04,245.67,59.418
740.11,217.61,245.67,59.418
738.97,215.32,245.67,59.418
738.97,214.18,245.67,59.418
738.97,215.32,245.67,59.418
741.25,215.32,245.67,59.418
743.54,215.32,245.67,59.418
744.68,215.32,245.67,59.418
742.4,214.18,245.67,59.418
742.4,211.89,245.67,59.418
741.25,210.75,245.67,59.418
740.11,217.61,245.67,59.418
740.11,215.32,245.67,59.418
740.11,211.89,245.67,59.418
741.59,211.38,240.43,58.151
741.59,208.02,240.43,58.151
743.03,215.36,235.3,56.911
741.93,217.55,235.3,56.911
741.93,218.65,235.3,56.911
741.93,220.84,235.3,56.911
741.93,225.23,235.3,56.911
741.93,226.32,235.3,56.911
741.93,225.23,235.3,56.911
740.84,225.23,235.3,56.911
740.84,226.32,235.3,56.911
739.74,228.51,235.3,56.911
738.65,229.61,235.3,56.911
738.65,229.61,235.3,56.911
738.65,230.71,235.3,56.911
738.65,229.61,235.3,56.911
737.55,228.51,235.3,56.911
737.55,228.51,235.3,56.911
736.45,227.42,235.3,56.911
736.45,227.42,235.3,56.911
736.45,227.42,235.3,56.911
736.45,227.42,235.3,56.911
736.45,227.42,235.3,56.911
736.45,227.42,235.3,56.911
736.45,227.42,235.3,56.911
736.45,228.51,235.3,56.911
736.45,229.61,235.3,56.911
736.45,229.61,235.3,56.911
736.45,229.61,235.3,56.911
736.45,230.71,235.3,56.911
736.45,231.8,235.3,56.911
737.55,231.8,235.3,56.911
737.55,230.71,235.3,56.911
737.55,230.71,235.3,56.911
737.55,230.71,235.3,56.911
737.55,230.71,235.3,56.911
737.55,230.71,235.3,56.911
737.55,229.61,235.3,56.911
737.55,228.51,235.3,56.911
737.55,229.61,235.3,56.911
737.55,228.51,235.3,56.911
737.55,228.51,235.3,56.911
737.55,228.51,235.3,56.911
737.55,228.51,235.3,56.911
737.55,228.51,235.3,56.911
737.55,228.51,235.3,56.911
737.55,229.61,235.3,56.911
736.45,228.51,235.3,56.911
736.45,229.61,235.3,56.911
736.45,229.61,235.3,56.911
736.45,229.61,235.3,56.911
736.45,229.61,235.3,56.911
736.45,229.61,235.3,56.911
736.45,229.61,235.3,56.911
736.45,230.71,235.3,56.911
736.45,230.71,235.3,56.911
736.45,230.71,235.3,56.911
736.45,231.8,235.3,56.911
737.55,231.8,235.3,56.911
737.55,231.8,235.3,56.911
738.65,230.71,235.3,56.911
738.65,229.61,235.3,56.911
738.65,229.61,235.3,56.911
738.65,229.61,235.3,56.911
738.65,230.71,235.3,56.911
738.65,229.61,235.3,56.911
739.74,228.51,235.3,56.911
739.74,228.51,235.3,56.911
739.74,229.61,235.3,56.911
739.74,228.51,235.3,56.911
739.74,228.51,235.3,56.911
739.74,228.51,235.3,56.911
739.74,228.51,235.3,56.911
739.74,227.42,235.3,56.911
740.84,227.42,235.3,56.911
741.93,227.42,235.3,56.911
741.93,227.42,235.3,56.911
743.03,228.51,235.3,56.911
743.03,228.51,235.3,56.911
744.13,227.42,235.3,56.911
745.22,229.61,235.3,56.911
746.32,229.61,235.3,56.911
747.41,230.71,235.3,56.911
747.73,233.5,230.29,55.697
750.19,240.53,225.37,54.509
752.59,241.11,220.57,53.347
753.91,241.68,215.86,52.209
753.91,241.68,215.86,52.209
752.53,239.09,220.64,53.364
752.53,237.04,220.64,53.364
752.53,237.04,220.64,53.364
752.53,237.04,220.64,53.364
753.56,237.04,220.64,53.364
753.56,238.07,220.64,53.364
753.56,238.07,220.64,53.364
753.56,238.07,220.64,53.364
753.56,239.09,220.64,53.364
753.56,240.12,220.64,53.364
754.59,239.09,220.64,53.364
754.59,239.09,220.64,53.364
754.59,239.09,220.64,53.364
755.61,239.09,220.64,53.364
755.61,239.09,220.64,53.364
755.61,238.07,220.64,53.364
755.61,238.07,220.64,53.364
755.61,238.07,220.64,53.364
755.61,239.09,220.64,53.364
755.61,239.09,220.64,53.364
755.61,239.09,220.64,53.364
755.61,238.07,220.64,53.364
755.61,238.07,220.64,53.364
755.61,238.07,220.64,53.364
755.61,239.09,220.64,53.364
755.61,239.09,220.64,53.364
755.61,240.12,220.64,53.364
755.61,240.12,220.64,53.364
755.61,240.12,220.64,53.364
755.61,240.12,220.64,53.364
755.61,240.12,220.64,53.364
754.59,240.12,220.64,53.364
753.56,240.12,220.64,53.364
753.56,239.09,220.64,53.364
752.53,239.09,220.64,53.364
752.53,239.09,220.64,53.364
752.53,239.09,220.64,53.364
751.51,239.09,220.64,53.364
751.51,239.09,220.64,53.364
750.48,239.09,220.64,53.364
750.48,239.09,220.64,53.364
750.48,239.09,220.64,53.364
750.48,239.09,220.64,53.364
750.48,239.09,220.64,53.364
750.48,239.09,220.64,53.364
750.48,238.07,220.64,53.364
750.48,238.07,220.64,53.364
750.48,238.07,220.64,53.364
750.48,238.07,220.64,53.364
750.48,237.04,220.64,53.364
750.48,237.04,220.64,53.364
750.48,236.01,220.64,53.364
750.48,234.98,220.64,53.364
749.45,233.96,220.64,53.364
749.45,232.93,220.64,53.364
749.45,232.93,220.64,53.364
749.45,232.93,220.64,53.364
749.45,233.96,220.64,53.364
749.45,233.96,220.64,53.364
749.45,232.93,220.64,53.364
749.45,230.87,220.64,53.364
749.45,229.85,220.64,53.364
749.45,229.85,220.64,53.364
749.45,229.85,220.64,53.364
749.45,229.85,220.64,53.364
749.45,228.82,220.64,53.364
749.45,228.82,220.64,53.364
749.45,228.82,220.64,53.364
749.45,228.82,220.64,53.364
749.45,228.82,220.64,53.364
749.45,228.82,220.64,53.364
749.45,227.79,220.64,53.364
749.45,226.76,220.64,53.364
748.42,224.71,220.64,53.364
747.4,223.68,220.64,53.364
746.37,221.63,220.64,53.364
743.93,221.04,225.52,54.545
741.83,219.99,225.52,54.545
740.77,219.99,225.52,54.545
739.72,219.99,225.52,54.545
738.67,219.99,225.52,54.545
737.62,218.94,225.52,54.545
736.57,219.99,225.52,54.545
734.47,221.04,225.52,54.545
733.42,222.09,225.52,54.545
731.97,222.54,230.51,55.752
733.05,223.61,230.51,55.752
734.12,224.68,230.51,55.752
735.19,225.75,230.51,55.752
736.26,225.75,230.51,55.752
737.34,225.75,230.51,55.752
738.41,225.75,230.51,55.752
739.48,224.68,230.51,55.752
741.94,225.28,225.6,54.563
742.99,225.28,225.6,54.563
744.04,226.33,225.6,54.563
742.6,225.72,230.59,55.77
741.12,222.96,235.69,57.004
740.71,222.33,240.9,58.265
739.17,221.68,246.23,59.554
737.59,222.17,251.68,60.872
729.38,222.17,251.68,60.872
730.55,223.34,251.68,60.872
732.9,223.34,251.68,60.872
735.24,224.52,251.68,60.872
738.32,225.01,257.25,62.219
745.06,224.33,262.94,63.595
731.6,224.33,262.94,63.595
734.05,224.33,262.94,63.595
736.5,223.1,262.94,63.595
737.72,223.1,262.94,63.595
732.82,224.33,262.94,63.595
735.27,224.33,262.94,63.595
737.72,224.33,262.94,63.595
741.39,224.33,262.94,63.595
743.38,223.62,268.76,65.002
731.23,223.06,263.03,63.616
730.36,222.52,257.42,62.26
731.56,221.32,257.42,62.26
730.71,220.79,251.93,60.932
731.88,220.79,251.93,60.932
731.88,219.61,251.93,60.932
731.88,220.79,251.93,60.932
733.05,223.13,251.93,60.932
733.05,220.79,251.93,60.932
733.05,219.61,251.93,60.932
733.05,217.27,251.93,60.932
731.88,214.92,251.93,60.932
730.71,216.09,251.93,60.932
729.53,210.23,251.93,60.932
728.36,214.92,251.93,60.932
728.36,217.27,251.93,60.932
728.7,215.57,246.56,59.632
728.7,215.57,246.56,59.632
729.85,215.57,246.56,59.632
729.85,214.42,246.56,59.632
729.85,213.28,246.56,59.632
729.85,213.28,246.56,59.632
729.85,213.28,246.56,59.632
731,212.13,246.56,59.632
731,212.13,246.56,59.632
731,212.13,246.56,59.632
731,212.13,246.56,59.632
731,212.13,246.56,59.632
731,213.28,246.56,59.632
731,214.42,246.56,59.632
731,214.42,246.56,59.632
731,214.42,246.56,59.632
731,214.42,246.56,59.632
731,215.57,246.56,59.632
731,214.42,246.56,59.632
731,215.57,246.56,59.632
731,216.72,246.56,59.632
731,215.57,246.56,59.632
731,216.72,246.56,59.632
732.48,216.21,241.3,58.361
732.48,216.21,241.3,58.361
732.48,216.21,241.3,58.361
732.48,217.33,241.3,58.361
732.48,216.21,241.3,58.361
731.35,216.21,241.3,58.361
731.35,215.08,241.3,58.361
731.35,215.08,241.3,58.361
730.23,215.08,241.3,58.361
729.11,215.08,241.3,58.361
727.98,215.08,241.3,58.361
729.43,216.83,236.15,57.116
730.85,222.94,231.12,55.898
729.77,222.94,231.12,55.898
730.85,222.94,231.12,55.898
731.93,221.86,231.12,55.898
733,219.71,231.12,55.898
733,216.48,231.12,55.898
731.93,215.4,231.12,55.898
731.93,213.25,231.12,55.898
730.85,212.17,231.12,55.898
730.85,210.02,231.12,55.898
729.77,206.79,231.12,55.898
728.7,203.56,231.12,55.898
728.7,200.33,231.12,55.898
728.7,198.18,231.12,55.898
728.7,196.03,231.12,55.898
729.77,190.65,231.12,55.898
729.37,176.03,236.23,57.135
731.57,180.43,236.23,57.135
731.57,184.83,236.23,57.135
728.96,186.4,241.46,58.399
728.96,189.77,241.46,58.399
726.29,180.14,246.8,59.691
725.47,195.71,241.54,58.418
725.47,196.84,241.54,58.418
725.47,197.96,241.54,58.418
725.47,199.09,241.54,58.418
726.6,199.09,241.54,58.418
727.72,250.86,241.54,58.418
727.72,255.36,241.54,58.418
728.85,259.86,241.54,58.418
729.97,259.86,241.54,58.418
728.85,260.99,241.54,58.418
728.85,262.11,241.54,58.418
728.85,262.11,241.54,58.418
729.97,262.11,241.54,58.418
727.72,262.11,241.54,58.418
727.72,262.11,241.54,58.418
726.6,262.11,241.54,58.418
724.35,262.11,241.54,58.418
723.22,262.11,241.54,58.418
722.09,262.11,241.54,58.418
720.97,262.11,241.54,58.418
719.84,262.11,241.54,58.418
718.72,263.24,241.54,58.418
717.59,262.11,241.54,58.418
716.47,259.86,241.54,58.418
716.47,258.74,241.54,58.418
716.47,257.61,241.54,58.418
716.47,256.49,241.54,58.418
716.47,255.36,241.54,58.418
716.47,255.36,241.54,58.418
716.47,254.24,241.54,58.418
716.47,254.24,241.54,58.418
716.47,254.24,241.54,58.418
716.47,254.24,241.54,58.418
716.47,255.36,241.54,58.418
716.47,255.36,241.54,58.418
716.47,254.24,241.54,58.418
716.47,253.11,241.54,58.418
717.59,250.86,241.54,58.418
717.59,248.61,241.54,58.418
718.72,245.23,241.54,58.418
717.17,241.21,246.88,59.711
717.17,240.06,246.88,59.711
714.44,244,252.34,61.032
714.44,239.3,252.34,61.032
715.17,250.37,257.93,62.382
718.77,264.77,257.93,62.382
719.52,262.88,263.63,63.762
720.28,262.17,269.47,65.173
710.25,263.43,269.47,65.173
715.27,265.94,269.47,65.173
721.54,267.19,269.47,65.173
714.01,267.19,269.47,65.173
707.74,267.19,269.47,65.173
701.46,268.45,269.47,65.173
698.95,268.45,269.47,65.173
700.21,268.45,269.47,65.173
702.72,265.94,269.47,65.173
704.33,228.98,263.72,63.783
705.56,227.76,263.72,63.783
712.06,224.76,258.1,62.423
716.86,223.55,258.1,62.423
722.02,221.81,252.59,61.092
723.93,221.14,258.18,62.443
724.68,220.45,263.89,63.825
718.07,220.97,269.73,65.237
712.58,220.25,275.7,66.681
709.53,219.51,281.8,68.156
699.85,221.38,288.03,69.664
702.54,221.38,288.03,69.664
705.22,220.04,288.03,69.664
704.71,217.93,294.41,71.205
705.57,213.03,300.92,72.781
706.97,211.63,300.92,72.781
708.37,213.03,300.92,72.781
713.98,214.43,300.92,72.781
720.47,213.63,307.58,74.391
721.36,212.8,314.38,76.037
720.81,211.96,321.34,77.719
720.24,211.1,328.45,79.439
724.83,211.1,328.45,79.439
726.36,211.1,328.45,79.439
722.73,211.75,335.71,81.196
716.48,213.32,335.71,81.196
719.6,214.88,335.71,81.196
722.73,216.44,335.71,81.196
722.14,215.54,343.14,82.993
723.74,215.54,343.14,82.993
728.53,217.14,343.14,82.993
729.53,217.82,350.73,84.829
731.16,217.82,350.73,84.829
730.55,218.52,358.49,86.706
724.91,219.23,366.43,88.624
716.38,219.23,366.43,88.624
718.09,219.23,366.43,88.624
718.09,217.52,366.43,88.624
719.8,217.52,366.43,88.624
718.09,215.81,366.43,88.624
714.68,212.4,366.43,88.624
714.68,212.4,366.43,88.624
714.68,212.4,366.43,88.624
714.68,214.11,366.43,88.624
706.64,209.93,358.61,86.734
704.97,209.93,358.61,86.734
703.3,209.93,358.61,86.734
700.45,207.52,350.96,84.884
702.55,208.42,343.48,83.074
702.55,208.42,343.48,83.074
702.55,208.42,343.48,83.074
699.35,210.02,343.48,83.074
697.75,211.62,343.48,83.074
692.95,214.82,343.48,83.074
688.15,216.42,343.48,83.074
675.35,218.02,343.48,83.074
688.15,219.62,343.48,83.074
692.95,221.22,343.48,83.074
692.95,222.82,343.48,83.074
691.35,222.82,343.48,83.074
691.35,224.42,343.48,83.074
695.55,225.1,351.08,84.912
695.55,225.1,351.08,84.912
696.58,225.8,358.85,86.791
698.25,227.47,358.85,86.791
699.92,229.14,358.85,86.791
701.59,229.14,358.85,86.791
704.93,229.14,358.85,86.791
706.6,230.81,358.85,86.791
705.97,231.52,366.79,88.711
707.68,233.23,366.79,88.711
707.68,233.23,366.79,88.711
709.39,233.23,366.79,88.711
709.39,234.94,366.79,88.711
711.09,234.94,366.79,88.711
712.8,234.94,366.79,88.711
714.51,236.65,366.79,88.711
717.93,238.35,366.79,88.711
721.34,241.77,366.79,88.711
724.76,243.48,366.79,88.711
722.41,244.2,374.9,90.674
725.9,245.95,374.9,90.674
726.99,246.69,383.2,92.68
728.1,247.45,391.67,94.731
731.06,248.23,400.34,96.827
730.36,247.15,409.2,98.969
729.65,246.06,418.25,101.16
731.59,248.01,418.25,101.16
733.54,249.95,418.25,101.16
731.59,249.95,418.25,101.16
733.54,251.9,418.25,101.16
723.81,251.9,418.25,101.16
723.07,252.73,427.51,103.4
720.33,253.58,436.96,105.68
717.54,250.37,446.63,108.02
719.62,250.37,446.63,108.02
711.29,250.37,446.63,108.02
719.62,250.37,446.63,108.02
721.7,252.45,446.63,108.02
711.9,253.6,437.11,105.72
718,253.6,437.11,105.72
713.93,253.6,437.11,105.72
696.2,232.34,427.79,103.46
698.77,209.54,418.66,101.26
698.77,211.49,418.66,101.26
701.29,210.62,409.74,99.099
701.29,210.62,409.74,99.099
701.29,212.53,409.74,99.099
703.75,204.04,401,96.985
704.29,195.75,392.45,94.917
704.82,198.58,384.08,92.893
707.13,199.58,375.89,90.912
709.38,202.3,367.87,88.973
709.38,202.3,367.87,88.973
709.38,202.3,367.87,88.973
707.67,200.58,367.87,88.973
707.67,200.58,367.87,88.973
705.96,198.87,367.87,88.973
704.24,197.15,367.87,88.973
702.53,197.15,367.87,88.973
700.82,200.58,367.87,88.973
700.82,202.3,367.87,88.973
704.74,206.67,360.03,87.076
704.74,210.02,360.03,87.076
704.74,211.7,360.03,87.076
703.06,213.38,360.03,87.076
703.06,213.38,360.03,87.076
701.39,215.05,360.03,87.076
701.39,215.05,360.03,87.076
701.39,215.05,360.03,87.076
701.39,213.38,360.03,87.076
701.39,213.38,360.03,87.076
701.39,211.7,360.03,87.076
701.39,211.7,360.03,87.076
703.06,211.7,360.03,87.076
703.06,211.7,360.03,87.076
704.74,211.7,360.03,87.076
706.41,211.7,360.03,87.076
708.09,211.7,360.03,87.076
709.77,213.38,360.03,87.076
713.12,213.38,360.03,87.076
714.8,213.38,360.03,87.076
714.8,213.38,360.03,87.076
716.47,211.7,360.03,87.076
716.47,210.02,360.03,87.076
718.15,208.35,360.03,87.076
716.47,208.35,360.03,87.076
716.47,208.35,360.03,87.076
716.47,206.67,360.03,87.076
714.8,205,360.03,87.076
714.8,205,360.03,87.076
714.8,205,360.03,87.076
713.12,201.64,360.03,87.076
711.44,199.97,360.03,87.076
711.44,198.29,360.03,87.076
709.77,198.29,360.03,87.076
706.41,196.61,360.03,87.076
704.74,194.94,360.03,87.076
704.74,193.26,360.03,87.076
704.74,191.58,360.03,87.076
706.41,191.58,360.03,87.076
706.41,191.58,360.03,87.076
705.78,188.94,367.99,89.003
705.78,188.94,367.99,89.003
707.99,188.18,360.14,87.105
716.38,188.18,360.14,87.105
710.72,188.89,368.11,89.032
710.72,192.32,368.11,89.032
712.43,194.03,368.11,89.032
714.14,195.75,368.11,89.032
718.07,196.7,360.26,87.133
718.07,196.7,360.26,87.133
716.39,195.02,360.26,87.133
716.39,195.02,360.26,87.133
716.39,193.34,360.26,87.133
714.08,192.38,368.23,89.061
715.8,190.67,368.23,89.061
715.8,190.67,368.23,89.061
719.22,190.67,368.23,89.061
724.86,184.76,360.38,87.162
726.54,184.76,360.38,87.162
728.22,184.76,360.38,87.162
729.9,183.08,360.38,87.162
729.9,183.08,360.38,87.162
731.58,181.4,360.38,87.162
731.58,179.73,360.38,87.162
733.26,179.73,360.38,87.162
734.94,179.73,360.38,87.162
734.94,181.4,360.38,87.162
738.78,184.01,352.69,85.303
738.78,184.01,352.69,85.303
740.42,184.01,352.69,85.303
740.42,184.01,352.69,85.303
742.06,184.01,352.69,85.303
742.06,185.65,352.69,85.303
742.06,185.65,352.69,85.303
742.06,185.65,352.69,85.303
742.06,184.01,352.69,85.303
742.06,182.37,352.69,85.303
742.06,182.37,352.69,85.303
742.06,180.73,352.69,85.303
742.06,180.73,352.69,85.303
742.06,180.73,352.69,85.303
742.06,182.37,352.69,85.303
743.7,182.37,352.69,85.303
743.7,182.37,352.69,85.303
743.7,182.37,352.69,85.303
743.7,182.37,352.69,85.303
743.7,182.37,352.69,85.303
743.7,182.37,352.69,85.303
741.44,184.71,360.5,87.19
741.44,186.39,360.5,87.19
741.44,188.07,360.5,87.19
739.76,189.74,360.5,87.19
739.76,189.74,360.5,87.19
739.76,189.74,360.5,87.19
738.08,189.74,360.5,87.19
738.08,188.07,360.5,87.19
738.08,188.07,360.5,87.19
738.08,188.07,360.5,87.19
738.08,188.07,360.5,87.19
738.08,186.39,360.5,87.19
738.08,186.39,360.5,87.19
738.08,186.39,360.5,87.19
738.08,183.03,360.5,87.19
740.25,183.96,352.81,85.331
740.25,185.6,352.81,85.331
740.25,185.6,352.81,85.331
738.61,187.25,352.81,85.331
736.96,188.89,352.81,85.331
735.32,190.53,352.81,85.331
733.68,190.53,352.81,85.331
732.03,188.89,352.81,85.331
728.75,185.6,352.81,85.331
725.46,185.6,352.81,85.331
718.89,187.25,352.81,85.331
709.03,188.89,352.81,85.331
697.53,190.53,352.81,85.331
705.74,193.82,352.81,85.331
694.72,196.37,345.29,83.511
700.01,197.26,337.92,81.73
701.58,198.83,337.92,81.73
705.18,198.13,330.72,79.987
700.57,199.67,330.72,79.987
707.17,188.21,323.66,78.282
707.17,188.21,323.66,78.282
708.68,189.72,323.66,78.282
705.1,190.36,330.83,80.014
703.56,191.9,330.83,80.014
711.71,191.22,323.77,78.307
716.23,192.72,323.77,78.307
721.19,193.56,316.87,76.637
723.09,194.37,310.11,75.003
723.09,194.37,310.11,75.003
724.54,192.93,310.11,75.003
728.87,191.49,310.11,75.003
730.31,191.49,310.11,75.003
730.31,192.93,310.11,75.003
728.87,194.37,310.11,75.003
728.87,195.82,310.11,75.003
727.42,197.26,310.11,75.003
725.98,201.59,310.11,75.003
730.73,203.83,303.5,73.404
733.03,207.26,310.21,75.028
728.15,207.88,317.07,76.688
729.63,199.02,317.07,76.688
729.63,196.07,317.07,76.688
727.1,195.41,310.31,75.052
728.55,193.96,310.31,75.052
707.77,220.59,317.18,76.713
705.74,241.89,324.2,78.41
701.21,240.38,324.2,78.41
707.69,241.21,317.28,76.738
707.69,239.74,317.28,76.738
704.18,230.03,324.3,78.436
707.2,248.15,324.3,78.436
712.17,206.71,317.39,76.763
719.99,206.05,310.62,75.126
722.88,207.5,310.62,75.126
726.68,211.01,317.49,76.788
731.54,207.39,310.72,75.151
735.88,208.84,310.72,75.151
739.2,208.19,304.09,73.548
736.37,206.77,304.09,73.548
734.95,206.77,304.09,73.548
734.95,206.77,304.09,73.548
734.95,208.19,304.09,73.548
734.95,209.61,304.09,73.548
733.53,211.02,304.09,73.548
734.95,211.02,304.09,73.548
730.7,208.19,304.09,73.548
733.53,205.36,304.09,73.548
744.86,206.77,304.09,73.548
751.94,208.19,304.09,73.548
754.77,206.77,304.09,73.548
756.18,208.19,304.09,73.548
758.48,208.79,310.82,75.175
758.48,208.79,310.82,75.175
758.48,210.24,310.82,75.175
758.48,204.45,310.82,75.175
758.48,207.35,310.82,75.175
757.04,208.79,310.82,75.175
757.04,207.35,310.82,75.175
757.04,208.79,310.82,75.175
758.48,205.9,310.82,75.175
759.93,208.79,310.82,75.175
759.93,208.79,310.82,75.175
759.93,207.35,310.82,75.175
759.93,205.9,310.82,75.175
758.48,204.45,310.82,75.175
758.48,203,310.82,75.175
759.93,203,310.82,75.175
761.8,202.36,304.19,73.572
761.8,200.94,304.19,73.572
761.8,202.36,304.19,73.572
761.8,202.36,304.19,73.572
763.21,202.36,304.19,73.572
763.21,202.36,304.19,73.572
763.21,202.36,304.19,73.572
764.63,202.36,304.19,73.572
764.63,202.36,304.19,73.572
764.63,202.36,304.19,73.572
764.63,202.36,304.19,73.572
764.63,202.36,304.19,73.572
764.63,202.36,304.19,73.572
764.63,202.36,304.19,73.572
764.63,202.36,304.19,73.572
764.63,202.36,304.19,73.572
764.63,203.77,304.19,73.572
764.63,202.36,304.19,73.572
764.63,203.77,304.19,73.572
764.63,200.94,304.19,73.572
763.21,200.94,304.19,73.572
765.04,197.48,297.71,72.003
766.83,201.02,291.36,70.468
765.47,202.38,291.36,70.468
764.12,202.38,291.36,70.468
765.47,202.38,291.36,70.468
768.19,201.02,291.36,70.468
770.9,202.38,291.36,70.468
772.26,203.73,291.36,70.468
774.46,204.31,297.8,72.027
767.01,206.29,304.39,73.62
735.82,213.38,304.39,73.62
714.02,213.98,311.13,75.249
710.58,213.15,318.01,76.914
717.98,213.15,318.01,76.914
722.42,214.63,318.01,76.914
728.35,216.11,318.01,76.914
740.19,217.59,318.01,76.914
751.47,215.26,325.05,78.616
757.53,215.26,325.05,78.616
762.07,212.23,325.05,78.616
759.99,215.9,332.24,80.355
761.54,212.81,332.24,80.355
762.5,221.2,339.59,82.133
765.66,210.14,339.59,82.133
766.65,225.03,347.1,83.95
767.65,214.41,354.78,85.808
770.96,224.32,354.78,85.808
772.61,222.66,354.78,85.808
770.33,223.37,362.63,87.706
766.32,224.08,370.65,89.647
765.1,218.14,362.75,87.735
765.1,221.51,362.75,87.735
765.1,219.83,362.75,87.735
763.41,216.45,362.75,87.735
763.41,213.07,362.75,87.735
763.9,195.44,355.01,85.864
765.55,198.74,355.01,85.864
767.21,203.7,355.01,85.864
768.86,213.62,355.01,85.864
772.17,230.15,355.01,85.864
774.85,230.85,362.87,87.764
778.23,232.54,362.87,87.764
778.23,234.23,362.87,87.764
778.23,234.23,362.87,87.764
776.54,235.92,362.87,87.764
774.85,234.23,362.87,87.764
773.16,232.54,362.87,87.764
771.47,230.85,362.87,87.764
771.47,227.47,362.87,87.764
771.47,225.78,362.87,87.764
771.47,224.09,362.87,87.764
771.47,224.09,362.87,87.764
769.78,225.78,362.87,87.764
768.09,224.09,362.87,87.764
768.09,224.09,362.87,87.764
764.71,220.71,362.87,87.764
759.64,215.64,362.87,87.764
758.44,214.89,355.13,85.892
755.13,209.93,355.13,85.892
753.48,208.28,355.13,85.892
760.09,206.62,355.13,85.892
761.74,204.97,355.13,85.892
774.97,201.66,355.13,85.892
774.97,198.36,355.13,85.892
774.97,196.7,355.13,85.892
778.27,190.09,355.13,85.892
778.27,188.44,355.13,85.892
776.62,185.13,355.13,85.892
773.31,185.13,355.13,85.892
781.58,181.83,355.13,85.892
779.92,186.79,355.13,85.892
781.58,188.44,355.13,85.892
779.92,186.79,355.13,85.892
774.97,188.44,355.13,85.892
774.97,186.79,355.13,85.892
779.92,186.79,355.13,85.892
782.06,186.05,347.56,84.06
785.29,187.67,347.56,84.06
786.91,189.29,347.56,84.06
790.15,194.14,347.56,84.06
792.23,196.65,340.15,82.268
792.23,198.24,340.15,82.268
793.82,198.24,340.15,82.268
794.28,200.7,332.89,80.513
794.73,195.36,325.79,78.797
796.25,199.91,325.79,78.797
799.28,201.43,325.79,78.797
800.8,196.88,325.79,78.797
802.32,198.4,325.79,78.797
803.83,196.88,325.79,78.797
805.35,198.4,325.79,78.797
806.87,199.91,325.79,78.797
808.39,199.91,325.79,78.797
808.39,201.43,325.79,78.797
809.91,196.88,325.79,78.797
809.91,199.91,325.79,78.797
808.39,201.43,325.79,78.797
809.91,190.81,325.79,78.797
808.83,194.68,318.85,77.116
808.83,197.65,318.85,77.116
807.77,194.02,312.05,75.472
809.23,195.47,312.05,75.472
809.23,198.38,312.05,75.472
807.77,201.29,312.05,75.472
807.77,196.93,312.05,75.472
806.32,199.83,312.05,75.472
806.32,201.29,312.05,75.472
804.87,202.74,312.05,75.472
804.87,201.29,312.05,75.472
803.41,202.74,312.05,75.472
803.41,201.29,312.05,75.472
803.41,198.38,312.05,75.472
803.41,198.38,312.05,75.472
803.84,194.83,305.39,73.862
803.84,197.67,305.39,73.862
803.84,199.09,305.39,73.862
802.41,201.93,305.39,73.862
802.41,196.25,305.39,73.862
802.41,197.67,305.39,73.862
802.41,199.09,305.39,73.862
802.41,200.51,305.39,73.862
802.41,201.93,305.39,73.862
802.41,197.67,305.39,73.862
800.99,199.09,305.39,73.862
800.99,200.51,305.39,73.862
799.57,203.36,305.39,73.862
799.57,197.67,305.39,73.862
798.15,200.51,305.39,73.862
798.15,201.93,305.39,73.862
798.15,197.67,305.39,73.862
798.15,200.51,305.39,73.862
798.15,203.36,305.39,73.862
798.15,193.4,305.39,73.862
798.15,197.67,305.39,73.862
796.73,200.51,305.39,73.862
795.31,204.78,305.39,73.862
795.31,193.4,305.39,73.862
795.31,197.67,305.39,73.862
793.88,199.09,305.39,73.862
793.88,200.51,305.39,73.862
793.88,193.4,305.39,73.862
795.31,196.25,305.39,73.862
795.31,197.67,305.39,73.862
795.31,196.25,305.39,73.862
795.31,190.56,305.39,73.862
795.31,193.4,305.39,73.862
795.31,191.98,305.39,73.862
796.73,191.98,305.39,73.862
796.73,191.98,305.39,73.862
796.73,191.98,305.39,73.862
796.73,193.4,305.39,73.862
796.73,193.4,305.39,73.862
796.73,191.98,305.39,73.862
798.15,191.98,305.39,73.862
798.15,191.98,305.39,73.862
798.15,191.98,305.39,73.862
798.15,190.56,305.39,73.862
798.15,190.56,305.39,73.862
798.15,190.56,305.39,73.862
798.15,190.56,305.39,73.862
798.15,190.56,305.39,73.862
796.73,189.14,305.39,73.862
795.31,187.72,305.39,73.862
795.31,187.72,305.39,73.862
795.31,187.72,305.39,73.862
795.31,187.72,305.39,73.862
795.31,187.72,305.39,73.862
795.31,189.14,305.39,73.862
795.31,182.03,305.39,73.862
793.88,184.87,305.39,73.862
793.88,183.45,305.39,73.862
793.88,182.03,305.39,73.862
795.31,180.61,305.39,73.862
795.31,180.61,305.39,73.862
795.31,180.61,305.39,73.862
795.31,180.61,305.39,73.862
795.31,182.03,305.39,73.862
795.31,183.45,305.39,73.862
797.14,184.24,298.88,72.287
800.33,186.4,292.51,70.745
801.69,187.77,292.51,70.745
803.05,189.13,292.51,70.745
803.05,190.49,292.51,70.745
803.05,193.22,292.51,70.745
803.05,194.58,292.51,70.745
803.05,195.94,292.51,70.745
803.05,195.94,292.51,70.745
804.42,197.31,292.51,70.745
804.42,195.94,292.51,70.745
805.78,197.31,292.51,70.745
805.78,195.94,292.51,70.745
807.14,195.94,292.51,70.745
807.14,195.94,292.51,70.745
807.14,195.94,292.51,70.745
808.5,195.94,292.51,70.745
808.5,197.31,292.51,70.745
808.5,197.31,292.51,70.745
808.5,195.94,292.51,70.745
808.5,197.31,292.51,70.745
808.5,201.39,292.51,70.745
808.9,218.5,286.27,69.237
809.28,220.57,280.16,67.76
810.97,226.51,274.19,66.315
812.24,227.79,274.19,66.315
815.17,225.94,268.34,64.901
815.17,225.94,268.34,64.901
816.42,224.69,268.34,64.901
816.42,224.69,268.34,64.901
816.42,224.69,268.34,64.901
816.42,224.69,268.34,64.901
817.66,224.69,268.34,64.901
817.66,227.19,268.34,64.901
817.66,228.44,268.34,64.901
818.91,228.44,268.34,64.901
818.91,227.19,268.34,64.901
820.16,228.44,268.34,64.901
821.41,228.44,268.34,64.901
821.41,228.44,268.34,64.901
821.41,228.44,268.34,64.901
821.41,228.44,268.34,64.901
821.41,228.44,268.34,64.901
821.41,229.69,268.34,64.901
821.41,229.69,268.34,64.901
821.41,230.94,268.34,64.901
821.41,232.19,268.34,64.901
821.41,233.44,268.34,64.901
821.41,233.44,268.34,64.901
822.66,233.44,268.34,64.901
822.66,234.68,268.34,64.901
822.66,235.93,268.34,64.901
821.41,243.43,268.34,64.901
821.77,244.12,262.62,63.517
820.55,249.01,262.62,63.517
820.55,249.01,262.62,63.517
821.77,249.01,262.62,63.517
823,250.24,262.62,63.517
825.45,249.01,262.62,63.517
826.67,247.79,262.62,63.517
827.89,247.79,262.62,63.517
829.12,247.79,262.62,63.517
827.43,248.31,268.43,64.922
825.71,248.84,274.37,66.359
826.99,250.12,274.37,66.359
826.99,251.4,274.37,66.359
825.23,249.38,280.44,67.827
826.54,246.77,280.44,67.827
831.27,244.72,286.64,69.328
838.78,241.28,292.99,70.862
838.27,237.77,299.47,72.429
839.14,234.18,306.09,74.032
841.46,227.66,312.87,75.67
840.91,220.99,319.79,77.344
841.84,215.67,326.86,79.055
841.26,214.8,334.09,80.804
839.12,212.35,341.49,82.592
836.93,211.43,349.04,84.419
834.7,210.5,356.76,86.287
832.41,207.88,364.66,88.196
830.08,206.91,372.73,90.148
827.69,204.18,380.97,92.142
829.46,202.4,380.97,92.142
831.24,200.63,380.97,92.142
833.01,198.85,380.97,92.142
834.79,198.85,380.97,92.142
834.12,194.28,389.4,94.181
830.49,190.66,389.4,94.181
834.12,188.84,389.4,94.181
830.49,188.84,389.4,94.181
830.49,188.84,389.4,94.181
830.49,187.03,389.4,94.181
825.05,187.03,389.4,94.181
828.68,187.03,389.4,94.181
826.87,188.84,389.4,94.181
826.87,188.84,389.4,94.181
824.37,187.8,398.02,96.265
819.35,188.83,389.53,94.212
821.16,188.83,389.53,94.212
825.32,189.83,381.22,92.203
825.32,189.83,381.22,92.203
821.1,188.81,389.66,94.243
821.1,188.81,389.66,94.243
821.1,188.81,389.66,94.243
822.91,188.81,389.66,94.243
822.23,185.96,398.28,96.328
823.39,183.04,407.09,98.459
822.68,180.05,416.1,100.64
821.95,177,425.3,102.86
825.91,175.02,425.3,102.86
829.87,175.02,425.3,102.86
833.83,173.04,425.3,102.86
837.79,173.04,425.3,102.86
837.79,173.04,425.3,102.86
833.83,175.02,425.3,102.86
829.87,177,425.3,102.86
823.93,182.94,425.3,102.86
812.62,188,416.23,100.67
814.56,189.94,416.23,100.67
814.56,191.87,416.23,100.67
814.56,191.87,416.23,100.67
813.19,192.95,407.36,98.524
817.53,194,398.67,96.423
817.53,194,398.67,96.423
817.53,194,398.67,96.423
817.53,194,398.67,96.423
817.53,194,398.67,96.423
817.53,194,398.67,96.423
817.53,194,398.67,96.423
818.07,195.02,390.17,94.366
816.25,193.21,390.17,94.366
816.78,196.03,381.85,92.354
816.78,196.03,381.85,92.354
816.78,196.03,381.85,92.354
816.78,194.25,381.85,92.354
820.85,197.02,373.7,90.384
820.85,197.02,373.7,90.384
822.59,197.02,373.7,90.384
824.33,198.75,373.7,90.384
824.33,200.49,373.7,90.384
822.59,198.75,373.7,90.384
822.59,198.75,373.7,90.384
820.85,197.02,373.7,90.384
819.11,195.28,373.7,90.384
819.62,196.24,365.74,88.457
819.62,196.24,365.74,88.457
821.32,197.94,365.74,88.457
821.32,196.24,365.74,88.457
823.02,196.24,365.74,88.457
823.02,194.54,365.74,88.457
823.02,194.54,365.74,88.457
823.02,194.54,365.74,88.457
824.72,194.54,365.74,88.457
824.72,194.54,365.74,88.457
824.72,196.24,365.74,88.457
824.72,197.94,365.74,88.457
824.72,197.94,365.74,88.457
824.72,199.64,365.74,88.457
824.72,201.35,365.74,88.457
824.72,201.35,365.74,88.457
825.22,198.89,357.94,86.571
826.89,197.22,357.94,86.571
828.55,197.22,357.94,86.571
830.22,197.22,357.94,86.571
830.22,197.22,357.94,86.571
830.22,197.22,357.94,86.571
830.22,198.89,357.94,86.571
830.22,200.55,357.94,86.571
830.22,200.55,357.94,86.571
830.7,201.48,350.3,84.724
831.18,202.38,342.83,82.918
831.18,202.38,342.83,82.918
832.77,203.97,342.83,82.918
836.96,207.85,350.42,84.752
837.98,208.54,358.17,86.627
839.02,209.25,366.1,88.544
840.72,210.95,366.1,88.544
842.42,210.95,366.1,88.544
844.13,212.66,366.1,88.544
845.83,214.36,366.1,88.544
843.48,213.38,374.2,90.503
843.48,208.15,374.2,90.503
841.74,208.15,374.2,90.503
840,208.15,374.2,90.503
836.51,208.15,374.2,90.503
834.77,208.15,374.2,90.503
832.37,208.89,382.47,92.505
832.37,208.89,382.47,92.505
832.37,208.89,382.47,92.505
828.81,208.89,382.47,92.505
827.03,208.89,382.47,92.505
825.25,208.89,382.47,92.505
825.25,208.89,382.47,92.505
825.25,208.89,382.47,92.505
825.25,208.89,382.47,92.505
825.25,208.89,382.47,92.505
825.25,208.89,382.47,92.505
825.25,207.11,382.47,92.505
825.25,208.89,382.47,92.505
825.25,210.67,382.47,92.505
823.47,210.67,382.47,92.505
827.55,193.86,374.32,90.533
829.29,192.11,374.32,90.533
831.04,186.88,374.32,90.533
832.78,185.14,374.32,90.533
832.78,185.14,374.32,90.533
832.78,185.14,374.32,90.533
832.78,186.88,374.32,90.533
832.78,186.88,374.32,90.533
832.78,186.88,374.32,90.533
832.78,186.88,374.32,90.533
832.78,188.63,374.32,90.533
832.78,188.63,374.32,90.533
832.78,188.63,374.32,90.533
832.78,188.63,374.32,90.533
832.78,188.63,374.32,90.533
832.78,188.63,374.32,90.533
832.78,188.63,374.32,90.533
832.78,190.37,374.32,90.533
832.78,190.37,374.32,90.533
832.78,190.37,374.32,90.533
832.78,190.37,374.32,90.533
832.78,190.37,374.32,90.533
832.78,190.37,374.32,90.533
832.78,190.37,374.32,90.533
832.78,190.37,374.32,90.533
832.78,188.63,374.32,90.533
832.78,188.63,374.32,90.533
832.78,188.63,374.32,90.533
832.78,188.63,374.32,90.533
832.78,188.63,374.32,90.533
832.78,188.63,374.32,90.533
832.78,188.63,374.32,90.533
832.78,188.63,374.32,90.533
832.78,188.63,374.32,90.533
832.78,190.37,374.32,90.533
831.04,192.11,374.32,90.533
831.04,193.86,374.32,90.533
831.04,193.86,374.32,90.533
831.04,193.86,374.32,90.533
831.04,193.86,374.32,90.533
831.04,193.86,374.32,90.533
831.04,192.11,374.32,90.533
831.04,192.11,374.32,90.533
831.04,190.37,374.32,90.533
828.64,189.37,382.6,92.536
826.86,189.37,382.6,92.536
826.86,189.37,382.6,92.536
826.86,189.37,382.6,92.536
826.86,189.37,382.6,92.536
826.86,189.37,382.6,92.536
826.86,189.37,382.6,92.536
826.86,189.37,382.6,92.536
826.86,189.37,382.6,92.536
826.86,189.37,382.6,92.536
826.86,189.37,382.6,92.536
826.86,189.37,382.6,92.536
826.86,191.15,382.6,92.536
826.86,192.93,382.6,92.536
828.64,194.71,382.6,92.536
828.64,194.71,382.6,92.536
828.64,194.71,382.6,92.536
828.64,194.71,382.6,92.536
828.64,194.71,382.6,92.536
828.64,192.93,382.6,92.536
828.64,192.93,382.6,92.536
830.42,191.15,382.6,92.536
830.42,189.37,382.6,92.536
830.42,189.37,382.6,92.536
830.42,189.37,382.6,92.536
830.42,187.59,382.6,92.536
830.42,187.59,382.6,92.536
830.42,187.59,382.6,92.536
830.42,187.59,382.6,92.536
830.42,187.59,382.6,92.536
830.42,187.59,382.6,92.536
830.42,187.59,382.6,92.536
830.42,187.59,382.6,92.536
830.42,187.59,382.6,92.536
828.64,187.59,382.6,92.536
828.64,187.59,382.6,92.536
828.64,189.37,382.6,92.536
828.64,189.37,382.6,92.536
828.64,189.37,382.6,92.536
828.64,189.37,382.6,92.536
828.64,191.15,382.6,92.536
828.64,191.15,382.6,92.536
828.64,191.15,382.6,92.536
828.64,191.15,382.6,92.536
828.64,191.15,382.6,92.536
828.64,191.15,382.6,92.536
828.64,191.15,382.6,92.536
828.64,191.15,382.6,92.536
828.64,191.15,382.6,92.536
828.64,191.15,382.6,92.536
828.64,191.15,382.6,92.536
828.64,191.15,382.6,92.536
828.64,191.15,382.6,92.536
828.64,191.15,382.6,92.536
828.64,191.15,382.6,92.536
828.64,191.15,382.6,92.536
828.64,191.15,382.6,92.536
828.64,189.37,382.6,92.536
828.64,187.59,382.6,92.536
828.64,187.59,382.6,92.536
828.64,187.59,382.6,92.536
828.64,187.59,382.6,92.536
828.64,187.59,382.6,92.536
828.64,187.59,382.6,92.536
826.86,187.59,382.6,92.536
826.86,187.59,382.6,92.536
826.86,187.59,382.6,92.536
825.08,187.59,382.6,92.536
825.08,187.59,382.6,92.536
825.08,185.81,382.6,92.536
825.08,185.81,382.6,92.536
825.08,187.59,382.6,92.536
825.08,187.59,382.6,92.536
823.3,189.37,382.6,92.536
821.52,189.37,382.6,92.536
821.52,191.15,382.6,92.536
821.52,191.15,382.6,92.536
821.52,192.93,382.6,92.536
821.52,192.93,382.6,92.536
821.52,192.93,382.6,92.536
821.52,192.93,382.6,92.536
821.52,192.93,382.6,92.536
821.52,192.93,382.6,92.536
821.52,192.93,382.6,92.536
821.52,192.93,382.6,92.536
823.3,192.93,382.6,92.536
823.3,192.93,382.6,92.536
823.3,191.15,382.6,92.536
823.3,189.37,382.6,92.536
823.3,187.59,382.6,92.536
823.3,187.59,382.6,92.536
823.3,187.59,382.6,92.536
823.3,187.59,382.6,92.536
823.3,185.81,382.6,92.536
823.3,184.03,382.6,92.536
823.3,184.03,382.6,92.536
823.3,184.03,382.6,92.536
823.3,184.03,382.6,92.536
823.3,184.03,382.6,92.536
823.3,184.03,382.6,92.536
823.3,184.03,382.6,92.536
823.3,185.81,382.6,92.536
823.3,185.81,382.6,92.536
823.3,185.81,382.6,92.536
823.3,185.81,382.6,92.536
821.52,185.81,382.6,92.536
821.52,184.03,382.6,92.536
819.74,184.03,382.6,92.536
817.96,182.25,382.6,92.536
816.17,180.47,382.6,92.536
814.39,180.47,382.6,92.536
812.61,180.47,382.6,92.536
810.83,178.69,382.6,92.536
810.83,178.69,382.6,92.536
809.05,178.69,382.6,92.536
807.27,178.69,382.6,92.536
803.71,176.9,382.6,92.536
800.15,176.9,382.6,92.536
798.37,176.9,382.6,92.536
796.59,178.69,382.6,92.536
794.81,180.47,382.6,92.536
794.81,182.25,382.6,92.536
793.03,182.25,382.6,92.536
791.25,184.03,382.6,92.536
791.25,185.81,382.6,92.536
789.47,187.59,382.6,92.536
787.69,189.37,382.6,92.536
785.91,191.15,382.6,92.536
785.91,192.93,382.6,92.536
784.65,195.7,374.44,90.562
786.9,196.66,366.46,88.631
786.9,196.66,366.46,88.631
793.72,196.66,366.46,88.631
795.43,196.66,366.46,88.631
797.13,196.66,366.46,88.631
798.84,194.96,366.46,88.631
800.54,193.25,366.46,88.631
802.25,191.54,366.46,88.631
803.95,189.84,366.46,88.631
805.66,189.84,366.46,88.631
809.07,189.84,366.46,88.631
810.78,191.54,366.46,88.631
810.78,194.96,366.46,88.631
810.78,201.78,366.46,88.631
808.43,204.21,374.56,90.592
810.17,205.95,374.56,90.592
808.43,205.95,374.56,90.592
804.29,203.21,382.85,92.596
800.72,197.86,382.85,92.596
799.46,181.02,374.69,90.622
799.96,176.76,366.7,88.689
803.87,179.41,358.88,86.798
807.7,183.68,351.22,84.947
809.33,186.95,351.22,84.947
810.97,191.85,351.22,84.947
812.6,196.76,351.22,84.947
811.99,203.99,358.99,86.826
813.66,210.68,358.99,86.826
811.36,209.72,366.94,88.747
813.07,213.13,366.94,88.747
814.77,213.13,366.94,88.747
816.48,214.84,366.94,88.747
818.19,216.55,366.94,88.747
818.19,218.26,366.94,88.747
818.19,219.96,366.94,88.747
818.19,219.96,366.94,88.747
816.48,219.96,366.94,88.747
814.77,221.67,366.94,88.747
813.07,221.67,366.94,88.747
811.36,221.67,366.94,88.747
807.94,219.96,366.94,88.747
804.53,219.96,366.94,88.747
801.11,221.67,366.94,88.747
799.4,221.67,366.94,88.747
795.99,221.67,366.94,88.747
794.28,225.09,366.94,88.747
790.87,225.09,366.94,88.747
787.45,225.09,366.94,88.747
787.45,225.09,366.94,88.747
786.81,222.4,375.05,90.711
786.81,222.4,375.05,90.711
786.81,222.4,375.05,90.711
785.06,222.4,375.05,90.711
786.81,222.4,375.05,90.711
790.3,220.65,375.05,90.711
793.79,213.66,375.05,90.711
796.05,212.88,367.06,88.777
796.05,209.46,367.06,88.777
796.05,206.04,367.06,88.777
797.76,204.33,367.06,88.777
799.47,200.91,367.06,88.777
801.18,195.78,367.06,88.777
801.18,195.78,367.06,88.777
801.18,194.07,367.06,88.777
801.18,192.36,367.06,88.777
802.89,190.65,367.06,88.777
802.89,188.95,367.06,88.777
802.89,188.95,367.06,88.777
804.6,187.24,367.06,88.777
804.6,188.95,367.06,88.777
806.3,187.24,367.06,88.777
806.3,188.95,367.06,88.777
806.3,188.95,367.06,88.777
806.3,187.24,367.06,88.777
806.3,188.95,367.06,88.777
808.01,185.53,367.06,88.777
809.72,185.53,367.06,88.777
811.43,185.53,367.06,88.777
814.85,185.53,367.06,88.777
815.92,186.25,375.18,90.741
817.67,188,375.18,90.741
819.42,184.51,375.18,90.741
817.01,183.5,383.48,92.748
817.01,183.5,383.48,92.748
816.34,184.26,391.96,94.8
818.17,187.91,391.96,94.8
819.99,191.56,391.96,94.8
823.65,198.87,391.96,94.8
823.65,198.87,391.96,94.8
823.65,206.17,391.96,94.8
821.82,195.22,391.96,94.8
825.47,218.95,391.96,94.8
827.3,233.55,391.96,94.8
829.65,232.74,383.6,92.779
831.95,233.73,375.42,90.8
830.21,237.22,375.42,90.8
834.21,239.93,367.42,88.864
834.21,239.93,367.42,88.864
834.21,239.93,367.42,88.864
832.5,239.93,367.42,88.864
830.79,239.93,367.42,88.864
827.37,245.06,367.42,88.864
827.37,245.06,367.42,88.864
825.66,248.48,367.42,88.864
823.95,250.19,367.42,88.864
822.24,250.19,367.42,88.864
822.24,250.19,367.42,88.864
823.95,250.19,367.42,88.864
825.66,250.19,367.42,88.864
825.66,250.19,367.42,88.864
825.66,250.19,367.42,88.864
825.66,248.48,367.42,88.864
825.66,246.77,367.42,88.864
825.66,174.96,367.42,88.864
827.37,173.25,367.42,88.864
827.37,173.25,367.42,88.864
827.37,171.54,367.42,88.864
827.37,171.54,367.42,88.864
827.37,171.54,367.42,88.864
827.37,171.54,367.42,88.864
827.37,171.54,367.42,88.864
827.37,171.54,367.42,88.864
829.08,169.83,367.42,88.864
829.08,169.83,367.42,88.864
829.08,168.12,367.42,88.864
829.08,168.12,367.42,88.864
829.08,166.41,367.42,88.864
829.08,166.41,367.42,88.864
829.08,166.41,367.42,88.864
829.08,166.41,367.42,88.864
829.08,166.41,367.42,88.864
829.08,166.41,367.42,88.864
829.08,166.41,367.42,88.864
829.08,166.41,367.42,88.864
829.08,166.41,367.42,88.864
829.08,168.12,367.42,88.864
829.08,166.41,367.42,88.864
829.08,168.12,367.42,88.864
829.08,168.12,367.42,88.864
829.08,168.12,367.42,88.864
829.08,168.12,367.42,88.864
829.08,168.12,367.42,88.864
829.08,169.83,367.42,88.864
829.08,169.83,367.42,88.864
830.79,169.83,367.42,88.864
830.79,169.83,367.42,88.864
832.5,169.83,367.42,88.864
832.5,169.83,367.42,88.864
832.5,168.12,367.42,88.864
832.5,168.12,367.42,88.864
832.5,168.12,367.42,88.864
834.71,160.52,359.58,86.969
834.71,163.87,359.58,86.969
836.87,166.47,351.91,85.114
836.87,166.47,351.91,85.114
836.87,168.11,351.91,85.114
836.87,169.75,351.91,85.114
836.87,171.39,351.91,85.114
836.87,171.39,351.91,85.114
836.87,171.39,351.91,85.114
835.23,171.39,351.91,85.114
835.23,169.75,351.91,85.114
833.59,169.75,351.91,85.114
831.95,169.75,351.91,85.114
830.31,169.75,351.91,85.114
830.31,169.75,351.91,85.114
830.31,169.75,351.91,85.114
830.31,169.75,351.91,85.114
830.31,169.75,351.91,85.114
828.67,169.75,351.91,85.114
828.67,171.39,351.91,85.114
828.67,171.39,351.91,85.114
828.67,171.39,351.91,85.114
828.67,173.03,351.91,85.114
828.67,174.67,351.91,85.114
828.67,174.67,351.91,85.114
827.03,174.67,351.91,85.114
827.03,176.31,351.91,85.114
825.39,177.95,351.91,85.114
823.75,179.59,351.91,85.114
822.12,181.23,351.91,85.114
820.48,182.86,351.91,85.114
820.48,184.5,351.91,85.114
818.84,184.5,351.91,85.114
817.2,184.5,351.91,85.114
815.56,184.5,351.91,85.114
813.92,182.86,351.91,85.114
813.92,182.86,351.91,85.114
813.92,182.86,351.91,85.114
813.92,182.86,351.91,85.114
813.92,182.86,351.91,85.114
813.92,182.86,351.91,85.114
813.92,184.5,351.91,85.114
812.28,186.14,351.91,85.114
812.28,184.5,351.91,85.114
812.28,184.5,351.91,85.114
810.64,182.86,351.91,85.114
809,184.5,351.91,85.114
807.36,184.5,351.91,85.114
807.36,186.14,351.91,85.114
807.36,186.14,351.91,85.114
805.72,187.78,351.91,85.114
802.44,189.42,351.91,85.114
799.17,189.42,351.91,85.114
793.08,190.33,344.41,83.299
783.46,190.33,344.41,83.299
799.5,183.91,344.41,83.299
791.48,185.52,344.41,83.299
780.72,189.61,337.07,81.523
788.56,191.18,337.07,81.523
782.29,192.75,337.07,81.523
793.27,191.18,337.07,81.523
805.22,190.28,344.52,83.326
802.02,187.07,344.52,83.326
814.85,185.47,344.52,83.326
809.43,186.15,352.15,85.17
809.43,186.15,352.15,85.17
811.07,184.51,352.15,85.17
810.45,185.21,359.94,87.054
812.13,185.21,359.94,87.054
815.48,185.21,359.94,87.054
818.84,186.88,359.94,87.054
820.51,188.56,359.94,87.054
823.87,190.24,359.94,87.054
827.22,191.91,359.94,87.054
830.57,195.27,359.94,87.054
828.27,195.98,367.9,88.98
828.27,197.69,367.9,88.98
827.62,198.42,376.04,90.949
831.13,200.17,376.04,90.949
832.88,200.17,376.04,90.949
834.63,200.17,376.04,90.949
824.12,198.42,376.04,90.949
824.12,196.67,376.04,90.949
824.12,194.92,376.04,90.949
825.87,194.92,376.04,90.949
823.46,193.92,384.36,92.961
821,192.89,392.86,95.018
822.83,191.06,392.86,95.018
822.83,191.06,392.86,95.018
820.31,190.01,401.56,97.12
820.31,190.01,401.56,97.12
817.74,187.06,410.44,99.269
819.65,187.06,410.44,99.269
818.94,185.97,419.52,101.47
818.2,184.84,428.8,103.71
820.2,182.85,428.8,103.71
819.44,183.7,438.29,106.01
811.28,185.74,438.29,106.01
813.32,187.78,438.29,106.01
815.36,191.86,438.29,106.01
799.62,195.03,428.94,103.74
803.62,193.03,428.94,103.74
805.62,193.03,428.94,103.74
807.62,193.03,428.94,103.74
807.62,193.03,428.94,103.74
796.21,182.15,419.8,101.53
798.73,183.23,410.84,99.367
800.64,183.23,410.84,99.367
802.55,183.23,410.84,99.367
804.47,183.23,410.84,99.367
804.47,181.32,410.84,99.367
806.94,182.38,402.08,97.248
807.48,181.54,393.51,95.174
809.84,173.4,385.12,93.144
811.63,175.19,385.12,93.144
811.63,175.19,385.12,93.144
811.63,173.4,385.12,93.144
811.63,173.4,385.12,93.144
811.63,173.4,385.12,93.144
811.63,173.4,385.12,93.144
809.84,173.4,385.12,93.144
808.05,173.4,385.12,93.144
806.26,173.4,385.12,93.144
806.26,173.4,385.12,93.144
804.47,173.4,385.12,93.144
802.67,173.4,385.12,93.144
802.67,171.61,385.12,93.144
800.88,171.61,385.12,93.144
800.88,168.03,385.12,93.144
800.88,166.23,385.12,93.144
800.88,166.23,385.12,93.144
802.67,164.44,385.12,93.144
802.67,164.44,385.12,93.144
802.67,164.44,385.12,93.144
802.67,162.65,385.12,93.144
802.67,160.86,385.12,93.144
802.67,160.86,385.12,93.144
804.47,160.86,385.12,93.144
804.47,160.86,385.12,93.144
806.26,160.86,385.12,93.144
806.26,160.86,385.12,93.144
808.05,159.07,385.12,93.144
809.84,159.07,385.12,93.144
809.84,159.07,385.12,93.144
809.84,159.07,385.12,93.144
809.84,159.07,385.12,93.144
811.63,159.07,385.12,93.144
811.63,159.07,385.12,93.144
812.16,158.27,376.9,91.158
812.16,156.51,376.9,91.158
812.16,154.76,376.9,91.158
813.91,153,376.9,91.158
815.67,149.49,376.9,91.158
815.67,149.49,376.9,91.158
813.91,149.49,376.9,91.158
812.16,149.49,376.9,91.158
810.4,147.74,376.9,91.158
808.65,145.98,376.9,91.158
812.66,146.95,368.87,89.214
816.6,147.9,361,87.312
815.41,147.16,353.3,85.45
813.76,148.8,353.3,85.45
812.12,150.45,353.3,85.45
812.12,152.09,353.3,85.45
808.21,154.44,361.12,87.34
806.53,156.12,361.12,87.34
803.17,157.8,361.12,87.34
803.17,157.8,361.12,87.34
799.81,157.8,361.12,87.34
796.44,156.12,361.12,87.34
794.76,154.44,361.12,87.34
793.08,154.44,361.12,87.34
793.08,151.07,361.12,87.34
791.4,149.39,361.12,87.34
789.72,147.71,361.12,87.34
786.36,146.03,361.12,87.34
778.45,148.65,353.42,85.478
765.29,150.29,353.42,85.478
783.86,154.49,345.88,83.655
798.35,154.49,345.88,83.655
796.74,151.27,345.88,83.655
796.74,151.27,345.88,83.655
798.82,147.34,338.5,81.871
795.67,148.91,338.5,81.871
794.09,150.49,338.5,81.871
792.51,148.91,338.5,81.871
794.55,151.36,331.29,80.125
798.08,155.3,324.22,78.416
799.59,155.3,324.22,78.416
798.08,156.81,324.22,78.416
805.63,158.32,324.22,78.416
808.65,159.83,324.22,78.416
810.16,161.34,324.22,78.416
810.16,162.85,324.22,78.416
811.67,164.36,324.22,78.416
813.62,166.71,317.31,76.744
815.09,159.32,317.31,76.744
819.52,165.23,317.31,76.744
821,168.18,317.31,76.744
823.95,160.8,317.31,76.744
825.43,163.75,317.31,76.744
826.9,165.23,317.31,76.744
829.86,166.71,317.31,76.744
834.72,171.95,310.54,75.107
836.16,160.39,310.54,75.107
839.05,163.28,310.54,75.107
840.5,163.28,310.54,75.107
840.5,157.5,310.54,75.107
839.95,158.12,317.41,76.769
839.95,158.12,317.41,76.769
839.95,156.64,317.41,76.769
839.95,155.16,317.41,76.769
841.43,156.64,317.41,76.769
842.91,152.2,317.41,76.769
844.39,153.68,317.41,76.769
845.87,153.68,317.41,76.769
845.87,153.68,317.41,76.769
845.87,153.68,317.41,76.769
847.34,152.2,317.41,76.769
848.82,152.2,317.41,76.769
850.3,152.2,317.41,76.769
850.3,152.2,317.41,76.769
852.21,151.54,310.64,75.132
854.07,150.9,304.02,73.53
857.31,151.68,297.53,71.962
858.7,153.07,297.53,71.962
860.08,153.07,297.53,71.962
861.47,150.3,297.53,71.962
860.08,147.53,297.53,71.962
861.47,236.12,297.53,71.962
862.85,238.89,297.53,71.962
862.85,240.28,297.53,71.962
860.08,240.28,297.53,71.962
857.31,240.28,297.53,71.962
855.93,240.28,297.53,71.962
852.18,242.43,291.19,70.427
853.53,243.78,291.19,70.427
853.53,243.78,291.19,70.427
853.53,245.14,291.19,70.427
853.53,246.49,291.19,70.427
854.89,246.49,291.19,70.427
856.24,246.49,291.19,70.427
857.6,246.49,291.19,70.427
858.95,246.49,291.19,70.427
858.95,246.49,291.19,70.427
860.31,246.49,291.19,70.427
861.66,245.14,291.19,70.427
863.02,246.49,291.19,70.427
867.48,255.37,284.98,68.925
870.13,255.37,284.98,68.925
872.79,255.37,284.98,68.925
874.12,254.05,284.98,68.925
876.77,254.05,284.98,68.925
878.1,255.37,284.98,68.925
879.43,256.7,284.98,68.925
879.43,256.7,284.98,68.925
882.46,261.42,278.9,67.455
884.14,263.44,272.95,66.017
887.05,184.09,267.13,64.609
888.29,176.63,267.13,64.609
888.29,177.88,267.13,64.609
888.29,179.12,267.13,64.609
888.29,180.36,267.13,64.609
888.29,181.61,267.13,64.609
889.9,181.05,261.44,63.231
889.9,179.84,261.44,63.231
889.9,179.84,261.44,63.231
889.9,179.84,261.44,63.231
889.9,179.84,261.44,63.231
889.9,179.84,261.44,63.231
889.9,181.05,261.44,63.231
889.9,181.05,261.44,63.231
889.9,181.05,261.44,63.231
889.9,181.05,261.44,63.231
889.9,181.05,261.44,63.231
889.9,181.05,261.44,63.231
889.9,181.05,261.44,63.231
889.9,181.05,261.44,63.231
889.9,181.05,261.44,63.231
889.9,182.27,261.44,63.231
889.9,182.27,261.44,63.231
889.9,182.27,261.44,63.231
889.9,183.49,261.44,63.231
889.9,182.27,261.44,63.231
889.9,182.27,261.44,63.231
889.9,181.05,261.44,63.231
889.9,181.05,261.44,63.231
889.9,179.84,261.44,63.231
889.9,179.84,261.44,63.231
889.9,179.84,261.44,63.231
889.9,179.84,261.44,63.231
889.9,181.05,261.44,63.231
889.9,181.05,261.44,63.231
889.9,181.05,261.44,63.231
889.9,181.05,261.44,63.231
889.9,181.05,261.44,63.231
889.9,182.27,261.44,63.231
889.9,182.27,261.44,63.231
888.68,183.49,261.44,63.231
888.68,182.27,261.44,63.231
888.68,183.49,261.44,63.231
887.46,182.27,261.44,63.231
887.46,183.49,261.44,63.231
886.25,184.71,261.44,63.231
886.25,184.71,261.44,63.231
886.25,184.71,261.44,63.231
885.03,184.71,261.44,63.231
885.03,184.71,261.44,63.231
883.81,184.71,261.44,63.231
882.59,183.49,261.44,63.231
881.38,183.49,261.44,63.231
881.38,183.49,261.44,63.231
880.16,184.71,261.44,63.231
880.16,184.71,261.44,63.231
880.16,184.71,261.44,63.231
880.16,184.71,261.44,63.231
878.94,184.71,261.44,63.231
877.72,185.92,261.44,63.231
877.72,184.71,261.44,63.231
877.72,185.92,261.44,63.231
876.5,185.92,261.44,63.231
876.5,187.14,261.44,63.231
876.5,187.14,261.44,63.231
876.5,187.14,261.44,63.231
876.5,188.36,261.44,63.231
876.5,187.14,261.44,63.231
876.5,188.36,261.44,63.231
876.5,188.36,261.44,63.231
877.72,188.36,261.44,63.231
877.72,188.36,261.44,63.231
878.94,189.58,261.44,63.231
878.94,188.36,261.44,63.231
880.16,188.36,261.44,63.231
880.16,187.14,261.44,63.231
881.38,187.14,261.44,63.231
881.38,185.92,261.44,63.231
881.38,184.71,261.44,63.231
882.59,184.71,261.44,63.231
882.59,185.92,261.44,63.231
882.59,185.92,261.44,63.231
882.59,185.92,261.44,63.231
882.59,187.14,261.44,63.231
882.59,187.14,261.44,63.231
882.59,188.36,261.44,63.231
882.59,188.36,261.44,63.231
882.59,188.36,261.44,63.231
882.59,188.36,261.44,63.231
882.59,189.58,261.44,63.231
882.59,188.36,261.44,63.231
882.59,189.58,261.44,63.231
882.59,189.58,261.44,63.231
882.59,189.58,261.44,63.231
882.59,189.58,261.44,63.231
882.59,189.58,261.44,63.231
882.59,190.79,261.44,63.231
882.59,190.79,261.44,63.231
882.59,192.01,261.44,63.231
882.59,192.01,261.44,63.231
882.59,192.01,261.44,63.231
882.59,193.23,261.44,63.231
882.59,193.23,261.44,63.231
882.59,193.23,261.44,63.231
882.59,192.01,261.44,63.231
882.59,192.01,261.44,63.231
882.59,192.01,261.44,63.231
882.59,190.79,261.44,63.231
881.38,189.58,261.44,63.231
880.16,188.36,261.44,63.231
880.16,190.79,261.44,63.231
878.94,189.58,261.44,63.231
877.72,190.79,261.44,63.231
875.29,190.79,261.44,63.231
874.07,190.79,261.44,63.231
872.85,192.01,261.44,63.231
870.42,192.01,261.44,63.231
867.98,192.01,261.44,63.231
865.55,190.79,261.44,63.231
863.11,190.79,261.44,63.231
861.89,189.58,261.44,63.231
860.68,190.79,261.44,63.231
859.46,189.58,261.44,63.231
858.24,190.79,261.44,63.231
857.02,192.01,261.44,63.231
855.8,192.01,261.44,63.231
853.37,193.23,261.44,63.231
852.15,193.23,261.44,63.231
850.93,193.23,261.44,63.231
849.72,194.45,261.44,63.231
848.5,192.01,261.44,63.231
847.28,193.23,261.44,63.231
846.06,193.23,261.44,63.231
846.06,192.01,261.44,63.231
844.85,192.01,261.44,63.231
843.63,190.79,261.44,63.231
843.63,189.58,261.44,63.231
843.63,188.36,261.44,63.231
842.41,189.58,261.44,63.231
841.19,188.36,261.44,63.231
841.19,189.58,261.44,63.231
839.98,187.14,261.44,63.231
838.76,188.36,261.44,63.231
837.54,188.36,261.44,63.231
836.32,189.58,261.44,63.231
835.1,188.36,261.44,63.231
833.89,189.58,261.44,63.231
832.67,188.36,261.44,63.231
830.23,189.58,261.44,63.231
829.02,188.36,261.44,63.231
826.58,189.58,261.44,63.231
825.36,188.36,261.44,63.231
821.71,189.58,261.44,63.231
820.49,187.14,261.44,63.231
818.06,189.58,261.44,63.231
818.06,188.36,261.44,63.231
814.4,190.79,261.44,63.231
811.97,188.36,261.44,63.231
810.75,190.79,261.44,63.231
809.53,188.36,261.44,63.231
805.88,190.79,261.44,63.231
805.88,188.36,261.44,63.231
803.45,189.58,261.44,63.231
801.01,188.36,261.44,63.231
799.79,189.58,261.44,63.231
797.36,188.36,261.44,63.231
794.92,187.14,261.44,63.231
793.7,184.71,261.44,63.231
792.49,182.27,261.44,63.231
790.05,182.27,261.44,63.231
788.83,181.05,261.44,63.231
787.62,179.84,261.44,63.231
786.4,176.18,261.44,63.231
783.96,174.96,261.44,63.231
782.75,174.96,261.44,63.231
781.53,173.75,261.44,63.231
781.53,171.31,261.44,63.231
780.31,173.75,261.44,63.231
779.09,173.75,261.44,63.231
779.09,171.31,261.44,63.231
779.09,172.53,261.44,63.231
779.09,171.31,261.44,63.231
780.31,165.22,261.44,63.231
781.53,165.22,261.44,63.231
781.53,157.92,261.44,63.231
781.88,176.86,255.86,61.883
778.3,195.93,255.86,61.883
772.34,205.47,255.86,61.883
775.07,191.82,250.41,60.563
779.74,187.16,250.41,60.563
780.91,183.66,250.41,60.563
779.74,173.16,250.41,60.563
776.97,167.82,255.95,61.903
778.16,163.05,255.95,61.903
776.97,163.05,255.95,61.903
775.78,161.86,255.95,61.903
775.78,160.67,255.95,61.903
778.16,160.67,255.95,61.903
781.74,159.47,255.95,61.903
784.12,158.28,255.95,61.903
782.48,155.21,261.61,63.273
780.81,150.86,267.4,64.673
781.58,150.14,273.31,66.104
790.01,151.96,279.36,67.566
802.52,151.21,285.54,69.061
811.33,153.11,291.86,70.589
808.1,153.68,298.32,72.151
802.02,151.5,304.92,73.747
784.99,150.08,304.92,73.747
775.05,145.82,304.92,73.747
770.79,145.82,304.92,73.747
769.37,147.24,304.92,73.747
767.95,148.66,304.92,73.747
767.95,151.5,304.92,73.747
767.95,152.92,304.92,73.747
767.95,150.08,304.92,73.747
767.95,151.5,304.92,73.747
767.95,151.5,304.92,73.747
767.95,151.5,304.92,73.747
766.53,151.5,304.92,73.747
765.11,151.5,304.92,73.747
763.69,151.5,304.92,73.747
763.69,151.5,304.92,73.747
765.11,151.5,304.92,73.747
765.11,151.5,304.92,73.747
766.53,151.5,304.92,73.747
766.53,151.5,304.92,73.747
766.53,147.24,304.92,73.747
766.53,147.24,304.92,73.747
767.95,145.82,304.92,73.747
769.37,144.4,304.92,73.747
769.37,144.4,304.92,73.747
769.37,145.82,304.92,73.747
767.95,147.24,304.92,73.747
769.37,148.66,304.92,73.747
769.37,150.08,304.92,73.747
769.37,150.08,304.92,73.747
769.37,151.5,304.92,73.747
769.37,152.92,304.92,73.747
769.37,154.34,304.92,73.747
766.94,167.9,298.41,72.174
770.13,167.28,292.05,70.635
771.88,168.03,285.82,69.129
776.26,170.1,279.73,67.655
778.86,171.4,279.73,67.655
782.77,174.01,279.73,67.655
787.98,176.61,279.73,67.655
792.7,175.86,285.92,69.152
792.2,175.1,292.24,70.682
790.32,171.59,298.71,72.245
787.02,168.01,305.32,73.844
785.06,162.93,312.07,75.478
787.42,159.19,318.98,77.148
783.89,156.85,326.03,78.855
778.77,154.46,333.25,80.599
773.53,152.02,340.62,82.382
766.59,151.11,348.16,84.205
761.73,151.11,348.16,84.205
758.48,151.11,348.16,84.205
753.01,150.18,355.86,86.068
754.67,148.52,355.86,86.068
754.67,146.86,355.86,86.068
756.32,146.86,355.86,86.068
756.32,146.86,355.86,86.068
756.32,145.21,355.86,86.068
754.67,145.21,355.86,86.068
741.41,141.89,355.86,86.068
730.29,142.81,348.27,84.233
735.63,145.33,340.84,82.436
727.7,143.74,340.84,82.436
727.7,140.57,340.84,82.436
730.87,138.99,340.84,82.436
735.63,137.4,340.84,82.436
738.8,140.57,340.84,82.436
742.44,144.62,333.57,80.678
745.54,141.52,333.57,80.678
756.41,141.52,333.57,80.678
748.65,144.62,333.57,80.678
747.1,144.62,333.57,80.678
753.31,139.96,333.57,80.678
754.86,138.41,333.57,80.678
757.97,136.86,333.57,80.678
763.08,133.06,326.46,78.958
764.6,134.58,326.46,78.958
767.63,137.62,326.46,78.958
769.15,139.14,326.46,78.958
770.67,140.66,326.46,78.958
772.19,131.54,326.46,78.958
772.19,136.1,326.46,78.958
772.19,140.66,326.46,78.958
772.19,134.58,326.46,78.958
773.71,139.14,326.46,78.958
773.71,139.14,326.46,78.958
773.71,137.62,326.46,78.958
773.71,139.14,326.46,78.958
773.71,140.66,326.46,78.958
774.66,141.3,333.68,80.705
774.66,141.3,333.68,80.705
774.66,141.3,333.68,80.705
774.66,139.75,333.68,80.705
776.21,141.3,333.68,80.705
776.21,135.09,333.68,80.705
777.77,138.2,333.68,80.705
777.77,141.3,333.68,80.705
777.77,133.54,333.68,80.705
777.77,138.2,333.68,80.705
779.32,130.43,333.68,80.705
777.77,133.54,333.68,80.705
777.77,135.09,333.68,80.705
777.77,135.09,333.68,80.705
776.21,135.09,333.68,80.705
776.21,136.65,333.68,80.705
776.21,138.2,333.68,80.705
776.21,135.09,333.68,80.705
776.21,136.65,333.68,80.705
776.21,138.2,333.68,80.705
776.21,135.09,333.68,80.705
777.77,136.65,333.68,80.705
779.32,138.2,333.68,80.705
779.32,139.75,333.68,80.705
779.32,133.54,333.68,80.705
779.32,136.65,333.68,80.705
780.87,139.75,333.68,80.705
780.87,135.09,333.68,80.705
782.42,138.2,333.68,80.705
782.42,139.75,333.68,80.705
782.42,138.2,333.68,80.705
782.42,139.75,333.68,80.705
782.42,139.75,333.68,80.705
782.42,133.54,333.68,80.705
780.87,136.65,333.68,80.705
780.87,138.2,333.68,80.705
780.87,131.99,333.68,80.705
780.87,135.09,333.68,80.705
780.87,138.2,333.68,80.705
780.87,133.54,333.68,80.705
780.87,136.65,333.68,80.705
780.87,138.2,333.68,80.705
780.87,128.88,333.68,80.705
780.87,131.99,333.68,80.705
780.87,133.54,333.68,80.705
780.87,133.54,333.68,80.705
780.87,133.54,333.68,80.705
780.87,135.09,333.68,80.705
780.87,128.88,333.68,80.705
780.87,131.99,333.68,80.705
780.87,135.09,333.68,80.705
780.87,136.65,333.68,80.705
780.87,133.54,333.68,80.705
780.87,136.65,333.68,80.705
780.87,128.88,333.68,80.705
780.87,130.43,333.68,80.705
780.87,131.99,333.68,80.705
780.87,128.88,333.68,80.705
780.87,128.88,333.68,80.705
780.87,128.88,333.68,80.705
780.87,128.88,333.68,80.705
780.87,127.33,333.68,80.705
780.87,128.88,333.68,80.705
780.87,128.88,333.68,80.705
779.32,130.43,333.68,80.705
779.32,125.77,333.68,80.705
779.32,127.33,333.68,80.705
779.32,128.88,333.68,80.705
779.32,127.33,333.68,80.705
779.32,127.33,333.68,80.705
779.32,127.33,333.68,80.705
779.32,127.33,333.68,80.705
779.32,128.88,333.68,80.705
779.32,127.33,333.68,80.705
779.32,128.88,333.68,80.705
780.87,125.77,333.68,80.705
782.42,127.33,333.68,80.705
782.42,127.33,333.68,80.705
782.42,127.33,333.68,80.705
782.42,127.33,333.68,80.705
782.42,127.33,333.68,80.705
780.87,128.88,333.68,80.705
780.87,128.88,333.68,80.705
780.87,130.43,333.68,80.705
779.32,131.99,333.68,80.705
779.32,133.54,333.68,80.705
777.77,136.65,333.68,80.705
777.77,139.75,333.68,80.705
776.21,142.86,333.68,80.705
776.21,144.41,333.68,80.705
774.66,145.96,333.68,80.705
774.66,147.52,333.68,80.705
773.11,149.07,333.68,80.705
770.45,149.93,326.57,78.984
769.38,152.29,319.6,77.3
769.38,153.78,319.6,77.3
769.38,155.27,319.6,77.3
769.38,156.76,319.6,77.3
769.38,158.24,319.6,77.3
769.38,156.76,319.6,77.3
770.86,156.76,319.6,77.3
770.86,156.76,319.6,77.3
772.35,156.76,319.6,77.3
772.35,153.78,319.6,77.3
772.35,152.29,319.6,77.3
774.27,151.63,312.79,75.651
774.27,151.63,312.79,75.651
774.27,151.63,312.79,75.651
774.27,153.08,312.79,75.651
774.27,154.54,312.79,75.651
774.27,156,312.79,75.651
775.73,156,312.79,75.651
777.19,157.45,312.79,75.651
777.19,158.91,312.79,75.651
775.73,160.37,312.79,75.651
775.73,163.28,312.79,75.651
775.73,156,312.79,75.651
777.19,158.91,312.79,75.651
777.19,161.83,312.79,75.651
777.19,158.91,312.79,75.651
777.19,158.91,312.79,75.651
777.19,157.45,312.79,75.651
778.64,158.91,312.79,75.651
780.1,157.45,312.79,75.651
781.56,158.91,312.79,75.651
781.56,151.63,312.79,75.651
781.56,153.08,312.79,75.651
781.56,154.54,312.79,75.651
781.56,154.54,312.79,75.651
781.56,154.54,312.79,75.651
781.56,154.54,312.79,75.651
781.56,153.08,312.79,75.651
780.1,153.08,312.79,75.651
779.55,150.79,319.71,77.325
780.48,151.42,326.78,79.036
781.43,152.07,334.01,80.784
782.4,155.84,341.4,82.572
783.99,155.84,341.4,82.572
784.45,151.95,334.12,80.811
781.79,151.26,327,79.088
780.72,153.62,320.02,77.401
782.21,152.13,320.02,77.401
782.21,152.13,320.02,77.401
779.66,152.96,313.2,75.75
779.66,151.5,313.2,75.75
781.12,151.5,313.2,75.75
782.58,151.5,313.2,75.75
782.58,152.96,313.2,75.75
782.58,154.42,313.2,75.75
784.03,154.42,313.2,75.75
784.03,150.04,313.2,75.75
782.58,147.12,313.2,75.75
784.03,147.12,313.2,75.75
785.49,147.12,313.2,75.75
786.95,147.12,313.2,75.75
786.95,147.12,313.2,75.75
786.95,147.12,313.2,75.75
785.49,148.58,313.2,75.75
785.49,147.12,313.2,75.75
785.49,147.12,313.2,75.75
786.95,147.12,313.2,75.75
788.41,145.66,313.2,75.75
787.86,146.28,320.13,77.426
780.85,136.68,313.3,75.775
782.73,137.49,306.62,74.159
784.15,138.91,306.62,74.159
785.58,140.34,306.62,74.159
784.15,140.34,306.62,74.159
780.76,140.95,313.4,75.8
779.3,138.03,313.4,75.8
781.19,135.92,306.72,74.184
784.46,135.29,300.18,72.602
784.46,135.29,300.18,72.602
785.86,136.68,300.18,72.602
787.25,138.08,300.18,72.602
785.86,138.08,300.18,72.602
785.86,138.08,300.18,72.602
785.86,138.08,300.18,72.602
784.46,139.48,300.18,72.602
781.66,140.88,300.18,72.602
783.46,141.65,293.78,71.053
783.46,141.65,293.78,71.053
784.83,141.65,293.78,71.053
786.2,143.02,293.78,71.053
787.57,144.39,293.78,71.053
788.94,147.13,293.78,71.053
790.31,148.49,293.78,71.053
790.31,149.86,293.78,71.053
788.94,151.23,293.78,71.053
790.31,152.6,293.78,71.053
790.31,153.97,293.78,71.053
790.31,153.97,293.78,71.053
790.31,152.6,293.78,71.053
788.94,152.6,293.78,71.053
788.94,153.97,293.78,71.053
790.7,168.41,287.51,69.538
791.09,171.83,281.38,68.055
791.47,175.18,275.38,66.604
793.12,179.74,269.51,65.184
793.12,182.25,269.51,65.184
796,185.45,263.76,63.793
797.23,186.68,263.76,63.793
797.23,187.91,263.76,63.793
797.23,187.91,263.76,63.793
797.23,187.91,263.76,63.793
797.23,187.91,263.76,63.793
797.23,187.91,263.76,63.793
797.23,187.91,263.76,63.793
797.23,187.91,263.76,63.793
797.23,187.91,263.76,63.793
797.23,189.13,263.76,63.793
797.23,189.13,263.76,63.793
797.23,187.91,263.76,63.793
797.23,187.91,263.76,63.793
797.23,187.91,263.76,63.793
797.23,187.91,263.76,63.793
797.23,187.91,263.76,63.793
798.81,184.9,258.14,62.433
800.01,186.11,258.14,62.433
800.01,186.11,258.14,62.433
800.01,186.11,258.14,62.433
800.01,187.31,258.14,62.433
801.21,187.31,258.14,62.433
801.21,187.31,258.14,62.433
801.21,186.11,258.14,62.433
801.21,184.9,258.14,62.433
801.21,184.9,258.14,62.433
801.21,184.9,258.14,62.433
801.21,183.7,258.14,62.433
801.21,184.9,258.14,62.433
801.21,183.7,258.14,62.433
801.21,184.9,258.14,62.433
801.21,183.7,258.14,62.433
801.21,184.9,258.14,62.433
801.21,184.9,258.14,62.433
801.21,184.9,258.14,62.433
801.21,186.11,258.14,62.433
801.21,184.9,258.14,62.433
801.21,183.7,258.14,62.433
800.01,183.7,258.14,62.433
800.01,183.7,258.14,62.433
800.01,184.9,258.14,62.433
800.01,183.7,258.14,62.433
800.01,184.9,258.14,62.433
800.01,183.7,258.14,62.433
800.01,186.11,258.14,62.433
801.21,184.9,258.14,62.433
801.21,186.11,258.14,62.433
801.21,186.11,258.14,62.433
802.42,186.11,258.14,62.433
802.42,186.11,258.14,62.433
802.42,186.11,258.14,62.433
802.42,187.31,258.14,62.433
802.42,187.31,258.14,62.433
802.42,187.31,258.14,62.433
802.42,188.51,258.14,62.433
802.42,189.71,258.14,62.433
802.42,189.71,258.14,62.433
802.42,190.91,258.14,62.433
801.21,190.91,258.14,62.433
801.21,192.11,258.14,62.433
800.01,193.32,258.14,62.433
800.01,193.32,258.14,62.433
800.01,193.32,258.14,62.433
800.01,193.32,258.14,62.433
800.01,192.11,258.14,62.433
800.01,190.91,258.14,62.433
800.01,190.91,258.14,62.433
801.21,188.51,258.14,62.433
801.21,189.71,258.14,62.433
802.42,188.51,258.14,62.433
803.62,187.31,258.14,62.433
804.82,186.11,258.14,62.433
806.02,184.9,258.14,62.433
806.02,184.9,258.14,62.433
807.22,182.5,258.14,62.433
807.22,182.5,258.14,62.433
808.43,181.3,258.14,62.433
808.43,180.1,258.14,62.433
808.43,180.1,258.14,62.433
808.43,180.1,258.14,62.433
808.43,180.1,258.14,62.433
808.43,180.1,258.14,62.433
808.43,180.1,258.14,62.433
808.43,180.1,258.14,62.433
808.43,180.1,258.14,62.433
808.43,180.1,258.14,62.433
807.22,180.1,258.14,62.433
807.22,178.89,258.14,62.433
806.02,178.89,258.14,62.433
806.02,178.89,258.14,62.433
806.02,180.1,258.14,62.433
806.02,180.1,258.14,62.433
806.02,180.1,258.14,62.433
806.02,180.1,258.14,62.433
806.02,180.1,258.14,62.433
806.02,178.89,258.14,62.433
806.02,178.89,258.14,62.433
806.02,180.1,258.14,62.433
806.02,180.1,258.14,62.433
807.22,181.3,258.14,62.433
808.43,181.3,258.14,62.433
808.43,181.3,258.14,62.433
808.43,181.3,258.14,62.433
808.43,181.3,258.14,62.433
809.98,180.76,252.63,61.102
809.98,180.76,252.63,61.102
809.98,180.76,252.63,61.102
809.98,181.94,252.63,61.102
808.8,181.94,252.63,61.102
808.8,181.94,252.63,61.102
808.8,181.94,252.63,61.102
807.62,180.76,252.63,61.102
808.8,179.58,252.63,61.102
807.62,179.58,252.63,61.102
807.62,179.58,252.63,61.102
807.62,179.58,252.63,61.102
807.62,179.58,252.63,61.102
807.62,179.58,252.63,61.102
807.62,179.58,252.63,61.102
807.62,178.41,252.63,61.102
807.62,177.23,252.63,61.102
807.62,177.23,252.63,61.102
808.8,177.23,252.63,61.102
808.8,179.58,252.63,61.102
808.8,179.58,252.63,61.102
808.8,184.29,252.63,61.102
809.98,183.11,252.63,61.102
809.98,186.64,252.63,61.102
811.15,189,252.63,61.102
812.33,186.64,252.63,61.102
812.33,183.11,252.63,61.102
815.02,182.59,247.24,59.799
816.51,183.23,241.97,58.523
816.51,183.23,241.97,58.523
817.96,183.85,236.81,57.275
817.96,183.85,236.81,57.275
817.96,184.95,236.81,57.275
817.96,186.05,236.81,57.275
817.96,186.05,236.81,57.275
817.96,186.05,236.81,57.275
819.06,186.05,236.81,57.275
819.06,187.16,236.81,57.275
820.16,188.26,236.81,57.275
820.16,188.26,236.81,57.275
820.16,189.36,236.81,57.275
820.16,189.36,236.81,57.275
821.59,189.97,231.76,56.054
821.59,189.97,231.76,56.054
821.59,188.89,231.76,56.054
821.59,188.89,231.76,56.054
821.59,191.05,231.76,56.054
821.59,192.13,231.76,56.054
821.59,191.05,231.76,56.054
821.59,191.05,231.76,56.054
821.59,189.97,231.76,56.054
822.67,189.97,231.76,56.054
822.67,188.89,231.76,56.054
822.67,187.81,231.76,56.054
823.74,185.66,231.76,56.054
823.74,183.5,231.76,56.054
822.67,179.19,231.76,56.054
819.02,175.33,236.89,57.294
817.92,174.23,236.89,57.294
815.3,170.29,242.13,58.562
814.17,169.16,242.13,58.562
813.05,169.16,242.13,58.562
813.05,171.42,242.13,58.562
813.75,170.77,247.49,59.857
814.47,170.11,252.96,61.182
818.01,171.29,252.96,61.182
820.36,172.46,252.96,61.182
818.01,172.46,252.96,61.182
815.21,168.25,258.56,62.535
815.21,169.46,258.56,62.535
812.35,156.72,264.28,63.919
811.12,155.49,264.28,63.919
811.12,151.8,264.28,63.919
810.66,144.94,270.13,65.333
808.92,141.7,276.1,66.779
810.58,143.7,270.22,65.355
813.46,146.91,264.45,63.961
811.77,144.97,270.31,65.376
808.78,140.47,276.29,66.823
805.72,138.45,282.4,68.301
804.41,139.76,282.4,68.301
803.09,242.39,282.4,68.301
804.79,244.43,276.38,66.844
804.79,244.43,276.38,66.844
803.5,244.43,276.38,66.844
802.21,244.43,276.38,66.844
802.21,243.14,276.38,66.844
802.21,241.86,276.38,66.844
802.21,240.57,276.38,66.844
799.16,238.55,282.49,68.323
799.16,238.55,282.49,68.323
797.84,237.23,282.49,68.323
797.84,231.97,282.49,68.323
799.16,228.02,282.49,68.323
800.47,217.5,282.49,68.323
801.79,208.29,282.49,68.323
803.1,201.71,282.49,68.323
804.42,196.44,282.49,68.323
804.42,195.13,282.49,68.323
803.1,195.13,282.49,68.323
803.48,191.91,276.47,66.866
804.77,193.2,276.47,66.866
804.77,191.91,276.47,66.866
806.43,191.34,270.57,65.44
806.43,188.82,270.57,65.44
805.17,187.56,270.57,65.44
805.17,188.82,270.57,65.44
805.17,188.82,270.57,65.44
805.17,190.08,270.57,65.44
806.43,191.34,270.57,65.44
806.43,191.34,270.57,65.44
806.43,191.34,270.57,65.44
805.17,191.34,270.57,65.44
805.17,192.6,270.57,65.44
805.17,192.6,270.57,65.44
805.17,192.6,270.57,65.44
805.17,192.6,270.57,65.44
805.17,192.6,270.57,65.44
805.17,193.85,270.57,65.44
805.17,193.85,270.57,65.44
805.17,195.11,270.57,65.44
808.06,198.33,264.8,64.045
808.06,197.1,264.8,64.045
808.06,197.1,264.8,64.045
808.06,197.1,264.8,64.045
808.06,195.86,264.8,64.045
808.06,197.1,264.8,64.045
808.06,194.63,264.8,64.045
810.88,196.54,259.15,62.679
812.09,196.54,259.15,62.679
812.09,196.54,259.15,62.679
813.29,196.54,259.15,62.679
814.5,196.54,259.15,62.679
814.5,195.34,259.15,62.679
815.71,194.13,259.15,62.679
816.91,194.13,259.15,62.679
818.12,194.13,259.15,62.679
818.12,195.34,259.15,62.679
819.32,195.34,259.15,62.679
820.53,196.54,259.15,62.679
820.53,196.54,259.15,62.679
820.53,197.75,259.15,62.679
820.53,197.75,259.15,62.679
820.53,197.75,259.15,62.679
820.53,197.75,259.15,62.679
820.53,197.75,259.15,62.679
820.53,197.75,259.15,62.679
820.53,197.75,259.15,62.679
819.32,197.75,259.15,62.679
819.32,197.75,259.15,62.679
819.32,197.75,259.15,62.679
819.32,197.75,259.15,62.679
819.32,197.75,259.15,62.679
819.32,197.75,259.15,62.679
819.32,197.75,259.15,62.679
819.32,197.75,259.15,62.679
819.32,197.75,259.15,62.679
819.32,196.54,259.15,62.679
819.32,197.75,259.15,62.679
819.32,196.54,259.15,62.679
819.32,195.34,259.15,62.679
819.32,194.13,259.15,62.679
819.32,192.93,259.15,62.679
820.53,192.93,259.15,62.679
820.53,192.93,259.15,62.679
820.53,191.72,259.15,62.679
820.53,190.52,259.15,62.679
820.53,191.72,259.15,62.679
820.53,190.52,259.15,62.679
819.32,191.72,259.15,62.679
819.32,190.52,259.15,62.679
819.32,192.93,259.15,62.679
819.32,190.52,259.15,62.679
818.12,192.93,259.15,62.679
818.12,191.72,259.15,62.679
816.91,191.72,259.15,62.679
815.71,191.72,259.15,62.679
814.5,190.52,259.15,62.679
813.29,191.72,259.15,62.679
813.29,190.52,259.15,62.679
813.29,191.72,259.15,62.679
813.29,189.31,259.15,62.679
812.09,189.31,259.15,62.679
812.09,186.9,259.15,62.679
812.09,185.69,259.15,62.679
812.09,185.69,259.15,62.679
812.09,185.69,259.15,62.679
812.09,185.69,259.15,62.679
812.09,184.49,259.15,62.679
812.09,184.49,259.15,62.679
812.09,184.49,259.15,62.679
812.09,184.49,259.15,62.679
813.29,184.49,259.15,62.679
813.29,184.49,259.15,62.679
814.5,183.28,259.15,62.679
816.06,183.95,253.63,61.342
816.06,182.77,253.63,61.342
814.88,181.59,253.63,61.342
814.88,181.59,253.63,61.342
813.7,180.41,253.63,61.342
812.52,179.23,253.63,61.342
814.88,250.05,253.63,61.342
813.7,251.23,253.63,61.342
810.15,252.41,253.63,61.342
807.79,251.23,253.63,61.342
805.43,250.05,253.63,61.342
803.07,250.05,253.63,61.342
800.71,250.05,253.63,61.342
798.35,252.41,253.63,61.342
812.52,181.59,253.63,61.342
814.04,178.7,248.22,60.034
814.04,176.39,248.22,60.034
814.04,177.55,248.22,60.034
814.04,183.32,248.22,60.034
812.88,183.32,248.22,60.034
812.88,182.17,248.22,60.034
813.22,181.65,242.93,58.754
813.22,180.52,242.93,58.754
814.68,181.15,237.75,57.501
817.22,181.76,232.68,56.275
817.22,178.51,232.68,56.275
817.22,177.43,232.68,56.275
817.22,174.18,232.68,56.275
817.22,174.18,232.68,56.275
815.72,171.39,237.82,57.52
815.72,170.29,237.82,57.52
814.62,170.29,237.82,57.52
813.51,169.18,237.82,57.52
810.88,168.54,243.08,58.793
810.88,171.94,243.08,58.793
812.34,177.09,237.9,57.539
811.55,178.81,232.83,56.312
811.14,174.93,237.98,57.558
811.14,173.83,237.98,57.558
811.14,173.83,237.98,57.558
811.14,174.93,237.98,57.558
812.25,174.93,237.98,57.558
812.25,176.04,237.98,57.558
812.25,176.04,237.98,57.558
812.25,176.04,237.98,57.558
812.25,176.04,237.98,57.558
812.25,173.83,237.98,57.558
812.25,171.61,237.98,57.558
812.25,168.29,237.98,57.558
814.47,161.64,237.98,57.558
814.47,162.75,237.98,57.558
814.47,163.86,237.98,57.558
819.59,215.29,243.24,58.831
820.72,218.69,243.24,58.831
821.86,216.42,243.24,58.831
821.86,207.35,243.24,58.831
