107.5,452,213,70
136.62,448.76,213,70
160.34,446.61,213,70
162.5,445.53,213,70
181.91,442.29,213,70
204.56,439.06,213,70
227.32,437.65,208.46,68.507
248.42,435.54,208.46,68.507
251.58,435.54,208.46,68.507
268.46,432.37,208.46,68.507
286.39,430.26,208.46,68.507
304.33,429.21,208.46,68.507
324.37,427.1,208.46,68.507
326.48,426.04,208.46,68.507
345.47,423.93,208.46,68.507
365.51,421.82,208.46,68.507
387.78,420.45,204.01,67.046
406.38,419.41,204.01,67.046
408.44,418.38,204.01,67.046
426.01,417.35,204.01,67.046
443.58,416.31,204.01,67.046
460.11,416.31,204.01,67.046
474.58,416.31,204.01,67.046
476.64,416.31,204.01,67.046
489.04,416.31,204.01,67.046
503.51,416.31,204.01,67.046
517.98,416.31,204.01,67.046
531.41,416.31,204.01,67.046
532.44,416.31,204.01,67.046
542.78,416.31,204.01,67.046
555.18,416.31,204.01,67.046
565.62,418.06,199.66,65.617
579.87,418.76,195.4,64.217
581.84,418.76,195.4,64.217
590.84,419.44,191.24,62.848
602.47,418.48,191.24,62.848
612.15,417.51,191.24,62.848
621.84,416.54,191.24,62.848
623.78,415.57,191.24,62.848
629.59,414.6,191.24,62.848
636.37,413.63,191.24,62.848
645.09,412.66,191.24,62.848
649.93,411.7,191.24,62.848
652.84,410.73,191.24,62.848
657.78,411.4,187.16,61.508
662.52,409.5,187.16,61.508
666.41,406.37,183.17,60.196
670.21,405.16,179.26,58.912
671.12,403.34,179.26,58.912
672.94,401.53,179.26,58.912
675.66,400.62,179.26,58.912
677.48,397.89,179.26,58.912
679.29,396.99,179.26,58.912
680.2,396.99,179.26,58.912
676.67,397.62,175.44,57.656
678.44,396.73,175.44,57.656
674,395.84,175.44,57.656
670.45,394.95,175.44,57.656
669.56,394.95,175.44,57.656
664.23,394.06,175.44,57.656
660.68,393.17,175.44,57.656
652.68,390.51,175.44,57.656
648.24,389.62,175.44,57.656
650.02,388.73,175.44,57.656
642.91,387.84,175.44,57.656
635.81,386.07,175.44,57.656
628.7,384.29,175.44,57.656
617.25,384.02,171.7,56.426
617.25,383.15,171.7,56.426
607.79,382.88,168.04,55.223
597.66,381.77,164.45,54.045
587.69,380.94,164.45,54.045
577.71,379.28,164.45,54.045
576.14,379.02,160.95,52.893
567.28,380.4,157.51,51.765
556.99,379.35,154.15,50.661
548.4,377.79,154.15,50.661
539.82,377.01,154.15,50.661
536.78,377.55,150.87,49.581
530,378.08,147.65,48.523
524.77,376.59,147.65,48.523
520.37,376.36,144.5,47.489
521.1,375.63,144.5,47.489
521.1,375.63,144.5,47.489
519.63,374.89,144.5,47.489
516.79,373.94,141.42,46.476
518.22,373.22,141.42,46.476
519.65,372.51,141.42,46.476
520.36,371.79,141.42,46.476
522.59,372.29,138.4,45.485
524.69,372.29,138.4,45.485
527.49,371.59,138.4,45.485
530.29,371.59,138.4,45.485
531.69,371.59,138.4,45.485
535.89,371.59,138.4,45.485
540.09,372.29,138.4,45.485
544.29,372.29,138.4,45.485
547.79,372.99,138.4,45.485
548.49,372.99,138.4,45.485
551.99,373.69,138.4,45.485
558.99,375.79,138.4,45.485
568.79,376.49,138.4,45.485
579.29,379.99,138.4,45.485
581.46,381.17,135.45,44.515
592.44,382.54,135.45,44.515
604.87,385.76,132.56,43.565
617.61,387.11,132.56,43.565
630.35,391.13,132.56,43.565
632.36,391.8,132.56,43.565
644.43,393.14,132.56,43.565
658.52,396.49,132.56,43.565
671.93,399.85,132.56,43.565
684,401.19,132.56,43.565
685.34,401.86,132.56,43.565
695.47,405.01,129.74,42.636
706.71,408.74,126.97,41.727
715.78,409.83,124.26,40.837
722.7,409.83,124.26,40.837
724.03,410.9,121.61,39.966
727.79,411.32,119.02,39.114
728.99,410.72,119.02,39.114
730.26,411.14,116.48,38.28
730.32,411.55,114,37.464
730.96,413.1,111.57,36.665
724.81,413.49,109.19,35.883
719.28,415.7,109.19,35.883
712.64,416.81,109.19,35.883
704.35,419.57,109.19,35.883
704.96,418.3,106.86,35.118
696.3,422.08,106.86,35.118
687.64,424.79,106.86,35.118
677.9,428.58,106.86,35.118
669.78,428.04,106.86,35.118
669.24,428.58,106.86,35.118
660.58,433.45,106.86,35.118
652.47,432.91,106.86,35.118
644.35,437.24,106.86,35.118
636.23,436.7,106.86,35.118
635.69,436.15,106.86,35.118
630.34,441.4,104.58,34.369
628.22,440.87,104.58,34.369
622.39,439.81,104.58,34.369
617.69,444.41,102.35,33.636
618.2,442.86,102.35,33.636
610.44,442.34,102.35,33.636
602.67,442.34,102.35,33.636
593.87,443.9,102.35,33.636
580.47,445.81,100.17,32.919
580.98,444.28,100.17,32.919
568.28,446.82,100.17,32.919
553.56,446.32,100.17,32.919
539.34,449.36,100.17,32.919
520.04,449.36,100.17,32.919
518.01,449.87,100.17,32.919
500.74,449.87,100.17,32.919
481.44,450.89,100.17,32.919
461.64,451.39,100.17,32.919
442.85,451.9,100.17,32.919
441.83,451.9,100.17,32.919
424.06,450.89,100.17,32.919
405.27,453.43,100.17,32.919
389.43,452.55,102.38,33.647
374.42,457.21,102.38,33.647
372.77,454.25,104.65,34.391
359.96,453.87,106.96,35.152
349.58,455.11,109.33,35.93
340.08,454.16,111.75,36.725
331.61,454.16,111.75,36.725
331.61,454.16,111.75,36.725
326.52,453.59,111.75,36.725
324.16,451.49,114.22,37.537
323.47,449.34,116.75,38.368
324.65,447.57,116.75,38.368
325.24,447.57,116.75,38.368
326.9,444.78,119.33,39.217
333.43,443.14,121.97,40.085
339.5,442.7,124.67,40.971
348.85,444.14,127.43,41.878
348.09,444.32,130.25,42.804
357.19,443.85,133.13,43.751
370.68,446.55,133.13,43.751
383.49,446.55,133.13,43.751
398.33,446.55,133.13,43.751
400.35,446.55,133.13,43.751
415.19,446.55,133.13,43.751
434.75,446.55,133.13,43.751
455.66,447.22,133.13,43.751
478.6,447.89,133.13,43.751
480.62,447.89,133.13,43.751
504.23,449.24,133.13,43.751
528.51,450.59,133.13,43.751
554.14,454.64,133.13,43.751
579.84,455.78,130.29,42.818
580.5,455.78,130.29,42.818
604.29,458.87,127.51,41.905
626.3,454.8,124.79,41.012
647.83,451.45,122.13,40.137
649.13,450.65,119.53,39.281
666.77,447.43,116.98,38.444
680.45,444.29,114.48,37.624
693.28,441.21,112.04,36.821
705.24,435.36,109.65,36.036
706.96,434.64,107.31,35.268
711.31,431.92,107.31,35.268
716.2,429.75,107.31,35.268
716.74,434.1,107.31,35.268
715.65,431.38,107.31,35.268
716.2,435.18,107.31,35.268
714.57,439.53,107.31,35.268
705.88,437.35,107.31,35.268
698.82,440.61,107.31,35.268
681.98,439.53,107.31,35.268
680.35,441.16,107.31,35.268
678.23,448.05,105.03,34.516
655.39,452.83,105.03,34.516
639.98,444.33,105.03,34.516
618.25,448.95,102.79,33.779
615.7,447.75,100.59,33.059
597.86,447.24,100.59,33.059
573.9,447.24,100.59,33.059
552.4,446.88,102.82,33.791
523.3,447.91,102.82,33.791
521.74,448.43,102.82,33.791
504.07,452.59,102.82,33.791
482.67,451.7,105.09,34.538
463.01,452.76,105.09,34.538
444.84,450.78,107.42,35.302
442.03,449.85,109.8,36.083
425.93,451.52,109.8,36.083
408.73,450.96,109.8,36.083
392.08,450.96,109.8,36.083
374.78,450.01,112.23,36.882
373.07,450.01,112.23,36.882
358.86,450.01,112.23,36.882
346.91,449.44,112.23,36.882
339.52,448.3,112.23,36.882
333.27,447.73,112.23,36.882
332.59,447.32,114.71,37.698
328.53,447.32,114.71,37.698
326.79,447.32,114.71,37.698
326.79,446.16,114.71,37.698
329.69,444.42,114.71,37.698
330.27,444.42,114.71,37.698
332.01,442.1,114.71,37.698
338.98,442.1,114.71,37.698
345.94,439.78,114.71,37.698
354.65,438.62,114.71,37.698
355.23,438.62,114.71,37.698
362.77,437.46,114.71,37.698
374.38,436.88,114.71,37.698
385.88,434.14,117.25,38.532
400.03,432.52,119.84,39.384
401.74,431.48,122.49,40.256
416.49,429.18,125.2,41.146
432.21,427.46,127.97,42.057
453.56,428.1,127.97,42.057
475.56,429.4,127.97,42.057
477.5,430.04,127.97,42.057
502.09,430.69,127.97,42.057
526.68,431.34,127.97,42.057
556.44,435.22,127.97,42.057
588.86,438.9,125.24,41.16
590.76,438.9,125.24,41.16
618,440.17,125.24,41.16
644.48,440.35,128.01,42.071
677.55,444.03,125.28,41.173
702.95,444.47,122.61,40.295
704.81,444.47,122.61,40.295
728.98,445.71,122.61,40.295
756.31,449.86,120,39.436
784.27,447.43,120,39.436
811.62,444.39,120,39.436
812.29,448.46,117.44,38.595
840.22,446.67,117.44,38.595
869.92,449.64,117.44,38.595
898.44,447.86,117.44,38.595
927.02,451.84,114.93,37.772
929.93,451.26,114.93,37.772
939.83,446.01,114.93,37.772
958.47,447.76,114.93,37.772
967.79,446.6,114.93,37.772
975.36,443.68,114.93,37.772
974.77,443.1,114.93,37.772
982.34,442.52,114.93,37.772
992.31,442.34,112.48,36.966
994.58,439.5,112.48,36.966
993.44,439.5,112.48,36.966
993.44,439.5,112.48,36.966
991.8,438.19,110.08,36.178
985.67,442.64,110.08,36.178
982.33,441.53,110.08,36.178
977.32,440.97,110.08,36.178
972.87,440.41,110.08,36.178
950.03,440.97,110.08,36.178
923.3,443.2,110.08,36.178
894.9,443.75,110.08,36.178
871.52,446.54,110.08,36.178
866.5,447.65,110.08,36.178
844.29,451.38,107.74,35.407
825.21,450.83,107.74,35.407
800.2,457.75,105.44,34.652
777.8,456.15,105.44,34.652
776.2,455.62,105.44,34.652
754.92,460.79,103.19,33.913
739.79,457.66,103.19,33.913
723.63,457.66,103.19,33.913
709.54,457.14,103.19,33.913
706.84,456.24,105.47,34.663
692.87,454.26,107.81,35.43
674.78,453.32,110.19,36.214
654.73,454.43,110.19,36.214
634.19,454.82,107.84,35.441
634.19,455.37,107.84,35.441
618.93,457.55,107.84,35.441
609.66,457,107.84,35.441
602.03,456.46,107.84,35.441
597.12,456.46,107.84,35.441
597.73,457.38,105.54,34.686
594.53,456.85,105.54,34.686
592.93,455.78,105.54,34.686
592.93,454.18,105.54,34.686
593.46,452.58,105.54,34.686
593.99,451.51,105.54,34.686
597.19,450.45,105.54,34.686
607.39,449.75,103.29,33.946
624.66,447.65,103.29,33.946
644.56,446.61,103.29,33.946
647.6,445.18,105.58,34.697
672.76,444.11,105.58,34.697
705.47,444.48,103.33,33.957
734.26,443.44,103.33,33.957
766.25,449.03,101.12,33.233
767.84,447.34,98.967,32.524
800.4,452.19,96.856,31.831
829.32,448.76,96.856,31.831
851.78,440.07,98.999,32.535
873.36,437.06,98.999,32.535
875.87,441.58,98.999,32.535
882.81,435.19,101.19,33.255
897.65,438.78,101.19,33.255
908.96,437.08,99.032,32.546
919.41,433.21,101.22,33.266
920.95,433.72,101.22,33.266
929.14,432.19,101.22,33.266
938.35,431.67,101.22,33.266
950.12,427.07,101.22,33.266
958.82,424.51,101.22,33.266
960.87,424.51,101.22,33.266
967.52,426.56,101.22,33.266
971.61,428.09,101.22,33.266
971.61,427.58,101.22,33.266
966.5,425.53,101.22,33.266
964.96,425.02,101.22,33.266
954.12,422.1,103.46,34.002
945.12,425.38,105.75,34.754
936.46,423.39,108.09,35.523
920.59,422.85,108.09,35.523
914.03,422.3,108.09,35.523
890.5,417.38,108.09,35.523
863.05,413.15,110.48,36.309
828.3,407.16,112.93,37.112
802.51,402.76,115.43,37.933
797.73,400,117.98,38.773
777.29,397.78,120.59,39.63
752.9,396.56,120.59,39.63
735.89,401.25,118.02,38.785
717.35,398.86,118.02,38.785
711.86,396.04,120.63,39.643
699.66,400.92,120.63,39.643
684.91,399.87,123.3,40.521
669.83,400.67,126.03,41.417
647.4,404.67,128.81,42.333
643.5,404.67,128.81,42.333
625.15,402.9,131.66,43.27
605.81,394.23,131.66,43.27
587.81,396.23,131.66,43.27
580.36,387.09,134.58,44.227
579,387.09,134.58,44.227
572.75,382.51,137.56,45.206
572.05,370.68,137.56,45.206
566.48,371.38,137.56,45.206
558,368.09,140.6,46.206
553.6,366.87,143.71,47.228
542.68,367.6,143.71,47.228
536.14,368.33,143.71,47.228
532.5,368.33,143.71,47.228
544.87,369.05,143.71,47.228
541.96,369.78,143.71,47.228
548.5,370.51,143.71,47.228
552.87,371.23,143.71,47.228
555.78,372.69,143.71,47.228
556.51,374.14,143.71,47.228
551.49,374.65,140.64,46.221
556.55,376.56,137.65,45.236
563.51,377.96,137.65,45.236
568.46,379.83,134.71,44.271
578.01,381.2,134.71,44.271
579.38,382.56,134.71,44.271
590.98,384.61,134.71,44.271
607.91,386.85,137.69,45.25
623.22,384.76,137.69,45.25
638.41,385.65,140.74,46.252
640.41,385.14,143.85,47.275
655.55,383.89,147.03,48.321
665.84,382.61,150.29,49.39
676.49,384.89,150.29,49.39
686.38,385.65,150.29,49.39
687.15,385.65,150.29,49.39
694.83,390.74,147.08,48.337
706.83,390.51,143.94,47.306
713.47,393.94,140.88,46.297
727.11,395.86,137.87,45.31
729.28,396.34,134.93,44.344
736.86,397.5,132.05,43.398
741.61,400.63,129.24,42.472
743.57,400.63,129.24,42.472
745.54,399.32,129.24,42.472
746.19,398.67,129.24,42.472
747.5,403.91,129.24,42.472
744.76,405.4,132.1,43.412
736.62,404.92,135.02,44.373
722.93,404.92,135.02,44.373
721.56,404.92,135.02,44.373
713.35,396.71,135.02,44.373
705.82,399.45,135.02,44.373
691.45,399.45,135.02,44.373
680.5,400.13,135.02,44.373
678.45,400.82,135.02,44.373
671.68,398.55,132.14,43.426
655.7,396.34,129.32,42.5
645.88,396.34,129.32,42.5
636.78,390.24,126.56,41.594
636.2,390.05,123.87,40.707
627.49,389.85,121.22,39.839
618.35,388.44,118.64,38.989
609.41,387.65,116.11,38.158
600.06,387.47,113.63,37.344
600.12,387.87,111.21,36.548
592.24,387.31,111.21,36.548
586.05,385.62,111.21,36.548
582.18,385.45,108.84,35.768
581.07,382.69,108.84,35.768
581.62,382.14,108.84,35.768
581.62,381.59,108.84,35.768
584.44,379.77,106.52,35.006
587.19,379.6,104.25,34.259
594.63,378.91,102.02,33.528
594.63,378.39,102.02,33.528
596.75,376.69,99.847,32.813
597.76,373.65,99.847,32.813
613.95,374.16,99.847,32.813
615.47,374.16,99.847,32.813
602.73,367.22,102.06,33.539
598.14,365.52,99.879,32.824
599.16,362.99,99.879,32.824
595.11,360.96,99.879,32.824
592.58,360.96,99.879,32.824
590.05,364,99.879,32.824
585.4,363.63,102.09,33.55
573.5,363.12,102.09,33.55
556.93,369.85,102.09,33.55
553.31,369.33,102.09,33.55
538.3,374.51,102.09,33.55
524.32,373.99,102.09,33.55
515,377.09,102.09,33.55
510.25,377.76,104.35,34.293
510.84,377.07,102.12,33.561
496.34,376.03,102.12,33.561
490.65,374.48,102.12,33.561
480.87,373.28,99.945,32.846
469.23,372.27,99.945,32.846
465.69,372.27,99.945,32.846
461.64,374.3,99.945,32.846
459.67,380.72,97.814,32.145
454.73,385.66,97.814,32.145
448.36,389.46,95.728,31.46
448.42,388.34,93.686,30.789
441.77,387.39,93.686,30.789
439.87,385.5,93.686,30.789
438.5,385.35,91.688,30.132
438.04,383.49,91.688,30.132
438.55,382.42,89.733,29.49
438.6,381.37,87.819,28.861
441.76,384.79,85.947,28.245
447.9,382.92,84.114,27.643
454.75,385.34,82.32,27.054
455.63,383.13,80.565,26.477
462.2,387.09,78.847,25.912
465,383.09,78.847,25.912
469.04,384.56,77.165,25.359
472.2,385.22,75.52,24.819
474.16,386.25,73.909,24.289
477.19,387.26,72.333,23.771
481.59,387.63,72.333,23.771
486.03,382.75,70.79,23.264
489.62,382.75,70.79,23.264
489.62,382.75,70.79,23.264
492.49,378.8,70.79,23.264
497.87,379.16,70.79,23.264
502.11,375.31,72.357,23.779
506.14,372.75,72.357,23.779
506.14,375.31,72.357,23.779
510.18,373.85,72.357,23.779
511.28,372.38,72.357,23.779
513.48,370.18,72.357,23.779
515.31,369.08,72.357,23.779
515.68,370.55,72.357,23.779
516.04,368.71,72.357,23.779
514.14,368.08,73.958,24.305
511.94,366.84,72.38,23.787
512.3,366.11,72.38,23.787
512.67,365.38,72.38,23.787
512.3,365.38,72.38,23.787
512.3,365.38,72.38,23.787
509,364.64,72.38,23.787
510.47,364.28,72.38,23.787
511.24,364.53,70.837,23.28
509.81,363.81,70.837,23.28
509.45,363.45,70.837,23.28
509.09,363.1,70.837,23.28
510.16,367.4,70.837,23.28
510.16,366.32,70.837,23.28
509.09,369.91,70.837,23.28
507.59,373.6,72.404,23.795
505.75,377.64,72.404,23.795
503.85,382.14,74.006,24.321
502.28,381.87,75.643,24.859
498.84,387.22,75.643,24.859
496.93,392.19,75.643,24.859
493.11,396.4,75.643,24.859
489.98,399.57,77.317,25.409
489.19,398.78,77.317,25.409
485.66,399.57,77.317,25.409
482.92,398.39,77.317,25.409
481.28,400.85,79.028,25.972
480.08,400.85,79.028,25.972
480.08,400.85,79.028,25.972
480.08,402.85,79.028,25.972
480.88,402.85,79.028,25.972
480.88,406.05,79.028,25.972
482.4,405.77,80.776,26.546
483.22,406.17,80.776,26.546
483.96,409.96,82.563,27.133
488.13,409.96,82.563,27.133
494.82,409.12,82.563,27.133
501.92,404.11,82.563,27.133
502.75,404.11,82.563,27.133
509.77,396.29,84.39,27.734
520.89,393.3,84.39,27.734
532.43,386.89,84.39,27.734
546.96,388.17,84.39,27.734
548.24,387.74,84.39,27.734
563.63,389.88,84.39,27.734
579.37,389.58,86.257,28.347
595.55,392.64,86.257,28.347
609.98,394.39,86.257,28.347
611.29,394.39,86.257,28.347
625.33,394.69,84.418,27.743
632.17,394.69,84.418,27.743
639,394.69,84.418,27.743
641.61,397.12,82.617,27.151
642.45,396.7,82.617,27.151
645.84,396.99,80.856,26.572
647.48,399.45,80.856,26.572
649.98,398.91,79.131,26.006
651.22,399.19,77.444,25.451
651.61,398.8,77.444,25.451
653.97,397.62,77.444,25.451
653.97,396.05,77.444,25.451
655.93,394.49,77.444,25.451
659.11,398.68,75.792,24.908
659.15,397.41,74.176,24.377
658.32,394.52,75.817,24.916
656.33,397.32,77.495,25.468
650.06,400.84,77.495,25.468
642.14,402.13,79.209,26.031
640.07,400.64,80.962,26.607
627.7,403.22,82.753,27.196
615.11,406.16,82.753,27.196
598.32,409.51,82.753,27.196
584.48,409.93,82.753,27.196
583.22,410.35,82.753,27.196
563.92,411.19,82.753,27.196
538.74,411.61,82.753,27.196
512.65,410.47,84.584,27.798
486.15,409.61,84.584,27.798
484.01,408.76,84.584,27.798
463.06,407.91,84.584,27.798
443.4,410.9,84.584,27.798
425.45,410.04,84.584,27.798
413.91,410.04,84.584,27.798
413.48,410.47,84.584,27.798
401.08,410.9,84.584,27.798
390.74,411.02,86.455,28.413
379.37,413.2,86.455,28.413
371.5,412.77,86.455,28.413
371.07,413.64,86.455,28.413
366.69,413.2,86.455,28.413
368.44,414.08,86.455,28.413
370.63,414.08,86.455,28.413
375,414.52,86.455,28.413
375.44,414.52,86.455,28.413
379.42,418.75,84.612,27.807
385.83,417.04,84.612,27.807
389.25,416.19,84.612,27.807
391.31,414.6,86.484,28.422
391.66,412.54,88.397,29.051
391.22,416.56,88.397,29.051
388.9,414,90.353,29.693
385.7,419.03,90.353,29.693
386.53,416.41,92.352,30.35
385.97,414.21,94.395,31.022
384.93,418.18,96.484,31.708
384.35,416.85,98.618,32.41
384.26,415.49,100.8,33.127
385.28,414.98,100.8,33.127
385.79,414.47,100.8,33.127
387.32,413.96,100.8,33.127
388.85,413.45,100.8,33.127
392.42,410.9,100.8,33.127
397,408.86,100.8,33.127
397.51,407.84,100.8,33.127
403.63,403.76,100.8,33.127
410.77,400.71,100.8,33.127
419.94,393.57,100.8,33.127
433.71,390,100.8,33.127
435.24,389.49,100.8,33.127
445.44,386.43,100.8,33.127
457.67,383.88,100.8,33.127
468.89,380.82,100.8,33.127
482.14,378.27,100.8,33.127
483.16,377.76,100.8,33.127
494.38,375.21,100.8,33.127
508.65,373.69,100.8,33.127
521.4,371.14,100.8,33.127
537.71,371.14,100.8,33.127
538.73,371.14,100.8,33.127
553.51,372.67,100.8,33.127
568.3,372.67,100.8,33.127
578.49,372.67,100.8,33.127
592.77,372.67,100.8,33.127
592.77,372.67,100.8,33.127
600.42,372.67,100.8,33.127
608.57,376.23,100.8,33.127
616.73,374.71,100.8,33.127
625.45,374.04,98.651,32.42
626.95,373.04,98.651,32.42
628.45,372.54,98.651,32.42
632.95,371.04,98.651,32.42
635.45,369.04,98.651,32.42
642.5,366.88,96.547,31.729
643.04,366.25,94.488,31.052
645.49,363.23,92.473,30.39
644.93,357.74,94.519,31.063
626.27,353.91,94.519,31.063
617.18,353.91,94.519,31.063
614.31,352.95,94.519,31.063
599.96,351.52,94.519,31.063
579.92,348.98,92.503,30.4
567.73,348.04,92.503,30.4
556.95,348.51,92.503,30.4
555.55,348.98,92.503,30.4
548.52,348.51,92.503,30.4
542.9,347.57,92.503,30.4
537.74,347.1,92.503,30.4
533.52,346.64,92.503,30.4
533.1,346.96,90.531,29.752
526.27,348.19,88.6,29.117
520.43,349.09,88.6,29.117
508.35,350.3,86.711,28.496
496.98,357.19,84.862,27.889
496.98,356.76,84.862,27.889
488.87,358.78,83.052,27.294
501.04,363.39,83.052,27.294
482.07,366.45,84.889,27.898
461.81,369.15,86.768,28.515
457.86,368.71,86.768,28.515
443.72,371.47,88.687,29.146
430.7,374.61,88.687,29.146
410.05,377.3,88.687,29.146
395.15,380.12,90.65,29.791
393.31,381.96,90.65,29.791
382.67,383.92,92.655,30.45
383.14,384.86,92.655,30.45
381.74,379.24,92.655,30.45
377.99,375.49,92.655,30.45
377.99,375.49,92.655,30.45
377.52,378.3,92.655,30.45
368.06,384.06,94.705,31.124
360.4,384.06,94.705,31.124
354.18,386.93,94.705,31.124
352.27,385.49,94.705,31.124
347.01,385.97,94.705,31.124
341.74,390.28,94.705,31.124
336.48,387.4,94.705,31.124
332.65,390.75,94.705,31.124
332.17,389.32,94.705,31.124
330.74,394.1,94.705,31.124
325.48,392.67,94.705,31.124
324.52,391.71,94.705,31.124
325,396.02,94.705,31.124
324.04,396.02,94.705,31.124
324.52,397.45,94.705,31.124
325.53,396.83,92.686,30.46
328.34,397.3,92.686,30.46
327.87,397.76,92.686,30.46
328.39,398.09,90.709,29.81
330.28,398.41,88.775,29.175
332.57,398.27,86.881,28.553
335.69,397.26,85.029,27.944
336.17,396.69,83.215,27.348
337.86,397.54,83.215,27.348
345.37,398.08,85.057,27.953
358.74,397.65,85.057,27.953
370,397.08,83.243,27.357
371.26,396.66,83.243,27.357
380.54,395.4,83.243,27.357
386.86,392.87,83.243,27.357
395.29,391.18,83.243,27.357
395.72,385.7,83.243,27.357
395.22,385.4,85.084,27.962
402.98,388.42,85.084,27.962
410.75,386.69,85.084,27.962
417.22,386.26,85.084,27.962
425.46,386.13,83.27,27.366
427.61,386.84,81.494,26.782
423.41,382.84,83.297,27.375
435.98,379.58,85.14,27.98
458.89,372.55,83.325,27.384
469.05,370.31,81.548,26.8
471.57,370.19,79.809,26.228
479.65,375.03,79.809,26.228
479.24,373.01,79.809,26.228
491.77,376.65,79.809,26.228
493.38,378.67,79.809,26.228
493.83,378.95,78.107,25.669
493.43,379.34,78.107,25.669
493.47,379.22,76.441,25.121
488.84,377.29,76.441,25.121
479.57,372.27,76.441,25.121
478.02,372.27,76.441,25.121
459.87,371.5,76.441,25.121
447.89,371.88,76.441,25.121
441.25,375.47,78.132,25.677
443.23,381.41,78.132,25.677
443.56,381.12,79.861,26.245
451.23,387.59,79.861,26.245
456.08,388.39,79.861,26.245
460.12,391.63,79.861,26.245
462.54,391.22,79.861,26.245
463.35,390.82,79.861,26.245
463.35,389.61,79.861,26.245
463.75,381.53,79.861,26.245
461.73,374.66,79.861,26.245
463.35,371.43,79.861,26.245
463.35,371.43,79.861,26.245
460.12,368.2,79.861,26.245
458.91,370.22,79.861,26.245
453.25,371.03,79.861,26.245
454.06,377.49,79.861,26.245
454.87,378.3,79.861,26.245
452.44,382.34,79.861,26.245
455.68,385.57,79.861,26.245
457.29,385.57,79.861,26.245
460.52,385.57,79.861,26.245
461.73,385.16,79.861,26.245
462.95,381.93,79.861,26.245
469.41,382.34,79.861,26.245
472.16,381.64,81.628,26.826
477.13,382.88,81.628,26.826
477.95,383.71,81.628,26.826
483.33,383.71,81.628,26.826
490.78,386.61,81.628,26.826
497.81,387.02,81.628,26.826
506.09,389.92,81.628,26.826
507.33,389.92,81.628,26.826
517.26,387.02,81.628,26.826
530.91,383.3,81.628,26.826
543.74,377.5,81.628,26.826
561.94,373.78,81.628,26.826
563.18,373.78,81.628,26.826
584.28,369.64,81.628,26.826
611.51,364.38,83.434,27.42
638.91,363.96,83.434,27.42
666.31,361.01,83.434,27.42
668.89,361.72,81.655,26.835
689.99,367.52,81.655,26.835
714.81,366.69,81.655,26.835
730.12,371.24,81.655,26.835
742.95,370,81.655,26.835
743.77,370.41,81.655,26.835
749.98,368.76,81.655,26.835
754.53,365.86,81.655,26.835
755.36,364.62,81.655,26.835
752.05,364.62,81.655,26.835
752.46,364.62,81.655,26.835
749.15,365.86,81.655,26.835
739.22,369.58,81.655,26.835
727.64,374.14,81.655,26.835
710.26,377.45,81.655,26.835
707.37,377.45,81.655,26.835
691.23,378.27,81.655,26.835
673.03,379.51,81.655,26.835
655.24,380.34,81.655,26.835
638.69,381.17,81.655,26.835
637.9,381.87,79.913,26.263
620.13,381.87,79.913,26.263
602.36,381.46,79.913,26.263
589.84,381.87,79.913,26.263
578.93,381.87,79.913,26.263
578.93,381.87,79.913,26.263
572.87,381.46,79.913,26.263
568.43,381.06,79.913,26.263
566.01,379.04,79.913,26.263
564.79,376.62,79.913,26.263
564.39,376.21,79.913,26.263
562.77,375,79.913,26.263
561.56,373.39,79.913,26.263
557.93,372.17,79.913,26.263
557.52,371.37,79.913,26.263
556.72,370.96,79.913,26.263
555.5,368.54,79.913,26.263
553.48,367.73,79.913,26.263
549.45,367.33,79.913,26.263
546.62,368.14,79.913,26.263
546.62,368.14,79.913,26.263
543.83,370.03,78.209,25.703
540.27,371.62,78.209,25.703
534.77,371.89,76.541,25.154
527,371.89,76.541,25.154
526.61,371.89,76.541,25.154
521.57,372.28,76.541,25.154
515.74,373.05,76.541,25.154
512.64,372.28,76.541,25.154
509.14,370.72,76.541,25.154
509.53,370.72,76.541,25.154
510.31,366.84,76.541,25.154
509.53,366.07,76.541,25.154
511.47,362.57,76.541,25.154
513.03,359.08,76.541,25.154
513.41,358.69,76.541,25.154
515.74,355.2,76.541,25.154
517.3,348.98,76.541,25.154
518.46,345.88,76.541,25.154
518.85,346.65,76.541,25.154
519.63,346.65,76.541,25.154
521.18,352.09,76.541,25.154
525.45,352.48,76.541,25.154
528.55,353.25,76.541,25.154
533.21,353.64,76.541,25.154
534.38,354.03,76.541,25.154
538.19,354.14,78.235,25.711
544.53,355.72,78.235,25.711
550.79,356.63,79.966,26.28
557.25,357.03,79.966,26.28
557.25,357.03,79.966,26.28
563.72,355.82,79.966,26.28
571.8,356.63,79.966,26.28
579.07,356.63,79.966,26.28
587.14,357.03,79.966,26.28
588.36,356.22,79.966,26.28
596.43,357.03,79.966,26.28
606.94,357.84,79.966,26.28
616.63,359.86,79.966,26.28
626.32,360.26,79.966,26.28
627.13,360.67,79.966,26.28
638.85,361.88,79.966,26.28
652.18,364.71,79.966,26.28
663.49,364.71,79.966,26.28
675.2,364.71,79.966,26.28
675.6,364.71,79.966,26.28
682.87,363.09,79.966,26.28
688.53,359.46,79.966,26.28
689.34,357.03,79.966,26.28
689.74,355.42,79.966,26.28
690.14,355.01,79.966,26.28
690.14,355.82,79.966,26.28
689.34,361.48,79.966,26.28
686.51,361.48,79.966,26.28
679.64,361.88,79.966,26.28
678.83,361.48,79.966,26.28
675.2,361.07,79.966,26.28
670.8,356.91,78.261,25.719
671.2,355.32,78.261,25.719
671.2,353.74,78.261,25.719
670.01,353.34,78.261,25.719
670.41,352.16,78.261,25.719
671.59,352.16,78.261,25.719
673.97,351.36,78.261,25.719
678.33,351.76,78.261,25.719
679.51,352.16,78.261,25.719
677.53,351.36,78.261,25.719
675.48,349.49,79.992,26.288
669.83,349.9,79.992,26.288
667.81,349.49,79.992,26.288
668.21,349.49,79.992,26.288
662.96,353.94,79.992,26.288
662.15,353.13,79.992,26.288
660.94,353.13,79.992,26.288
662.88,352.84,81.762,26.87
662.05,353.25,81.762,26.87
659.57,350.77,81.762,26.87
657.92,349.53,81.762,26.87
647.16,343.74,81.762,26.87
639.3,340.43,81.762,26.87
636.4,340.43,81.762,26.87
630.53,331.86,83.571,27.465
629.26,326.77,83.571,27.465
627.15,323.39,83.571,27.465
625.03,323.39,83.571,27.465
624.6,323.39,83.571,27.465
617.83,330.16,83.571,27.465
613.17,334.4,83.571,27.465
601.73,335.24,83.571,27.465
589.8,337.48,85.42,28.072
582.03,337.05,85.42,28.072
573.41,337.91,85.42,28.072
566.42,338.47,87.31,28.693
558.48,340.67,87.31,28.693
553.1,341.68,89.242,29.328
549.95,342.58,89.242,29.328
547.15,343.61,91.216,29.977
538.45,345.31,89.271,29.338
529.93,348.33,87.367,28.712
520.63,347.44,87.367,28.712
518.41,347,87.367,28.712
512.7,347.75,85.504,28.1
513.13,348.61,85.504,28.1
510.88,354.37,87.396,28.722
498.47,354.81,87.396,28.722
495.74,354.94,89.329,29.357
482.6,355.85,89.329,29.357
462.14,355.52,91.306,30.007
458.43,355.98,91.306,30.007
450.48,355.65,93.326,30.67
449.54,355.65,93.326,30.67
436.69,356.26,95.391,31.349
423.19,356.26,95.391,31.349
407.27,358.19,95.391,31.349
387.01,362.53,95.391,31.349
384.11,362.53,95.391,31.349
373.5,363.97,95.391,31.349
364.73,367,97.501,32.043
355.84,369.47,97.501,32.043
336.57,373.43,97.501,32.043
336.57,373.43,97.501,32.043
328.17,374.91,97.501,32.043
316.8,379.36,97.501,32.043
306.42,381.33,97.501,32.043
305.84,381.47,99.658,32.752
296.67,386.15,101.86,33.476
289.97,388.73,101.86,33.476
285.33,389.76,101.86,33.476
285.84,392.85,101.86,33.476
284.81,392.34,101.86,33.476
286.88,393.89,101.86,33.476
289.97,402.14,101.86,33.476
293.58,406.78,101.86,33.476
296.16,407.81,101.86,33.476
297.19,408.32,101.86,33.476
298.79,408.17,99.691,32.762
298.29,401.11,99.691,32.762
298.29,393.05,99.691,32.762
300.3,385.49,99.691,32.762
301.31,385.49,99.691,32.762
305.85,380.45,99.691,32.762
313.41,380.45,99.691,32.762
322.98,380.45,99.691,32.762
332.05,382.97,99.691,32.762
333.11,384.33,97.565,32.064
339.54,385.32,97.565,32.064
343.49,393.22,97.565,32.064
347.94,402.61,97.565,32.064
349.42,409.53,97.565,32.064
348.93,409.03,97.565,32.064
347.85,409.67,99.724,32.773
342.3,410.67,99.724,32.773
337.17,408.8,101.93,33.498
335.11,407.25,101.93,33.498
334.59,406.74,101.93,33.498
328.92,403.13,101.93,33.498
325.82,401.58,101.93,33.498
324.28,400.55,101.93,33.498
323.24,400.03,101.93,33.498
323.24,399,101.93,33.498
325.31,399.52,101.93,33.498
324.79,398.49,101.93,33.498
327.89,400.03,101.93,33.498
328.97,400.39,99.756,32.784
328.97,400.39,99.756,32.784
332,400.39,99.756,32.784
336.03,401.9,99.756,32.784
337.04,401.9,99.756,32.784
340.56,406.44,99.756,32.784
341.07,405.93,99.756,32.784
341.57,405.43,99.756,32.784
344.09,404.42,99.756,32.784
347.11,404.42,99.756,32.784
350.64,403.41,99.756,32.784
350.64,402.91,99.756,32.784
357.25,402.76,97.629,32.085
363.67,402.26,97.629,32.085
371.58,401.77,97.629,32.085
379.48,403.74,97.629,32.085
379.98,403.25,97.629,32.085
387.39,405.23,97.629,32.085
393.32,403.74,97.629,32.085
399.65,400.42,99.789,32.795
404.71,404.47,99.789,32.795
405.22,402.45,99.789,32.795
411.29,404.98,99.789,32.795
414.32,408.01,99.789,32.795
416.85,404.47,99.789,32.795
417.36,400.93,99.789,32.795
418.42,403.81,97.661,32.095
420.89,401.83,97.661,32.095
421.79,398.02,99.822,32.805
420.68,395.13,102.03,33.531
422.23,391,102.03,33.531
422.75,395.64,102.03,33.531
419.55,390.63,104.29,34.273
417.44,393.79,104.29,34.273
409.96,398.16,106.6,35.031
405.55,395.62,108.95,35.806
404.89,392.47,111.36,36.599
396.34,398.25,113.83,37.408
387.01,395.53,116.35,38.236
376.9,400.4,118.92,39.082
363.55,398.77,121.55,39.947
359.86,403.08,121.55,39.947
349.89,402.02,124.24,40.83
337.82,401.57,126.99,41.734
322.26,407.54,129.8,42.657
308.35,409.69,132.67,43.601
306.21,409.21,135.61,44.566
295.79,412.84,138.61,45.552
284.43,412.33,141.67,46.56
267.92,417.36,141.67,46.56
259.31,418.07,141.67,46.56
259.31,419.51,141.67,46.56
249.98,421.66,141.67,46.56
249.26,425.97,141.67,46.56
246.39,430.27,141.67,46.56
243.52,431.71,141.67,46.56
243.52,432.43,141.67,46.56
241.37,438.17,141.67,46.56
241.37,440.32,141.67,46.56
234.19,448.93,141.67,46.56
234.91,448.93,141.67,46.56
234.91,448.93,141.67,46.56
233.47,448.93,141.67,46.56
227.01,449.65,141.67,46.56
224.14,450.37,141.67,46.56
227.73,451.08,141.67,46.56
229.17,451.8,141.67,46.56
229.17,451.8,141.67,46.56
226.3,454.67,141.67,46.56
230.6,455.39,141.67,46.56
232.04,456.83,141.67,46.56
232.04,457.54,141.67,46.56
234.19,456.83,141.67,46.56
235.63,456.11,141.67,46.56
234.19,455.39,141.67,46.56
231.32,453.96,141.67,46.56
231.32,453.96,141.67,46.56
233.47,452.52,141.67,46.56
233.47,451.8,141.67,46.56
230.6,452.52,141.67,46.56
229.88,453.96,141.67,46.56
229.17,454.67,141.67,46.56
224.86,454.67,141.67,46.56
224.86,455.39,141.67,46.56
221.99,454.67,141.67,46.56
214.1,454.67,141.67,46.56
214.1,454.67,141.67,46.56
212.66,453.96,141.67,46.56
205.48,451.08,141.67,46.56
206.2,446.06,141.67,46.56
201.9,446.06,141.67,46.56
201.18,446.06,141.67,46.56
203.33,444.63,141.67,46.56
203.33,445.34,141.67,46.56
205.48,445.34,141.67,46.56
206.2,448.21,141.67,46.56
206.2,449.65,141.67,46.56
209.79,448.21,141.67,46.56
214.81,449.65,141.67,46.56
216.97,449.65,141.67,46.56
228.45,449.65,141.67,46.56
229.88,449.65,141.67,46.56
236.34,449.65,141.67,46.56
248.54,449.65,141.67,46.56
259.31,449.65,141.67,46.56
272.94,449.65,141.67,46.56
273.66,449.65,141.67,46.56
285.86,448.93,141.67,46.56
300.21,448.21,141.67,46.56
314.57,447.5,141.67,46.56
328.2,443.19,141.67,46.56
329.64,443.19,141.67,46.56
343.99,442.47,141.67,46.56
357.63,438.88,141.67,46.56
372.7,437.45,141.67,46.56
384.76,435.5,144.81,47.59
386.96,434.77,144.81,47.59
395.03,434.77,144.81,47.59
405.3,435.5,144.81,47.59
408.96,432.57,144.81,47.59
410.43,428.9,144.81,47.59
411.16,428.9,144.81,47.59
408.23,428.9,144.81,47.59
415.56,425.97,144.81,47.59
430.23,421.57,144.81,47.59
444.16,421.57,144.81,47.59
445.63,421.57,144.81,47.59
455.9,423.77,144.81,47.59
468.36,423.03,144.81,47.59
472.11,423.54,141.72,46.575
476.49,421.88,138.7,45.582
477.97,421.67,135.74,44.61
483.46,421.67,135.74,44.61
488.26,420.98,135.74,44.61
495.81,420.98,135.74,44.61
498.63,420.77,132.85,43.658
499.98,420.77,132.85,43.658
502.67,420.1,132.85,43.658
505.36,419.43,132.85,43.658
508.72,417.41,132.85,43.658
511.41,415.39,132.85,43.658
513.43,415.39,132.85,43.658
514.77,414.72,132.85,43.658
517.46,414.05,132.85,43.658
520.83,412.7,132.85,43.658
524.86,412.03,132.85,43.658
526.21,412.03,132.85,43.658
526.88,411.36,132.85,43.658
529.57,407.99,132.85,43.658
530.91,405.97,132.85,43.658
533.6,403.96,132.85,43.658
534.95,403.96,132.85,43.658
537.64,403.96,132.85,43.658
540.33,403.28,132.85,43.658
540.33,401.94,132.85,43.658
542.35,401.94,132.85,43.658
543.02,401.94,132.85,43.658
543.02,401.94,132.85,43.658
543.69,401.27,132.85,43.658
543.69,401.27,132.85,43.658
541,400.59,132.85,43.658
541.68,401.27,132.85,43.658
538.31,402.61,132.85,43.658
538.31,401.94,132.85,43.658
532.93,400.59,132.85,43.658
526.21,399.25,132.85,43.658
526.88,398.58,132.85,43.658
520.83,397.9,132.85,43.658
519.48,393.87,132.85,43.658
516.12,392.52,132.85,43.658
512.08,391.18,132.85,43.658
512.76,390.51,132.85,43.658
511.41,389.83,132.85,43.658
510.07,388.49,132.85,43.658
510.74,387.82,132.85,43.658
508.05,386.47,132.85,43.658
508.12,385.59,130.01,42.727
510.16,386.71,127.24,41.816
508.23,385.42,127.24,41.816
509.59,385.22,124.53,40.924
508.4,386.29,121.87,40.052
509.7,386.72,119.27,39.197
511.58,388.34,116.73,38.362
514,389.34,114.24,37.543
513.42,389.34,114.24,37.543
514.58,388.76,114.24,37.543
515.16,388.76,114.24,37.543
516.32,388.76,114.24,37.543
512.27,389.34,114.24,37.543
518.05,389.34,114.24,37.543
519.79,388.76,114.24,37.543
521.52,389.34,114.24,37.543
522.1,388.76,114.24,37.543
522.68,388.76,114.24,37.543
523.84,389.34,114.24,37.543
521.52,396.86,114.24,37.543
520.94,396.86,114.24,37.543
535.4,395.7,114.24,37.543
611.65,369.26,116.77,38.374
617.44,365.29,119.35,39.223
624.69,362.88,119.35,39.223
624.69,362.27,119.35,39.223
628.8,358.22,121.99,40.091
635.48,354.07,124.69,40.978
643.06,354.07,124.69,40.978
646.85,356.59,124.69,40.978
646.1,356.77,127.45,41.885
653.72,357.6,130.27,42.811
661.04,360.03,127.49,41.898
666.84,361.96,127.49,41.898
667.49,360.03,127.49,41.898
670.72,361.96,127.49,41.898
678.46,364.54,127.49,41.898
682.85,366.66,130.31,42.825
686.15,364.69,130.31,42.825
686.02,365.53,133.19,43.773
690.07,366.88,133.19,43.773
694.12,367.55,133.19,43.773
696.81,370.25,133.19,43.773
699.51,372.95,133.19,43.773
701.54,372.95,133.19,43.773
702.89,376.32,133.19,43.773
703.56,379.69,133.19,43.773
705.58,382.39,133.19,43.773
707.61,389.81,133.19,43.773
708.96,389.81,133.19,43.773
710.98,389.81,133.19,43.773
713.68,391.16,133.19,43.773
717.12,392.3,130.35,42.839
718.44,389.67,130.35,42.839
717.66,391.17,133.24,43.787
716.86,387.99,136.19,44.756
717.55,387.99,136.19,44.756
712.79,390.53,133.28,43.802
713.46,391.21,133.28,43.802
712.18,392.35,130.44,42.867
713.51,395.65,130.44,42.867
709.61,398.09,127.66,41.953
709.49,399.57,130.48,42.882
704.08,400.42,133.37,43.83
704.08,401.09,133.37,43.83
703.28,399.93,136.32,44.8
692.93,401.31,136.32,44.8
691.55,403.38,136.32,44.8
697.07,404.76,136.32,44.8
698.32,404.27,139.34,45.791
705.96,409.41,142.42,46.804
712.45,415.9,142.42,46.804
721.11,423.84,142.42,46.804
727.61,432.5,142.42,46.804
728.33,437.55,142.42,46.804
742.04,439.72,142.42,46.804
762.24,444.04,142.42,46.804
778.71,449.3,145.57,47.84
798.61,450.04,145.57,47.84
799.35,450.77,145.57,47.84
817.04,456.67,145.57,47.84
841.37,459.62,145.57,47.84
864.96,469.94,145.57,47.84
888.56,473.63,145.57,47.84
890.03,473.63,145.57,47.84
906.99,479.53,145.57,47.84
922.47,479.53,145.57,47.84
935.82,478.56,142.47,46.82
949.6,476.18,139.43,45.821
951.8,475.96,136.45,44.844
961.53,474.37,133.54,43.888
964.24,471.66,133.54,43.888
965.59,469.63,133.54,43.888
964.24,468.28,133.54,43.888
963.56,466.92,133.54,43.888
959.58,467.39,130.7,42.952
951.65,467.39,130.7,42.952
944.91,466.26,133.59,43.902
933.29,461.71,136.54,44.874
930.53,460.33,136.54,44.874
920.87,456.19,136.54,44.874
910.51,452.05,136.54,44.874
902.23,447.91,136.54,44.874
893.82,446.72,139.56,45.866
893.11,446.72,139.56,45.866
884.64,445.31,139.56,45.866
874.76,443.9,139.56,45.866
862.76,442.49,139.56,45.866
852.17,441.07,139.56,45.866
851.46,440.37,139.56,45.866
840.95,436.62,136.59,44.888
834.03,429.7,136.59,44.888
826.98,422.28,139.61,45.881
823.45,414.52,139.61,45.881
823.45,414.52,139.61,45.881
822.04,407.46,139.61,45.881
822.04,403.22,139.61,45.881
823.45,399.69,139.61,45.881
824.87,398.28,139.61,45.881
825.57,397.58,139.61,45.881
828.39,398.28,139.61,45.881
832.63,397.58,139.61,45.881
836.16,397.58,139.61,45.881
844.71,398.07,136.63,44.903
845.47,398.54,133.72,43.945
854.27,397.87,133.72,43.945
863.13,398.34,130.87,43.008
871.09,397.67,130.87,43.008
872.41,397.01,130.87,43.008
871.82,396.81,128.08,42.091
873.83,391.42,125.35,41.193
875.8,391.85,122.67,40.315
877.73,392.28,120.06,39.455
880.84,392.7,117.5,38.614
880.9,393.12,114.99,37.79
886.14,394.28,114.99,37.79
890.8,396.03,114.99,37.79
894.88,396.61,114.99,37.79
896.04,398.36,114.99,37.79
896.63,398.94,114.99,37.79
898.43,399.93,112.54,36.985
902.48,400.32,110.14,36.196
908.11,400.15,107.79,35.424
914.71,398.35,105.49,34.669
914.71,397.81,105.49,34.669
917.91,396.75,105.49,34.669
918.44,395.68,105.49,34.669
925.91,394.61,105.49,34.669
924.31,394.61,105.49,34.669
924.84,394.61,105.49,34.669
924.84,394.08,105.49,34.669
924.84,394.08,105.49,34.669
924.84,393.01,105.49,34.669
924.84,392.48,105.49,34.669
924.84,391.95,105.49,34.669
924.84,390.88,105.49,34.669
924.31,389.81,105.49,34.669
923.24,389.28,105.49,34.669
923.24,386.08,105.49,34.669
923.24,385.55,105.49,34.669
923.77,385.01,105.49,34.669
925.37,383.95,105.49,34.669
927.94,383.03,107.83,35.436
930.12,383.57,107.83,35.436
930.67,384.12,107.83,35.436
932.3,385.75,107.83,35.436
933.94,389.57,107.83,35.436
935.57,388.48,107.83,35.436
936.66,389.57,107.83,35.436
936.12,390.12,107.83,35.436
939.39,388.48,107.83,35.436
941.02,387.94,107.83,35.436
947.02,386.3,107.83,35.436
952.47,384.66,107.83,35.436
952.47,384.66,107.83,35.436
957.92,383.57,107.83,35.436
963.92,379.21,107.83,35.436
965.55,379.76,107.83,35.436
969.37,377.58,107.83,35.436
969.37,377.03,107.83,35.436
968.28,377.03,107.83,35.436
969.37,375.94,107.83,35.436
969.37,375.94,107.83,35.436
971.55,375.4,107.83,35.436
972.09,375.4,107.83,35.436
974.82,377.03,107.83,35.436
977.06,379.59,105.53,34.68
980.79,379.59,105.53,34.68
980.79,380.66,105.53,34.68
980.32,381.03,103.28,33.94
980.32,382.07,103.28,33.94
977.7,382.07,103.28,33.94
974.56,380.5,103.28,33.94
970.89,380.5,103.28,33.94
969.75,379.61,105.56,34.691
969.75,378.54,105.56,34.691
967.08,378.54,105.56,34.691
960.74,376.24,103.31,33.951
957.08,370.48,103.31,33.951
956.56,371.01,103.31,33.951
954.98,368.91,103.31,33.951
950.27,366.82,103.31,33.951
943.47,366.29,103.31,33.951
940.33,360.01,103.31,33.951
939.8,360.01,103.31,33.951
936.14,359.49,103.31,33.951
928.81,358.97,103.31,33.951
923.57,356.87,103.31,33.951
915.72,355.82,103.31,33.951
915.2,355.3,103.31,33.951
907.34,353.21,103.31,33.951
898.44,352.68,103.31,33.951
888.5,351.64,103.31,33.951
879.07,351.11,103.31,33.951
877.5,351.11,103.31,33.951
868.08,351.11,103.31,33.951
857.08,353.73,103.31,33.951
842.95,353.73,103.31,33.951
827.24,358.97,103.31,33.951
826.72,358.44,103.31,33.951
810.49,362.11,103.31,33.951
791.64,362.63,103.31,33.951
769.66,363.15,103.31,33.951
748.71,364.72,103.31,33.951
747.14,364.2,103.31,33.951
726.73,365.77,103.31,33.951
704.74,366.29,103.31,33.951
681.7,367.87,103.31,33.951
659.24,368.75,101.11,33.227
658.79,369.62,98.95,32.519
637.29,370.12,98.95,32.519
617.29,370.62,98.95,32.519
608.29,371.12,98.95,32.519
602.79,370.62,98.95,32.519
602.79,370.12,98.95,32.519
601.34,375.46,96.84,31.825
595.95,373.5,96.84,31.825
589.58,372.03,96.84,31.825
582.72,371.54,96.84,31.825
578.79,371.54,96.84,31.825
572.82,370.7,98.983,32.53
566.32,369.2,98.983,32.53
558.32,363.2,98.983,32.53
547.82,362.2,98.983,32.53
548.73,361.84,101.17,33.249
540.54,360.3,101.17,33.249
526.72,356.21,101.17,33.249
518.02,356.21,101.17,33.249
502.67,353.14,101.17,33.249
487.83,352.63,101.17,33.249
467.87,350.58,101.17,33.249
449.95,349.05,101.17,33.249
442.79,345.98,101.17,33.249
428.97,345.98,101.17,33.249
424.88,346.49,101.17,33.249
424.88,345.98,101.17,33.249
424.37,345.46,101.17,33.249
428.46,344.95,101.17,33.249
437.73,339.17,99.015,32.54
438.23,340.17,99.015,32.54
446.76,341.68,99.015,32.54
462.38,346.54,96.904,31.846
475.66,353.25,94.837,31.167
472.78,352.77,94.837,31.167
472.78,352.29,94.837,31.167
474.7,355.65,94.837,31.167
481.43,357.09,94.837,31.167
489.6,358.54,94.837,31.167
497.76,362.38,94.837,31.167
499.25,363.19,92.815,30.502
505.37,366.49,92.815,30.502
507.25,369.78,92.815,30.502
509.14,370.72,92.815,30.502
511.96,371.66,92.815,30.502
513.37,371.66,92.815,30.502
515.72,372.13,92.815,30.502
519.02,372.6,92.815,30.502
520.9,372.13,92.815,30.502
521.37,371.66,92.815,30.502
521.84,371.19,92.815,30.502
520.43,371.19,92.815,30.502
519.02,370.72,92.815,30.502
518.08,370.72,92.815,30.502
516.67,370.72,92.815,30.502
516.24,371.05,90.835,29.852
514.41,370.59,90.835,29.852
512.11,370.13,90.835,29.852
509.36,370.13,90.835,29.852
509.82,370.13,90.835,29.852
507.12,371.82,88.898,29.215
503.53,371.82,88.898,29.215
505.82,373.48,87.002,28.592
508.03,373.04,87.002,28.592
508.47,373.04,87.002,28.592
513.76,373.48,87.002,28.592
516.01,374.67,85.147,27.983
515.58,375.1,85.147,27.983
512.56,375.96,85.147,27.983
512.99,376.83,85.147,27.983
510.4,379.41,85.147,27.983
505.27,381.01,83.331,27.386
502.32,383.11,83.331,27.386
500.21,384.8,83.331,27.386
498.53,385.64,83.331,27.386
495.58,386.07,83.331,27.386
495.58,386.07,83.331,27.386
493.89,386.07,83.331,27.386
492.2,386.49,83.331,27.386
492.63,386.91,83.331,27.386
492.2,386.91,83.331,27.386
492.2,386.07,83.331,27.386
492.63,386.07,83.331,27.386
492.63,386.49,83.331,27.386
492.63,386.91,83.331,27.386
490.52,386.91,83.331,27.386
484.62,387.75,83.331,27.386
478.29,388.6,83.331,27.386
469.49,388.89,81.554,26.802
467.83,388.06,81.554,26.802
460.38,384.75,81.554,26.802
449.67,384.62,79.815,26.23
441.19,380.58,79.815,26.23
430.32,386.11,78.113,25.671
431.55,386.39,76.447,25.124
419.58,379.82,76.447,25.124
411.12,378.93,74.817,24.588
398.63,370.6,74.817,24.588
388.42,370.6,74.817,24.588
388.8,370.6,74.817,24.588
382.36,369.85,74.817,24.588
378.96,369.85,74.817,24.588
378.96,373.25,74.817,24.588
378.2,374.77,74.817,24.588
378.2,374.77,74.817,24.588
383.12,375.9,74.817,24.588
386.52,374.39,74.817,24.588
398.63,374.39,74.817,24.588
410.37,370.6,74.817,24.588
411.5,370.98,74.817,24.588
429.29,367.58,74.817,24.588
445.94,364.17,74.817,24.588
464.03,359.74,76.472,25.132
482.96,355.87,76.472,25.132
484.12,356.26,76.472,25.132
500.73,351.62,76.472,25.132
515.72,349.03,78.164,25.688
533.15,345.07,78.164,25.688
549.78,343.48,78.164,25.688
551.76,343.48,78.164,25.688
571.57,340.31,78.164,25.688
593.75,337.15,78.164,25.688
620.68,333.19,78.164,25.688
648.41,331.6,78.164,25.688
651.57,331.6,78.164,25.688
680.09,329.22,78.164,25.688
711.38,327.24,78.164,25.688
742.67,323.68,78.164,25.688
773.61,322.77,76.497,25.14
774.04,323.42,74.866,24.604
798.26,322.66,74.866,24.604
819.07,323.04,74.866,24.604
834.97,322.66,74.866,24.604
846.32,319.64,74.866,24.604
847.07,319.64,74.866,24.604
854.27,314.72,74.866,24.604
865.24,309.42,74.866,24.604
874.32,308.66,74.866,24.604
882.65,307.15,74.866,24.604
883.03,306.39,74.866,24.604
889.46,305.25,74.866,24.604
895.89,301.85,74.866,24.604
901.19,301.47,74.866,24.604
904.97,302.98,74.866,24.604
904.97,302.98,74.866,24.604
907.62,308.66,74.866,24.604
908.69,308.39,76.522,25.148
909.89,312.15,74.891,24.612
911.41,312.53,74.891,24.612
910.65,312.53,74.891,24.612
912.2,314.31,73.294,24.087
915.21,314.93,71.731,23.573
914.48,314.57,71.731,23.573
910.13,314.57,71.731,23.573
909.04,314.57,71.731,23.573
904.33,316.75,71.731,23.573
896.71,317.83,71.731,23.573
891.99,317.47,71.731,23.573
884.38,316.02,71.731,23.573
881.84,315.66,71.731,23.573
878.57,314.21,71.731,23.573
877.12,313.48,71.731,23.573
868.78,312.39,71.731,23.573
862.61,310.94,71.731,23.573
853.54,310.22,71.731,23.573
842.59,309.96,73.318,24.095
832.96,306.99,73.318,24.095
819.25,307.36,73.318,24.095
810.72,307.73,73.318,24.095
808.13,308.1,73.318,24.095
797.75,308.84,73.318,24.095
787,309.96,73.318,24.095
773.29,310.33,73.318,24.095
762.17,312.92,73.318,24.095
759.88,312.65,74.94,24.628
747.77,314.17,74.94,24.628
736.04,319.47,74.94,24.628
722.04,322.12,74.94,24.628
710.69,327.41,74.94,24.628
709.55,327.03,74.94,24.628
709.93,333.47,74.94,24.628
680.03,339.52,74.94,24.628
669.06,344.82,74.94,24.628
658.13,349.63,73.342,24.103
657.75,349.25,73.342,24.103
654.09,354.7,71.778,23.589
648.29,359.42,71.778,23.589
642.48,360.5,71.778,23.589
636.68,363.77,71.778,23.589
634.5,363.77,71.778,23.589
629.42,363.04,71.778,23.589
623.98,363.77,71.778,23.589
623.3,366.2,70.247,23.086
619.04,366.2,70.247,23.086
619.39,366.2,70.247,23.086
615.49,369.04,70.247,23.086
605.59,368.93,68.749,22.594
596.26,367.09,67.283,22.112
588.07,366.06,67.283,22.112
588.11,366.3,65.848,21.64
580.11,361.3,65.848,21.64
575.77,360.96,65.848,21.64
571.81,355.86,64.444,21.179
568.17,352.05,65.87,21.647
567.5,352.05,65.87,21.647
564.87,347.61,64.465,21.186
560.35,341.65,63.09,20.734
556.19,337.5,63.09,20.734
551.72,335.9,63.09,20.734
551.72,335.58,63.09,20.734
548.84,335.9,63.09,20.734
545.33,337.18,63.09,20.734
542.16,338.36,61.745,20.292
539.67,341.79,61.745,20.292
538.73,341.79,61.745,20.292
538.11,344.59,61.745,20.292
538.11,350.21,61.745,20.292
537.49,354.26,61.745,20.292
536.86,354.26,61.745,20.292
536.24,354.26,61.745,20.292
534.99,351.45,61.745,20.292
535.24,344.37,63.111,20.741
534.92,340.85,63.111,20.741
535.24,340.85,63.111,20.741
534.92,331.9,63.111,20.741
536.52,327.75,63.111,20.741
540.07,329.25,61.765,20.298
544.78,330.71,60.448,19.865
549.1,345.3,59.159,19.442
550.03,345.81,57.897,19.027
552.95,345.22,57.897,19.027
554.74,345.13,56.662,18.621
557.03,345.42,56.662,18.621
563.04,345.99,56.662,18.621
564.5,346.48,55.454,18.224
570.14,347.23,54.272,17.836
576.48,347.42,53.114,17.455
583.2,346.08,53.114,17.455
591.26,344.2,53.114,17.455
591.8,344.2,53.114,17.455
601.74,342.59,53.114,17.455
609.79,340.71,53.114,17.455
623.49,339.1,53.114,17.455
632.36,337.75,53.114,17.455
633.7,337.22,53.114,17.455
645.25,333.45,53.114,17.455
654.12,331.84,53.114,17.455
664.81,332.46,54.289,17.842
666.18,333,54.289,17.842
667.01,333,54.289,17.842
668.33,330.89,55.49,18.236
666.03,326.48,56.718,18.64
661.45,322.47,56.718,18.64
659.68,321.98,57.973,19.052
658.8,321.39,57.973,19.052
654.39,321.68,57.973,19.052
650.27,325.21,57.973,19.052
642.62,327.57,57.973,19.052
634.97,330.51,57.973,19.052
634.09,330.21,57.973,19.052
624.09,329.92,57.973,19.052
613.8,332.27,57.973,19.052
602.62,334.04,57.973,19.052
589.97,334.92,57.973,19.052
588.21,335.51,57.973,19.052
581.44,338.45,57.973,19.052
572.62,344.92,57.973,19.052
565.27,346.39,57.973,19.052
557.62,348.15,57.973,19.052
556.44,348.15,57.973,19.052
549.39,348.15,57.973,19.052
532.62,346.39,57.973,19.052
523.45,346.18,59.256,19.474
518.35,345.58,59.256,19.474
517.45,344.98,59.256,19.474
509.05,343.48,59.256,19.474
503.05,343.48,59.256,19.474
498.85,345.28,59.256,19.474
494.35,345.88,59.256,19.474
493.75,345.58,59.256,19.474
491.05,349.18,59.256,19.474
488.95,348.28,59.256,19.474
490.15,347.98,59.256,19.474
494.65,347.98,59.256,19.474
495.25,347.98,59.256,19.474
500.05,347.68,59.256,19.474
506.6,348.66,60.567,19.905
515.47,348.66,60.567,19.905
524.03,353.86,60.567,19.905
524.34,354.48,60.567,19.905
533.21,360.59,60.567,19.905
543.33,364.48,59.275,19.48
552.63,365.08,59.275,19.48
565.23,364.18,59.275,19.48
565.83,363.88,59.275,19.48
580.53,359.98,59.275,19.48
590.73,360.58,59.275,19.48
603.63,360.58,59.275,19.48
615.58,360.06,60.587,19.911
616.44,358.92,61.927,20.352
626.79,358.61,61.927,20.352
640.6,358.92,61.927,20.352
652.52,358.61,61.927,20.352
662.56,358.61,61.927,20.352
663.5,358.61,61.927,20.352
673.22,363.31,61.927,20.352
680.75,354.84,61.927,20.352
686.34,354.62,63.297,20.802
687.56,354.39,64.698,21.262
692.08,353.83,66.129,21.733
697.05,352.91,67.592,22.213
698.35,351.3,69.088,22.705
706.66,350.7,70.616,23.207
706.95,350.09,72.179,23.721
703.67,350.09,72.179,23.721
703.6,349.46,73.776,24.246
700.25,350.21,73.776,24.246
698.38,350.95,73.776,24.246
697.94,350.69,75.408,24.782
696.34,352.71,77.076,25.33
692.76,353.21,78.782,25.891
689.17,357.58,78.782,25.891
679.62,358.78,78.782,25.891
680.02,359.18,78.782,25.891
680.02,361.56,78.782,25.891
678.82,361.17,78.782,25.891
681.93,360.88,80.525,26.464
681.86,361,82.306,27.049
682.27,361.41,82.306,27.049
682.27,361.83,82.306,27.049
676.45,362.24,82.306,27.049
664.32,362.77,84.127,27.647
657.09,363.63,84.127,27.647
654.45,363.74,85.989,28.259
644.44,365.05,85.989,28.259
626.6,365.49,85.989,28.259
607.92,367.96,84.155,27.657
601.12,369.24,84.155,27.657
601.12,369.67,84.155,27.657
595.16,373.07,84.155,27.657
590.48,373.07,84.155,27.657
582.02,372.94,82.36,27.067
574.08,373.36,82.36,27.067
573.25,372.94,82.36,27.067
559.39,373.48,84.183,27.666
541.44,374.02,86.045,28.278
516.24,375.19,84.21,27.675
503.47,378.6,84.21,27.675
500.92,379.02,84.21,27.675
481.77,380.3,84.21,27.675
457.44,381.69,86.073,28.287
433.06,383,86.073,28.287
413.52,383.74,84.238,27.684
409.69,383.74,84.238,27.684
403.31,382.89,84.238,27.684
418.25,383.18,82.441,27.093
411.98,381.93,82.441,27.093
402.72,382.88,84.265,27.693
391.95,382.57,86.13,28.306
382.81,380.4,86.13,28.306
374.54,379.96,86.13,28.306
369.75,378.22,86.13,28.306
368.45,377.79,86.13,28.306
368.5,377.22,84.293,27.702
365.55,374.52,82.495,27.111
362.21,375.77,82.495,27.111
363.04,373.69,82.495,27.111
366.8,372.43,82.495,27.111
366.38,372.85,82.495,27.111
366.38,372.85,82.495,27.111
367.22,372.02,82.495,27.111
368.47,372.02,82.495,27.111
364.64,368.37,84.321,27.711
363.7,368.49,86.186,28.324
363.27,369.37,86.186,28.324
363.27,367.62,86.186,28.324
365.01,367.62,86.186,28.324
365.01,363.71,86.186,28.324
364.14,364.58,86.186,28.324
363.7,365.45,86.186,28.324
360.57,362.09,88.093,28.951
366.36,363.87,88.093,28.951
365.02,362.53,88.093,28.951
364.13,362.98,88.093,28.951
362.8,363.87,88.093,28.951
366.36,363.42,88.093,28.951
367.69,364.31,88.093,28.951
369.48,364.76,88.093,28.951
369.92,364.76,88.093,28.951
371.7,365.65,88.093,28.951
368.63,366.85,86.214,28.333
366.45,365.97,86.214,28.333
374.36,366.71,84.376,27.729
376.55,366.58,82.577,27.138
381.97,367.42,82.577,27.138
384.48,367.42,82.577,27.138
387.4,364.91,82.577,27.138
392.46,366.03,80.816,26.559
398.65,366.73,79.092,25.993
392.65,366.33,79.092,25.993
390.25,366.33,79.092,25.993
390.65,364.73,79.092,25.993
399.85,365.13,79.092,25.993
403.89,364.6,77.406,25.438
410.95,366.17,77.406,25.438
385.39,361.19,79.118,26.001
393.79,363.19,79.118,26.001
402.91,364.1,80.869,26.577
404.14,365.33,80.869,26.577
420.95,365.74,80.869,26.577
438.08,365.85,82.658,27.165
454.79,366.69,82.658,27.165
481.1,364.18,82.658,27.165
483.61,362.93,82.658,27.165
502.4,362.93,82.658,27.165
523.28,364.18,82.658,27.165
543.75,363.35,82.658,27.165
567.97,362.93,82.658,27.165
570.89,362.09,82.658,27.165
589.69,360.84,82.658,27.165
611.82,360.01,82.658,27.165
628.16,361.13,80.895,26.585
646.6,359.49,80.895,26.585
649.88,357.44,80.895,26.585
657.66,357.44,80.895,26.585
669.14,364.41,80.895,26.585
674.47,368.92,80.895,26.585
678.56,368.1,80.895,26.585
680.2,368.1,80.895,26.585
677.74,371.79,80.895,26.585
697.87,368.79,79.17,26.018
701.47,368.39,79.17,26.018
697.47,367.19,79.17,26.018
697.91,367.07,77.482,25.463
695.17,365.89,77.482,25.463
690.07,366.68,77.482,25.463
690.46,367.85,77.482,25.463
695.56,366.28,77.482,25.463
695.49,366.39,79.196,26.027
702.69,364.79,79.196,26.027
708.33,363.87,77.507,25.472
714.65,359.05,75.854,24.929
725.79,362.5,75.854,24.929
726.95,362.89,75.854,24.929
736.55,362.89,75.854,24.929
705.74,363,77.533,25.48
694.02,356.99,75.879,24.937
679.03,356.99,75.879,24.937
675.18,356.23,75.879,24.937
675.61,358.41,74.261,24.405
669.96,364.81,74.261,24.405
673.73,370.46,74.261,24.405
680.13,370.46,74.261,24.405
683.14,370.84,74.261,24.405
676.74,371.21,74.261,24.405
672.97,372.72,74.261,24.405
667.33,374.22,74.261,24.405
661.3,369.33,74.261,24.405
657.91,369.33,74.261,24.405
655.96,370.57,75.904,24.945
657.81,369.91,77.583,25.497
659.77,370.3,77.583,25.497
672.72,368.34,77.583,25.497
675.46,369.12,77.583,25.497
637.81,363.63,77.583,25.497
654.68,362.85,77.583,25.497
669.58,362.46,77.583,25.497
677.42,361.28,77.583,25.497
680.49,361.39,79.3,26.061
682.54,357.65,77.609,25.505
695.52,359.49,75.954,24.961
700.52,359.49,75.954,24.961
702.86,362.83,74.334,24.429
703.24,363.21,74.334,24.429
705.54,362.34,72.749,23.908
709.26,367.38,71.197,23.398
708.9,371.35,71.197,23.398
703.13,372.43,71.197,23.398
703.17,373.04,69.679,22.899
697.21,373.29,68.193,22.411
686.89,373.87,66.739,21.933
691.27,375.56,66.739,21.933
688.91,376.57,66.739,21.933
688.58,377.25,66.739,21.933
685.88,378.93,66.739,21.933
678.06,380.04,68.216,22.418
672.88,380.73,68.216,22.418
667.29,381.17,69.725,22.914
665.88,380.82,69.725,22.914
660.52,381.27,71.267,23.421
655.47,382.71,71.267,23.421
652.16,383.18,72.844,23.939
647,382.81,72.844,23.939
646.63,382.44,72.844,23.939
646.26,382.07,72.844,23.939
645.52,379.86,72.844,23.939
651.42,378.75,72.844,23.939
661.01,376.54,72.844,23.939
665.8,376.91,72.844,23.939
669.48,375.8,72.844,23.939
675.01,371.38,72.844,23.939
684.23,367.69,72.844,23.939
690.17,363.52,71.291,23.429
692.37,364.5,69.771,22.929
693.43,358.85,69.771,22.929
645.72,333.54,71.314,23.437
635.61,345.08,71.314,23.437
624.07,345.44,71.314,23.437
613.24,346.16,71.314,23.437
613.61,347.61,71.314,23.437
600.98,344.72,71.314,23.437
605.35,344.61,69.793,22.937
611.7,341.08,69.793,22.937
611.35,340.73,69.793,22.937
616.22,339.42,71.338,23.444
620.55,338.33,71.338,23.444
625.89,337.71,72.916,23.963
631.72,337.08,74.529,24.493
631.65,336.81,76.178,25.035
643.17,342.33,77.864,25.589
655.78,349.03,77.864,25.589
663.2,355.05,79.586,26.155
674.45,360.27,79.586,26.155
676.46,360.27,79.586,26.155
689.32,364.69,79.586,26.155
700.98,363.49,79.586,26.155
711.83,362.28,79.586,26.155
723.94,361.76,77.889,25.597
724.33,361.36,77.889,25.597
733.79,359.79,77.889,25.597
741.28,357.03,77.889,25.597
749.09,353.99,79.612,26.164
756.32,349.97,79.612,26.164
757.53,349.97,79.612,26.164
763.16,348.36,79.612,26.164
770.39,344.74,79.612,26.164
778.43,341.53,79.612,26.164
788.08,340.72,79.612,26.164
788.88,340.32,79.612,26.164
796.52,340.72,79.612,26.164
805.36,340.72,79.612,26.164
812.6,341.53,79.612,26.164
821.84,342.73,79.612,26.164
822.24,343.13,79.612,26.164
831.89,348.36,79.612,26.164
844.35,350.37,79.612,26.164
852.84,352.26,77.915,25.606
861.9,352.26,77.915,25.606
863.87,352.65,77.915,25.606
872.54,353.04,77.915,25.606
880.03,352.65,77.915,25.606
888.31,354.23,77.915,25.606
894.62,353.83,77.915,25.606
895.4,353.44,77.915,25.606
902.82,354.73,79.639,26.172
909.21,355.25,81.401,26.751
916.62,358.13,81.401,26.751
917.03,358.13,81.401,26.751
922.02,359.24,79.665,26.181
925.25,365.3,79.665,26.181
928.48,370.15,79.665,26.181
930.9,374.99,79.665,26.181
930.5,374.99,79.665,26.181
930.9,377.42,79.665,26.181
930.43,377.13,81.427,26.76
931.17,381.77,83.229,27.352
926.96,381.35,83.229,27.352
927.8,380.93,83.229,27.352
921.48,382.19,83.229,27.352
914.65,380.21,85.07,27.957
902.57,380.21,85.07,27.957
894.38,377.19,85.07,27.957
894.38,376.75,85.07,27.957
881.79,376.45,86.952,28.576
869.05,375.13,86.952,28.576
854.12,372.49,86.952,28.576
836.11,370.74,86.952,28.576
834.36,370.3,86.952,28.576
818.98,372.93,86.952,28.576
797.02,372.93,86.952,28.576
769.35,373.37,86.952,28.576
741.24,372.49,86.952,28.576
738.17,372.05,86.952,28.576
708.3,372.05,86.952,28.576
681.51,371.61,86.952,28.576
653.31,369.54,88.876,29.208
623.68,369.09,88.876,29.208
621.88,369.54,88.876,29.208
602.58,369.99,88.876,29.208
580.57,371.79,88.876,29.208
563.51,372.24,88.876,29.208
550.04,374.48,88.876,29.208
548.69,374.03,88.876,29.208
538.37,379.42,88.876,29.208
530.28,378.97,88.876,29.208
523.01,382.69,90.843,29.854
515.59,382.36,92.853,30.515
514.09,382.02,94.907,31.19
508.32,382.5,94.907,31.19
503.04,382.02,94.907,31.19
501.12,382.5,94.907,31.19
500.55,382.16,97.007,31.88
500.06,382.16,97.007,31.88
503,383.63,97.007,31.88
506.92,387.06,97.007,31.88
513.78,391.47,97.007,31.88
521.14,393.43,97.007,31.88
521.63,393.92,97.007,31.88
527.51,399.31,97.007,31.88
534.37,400.29,97.007,31.88
540.74,403.72,97.007,31.88
545.65,406.67,97.007,31.88
546.68,407.5,94.938,31.2
551.48,408.46,94.938,31.2
556.77,410.86,94.938,31.2
560.13,413.74,94.938,31.2
564.45,414.7,94.938,31.2
564.93,415.18,94.938,31.2
566.86,418.06,94.938,31.2
566.38,419.51,94.938,31.2
565.42,422.39,94.938,31.2
561.57,423.83,94.938,31.2
560.13,423.83,94.938,31.2
554.85,426.23,94.938,31.2
547.64,427.19,94.938,31.2
536.59,427.19,94.938,31.2
523.62,426.23,94.938,31.2
523.62,425.75,94.938,31.2
514.01,422.87,94.938,31.2
501.52,422.39,94.938,31.2
490.95,418.54,94.938,31.2
478.46,418.06,94.938,31.2
478.46,418.06,94.938,31.2
470.78,416.62,94.938,31.2
459.73,416.14,94.938,31.2
452.52,416.14,94.938,31.2
444.36,419.99,94.938,31.2
442.92,419.99,94.938,31.2
435.28,423.2,92.913,30.535
428.22,428.85,92.913,30.535
420.69,430.26,92.913,30.535
413.63,431.2,92.913,30.535
413.16,432.14,92.913,30.535
405.16,435.91,92.913,30.535
397.63,438.26,92.913,30.535
386.81,441.55,92.913,30.535
377.87,442.97,92.913,30.535
376.93,443.44,92.913,30.535
370.81,447.2,92.913,30.535
365.16,450.5,92.913,30.535
362.34,453.79,92.913,30.535
360.46,455.2,92.913,30.535
360.46,456.14,92.913,30.535
360.46,460.85,92.913,30.535
359.99,461.32,92.913,30.535
360.04,460.7,90.932,29.884
361.47,460.56,88.993,29.246
361.92,460.11,88.993,29.246
362.82,459.66,88.993,29.246
362.82,456.95,88.993,29.246
364.17,455.15,88.993,29.246
364.62,451.99,88.993,29.246
364.62,451.99,88.993,29.246
365.98,450.19,88.993,29.246
366.88,450.64,88.993,29.246
368.73,451.4,87.095,28.623
369.61,457.14,87.095,28.623
370.05,457.58,87.095,28.623
370.93,457.14,87.095,28.623
373.58,456.7,87.095,28.623
378.88,454.49,87.095,28.623
386.38,451.84,87.095,28.623
386.38,451.4,87.095,28.623
397.85,449.64,87.095,28.623
413.73,443.46,87.095,28.623
429.61,436.4,87.095,28.623
448.5,429.03,89.022,29.256
448.87,427.8,90.992,29.903
468.6,421.02,93.005,30.565
488.27,415.5,95.063,31.241
511.72,408.43,97.166,31.932
532.89,401.05,97.166,31.932
533.87,401.05,97.166,31.932
552.08,394.16,97.166,31.932
572.26,388.75,97.166,31.932
591.94,383.33,97.166,31.932
612.62,377.43,97.166,31.932
613.6,377.43,97.166,31.932
636.24,373,97.166,31.932
658.88,371.03,97.166,31.932
681.52,365.62,97.166,31.932
703.66,362.66,97.166,31.932
705.14,362.66,97.166,31.932
726.85,359.07,95.094,31.251
747.98,357.63,95.094,31.251
762.45,356.04,93.066,30.585
772.8,354.15,93.066,30.585
774.74,354.01,91.081,29.933
776.63,348.34,89.139,29.294
781.59,342.93,89.139,29.294
782.09,338.73,87.238,28.67
781.65,332.99,87.238,28.67
782.53,333.44,87.238,28.67
787.87,332.86,85.378,28.058
792.62,329.84,85.378,28.058
792.62,327.25,85.378,28.058
791.75,325.09,85.378,28.058
791.32,325.09,85.378,28.058
787.01,323.8,85.378,28.058
782.26,320.35,85.378,28.058
776.22,321.64,85.378,28.058
770.62,322.07,85.378,28.058
771.1,322.81,83.557,27.46
764.24,325.04,85.406,28.068
757.69,326.46,87.295,28.689
754.16,326.9,87.295,28.689
751.07,324.69,87.295,28.689
748.87,323.37,87.295,28.689
743.57,326.9,87.295,28.689
740.92,327.78,87.295,28.689
734.31,328.22,87.295,28.689
724.52,330.11,89.227,29.323
721.36,329.66,89.227,29.323
689.79,336.88,89.227,29.323
680.37,343.95,87.324,28.698
669.83,351.32,85.462,28.086
663.77,357.82,85.462,28.086
663.33,357.82,85.462,28.086
657.7,365.62,85.462,28.086
650.33,372.98,85.462,28.086
645.05,380.91,87.352,28.707
647.18,387.21,89.285,29.343
646.64,387.33,91.261,29.992
642.01,391.96,91.261,29.992
637.85,392.42,91.261,29.992
637.38,393.81,91.261,29.992
637.38,394.74,91.261,29.992
637.38,395.2,91.261,29.992
641.13,395.52,89.314,29.352
642.04,396.43,89.314,29.352
644.35,396.74,87.41,28.726
645.24,396.3,87.41,28.726
646.12,396.3,87.41,28.726
645.68,395.85,87.41,28.726
642.62,395.27,85.546,28.114
639.64,393.41,83.721,27.514
634.98,387.9,83.721,27.514
634.98,387.9,83.721,27.514
632.01,385.78,83.721,27.514
628.67,385.23,81.936,26.927
622.88,382.75,81.936,26.927
617.91,381.5,81.936,26.927
617.91,381.09,81.936,26.927
612.12,381.92,81.936,26.927
608.03,385.52,80.189,26.353
605.19,385.52,80.189,26.353
603.61,386.2,78.479,25.791
604.01,386.6,78.479,25.791
601.22,386.6,78.479,25.791
602.85,388.07,76.805,25.241
603.63,388.07,76.805,25.241
607.9,388.46,76.805,25.241
608.68,388.46,76.805,25.241
609.45,388.46,76.805,25.241
614.89,387.29,76.805,25.241
618.38,386.9,76.805,25.241
622.65,386.13,76.805,25.241
622.65,386.13,76.805,25.241
625.76,382.25,76.805,25.241
628.86,380.69,76.805,25.241
631.62,379.02,75.167,24.703
633.15,375.22,75.167,24.703
633.53,374.84,75.167,24.703
636.95,374.08,75.167,24.703
638.09,372.93,75.167,24.703
639.99,371.41,75.167,24.703
644.22,370.54,73.564,24.176
645.75,370.42,71.995,23.66
649.76,370.06,71.995,23.66
653.81,368.12,70.46,23.156
658.09,367.05,70.46,23.156
662.73,364.55,70.46,23.156
663.13,364.8,68.958,22.662
668.01,363.75,68.958,22.662
671.5,362.01,68.958,22.662
675.38,361.2,67.487,22.179
680.84,359.84,67.487,22.179
681.18,359.15,67.487,22.179
684.93,357.79,67.487,22.179
687.32,357.11,67.487,22.179
688.68,355.4,67.487,22.179
690.43,354.95,66.048,21.706
691.46,354.52,64.639,21.243
689.83,352.55,64.639,21.243
688.19,351.57,64.639,21.243
684.59,348.3,64.639,21.243
681.97,348.3,64.639,21.243
682.3,348.3,64.639,21.243
678.04,348.63,64.639,21.243
673.45,351.9,64.639,21.243
668.54,352.23,64.639,21.243
663.63,356.81,64.639,21.243
663.3,356.81,64.639,21.243
658.39,356.48,64.639,21.243
654.5,357.69,63.261,20.79
651.3,357.69,63.261,20.79
651.3,357.69,63.261,20.79
647.15,357.05,63.261,20.79
643.31,356.41,63.261,20.79
641.07,355.78,63.261,20.79
640.43,357.05,63.261,20.79
640.05,356.82,64.661,21.25
638.74,353.55,64.661,21.25
637.11,352.57,64.661,21.25
636.81,352.79,63.282,20.797
636.17,352.15,63.282,20.797
635.54,351.52,63.282,20.797
635.25,351.74,61.932,20.353
634.31,355.82,61.932,20.353
632.74,350.8,61.932,20.353
629.92,356.76,61.932,20.353
630.23,357.07,61.932,20.353
628.04,352.68,61.932,20.353
625.21,356.13,61.932,20.353
623.33,352.68,61.932,20.353
621.45,352.68,61.932,20.353
621.45,352.68,61.932,20.353
616.74,352.99,61.932,20.353
614.86,352.36,61.932,20.353
614.23,355.82,61.932,20.353
608.27,354.87,61.932,20.353
607.64,353.93,61.932,20.353
604.51,353.93,61.932,20.353
602.94,353.62,61.932,20.353
599.12,352.77,63.302,20.804
598.8,349.89,63.302,20.804
598.16,349.89,63.302,20.804
595.6,349.25,63.302,20.804
595.54,349.02,64.703,21.264
592.59,348.37,64.703,21.264
593.57,350.33,64.703,21.264
593.57,350.33,64.703,21.264
591.28,351.64,64.703,21.264
590.63,356.55,64.703,21.264
588.99,357.86,64.703,21.264
587.68,359.17,64.703,21.264
587.35,359.17,64.703,21.264
584.41,360.15,64.703,21.264
581.79,360.81,64.703,21.264
580.15,361.79,64.703,21.264
578.51,364.41,64.703,21.264
577.86,364.41,64.703,21.264
575.24,365.72,64.703,21.264
571.63,369.32,64.703,21.264
569.02,369.65,64.703,21.264
567.05,370.96,64.703,21.264
566.66,370.72,66.134,21.734
561.97,371.06,66.134,21.734
559.56,371.16,67.598,22.215
554.78,371.84,67.598,22.215
550.35,372.18,67.598,22.215
550.69,372.52,67.598,22.215
548.64,373.2,67.598,22.215
544.21,373.88,67.598,22.215
541.82,374.23,67.598,22.215
538.75,374.91,67.598,22.215
538.75,374.91,67.598,22.215
538.07,375.59,67.598,22.215
536.36,375.93,67.598,22.215
