77,261,274,112
84.431,263.97,274,112
85.918,265.46,274,112
87.404,265.46,274,112
88.89,265.46,274,112
90.376,265.46,274,112
93.349,265.46,274,112
96.322,263.97,274,112
97.808,263.97,274,112
99.294,263.97,274,112
100.78,263.97,274,112
103.75,263.97,274,112
105.24,263.97,274,112
105.24,263.97,274,112
106.73,265.46,274,112
108.21,265.46,274,112
109.7,265.46,274,112
111.18,266.95,274,112
112.67,266.95,274,112
114.16,268.43,274,112
111.13,265.71,280.06,114.48
111.13,265.71,280.06,114.48
111.13,264.19,280.06,114.48
111.13,264.19,280.06,114.48
111.13,264.19,280.06,114.48
112.65,264.19,280.06,114.48
112.65,262.67,280.06,114.48
112.65,262.67,280.06,114.48
112.65,262.67,280.06,114.48
112.65,262.67,280.06,114.48
112.65,262.67,280.06,114.48
112.65,262.67,280.06,114.48
112.65,262.67,280.06,114.48
112.65,262.67,280.06,114.48
114.16,262.67,280.06,114.48
114.16,262.67,280.06,114.48
114.16,262.67,280.06,114.48
115.68,261.15,280.06,114.48
117.2,259.63,280.06,114.48
117.2,259.63,280.06,114.48
117.2,258.11,280.06,114.48
117.2,258.11,280.06,114.48
117.2,256.59,280.06,114.48
118.72,256.59,280.06,114.48
118.72,255.07,280.06,114.48
118.72,255.07,280.06,114.48
120.24,255.07,280.06,114.48
120.24,255.07,280.06,114.48
120.24,253.55,280.06,114.48
121.76,253.55,280.06,114.48
124.8,253.55,280.06,114.48
127.84,253.55,280.06,114.48
132.4,253.55,280.06,114.48
138.48,253.55,280.06,114.48
144.56,253.55,280.06,114.48
153.67,252.03,280.06,114.48
159.69,249.24,286.26,117.01
159.69,249.24,286.26,117.01
164.35,247.69,286.26,117.01
170.56,246.14,286.26,117.01
176.78,244.58,286.26,117.01
182.99,243.03,286.26,117.01
189.2,239.93,286.26,117.01
190.75,243.03,286.26,117.01
196.96,239.93,286.26,117.01
206.28,238.37,286.26,117.01
215.6,238.37,286.26,117.01
220.26,236.82,286.26,117.01
228.02,235.27,286.26,117.01
226.41,233.97,292.59,119.6
232.75,232.39,292.59,119.6
239.1,230.8,292.59,119.6
247.03,230.8,292.59,119.6
256.55,227.63,292.59,119.6
264.48,226.04,292.59,119.6
269.19,228.9,286.35,117.05
275.4,227.35,286.35,117.05
283.16,224.24,286.35,117.05
286.21,221.4,292.69,119.64
289.38,218.22,292.69,119.64
300.42,216.9,299.16,122.29
300.42,216.9,299.16,122.29
306.9,215.28,299.16,122.29
315.01,215.28,299.16,122.29
319.88,213.66,299.16,122.29
327.98,212.04,299.16,122.29
332.85,210.41,299.16,122.29
332.85,210.41,299.16,122.29
337.71,210.41,299.16,122.29
340.96,207.17,299.16,122.29
345.82,205.55,299.16,122.29
349.07,205.55,299.16,122.29
347.38,204.2,305.78,124.99
343.99,202.81,312.55,127.76
345.69,202.81,312.55,127.76
349.08,204.51,312.55,127.76
352.47,206.2,312.55,127.76
360.94,206.2,312.55,127.76
364.32,206.2,312.55,127.76
362.63,206.2,312.55,127.76
367.71,206.2,312.55,127.76
381.21,207.56,305.88,125.03
389.45,210.56,299.36,122.37
394.32,210.56,299.36,122.37
400.81,210.56,299.36,122.37
404,211.86,292.98,119.76
410.36,211.86,292.98,119.76
416.71,213.45,292.98,119.76
421.47,215.04,292.98,119.76
429.42,216.63,292.98,119.76
432.59,219.8,292.98,119.76
432.59,221.39,292.98,119.76
437.36,222.98,292.98,119.76
445.3,226.16,292.98,119.76
453.24,229.33,292.98,119.76
472.25,238.55,286.73,117.2
483.08,242.91,280.61,114.7
486.07,244.13,274.63,112.26
499.43,248.31,268.77,109.86
506.67,252.39,263.04,107.52
519.45,254.97,257.43,105.23
530.57,258.88,251.94,102.98
537.4,261.61,251.94,102.98
537.4,262.98,251.94,102.98
548.34,264.35,251.94,102.98
560.59,265.45,246.57,100.79
572.58,267.86,241.31,98.638
581.69,270.22,236.17,96.535
591.89,272.53,231.13,94.476
593.15,273.78,231.13,94.476
596.9,273.78,231.13,94.476
606.93,276.29,231.13,94.476
610.69,278.79,231.13,94.476
616.95,280.04,231.13,94.476
628.23,283.8,231.13,94.476
630.73,285.06,231.13,94.476
638.21,287.32,226.2,92.461
644.35,288.54,226.2,92.461
650.48,289.77,226.2,92.461
656.62,292.23,226.2,92.461
659.03,292.43,231.2,94.507
657.78,293.68,231.2,94.507
666.55,293.68,231.2,94.507
670.31,293.68,231.2,94.507
679.08,292.43,231.2,94.507
681.58,292.43,231.2,94.507
689.06,293.44,226.27,92.492
690.29,292.21,226.27,92.492
686.6,292.21,226.27,92.492
686.56,291.97,221.45,90.519
686.56,288.37,221.45,90.519
681.76,285.97,221.45,90.519
681.76,284.77,221.45,90.519
681.76,284.77,221.45,90.519
681.76,281.17,221.45,90.519
676.91,280.17,226.35,92.522
670.73,279.14,231.36,94.569
663.15,275.59,236.47,96.661
659.3,276.87,236.47,96.661
656.74,276.87,236.47,96.661
646.48,273.02,236.47,96.661
643.91,274.31,236.47,96.661
636.17,273.24,241.71,98.8
628.31,270.62,241.71,98.8
625.63,269.52,247.05,100.99
625.63,268.19,247.05,100.99
625.63,268.19,247.05,100.99
625.63,268.19,247.05,100.99
626.93,269.26,241.79,98.832
626.93,270.57,241.79,98.832
628.19,272.94,236.63,96.725
628.19,272.94,236.63,96.725
629.48,272.94,236.63,96.725
632.04,272.94,236.63,96.725
635.89,272.94,236.63,96.725
641.02,274.22,236.63,96.725
653.84,274.22,236.63,96.725
653.84,274.22,236.63,96.725
658.97,274.22,236.63,96.725
670.47,272.69,231.58,94.662
672.98,272.69,231.58,94.662
678,272.69,231.58,94.662
688.04,272.69,231.58,94.662
689.29,272.69,231.58,94.662
690.55,272.69,231.58,94.662
694.31,273.94,231.58,94.662
698.08,273.94,231.58,94.662
706.82,273.7,226.65,92.643
708.05,273.7,226.65,92.643
708.05,273.7,226.65,92.643
709.28,273.7,226.65,92.643
709.28,273.7,226.65,92.643
706.82,274.93,226.65,92.643
705.59,276.16,226.65,92.643
694.48,276.36,231.66,94.693
698.21,277.37,226.72,92.674
700.62,279.59,221.88,90.697
689.79,278.38,221.88,90.697
683.77,279.59,221.88,90.697
670.53,273.57,221.88,90.697
671.69,275.74,217.15,88.763
664.62,273.38,217.15,88.763
664.58,273.15,212.52,86.87
658.77,275.23,207.99,85.018
655.35,275.01,203.55,83.205
642.11,270.59,203.55,83.205
629.92,268.17,199.21,81.43
633.13,271.2,194.97,79.694
618.33,269.08,194.97,79.694
603.54,266.97,194.97,79.694
590.81,265.03,199.28,81.457
576.77,262.87,199.28,81.457
563.8,262.87,199.28,81.457
564.84,263.05,203.69,83.259
567.05,259.74,203.69,83.259
558.17,257.71,208.19,85.101
555.87,255.64,212.8,86.984
554.67,253.53,217.51,88.909
554.67,251.17,217.51,88.909
552.26,251.36,222.32,90.876
554.67,253.77,222.32,90.876
557.08,254.98,222.32,90.876
557.04,256.39,227.24,92.887
557.04,260.08,227.24,92.887
557.04,262.54,227.24,92.887
553.29,262.75,232.27,94.942
553.29,264.01,232.27,94.942
548.2,264.21,237.41,97.042
544.34,265.5,237.41,97.042
541.76,266.79,237.41,97.042
540.47,268.08,237.41,97.042
537.85,267.01,242.66,99.189
535.22,268.32,242.66,99.189
533.9,269.64,242.66,99.189
532.59,269.64,242.66,99.189
529.95,270.95,242.66,99.189
526.01,272.27,242.66,99.189
526.01,272.27,242.66,99.189
522.01,272.49,248.03,101.38
519.32,272.49,248.03,101.38
517.97,272.49,248.03,101.38
515.28,272.49,248.03,101.38
513.94,272.49,248.03,101.38
513.94,272.49,248.03,101.38
512.59,272.49,248.03,101.38
512.59,272.49,248.03,101.38
513.94,272.49,248.03,101.38
519.32,271.14,248.03,101.38
519.32,271.14,248.03,101.38
519.32,271.14,248.03,101.38
520.66,269.8,248.03,101.38
523.35,268.45,248.03,101.38
526.04,267.11,248.03,101.38
527.39,267.11,248.03,101.38
531.38,266.84,242.74,99.222
530.06,265.53,242.74,99.222
531.38,265.53,242.74,99.222
532.69,265.53,242.74,99.222
534.01,265.53,242.74,99.222
535.32,265.53,242.74,99.222
536.64,265.53,242.74,99.222
537.96,265.53,242.74,99.222
541.86,266.58,237.56,97.106
540.57,265.3,237.56,97.106
540.57,264.01,237.56,97.106
541.82,263.75,232.5,95.035
539.29,263.75,232.5,95.035
539.29,262.49,232.5,95.035
538.03,262.49,232.5,95.035
539.25,262.25,227.54,93.008
538.02,262.25,227.54,93.008
536.79,261.01,227.54,93.008
535.55,259.78,227.54,93.008
535.55,259.78,227.54,93.008
531.8,258.75,232.57,95.066
531.8,258.75,232.57,95.066
533.06,257.49,232.57,95.066
534.32,257.49,232.57,95.066
535.58,256.23,232.57,95.066
536.84,256.23,232.57,95.066
536.84,256.23,232.57,95.066
538.11,256.23,232.57,95.066
538.11,256.23,232.57,95.066
541.85,255.98,227.61,93.039
543.08,255.98,227.61,93.039
543.08,255.98,227.61,93.039
544.31,255.98,227.61,93.039
544.31,255.98,227.61,93.039
544.31,257.22,227.61,93.039
545.55,257.22,227.61,93.039
546.78,257.22,227.61,93.039
546.78,255.98,227.61,93.039
545.55,254.75,227.61,93.039
546.78,254.75,227.61,93.039
548.01,254.75,227.61,93.039
550.48,254.75,227.61,93.039
552.95,253.52,227.61,93.039
554.18,253.52,227.61,93.039
556.65,252.28,227.61,93.039
557.88,252.28,227.61,93.039
559.11,252.28,227.61,93.039
561.58,251.05,227.61,93.039
562.81,249.82,227.61,93.039
564.05,251.05,227.61,93.039
565.28,249.82,227.61,93.039
566.51,249.82,227.61,93.039
567.75,249.82,227.61,93.039
568.98,249.82,227.61,93.039
570.21,248.58,227.61,93.039
571.45,248.58,227.61,93.039
571.45,248.58,227.61,93.039
571.45,247.35,227.61,93.039
570.21,247.35,227.61,93.039
568.93,245.09,232.65,95.097
568.93,243.83,232.65,95.097
568.93,243.83,232.65,95.097
568.93,242.56,232.65,95.097
568.93,241.3,232.65,95.097
568.93,241.3,232.65,95.097
568.93,241.3,232.65,95.097
570.19,240.04,232.65,95.097
570.19,238.78,232.65,95.097
570.19,237.52,232.65,95.097
567.62,236.47,237.8,97.201
566.33,233.89,237.8,97.201
565.04,232.6,237.8,97.201
562.4,231.52,243.06,99.352
562.4,231.52,243.06,99.352
563.72,231.52,243.06,99.352
563.72,231.52,243.06,99.352
563.72,231.52,243.06,99.352
565.04,231.52,243.06,99.352
562.4,231.52,243.06,99.352
562.4,231.52,243.06,99.352
558.45,231.52,243.06,99.352
555.82,231.52,243.06,99.352
553.18,231.52,243.06,99.352
547.91,231.52,243.06,99.352
547.91,231.52,243.06,99.352
547.91,231.52,243.06,99.352
543.96,230.21,243.06,99.352
540,228.89,243.06,99.352
537.37,227.57,243.06,99.352
533.42,227.57,243.06,99.352
525.46,225.15,248.44,101.55
524.11,223.81,248.44,101.55
522.76,223.81,248.44,101.55
515.97,224.03,253.93,103.8
511.79,224.26,259.55,106.09
508.97,224.26,259.55,106.09
513.15,226.8,254.02,103.83
511.77,225.42,254.02,103.83
511.77,225.42,254.02,103.83
514.53,225.42,254.02,103.83
517.28,224.04,254.02,103.83
518.66,224.04,254.02,103.83
518.66,222.66,254.02,103.83
518.66,221.28,254.02,103.83
518.66,221.28,254.02,103.83
518.66,221.28,254.02,103.83
518.66,221.28,254.02,103.83
520.04,221.28,254.02,103.83
525.55,221.28,254.02,103.83
525.55,221.28,254.02,103.83
526.93,221.28,254.02,103.83
529.69,221.28,254.02,103.83
531.07,219.91,254.02,103.83
533.82,218.53,254.02,103.83
535.2,219.91,254.02,103.83
533.77,218.76,259.64,106.13
540.76,221.3,254.1,103.87
546.23,223.78,248.68,101.65
547.58,225.13,248.68,101.65
548.93,226.48,248.68,101.65
550.28,226.48,248.68,101.65
547.52,225.36,254.18,103.9
544.77,226.73,254.18,103.9
547.48,225.09,248.76,101.68
550.18,225.09,248.76,101.68
552.87,226.43,248.76,101.68
554.22,226.43,248.76,101.68
551.47,225.31,254.27,103.93
554.18,226.42,248.84,101.72
555.53,226.42,248.84,101.72
558.18,226.15,243.54,99.548
558.18,224.83,243.54,99.548
554.17,223.73,248.92,101.75
551.42,223.95,254.43,104
550.03,223.95,254.43,104
548.65,223.95,254.43,104
544.46,224.18,260.06,106.3
540.17,223.01,265.82,108.65
538.73,223.01,265.82,108.65
537.29,223.01,265.82,108.65
535.85,223.01,265.82,108.65
537.29,224.45,265.82,108.65
535.85,225.89,265.82,108.65
538.73,227.33,265.82,108.65
535.79,227.57,271.7,111.06
535.79,229.04,271.7,111.06
535.79,230.52,271.7,111.06
535.79,231.99,271.7,111.06
535.79,233.46,271.7,111.06
535.79,234.93,271.7,111.06
532.79,235.18,277.71,113.52
532.79,236.68,277.71,113.52
538.76,237.89,271.79,111.09
538.76,239.37,271.79,111.09
538.7,241.09,277.8,113.55
546.18,243.8,271.87,111.13
547.65,245.28,271.87,111.13
549.13,246.75,271.87,111.13
556.5,248.23,271.87,111.13
552.02,248.47,277.89,113.59
548.95,250.23,284.04,116.1
545.8,252.03,290.32,118.67
544.23,252.03,290.32,118.67
542.65,252.03,290.32,118.67
541.08,253.61,290.32,118.67
539.51,253.61,290.32,118.67
537.93,253.61,290.32,118.67
533.14,255.44,296.75,121.3
529.93,255.44,296.75,121.3
528.32,255.44,296.75,121.3
523.42,257.32,303.31,123.98
520.13,258.96,303.31,123.98
511.91,260.61,303.31,123.98
502.04,260.61,303.31,123.98
492.17,262.25,303.31,123.98
493.81,262.25,303.31,123.98
488.88,262.25,303.31,123.98
483.94,262.25,303.31,123.98
478.95,263.58,296.84,121.34
469.29,265.19,296.84,121.34
462.79,263.84,303.41,124.02
457.85,263.84,303.41,124.02
451.27,263.84,303.41,124.02
442.98,264.12,310.12,126.77
432.89,264.12,310.12,126.77
424.47,264.12,310.12,126.77
412.7,265.8,310.12,126.77
411.01,265.8,310.12,126.77
404.29,265.8,310.12,126.77
395.87,265.8,310.12,126.77
384.1,267.48,310.12,126.77
375.62,269.44,316.99,129.57
365.3,271.16,316.99,129.57
361.79,269.73,324,132.44
358.28,271.49,324,132.44
347.67,273.54,331.17,135.37
344.08,273.54,331.17,135.37
335.03,272.04,338.49,138.36
327.68,273.87,338.49,138.36
325.85,273.87,338.49,138.36
320.27,274.18,345.98,141.42
314.64,274.18,345.98,141.42
309.01,274.18,345.98,141.42
305.26,274.18,345.98,141.42
301.43,274.49,353.64,144.55
305.2,274.11,346.1,141.47
307.01,273.75,338.72,138.45
299.67,277.42,338.72,138.45
316.13,279.56,346.21,141.52
314.25,279.56,346.21,141.52
310.42,278,353.87,144.65
310.42,276.08,353.87,144.65
310.42,276.08,353.87,144.65
310.42,276.08,353.87,144.65
310.42,278,353.87,144.65
312.27,276.4,361.7,147.85
312.19,278.68,369.7,151.12
306.09,277.01,377.88,154.46
306.01,273.25,386.24,157.88
314.39,273.25,386.24,157.88
316.48,273.25,386.24,157.88
318.57,273.25,386.24,157.88
320.67,273.25,386.24,157.88
320.67,273.25,386.24,157.88
324.86,271.16,386.24,157.88
320.67,271.16,386.24,157.88
326.88,270.75,378.01,154.51
328.93,270.75,378.01,154.51
328.93,268.7,378.01,154.51
324.75,266.99,386.37,157.93
320.47,263.15,394.92,161.43
318.33,263.15,394.92,161.43
316.11,265.64,403.65,165
318.21,261.63,412.59,168.65
320.35,259.77,421.71,172.38
320.26,257.86,431.04,176.19
320.17,253.57,440.58,180.09
317.68,249.19,450.33,184.08
315.14,247.15,460.29,188.15
312.64,247.15,460.29,188.15
307.55,245.07,470.48,192.31
307.55,245.07,470.48,192.31
307.55,247.62,470.48,192.31
307.55,247.62,470.48,192.31
312.65,250.18,470.48,192.31
312.65,250.18,470.48,192.31
315.2,250.18,470.48,192.31
315.2,250.18,470.48,192.31
312.65,250.18,470.48,192.31
307.55,250.18,470.48,192.31
305,252.73,470.48,192.31
299.9,252.73,470.48,192.31
299.9,252.73,470.48,192.31
299.9,252.73,470.48,192.31
294.8,255.28,470.48,192.31
292.25,255.28,470.48,192.31
292.25,257.83,470.48,192.31
287.04,255.7,480.89,196.57
287.04,255.7,480.89,196.57
287.04,255.7,480.89,196.57
279.11,256.13,491.53,200.92
276.45,256.13,491.53,200.92
273.78,256.13,491.53,200.92
271.01,256.58,502.4,205.36
271.01,259.3,502.4,205.36
271.01,259.3,502.4,205.36
271.01,259.3,502.4,205.36
271.01,259.3,502.4,205.36
271.01,262.02,502.4,205.36
268.29,262.02,502.4,205.36
271.01,262.02,502.4,205.36
271.01,262.02,502.4,205.36
271.01,264.75,502.4,205.36
276.46,267.47,502.4,205.36
276.35,265.2,513.52,209.9
281.92,267.98,513.52,209.9
281.92,270.77,513.52,209.9
281.92,270.77,513.52,209.9
281.92,270.77,513.52,209.9
281.92,270.77,513.52,209.9
281.92,270.77,513.52,209.9
281.92,267.98,513.52,209.9
284.7,267.98,513.52,209.9
287.48,267.98,513.52,209.9
287.48,265.2,513.52,209.9
287.48,262.41,513.52,209.9
290.27,259.63,513.52,209.9
287.48,254.06,513.52,209.9
290.27,251.28,513.52,209.9
293.05,251.28,513.52,209.9
293.05,251.28,513.52,209.9
290.27,251.28,513.52,209.9
290.27,251.28,513.52,209.9
290.27,251.28,513.52,209.9
290.18,250.73,502.57,205.43
287.45,250.73,502.57,205.43
292.9,248.01,502.57,205.43
311.98,242.55,502.57,205.43
314.71,239.83,502.57,205.43
317.32,234.83,513.68,209.97
322.89,234.83,513.68,209.97
322.89,234.83,513.68,209.97
322.89,232.04,513.68,209.97
333.94,234.28,502.73,205.5
333.94,237.01,502.73,205.5
336.67,234.28,502.73,205.5
333.83,232.01,513.85,210.04
336.53,234.25,502.9,205.56
336.53,234.25,502.9,205.56
339.25,234.25,502.9,205.56
341.98,234.25,502.9,205.56
344.71,234.25,502.9,205.56
344.71,234.25,502.9,205.56
344.71,234.25,502.9,205.56
341.98,236.98,502.9,205.56
336.53,239.7,502.9,205.56
336.53,239.7,502.9,205.56
336.53,242.43,502.9,205.56
331.07,242.43,502.9,205.56
331.07,242.43,502.9,205.56
328.34,245.16,502.9,205.56
322.89,245.16,502.9,205.56
320.16,247.89,502.9,205.56
314.6,245.61,514.02,210.11
311.81,248.4,514.02,210.11
309.02,251.19,514.02,210.11
303.34,248.87,525.39,214.76
303.34,248.87,525.39,214.76
303.34,248.87,525.39,214.76
303.34,248.87,525.39,214.76
303.34,248.87,525.39,214.76
303.34,248.87,525.39,214.76
309.03,248.87,525.39,214.76
317.58,248.87,525.39,214.76
323.28,248.87,525.39,214.76
331.83,248.87,525.39,214.76
337.52,248.87,525.39,214.76
340.37,248.87,525.39,214.76
346.07,248.87,525.39,214.76
360.32,248.87,525.39,214.76
366.01,248.87,525.39,214.76
371.71,248.87,525.39,214.76
380.26,248.87,525.39,214.76
380.26,248.87,525.39,214.76
388.81,248.87,525.39,214.76
391.66,246.02,525.39,214.76
400.2,248.87,525.39,214.76
403.05,248.87,525.39,214.76
405.9,251.71,525.39,214.76
405.9,251.71,525.39,214.76
402.94,249.34,537.02,219.51
397.11,249.34,537.02,219.51
391.29,246.43,537.02,219.51
388.38,249.34,537.02,219.51
382.56,249.34,537.02,219.51
382.56,249.34,537.02,219.51
376.73,249.34,537.02,219.51
370.91,246.43,537.02,219.51
356.35,246.43,537.02,219.51
344.7,246.43,537.02,219.51
335.87,240.03,525.57,214.83
335.87,242.88,525.57,214.83
327.2,240.51,537.19,219.58
324.29,234.68,537.19,219.58
309.61,238.08,549.08,224.44
303.65,229.14,549.08,224.44
294.71,229.14,549.08,224.44
294.71,229.14,549.08,224.44
285.66,226.66,561.23,229.41
282.5,221.08,573.65,234.48
282.5,221.08,573.65,234.48
285.61,221.08,573.65,234.48
285.61,224.19,573.65,234.48
285.61,227.3,573.65,234.48
282.37,224.7,586.34,239.67
285.55,227.88,586.34,239.67
288.73,231.06,586.34,239.67
285.43,228.41,599.31,244.97
295.17,231.66,599.31,244.97
304.81,237.52,586.53,239.75
317.53,240.7,586.53,239.75
323.89,243.88,586.53,239.75
333.43,243.88,586.53,239.75
349.23,252.8,574.02,234.64
358.46,252.19,561.78,229.63
364.45,251.59,549.8,224.74
364.45,254.57,549.8,224.74
367.44,254.57,549.8,224.74
370.42,254.57,549.8,224.74
373.4,254.57,549.8,224.74
373.4,257.56,549.8,224.74
373.4,257.56,549.8,224.74
373.4,257.56,549.8,224.74
370.42,257.56,549.8,224.74
373.3,262.93,538.08,219.94
379.04,262.36,526.6,215.25
384.65,264.66,515.37,210.66
390.15,264.11,504.38,206.17
392.79,269.04,493.62,201.77
392.7,276.55,483.1,197.47
384.84,273.93,483.1,197.47
384.84,273.93,483.1,197.47
384.84,273.93,483.1,197.47
384.84,273.93,483.1,197.47
392.61,276.03,472.8,193.26
395.18,278.6,472.8,193.26
395.18,281.16,472.8,193.26
392.61,281.16,472.8,193.26
405.35,283.22,462.71,189.14
412.79,282.73,452.85,185.1
410.25,284.7,443.19,181.16
410.17,286.64,433.74,177.29
405.39,288.53,424.49,173.51
396.18,288.53,424.49,173.51
382.37,286.22,424.49,173.51
380.06,286.22,424.49,173.51
373.16,286.22,424.49,173.51
370.86,286.22,424.49,173.51
366.25,283.92,424.49,173.51
366.25,283.92,424.49,173.51
354.65,282,433.88,177.35
359.28,281.54,424.63,173.57
354.67,283.84,424.63,173.57
345.46,283.84,424.63,173.57
329.35,283.84,424.63,173.57
313.24,288.45,424.63,173.57
304.03,286.14,424.63,173.57
304.03,286.14,424.63,173.57
294.82,286.14,424.63,173.57
292.52,283.84,424.63,173.57
285.61,281.54,424.63,173.57
276.41,281.54,424.63,173.57
269.42,278.79,415.57,169.87
267.17,283.29,415.57,169.87
264.92,281.04,415.57,169.87
262.59,282.85,406.71,166.25
253.77,285.06,406.71,166.25
242.74,285.06,406.71,166.25
231.71,285.06,406.71,166.25
231.71,282.85,406.71,166.25
227.3,282.85,406.71,166.25
225.09,282.85,406.71,166.25
218.47,282.85,406.71,166.25
207.44,282.85,406.71,166.25
198.62,282.85,406.71,166.25
202.96,284.62,398.04,162.7
190,282.47,398.04,162.7
174.89,284.62,398.04,162.7
164.1,280.31,398.04,162.7
148.99,282.47,398.04,162.7
136.03,280.31,398.04,162.7
133.87,282.47,398.04,162.7
120.92,278.15,398.04,162.7
112.29,273.83,398.04,162.7
97.174,267.35,398.04,162.7
92.783,275.56,389.55,159.23
84.266,273.04,381.24,155.84
82.199,277.17,381.24,155.84
71.866,275.11,381.24,155.84
61.464,285.03,373.11,152.51
51.278,282.61,365.15,149.26
45.337,290.53,365.15,149.26
37.348,286.18,357.37,146.08
39.221,281.93,349.75,142.96
33.533,283.83,349.75,142.96
25.885,283.46,342.29,139.91
22.108,279.38,334.99,136.93
11.214,275.74,334.99,136.93
7.5227,277.21,327.84,134.01
5.7442,277.21,327.84,134.01
0.40895,278.98,327.84,134.01
0.34778,278.63,320.85,131.15
0.2905,280.03,314.01,128.35
1.9367,278,307.31,125.62
6.8802,282.67,300.76,122.94
5.2488,281.04,300.76,122.94
6.8244,280.72,294.35,120.32
10.017,282.31,294.35,120.32
13.209,282.31,294.35,120.32
14.805,282.31,294.35,120.32
17.997,280.72,294.35,120.32
19.593,280.72,294.35,120.32
24.381,279.12,294.35,120.32
32.362,274.33,294.35,120.32
38.692,272.42,288.07,117.75
51.194,277.11,288.07,117.75
62.133,270.86,288.07,117.75
66.768,272.12,281.93,115.24
78.95,268.76,275.91,112.78
95.407,265.77,275.91,112.78
107.38,264.27,275.91,112.78
120.84,261.28,275.91,112.78
132.81,264.27,275.91,112.78
132.81,265.77,275.91,112.78
141.79,264.27,275.91,112.78
150.76,262.77,275.91,112.78
159.74,261.28,275.91,112.78
167.22,264.27,275.91,112.78
174.7,262.77,275.91,112.78
179.19,259.78,275.91,112.78
189.61,260.98,270.03,110.38
194,269.77,270.03,110.38
198.34,267.09,276.01,112.82
208.81,270.08,276.01,112.82
217.79,273.07,276.01,112.82
220.73,275.77,270.12,110.41
229.47,274.02,264.36,108.06
238.02,282.34,258.72,105.75
245.04,283.74,258.72,105.75
253.42,296.1,253.2,103.5
264.35,308.18,247.8,101.29
258.92,296.32,253.29,103.53
264.37,297.42,247.89,101.33
269.75,300.11,247.89,101.33
275.13,300.11,247.89,101.33
280.46,298.5,242.6,99.165
287,295.61,237.43,97.05
290.82,290.21,232.36,94.98
299.6,272.31,227.41,92.955
309.42,260.96,222.56,90.973
316.63,263.14,217.81,89.033
324.85,265.27,213.17,87.134
332.91,262.73,208.62,85.276
336.27,262.51,204.17,83.457
341.77,264.51,199.82,81.678
343.94,265.59,199.82,81.678
346.1,267.76,199.82,81.678
353.66,268.63,195.56,79.936
354.68,272.66,191.39,78.231
358.8,272.46,187.31,76.563
364.86,272.26,183.31,74.93
358.86,274.06,179.4,73.332
365.63,274.22,183.37,74.955
381.5,277,179.46,73.356
391.22,277,179.46,73.356
392.17,276.81,175.63,71.792
390.22,278.88,179.52,73.38
389.21,281.96,183.49,75.004
391.2,285.93,183.49,75.004
396.17,282.95,183.49,75.004
408.07,282.76,179.58,73.404
398.28,282.92,183.55,75.028
398.24,282.09,187.61,76.688
396.17,279.21,191.76,78.385
400.28,283.53,196.01,80.119
397.05,279.46,200.34,81.892
395.92,281.81,204.78,83.704
392.55,284.22,209.31,85.556
400.49,280.81,209.31,85.556
399.31,282.13,213.94,87.449
399.31,283.3,213.94,87.449
414.36,283.07,209.37,85.584
413.23,284.2,209.37,85.584
259.92,132.26,214.01,87.477
259.92,135.74,214.01,87.477
265.68,136.68,209.44,85.612
269.09,140.08,209.44,85.612
269.09,137.81,209.44,85.612
273.63,138.95,209.44,85.612
273.63,138.95,209.44,85.612
279.31,136.68,209.44,85.612
283.85,138.95,209.44,85.612
286.12,138.95,209.44,85.612
288.39,138.95,209.44,85.612
291.79,138.95,209.44,85.612
291.79,137.81,209.44,85.612
295.2,136.68,209.44,85.612
298.61,141.22,209.44,85.612
299.69,136.86,214.08,87.506
298.49,137.06,218.81,89.442
297.25,136.07,223.66,91.421
294.78,135.06,228.6,93.444
292.25,134.02,233.66,95.511
293.52,135.29,233.66,95.511
293.46,134.23,238.83,97.624
293.46,134.23,238.83,97.624
294.76,134.23,238.83,97.624
294.76,135.53,238.83,97.624
296.06,135.53,238.83,97.624
296.01,134.45,244.12,99.784
297.33,134.45,244.12,99.784
299.98,135.77,244.12,99.784
301.3,137.1,244.12,99.784
301.3,137.1,244.12,99.784
302.62,137.1,244.12,99.784
303.95,137.1,244.12,99.784
303.95,137.1,244.12,99.784
306.6,137.1,244.12,99.784
307.92,137.1,244.12,99.784
309.24,137.1,244.12,99.784
309.24,138.42,244.12,99.784
311.85,139.48,238.91,97.656
310.5,138.4,244.2,99.817
311.82,138.4,244.2,99.817
313.15,138.4,244.2,99.817
313.15,138.4,244.2,99.817
313.15,138.4,244.2,99.817
313.15,138.4,244.2,99.817
314.47,139.73,244.2,99.817
318.4,142.11,238.99,97.688
322.24,144.45,233.89,95.605
323.51,144.45,233.89,95.605
324.78,145.72,233.89,95.605
324.78,146.99,233.89,95.605
322.19,145.93,239.07,97.721
323.49,145.93,239.07,97.721
323.49,145.93,239.07,97.721
323.49,145.93,239.07,97.721
324.78,145.93,239.07,97.721
326.08,147.23,239.07,97.721
326.08,148.52,239.07,97.721
324.73,147.44,244.36,99.883
324.73,148.77,244.36,99.883
322.03,146.34,249.76,102.09
322.03,147.69,249.76,102.09
322.03,149.05,249.76,102.09
323.38,151.76,249.76,102.09
324.74,153.11,249.76,102.09
328.75,155.56,244.44,99.915
330.08,155.56,244.44,99.915
331.41,155.56,244.44,99.915
331.41,155.56,244.44,99.915
332.73,155.56,244.44,99.915
334.06,155.56,244.44,99.915
335.38,155.56,244.44,99.915
335.38,154.23,244.44,99.915
335.38,155.56,244.44,99.915
335.38,155.56,244.44,99.915
336.71,158.21,244.44,99.915
338.03,158.21,244.44,99.915
336.71,159.53,244.44,99.915
339.31,159.27,239.22,97.785
341.86,160.32,234.12,95.699
344.36,163.87,229.13,93.659
340.63,165.12,229.13,93.659
339.39,166.36,229.13,93.659
338.15,168.85,229.13,93.659
336.9,168.85,229.13,93.659
336.9,168.85,229.13,93.659
336.9,170.09,229.13,93.659
335.66,171.33,229.13,93.659
334.42,172.57,229.13,93.659
331.93,175.06,229.13,93.659
330.69,172.57,229.13,93.659
329.44,175.06,229.13,93.659
326.96,177.55,229.13,93.659
323.23,178.79,229.13,93.659
323.23,177.55,229.13,93.659
319.5,180.03,229.13,93.659
319.5,178.79,229.13,93.659
317.01,181.28,229.13,93.659
313.28,181.28,229.13,93.659
313.28,182.52,229.13,93.659
308.26,183.97,234.2,95.731
299.32,184.18,239.38,97.849
296.67,181.8,244.68,100.01
299.28,185.52,239.46,97.881
295.38,185.52,239.46,97.881
296.64,189.16,234.35,95.793
295.33,186.37,229.35,93.751
292.84,192.59,229.35,93.751
292.84,195.07,229.35,93.751
292.8,199.8,224.46,91.751
291.54,205.65,219.68,89.795
287.96,203.27,219.68,89.795
285.54,210.19,214.99,87.88
282.04,212.52,214.99,87.88
271.54,224.19,214.99,87.88
272.66,223.96,210.41,86.006
258.93,236.28,205.92,84.172
252.19,235.35,210.48,86.034
245.34,236.49,210.48,86.034
237.35,238.78,210.48,86.034
232.79,242.2,210.48,86.034
224.8,244.48,210.48,86.034
214.53,249.05,210.48,86.034
211.07,253.39,205.99,84.199
206.56,256.52,201.59,82.404
199.96,260.68,197.3,80.646
207.41,257.26,193.09,78.927
201.13,259.35,193.09,78.927
196.94,261.45,193.09,78.927
187.48,264.38,188.97,77.244
186.42,264.56,193.15,78.953
175.95,267.7,193.15,78.953
178.04,266.65,193.15,78.953
172.77,266.44,189.03,77.269
168.63,267.27,185,75.621
167.63,266.26,185,75.621
165.59,262.05,181.06,74.008
154.74,264.18,185.06,75.646
154.7,265.35,189.16,77.32
152.65,266.38,189.16,77.32
143.42,269.45,189.16,77.32
144.42,272.33,185.12,75.671
139.4,272.33,185.12,75.671
134.38,273.33,185.12,75.671
130.32,273.5,189.22,77.345
127.24,274.52,189.22,77.345
128.24,275.35,185.18,75.695
124.22,276.35,185.18,75.695
120.2,276.35,185.18,75.695
116.19,277.36,185.18,75.695
115.18,277.36,185.18,75.695
110.12,278.53,189.28,77.37
109.1,277.5,189.28,77.37
101.92,276.48,189.28,77.37
96.75,278.7,193.47,79.082
92.554,278.7,193.47,79.082
91.505,279.75,193.47,79.082
85.169,280.97,197.75,80.832
77.661,282.04,197.75,80.832
72.298,283.11,197.75,80.832
64.748,285.44,202.12,82.62
57.075,287.63,202.12,82.62
55.979,288.73,202.12,82.62
49.403,288.73,202.12,82.62
43.922,289.82,202.12,82.62
36.206,292.2,206.6,84.448
28.369,295.55,206.6,84.448
14.887,299.1,211.17,86.317
14.887,302.53,211.17,86.317
5.6804,305.01,215.84,88.226
-0.17257,305.01,215.84,88.226
-4.8549,306.18,215.84,88.226
-9.5373,305.01,215.84,88.226
-16.561,305.01,215.84,88.226
-14.22,305.01,215.84,88.226
-20.112,308.3,211.24,86.345
-20.112,307.15,211.24,86.345
-20.112,306.01,211.24,86.345
-19.005,310.36,206.73,84.503
-19.049,304.94,211.31,86.373
-19.096,300.55,215.98,88.284
-14.462,287.87,220.76,90.237
-16.9,291.23,216.05,88.313
-8.7375,279.7,220.83,90.267
-9.9355,280.89,220.83,90.267
-15.926,282.09,220.83,90.267
-13.53,282.09,220.83,90.267
-12.332,279.7,220.83,90.267
-6.3828,268.68,216.12,88.342
-2.9058,259.07,211.51,86.458
-5.2388,261.14,207,84.614
-5.2747,262.04,202.59,82.81
-3.0786,263.14,202.59,82.81
-7.4708,264.23,202.59,82.81
-10.765,265.33,202.59,82.81
-14.059,267.53,202.59,82.81
-17.389,267.31,198.27,81.044
-13.126,267.1,194.04,79.316
-12.11,267.95,189.9,77.624
-13.139,267.95,189.9,77.624
-14.203,266.72,185.85,75.969
-14.237,269.54,181.89,74.349
-14.27,269.35,178.01,72.763
-15.266,272.05,174.21,71.212
-14.321,272.05,174.21,71.212
-13.376,269.22,174.21,71.212
-10.54,266.38,174.21,71.212
-8.6502,255.99,174.21,71.212
-5.8476,249.19,170.5,69.693
-4.9551,246.23,166.86,68.207
-2.2719,244.24,163.3,66.752
-3.1582,244.24,163.3,66.752
-5.817,245.13,163.3,66.752
-10.248,246.9,163.3,66.752
-11.135,248.67,163.3,66.752
-12.939,244.96,159.82,65.329
-11.234,247.39,156.41,63.936
-12.963,248.07,153.08,62.572
-12.963,248.9,153.08,62.572
-13.819,250.39,149.81,61.238
-7.3584,242.41,153.13,62.593
-4.0407,238.26,153.13,62.593
-3.2113,238.26,153.13,62.593
-4.0407,238.26,153.13,62.593
-4.8701,236.6,153.13,62.593
-7.3844,238.1,149.86,61.258
-11.443,238.91,149.86,61.258
-11.443,238.1,149.86,61.258
-11.443,238.1,149.86,61.258
-12.255,238.1,149.86,61.258
-13.879,238.1,149.86,61.258
-14.69,236.48,149.86,61.258
-11.469,233.88,146.67,59.952
-6.6924,229.11,146.67,59.952
-5.1306,227.65,149.91,61.278
-6.789,223.71,153.23,62.634
-8.4806,225.21,149.96,61.298
-12.578,225.05,146.76,59.991
-12.578,223.46,146.76,59.991
-13.374,222.67,146.76,59.991
-14.17,221.87,146.76,59.991
-15.793,216.43,150.01,61.318
-15.012,195.41,153.33,62.675
-15.045,183.91,156.72,64.061
-13.347,177.11,156.72,64.061
-6.582,166.76,153.38,62.695
-4.9466,168.26,150.11,61.358
-3.346,168.91,146.91,60.05
-2.5757,169.55,143.77,58.769
-1.823,168.62,140.71,57.516
-2.611,169.23,137.71,56.289
-2.6367,169.83,134.77,55.089
-1.9054,169.83,134.77,55.089
-1.9311,169.69,131.9,53.914
-3.3625,168.97,131.9,53.914
-3.3625,168.97,131.9,53.914
-4.1031,168.83,129.08,52.765
-4.1268,168,126.33,51.639
-4.1268,168,126.33,51.639
-4.1268,167.31,126.33,51.639
-3.464,166.49,123.64,50.538
-2.8163,167.03,121,49.46
-2.8163,167.69,121,49.46
-2.8398,168.22,118.42,48.406
-2.2203,168.73,115.9,47.373
-1.614,170.5,113.42,46.363
-2.2297,170.5,113.42,46.363
-2.2297,169.88,113.42,46.363
-1.614,169.88,113.42,46.363
-1.0203,170.99,111.01,45.374
-1.0203,170.99,111.01,45.374
-1.0203,170.99,111.01,45.374
-1.0203,170.99,111.01,45.374
-1.6222,171.59,111.01,45.374
-2.8261,172.2,111.01,45.374
-3.4281,172.2,111.01,45.374
-2.2445,172.68,108.64,44.407
-3.4391,173.74,106.32,43.46
-3.4583,174.78,104.05,42.533
-3.4783,175.8,101.83,41.626
-3.4983,176.8,99.663,40.738
-4.0592,176.69,97.538,39.87
-4.078,178.17,95.458,39.019
-4.0987,177.74,97.57,39.883
-5.7054,178.7,95.489,39.032
-5.7054,179.21,95.489,39.032
-6.2402,181.7,93.453,38.2
-6.7613,183.63,91.46,37.385
-5.7861,185.51,89.51,36.588
-6.7768,188.33,87.601,35.808
-0.15376,185.09,89.539,36.6
-0.15376,185.58,89.539,36.6
4.691,182.25,91.52,37.41
4.6707,183.33,93.545,38.237
4.6707,182.31,93.545,38.237
5.6864,185.87,93.545,38.237
5.1786,188.41,93.545,38.237
2.1133,189.83,91.55,37.422
-1.3753,191.22,89.598,36.624
5.4139,188.87,91.58,37.434
5.393,186.97,93.606,38.262
5.393,186.46,93.606,38.262
3.3418,184.51,95.677,39.109
0.2051,185.97,93.637,38.275
-5.3984,185.87,91.64,37.459
-11.847,185.87,91.64,37.459
-10.87,186.77,89.686,36.66
-16.722,187.64,87.773,35.878
-27.699,184.86,89.715,36.672
-36.472,183.49,91.7,37.483
-41.968,183.89,89.745,36.684
-57.059,185.25,87.831,35.902
-62.795,185.8,89.774,36.696
-72.055,187.34,91.76,37.508
-80.042,193.4,93.79,38.338
-82.074,194.93,93.79,38.338
-85.143,196.03,95.866,39.186
-87.762,196.63,97.987,40.053
-82.466,198.65,95.897,39.199
-83.505,199.69,95.897,39.199
-85.605,199.26,98.019,40.066
-88.284,200.41,100.19,40.953
-91.022,198.33,102.4,41.859
-93.819,197.31,104.67,42.785
-96.11,195.7,106.99,43.731
-97.874,194.64,109.35,44.699
-100.86,192.96,111.77,45.688
-103.91,191.24,114.24,46.699
-99.598,189.88,111.81,45.703
-103.26,186.35,114.28,46.714
-100.78,183.25,114.28,46.714
-104.52,175.92,116.81,47.748
-99.478,172.63,114.32,46.729
-100.72,167.05,114.32,46.729
-103.22,159.72,116.85,47.763
-105.78,157.92,119.43,48.82
-108.4,157.38,122.08,49.9
-111.07,156.83,124.78,51.004
-113.8,155.59,127.54,52.133
-116.6,155.7,130.36,53.286
-119.46,155.11,133.24,54.465
-120.18,155.11,133.24,54.465
-122.38,153.79,136.19,55.67
-125.36,153.17,139.21,56.902
-118.6,154.53,136.24,55.688
-120.81,156.01,136.24,55.688
-121.55,155.27,136.24,55.688
-122.29,155.27,136.24,55.688
-125.28,153.92,139.25,56.92
-129.08,151.78,142.33,58.18
-132.2,151.14,145.48,59.467
-125.13,152.56,142.38,58.199
-124.39,153.95,139.34,56.958
-125.14,156.22,139.34,56.958
-128.95,155.59,142.43,58.218
-131.3,154.94,145.58,59.506
-135.28,154.28,148.8,60.823
-137.73,154.42,152.09,62.168
-141.06,153.73,155.46,63.544
-133.51,153.56,152.14,62.189
-134.36,154.23,148.9,60.862
-137.62,153.55,152.19,62.209
-140.96,152.87,155.56,63.585
-134.24,154.39,152.24,62.229
-134.27,154.23,148.99,60.902
-138.34,154.36,152.29,62.25
-141.67,153.67,155.66,63.627
-134.96,152.66,152.34,62.27
-136.61,151.84,152.34,62.27
-141.59,151.97,155.71,63.648
-134.02,153.5,152.39,62.291
-133.22,154.16,149.14,60.962
-137.29,153.49,152.44,62.311
-141.46,153.63,155.81,63.69
-133.88,153.46,152.49,62.332
-136.37,153.46,152.49,62.332
-141.36,152.77,155.86,63.711
-145.62,152.07,159.31,65.12
-138.74,151.03,155.91,63.731
-144.69,151.17,159.36,65.142
-137.8,150.14,155.97,63.752
-142.02,150.14,155.97,63.752
-135.29,145.74,152.64,62.393
-141.94,145.05,156.02,63.773
-146.2,144.35,159.47,65.184
-140.18,144.18,156.07,63.794
-146.14,143.47,159.52,65.206
-140.98,142.44,156.12,63.815
-135.08,142.27,152.79,62.454
-138.4,141.44,152.79,62.454
-141.75,139.92,156.17,63.836
-135,140.6,152.84,62.475
-138.32,138.95,152.84,62.475
-132.54,137.95,149.58,61.142
-139.88,137.28,152.89,62.495
-139.88,135.62,152.89,62.495
-134.1,134.62,149.63,61.162
-141.44,134.76,152.94,62.516
-141.44,133.1,152.94,62.516
-138.98,132.94,149.68,61.183
-135.76,132.78,146.49,59.878
-131.82,133.42,143.36,58.601
-131.82,133.42,143.36,58.601
-131.82,134.97,143.36,58.601
-131.04,138.85,143.36,58.601
-127.96,143.36,140.31,57.351
-123.39,154.01,140.31,57.351
-131.03,158.7,143.41,58.62
-122.5,159.33,140.35,57.37
-127.06,157.81,140.35,57.37
-133.94,151.85,143.46,58.639
-130.08,147.8,140.4,57.389
-127.06,143.09,137.4,56.165
-125.57,136.38,137.4,56.165
-122.61,135.49,134.47,54.967
-119.72,133.89,131.61,53.795
-117.6,130.89,128.8,52.648
-114.83,129.36,126.05,51.525
-111.44,131.28,123.36,50.426
-119.49,128.04,126.09,51.542
-118.12,125.31,126.09,51.542
-115.4,122.44,123.4,50.443
-112.73,121.77,123.4,50.443
-109.41,120.3,120.77,49.367
-106.16,117.55,118.2,48.314
-114.52,115.73,120.81,49.383
-113.21,114.42,120.81,49.383
-110.61,114.3,118.24,48.33
-108.07,114.81,115.72,47.3
-105.58,114.69,113.25,46.291
-103.76,115.18,110.83,45.304
-101.97,115.06,108.47,44.338
-102.58,113.98,110.87,45.319
-101.98,112.78,110.87,45.319
-101.98,111.58,110.87,45.319
-101.98,110.37,110.87,45.319
-101.98,110.97,110.87,45.319
-100.8,112.06,108.5,44.352
-102,110.98,110.9,45.333
-100.82,110.86,108.54,44.367
-102.02,109.19,110.94,45.348
-100.83,109.08,108.58,44.381
-100.83,107.31,108.58,44.381
-99.677,107.2,106.26,43.435
-98.544,107.66,103.99,42.509
-97.435,108.11,101.78,41.602
-97.435,107.01,101.78,41.602
-97.435,105.36,101.78,41.602
-97.435,102.6,101.78,41.602
-97.435,100.4,101.78,41.602
-97.435,98.195,101.78,41.602
-97.435,96.542,101.78,41.602
-97.435,94.338,101.78,41.602
-97.435,92.134,101.78,41.602
-96.884,92.134,101.78,41.602
-98.01,93.327,104.03,42.522
-96.336,94.345,101.81,41.616
-96.336,94.898,101.81,41.616
-96.336,96.004,101.81,41.616
-96.336,97.663,101.81,41.616
-96.336,99.322,101.81,41.616
-96.336,102.09,101.81,41.616
-94.698,104.74,99.639,40.728
-93.635,107.34,97.514,39.86
-93.635,103.63,97.514,39.86
-93.635,100.46,97.514,39.86
-93.635,99.4,97.514,39.86
-93.635,96.223,97.514,39.86
-93.635,90.4,97.514,39.86
-93.106,85.105,97.514,39.86
-92.577,78.223,97.514,39.86
-92.047,73.458,97.514,39.86
-92.047,67.105,97.514,39.86
-92.047,60.223,97.514,39.86
-92.047,54.4,97.514,39.86
-92.047,52.811,97.514,39.86
-92.047,51.223,97.514,39.86
-92.047,49.635,97.514,39.86
-91.518,49.635,97.514,39.86
-89.949,50.06,95.434,39.01
-89.431,51.095,95.434,39.01
-87.896,50.993,93.399,38.178
-87.39,50.993,93.399,38.178
-85.888,50.895,91.407,37.364
-85.392,50.895,91.407,37.364
-85.907,49.985,93.43,38.19
-86.941,49.057,95.497,39.035
-89.55,47.59,97.61,39.899
-91.689,45.56,99.769,40.782
-93.333,43.485,101.98,41.684
-93.333,41.827,101.98,41.684
-98.885,38.601,104.23,42.606
-98.32,36.342,104.23,42.606
-96.644,34.537,102.01,41.698
-96.091,32.879,102.01,41.698
-94.451,33.323,99.835,40.808
-92.845,33.217,97.706,39.938
-92.316,32.158,97.706,39.938
-91.786,31.1,97.706,39.938
-90.215,30.996,95.622,39.086
-88.678,30.895,93.583,38.253
-88.17,29.879,93.583,38.253
-86.664,29.272,91.587,37.437
-86.168,29.272,91.587,37.437
-84.696,29.671,89.634,36.639
-83.254,30.061,87.723,35.857
-82.777,30.061,87.723,35.857
-81.365,31.397,85.852,35.093
-80.901,31.861,85.852,35.093
-79.52,34.094,84.021,34.344
-79.065,36.824,84.021,34.344
-77.715,40.829,82.229,33.612
-77.27,43.5,82.229,33.612
-76.825,44.39,82.229,33.612
-75.503,45.639,80.476,32.895
-74.207,46.427,78.76,32.194
-72.94,47.197,77.08,31.507
-72.522,48.45,77.08,31.507
-72.105,49.286,77.08,31.507
-71.687,49.703,77.08,31.507
-70.448,51.292,75.436,30.835
-71.282,48.902,77.105,31.518
-70.46,48.403,75.461,30.845
-69.246,47.092,73.852,30.188
-69.246,46.292,73.852,30.188
-68.058,47.014,72.277,29.544
-67.666,49.759,72.277,29.544
-67.274,50.544,72.277,29.544
-66.111,52.82,70.736,28.914
-66.111,52.435,70.736,28.914
-65.727,53.204,70.736,28.914
-66.509,52.884,72.301,29.554
-67.309,52.165,73.9,30.207
-68.126,52.231,75.535,30.876
-68.536,52.231,75.535,30.876
-69.782,52.709,77.207,31.559
-69.362,54.387,77.207,31.559
-70.201,55.646,77.207,31.559
-69.782,56.905,77.207,31.559
-73.153,56.136,78.915,32.257
-73.599,55.352,80.661,32.971
-75.803,54.55,82.445,33.7
-74.477,54.462,80.687,32.982
-73.179,54.377,78.966,32.278
-73.625,53.165,80.714,32.992
-73.188,52.29,80.714,32.992
-71.89,52.642,78.992,32.289
-71.89,52.642,78.992,32.289
-71.89,52.214,78.992,32.289
-70.621,52.986,77.308,31.6
-70.621,52.147,77.308,31.6
-70.621,52.147,77.308,31.6
-70.621,52.147,77.308,31.6
-70.201,52.986,77.308,31.6
-70.201,52.986,77.308,31.6
-70.201,52.986,77.308,31.6
-70.201,52.986,77.308,31.6
-70.201,53.406,77.308,31.6
-69.781,53.406,77.308,31.6
-69.362,53.406,77.308,31.6
-68.118,54.162,75.659,30.926
-68.118,54.982,75.659,30.926
-68.118,56.211,75.659,30.926
-68.118,56.211,75.659,30.926
-68.118,56.211,75.659,30.926
-66.901,56.951,74.046,30.267
-65.308,58.881,72.467,29.621
-63.751,60.766,70.921,28.99
-62.982,63.456,70.921,28.99
-62.598,62.303,70.921,28.99
-62.61,62.612,69.409,28.372
-62.61,59.977,69.409,28.372
-62.61,58.471,69.409,28.372
-62.61,56.965,69.409,28.372
-62.61,56.589,69.409,28.372
-62.61,56.212,69.409,28.372
-62.61,55.836,69.409,28.372
-62.61,55.836,69.409,28.372
-62.61,55.836,69.409,28.372
-62.61,55.459,69.409,28.372
-62.61,54.706,69.409,28.372
-62.61,53.953,69.409,28.372
-62.61,53.577,69.409,28.372
-62.61,53.201,69.409,28.372
-62.61,52.824,69.409,28.372
-62.61,52.824,69.409,28.372
-61.117,55.009,67.929,27.767
-60.024,56.779,66.48,27.174
-58.955,58.512,65.062,26.595
-58.261,58.09,63.675,26.028
-59.311,57.112,65.084,26.604
-60.031,55.406,66.524,27.192
-61.849,54.383,67.996,27.794
-62.601,53.707,69.5,28.409
-62.601,53.331,69.5,28.409
-61.483,53.257,68.018,27.803
-60.39,53.554,66.567,27.21
-60.39,53.193,66.567,27.21
-60.39,52.832,66.567,27.21
-62.569,51.449,68.04,27.812
-63.322,50.773,69.546,28.427
-65.221,49.329,71.084,29.056
-66.007,47.848,72.657,29.699
-66.007,46.666,72.657,29.699
-66.007,45.484,72.657,29.699
-66.007,44.695,72.657,29.699
-66.007,43.907,72.657,29.699
-66.007,43.119,72.657,29.699
-66.007,42.725,72.657,29.699
-66.007,41.937,72.657,29.699
-66.007,41.148,72.657,29.699
-66.007,40.754,72.657,29.699
-66.007,40.36,72.657,29.699
-66.007,39.966,72.657,29.699
-66.007,39.572,72.657,29.699
-66.007,39.178,72.657,29.699
-66.007,38.39,72.657,29.699
-66.007,37.995,72.657,29.699
-66.007,37.601,72.657,29.699
-66.007,37.207,72.657,29.699
-66.007,36.813,72.657,29.699
-66.007,36.419,72.657,29.699
-66.007,36.419,72.657,29.699
-66.007,36.419,72.657,29.699
-66.007,36.419,72.657,29.699
-66.007,36.419,72.657,29.699
-66.007,36.419,72.657,29.699
-66.007,36.813,72.657,29.699
-66.007,36.813,72.657,29.699
-66.007,36.813,72.657,29.699
-66.007,36.813,72.657,29.699
-66.007,36.419,72.657,29.699
-66.007,36.025,72.657,29.699
-66.007,35.631,72.657,29.699
-66.007,35.237,72.657,29.699
-66.007,34.843,72.657,29.699
-66.007,34.448,72.657,29.699
-66.007,34.054,72.657,29.699
-66.007,33.66,72.657,29.699
-66.007,33.66,72.657,29.699
-66.007,33.66,72.657,29.699
-66.007,34.054,72.657,29.699
-66.007,34.448,72.657,29.699
-66.007,34.843,72.657,29.699
-66.007,35.237,72.657,29.699
-66.007,35.631,72.657,29.699
-66.007,36.025,72.657,29.699
-66.007,36.419,72.657,29.699
-66.007,36.813,72.657,29.699
-66.007,37.207,72.657,29.699
-66.007,37.601,72.657,29.699
-66.007,38.39,72.657,29.699
-66.007,38.784,72.657,29.699
-66.007,39.178,72.657,29.699
-66.007,39.572,72.657,29.699
-66.007,39.572,72.657,29.699
-66.007,39.966,72.657,29.699
-66.007,40.754,72.657,29.699
-66.007,41.543,72.657,29.699
-66.007,41.148,72.657,29.699
-66.007,40.754,72.657,29.699
-66.007,40.36,72.657,29.699
-66.007,39.966,72.657,29.699
-66.007,39.966,72.657,29.699
-66.007,39.966,72.657,29.699
-66.007,40.36,72.657,29.699
-66.007,40.754,72.657,29.699
-66.007,41.148,72.657,29.699
-66.007,41.148,72.657,29.699
-66.007,41.543,72.657,29.699
-66.007,41.543,72.657,29.699
-66.007,41.148,72.657,29.699
-66.007,41.148,72.657,29.699
-66.007,40.754,72.657,29.699
-66.007,40.36,72.657,29.699
-66.007,40.36,72.657,29.699
-66.007,40.754,72.657,29.699
-66.007,41.543,72.657,29.699
-68.781,42.396,74.265,30.356
-67.989,44.73,72.681,29.709
-66.82,46.229,71.131,29.075
-66.82,47.002,71.131,29.075
-66.434,47.388,71.131,29.075
-65.676,47.698,69.614,28.455
-64.555,48.38,68.129,27.849
-64.186,49.486,68.129,27.849
-64.186,49.486,68.129,27.849
-63.818,50.96,68.129,27.849
-63.449,52.803,68.129,27.849
-63.834,52.864,69.637,28.465
-64.604,52.549,71.178,29.094
-65.392,52.227,72.752,29.738
-70.926,51.504,74.362,30.396
-70.522,49.888,74.362,30.396
-70.522,48.273,74.362,30.396
-70.522,47.869,74.362,30.396
-70.522,47.465,74.362,30.396
-70.118,48.273,74.362,30.396
-70.118,49.484,74.362,30.396
-70.118,49.484,74.362,30.396
-70.118,49.888,74.362,30.396
-70.118,49.888,74.362,30.396
-70.118,49.888,74.362,30.396
-70.118,50.292,74.362,30.396
-70.118,50.696,74.362,30.396
-70.118,50.696,74.362,30.396
-70.118,50.696,74.362,30.396
-70.118,50.292,74.362,30.396
-70.118,49.888,74.362,30.396
-70.118,49.08,74.362,30.396
-68.921,49.808,72.776,29.748
-68.527,49.414,72.776,29.748
-68.527,50.991,72.776,29.748
-68.527,51.385,72.776,29.748
-68.527,51.779,72.776,29.748
-69.332,52.238,74.386,30.406
-68.135,53.37,72.8,29.758
-68.941,51.859,74.411,30.416
-69.764,49.906,76.057,31.089
-69.352,49.906,76.057,31.089
-68.94,49.906,76.057,31.089
-68.94,50.318,76.057,31.089
-68.94,50.73,76.057,31.089
-68.94,50.73,76.057,31.089
-68.94,50.73,76.057,31.089
-68.94,50.73,76.057,31.089
-68.94,50.73,76.057,31.089
-68.94,50.318,76.057,31.089
-68.94,49.495,76.057,31.089
-68.94,47.848,76.057,31.089
-67.718,47.767,74.435,30.426
-67.718,48.171,74.435,30.426
-67.718,48.171,74.435,30.426
-67.718,47.767,74.435,30.426
-67.718,47.767,74.435,30.426
-67.718,48.171,74.435,30.426
-67.718,48.575,74.435,30.426
-67.718,48.575,74.435,30.426
-67.718,48.575,74.435,30.426
-67.718,48.979,74.435,30.426
-67.718,49.383,74.435,30.426
-67.718,49.787,74.435,30.426
-67.718,49.787,74.435,30.426
-67.718,49.383,74.435,30.426
-67.718,48.979,74.435,30.426
-69.753,47.835,76.082,31.099
-70.594,48.726,77.765,31.787
-71.455,49.217,79.486,32.491
-69.744,52.583,77.791,31.798
-68.072,55.452,76.132,31.12
-68.072,57.934,76.132,31.12
-66.019,61.162,74.508,30.456
-71.286,63.249,76.157,31.13
-69.233,65.649,74.533,30.466
-68.829,64.842,74.533,30.466
-68.425,63.226,74.533,30.466
-68.021,60.802,74.533,30.466
-66.823,57.492,72.943,29.816
-67.63,55.578,74.557,30.476
-69.262,54.837,76.207,31.15
-72.174,54.492,77.893,31.839
-72.614,53.297,79.616,32.544
-72.614,52.434,79.616,32.544
-72.183,52.003,79.616,32.544
-71.751,52.434,79.616,32.544
-70.471,54.075,77.918,31.85
-70.471,54.075,77.918,31.85
-70.471,53.232,77.918,31.85
-70.471,52.81,77.918,31.85
-70.471,52.389,77.918,31.85
-70.471,52.389,77.918,31.85
-70.049,51.967,77.918,31.85
-69.628,52.389,77.918,31.85
-75.549,53.723,79.642,32.555
-75.117,54.585,79.642,32.555
-74.686,55.017,79.642,32.555
-74.255,55.017,79.642,32.555
-74.273,55.519,81.405,33.275
-73.832,56.402,81.405,33.275
-72.949,56.843,81.405,33.275
-71.199,58.08,79.669,32.565
-77.688,57.288,81.431,33.286
-77.247,56.847,81.431,33.286
-76.806,55.524,81.431,33.286
-76.365,55.524,81.431,33.286
-76.824,54.273,83.233,34.022
-77.745,53.446,85.074,34.775
-77.284,52.524,85.074,34.775
-75.916,51.513,83.26,34.033
-75.916,48.807,83.26,34.033
-75.916,46.552,83.26,34.033
-75.916,44.748,83.26,34.033
-75.916,43.395,83.26,34.033
-75.916,42.944,83.26,34.033
-75.916,42.493,83.26,34.033
-75.916,42.042,83.26,34.033
-75.916,41.591,83.26,34.033
-75.916,41.591,83.26,34.033
-75.916,41.591,83.26,34.033
-75.916,42.944,83.26,34.033
-75.916,44.297,83.26,34.033
-75.916,45.65,83.26,34.033
-75.916,47.003,83.26,34.033
-75.916,48.356,83.26,34.033
-75.916,49.258,83.26,34.033
-75.916,50.16,83.26,34.033
-75.916,50.611,83.26,34.033
-75.916,51.062,83.26,34.033
-75.916,51.062,83.26,34.033
-75.916,50.16,83.26,34.033
-75.916,49.258,83.26,34.033
-75.916,48.356,83.26,34.033
-75.916,47.003,83.26,34.033
-75.916,45.65,83.26,34.033
-75.465,45.65,83.26,34.033
-75.014,46.101,83.26,34.033
-77.269,46.101,83.26,34.033
-75.931,47.366,81.485,33.308
-74.621,48.603,79.747,32.597
-73.337,49.384,78.046,31.902
-72.913,49.808,78.046,31.902
-71.658,49.724,76.382,31.222
-70.429,49.644,74.753,30.556
-70.024,49.238,74.753,30.556
-68.821,49.563,73.159,29.904
-68.425,49.563,73.159,29.904
-67.248,50.278,71.599,29.267
-66.097,50.979,70.072,28.643
-66.872,50.662,71.622,29.276
-67.664,50.338,73.207,29.924
-66.488,51.053,71.646,29.286
-66.892,50.341,73.231,29.934
-67.702,49.612,74.851,30.596
-67.702,48.8,74.851,30.596
-67.702,48.394,74.851,30.596
-73.401,47.65,76.507,31.273
-73.831,47.304,78.2,31.965
-73.408,47.304,78.2,31.965
-72.984,46.88,78.2,31.965
-71.727,47.645,76.532,31.283
-70.495,48.394,74.9,30.616
-70.089,48.394,74.9,30.616
-68.885,49.532,73.303,29.963
-67.705,50.25,71.74,29.324
-66.552,50.951,70.21,28.699
-65.423,51.637,68.713,28.087
-65.05,52.009,68.713,28.087
-65.811,51.326,70.233,28.708
-64.681,52.013,68.735,28.096
-63.576,52.312,67.269,27.497
-63.211,53.042,67.269,27.497
-62.846,53.771,67.269,27.497
-62.846,53.771,67.269,27.497
-62.846,54.501,67.269,27.497
-63.226,54.926,68.758,28.105
-63.987,54.615,70.279,28.727
-63.987,54.615,70.279,28.727
-63.987,54.234,70.279,28.727
-63.987,53.854,70.279,28.727
-63.987,53.474,70.279,28.727
-63.606,53.474,70.279,28.727
-62.476,54.541,68.78,28.115
-61.37,55.213,67.314,27.515
-60.288,56.236,65.878,26.928
-59.229,56.523,64.473,26.354
-58.192,57.502,63.098,25.792
-56.833,59.15,61.753,25.242
-55.839,59.754,60.436,24.704
-54.868,60.672,59.147,24.177
-53.915,61.252,57.886,23.661
-52.671,61.818,56.651,23.157
-51.451,62.68,55.443,22.663
-50.26,63.522,54.261,22.18
-49.962,62.926,54.261,22.18
-49.085,63.758,53.104,21.707
-48.787,63.162,53.104,21.707
-48.787,62.864,53.104,21.707
-47.923,63.096,51.971,21.244
-47.071,63.62,50.863,20.791
-46.23,64.14,49.778,20.347
-50.357,63.915,50.88,20.797
-49.75,64.219,50.88,20.797
-48.599,64.745,49.795,20.354
-47.472,65.558,48.733,19.92
-46.655,65.77,47.693,19.495
-45.848,65.978,46.676,19.079
-45.052,66.181,45.681,18.673
-44.267,66.082,44.707,18.274
-43.492,66.277,43.753,17.885
-42.728,66.468,42.82,17.503
-46.778,65.976,43.768,17.89
-46.17,65.672,43.768,17.89
-45.096,65.863,42.834,17.509
-44.043,66.05,41.921,17.136
-43.745,65.454,41.921,17.136
-43,65.935,41.027,16.77
-42.264,66.411,40.152,16.413
-41.538,66.288,39.296,16.063
-42.569,66.409,40.165,16.418
-43.177,66.105,40.165,16.418
-43.621,65.619,41.054,16.781
-43.183,65.488,40.178,16.423
-42.755,65.663,39.322,16.073
-42.038,65.537,38.483,15.73
-42.165,65.363,39.334,16.078
-46.551,63.361,40.205,16.434
-46.686,62.25,41.094,16.798
-46.369,61.933,41.094,16.798
-45.613,62.429,40.218,16.439
-45.303,62.429,40.218,16.439
-44.993,62.119,40.218,16.439
-44.255,62.605,39.36,16.089
-43.951,62.605,39.36,16.089
-43.227,63.08,38.521,15.746
-42.518,63.546,37.699,15.41
-41.818,65.499,36.895,15.081
-41.818,65.797,36.895,15.081
-41.818,65.797,36.895,15.081
-41.818,65.797,36.895,15.081
-41.818,65.797,36.895,15.081
-41.818,65.797,36.895,15.081
-42.226,65.034,37.712,15.415
-42.644,63.951,38.546,15.756
-43.07,63.157,39.399,16.105
-43.07,62.84,39.399,16.105
-45.412,62.344,40.271,16.461
-44.659,62.52,39.412,16.11
-44.777,62.341,40.284,16.466
-45.546,61.189,41.175,16.831
-46.002,60.008,42.086,17.203
-49.181,58.8,43.017,17.584
-49.657,58.606,43.969,17.973
-49.789,58.052,44.942,18.37
-50.286,56.761,45.936,18.777
-53.759,55.441,46.953,19.192
-54.278,55.229,47.991,19.617
-54.809,54.239,49.053,20.051
-54.415,53.845,49.053,20.051
-54.021,53.451,49.053,20.051
-53.104,54.059,48.007,19.623
-53.104,54.059,48.007,19.623
-55.566,53.069,49.069,20.058
-54.647,54.075,48.023,19.63
-54.792,53.858,49.085,20.064
-55.731,52.448,50.171,20.508
-57.498,50.605,51.281,20.962
-58.065,49.96,52.416,21.426
-59.488,48.88,53.576,21.9
-59.488,48.448,53.576,21.9
-59.488,48.448,53.576,21.9
-59.488,48.448,53.576,21.9
-59.488,48.448,53.576,21.9
-59.488,48.448,53.576,21.9
-59.488,48.448,53.576,21.9
-59.488,48.448,53.576,21.9
-59.488,48.448,53.576,21.9
-61.806,48.206,54.761,22.384
-62.412,47.958,55.973,22.879
-62.412,48.409,55.973,22.879
-65.737,47.254,57.211,23.386
-64.666,48.886,55.991,22.887
-64.215,49.788,55.991,22.887
-64.384,49.986,57.23,23.393
-65.017,49.266,58.496,23.911
-66.134,47.59,59.79,24.44
-65.014,47.85,58.515,23.919
-64.544,47.85,58.515,23.919
-63.449,48.106,57.267,23.409
-63.449,48.106,57.267,23.409
-63.449,48.106,57.267,23.409
-63.449,48.566,57.267,23.409
-63.449,48.566,57.267,23.409
-63.449,48.566,57.267,23.409
-63.449,49.027,57.267,23.409
-63.449,49.027,57.267,23.409
-63.449,49.027,57.267,23.409
-63.449,49.027,57.267,23.409
-68.23,48.768,58.534,23.926
-67.759,49.239,58.534,23.926
-66.665,49.964,57.286,23.416
-66.204,49.964,57.286,23.416
-65.132,50.675,56.065,22.917
-64.681,50.675,56.065,22.917
-64.23,50.675,56.065,22.917
-63.182,51.821,54.869,22.428
-62.155,52.06,53.699,21.95
-61.149,52.728,52.554,21.482
-60.726,52.728,52.554,21.482
-60.302,53.151,52.554,21.482
-59.879,53.998,52.554,21.482
-58.895,55.498,51.433,21.024
-57.933,56.136,50.336,20.575
-57.933,56.136,50.336,20.575
-57.933,55.73,50.336,20.575
-57.933,55.73,50.336,20.575
-58.49,55.908,51.45,21.031
-59.059,55.676,52.588,21.496
-59.641,55.014,53.752,21.971
-60.669,54.771,54.941,22.458
-62.606,54.966,56.156,22.954
-63.227,54.259,57.399,23.462
-66.176,53.999,58.669,23.981
-66.825,52.789,59.967,24.512
-71.347,51.553,61.294,25.054
-72.025,49.794,62.65,25.609
-70.853,49.563,61.314,25.063
-69.705,49.336,60.006,24.528
-68.583,49.597,58.727,24.005
-68.11,49.597,58.727,24.005
-67.012,50.799,57.474,23.493
-66.549,51.724,57.474,23.493
-66.086,52.65,57.474,23.493
-65.011,53.826,56.249,22.992
-63.958,54.524,55.049,22.502
-62.928,55.65,53.875,22.022
-62.494,56.083,53.875,22.022
-62.061,56.516,53.875,22.022
-61.628,56.95,53.875,22.022
-60.62,58.485,52.726,21.552
-59.632,59.565,51.602,21.093
-58.251,60.622,50.501,20.643
-56.9,61.248,49.424,20.203
-55.577,61.861,48.37,19.772
-55.722,60.862,49.441,20.209
-55.324,60.464,49.441,20.209
-54.399,61.077,48.386,19.778
-53.493,62.069,47.354,19.357
-52.606,63.422,46.345,18.944
-51.739,63.624,45.356,18.54
-51.374,63.624,45.356,18.54
-50.161,64.551,44.389,18.144
-49.804,64.908,44.389,18.144
-49.447,65.265,44.389,18.144
-48.617,65.815,43.442,17.758
-47.919,66.164,43.442,17.758
-46.758,66.703,42.516,17.379
-49.973,67.197,43.457,17.763
-48.808,67.737,42.53,17.385
-48.122,67.737,42.53,17.385
-47.779,67.737,42.53,17.385
-47.436,67.737,42.53,17.385
-47.563,67.202,43.471,17.769
-47.212,66.851,43.471,17.769
-51.905,67.005,44.433,18.162
-51.679,66.445,45.416,18.564
-50.461,66.643,44.447,18.168
-49.269,66.837,43.499,17.781
-48.104,67.378,42.572,17.402
-46.963,67.906,41.664,17.031
-45.849,68.423,40.775,16.667
-45.521,68.423,40.775,16.667
-45.194,68.423,40.775,16.667
-44.104,69.256,39.906,16.312
-43.357,69.751,39.055,15.964
-43.789,69.888,39.919,16.317
-44.11,69.567,39.919,16.317
-44.231,69.065,40.802,16.678
-48.635,68.88,41.705,17.047
-47.964,68.545,41.705,17.047
-47.294,68.21,41.705,17.047
-46.958,68.21,41.705,17.047
-46.749,67.351,42.628,17.424
-45.951,67.536,41.719,17.053
-46.078,66.677,42.642,17.43
-50.667,66.827,43.585,17.816
-49.965,66.476,43.585,17.816
-49.263,66.125,43.585,17.816
-48.447,66.315,42.656,17.436
-48.576,65.779,43.599,17.822
-47.76,65.969,42.67,17.442
-47.074,65.969,42.67,17.442
-46.276,66.499,41.76,17.07
-46.401,65.635,42.684,17.447
-46.058,65.635,42.684,17.447
-50.647,66.128,43.628,17.833
-49.945,65.777,43.628,17.833
-49.243,65.777,43.628,17.833
-48.076,66.319,42.698,17.453
-46.935,66.505,41.787,17.081
-46.597,66.505,41.787,17.081
-47.06,65.641,42.712,17.459
-48.905,65.791,43.657,17.845
-48.088,65.981,42.726,17.464
-48.216,65.443,43.671,17.851
-47.399,65.634,42.74,17.47
-47.054,65.288,42.74,17.47
-48.907,65.44,43.685,17.857
-48.091,65.631,42.754,17.476
-46.944,66.162,41.842,17.103
-45.824,66.682,40.95,16.739
-46.277,66.167,41.856,17.109
-46.74,65.641,42.782,17.487
-48.594,65.792,43.728,17.874
-49.077,65.242,44.696,18.27
-52.097,65.4,45.685,18.674
-52.234,64.088,46.695,19.087
-52.751,63.124,47.729,19.509
-53.663,62.524,48.785,19.941
-55.379,62.303,49.864,20.382
-54.977,61.499,49.864,20.382
-54.575,60.695,49.864,20.382
-57.136,61.676,50.967,20.833
-56.727,61.266,50.967,20.833
-56.317,60.856,50.967,20.833
-57.291,61.035,52.095,21.294
-59.545,61.219,53.247,21.765
-60.134,59.69,54.425,22.247
-64.689,59.883,55.63,22.739
-63.791,59.434,55.63,22.739
-62.3,60.126,54.443,22.254
-62.463,59.001,55.648,22.747
-62.014,58.552,55.648,22.747
-61.565,58.552,55.648,22.747
-62.63,58.301,56.879,23.25
-62.171,57.383,56.879,23.25
-68.306,57.585,58.138,23.764
-67.369,58.053,58.138,23.764
-66.9,58.053,58.138,23.764
-65.343,58.775,56.898,23.257
-64.277,58.564,55.684,22.761
-62.786,59.256,54.497,22.276
-62.346,59.256,54.497,22.276
-61.907,59.256,54.497,22.276
-60.887,59.494,53.335,21.801
-60.458,59.494,53.335,21.801
-59.03,60.155,52.197,21.336
-58.191,60.575,52.197,21.336
-57.352,60.575,52.197,21.336
-56.375,61.222,51.084,20.881
-59.823,62.226,52.214,21.343
-58.427,62.874,51.101,20.888
-57.059,63.508,50.011,20.443
-55.721,63.726,48.945,20.007
-55.327,63.726,48.945,20.007
-54.933,63.726,48.945,20.007
-54.539,63.332,48.945,20.007
-55.08,63.505,50.028,20.449
-53.743,63.321,48.961,20.013
-57.832,63.888,50.044,20.456
-57.428,63.484,50.044,20.456
-56.086,63.702,48.977,20.02
-56.234,63.086,50.06,20.463
-56.384,62.456,51.168,20.915
-59.832,63.46,52.3,21.378
-59.411,63.038,52.3,21.378
-58.989,62.617,52.3,21.378
-57.588,62.845,51.185,20.922
-58.155,63.025,52.317,21.385
-57.733,62.604,52.317,21.385
-58.312,63.21,53.475,21.858
-63.649,62.106,54.658,22.342
-62.183,62.785,53.492,21.865
-61.752,62.354,53.492,21.865
-61.321,61.922,53.492,21.865
-59.888,62.587,52.352,21.399
-58.486,63.236,51.235,20.943
-57.116,63.871,50.143,20.496
-55.774,64.09,49.073,20.059
-55.378,64.09,49.073,20.059
-54.982,64.09,49.073,20.059
-54.586,64.09,49.073,20.059
-55.129,64.66,50.159,20.503
-54.725,64.66,50.159,20.503
-59.723,64.03,51.269,20.957
-58.895,63.202,51.269,20.957
-59.049,62.557,52.403,21.42
-59.207,62.32,53.562,21.894
-60.662,62.509,54.748,22.379
-60.221,61.626,54.748,22.379
-59.78,61.626,54.748,22.379
-65.679,60.938,55.959,22.874
-65.228,60.036,55.959,22.874
-64.777,59.585,55.959,22.874
-63.279,59.829,54.766,22.386
-62.838,59.387,54.766,22.386
-63.002,58.699,55.977,22.881
-62.551,58.248,55.977,22.881
-62.1,57.797,55.977,22.881
-62.1,57.797,55.977,22.881
-62.1,57.797,55.977,22.881
-62.1,57.797,55.977,22.881
-62.1,57.797,55.977,22.881
-62.1,57.797,55.977,22.881
-62.1,57.797,55.977,22.881
-62.1,57.797,55.977,22.881
-62.1,57.797,55.977,22.881
-62.1,57.797,55.977,22.881
-62.1,57.797,55.977,22.881
-62.1,57.797,55.977,22.881
-62.1,57.797,55.977,22.881
-62.1,57.797,55.977,22.881
-62.1,57.797,55.977,22.881
-62.1,57.797,55.977,22.881
-62.1,57.797,55.977,22.881
-62.1,57.797,55.977,22.881
-62.1,57.797,55.977,22.881
-62.1,57.797,55.977,22.881
-62.1,57.346,55.977,22.881
-62.1,56.444,55.977,22.881
-62.1,55.542,55.977,22.881
-62.1,55.091,55.977,22.881
-62.1,54.64,55.977,22.881
-62.1,54.64,55.977,22.881
-62.1,54.64,55.977,22.881
-62.1,54.64,55.977,22.881
-62.1,54.189,55.977,22.881
-62.1,53.738,55.977,22.881
-62.1,54.189,55.977,22.881
-62.1,54.189,55.977,22.881
-62.1,54.64,55.977,22.881
-62.1,55.091,55.977,22.881
-62.1,55.542,55.977,22.881
-62.1,55.993,55.977,22.881
-62.1,56.895,55.977,22.881
-61.649,57.797,55.977,22.881
-61.198,59.15,55.977,22.881
-59.7,59.845,54.783,22.393
-65.6,59.597,55.996,22.889
-64.698,59.597,55.996,22.889
-64.247,59.146,55.996,22.889
-63.199,58.939,54.801,22.401
-61.732,59.619,53.633,21.923
-61.894,58.945,54.819,22.408
-61.453,58.945,54.819,22.408
-61.012,58.945,54.819,22.408
-59.986,59.625,53.65,21.93
-58.983,60.29,52.506,21.462
-57.999,61.366,51.387,21.005
-57.585,61.78,51.387,21.005
-56.758,62.607,51.387,21.005
-55.796,63.245,50.291,20.557
-54.448,63.87,49.218,20.118
-53.131,64.877,48.169,19.689
-51.841,65.475,47.141,19.269
-50.578,66.061,46.136,18.859
-49.713,66.635,45.152,18.456
-48.869,67.194,44.189,18.063
-48.512,67.194,44.189,18.063
-48.155,67.194,44.189,18.063
-47.799,66.48,44.189,18.063
-52.57,66.994,45.167,18.462
-50.994,67.191,44.204,18.069
-49.809,67.384,43.261,17.683
-49.111,67.384,43.261,17.683
-47.952,67.572,42.339,17.306
-46.818,67.757,41.436,16.937
-45.709,68.271,40.552,16.576
-44.95,68.775,39.687,16.223
-44.63,69.095,39.687,16.223
-43.568,69.587,38.841,15.877
-42.526,70.07,38.013,15.538
-41.815,70.542,37.202,15.207
-40.818,71.004,36.409,14.882
-39.834,71.163,35.632,14.565
-40.526,71.299,36.421,14.887
-40.83,70.692,36.421,14.887
-40.929,69.919,37.226,15.217
-44.129,70.061,38.05,15.553
-42.77,70.544,37.239,15.222
-41.754,70.706,36.445,14.897
-40.757,70.865,35.667,14.579
-40.459,70.567,35.667,14.579
-40.161,70.269,35.667,14.579
-41.152,70.108,36.456,14.902
-41.251,69.031,37.263,15.232
-40.234,69.503,36.468,14.907
-39.93,69.2,36.468,14.907
-39.626,68.896,36.468,14.907
-43.677,69.035,37.275,15.237
-43.053,69.346,37.275,15.237
-42.032,70.132,36.48,14.912
-41.036,70.291,35.702,14.594
-40.059,70.745,34.941,14.282
-39.09,70.897,34.196,13.978
-40.065,70.743,34.953,14.287
-40.147,69.673,35.726,14.603
-39.147,70.138,34.964,14.292
-38.166,70.595,34.218,13.987
-42.121,70.738,34.975,14.297
-41.513,70.434,34.975,14.297
-40.532,70.587,34.23,13.992
-39.571,70.736,33.5,13.693
-38.618,70.882,32.785,13.401
-39.577,70.733,33.511,13.698
-38.916,70.88,32.796,13.406
-37.97,71.022,32.097,13.12
-38.623,70.877,32.807,13.41
-38.927,70.877,32.807,13.41
-38.273,71.02,32.107,13.124
-38.926,70.875,32.818,13.414
-38.273,71.018,32.118,13.128
-39.224,70.575,32.828,13.419
-38.57,70.718,32.128,13.133
-37.631,70.858,31.443,12.853
-36.998,70.995,30.773,12.579
-36.372,71.129,30.116,12.31
-40.282,70.993,30.783,12.583
-39.674,70.689,30.783,12.583
-38.738,70.823,30.126,12.314
-37.522,71.253,29.484,12.052
-36.612,71.381,28.855,11.795
-36.612,68.699,28.855,11.795
-36.612,67.209,28.855,11.795
-36.612,66.016,28.855,11.795
-36.006,67.93,28.24,11.543
-37.213,66.909,28.864,11.799
-37.532,65.866,29.503,12.06
-37.222,65.556,29.503,12.06
-36.912,65.247,29.503,12.06
-35.978,67.234,28.874,11.802
-36.282,68.146,28.874,11.802
-35.366,68.88,28.258,11.551
-39.255,69.348,28.883,11.806
-38.951,68.74,28.883,11.806
-38.648,68.132,28.883,11.806
-38.036,68.258,28.267,11.555
-38.348,66.938,28.893,11.81
-38.044,66.938,28.893,11.81
-37.432,68.28,28.277,11.558
-37.432,68.28,28.277,11.558
-37.432,68.28,28.277,11.558
-37.134,68.28,28.277,11.558
-37.149,68.152,28.902,11.814
-36.841,68.278,28.286,11.562
-36.841,67.384,28.286,11.562
-36.543,68.278,28.286,11.562
-37.75,68.15,28.912,11.818
-38.07,66.5,29.551,12.079
-40.267,66.366,30.205,12.347
-39.628,66.498,29.561,12.083
-38.689,67.873,28.931,11.826
-37.773,69.215,28.314,11.574
-36.875,69.935,27.71,11.327
-36.281,70.353,27.119,11.085
-35.694,70.472,26.541,10.849
-36.882,70.352,27.128,11.089
-36.288,70.47,26.549,10.852
-35.707,70.884,25.983,10.621
-35.132,71.295,25.429,10.394
-34.563,71.704,24.887,10.173
-36.031,69.505,25.438,10.398
-36.312,68.478,26,10.628
-36.6,67.741,26.576,10.863
-36.6,67.106,26.576,10.863
-36.6,67.106,26.576,10.863
-38.799,65.08,27.164,11.103
-38.186,65.198,26.584,10.867
-37.585,66.267,26.017,10.635
-36.998,67.929,25.463,10.408
-36.119,69.864,24.92,10.186
-35.257,70.867,24.388,9.9689
-34.401,71.271,23.868,9.7563
-33.848,71.077,23.359,9.5482
-33.301,70.881,22.861,9.3446
-32.759,70.682,22.373,9.1453
-32.461,70.384,22.373,9.1453
-31.925,70.482,21.896,8.9503
-31.393,70.577,21.429,8.7594
-30.867,70.671,20.972,8.5726
-34.443,71.267,20.972,8.5726
-33.623,71.656,20.525,8.3898
-32.808,72.044,20.087,8.2109
-31.998,72.429,19.659,8.0358
-31.49,72.515,19.24,7.8644
-30.987,72.599,18.829,7.6967
-31.494,72.514,19.246,7.867
-31.798,72.514,19.246,7.867
-32.101,72.514,19.246,7.867
-32.405,72.514,19.246,7.867
-31.896,72.597,18.836,7.6993
-32.403,72.512,19.252,7.8696
-31.893,72.596,18.842,7.7018
-32.4,72.511,19.259,7.8722
-32.309,71.512,19.685,8.0463
-31.48,71.288,19.265,7.8748
-31.783,71.288,19.265,7.8748
-32.087,71.288,19.265,7.8748
-32.391,71.288,19.265,7.8748
-32.301,70.593,19.691,8.049
-31.991,70.283,19.691,8.049
-31.681,69.974,19.691,8.049
-35.926,70.814,20.127,8.2271
-35.609,71.132,20.127,8.2271
-34.441,71.537,19.698,8.0516
-33.607,71.935,19.278,7.8799
-32.794,72.019,18.867,7.7119
-31.997,72.697,18.464,7.5474
-31.699,72.399,18.464,7.5474
-31.204,72.181,18.07,7.3865
-30.713,71.962,17.685,7.229
-30.227,71.741,17.308,7.0748
-29.928,71.443,17.308,7.0748
-33.696,71.961,17.691,7.2313
-33.089,71.961,17.691,7.2313
-32.292,72.342,17.314,7.0771
-31.511,72.715,16.944,6.9262
-31.213,72.417,16.944,6.9262
-30.915,72.119,16.944,6.9262
-30.437,71.895,16.583,6.7785
-29.962,72.265,16.229,6.6339
-29.491,72.038,15.883,6.4925
-29.193,71.74,15.883,6.4925
-28.725,71.809,15.545,6.354
-28.261,71.877,15.213,6.2185
-27.801,71.943,14.889,6.0859
-31.84,72.174,15.218,6.2205
-31.07,73.152,14.894,6.0879
-30.315,73.813,14.576,5.9581
-29.564,73.877,14.265,5.831
-29.114,73.641,13.961,5.7067
-28.667,73.702,13.663,5.585
-28.223,73.761,13.372,5.4659
-27.783,73.819,13.087,5.3493
-31.504,74.058,13.376,5.4677
-30.896,73.754,13.376,5.4677
-30.145,74.117,13.091,5.3511
-29.112,74.472,12.812,5.2369
-28.379,74.528,12.539,5.1253
-29.114,74.173,12.816,5.2387
-28.673,74.229,12.543,5.1269
-28.242,73.985,12.275,5.0176
-29.271,73.93,12.547,5.1286
-29.41,72.961,12.824,5.2421
-28.654,73.017,12.551,5.1303
-31.528,73.568,12.829,5.2438
-31.36,73.2,13.112,5.3598
-30.585,73.575,12.833,5.2455
-29.829,73.941,12.559,5.1337
-29.087,74.3,12.291,5.0242
-28.36,74.353,12.029,4.9171
-27.933,74.406,11.773,4.8122
-27.51,74.457,11.522,4.7096
-28.531,73.511,11.777,4.8138
-28.662,72.85,12.037,4.9203
-28.662,71.61,12.037,4.9203
-28.352,73.469,12.037,4.9203
-28.352,71.92,12.037,4.9203
-32.203,70.936,12.303,5.0291
-31.885,70.301,12.303,5.0291
-31.567,69.983,12.303,5.0291
-31.25,69.666,12.303,5.0291
-30.801,69.402,12.041,4.9219
-30.363,69.764,11.784,4.8169
-30.189,69.103,12.045,4.9235
-30.013,68.739,12.311,5.0324
-30.013,68.103,12.311,5.0324
-30.013,67.786,12.311,5.0324
-30.013,67.15,12.311,5.0324
-32.055,65.824,12.584,5.1438
-31.595,66.205,12.316,5.0341
-31.146,66.576,12.053,4.9267
-30.834,66.888,12.053,4.9267
-30.394,67.252,11.796,4.8217
-30.525,67.199,12.057,4.9283
-30.658,66.521,12.324,5.0374
-30.794,65.83,12.596,5.1488
-30.934,65.447,12.875,5.2628
-30.934,65.116,12.875,5.2628
-30.934,64.784,12.875,5.2628
-34.058,64.063,13.16,5.3792
-34.204,64.004,13.451,5.4982
-34.353,63.943,13.749,5.6199
-34.505,63.526,14.053,5.7442
-34.66,62.737,14.364,5.8713
-38.154,61.931,14.681,6.0012
-38.317,61.864,15.006,6.134
-38.483,61.797,15.338,6.2697
-38.256,61.331,15.678,6.4084
-37.853,61.331,15.678,6.4084
-37.449,60.927,15.678,6.4084
-37.281,60.592,15.343,6.2717
-37.281,60.196,15.343,6.2717
-37.281,59.799,15.343,6.2717
-37.281,59.403,15.343,6.2717
-37.281,58.611,15.343,6.2717
-37.281,58.215,15.343,6.2717
-37.281,57.819,15.343,6.2717
-37.281,57.027,15.343,6.2717
-37.281,56.631,15.343,6.2717
-37.281,56.235,15.343,6.2717
-37.847,55.769,15.683,6.4105
-37.443,55.769,15.683,6.4105
-37.276,55.838,15.348,6.2738
-37.276,55.442,15.348,6.2738
-37.276,55.045,15.348,6.2738
-37.276,55.045,15.348,6.2738
-37.276,55.045,15.348,6.2738
-37.276,55.045,15.348,6.2738
-37.276,55.045,15.348,6.2738
-37.276,55.045,15.348,6.2738
-37.276,55.045,15.348,6.2738
-37.842,54.976,15.688,6.4126
-37.675,55.448,15.353,6.2759
-37.675,55.448,15.353,6.2759
-37.675,55.448,15.353,6.2759
-37.675,55.448,15.353,6.2759
-37.675,55.448,15.353,6.2759
-37.675,55.448,15.353,6.2759
-37.675,55.448,15.353,6.2759
-37.675,55.448,15.353,6.2759
-37.675,55.448,15.353,6.2759
-37.675,55.844,15.353,6.2759
-37.675,56.637,15.353,6.2759
-37.511,57.496,15.026,6.142
-37.677,58.204,15.358,6.2779
-41.412,58.927,15.698,6.4168
-41.008,59.735,15.698,6.4168
-40.604,60.543,15.698,6.4168
-40.033,62.631,15.363,6.28
-39.637,62.631,15.363,6.28
-39.077,64.678,15.036,6.146
-38.689,65.454,15.036,6.146
-38.14,65.908,14.715,6.015
-37.603,67.114,14.401,5.8867
-37.232,68.225,14.401,5.8867
-36.861,68.596,14.401,5.8867
-36.491,68.966,14.401,5.8867
-35.967,69.77,14.094,5.7612
-35.454,70.557,13.794,5.6383
-34.597,71.327,13.5,5.5181
-34.104,71.735,13.212,5.4004
-33.281,72.475,12.93,5.2852
-32.476,72.865,12.654,5.1725
-31.69,73.571,12.384,5.0622
-31.239,73.944,12.12,4.9543
-30.486,74.621,11.862,4.8486
-29.748,75.284,11.609,4.7452
-29.024,75.635,11.361,4.644
-28.605,75.684,11.119,4.545
-28.188,75.733,10.882,4.4481
-27.774,75.78,10.65,4.3532
-27.362,75.827,10.423,4.2604
-26.953,75.872,10.2,4.1695
-26.248,75.917,9.9829,4.0806
-29.637,76.169,10.204,4.1709
-29.029,76.169,10.204,4.1709
-28.313,76.214,9.9862,4.0819
-27.61,76.257,9.7732,3.9949
-26.91,76.3,9.5648,3.9097
-26.212,76.342,9.3608,3.8263
-25.516,76.383,9.1612,3.7447
-28.896,76.639,9.3639,3.8276
-28.188,76.376,9.1642,3.746
-27.196,76.714,8.9688,3.6661
-26.504,76.455,8.7775,3.5879
-25.815,76.493,8.5903,3.5114
-25.127,76.531,8.4072,3.4365
-28.499,76.791,8.5932,3.5125
-27.799,76.524,8.4099,3.4376
-26.815,76.859,8.2306,3.3643
-26.517,75.965,8.2306,3.3643
-25.833,76.001,8.055,3.2926
-25.151,76.036,7.8833,3.2224
-28.517,76.298,8.0577,3.2937
-27.823,76.333,7.8859,3.2234
-26.845,76.666,7.7177,3.1547
-26.167,76.699,7.5531,3.0874
-25.49,76.732,7.392,3.0216
-25.192,76.136,7.392,3.0216
-28.85,76.103,7.5556,3.0884
-28.242,75.799,7.5556,3.0884
-27.554,75.832,7.3945,3.0226
-26.581,76.162,7.2368,2.9581
-26.206,75.598,7.0824,2.895
13.807,115.57,6.9314,2.8333
14.775,112.32,6.7836,2.7729
14.847,112.35,6.6389,2.7137
18.494,110.59,6.4974,2.6559
21.544,108.53,6.3588,2.5992
23.63,107.34,6.3588,2.5992
26.313,106.74,6.3588,2.5992
28.697,106.15,6.3588,2.5992
28.101,106.44,6.3588,2.5992
31.081,106.44,6.3588,2.5992
34.13,105.28,6.2232,2.5438
38.07,99.345,6.0905,2.4895
38.433,98.776,5.9606,2.4364
38.433,97.882,5.9606,2.4364
38.497,99.696,5.8335,2.3845
37.963,98.529,5.7091,2.3336
17.459,127.76,5.5873,2.2839
17.221,126.59,5.4682,2.2352
16.087,124.23,5.3516,2.1875
14.952,123.36,5.2375,2.1409
14.71,122.79,5.1258,2.0952
13.572,122.22,5.0165,2.0505
12.433,121.94,4.9095,2.0068
9.7511,119.26,4.9095,2.0068
11.294,119.87,4.8048,1.964
9.5567,116.92,4.7023,1.9221
9.9049,116.94,4.602,1.8811
10.848,114.27,4.5039,1.841
7.5696,113.08,4.5039,1.841
8.5118,110.42,4.4079,1.8017
6.1744,110.44,4.3139,1.7633
25.249,115.8,4.3139,1.7633
26.785,115.52,4.2219,1.7257
27.083,115.52,4.2219,1.7257
25.34,115.84,4.1318,1.6889
23.552,115.84,4.1318,1.6889
22.314,115.82,4.2232,1.7263
24.699,116.11,4.3167,1.7645
25.008,116.42,4.3167,1.7645
21.647,116.43,4.2246,1.7269
22.208,116.72,4.3181,1.7651
21.898,117.03,4.3181,1.7651
25.877,117.94,4.4136,1.8041
25.877,117.62,4.4136,1.8041
25.877,117.3,4.4136,1.8041
26.195,117.62,4.4136,1.8041
24.336,118.59,4.3195,1.7656
27.48,118.61,4.2274,1.728
29.608,118.61,4.2274,1.728
28.133,119.24,4.1372,1.6911
29.072,119.55,4.049,1.6551
30.009,119.87,3.9627,1.6198
28.263,118.99,3.8782,1.5852
26.218,119.31,3.7955,1.5514
27.153,119.92,3.7145,1.5183
26.596,120.24,3.6353,1.486
29.317,120.55,3.5578,1.4543
29.057,121.16,3.4819,1.4233
28.124,121.74,3.559,1.4548
28.466,122.06,3.4831,1.4237
27.907,122.67,3.4088,1.3934
27.348,123.28,3.3361,1.3637
26.787,123.3,3.2649,1.3346
26.524,124.21,3.1953,1.3061
25.664,124.82,3.1272,1.2783
24.803,125.72,3.0605,1.251
24.538,126.93,2.9952,1.2243
21.887,126.64,2.9313,1.1982
22.217,127.25,2.8688,1.1727
22.247,128.76,2.8077,1.1477
21.651,129.05,2.8077,1.1477
21.383,129.07,2.7478,1.1232
20.816,129.38,2.6892,1.0992
19.057,128.2,2.6318,1.0758
17.296,128.5,2.5757,1.0528
19.085,129.1,2.5757,1.0528
17.324,129.41,2.5208,1.0304
15.861,129.72,2.467,1.0084
16.185,130.03,2.4144,0.98692
13.826,129.74,2.3629,0.96587
14.448,130.05,2.3125,0.94527
15.342,130.05,2.3125,0.94527
17.999,130.93,2.3637,0.96619
21.342,133.97,2.3637,0.96619
21.975,137.93,2.3133,0.94558
25.228,152.23,2.3645,0.9665
65.953,178.06,2.3645,0.9665
66.257,179.58,2.3645,0.9665
64.155,178.07,2.3141,0.94589
61.497,177.49,2.2647,0.92572
57.325,176.29,2.2647,0.92572
54.368,173.92,2.2164,0.90598
54.964,174.22,2.2164,0.90598
50.815,171.84,2.1691,0.88666
46.643,171.54,2.1691,0.88666
43.388,171.26,2.1229,0.86775
36.807,167.07,2.1699,0.88695
33.768,164.95,2.1699,0.88695
33.16,164.64,2.1699,0.88695
31.617,164.33,2.2179,0.90657
29.448,164.64,2.2179,0.90657
28.519,163.71,2.2179,0.90657
26.66,163.09,2.2179,0.90657
26.064,162.48,2.1706,0.88724
25.456,161.87,2.1706,0.88724
22.136,160.97,2.1243,0.86832
22.159,159.19,2.079,0.8498
18.902,155.33,2.0346,0.83168
18.924,155.93,1.9913,0.81394
18.051,154.45,1.9488,0.79659
18.37,154.46,1.9072,0.7796
17.774,152.37,1.9072,0.7796
26.417,178.9,1.9072,0.7796
25.523,180.09,1.9072,0.7796
22.244,177.7,1.9072,0.7796
21.925,175.01,1.9494,0.79685
20.71,175.01,1.9494,0.79685
23.119,175,1.9926,0.81448
21.548,175.31,2.0366,0.8325
63.795,166.09,2.0366,0.8325
63.773,163.54,2.0817,0.85092
62.155,160.31,2.0817,0.85092
61.185,159.98,2.0817,0.85092
57.626,157.72,2.0817,0.85092
53.096,155.45,2.0817,0.85092
48.891,154.81,2.0817,0.85092
46.603,151.24,2.1278,0.86974
40.638,150.25,2.1278,0.86974
40.283,150.57,2.1748,0.88899
37.909,147.85,2.1748,0.88899
35.534,144.46,2.1748,0.88899
31.464,141.75,2.1748,0.88899
27.077,140.06,2.1285,0.87003
25.111,137.42,2.0831,0.85148
24.157,137.75,2.0387,0.83332
22.569,137.75,2.0387,0.83332
19.097,135.86,1.9952,0.81555
26.6,170.16,1.9526,0.79816
25.081,166.51,1.9526,0.79816
23.865,164.69,1.9526,0.79816
23.582,164.7,1.911,0.78113
21.516,161.43,1.8702,0.76448
28.35,158.74,1.9116,0.78139
28.067,156.01,1.8709,0.76473
24.808,155.12,1.831,0.74842
24.231,153.94,1.7919,0.73246
23.953,153.65,1.7537,0.71684
23.673,153.06,1.7163,0.70155
21.587,152.46,1.7163,0.70155
21.009,151.28,1.6797,0.68659
18.941,150.1,1.6439,0.67195
24.306,189.14,1.6439,0.67195
25.181,187.94,1.6802,0.68682
19.711,186.42,1.6802,0.68682
16.368,184.9,1.6802,0.68682
41.271,225.31,1.7174,0.70201
40.36,229.97,1.6808,0.68704
37.034,229.67,1.645,0.67239
36.438,230.86,1.645,0.67239
34.948,232.06,1.645,0.67239
32.283,224.61,1.6099,0.65805
31.687,223.12,1.6099,0.65805
27.83,223.73,1.5755,0.64402
27.234,225.81,1.5755,0.64402
26.936,226.41,1.5755,0.64402
26.356,227.31,1.5419,0.63028
26.373,226.12,1.5091,0.61684
21.886,226.12,1.5425,0.63049
18.255,224.6,1.5096,0.61705
18.238,221.91,1.543,0.6307
17.934,221.61,1.543,0.6307
42.265,214.63,1.5101,0.61725
45.261,213.14,1.4779,0.60409
44.947,213.43,1.5105,0.61745
43.106,212.21,1.544,0.63111
39.682,212.2,1.5781,0.64507
42.24,212.21,1.5445,0.63132
38.505,210.97,1.5786,0.64529
38.487,209.69,1.6136,0.65956
38.164,208.72,1.6136,0.65956
37.193,209.36,1.6136,0.65956
35.899,210.66,1.6136,0.65956
35.269,211.31,1.5792,0.6455
34.968,211.64,1.5455,0.63173
34.349,212.26,1.5455,0.63173
34.039,212.26,1.5455,0.63173
35.571,213.18,1.5797,0.64571
35.588,214.14,1.546,0.63194
35.604,214.46,1.513,0.61846
35.3,215.07,1.513,0.61846
35.013,215.68,1.4808,0.60527
33.82,217.17,1.4808,0.60527
33.522,217.47,1.4808,0.60527
33.522,218.06,1.4808,0.60527
33.224,218.36,1.4808,0.60527
32.926,219.55,1.4808,0.60527
32.048,221.65,1.4492,0.59237
31.75,221.94,1.4492,0.59237
31.765,222.85,1.4183,0.57973
32.958,223.14,1.4183,0.57973
31.78,223.45,1.388,0.56737
33.285,222.86,1.3584,0.55527
35.386,223.16,1.3295,0.54343
38.665,225.84,1.3295,0.54343
43.149,226.15,1.3011,0.53184
45.548,226.45,1.2734,0.5205
46.455,226.16,1.2462,0.5094
48.244,226.46,1.2462,0.5094
47.959,226.46,1.2196,0.49854
49.151,227.06,1.2196,0.49854
46.469,229.44,1.2196,0.49854
48.257,230.64,1.2196,0.49854
51.522,230.63,1.2466,0.50957
50.015,231.24,1.22,0.4987
52.102,232.43,1.22,0.4987
52.115,233.04,1.194,0.48807
53.307,233.63,1.194,0.48807
52.127,235.43,1.1686,0.47766
52.426,235.43,1.1686,0.47766
51.817,236.61,1.1944,0.48823
50.917,237.83,1.1689,0.47781
49.725,241.41,1.1689,0.47781
47.924,241.11,1.1948,0.48839
51.584,242.33,1.1693,0.47797
51.286,241.43,1.1693,0.47797
51.286,243.82,1.1693,0.47797
50.975,246.2,1.1952,0.48855
49.468,247.42,1.1697,0.47813
48.586,248.91,1.1448,0.46793
51.269,251,1.1448,0.46793
50.387,250.41,1.1203,0.45795
46.226,251.31,1.0965,0.44819
44.748,252.5,1.0731,0.43863
45.653,253.4,1.0502,0.42928
43.865,254.6,1.0502,0.42928
44.472,256.39,1.0278,0.42012
47.166,257.88,1.0059,0.41116
47.772,260.27,0.98443,0.40239
47.485,262.06,0.96343,0.39381
47.197,264.15,0.94289,0.38541
46.005,265.05,0.94289,0.38541
46.015,266.24,0.92278,0.37719
46.025,266.55,0.9031,0.36915
45.717,267.73,0.92308,0.37732
45.413,269.86,0.92308,0.37732
46.325,271.99,0.92308,0.37732
46.031,274.43,0.9034,0.36927
46.636,276.52,0.88413,0.3614
46.05,276.82,0.86528,0.35369
45.761,278.31,0.84683,0.34615
44.876,281.59,0.82877,0.33877
45.183,282.19,0.81109,0.33154
43.105,284.58,0.7938,0.32447
43.114,286.07,0.77687,0.31755
42.815,286.67,0.77687,0.31755
43.122,287.57,0.7603,0.31078
42.832,288.76,0.74409,0.30415
43.138,290.85,0.72822,0.29767
41.059,292.64,0.71269,0.29132
43.742,295.62,0.71269,0.29132
42.251,294.73,0.71269,0.29132
35.702,296.82,0.69749,0.28511
36.298,299.5,0.69749,0.28511
36.589,301.29,0.71292,0.29141
34.461,303.42,0.71292,0.29141
35.077,304.63,0.69772,0.2852
36.276,304.34,0.68284,0.27912
32.998,307.62,0.68284,0.27912
34.488,309.41,0.68284,0.27912
35.084,311.49,0.68284,0.27912
35.978,313.28,0.68284,0.27912
35.382,315.66,0.68284,0.27912
34.48,315.66,0.69795,0.28529
