562,251,60,68
566.54,248.48,60,68
566.03,248.48,60,68
565.53,248.98,60,68
566.03,248.48,60,68
569.56,249.49,60,68
569.56,254.02,60,68
570.06,251.5,60,68
571.57,247.98,60,68
573.59,247.98,60,68
574.6,246.97,60,68
575.1,246.97,60,68
576.11,246.46,60,68
576.61,245.96,60,68
577.12,245.46,60,68
579.64,246.97,60,68
581.65,247.47,60,68
586.19,247.47,60,68
593.75,249.99,60,68
596.77,249.99,60,68
600.8,251,60,68
607.86,254.02,60,68
614.41,254.02,60,68
620.8,253.27,61.328,69.505
629.57,245.02,61.328,69.505
635.75,236.77,61.328,69.505
637.3,236.77,61.328,69.505
638.33,235.74,61.328,69.505
638.85,241.93,61.328,69.505
639.88,248.11,61.328,69.505
636.27,257.4,61.328,69.505
628.53,268.74,61.328,69.505
625.44,279.57,61.328,69.505
617.7,295.04,61.328,69.505
603.27,293.49,61.328,69.505
587.28,282.67,61.328,69.505
575.42,275.45,61.328,69.505
566.65,266.16,61.328,69.505
558.4,265.65,61.328,69.505
554.79,280.6,61.328,69.505
553.76,300.71,61.328,69.505
553.24,312.06,61.328,69.505
551.18,317.22,61.328,69.505
549.12,322.37,61.328,69.505
548.09,330.11,61.328,69.505
547.57,337.84,61.328,69.505
548.09,339.91,61.328,69.505
550.67,346.61,61.328,69.505
557.89,361.57,61.328,69.505
565.62,371.88,61.328,69.505
570.78,371.88,61.328,69.505
570.26,374.46,61.328,69.505
569.23,374.97,61.328,69.505
580.58,371.88,61.328,69.505
606.88,370.33,61.328,69.505
630.95,376.78,62.684,71.042
649.7,381.25,64.071,72.614
665.82,379.64,64.071,72.614
674.78,360.03,65.489,74.221
685.21,338.62,65.489,74.221
690.53,327.37,66.938,75.863
691.65,326.24,66.938,75.863
692.21,326.24,66.938,75.863
686.97,314.15,68.419,77.541
677.78,304.38,68.419,77.541
662.27,301.51,68.419,77.541
645.61,281.4,68.419,77.541
627.8,259.57,68.419,77.541
603.09,250.95,68.419,77.541
580.11,247.51,68.419,77.541
559.43,238.89,68.419,77.541
542.59,228.84,69.933,79.257
532.03,231.77,69.933,79.257
524.22,247.89,71.48,81.01
524.22,266.49,71.48,81.01
526.43,274.6,73.061,82.803
529.92,287.18,74.678,84.635
529.29,305.38,74.678,84.635
524.9,323.58,74.678,84.635
517.37,342.4,74.678,84.635
511.53,353.39,76.33,86.507
504.47,354.67,76.33,86.507
494.65,353.71,78.019,88.421
485.93,355.35,79.745,90.378
478.36,358.36,81.509,92.377
470.15,355.63,81.509,92.377
465.14,341.6,83.313,94.421
459.54,338.1,83.313,94.421
455.34,337.4,83.313,94.421
451.14,336,83.313,94.421
446.24,333.2,83.313,94.421
440.64,333.2,83.313,94.421
437.84,333.9,83.313,94.421
435.74,333.9,83.313,94.421
435.04,332.5,83.313,94.421
435.04,335.3,83.313,94.421
433.42,334.26,85.156,96.51
430.33,326.75,87.04,98.645
427.41,323.09,87.04,98.645
420.83,322.36,87.04,98.645
423.02,320.9,87.04,98.645
421.32,319.08,88.966,100.83
423.33,317.21,90.934,103.06
419.52,316.45,90.934,103.06
417.23,314.93,90.934,103.06
413.41,312.64,90.934,103.06
414.7,309.97,92.946,105.34
407.67,308.41,92.946,105.34
408.98,305.68,95.003,107.67
409.78,304.89,95.003,107.67
408.4,306.03,92.977,105.37
408.4,303.69,92.977,105.37
407.62,301.35,92.977,105.37
406.06,299.01,92.977,105.37
403.72,295.89,92.977,105.37
397.48,286.53,92.977,105.37
396.7,281.06,92.977,105.37
395.92,278.72,92.977,105.37
395.14,278.72,92.977,105.37
391.23,277.94,92.977,105.37
386.55,275.6,92.977,105.37
379.53,271.7,92.977,105.37
373.28,267.8,92.977,105.37
365.48,263.89,92.977,105.37
357.68,256.09,92.977,105.37
352.21,254.53,92.977,105.37
345.19,252.97,92.977,105.37
342.85,249.85,92.977,105.37
339.73,252.97,92.977,105.37
335.83,255.31,92.977,105.37
335.05,256.87,92.977,105.37
331.68,256.48,95.034,107.7
326.89,258.88,95.034,107.7
326.89,264.47,95.034,107.7
323.69,266.86,95.034,107.7
317.31,267.66,95.034,107.7
313.32,269.25,95.034,107.7
306.14,272.45,95.034,107.7
299.75,274.04,95.034,107.7
296.56,275.64,95.034,107.7
295.76,276.44,95.034,107.7
295.76,276.44,95.034,107.7
294.17,276.44,95.034,107.7
294.17,275.64,95.034,107.7
294.97,278.03,95.034,107.7
296.56,278.03,95.034,107.7
295.98,279.18,93.007,105.41
295.98,278.4,93.007,105.41
295.2,277.62,93.007,105.41
295.2,279.18,93.007,105.41
297.54,279.96,93.007,105.41
299.1,280.74,93.007,105.41
299.1,282.3,93.007,105.41
299.88,281.52,93.007,105.41
299.88,280.74,93.007,105.41
299.1,282.3,93.007,105.41
297.54,284.64,93.007,105.41
295.98,283.08,93.007,105.41
296.19,282.65,91.024,103.16
296.95,282.65,91.024,103.16
299.25,283.41,91.024,103.16
300.78,282.65,91.024,103.16
301.54,281.12,91.024,103.16
301.54,280.35,91.024,103.16
297.72,276.53,91.024,103.16
298.48,270.41,91.024,103.16
300.01,271.17,91.024,103.16
298.48,269.65,91.024,103.16
292.37,266.59,91.024,103.16
288.75,266.16,89.083,100.96
288,269.15,89.083,100.96
285.01,272.88,89.083,100.96
280.53,271.39,89.083,100.96
280.53,271.39,89.083,100.96
280.53,271.39,89.083,100.96
279.04,270.64,89.083,100.96
277.54,264.66,89.083,100.96
267.59,253.09,91.054,103.19
265.06,245.06,93.068,105.48
257.78,242.34,95.127,107.81
251.94,241.14,97.232,110.2
248.42,235.03,99.383,112.63
246.49,230.45,101.58,115.13
243.08,227.89,101.58,115.13
237.96,223.63,101.58,115.13
235.4,221.07,101.58,115.13
228.3,217.24,103.83,117.67
221.05,212.44,106.13,120.28
215.42,206.66,108.47,122.94
211.49,205.3,110.87,125.66
206.54,203.91,113.33,128.44
201.79,201.06,113.33,128.44
197.98,200.11,113.33,128.44
191.33,199.16,113.33,128.44
191.33,200.11,113.33,128.44
187.52,202.96,113.33,128.44
178.01,202.01,113.33,128.44
164.4,197.74,115.84,131.28
152.73,200.65,115.84,131.28
132.97,206.98,118.4,134.18
110.1,207.98,118.4,134.18
88.23,207.98,118.4,134.18
65.366,200.02,118.4,134.18
53.121,171.7,121.02,137.15
39.917,144.27,121.02,137.15
27.405,125.49,123.7,140.19
20.841,121.86,126.43,143.29
19.442,133.01,129.23,146.46
23.779,148.19,129.23,146.46
38.96,162.28,129.23,146.46
53.056,160.11,129.23,146.46
40.783,148.73,132.09,149.7
19.697,140.97,132.09,149.7
1.94,150.95,132.09,149.7
-9.158,167.6,132.09,149.7
-11.378,178.7,132.09,149.7
-12.487,193.13,132.09,149.7
-11.378,213.1,132.09,149.7
-8.0482,226.42,132.09,149.7
0.83024,254.17,132.09,149.7
16.367,274.14,132.09,149.7
44.113,271.92,132.09,149.7
81.035,260.2,129.27,146.51
125.49,251.53,129.27,146.51
158.76,260.75,132.13,149.75
89.952,114.25,132.13,149.75
103.27,122.02,132.13,149.75
145.74,95.875,129.31,146.56
160.95,103.48,129.31,146.56
149.74,114.89,132.18,149.8
100.91,101.58,132.18,149.8
134.2,56.073,132.18,149.8
136.42,53.854,132.18,149.8
136.42,44.975,132.18,149.8
130.88,48.305,132.18,149.8
127.19,66.624,135.1,153.11
129.1,87.597,138.09,156.5
139.53,102.66,138.09,156.5
152.28,116.57,138.09,156.5
153.43,123.52,138.09,156.5
162.34,119.47,141.14,159.96
193.13,120.66,141.14,159.96
226.29,138.42,141.14,159.96
268.92,139.6,141.14,159.96
296.97,109.41,144.27,163.5
299.01,95.485,147.46,167.12
306.77,61.387,144.31,163.56
307.6,53.519,147.51,167.17
303.88,52.279,147.51,167.17
298.92,58.476,147.51,167.17
285.62,62.736,144.36,163.61
280.78,65.16,144.36,163.61
275.93,68.795,144.36,163.61
257.37,100.91,147.56,167.23
256.13,125.7,147.56,167.23
258.61,125.7,147.56,167.23
269.37,110.22,150.82,170.93
288.37,115.28,150.82,170.93
316.23,119.08,150.82,170.93
351.7,121.62,150.82,170.93
390.97,131.75,150.82,170.93
442.9,148.22,150.82,170.93
488.5,149.48,150.82,170.93
519.24,169.04,147.6,167.28
536.59,176.48,147.6,167.28
544.03,181.43,147.6,167.28
560.14,172.76,147.6,167.28
568.81,139.3,147.6,167.28
579.96,118.23,147.6,167.28
600.12,100.19,144.46,163.72
610.15,52.252,141.38,160.23
613.33,51.666,144.5,163.77
632.75,50.452,144.5,163.77
650.95,50.452,144.5,163.77
673.13,50.985,141.42,160.28
706.34,39.122,141.42,160.28
724.14,45.053,141.42,160.28
745.49,53.357,141.42,160.28
766.84,60.475,141.42,160.28
795.31,66.406,141.42,160.28
819.04,100.81,141.42,160.28
839.21,118.6,141.42,160.28
855.81,134.02,141.42,160.28
860.56,132.84,141.42,160.28
858.19,122.16,141.42,160.28
860.56,136.4,141.42,160.28
871.24,150.63,141.42,160.28
887.47,123.95,144.55,163.82
895.58,93.005,147.75,167.45
883.5,58.796,144.6,163.88
859.55,38.697,141.51,160.38
835.41,25.04,144.65,163.93
812.68,12.223,141.56,160.44
804.68,25.816,138.54,157.01
803.83,27.491,135.59,153.67
809.84,30.268,132.7,150.39
806.8,36.327,129.87,147.18
803.18,21.616,132.74,150.44
787.89,27.675,129.91,147.23
757.66,39.057,127.14,144.09
725.95,40.593,124.43,141.02
695.64,40.593,124.43,141.02
669.79,37.916,121.77,138.01
654.47,33.83,121.77,138.01
642.49,34.28,119.18,135.07
636.49,38.28,119.18,135.07
640.17,37.786,121.81,138.06
628.91,46.998,121.81,138.06
621.42,47.517,124.51,141.11
616.2,45.427,124.51,141.11
617.95,54.317,127.26,144.23
625.1,59.133,130.08,147.42
643.66,73.331,130.08,147.42
649.12,103.91,130.08,147.42
621.47,94.636,132.96,150.69
594.7,76.785,132.96,150.69
587.65,85.159,135.9,154.02
587.28,93.726,138.91,157.43
589.62,76.226,138.91,157.43
584.58,66.318,141.98,160.91
583.39,60.357,141.98,160.91
597.69,59.165,141.98,160.91
608.42,67.51,141.98,160.91
612.32,81.147,138.95,157.48
609.62,63.072,142.03,160.96
606.04,52.342,142.03,160.96
591.74,59.495,142.03,160.96
577.43,57.111,142.03,160.96
564.32,51.15,142.03,160.96
557.16,43.997,142.03,160.96
553.59,46.382,142.03,160.96
543.67,51.754,145.17,164.52
544.89,78.585,145.17,164.52
553.43,100.54,145.17,164.52
546.11,115.17,145.17,164.52
527.82,120.05,145.17,164.52
500.98,124.93,145.17,164.52
470.82,125.46,142.07,161.02
466.05,114.74,142.07,161.02
461.29,105.2,142.07,161.02
456.52,99.237,142.07,161.02
452.94,105.2,142.07,161.02
447.79,104.61,145.22,164.58
433.49,102.71,142.12,161.07
417.12,94.885,139.09,157.63
404.29,85.552,139.09,157.63
389.91,83.808,142.17,161.12
380.36,85.002,142.17,161.12
383.07,101.05,139.13,157.68
398.58,112.08,136.17,154.32
416.87,107.51,136.17,154.32
431.73,88.074,136.17,154.32
439.73,83.502,136.17,154.32
463.37,79.508,139.18,157.74
489.88,66.077,142.26,161.23
528.09,58.912,142.26,161.23
584.22,46.971,142.26,161.23
636.76,44.583,142.26,161.23
702.43,39.806,142.26,161.23
763.33,39.806,142.26,161.23
766.92,56.524,142.26,161.23
784.83,56.524,142.26,161.23
674.1,125.11,139.22,157.79
696.3,121.61,139.22,157.79
642.86,152.51,136.26,154.42
627.17,132.43,133.35,151.13
609.55,127.33,130.51,147.91
594.5,123.42,127.72,144.75
576.27,107.34,127.72,144.75
575.49,92.79,125,141.67
583.88,92.79,125,141.67
552.41,104.33,125,141.67
504.16,141.05,125,141.67
470.87,158.29,122.33,138.65
447.52,157.71,119.73,135.69
429.41,164.76,119.73,135.69
395.21,167.77,119.73,135.69
374.09,166.77,119.73,135.69
373.08,154.7,119.73,135.69
381.81,149.17,122.37,138.69
397.23,139.93,122.37,138.69
411.89,121.88,119.76,135.73
390.76,108.81,119.76,135.73
343.49,92.712,119.76,135.73
301.24,69.577,119.76,135.73
255.98,42.418,119.76,135.73
210.98,28.777,117.21,132.84
186.38,20.902,117.21,132.84
167.36,4.6681,119.8,135.78
155.29,-4.3849,119.8,135.78
171.06,-4.881,122.45,138.78
238.88,-6.9359,122.45,138.78
314.91,-8.9908,122.45,138.78
370.39,-10.018,122.45,138.78
397.1,1.2837,122.45,138.78
392.99,36.217,122.45,138.78
374.78,78.795,119.84,135.82
378.8,105.95,119.84,135.82
399.93,125.07,119.84,135.82
454.52,150.65,117.29,132.93
524.4,155.58,117.29,132.93
606.37,154.04,114.79,130.09
654.76,152.54,112.34,127.32
686.83,141.22,112.34,127.32
695.32,114.81,112.34,127.32
669.85,78.032,112.34,127.32
626.47,45.965,112.34,127.32
577.43,27.102,112.34,127.32
538.76,20.5,112.34,127.32
496.57,19.972,109.94,124.6
469.79,20.895,109.94,124.6
443.26,24.994,107.6,121.94
442.97,32.685,109.98,124.64
445.74,52.079,109.98,124.64
459.3,65.476,112.41,127.4
474.39,73.021,112.41,127.4
465.21,67.778,110.01,124.68
454.13,76.09,110.01,124.68
445.53,93.181,112.45,127.44
440.81,91.295,112.45,127.44
432.96,77.624,114.94,130.26
411.43,75.218,117.48,133.14
394.93,76.638,114.97,130.3
385.29,73.744,114.97,130.3
378.53,86.285,114.97,130.3
376.87,99.251,112.52,127.53
378.46,102.57,115.01,130.35
369.77,104.5,115.01,130.35
366.88,101.6,115.01,130.35
372.67,100.64,115.01,130.35
393.89,108.35,115.01,130.35
406.43,140.19,115.01,130.35
408.36,157.55,115.01,130.35
423.8,163.34,115.01,130.35
439.23,162.38,115.01,130.35
445.02,159.48,115.01,130.35
478.79,166.24,115.01,130.35
499.31,175.34,112.56,127.57
501.2,183.85,112.56,127.57
492.95,189.94,110.16,124.85
482.77,189.94,110.16,124.85
475.99,192.26,112.6,127.61
454.26,189.42,112.6,127.61
457.35,186.06,110.2,124.89
450.87,186.98,110.2,124.89
446.24,194.39,110.2,124.89
423.1,191.61,110.2,124.89
397.82,189.3,112.63,127.65
394.69,203.01,115.13,130.48
394.69,213.64,115.13,130.48
381.15,210.74,115.13,130.48
374.08,221.87,117.67,133.36
369.81,225.33,120.28,136.31
359.39,225.85,122.94,139.33
348.05,235.13,122.94,139.33
342.89,248.54,122.94,139.33
333.28,258.34,125.66,142.41
325.9,268.89,125.66,142.41
336.45,271,125.66,142.41
342.78,268.89,125.66,142.41
350.16,267.83,125.66,142.41
348.33,253.53,122.98,139.37
335.93,233.9,122.98,139.37
340.77,210.65,125.7,142.46
342.88,207.49,125.7,142.46
321.79,195.88,125.7,142.46
307.3,180.53,123.02,139.42
321.01,168.58,120.39,136.45
338.18,152.42,120.39,136.45
356.36,135.25,120.39,136.45
371.78,119.54,117.83,133.54
372.77,103.73,117.83,133.54
360.91,96.814,117.83,133.54
348.06,95.826,117.83,133.54
326,110.16,120.43,136.49
313.86,136.47,120.43,136.49
306.78,160.75,120.43,136.49
296.34,195.66,123.1,139.51
301.79,220.92,120.47,136.54
305.84,222.94,120.47,136.54
310.57,230.54,123.14,139.56
313.34,220.72,125.86,142.64
314.4,205.93,125.86,142.64
316.18,204.35,128.65,145.8
315.39,201.58,125.9,142.69
320.68,187.84,125.9,142.69
324.57,184.15,128.69,145.85
326.73,170.11,128.69,145.85
327.02,154.38,125.95,142.74
321.73,135.35,125.95,142.74
336.53,118.44,125.95,142.74
361.9,100.48,125.95,142.74
391.49,89.907,125.95,142.74
417.14,84.031,123.26,139.69
435.77,76.784,123.26,139.69
451.3,73.678,123.26,139.69
465.8,70.572,123.26,139.69
465.8,67.466,123.26,139.69
454.41,64.361,123.26,139.69
441.99,59.184,123.26,139.69
434.74,44.69,123.26,139.69
425.09,36.933,125.99,142.79
415.24,21.614,128.77,145.94
405.18,9.1956,131.62,149.17
388.59,8.0897,131.62,149.17
374.97,5.3336,134.54,152.47
375.74,2.5175,137.51,155.85
388.44,5.9822,137.51,155.85
390.39,6.5679,140.55,159.3
388.83,8.3469,143.66,162.82
392.77,28.171,140.6,159.35
402.22,39.975,140.6,159.35
414.34,46.396,137.6,155.95
414.65,54.988,134.67,152.62
410.43,65.666,131.8,149.37
406.01,67.878,131.8,149.37
399.67,69.471,128.99,146.18
395.34,73.8,128.99,146.18
391.31,75.359,126.24,143.07
390.25,77.477,126.24,143.07
383.89,77.477,126.24,143.07
379.66,75.359,126.24,143.07
369.07,75.359,126.24,143.07
353.19,87.006,126.24,143.07
335.48,89.59,123.54,140.02
304.36,89.59,123.54,140.02
267.02,98.926,123.54,140.02
232.79,106.19,123.54,140.02
204.02,117.01,120.91,137.03
190.82,120.06,120.91,137.03
189.8,132.25,120.91,137.03
195.58,133.78,123.58,140.06
195.58,134.82,123.58,140.06
191.43,133.78,123.58,140.06
199.73,133.78,123.58,140.06
202.08,136.31,120.95,137.07
196.68,137.84,123.62,140.11
190.46,149.25,123.62,140.11
175.93,149.25,123.62,140.11
153.82,148.74,126.36,143.21
141.09,160.41,126.36,143.21
144.28,160.41,126.36,143.21
141.09,161.47,126.36,143.21
135.79,161.47,126.36,143.21
138.97,158.29,126.36,143.21
134.73,157.23,126.36,143.21
138.2,163,123.66,140.15
143.38,166.11,123.66,140.15
135.79,165.59,126.4,143.25
132.9,165,123.71,140.2
144.33,166.04,123.71,140.2
146.08,165.53,126.44,143.3
139.71,165.53,126.44,143.3
148.2,168.71,126.44,143.3
155.62,171.89,126.44,143.3
155.62,171.89,126.44,143.3
157.75,171.89,126.44,143.3
161.22,173.42,123.75,140.25
157.06,173.42,123.75,140.25
157.34,172.84,121.11,137.25
156.32,171.82,121.11,137.25
152.95,172.34,123.79,140.29
150.87,174.42,123.79,140.29
151.91,174.42,123.79,140.29
151.91,174.42,123.79,140.29
152.95,176.49,123.79,140.29
156.06,176.49,123.79,140.29
157.1,175.45,123.79,140.29
157.81,174.94,126.53,143.4
158.87,176,126.53,143.4
159.94,177.07,126.53,143.4
161,178.13,126.53,143.4
159.94,181.32,126.53,143.4
158.87,181.32,126.53,143.4
159.16,182.85,123.83,140.34
162.28,187,123.83,140.34
162.99,187.53,126.57,143.44
162.21,186.93,123.87,140.38
160.13,186.93,123.87,140.38
159.8,187.46,126.61,143.49
156.61,186.4,126.61,143.49
151.3,186.4,126.61,143.49
151.3,186.4,126.61,143.49
152.36,186.4,126.61,143.49
160.09,186.86,123.91,140.43
171.52,188.94,123.91,140.43
173.27,188.43,126.65,143.54
171.14,188.43,126.65,143.54
175.05,188.97,129.45,146.71
172.54,190.6,132.32,149.96
170.62,194.42,129.49,146.76
170.91,194.9,126.73,143.63
169.51,192.24,129.54,146.81
174.61,190.62,132.4,150.06
181.28,196.18,132.4,150.06
180.17,199.51,132.4,150.06
180.17,201.74,132.4,150.06
188.25,207.79,129.58,146.86
195.87,208.87,129.58,146.86
204.57,215.4,129.58,146.86
206.75,216.49,129.58,146.86
210.31,215.88,126.82,143.72
209.24,212.69,126.82,143.72
203.92,210.56,126.82,143.72
203.14,211.03,124.11,140.66
202.81,209.47,126.86,143.77
206.73,208.94,129.66,146.95
213.26,208.94,129.66,146.95
220.88,210.03,129.66,146.95
227.41,210.03,129.66,146.95
228.15,208.41,132.53,150.2
231.48,206.18,132.53,150.2
233.71,205.07,132.53,150.2
237.04,203.96,132.53,150.2
241.49,203.96,132.53,150.2
234.82,203.96,132.53,150.2
231.48,203.96,132.53,150.2
231.48,202.85,132.53,150.2
229.26,202.85,132.53,150.2
229.26,203.96,132.53,150.2
235.93,202.85,132.53,150.2
239.26,202.85,132.53,150.2
246.24,204.45,129.71,147
248.41,204.45,129.71,147
250.24,200.65,132.58,150.25
254.7,198.42,132.58,150.25
265.02,195.57,129.75,147.05
274.04,194.95,126.98,143.91
280.44,190.69,126.98,143.91
282.86,189.02,124.27,140.84
283.57,185.38,127.02,143.96
283.86,184.78,124.32,140.89
288.03,185.82,124.32,140.89
287.7,184.26,127.07,144.01
286.63,184.26,127.07,144.01
284.5,183.2,127.07,144.01
280.96,180.54,129.88,147.19
275.8,179.93,127.11,144.05
263.73,176.2,129.92,147.24
256.1,172.93,129.92,147.24
255.3,170.14,127.15,144.1
246.77,168,127.15,144.1
244.3,165.34,129.96,147.29
245.39,163.16,129.96,147.29
248.95,164.73,127.19,144.15
247.1,164.13,124.48,141.08
246.06,162.04,124.48,141.08
242.92,159.95,124.48,141.08
231.43,158.91,124.48,141.08
227.25,156.82,124.48,141.08
220.97,153.68,124.48,141.08
211.24,147.94,127.23,144.2
199.14,131.39,130.05,147.39
196.16,128.59,127.27,144.24
195.09,125.38,127.27,144.24
194.02,123.24,127.27,144.24
201.5,123.24,127.27,144.24
205.78,122.18,127.27,144.24
209.71,125.92,130.09,147.44
221.73,125.92,130.09,147.44
221.73,106.26,130.09,147.44
224.66,71.869,132.97,150.7
223.54,38.398,132.97,150.7
214.62,22.779,132.97,150.7
216.49,7.7235,135.91,154.03
227.54,-7.6745,138.92,157.44
246.21,-8.8412,138.92,157.44
255.86,-12.996,135.95,154.08
265.76,-10.136,138.96,157.49
275.41,-9.623,136,154.13
283.4,-8.4819,136,154.13
275.72,-7.9796,133.1,150.85
273.13,-7.413,136.04,154.18
265.45,-10.334,133.14,150.89
264.33,-10.334,133.14,150.89
264.64,-10.96,130.3,147.68
260.56,-9.3855,127.52,144.53
260.56,-8.3149,127.52,144.53
260.56,-8.3149,127.52,144.53
259.48,-7.2443,127.52,144.53
257.34,-8.3149,127.52,144.53
254.13,-7.2443,127.52,144.53
253.06,-8.3149,127.52,144.53
248.78,-7.2443,127.52,144.53
245.57,-7.2443,127.52,144.53
241.28,-7.2443,127.52,144.53
239.87,-7.7725,130.35,147.73
238.78,-6.6784,130.35,147.73
238.78,-5.5843,130.35,147.73
237.34,-5.0303,133.23,150.99
238.46,-3.9126,133.23,150.99
237.34,-2.795,133.23,150.99
237.34,-2.795,133.23,150.99
233.63,-3.3477,136.18,154.33
233.63,-2.2046,136.18,154.33
232.49,-1.0614,136.18,154.33
230.2,0.081711,136.18,154.33
229.06,1.2248,136.18,154.33
224.48,2.368,136.18,154.33
222.2,3.5111,136.18,154.33
219.55,2.9469,139.19,157.75
217.21,4.1156,139.19,157.75
219.55,2.9469,139.19,157.75
218.01,0.033205,142.27,161.24
220.4,1.2273,142.27,161.24
220.4,0.033205,142.27,161.24
219.2,-1.1609,142.27,161.24
219.2,-2.355,142.27,161.24
219.2,-1.1609,142.27,161.24
219.2,-1.1609,142.27,161.24
219.2,-2.355,142.27,161.24
219.2,-2.355,142.27,161.24
219.2,-2.355,142.27,161.24
218.82,-2.9446,145.42,164.81
220.04,-2.9446,145.42,164.81
220.04,-2.9446,145.42,164.81
221.27,-2.9446,145.42,164.81
224.04,1.2558,142.32,161.29
224.04,1.2558,142.32,161.29
224.04,0.061674,142.32,161.29
224.36,0.58736,139.28,157.85
224.68,1.1019,136.31,154.49
223.53,2.247,136.31,154.49
223.53,2.247,136.31,154.49
222.39,2.247,136.31,154.49
222.02,1.6831,139.33,157.9
221.65,-0.063768,142.41,161.4
222.85,-0.063768,142.41,161.4
222.85,1.1323,142.41,161.4
224.05,1.1323,142.41,161.4
224.05,1.1323,142.41,161.4
224.05,1.1323,142.41,161.4
226.44,1.1323,142.41,161.4
226.44,1.1323,142.41,161.4
226.44,1.1323,142.41,161.4
227.25,0.54292,145.56,164.97
224.42,-0.06048,148.78,168.62
223.17,1.1885,148.78,168.62
224.42,1.1885,148.78,168.62
223.17,2.4376,148.78,168.62
221.92,2.4376,148.78,168.62
223.17,1.1885,148.78,168.62
221.92,2.4376,148.78,168.62
224.42,2.4376,148.78,168.62
225.67,1.1885,148.78,168.62
225.67,2.4376,148.78,168.62
226.92,1.1885,148.78,168.62
229.42,2.4376,148.78,168.62
228.17,2.4376,148.78,168.62
229.42,1.1885,148.78,168.62
228.17,2.4376,148.78,168.62
225.28,0.57221,152.07,172.35
224,0.57221,152.07,172.35
222.72,1.8487,152.07,172.35
222.72,1.8487,152.07,172.35
224,1.8487,152.07,172.35
224,1.8487,152.07,172.35
225.28,1.8487,152.07,172.35
225.28,1.8487,152.07,172.35
226.55,1.8487,152.07,172.35
225.28,1.8487,152.07,172.35
225.28,1.8487,152.07,172.35
225.28,1.8487,152.07,172.35
225.28,1.8487,152.07,172.35
226.55,3.1252,152.07,172.35
225.28,3.1252,152.07,172.35
224,3.1252,152.07,172.35
224,4.4016,152.07,172.35
225.62,4.9629,148.83,168.67
228.46,9.2594,145.66,165.08
229.68,9.2594,145.66,165.08
228.46,10.483,145.66,165.08
229.68,10.483,145.66,165.08
230.9,11.706,145.66,165.08
230.9,12.93,145.66,165.08
229.68,11.706,145.66,165.08
228.46,11.706,145.66,165.08
230.9,11.706,145.66,165.08
228.46,11.706,145.66,165.08
229.68,10.483,145.66,165.08
228.46,11.706,145.66,165.08
228.46,9.2594,145.66,165.08
228.46,10.483,145.66,165.08
229.68,10.483,145.66,165.08
230.9,11.706,145.66,165.08
230.9,9.2594,145.66,165.08
229.68,4.3653,145.66,165.08
229.68,5.5888,145.66,165.08
229.68,6.8124,145.66,165.08
232.46,9.796,142.55,161.56
233.65,9.796,142.55,161.56
234.85,10.992,142.55,161.56
236.37,15.107,139.51,158.11
234.83,13.358,142.6,161.61
234.83,12.16,142.6,161.61
233.63,10.962,142.6,161.61
234.83,10.962,142.6,161.61
234.83,10.962,142.6,161.61
234.83,9.7637,142.6,161.61
234.83,10.962,142.6,161.61
233.95,15.081,139.56,158.16
232.41,10.99,142.64,161.66
232.41,10.99,142.64,161.66
232.41,13.386,142.64,161.66
230.83,12.796,145.8,165.24
232.05,12.796,145.8,165.24
232.05,14.019,145.8,165.24
233.27,12.796,145.8,165.24
233.27,12.796,145.8,165.24
233.27,14.019,145.8,165.24
234.5,12.796,145.8,165.24
234.5,12.796,145.8,165.24
236.95,14.019,145.8,165.24
238.17,12.796,145.8,165.24
235.33,13.415,149.03,168.9
234.08,13.415,149.03,168.9
235.33,12.164,149.03,168.9
236.58,12.164,149.03,168.9
239.09,10.913,149.03,168.9
247.84,12.164,149.03,168.9
260.69,17.718,145.85,165.29
261.91,15.271,145.85,165.29
261.91,16.494,145.85,165.29
260.69,12.824,145.85,165.29
256.63,13.442,149.07,168.95
251.23,14.075,152.37,172.69
249.95,15.354,152.37,172.69
248.67,15.354,152.37,172.69
247.39,14.075,152.37,172.69
247.74,9.5243,149.12,169.01
248.99,10.775,149.12,169.01
251.49,7.0223,149.12,169.01
254.33,8.8244,145.94,165.4
255.56,8.8244,145.94,165.4
254.33,6.3734,145.94,165.4
258.01,7.5989,145.94,165.4
264.14,8.8244,145.94,165.4
266.59,10.05,145.94,165.4
270.26,11.275,145.94,165.4
272.71,12.501,145.94,165.4
280.4,16.715,142.83,161.88
281.6,16.715,142.83,161.88
281.22,12.525,145.99,165.46
281.22,11.299,145.99,165.46
281.22,10.074,145.99,165.46
282.44,10.074,145.99,165.46
281.22,7.6227,145.99,165.46
278.77,7.6227,145.99,165.46
278.77,5.1717,145.99,165.46
277.54,1.4953,145.99,165.46
278.77,0.26979,145.99,165.46
278.77,1.4953,145.99,165.46
275.93,-1.5606,149.22,169.12
275.93,-4.0665,149.22,169.12
280.02,-3.5162,146.04,165.51
285.26,-1.7514,142.92,161.98
288.86,-1.7514,142.92,161.98
291.26,-1.7514,142.92,161.98
299.98,2.3758,139.88,158.53
300.78,1.7966,142.97,162.03
305.58,0.59658,142.97,162.03
309.18,0.59658,142.97,162.03
311.58,-1.8034,142.97,162.03
316.38,-3.0034,142.97,162.03
318.78,-3.0034,142.97,162.03
319.98,-5.4034,142.97,162.03
321.18,-5.4034,142.97,162.03
322.71,-6.0757,139.92,158.58
323.88,-6.0757,139.92,158.58
326.23,-6.0757,139.92,158.58
328.58,-6.0757,139.92,158.58
330.93,-6.0757,139.92,158.58
340.33,-6.0757,139.92,158.58
348.55,-6.0757,139.92,158.58
354.05,-6.6555,143.02,162.09
360.05,-6.6555,143.02,162.09
361.25,-5.4555,143.02,162.09
361.25,-5.4555,143.02,162.09
356.77,-4.9272,139.97,158.63
348.55,-4.9272,139.97,158.63
350.9,-2.5782,139.97,158.63
352.07,2.1199,139.97,158.63
355.6,7.9924,139.97,158.63
357.95,13.865,139.97,158.63
359.12,16.214,139.97,158.63
357.95,18.563,139.97,158.63
357.95,15.039,139.97,158.63
356.77,16.214,139.97,158.63
355.6,17.388,139.97,158.63
356.77,12.69,139.97,158.63
355.6,11.516,139.97,158.63
354.42,6.8179,139.97,158.63
358.26,8.5093,136.98,155.25
364.01,10.807,136.98,155.25
364.01,11.956,136.98,155.25
362.86,13.105,136.98,155.25
362.02,10.165,134.06,151.94
357.52,11.29,134.06,151.94
357.82,9.5338,131.2,148.7
355.62,7.3298,131.2,148.7
356.72,7.3298,131.2,148.7
356.72,6.2279,131.2,148.7
358.93,7.3298,131.2,148.7
358.93,7.3298,131.2,148.7
360.03,8.4318,131.2,148.7
360.03,10.636,131.2,148.7
360.03,8.4318,131.2,148.7
361.13,7.3298,131.2,148.7
361.13,6.2279,131.2,148.7
362.23,4.024,131.2,148.7
360.78,3.481,134.11,151.99
363.03,3.481,134.11,151.99
361.55,1.7996,137.07,155.35
362.7,0.64861,137.07,155.35
363.85,1.7996,137.07,155.35
365,1.7996,137.07,155.35
365,1.7996,137.07,155.35
365,1.7996,137.07,155.35
365,1.7996,137.07,155.35
365,2.9506,137.07,155.35
363.48,2.383,140.11,158.79
364.98,-0.62979,137.12,155.4
366.13,1.6722,137.12,155.4
367.28,3.9741,137.12,155.4
368.07,3.406,140.15,158.84
368.07,3.406,140.15,158.84
369.56,5.0996,137.16,155.45
369.87,5.6062,134.24,152.14
371.77,5.0506,137.21,155.5
371.77,6.2016,137.21,155.5
371.77,6.2016,137.21,155.5
372.08,6.7087,134.28,152.19
372.85,7.28,137.25,155.55
374,9.5859,137.25,155.55
374,9.5859,137.25,155.55
374,10.739,137.25,155.55
373.16,11.245,134.33,152.24
371.67,8.433,137.3,155.6
371.99,6.6333,134.37,152.29
371.16,9.3845,131.5,149.04
372.27,9.3845,131.5,149.04
371.16,8.2806,131.5,149.04
372.27,8.2806,131.5,149.04
373.37,9.3845,131.5,149.04
372.27,8.2806,131.5,149.04
373.37,8.2806,131.5,149.04
374.48,9.3845,131.5,149.04
376.68,6.0728,131.5,149.04
375.58,4.9688,131.5,149.04
375.58,1.6571,131.5,149.04
375.58,0.55315,131.5,149.04
376.68,-1.6547,131.5,149.04
376.68,-0.55077,131.5,149.04
377.79,-2.7586,131.5,149.04
381.4,-2.2734,128.7,145.86
384.29,-3.887,131.55,149.09
389.01,-5.6091,128.74,145.91
391.91,-5.0624,131.59,149.14
394.87,-5.6083,134.5,152.44
397.43,-5.1123,131.63,149.19
397.43,-4.0065,131.63,149.19
398.54,-2.9006,131.63,149.19
397.43,-5.1123,131.63,149.19
395.97,-4.5509,134.55,152.49
395.97,-5.6803,134.55,152.49
400.8,-5.1838,131.68,149.23
403.01,-4.078,131.68,149.23
404.87,-5.7289,134.59,152.54
407.9,-6.2869,137.57,155.91
414.83,-6.2869,137.57,155.91
419.45,-6.2869,137.57,155.91
430.15,-4.6245,134.63,152.59
434.67,-4.6245,134.63,152.59
439.19,-3.4951,134.63,152.59
442.88,-1.8681,131.76,149.33
442.88,-1.8681,131.76,149.33
441.78,-2.974,131.76,149.33
439.57,-2.974,131.76,149.33
436.25,-2.974,131.76,149.33
435.44,-4.6993,128.95,146.15
435.1,-4.1514,131.81,149.38
437.31,-4.1514,131.81,149.38
439.52,-4.1514,131.81,149.38
441.73,-4.1514,131.81,149.38
441.73,-5.2573,131.81,149.38
447.56,-5.8762,129,146.2
446.13,-6.4112,131.85,149.43
445.78,-5.8525,134.77,152.74
449.48,-6.4866,131.89,149.48
454.21,-6.0006,129.08,146.29
453.87,-5.4504,131.94,149.53
457.49,-4.9638,129.12,146.34
460.74,-6.0482,129.12,146.34
464,-6.0482,129.12,146.34
469.42,-6.0482,129.12,146.34
476.22,-5.5721,126.37,143.22
483.93,-5.1058,123.67,140.16
482.89,-5.1058,123.67,140.16
476.67,-5.1058,123.67,140.16
476.67,-5.1058,123.67,140.16
479.78,-5.1058,123.67,140.16
481.52,-6.6564,126.41,143.27
491.36,-7.2503,123.72,140.21
499.67,-7.2503,123.72,140.21
507.98,-6.2111,123.72,140.21
510.06,-5.1719,123.72,140.21
509.02,-6.2111,123.72,140.21
504.87,-6.2111,123.72,140.21
498.63,-6.2111,123.72,140.21
487.91,-6.723,126.45,143.31
484.73,-6.723,126.45,143.31
475.18,-6.723,126.45,143.31
474.12,-6.723,126.45,143.31
472.72,-8.3084,129.25,146.48
474.89,-8.3084,129.25,146.48
481.69,-7.8308,126.49,143.36
488.35,-6.3022,123.8,140.3
491.47,-6.3022,123.8,140.3
499.78,-6.3022,123.8,140.3
507.34,-4.8062,121.16,137.31
510.39,-4.8062,121.16,137.31
512.7,-6.3951,118.57,134.38
506.72,-6.3951,118.57,134.38
506.41,-7.8817,121.2,137.36
508.44,-7.8817,121.2,137.36
514.82,-7.4347,118.61,134.43
521.8,-6.4387,118.61,134.43
531.03,-5.0053,116.08,131.56
528.11,-5.0053,116.08,131.56
531.03,-4.0308,116.08,131.56
535.19,-2.628,113.61,128.75
536.14,-5.4869,113.61,128.75
537.1,-5.4869,113.61,128.75
536.79,-5.0053,116.12,131.6
533.87,-5.9798,116.12,131.6
533.56,-5.4867,118.69,134.51
531.84,-7.0406,116.16,131.65
531.53,-6.5479,118.73,134.56
531.8,-6.1093,116.2,131.69
530.51,-5.617,118.77,134.6
531.51,-5.617,118.77,134.6
530.19,-6.11,121.39,137.58
533.53,-5.6626,118.81,134.65
531.8,-4.227,116.27,131.78
534.73,-3.2505,116.27,131.78
536.68,-4.227,116.27,131.78
534.73,-4.227,116.27,131.78
534.73,-4.227,116.27,131.78
532.78,-5.2034,116.27,131.78
533.44,-4.7082,118.85,134.69
535.44,-4.7082,118.85,134.69
544.69,-5.2682,116.31,131.82
545.67,-5.2682,116.31,131.82
546.64,-5.2682,116.31,131.82
548.6,-5.2682,116.31,131.82
548.6,-6.2446,116.31,131.82
550.55,-5.2682,116.31,131.82
549.84,-5.8156,113.83,129.01
548.88,-6.7705,113.83,129.01
548.88,-6.7705,113.83,129.01
546.02,-6.7705,113.83,129.01
545.71,-7.2427,116.35,131.86
545.71,-5.2898,116.35,131.86
547.66,-5.2898,116.35,131.86
543.76,-6.2662,116.35,131.86
544.42,-5.772,118.92,134.78
538.12,-6.265,121.55,137.76
541.45,-5.8157,118.96,134.82
534.15,-6.3091,121.59,137.81
537.49,-4.8398,119,134.87
533.5,-5.8378,119,134.87
536.76,-3.4017,116.46,131.99
532.85,-7.3154,116.46,131.99
533.83,-6.337,116.46,131.99
535.78,-5.3586,116.46,131.99
537.74,-4.3801,116.46,131.99
539.7,-4.3801,116.46,131.99
539.39,-5.8403,119.04,134.91
541.39,-5.8403,119.04,134.91
544.66,-4.4018,116.5,132.03
543.94,-8.8645,114.02,129.22
544.9,-6.9508,114.02,129.22
544.9,-5.0371,114.02,129.22
544.9,-5.0371,114.02,129.22
544.59,-4.5528,116.54,132.08
545.26,-6.0139,119.12,135
547.26,-5.0139,119.12,135
546.26,-6.0139,119.12,135
545.26,-6.0139,119.12,135
544.94,-5.5074,121.75,137.99
548.29,-4.0361,119.16,135.04
548.56,-7.5961,116.62,132.16
549.54,-5.6393,116.62,132.16
552.47,-4.6609,116.62,132.16
550.51,-4.6609,116.62,132.16
552.47,-3.6824,116.62,132.16
550.51,-2.704,116.62,132.16
549.54,-3.6824,116.62,132.16
550.51,-3.6824,116.62,132.16
550.51,-3.6824,116.62,132.16
551.49,-3.6824,116.62,132.16
549.54,-3.6824,116.62,132.16
547.58,-3.6824,116.62,132.16
548.56,-3.6824,116.62,132.16
547.58,-3.6824,116.62,132.16
546.6,-3.6824,116.62,132.16
548.56,-3.6824,116.62,132.16
548.56,-4.6609,116.62,132.16
551.49,-3.6824,116.62,132.16
550.51,-4.6609,116.62,132.16
549.22,-5.1445,119.2,135.09
549.49,-5.7041,116.65,132.21
546.25,-6.1882,119.24,135.13
546.25,-7.1882,119.24,135.13
544.25,-7.1882,119.24,135.13
541.93,-5.6831,121.87,138.12
542.95,-5.6831,121.87,138.12
541.6,-6.1876,124.57,141.18
541.27,-6.7043,127.33,144.3
545.54,-6.7043,127.33,144.3
550.89,-5.6356,127.33,144.3
553.75,-6.1634,130.14,147.5
566.86,-5.0712,130.14,147.5
569.79,-5.6107,133.02,150.76
574.56,-5.1209,130.19,147.54
575.65,-4.0287,130.19,147.54
579.22,-5.732,127.41,144.4
579.22,-3.5947,127.41,144.4
581.02,-3.0549,130.23,147.59
583.21,-0.86664,130.23,147.59
596.34,2.4157,130.23,147.59
599.27,5.1595,133.11,150.86
601.16,2.3729,136.05,154.2
610.3,-1.0565,136.05,154.2
611.75,-0.55548,133.15,150.91
614.29,-1.1817,130.31,147.69
616.48,-3.3699,130.31,147.69
613.94,-3.9096,133.2,150.96
612.82,-2.792,133.2,150.96
615.82,-4.4619,136.14,154.3
622.99,-6.2461,133.24,151.01
625.53,-6.8713,130.4,147.79
629.1,-6.3896,127.62,144.63
633.68,-5.918,124.9,141.55
638.16,-5.4578,122.23,138.53
628.93,-9.5597,122.23,138.53
622.45,-14.169,124.94,141.6
621.06,-13.637,127.7,144.73
626.72,-12.094,124.98,141.64
645.88,-10.584,122.31,138.62
650.27,-7.0506,119.71,135.67
647.25,-5.0388,119.71,135.67
652.97,-4.5279,122.35,138.67
669.41,-5.5553,122.35,138.67
670.71,-6.1317,119.74,135.71
669.71,-5.1258,119.74,135.71
662.67,-5.1258,119.74,135.71
656.63,-5.1258,119.74,135.71
662.67,-5.1258,119.74,135.71
650.59,-3.114,119.74,135.71
642.82,-1.667,117.19,132.82
649.71,-2.6513,117.19,132.82
655.61,-4.6199,117.19,132.82
653.33,-5.1049,119.78,135.75
650,-5.6008,122.43,138.76
654.81,-7.1358,125.14,141.83
667.09,-7.6538,127.91,144.97
674.61,-8.7283,127.91,144.97
818.59,135.26,127.91,144.97
832.85,118.54,125.18,141.88
829.98,119,122.51,138.85
831.01,114.88,122.51,138.85
823.8,112.82,122.51,138.85
824.08,113.27,119.9,135.89
826.36,114.72,117.34,132.99
824.4,118.66,117.34,132.99
824.66,119.09,114.84,130.15
825.63,117.16,114.84,130.15
824.66,120.06,114.84,130.15
829.75,124.34,112.39,127.38
847.92,137.01,110,124.66
847.92,137.01,110,124.66
862.02,139.27,107.65,122
878.29,137.46,107.65,122
887.95,130.69,110.03,124.7
894.42,126.07,110.03,124.7
899.03,120.53,110.03,124.7
893.49,119.6,110.03,124.7
886.1,114.06,110.03,124.7
890.97,117.24,107.69,122.04
884.64,118.14,107.69,122.04
880.12,115.43,107.69,122.04
879.22,119.95,107.69,122.04
878.93,127.64,110.07,124.74
878.01,128.56,110.07,124.74
885.65,132.66,107.72,122.08
883.84,132.66,107.72,122.08
885.89,133.06,105.42,119.48
895.62,134.83,105.42,119.48
900.93,138.37,105.42,119.48
912.42,132.18,105.42,119.48
925.69,131.29,105.42,119.48
924.8,127.76,105.42,119.48
926.57,125.1,105.42,119.48
924.52,120.24,107.76,122.12
924.52,122.05,107.76,122.12
928.14,116.63,107.76,122.12
921.81,112.11,107.76,122.12
922.05,111.6,105.46,119.52
928.5,111.99,103.21,116.97
932.83,110.26,103.21,116.97
931.96,108.52,103.21,116.97
938.62,105.5,105.49,119.56
941.28,103.72,105.49,119.56
939.51,102.84,105.49,119.56
950.14,114.36,105.49,119.56
947.48,114.36,105.49,119.56
946.84,119.18,103.24,117.01
947.43,117.02,105.53,119.6
951.58,114.81,107.86,122.24
954.01,112.55,110.25,124.95
956.49,112.09,112.69,127.71
958.38,112.09,112.69,127.71
958.38,113.04,112.69,127.71
958.38,113.04,112.69,127.71
961.86,110.68,115.18,130.54
960.89,110.68,115.18,130.54
959.62,109.24,117.73,133.43
959.62,108.25,117.73,133.43
959.62,108.25,117.73,133.43
959.62,105.28,117.73,133.43
958.63,104.3,117.73,133.43
954.68,105.28,117.73,133.43
950.72,107.26,117.73,133.43
946.77,108.25,117.73,133.43
942.82,110.23,117.73,133.43
937.56,110.73,120.33,136.38
939.58,110.73,120.33,136.38
940.86,120.26,117.77,133.47
941.54,119.77,120.37,136.42
944.57,122.8,120.37,136.42
942.55,120.78,120.37,136.42
939.52,122.8,120.37,136.42
939.52,124.82,120.37,136.42
937.5,123.81,120.37,136.42
936.49,116.74,120.37,136.42
936.49,116.74,120.37,136.42
935.48,117.75,120.37,136.42
934.47,110.68,120.37,136.42
933.46,109.67,120.37,136.42
934.47,106.64,120.37,136.42
935.48,105.63,120.37,136.42
935.75,104.06,117.81,133.51
937.73,103.07,117.81,133.51
940.96,104.49,115.29,130.67
942.19,104.92,112.84,127.88
943.14,103.02,112.84,127.88
949.77,105.87,112.84,127.88
955.45,110.6,112.84,127.88
958.29,111.55,112.84,127.88
961.13,112.49,112.84,127.88
962.73,112.97,115.33,130.71
965.32,113.47,117.88,133.6
968.3,114.46,117.88,133.6
967.57,113.9,115.37,130.75
967.57,112.93,115.37,130.75
967.26,106.64,117.92,133.65
967.94,108.13,120.53,136.6
973.27,110.6,117.96,133.69
978.22,113.57,117.96,133.69
979.89,113.08,120.57,136.65
977.87,126.24,120.57,136.65
967.75,136.35,120.57,136.65
968.02,129.72,118,133.73
977.92,114.86,118,133.73
999.39,112.39,120.61,136.69
999.07,116.95,123.28,139.72
988.39,127.83,126.01,142.81
985.94,143.16,128.8,145.97
991.34,143.16,128.8,145.97
993.5,145.32,128.8,145.97
993.16,145.87,131.64,149.2
992.81,147.54,134.56,152.5
997.32,152.05,134.56,152.5
1001.8,152.05,134.56,152.5
1011.2,141.26,131.69,149.25
1020,141.26,131.69,149.25
1019.7,142.92,134.6,152.55
1019.7,147.44,134.6,152.55
1010.6,150.83,134.6,152.55
1016.3,144.05,134.6,152.55
1012.9,141.79,134.6,152.55
1017.7,140.03,131.73,149.3
1017.7,126.76,131.73,149.3
1022.4,109.55,128.92,146.11
1023.5,98.729,128.92,146.11
1027.9,87.905,128.92,146.11
1028.9,78.164,128.92,146.11
1019.9,81.959,131.77,149.34
1004.1,84.731,134.69,152.65
990.17,87.567,137.67,156.03
985.18,85.841,140.72,159.48
985.18,84.661,140.72,159.48
987.54,82.3,140.72,159.48
993.44,77.579,140.72,159.48
992.26,75.218,140.72,159.48
991.89,73.454,143.83,163.01
990.68,75.869,143.83,163.01
987.38,80.023,140.76,159.53
985.02,83.57,140.76,159.53
983.46,88.9,143.88,163.06
983.08,88.304,147.06,166.67
981.45,85.224,150.31,170.36
979.79,83.34,153.64,174.12
976.26,83.906,150.36,170.41
976.26,85.169,150.36,170.41
975.86,82.021,153.69,174.18
977.15,82.021,153.69,174.18
974.57,82.021,153.69,174.18
969.41,83.311,153.69,174.18
965.54,85.892,153.69,174.18
965.54,84.602,153.69,174.18
965.54,83.311,153.69,174.18
961.67,85.892,153.69,174.18
957.8,84.602,153.69,174.18
958.15,85.169,150.41,170.47
956.89,87.694,150.41,170.47
955.62,87.694,150.41,170.47
950.57,90.22,150.41,170.47
939.21,95.271,150.41,170.47
935.42,91.482,150.41,170.47
931.63,94.008,150.41,170.47
920.27,97.796,150.41,170.47
910.16,102.85,150.41,170.47
912.69,106.64,150.41,170.47
916.48,114.21,150.41,170.47
917.74,118,150.41,170.47
911.03,122.43,153.74,174.24
899,124.37,157.14,178.09
904.28,116.45,157.14,178.09
909.56,116.45,157.14,178.09
902.96,119.09,157.14,178.09
906.5,105.25,160.62,182.03
915.52,95.138,164.17,186.06
914.14,95.138,164.17,186.06
910,92.381,164.17,186.06
904.49,92.381,164.17,186.06
897.16,87.566,167.8,190.18
894.35,83.342,167.8,190.18
897.16,86.158,167.8,190.18
898.95,89.594,164.23,186.12
901.71,89.594,164.23,186.12
908.6,92.351,164.23,186.12
911.36,95.108,164.23,186.12
909.54,94.427,167.86,190.24
907.68,93.732,171.57,194.45
906.24,95.173,171.57,194.45
901.92,96.615,171.57,194.45
900.02,97.346,175.37,198.75
898.55,98.818,175.37,198.75
895.6,100.29,175.37,198.75
895.13,102.51,179.25,203.15
893.15,101.77,183.21,207.64
891.12,102.54,187.27,212.24
885.91,98.624,191.41,216.93
881.08,97.016,191.41,216.93
882.69,100.23,191.41,216.93
887.52,101.84,191.41,216.93
889.12,103.45,191.41,216.93
889.12,101.84,191.41,216.93
892.34,101.84,191.41,216.93
894.38,104.15,187.33,212.31
897.53,105.72,187.33,212.31
905.39,108.87,187.33,212.31
910.11,107.3,187.33,212.31
913.68,111.13,183.33,207.78
913.68,109.59,183.33,207.78
912.14,109.59,183.33,207.78
905.98,111.13,183.33,207.78
898.28,111.13,183.33,207.78
895.21,111.13,183.33,207.78
892.13,112.67,183.33,207.78
885.97,112.67,183.33,207.78
885.97,111.13,183.33,207.78
884.43,112.67,183.33,207.78
879.81,115.75,183.33,207.78
875.2,115.75,183.33,207.78
869.45,108.73,179.43,203.35
868.98,107.99,183.4,207.85
867.44,107.99,183.4,207.85
865.41,108.77,187.45,212.45
860.68,97.745,187.45,212.45
855.96,99.32,187.45,212.45
853.89,95.395,191.6,217.15
851.77,89.777,195.84,221.95
847.96,87.322,200.17,226.86
847.96,82.281,200.17,226.86
847.96,75.559,200.17,226.86
846.28,75.559,200.17,226.86
842.92,75.559,200.17,226.86
833.29,66.216,195.9,222.02
828.8,62.002,191.73,217.29
821.18,59.49,187.64,212.66
812.16,57.034,183.64,208.12
812.16,55.493,183.64,208.12
813.7,52.41,183.64,208.12
807.95,53.088,179.72,203.68
807.95,54.596,179.72,203.68
811.38,59.784,175.89,199.34
823.19,67.166,175.89,199.34
843.86,71.595,175.89,199.34
852.72,77.501,175.89,199.34
854.2,89.313,175.89,199.34
858.63,90.79,175.89,199.34
879.3,87.837,175.89,199.34
910.3,86.36,175.89,199.34
956.07,78.978,175.89,199.34
977.75,72.343,179.78,203.75
980.77,70.833,179.78,203.75
976.24,67.814,179.78,203.75
959.63,60.265,179.78,203.75
949.06,52.716,179.78,203.75
929.44,34.598,179.78,203.75
908.3,11.951,179.78,203.75
885.65,13.461,179.78,203.75
875.08,17.99,179.78,203.75
873.57,28.559,179.78,203.75
872.06,37.618,179.78,203.75
872.06,46.676,179.78,203.75
893.61,65.457,175.94,199.4
922.06,70.536,172.19,195.15
939.4,58.975,172.19,195.15
939.4,56.085,172.19,195.15
928.83,43.81,176,199.47
911.48,48.894,172.25,195.22
908.98,53.866,168.58,191.05
909.37,58.734,164.98,186.98
897.85,70.509,168.63,191.12
893.6,79.003,168.63,191.12
893.6,83.25,168.63,191.12
894.57,85.383,172.36,195.34
903.25,88.277,172.36,195.34
904.7,86.83,172.36,195.34
920.62,72.36,172.36,195.34
929.3,63.677,172.36,195.34
930.29,57.175,176.18,199.67
939.16,54.218,176.18,199.67
959.86,49.783,176.18,199.67
977.13,41.66,180.07,204.08
988.74,27.309,184.06,208.6
996.47,28.854,184.06,208.6
1002.6,31.944,184.06,208.6
996.47,41.214,184.06,208.6
970.2,47.395,184.06,208.6
954.75,41.214,184.06,208.6
955.8,35.817,188.13,213.21
954.22,54.758,188.13,213.21
944.75,78.434,188.13,213.21
938.44,87.905,188.13,213.21
935.28,113.16,188.13,213.21
914.76,139.99,188.13,213.21
902.14,157.36,188.13,213.21
906.87,152.62,188.13,213.21
906.87,154.2,188.13,213.21
910.45,134.37,184.12,208.67
923.87,118.16,188.19,213.28
927.03,126.06,188.19,213.28
928.61,138.71,188.19,213.28
936.01,139.51,192.36,218
931.16,142.74,192.36,218
929.55,150.82,192.36,218
924.7,147.58,192.36,218
923.09,144.35,192.36,218
919.85,142.74,192.36,218
916.62,142.74,192.36,218
915.01,141.12,192.36,218
916.62,137.89,192.36,218
914.49,137.09,196.61,222.83
910.67,136.28,200.96,227.76
908.98,134.59,200.96,227.76
908.98,131.22,200.96,227.76
907.3,136.28,200.96,227.76
903.92,141.34,200.96,227.76
901.01,147.14,196.68,222.9
902.66,145.49,196.68,222.9
901.01,145.49,196.68,222.9
899.36,150.44,196.68,222.9
898.15,154.47,192.48,218.15
894.92,152.85,192.48,218.15
888.46,154.47,192.48,218.15
883.1,147.21,196.74,222.97
875.29,154.54,192.54,218.22
872.06,152.92,192.54,218.22
872.06,151.31,192.54,218.22
870.44,152.92,192.54,218.22
875.73,160.1,188.44,213.56
882.06,158.52,188.44,213.56
872.56,161.68,188.44,213.56
863.07,164.85,188.44,213.56
853.57,171.18,188.44,213.56
843.58,167.23,192.61,218.29
837.11,159.14,192.61,218.29
853.28,160.76,192.61,218.29
867.33,164.82,196.87,223.12
876.04,175.46,192.67,218.36
876.04,177.08,192.67,218.36
869.57,180.31,192.67,218.36
861.92,187.49,188.56,213.7
842.93,187.49,188.56,213.7
833.43,190.66,188.56,213.7
831.85,193.82,188.56,213.7
828.69,196.99,188.56,213.7
842.93,192.24,188.56,213.7
855.08,186.71,192.73,218.43
873.32,179.33,188.62,213.77
884.41,180.92,188.62,213.77
881.24,177.75,188.62,213.77
879.65,174.58,188.62,213.77
875.33,180.03,184.6,209.21
848.99,178.48,184.6,209.21
840.76,176.17,188.69,213.84
839.6,180.03,184.66,209.28
855.11,178.48,184.66,209.28
870.62,178.48,184.66,209.28
871.04,186.92,180.72,204.82
869.52,185.4,180.72,204.82
864.97,189.95,180.72,204.82
846.75,186.92,180.72,204.82
845.24,177.81,180.72,204.82
849.31,175.54,184.72,209.35
852.41,177.09,184.72,209.35
861.72,177.09,184.72,209.35
864.82,183.3,184.72,209.35
868.34,183.98,180.78,204.89
866.82,182.46,180.78,204.89
856.2,180.94,180.78,204.89
842.54,180.94,180.78,204.89
841.02,179.43,180.78,204.89
841.02,180.94,180.78,204.89
842.95,184.65,176.93,200.52
846.93,183.91,180.84,204.95
843.89,183.91,180.84,204.95
840.86,182.4,180.84,204.95
837.82,182.4,180.84,204.95
831.75,182.4,180.84,204.95
826.72,180.13,184.84,209.49
828.27,180.13,184.84,209.49
828.69,182.36,180.9,205.02
829.72,180.09,184.9,209.56
830.78,177.78,189,214.19
830.78,176.19,189,214.19
831.21,180.06,184.96,209.63
828.11,180.06,184.96,209.63
825,181.61,184.96,209.63
823.45,178.51,184.96,209.63
826.55,180.06,184.96,209.63
828.11,180.06,184.96,209.63
826.55,180.06,184.96,209.63
823.87,188.51,181.02,205.16
817.79,185.47,181.02,205.16
814.75,183.95,181.02,205.16
814.75,182.43,181.02,205.16
816.27,183.95,181.02,205.16
817.79,183.95,181.02,205.16
817.31,181.68,185.03,209.7
817.31,181.68,185.03,209.7
818.86,183.23,185.03,209.7
812.65,183.23,185.03,209.7
814.2,183.23,185.03,209.7
816.17,185.47,181.08,205.22
814.65,183.95,181.08,205.22
815.69,180.16,185.09,209.76
812.09,176.28,189.18,214.41
808.91,176.28,189.18,214.41
805.74,176.28,189.18,214.41
804.15,176.28,189.18,214.41
807.33,173.11,189.18,214.41
804.58,178.57,185.15,209.83
805.64,174.69,189.24,214.48
805.64,171.52,189.24,214.48
807.23,168.34,189.24,214.48
806.72,164.38,193.43,219.22
804.58,165.2,197.71,224.07
802.92,166.86,197.71,224.07
802.92,165.2,197.71,224.07
802.92,163.54,197.71,224.07
801.26,161.88,197.71,224.07
801.26,160.23,197.71,224.07
803.37,162.61,193.49,219.29
800.13,175.6,193.49,219.29
800.13,170.73,193.49,219.29
798.5,167.48,193.49,219.29
799.61,153.69,197.77,224.14
801.72,156.08,193.56,219.36
801.72,165.84,193.56,219.36
802.83,150.41,197.84,224.22
802.83,158.71,197.84,224.22
801.17,157.05,197.84,224.22
799.51,153.73,197.84,224.22
797.84,152.07,197.84,224.22
794.52,152.07,197.84,224.22
794.52,145.42,197.84,224.22
795.66,141.28,202.22,229.18
797.35,142.98,202.22,229.18
797.35,144.68,202.22,229.18
795.66,142.98,202.22,229.18
795.66,144.68,202.22,229.18
795.66,144.68,202.22,229.18
793.96,149.77,202.22,229.18
793.96,148.08,202.22,229.18
793.96,146.38,202.22,229.18
790.56,151.47,202.22,229.18
790.02,143.84,206.69,234.25
791.76,142.11,206.69,234.25
792.23,155.02,202.28,229.25
793.39,143.99,206.76,234.33
784.71,149.2,206.76,234.33
784.16,139.66,211.33,239.51
783.59,138.79,216.01,244.81
790.27,137.89,220.79,250.23
786.57,141.6,220.79,250.23
790.27,139.75,220.79,250.23
784.71,139.75,220.79,250.23
781.01,139.75,220.79,250.23
777.3,139.75,220.79,250.23
774.86,135.12,225.67,255.76
772.97,133.23,225.67,255.76
774.86,135.12,225.67,255.76
776.75,135.12,225.67,255.76
774.86,138.91,225.67,255.76
772.97,137.02,225.67,255.76
771.07,140.81,225.67,255.76
771.07,142.7,225.67,255.76
767.28,142.7,225.67,255.76
765.39,146.49,225.67,255.76
765.39,148.38,225.67,255.76
759.71,148.38,225.67,255.76
760.22,149.22,220.86,250.31
763.93,149.22,220.86,250.31
760.22,154.78,220.86,250.31
756.51,156.64,220.86,250.31
752.8,162.2,220.86,250.31
752.8,167.77,220.86,250.31
749.09,167.77,220.86,250.31
745.38,167.77,220.86,250.31
740.31,164.87,216.15,244.97
731.74,167.48,211.54,239.75
737.07,165.71,211.54,239.75
735.77,173.59,207.03,234.63
739.24,173.59,207.03,234.63
742.17,167.52,211.61,239.83
738.61,167.52,211.61,239.83
734.5,163.09,216.29,245.13
729.05,159.46,216.29,245.13
721.79,154.01,216.29,245.13
715.01,156.63,211.68,239.9
718.57,158.4,211.68,239.9
717.27,164.51,207.17,234.79
720.75,166.25,207.17,234.79
724.23,164.51,207.17,234.79
727.15,160.18,211.75,239.98
716.48,163.73,211.75,239.98
707.59,160.18,211.75,239.98
692.8,153.97,216.43,245.29
680.08,159.42,216.43,245.29
680.57,165.67,211.82,240.06
687.68,163.89,211.82,240.06
684.12,160.33,211.82,240.06
680,150.56,216.51,245.37
678.18,148.75,216.51,245.37
675.04,151.36,211.89,240.14
666.15,149.58,211.89,240.14
659.03,149.58,211.89,240.14
647.8,139.81,216.58,245.45
640.53,139.81,216.58,245.45
635.07,147.09,216.58,245.45
633.26,145.27,216.58,245.45
629.62,143.45,216.58,245.45
624.17,139.81,216.58,245.45
627.8,145.27,216.58,245.45
627.8,152.54,216.58,245.45
615.08,143.45,216.58,245.45
605.99,145.27,216.58,245.45
584.67,153.34,211.96,240.22
577.56,155.12,211.96,240.22
575.78,155.12,211.96,240.22
572.7,157.68,207.44,235.1
569.69,161.93,203.01,230.08
563.34,162.67,198.68,225.18
551.13,153.51,203.08,230.16
544.31,153.51,203.08,230.16
526.03,155.96,198.75,225.25
527.7,159.3,198.75,225.25
531.49,180.06,194.51,220.45
524.95,176.79,194.51,220.45
520.49,180.77,190.36,215.74
515.7,185.57,190.36,215.74
510.9,182.37,190.36,215.74
506.11,179.18,190.36,215.74
495.36,179.88,186.3,211.14
489.1,179.88,186.3,211.14
487.53,179.88,186.3,211.14
486.39,180.57,182.33,206.64
475.67,179.03,182.33,206.64
468.01,177.5,182.33,206.64
471.08,175.97,182.33,206.64
473.65,167.56,186.36,211.21
476.29,162.09,190.49,215.89
478.98,153.31,194.7,220.66
480.61,151.67,194.7,220.66
480.09,150.86,199.01,225.55
475.08,154.21,199.01,225.55
471.74,152.54,199.01,225.55
468.85,161.62,194.77,220.74
466.7,151,199.08,225.62
465.48,163.43,194.83,220.81
469.86,157.72,199.14,225.69
469.86,157.72,199.14,225.69
469.86,157.72,199.14,225.69
471.99,166.82,194.89,220.88
467.08,165.18,194.89,220.88
462.18,163.55,194.89,220.88
465.89,172.44,190.74,216.17
464.29,169.24,190.74,216.17
466.32,176.35,186.67,211.56
469.88,183.31,182.69,207.05
476.43,183.98,178.79,202.63
476.43,182.48,178.79,202.63
473.43,183.98,178.79,202.63
475.33,186.14,174.98,198.31
475.33,187.61,174.98,198.31
473.4,189.82,178.85,202.7
474.9,186.82,178.85,202.7
474.9,183.81,178.85,202.7
474.9,183.81,178.85,202.7
476.4,185.32,178.85,202.7
479.41,186.82,178.85,202.7
479.41,186.82,178.85,202.7
480.91,186.82,178.85,202.7
477.9,183.81,178.85,202.7
476.4,183.81,178.85,202.7
481.31,187.48,175.04,198.38
481.31,190.41,175.04,198.38
476.91,190.41,175.04,198.38
475.44,190.41,175.04,198.38
478.37,188.94,175.04,198.38
490.12,188.94,175.04,198.38
485.25,188.22,178.91,202.77
485.66,190.38,175.1,198.44
484.19,188.91,175.1,198.44
479.77,187.44,175.1,198.44
476.83,187.44,175.1,198.44
475.36,187.44,175.1,198.44
477.23,191.03,171.36,194.21
482.99,189.59,171.36,194.21
482.99,189.59,171.36,194.21
491.62,191.03,171.36,194.21
486.85,193.2,175.15,198.51
486.85,191.73,175.15,198.51
482.44,191.73,175.15,198.51
476.09,189.53,179.03,202.9
477.99,193.19,175.21,198.57
477.99,190.25,175.21,198.57
483.88,190.25,175.21,198.57
482.41,190.25,175.21,198.57
490.16,192.37,171.47,194.34
488.26,194.54,175.27,198.64
488.26,198.95,175.27,198.64
481.91,193.81,179.15,203.03
475.42,190.06,183.11,207.52
472.34,191.6,183.11,207.52
476.95,191.6,183.11,207.52
481.56,193.14,183.11,207.52
484.64,193.14,183.11,207.52
489.25,193.14,183.11,207.52
489.67,196.89,179.2,203.1
485.15,196.89,179.2,203.1
480.64,196.89,179.2,203.1
477.16,190.13,183.17,207.59
480.65,193.88,179.26,203.17
483.65,193.88,179.26,203.17
491.17,196.89,179.26,203.17
497.6,200.56,175.44,198.83
495.66,198.36,179.32,203.23
493.67,194.6,183.29,207.73
493.67,199.22,183.29,207.73
495.21,197.68,183.29,207.73
498.29,196.14,183.29,207.73
493.18,190.77,187.34,212.32
486.39,185.27,191.49,217.02
491.22,185.27,191.49,217.02
489.61,183.66,191.49,217.02
488,186.88,191.49,217.02
496.48,198.84,187.41,212.39
501.19,194.12,187.41,212.39
501.19,194.12,187.41,212.39
499.62,197.27,187.41,212.39
497.55,188.63,191.55,217.09
492.72,187.02,191.55,217.09
489.51,185.41,191.55,217.09
489.51,182.2,191.55,217.09
487.9,187.02,191.55,217.09
491.55,189.33,187.47,212.46
498.27,193.17,183.47,207.93
499.81,193.17,183.47,207.93
501.36,191.63,183.47,207.93
502.9,190.09,183.47,207.93
501.36,187.01,183.47,207.93
499.81,187.01,183.47,207.93
499.81,191.63,183.47,207.93
498.27,188.55,183.47,207.93
498.27,185.47,183.47,207.93
496.73,183.93,183.47,207.93
503.31,196.93,179.56,203.5
498.31,190.16,183.53,208
498.31,187.08,183.53,208
496.28,180.15,187.59,212.6
496.28,175.43,187.59,212.6
491.98,133.61,183.59,208.07
486.23,125.04,179.68,203.63
486.23,128.05,179.68,203.63
483.22,129.56,179.68,203.63
484.73,131.07,179.68,203.63
488.77,131.83,183.65,208.14
490.31,133.37,183.65,208.14
488.77,133.37,183.65,208.14
485.69,133.37,183.65,208.14
483.65,137.24,187.71,212.74
483.15,136.46,191.87,217.45
484.76,138.07,191.87,217.45
486.37,141.29,191.87,217.45
486.37,134.85,191.87,217.45
486.37,136.46,191.87,217.45
483.15,136.46,191.87,217.45
483.15,136.46,191.87,217.45
483.15,138.07,191.87,217.45
481.55,139.68,191.87,217.45
486.37,144.51,191.87,217.45
481.55,139.68,191.87,217.45
481.55,144.51,191.87,217.45
479.42,143.71,196.11,222.26
477.78,145.36,196.11,222.26
473.96,144.55,200.45,227.18
473.96,144.55,200.45,227.18
472.28,144.55,200.45,227.18
472.28,144.55,200.45,227.18
471.74,142.04,204.89,232.2
470.02,142.04,204.89,232.2
471.74,142.04,204.89,232.2
470.02,143.75,204.89,232.2
470.02,143.75,204.89,232.2
469.47,139.47,209.42,237.34
469.47,141.23,209.42,237.34
469.47,142.98,209.42,237.34
471.23,141.23,209.42,237.34
471.23,141.23,209.42,237.34
469.47,139.47,209.42,237.34
465.96,137.71,209.42,237.34
465.96,137.71,209.42,237.34
467.72,135.95,209.42,237.34
471.23,135.95,209.42,237.34
472.99,135.95,209.42,237.34
474.75,135.95,209.42,237.34
474.75,137.71,209.42,237.34
467.16,136.84,214.05,242.59
465.36,138.64,214.05,242.59
465.36,133.25,214.05,242.59
468.38,130.57,218.79,247.96
469.64,127.82,223.63,253.45
471.51,127.82,223.63,253.45
471.51,129.7,223.63,253.45
463.41,126.89,228.58,259.05
459.57,124.98,228.58,259.05
461.49,124.98,228.58,259.05
463.41,124.98,228.58,259.05
467.25,128.81,228.58,259.05
469.17,130.73,228.58,259.05
471.09,132.65,228.58,259.05
468.56,131.71,233.63,264.79
468.56,129.75,233.63,264.79
466.6,129.75,233.63,264.79
464.64,127.79,233.63,264.79
464.64,131.71,233.63,264.79
469.09,130.61,228.65,259.14
469.09,132.53,228.65,259.14
471.53,133.37,223.78,253.61
469.65,131.49,223.78,253.61
469.65,133.37,223.78,253.61
469.65,135.25,223.78,253.61
471.53,133.37,223.78,253.61
471.53,133.37,223.78,253.61
469.65,133.37,223.78,253.61
469.65,133.37,223.78,253.61
469.65,133.37,223.78,253.61
469.65,131.49,223.78,253.61
469.65,131.49,223.78,253.61
469.65,131.49,223.78,253.61
469.65,127.74,223.78,253.61
471.53,131.49,223.78,253.61
469.65,129.62,223.78,253.61
469.65,129.62,223.78,253.61
469.65,129.62,223.78,253.61
465.89,127.74,223.78,253.61
465.89,131.49,223.78,253.61
465.89,127.74,223.78,253.61
465.89,127.74,223.78,253.61
467.77,127.74,223.78,253.61
467.77,127.74,223.78,253.61
465.89,129.62,223.78,253.61
464.01,131.49,223.78,253.61
462.14,131.49,223.78,253.61
462.14,131.49,223.78,253.61
462.14,129.62,223.78,253.61
464.01,129.62,223.78,253.61
465.89,129.62,223.78,253.61
467.77,129.62,223.78,253.61
467.77,131.49,223.78,253.61
469.65,131.49,223.78,253.61
469.65,131.49,223.78,253.61
469.65,131.49,223.78,253.61
469.65,131.49,223.78,253.61
469.65,131.49,223.78,253.61
469.65,133.37,223.78,253.61
469.65,131.49,223.78,253.61
469.65,129.62,223.78,253.61
469.65,131.49,223.78,253.61
469.65,129.62,223.78,253.61
469.65,129.62,223.78,253.61
471.53,131.49,223.78,253.61
469.65,129.62,223.78,253.61
469.65,127.74,223.78,253.61
471.53,127.74,223.78,253.61
471.53,129.62,223.78,253.61
471.53,129.62,223.78,253.61
467.17,126.81,228.73,259.22
465.25,126.81,228.73,259.22
465.25,128.73,228.73,259.22
465.25,130.65,228.73,259.22
463.33,130.65,228.73,259.22
461.42,130.65,228.73,259.22
461.42,130.65,228.73,259.22
461.42,130.65,228.73,259.22
461.42,132.57,228.73,259.22
461.42,130.65,228.73,259.22
459.5,130.65,228.73,259.22
456.97,127.78,233.79,264.96
455,127.78,233.79,264.96
455,125.82,233.79,264.96
455,127.78,233.79,264.96
455,127.78,233.79,264.96
456.97,127.78,233.79,264.96
456.97,127.78,233.79,264.96
456.97,127.78,233.79,264.96
458.93,129.74,233.79,264.96
461.42,134.53,228.8,259.31
461.42,132.61,228.8,259.31
465.78,135.38,223.92,253.78
467.66,139.14,223.92,253.78
469.54,139.14,223.92,253.78
469.54,139.14,223.92,253.78
467.66,139.14,223.92,253.78
467.66,137.26,223.92,253.78
465.78,135.38,223.92,253.78
465.78,137.26,223.92,253.78
465.78,137.26,223.92,253.78
465.78,137.26,223.92,253.78
465.78,137.26,223.92,253.78
465.78,137.26,223.92,253.78
463.9,137.26,223.92,253.78
463.9,137.26,223.92,253.78
463.9,137.26,223.92,253.78
463.9,137.26,223.92,253.78
463.9,139.14,223.92,253.78
462.02,139.14,223.92,253.78
460.14,137.26,223.92,253.78
460.14,135.38,223.92,253.78
457.66,132.57,228.88,259.39
457.66,132.57,228.88,259.39
457.66,132.57,228.88,259.39
457.66,130.65,228.88,259.39
457.66,130.65,228.88,259.39
457.66,130.65,228.88,259.39
459.59,130.65,228.88,259.39
461.51,132.57,228.88,259.39
461.51,130.65,228.88,259.39
461.51,130.65,228.88,259.39
459.59,130.65,228.88,259.39
459.59,132.57,228.88,259.39
459.59,128.72,228.88,259.39
461.51,128.72,228.88,259.39
461.51,126.8,228.88,259.39
461.51,122.96,228.88,259.39
461.51,126.8,228.88,259.39
459.59,124.88,228.88,259.39
463.95,123.8,224,253.86
463.95,135.09,224,253.86
462.07,135.09,224,253.86
460.19,140.73,224,253.86
460.19,133.21,224,253.86
455.83,137.92,228.95,259.48
462.11,133,224.07,253.95
461.51,147.11,229.03,259.56
461.51,145.19,229.03,259.56
459.59,141.34,229.03,259.56
457.67,141.34,229.03,259.56
455.74,139.42,229.03,259.56
455.74,133.65,229.03,259.56
455.74,129.8,229.03,259.56
460.11,134.49,224.14,254.03
461.99,132.61,224.14,254.03
461.99,132.61,224.14,254.03
461.99,134.49,224.14,254.03
460.11,140.14,224.14,254.03
455.75,131.68,229.1,259.65
449.37,126.89,234.17,265.39
447.4,124.92,234.17,265.39
447.4,128.85,234.17,265.39
447.4,128.85,234.17,265.39
451.86,133.65,229.18,259.73
452.38,132.57,224.29,254.2
452.89,139.05,219.51,248.77
457.08,147.23,214.83,243.47
461.17,148.02,210.24,238.28
462.93,149.79,210.24,238.28
464.7,149.79,210.24,238.28
466.46,149.79,210.24,238.28
472.24,152.33,205.76,233.2
475.69,159.24,205.76,233.2
477.42,166.15,205.76,233.2
480.87,164.42,205.76,233.2
482.6,157.51,205.76,233.2
482.6,159.24,205.76,233.2
482.6,159.24,205.76,233.2
481.34,173.82,201.37,228.22
483.03,170.44,201.37,228.22
486.41,170.44,201.37,228.22
483.03,168.75,201.37,228.22
488.1,168.75,201.37,228.22
486.41,170.44,201.37,228.22
483.03,172.13,201.37,228.22
483.49,174.56,197.08,223.36
485.14,171.25,197.08,223.36
488.45,167.94,197.08,223.36
490.11,167.94,197.08,223.36
490.55,171.98,192.88,218.59
488.93,173.6,192.88,218.59
490.55,173.6,192.88,218.59
487.31,178.45,192.88,218.59
490.04,169.56,197.14,223.43
493.35,167.9,197.14,223.43
496.13,165.43,201.51,228.37
492.75,170.51,201.51,228.37
492.75,168.82,201.51,228.37
492.75,168.82,201.51,228.37
492.75,173.89,201.51,228.37
489.36,173.89,201.51,228.37
492.75,170.51,201.51,228.37
489.36,170.51,201.51,228.37
492.21,166.29,205.96,233.43
492.21,173.21,205.96,233.43
490.48,173.21,205.96,233.43
492.21,169.75,205.96,233.43
493.94,171.48,205.96,233.43
493.94,168.02,205.96,233.43
499.13,166.29,205.96,233.43
497.4,173.21,205.96,233.43
495.67,173.21,205.96,233.43
495.67,173.21,205.96,233.43
493.94,174.94,205.96,233.43
496.85,165.44,210.52,238.59
498.62,168.97,210.52,238.59
503.92,167.2,210.52,238.59
503.35,164.56,215.18,243.87
501.55,164.56,215.18,243.87
499.74,166.37,215.18,243.87
497.94,166.37,215.18,243.87
496.13,164.56,215.18,243.87
497.94,162.76,215.18,243.87
503.84,167.16,210.59,238.67
505.61,165.4,210.59,238.67
505.05,160.99,215.25,243.95
506.86,162.79,215.25,243.95
506.86,162.79,215.25,243.95
505.05,162.79,215.25,243.95
506.86,162.79,215.25,243.95
505.54,172.63,210.66,238.75
507.31,165.55,210.66,238.75
510.84,167.32,210.66,238.75
510.84,169.09,210.66,238.75
512.61,169.09,210.66,238.75
514.38,169.09,210.66,238.75
513.09,178.71,206.17,233.65
509.63,171.78,206.17,233.65
510.81,165.74,210.73,238.82
511.29,173.59,206.23,233.73
509.56,170.13,206.23,233.73
511.75,172.62,201.84,228.75
517.3,178.45,197.53,223.87
515.64,181.76,197.53,223.87
515.64,185.08,197.53,223.87
512.32,185.08,197.53,223.87
512.32,186.74,197.53,223.87
512.77,190.79,193.32,219.09
514.83,193.12,189.2,214.42
515.26,197,185.16,209.85
513.7,200.11,185.16,209.85
512.15,201.66,185.16,209.85
512.15,200.11,185.16,209.85
512.15,200.11,185.16,209.85
512.15,200.11,185.16,209.85
513.7,200.11,185.16,209.85
512.15,200.11,185.16,209.85
512.15,200.11,185.16,209.85
510.59,198.55,185.16,209.85
508.54,194.68,189.26,214.49
506.96,194.68,189.26,214.49
506.45,193.89,193.45,219.24
504.83,190.64,193.45,219.24
504.31,186.59,197.73,224.09
505.97,186.59,197.73,224.09
507.63,181.61,197.73,224.09
509.29,183.27,197.73,224.09
505.97,184.93,197.73,224.09
504.31,181.61,197.73,224.09
500.99,181.61,197.73,224.09
500.99,179.95,197.73,224.09
500.99,178.29,197.73,224.09
502.12,177.47,202.1,229.05
501.58,176.63,206.57,234.11
501.58,174.9,206.57,234.11
496.38,174.9,206.57,234.11
494.1,170.58,211.14,239.29
492.32,170.58,211.14,239.29
494.58,173.13,206.64,234.19
487.08,170.54,211.21,239.37
485.31,168.77,211.21,239.37
487.56,171.32,206.71,234.27
484.09,169.58,206.71,234.27
478.89,167.85,206.71,234.27
474.87,170.46,211.28,239.45
473.09,166.91,211.28,239.45
473.09,168.69,211.28,239.45
473.09,166.91,211.28,239.45
469.54,166.91,211.28,239.45
469.54,166.91,211.28,239.45
469.54,166.91,211.28,239.45
467.77,168.69,211.28,239.45
471.79,165.92,206.78,234.35
470.06,164.18,206.78,234.35
475.73,163.21,202.37,229.35
481.29,165.66,198.05,224.46
483.4,164.72,193.83,219.67
481.26,173.69,198.12,224.53
477.93,170.36,198.12,224.53
477.93,172.02,198.12,224.53
477.93,175.35,198.12,224.53
479.59,177.01,198.12,224.53
481.71,176.08,193.89,219.74
483.77,175.17,189.76,215.06
482.18,176.76,189.76,215.06
480.59,178.35,189.76,215.06
480.08,180.75,193.95,219.81
476.31,184.83,198.25,224.68
476.31,186.49,198.25,224.68
475.78,189,202.63,229.65
477.48,183.9,202.63,229.65
474.08,187.3,202.63,229.65
477.48,182.19,202.63,229.65
475.78,185.6,202.63,229.65
477.48,182.19,202.63,229.65
477.48,182.19,202.63,229.65
479.18,185.6,202.63,229.65
479.18,187.3,202.63,229.65
475.78,192.41,202.63,229.65
466.73,194.97,207.11,234.73
466.73,198.45,207.11,234.73
468.47,201.93,207.11,234.73
471.95,203.67,207.11,234.73
474.88,202.81,211.7,239.92
467.2,196.6,216.38,245.23
463.57,196.6,216.38,245.23
461.76,196.6,216.38,245.23
459.94,200.23,216.38,245.23
466.63,199.34,221.17,250.66
451.18,205.85,226.06,256.2
435.39,206.81,231.06,261.87
427.02,203.91,236.18,267.67
418.46,200.95,241.4,273.59
418.46,200.95,241.4,273.59
416.43,200.95,241.4,273.59
414.41,202.98,241.4,273.59
411.74,204.01,246.74,279.64
411.74,208.15,246.74,279.64
413.81,214.36,246.74,279.64
413.81,220.57,246.74,279.64
406.93,215.41,252.2,285.83
402.7,213.29,252.2,285.83
401.15,218.46,246.82,279.73
400.5,219.51,252.28,285.92
402.61,225.86,252.28,285.92
404.73,232.21,252.28,285.92
406.85,232.21,252.28,285.92
409.54,237.38,246.9,279.82
411.61,237.38,246.9,279.82
414.24,240.36,241.64,273.86
412.21,240.36,241.64,273.86
412.21,240.36,241.64,273.86
412.21,238.33,241.64,273.86
412.21,238.33,241.64,273.86
412.21,238.33,241.64,273.86
410.18,238.33,241.64,273.86
412.21,238.33,241.64,273.86
410.18,238.33,241.64,273.86
410.18,238.33,241.64,273.86
410.18,238.33,241.64,273.86
414.24,240.36,241.64,273.86
416.27,240.36,241.64,273.86
416.27,240.36,241.64,273.86
412.21,238.33,241.64,273.86
412.21,240.36,241.64,273.86
410.18,240.36,241.64,273.86
408.16,240.36,241.64,273.86
408.16,238.33,241.64,273.86
410.18,240.36,241.64,273.86
412.21,242.39,241.64,273.86
414.24,242.39,241.64,273.86
414.24,244.42,241.64,273.86
416.27,242.39,241.64,273.86
418.3,242.39,241.64,273.86
