158.5,512,79,162
143.54,512.94,79,162
115.48,526.03,79,162
93.965,545.67,79,162
74.324,560.64,79,162
56.553,563.44,79,162
32.235,571.86,79,162
17.271,570.92,79,162
6.0471,570.92,79,162
-5.1765,565.31,79,162
-11.724,554.09,79,162
-14.529,540.06,79,162
-13.594,531.64,79,162
-11.724,526.96,79,162
-14.622,519.34,77.315,158.55
-12.882,510.04,75.667,155.16
-9.298,508.25,75.667,155.16
-5.7137,510.04,75.667,155.16
-3.0254,510.94,75.667,155.16
0.55889,514.52,75.667,155.16
4.1432,516.31,75.667,155.16
17.584,516.31,75.667,155.16
-21.036,496.46,74.053,151.86
-7.9761,487.56,72.474,148.62
15.932,482.29,70.928,145.45
43.543,476.29,69.416,142.35
73.038,473.7,67.935,139.31
90.645,473.58,66.487,136.34
100,471.89,65.069,133.43
102.24,471,63.681,130.59
106.68,469.38,62.323,127.8
116.19,463.37,60.994,125.08
124.13,459.76,60.994,125.08
128.46,455.43,60.994,125.08
134.16,452.44,59.693,122.41
137.62,448.8,58.42,119.8
138.24,445.25,57.175,117.24
129.38,439.06,55.955,114.74
122.03,431.66,54.762,112.3
119.38,423.8,53.594,109.9
119.31,414.21,52.451,107.56
122.35,405.44,51.333,105.26
125.33,397.45,50.238,103.02
125.27,392.6,49.167,100.82
122.88,392.51,48.118,98.673
123.97,388.45,47.092,96.569
126.7,373.88,46.088,94.509
127.19,355.81,45.105,92.494
121.27,334.93,44.143,90.521
114.44,319.21,43.202,88.591
110.29,306.34,42.28,86.702
109.24,299.26,41.379,84.853
102.82,291.83,40.496,83.043
97.989,285.54,39.633,81.272
97.006,279.38,38.788,79.539
94.208,271.51,37.96,77.843
96.409,264.26,37.151,76.183
103.83,258.92,36.359,74.558
109.37,252.41,35.583,72.968
116.08,251.08,34.824,71.412
120.98,252.26,34.082,69.889
127.4,253,33.355,68.399
134.45,255.31,32.644,66.94
144.85,255.25,31.948,65.513
155.03,249.14,31.266,64.116
162.03,241.3,30.6,62.748
163.08,231.45,29.947,61.41
162.69,221.1,29.308,60.101
158.49,215.84,28.683,58.819
155.74,210.36,28.072,57.565
155.05,205.34,27.473,56.337
151.76,201.39,26.887,55.136
150.14,201.02,26.314,53.96
150.11,198.79,25.753,52.809
149.47,197.53,25.203,51.683
149.45,194.8,24.666,50.581
151.46,194.46,24.14,49.502
152.29,190.41,23.625,48.447
152.82,183.08,23.121,47.413
152.25,174.8,22.628,46.402
148.19,166.97,22.146,45.413
143.72,162.5,22.146,45.413
140.02,158.52,21.673,44.444
141.79,155.91,21.211,43.497
144.3,155.16,21.211,43.497
149.82,151.39,21.211,43.497
156.85,146.12,21.211,43.497
161.37,142.61,21.211,43.497
166.11,142.82,20.759,42.569
174.2,143.06,20.759,42.569
184.25,146.01,20.759,42.569
193.32,146.74,20.759,42.569
204.1,150.17,20.759,42.569
211.21,152.62,20.759,42.569
219.05,152.62,20.759,42.569
225.91,152.38,20.759,42.569
233.51,152.87,20.759,42.569
237.68,152.62,20.759,42.569
239.4,152.62,20.759,42.569
242.09,149.44,20.759,42.569
241.85,147.97,20.759,42.569
241.11,147.48,20.759,42.569
240.87,147.23,20.759,42.569
240.6,144.01,20.316,41.661
241.54,141.8,19.883,40.773
245.07,140.15,19.883,40.773
246.24,139.92,19.883,40.773
246.48,139.92,19.883,40.773
246.71,140.39,19.883,40.773
246.71,139.21,19.883,40.773
247.18,137.09,19.883,40.773
248.83,133.8,19.883,40.773
252.13,130.98,19.883,40.773
254.01,130.04,19.883,40.773
257.77,128.86,19.883,40.773
261.55,127.94,20.323,41.675
269.53,126.99,20.773,42.597
283.25,128.71,20.773,42.597
295.26,129.2,20.773,42.597
302.39,132.4,21.232,43.539
310.92,133.41,21.232,43.539
322.21,133.41,21.232,43.539
331,133.41,21.232,43.539
336.77,131.15,21.232,43.539
340.3,131.42,21.702,44.503
343.9,132.19,21.702,44.503
348.02,134.01,22.182,45.487
350.91,134.8,22.182,45.487
352.75,135.59,22.182,45.487
356.19,140.34,22.673,46.494
358.89,146.27,23.174,47.522
359.73,149.59,23.687,48.574
356.9,149.83,23.182,47.538
354.98,152.3,23.182,47.538
353.33,159.71,23.182,47.538
350.59,166.85,23.182,47.538
348.66,170.69,23.182,47.538
349.21,178.1,23.182,47.538
350.86,185.51,23.182,47.538
350.86,192.38,23.182,47.538
350.04,196.49,23.182,47.538
345.37,200.34,23.182,47.538
341.25,204.18,23.182,47.538
336.59,209.12,23.182,47.538
331.37,210.77,23.182,47.538
323.13,213.51,23.182,47.538
319.29,219,23.182,47.538
315.72,224.49,23.182,47.538
311.9,231.38,23.695,48.59
312.76,235.33,24.219,49.665
316.78,235.07,24.755,50.764
317.68,233.63,25.303,51.887
319.78,227.63,25.303,51.887
315.88,223.13,25.303,51.887
314.68,224.63,25.303,51.887
310.48,225.23,25.303,51.887
309.58,230.63,25.303,51.887
312.88,240.23,25.303,51.887
316.18,246.53,25.303,51.887
320.68,254.93,25.303,51.887
329.98,260.93,25.303,51.887
338.98,263.93,25.303,51.887
347.08,268.73,25.303,51.887
355.48,273.23,25.303,51.887
359.68,273.83,25.303,51.887
361.18,275.93,25.303,51.887
364.48,281.63,25.303,51.887
364.78,289.43,25.303,51.887
368.08,295.43,25.303,51.887
372.28,306.53,25.303,51.887
372.28,316.13,25.303,51.887
365.68,326.33,25.303,51.887
359.68,336.83,25.303,51.887
359.98,346.73,25.303,51.887
364.48,351.83,25.303,51.887
370.78,352.13,25.303,51.887
380.08,349.43,25.303,51.887
388.18,349.43,25.303,51.887
391.78,349.13,25.303,51.887
393.28,349.13,25.303,51.887
395.38,354.53,25.303,51.887
395.68,359.93,25.303,51.887
400.78,364.13,25.303,51.887
404.4,365.05,25.863,53.035
404.7,363.22,25.863,53.035
409.6,363.83,25.863,53.035
414.82,366.91,26.435,54.208
419.55,366,27.02,55.408
425.32,359.95,27.618,56.633
431.56,357.36,28.229,57.886
439.92,352.72,28.853,59.167
446.76,348.31,29.491,60.476
452.37,343.46,30.144,61.814
459.17,339.56,30.811,63.182
463.21,334.12,31.493,64.58
468.82,325.58,32.189,66.009
474.17,318.77,32.902,67.469
481.19,319.55,32.902,67.469
488.61,325.79,32.902,67.469
494.1,330.12,33.63,68.962
496.51,333.73,34.374,70.488
497.73,335.36,34.374,70.488
496.92,331.7,34.374,70.488
496.51,325.62,34.374,70.488
495.32,319.56,35.134,72.047
495.73,314.57,35.134,72.047
496.18,307.95,35.911,73.641
496.6,303.27,35.911,73.641
492.77,303.7,35.911,73.641
488.12,304.59,36.706,75.27
485.52,305.89,36.706,75.27
482.49,306.32,36.706,75.27
479.48,305.05,37.518,76.936
476.38,303.72,37.518,76.936
473.28,301.95,37.518,76.936
466.22,294.9,38.348,78.638
461.23,288.56,38.348,78.638
457.61,282.21,38.348,78.638
457.16,273.61,38.348,78.638
457.61,267.27,38.348,78.638
458.97,265.46,38.348,78.638
459,265.04,39.197,80.378
461.79,268.76,39.197,80.378
464.61,272.51,40.064,82.156
463.69,271.13,40.95,83.974
462.27,269.72,41.856,85.832
462.76,268.73,41.856,85.832
463.29,261.33,42.782,87.731
463.83,255.8,43.729,89.672
464.86,256.32,43.729,89.672
463.86,257.4,44.696,91.656
462.28,265.87,44.696,91.656
458.07,269.09,45.685,93.684
457.03,276.17,46.696,95.757
458.69,276.73,46.696,95.757
458.69,277.28,46.696,95.757
461.45,276.17,46.696,95.757
469.75,268.98,46.696,95.757
470.85,266.22,46.696,95.757
472.51,265.67,46.696,95.757
478.04,266.77,46.696,95.757
483.57,265.67,46.696,95.757
484.16,259.08,47.729,97.875
487.58,249.52,48.785,100.04
487.04,241.5,49.865,102.25
485.27,240.32,49.865,102.25
485.9,231.52,50.968,104.52
491.34,230.31,50.968,104.52
491.94,225.48,50.968,104.52
491.34,224.27,50.968,104.52
493.75,225.48,50.968,104.52
499.83,224.92,52.096,106.83
502.95,218.2,53.248,109.19
502.32,210.65,53.248,109.19
499.84,201.89,54.426,111.61
496.63,192.88,54.426,111.61
496.03,185.86,55.631,114.08
496.03,187.84,55.631,114.08
492.73,190.47,55.631,114.08
485.48,191.79,55.631,114.08
481.53,193.11,55.631,114.08
472.97,192.45,55.631,114.08
468.36,192.45,55.631,114.08
465.06,195.08,55.631,114.08
463.13,193.82,56.861,116.6
460.48,189.17,58.119,119.18
454.29,182.29,58.119,119.18
452.22,173.34,58.119,119.18
448.83,167.89,59.405,121.82
445.36,160.93,60.72,124.51
443.25,153.81,62.063,127.27
442.52,152.34,62.063,127.27
442.52,150.88,62.063,127.27
444.72,148.68,62.063,127.27
446.92,148.68,62.063,127.27
451.32,148.68,62.063,127.27
454.25,150.14,62.063,127.27
455.77,148,63.436,130.08
459.57,139.05,64.84,132.96
464.94,139.82,64.84,132.96
474.19,141.42,66.274,135.9
483.6,146.12,66.274,135.9
485.17,147.69,66.274,135.9
485.95,147.69,66.274,135.9
485.95,147.69,66.274,135.9
488.31,148.48,66.274,135.9
491.44,155.53,66.274,135.9
489.87,158.67,66.274,135.9
489.09,160.24,66.274,135.9
488.31,161.81,66.274,135.9
488.31,163.38,66.274,135.9
487.52,165.73,66.274,135.9
485.95,165.73,66.274,135.9
483.65,165.8,67.741,138.91
475.63,163.39,67.741,138.91
470.87,159.45,69.239,141.98
470.87,160.27,69.239,141.98
470.87,163.54,69.239,141.98
470.11,168.53,70.771,145.13
470.11,171.88,70.771,145.13
470.11,178.58,70.771,145.13
465.92,181.09,70.771,145.13
461.73,182.76,70.771,145.13
456.71,186.11,70.771,145.13
453.36,187.79,70.771,145.13
450.85,197,70.771,145.13
450.85,202.86,70.771,145.13
450.01,207.04,70.771,145.13
446.66,208.72,70.771,145.13
421.55,210.39,70.771,145.13
357.97,206.28,72.337,148.34
287.87,201.15,72.337,148.34
216.05,194.31,72.337,148.34
145.15,182.41,73.938,151.62
75.192,174.54,73.938,151.62
66.447,192.9,73.938,151.62
63.823,202.52,73.938,151.62
67.321,208.64,73.938,151.62
80.439,213.02,73.938,151.62
100.55,215.64,73.938,151.62
125.04,219.14,73.938,151.62
161.77,223.51,73.938,151.62
200.25,227.88,73.938,151.62
239.6,228.76,73.938,151.62
278.95,229.63,73.938,151.62
313.93,230.51,73.938,151.62
341.92,230.51,73.938,151.62
363.78,228.76,73.938,151.62
377.77,227.01,73.938,151.62
389.14,223.51,73.938,151.62
396.14,222.64,73.938,151.62
399.64,220.89,73.938,151.62
403.13,219.14,73.938,151.62
406.63,218.26,73.938,151.62
408.38,218.26,73.938,151.62
409.25,218.26,73.938,151.62
408.38,217.39,73.938,151.62
409.25,217.39,73.938,151.62
412.75,218.26,73.938,151.62
415.38,219.14,73.938,151.62
418,219.14,73.938,151.62
418.87,220.01,73.938,151.62
421.5,220.89,73.938,151.62
425,220.89,73.938,151.62
428.49,221.76,73.938,151.62
433.74,223.51,73.938,151.62
436.36,225.26,73.938,151.62
440.74,226.13,73.938,151.62
444.24,227.88,73.938,151.62
449.48,228.76,73.938,151.62
457.27,232.12,72.361,148.39
459.84,232.98,72.361,148.39
464.12,232.98,72.361,148.39
468.41,233.84,72.361,148.39
471.83,233.84,72.361,148.39
477.75,236.28,70.818,145.22
481.85,238.66,69.308,142.12
485.95,239.48,69.308,142.12
490.05,240.3,69.308,142.12
492.51,240.3,69.308,142.12
494.14,240.3,69.308,142.12
495.78,240.3,69.308,142.12
495.78,241.12,69.308,142.12
494.96,241.12,69.308,142.12
494.14,241.94,69.308,142.12
493.32,241.94,69.308,142.12
492.51,241.94,69.308,142.12
494.06,245.09,67.83,139.09
494.87,245.09,67.83,139.09
496.39,246.58,66.383,136.13
497.1,245.67,64.967,133.22
495.56,241.83,64.967,133.22
494.02,240.29,64.967,133.22
492.49,236.45,64.967,133.22
492.49,235.68,64.967,133.22
492.49,234.91,64.967,133.22
491.72,234.14,64.967,133.22
491.72,234.14,64.967,133.22
491.72,234.91,64.967,133.22
492.49,234.91,64.967,133.22
492.49,233.37,64.967,133.22
492.49,231.83,64.967,133.22
492.49,231.07,64.967,133.22
491.72,228.76,64.967,133.22
491.72,229.53,64.967,133.22
491.72,230.3,64.967,133.22
492.49,230.3,64.967,133.22
493.26,230.3,64.967,133.22
494.02,230.3,64.967,133.22
494.79,229.53,64.967,133.22
496.33,227.22,64.967,133.22
498.56,225.57,63.582,130.38
499.31,222.56,63.582,130.38
500.07,221.05,63.582,130.38
503,220.94,62.226,127.6
503.74,220.2,62.226,127.6
505.21,218.73,62.226,127.6
506.68,219.47,62.226,127.6
511.83,220.2,62.226,127.6
514.03,220.94,62.226,127.6
514.77,220.2,62.226,127.6
516.24,215.05,62.226,127.6
517.64,214.21,60.899,124.88
518.36,207.73,60.899,124.88
519.08,204.85,60.899,124.88
519.8,201.97,60.899,124.88
519.8,199.82,60.899,124.88
519.08,195.5,60.899,124.88
516.92,192.62,60.899,124.88
511.16,187.58,60.899,124.88
503.96,185.42,60.899,124.88
501.09,184.7,60.899,124.88
495.33,184.7,60.899,124.88
491.73,185.42,60.899,124.88
488.85,184.7,60.899,124.88
487.41,183.27,60.899,124.88
486.69,179.67,60.899,124.88
486.69,176.79,60.899,124.88
486.69,173.19,60.899,124.88
485.18,168.77,59.6,122.22
483.07,170.18,59.6,122.22
483.07,174.41,59.6,122.22
484.48,179.35,59.6,122.22
488.71,185.71,59.6,122.22
492.24,188.53,59.6,122.22
496.48,189.24,59.6,122.22
497.89,187.82,59.6,122.22
497.89,180.77,59.6,122.22
498.6,176.53,59.6,122.22
499.3,173.71,59.6,122.22
500.71,173.71,59.6,122.22
502.13,174.41,59.6,122.22
502.83,174.41,59.6,122.22
502.83,175.12,59.6,122.22
502.13,177.24,59.6,122.22
500.71,179.35,59.6,122.22
498.6,180.06,59.6,122.22
497.89,179.35,59.6,122.22
496.48,178.65,59.6,122.22
495.07,175.12,59.6,122.22
492.95,171.59,59.6,122.22
490.83,168.06,59.6,122.22
490.83,166.65,59.6,122.22
495.07,165.24,59.6,122.22
498.6,166.65,59.6,122.22
500.01,167.35,59.6,122.22
500.71,168.06,59.6,122.22
501.42,163.12,59.6,122.22
504.95,155.35,59.6,122.22
507.07,146.18,59.6,122.22
506.36,136.29,59.6,122.22
502.83,124.29,59.6,122.22
495.07,115.12,59.6,122.22
490.83,103.82,59.6,122.22
485.18,92.53,59.6,122.22
480.95,79.118,59.6,122.22
475.3,71.354,59.6,122.22
473.18,66.412,59.6,122.22
473.18,63.589,59.6,122.22
481.65,65.706,59.6,122.22
485.89,67.118,59.6,122.22
488.01,70.648,59.6,122.22
486.6,73.471,59.6,122.22
482.36,74.177,59.6,122.22
477.42,74.883,59.6,122.22
473.18,75.589,59.6,122.22
471.07,77.706,59.6,122.22
471.77,81.236,59.6,122.22
473.89,84.059,59.6,122.22
476.71,85.471,59.6,122.22
478.83,85.471,59.6,122.22
480.95,84.765,59.6,122.22
482.36,86.177,59.6,122.22
483.07,91.118,59.6,122.22
486.6,93.942,59.6,122.22
492.95,96.059,59.6,122.22
495.07,95.354,59.6,122.22
498.6,97.471,59.6,122.22
498.6,105.94,59.6,122.22
498.6,108.06,59.6,122.22
501.42,109.47,59.6,122.22
503.58,108.83,60.919,124.92
505.07,107.44,62.267,127.69
509.5,104.49,62.267,127.69
507.33,102.34,63.644,130.51
498.3,101.59,63.644,130.51
493.78,102.34,63.644,130.51
492.28,105.36,63.644,130.51
489.26,112.89,63.644,130.51
485.5,118.16,63.644,130.51
481.73,118.91,63.644,130.51
477.22,118.91,63.644,130.51
470.49,115.96,65.053,133.4
467.46,116.8,66.492,136.35
466.72,123.94,67.963,139.37
465.92,127.96,67.963,139.37
466.72,131.98,67.963,139.37
468.33,131.98,67.963,139.37
471.55,131.17,67.963,139.37
471.55,131.98,67.963,139.37
470.74,136.8,67.963,139.37
472.35,141.62,67.963,139.37
472.35,140.82,67.963,139.37
472.35,141.62,67.963,139.37
470.74,144.84,67.963,139.37
469.13,146.45,67.963,139.37
466.72,149.66,67.963,139.37
462.75,148.92,69.467,142.45
461.99,149.81,71.004,145.6
460.36,149.88,72.575,148.82
459.56,150.81,74.18,152.12
459.62,157.91,75.822,155.48
461.47,160.67,77.499,158.92
464.28,164.42,79.214,162.44
468.97,165.36,79.214,162.44
474.59,163.48,79.214,162.44
475.59,157,80.966,166.03
483.26,157.96,80.966,166.03
492.85,166.59,80.966,166.03
497.7,168.59,82.758,169.71
496.79,169.64,84.589,173.46
493.85,171.73,86.46,177.3
492.83,172.75,86.46,177.3
491.81,176.84,86.46,177.3
489.76,181.96,86.46,177.3
492.83,187.08,86.46,177.3
496.92,191.17,86.46,177.3
496.92,196.29,86.46,177.3
500.06,206.61,88.373,181.22
501.11,208.7,88.373,181.22
503.26,214.01,90.329,185.23
506.47,217.22,90.329,185.23
507.61,216.24,92.327,189.33
515.25,219.51,92.327,189.33
514.23,216.33,94.37,193.52
514.3,210.84,96.458,197.8
515.52,207.51,98.592,202.18
519.09,205.27,100.77,206.65
526.32,197.03,103,211.22
531.27,191.04,105.28,215.89
536.33,186.16,107.61,220.67
538.96,182.44,109.99,225.55
545.47,183.75,109.99,225.55
548.16,181.25,112.43,230.54
553.56,180.03,114.91,235.64
555.01,178.78,117.46,240.86
553.71,178.9,120.05,246.19
550.87,186,120.05,246.19
548.03,188.84,120.05,246.19
541.03,190.37,122.71,251.63
538.12,194.72,122.71,251.63
533.77,196.18,122.71,251.63
529.42,194.72,122.71,251.63
520.71,186.02,122.71,251.63
512.01,172.96,122.71,251.63
504.75,167.16,122.71,251.63
490.24,162.8,122.71,251.63
482.99,152.65,122.71,251.63
472.83,143.94,122.71,251.63
466.88,137.92,120.09,246.27
463.9,136.28,117.53,241.02
454.17,133.5,117.53,241.02
445.83,126.55,117.53,241.02
437.48,120.99,117.53,241.02
434.7,120.99,117.53,241.02
434.57,124.95,115.03,235.88
433.07,130.18,112.57,230.85
432.94,136.64,110.17,225.92
427.73,143.16,110.17,225.92
427.6,148.17,107.82,221.11
426.19,156.91,105.52,216.39
417.33,161.72,103.27,211.78
413.54,166.42,101.07,207.26
412.23,179.4,98.916,202.84
410.94,182.73,96.806,198.51
407.39,182.56,94.742,194.28
406.16,176.78,92.721,190.14
406.05,173.32,90.744,186.08
408.2,173.32,90.744,186.08
412.5,165.8,90.744,186.08
418.84,160.26,88.809,182.11
417.79,152.91,88.809,182.11
416.74,143.45,88.809,182.11
414.63,136.09,88.809,182.11
412.53,136.09,88.809,182.11
412.53,130.84,88.809,182.11
412.53,129.79,88.809,182.11
414.63,123.48,88.809,182.11
414.63,118.23,88.809,182.11
412.53,110.87,88.809,182.11
409.38,106.66,88.809,182.11
405.18,102.46,88.809,182.11
402.02,97.205,88.809,182.11
399.92,95.104,88.809,182.11
399.92,86.696,88.809,182.11
403.07,79.339,88.809,182.11
403.07,69.88,88.809,182.11
404.12,65.676,88.809,182.11
409.38,64.625,88.809,182.11
414.63,60.421,88.809,182.11
414.63,53.064,88.809,182.11
413.58,41.504,88.809,182.11
414.7,30.03,90.774,186.14
411.48,20.359,90.774,186.14
412.55,19.285,90.774,186.14
421.15,21.434,90.774,186.14
425.45,20.359,90.774,186.14
427.67,15.077,92.782,190.26
432.06,9.5865,92.782,190.26
432.13,4.1877,94.835,194.47
434.37,8.6739,94.835,194.47
436.62,9.7955,94.835,194.47
435.57,6.5226,96.933,198.77
436.72,7.6696,96.933,198.77
430.98,8.8167,96.933,198.77
427.54,9.9638,96.933,198.77
422.95,9.9638,96.933,198.77
416.14,6.6178,99.078,203.17
410.28,5.4452,99.078,203.17
405.59,5.4452,99.078,203.17
396.21,10.135,99.078,203.17
392.69,14.826,99.078,203.17
392.69,20.688,99.078,203.17
396.21,30.069,99.078,203.17
397.46,32.511,101.27,207.67
402.25,30.115,101.27,207.67
405.92,32.61,103.51,212.26
410.83,37.512,103.51,212.26
419.4,43.64,103.51,212.26
430.43,50.992,103.51,212.26
437.79,39.963,103.51,212.26
443.91,35.061,103.51,212.26
447.67,41.291,105.8,216.96
453.93,40.04,105.8,216.96
460.18,40.04,105.8,216.96
462.76,32.636,108.14,221.76
465.32,23.674,108.14,221.76
470.44,21.113,108.14,221.76
467.88,19.832,108.14,221.76
467.88,23.674,108.14,221.76
470.44,26.234,108.14,221.76
467.88,26.234,108.14,221.76
461.48,26.234,108.14,221.76
446.2,22.501,110.53,226.67
435.74,22.501,110.53,226.67
433.12,25.116,110.53,226.67
433.12,25.116,110.53,226.67
434.43,26.424,110.53,226.67
437.05,27.732,110.53,226.67
438.35,22.501,110.53,226.67
440.97,18.577,110.53,226.67
438.35,10.73,110.53,226.67
438.35,8.1145,110.53,226.67
439.66,6.8067,110.53,226.67
443.67,-0.93218,112.98,231.68
447.77,-8.8442,115.48,236.81
453.24,-14.311,115.48,236.81
460.07,-11.577,115.48,236.81
460.07,-2.0108,115.48,236.81
458.7,2.0892,115.48,236.81
454.6,3.4558,115.48,236.81
451.87,4.8225,115.48,236.81
450.5,6.1892,115.48,236.81
449.14,3.4558,115.48,236.81
443.67,0.72251,115.48,236.81
440.94,0.72251,115.48,236.81
434.1,3.4558,115.48,236.81
432.74,0.72251,115.48,236.81
431.46,-0.53049,118.03,242.05
430.15,-1.812,120.65,247.4
430.15,3.8978,120.65,247.4
428.73,11.035,120.65,247.4
428.73,19.6,120.65,247.4
433.01,23.882,120.65,247.4
434.44,28.164,120.65,247.4
437.29,29.592,120.65,247.4
437.29,32.447,120.65,247.4
434.53,31.137,123.32,252.87
431.61,29.679,123.32,252.87
428.69,31.137,123.32,252.87
424.32,32.596,123.32,252.87
418.48,32.596,123.32,252.87
408.36,28.34,126.04,258.47
402.4,22.371,126.04,258.47
400.9,20.879,126.04,258.47
400.9,26.848,126.04,258.47
402.4,29.832,126.04,258.47
405.38,31.324,126.04,258.47
409.86,38.785,126.04,258.47
412.84,38.785,126.04,258.47
412.84,38.785,126.04,258.47
409.86,37.293,126.04,258.47
406.87,37.293,126.04,258.47
403.89,34.309,126.04,258.47
403.89,31.324,126.04,258.47
403.99,25.481,128.83,264.19
407.03,19.387,128.83,264.19
408.56,20.91,128.83,264.19
407.13,19.511,131.68,270.03
408.69,21.07,131.68,270.03
407.23,21.2,134.6,276.01
408.83,22.792,134.6,276.01
412.11,22.923,137.57,282.11
410.59,19.802,140.62,288.36
410.59,18.14,140.62,288.36
410.59,18.14,140.62,288.36
408.93,16.477,140.62,288.36
408.93,16.477,140.62,288.36
407.27,18.14,140.62,288.36
405.6,16.477,140.62,288.36
403.94,14.814,140.62,288.36
400.61,13.151,140.62,288.36
398.95,9.826,140.62,288.36
398.95,8.1633,140.62,288.36
400.61,4.8378,140.62,288.36
400.61,3.175,140.62,288.36
400.61,4.8378,140.62,288.36
400.61,6.5005,140.62,288.36
397.4,11.624,143.73,294.74
392.41,18.564,146.91,301.26
387.31,16.968,150.16,307.92
380.32,17.115,153.48,314.73
371.36,17.265,156.88,321.7
364.05,15.563,160.35,328.82
358.48,15.721,163.9,336.09
368.18,17.66,163.9,336.09
358.48,15.721,163.9,336.09
354.6,13.782,163.9,336.09
350.72,13.782,163.9,336.09
362.36,15.721,163.9,336.09
352.79,21.699,167.52,343.53
356.88,25.828,171.23,351.13
354.99,28.021,175.02,358.9
361.33,26.121,178.89,366.84
359.22,28.237,178.89,366.84
357.1,30.352,178.89,366.84
355.12,26.294,182.85,374.95
350.8,30.62,182.85,374.95
359.45,37.108,182.85,374.95
350.8,39.271,182.85,374.95
359.45,41.433,182.85,374.95
359.59,37.285,186.89,383.25
350.89,33.046,191.03,391.73
355.56,26.451,195.25,400.4
360.32,22.022,199.57,409.25
360.48,15.134,203.99,418.31
362.89,17.548,203.99,418.31
363.05,12.92,208.5,427.56
363.21,8.1901,213.12,437.02
360.69,8.1901,213.12,437.02
353.12,8.1901,213.12,437.02
355.81,0.834,217.83,446.69
353.4,-4.1075,222.65,456.58
353.57,-9.1584,227.58,466.68
353.57,-9.1584,227.58,466.68
356.26,-9.1584,227.58,466.68
356.43,-14.321,232.61,477
359.19,-14.321,232.61,477
361.94,-8.8152,232.61,477
359.19,-6.0622,232.61,477
359.37,-11.339,237.76,487.56
350.93,-16.967,237.76,487.56
345.48,-13.919,243.02,498.34
339.73,-5.2954,243.02,498.34
339.73,-2.4209,243.02,498.34
339.73,-2.4209,243.02,498.34
339.92,-7.9338,248.4,509.37
336.98,-10.873,248.4,509.37
331.1,-7.9338,248.4,509.37
325.22,-4.9946,248.4,509.37
310.53,-2.0554,248.4,509.37
310.24,-2.5026,243.1,498.51
304.2,-0.063645,237.91,487.88
298.57,-0.063645,237.91,487.88
298.57,-2.8793,237.91,487.88
292.94,-2.8793,237.91,487.88
290.12,-2.8793,237.91,487.88
287.31,-0.063645,237.91,487.88
284.49,2.752,237.91,487.88
284.49,8.3834,237.91,487.88
290.12,14.015,237.91,487.88
295.75,14.015,237.91,487.88
301.38,11.199,237.91,487.88
304.2,5.5677,237.91,487.88
301.38,-2.8793,237.91,487.88
301.38,-2.8793,237.91,487.88
298.57,-2.8793,237.91,487.88
295.75,-0.063645,237.91,487.88
292.94,2.752,237.91,487.88
292.94,2.752,237.91,487.88
290.12,2.752,237.91,487.88
287.31,-0.063645,237.91,487.88
284.21,-3.3086,232.84,477.47
283.94,1.7825,227.88,467.29
283.67,6.765,223.02,457.32
281.03,4.1258,223.02,457.32
283.67,6.765,223.02,457.32
286.31,6.765,223.02,457.32
286.31,6.765,223.02,457.32
286.31,4.1258,223.02,457.32
288.95,4.1258,223.02,457.32
291.59,4.1258,223.02,457.32
294.23,9.4042,223.02,457.32
296.87,12.043,223.02,457.32
296.87,17.322,223.02,457.32
299.51,19.961,223.02,457.32
302.15,19.961,223.02,457.32
307.43,25.24,223.02,457.32
312.44,30.116,218.26,447.57
312.44,30.116,218.26,447.57
309.86,30.116,218.26,447.57
309.86,30.116,218.26,447.57
312.44,27.533,218.26,447.57
312.44,24.951,218.26,447.57
315.02,22.369,218.26,447.57
315.02,19.786,218.26,447.57
312.44,17.204,218.26,447.57
315.02,14.622,218.26,447.57
315.02,14.622,218.26,447.57
315.02,14.622,218.26,447.57
315.02,12.039,218.26,447.57
315.02,12.039,218.26,447.57
315.02,12.039,218.26,447.57
315.02,12.039,218.26,447.57
317.61,14.622,218.26,447.57
322.77,14.622,218.26,447.57
327.94,14.622,218.26,447.57
330.52,12.039,218.26,447.57
335.68,9.457,218.26,447.57
335.68,6.8746,218.26,447.57
335.68,6.8746,218.26,447.57
338.43,7.0881,223.09,457.47
341.24,2.0273,228.03,467.6
349.51,-3.1455,233.07,477.94
352.27,-3.1455,233.07,477.94
355.03,-5.9024,233.07,477.94
357.78,-5.9024,233.07,477.94
360.54,-0.38865,233.07,477.94
363.3,2.3682,233.07,477.94
366.05,5.1251,233.07,477.94
368.81,2.3682,233.07,477.94
371.57,-0.38865,233.07,477.94
371.57,-3.1455,233.07,477.94
371.57,-3.1455,233.07,477.94
371.57,-3.1455,233.07,477.94
371.57,-0.38865,233.07,477.94
368.99,-8.4327,238.23,488.52
363.36,-11.25,238.23,488.52
354.9,-19.703,238.23,488.52
346.45,-25.339,238.23,488.52
343.63,-22.521,238.23,488.52
338,-25.339,238.23,488.52
332.36,-22.521,238.23,488.52
326.73,-25.339,238.23,488.52
321.09,-25.339,238.23,488.52
318.27,-25.339,238.23,488.52
315.46,-28.156,238.23,488.52
309.82,-30.974,238.23,488.52
307,-30.974,238.23,488.52
304.18,-30.974,238.23,488.52
301.37,-28.156,238.23,488.52
301.37,-25.339,238.23,488.52
304.18,-25.339,238.23,488.52
307,-25.339,238.23,488.52
309.82,-25.339,238.23,488.52
315.46,-25.339,238.23,488.52
321.09,-30.974,238.23,488.52
323.91,-30.974,238.23,488.52
329.54,-30.974,238.23,488.52
329.54,-39.427,238.23,488.52
335.18,-45.062,238.23,488.52
338,-45.062,238.23,488.52
340.81,-42.245,238.23,488.52
340.81,-36.609,238.23,488.52
340.81,-33.792,238.23,488.52
343.63,-33.792,238.23,488.52
346.45,-33.792,238.23,488.52
346.45,-36.609,238.23,488.52
346.45,-45.062,238.23,488.52
346.45,-45.062,238.23,488.52
346.45,-47.88,238.23,488.52
343.63,-50.697,238.23,488.52
340.81,-53.515,238.23,488.52
335.18,-50.697,238.23,488.52
332.08,-51.124,233.15,478.1
334.57,-46.026,228.17,467.9
337,-41.037,223.31,457.92
339.64,-38.396,223.31,457.92
344.93,-35.755,223.31,457.92
350.21,-38.396,223.31,457.92
350.21,-43.678,223.31,457.92
349.95,-44.078,218.55,448.16
339.6,-44.078,218.55,448.16
334.43,-41.492,218.55,448.16
331.84,-38.905,218.55,448.16
329.26,-36.319,218.55,448.16
329.26,-33.733,218.55,448.16
331.84,-31.146,218.55,448.16
331.84,-28.56,218.55,448.16
334.43,-25.974,218.55,448.16
337.02,-23.388,218.55,448.16
337.02,-18.215,218.55,448.16
337.02,-13.043,218.55,448.16
337.02,-10.456,218.55,448.16
339.6,-10.456,218.55,448.16
341.93,-5.6777,213.89,438.6
341.93,-8.2091,213.89,438.6
344.46,-8.2091,213.89,438.6
347,-10.74,213.89,438.6
347,-13.272,213.89,438.6
347,-13.272,213.89,438.6
344.46,-10.74,213.89,438.6
341.93,-10.74,213.89,438.6
341.93,-10.74,213.89,438.6
341.93,-8.2091,213.89,438.6
341.93,-5.6777,213.89,438.6
339.4,-13.272,213.89,438.6
336.62,-11.127,209.33,429.25
334.14,-13.603,209.33,429.25
331.67,-13.603,209.33,429.25
326.71,-11.127,209.33,429.25
321.76,-8.65,209.33,429.25
319.28,-8.65,209.33,429.25
321.52,-4.0731,204.86,420.1
323.7,-2.0173,200.49,411.14
323.47,-0.006046,196.22,402.37
318.82,-0.006046,196.22,402.37
314.18,-4.6492,196.22,402.37
309.54,-2.3276,196.22,402.37
304.89,-0.006046,196.22,402.37
302.57,-0.006046,196.22,402.37
302.57,2.3155,196.22,402.37
304.89,-2.3276,196.22,402.37
306.99,1.9627,192.03,393.79
302.44,4.2353,192.03,393.79
302.44,4.2353,192.03,393.79
302.44,1.9627,192.03,393.79
306.99,-4.8549,192.03,393.79
306.99,-4.8549,192.03,393.79
304.71,-4.8549,192.03,393.79
300.17,-2.5824,192.03,393.79
295.62,-0.30984,192.03,393.79
295.62,-0.30984,192.03,393.79
297.9,4.2353,192.03,393.79
302.44,6.5078,192.03,393.79
306.99,8.7804,192.03,393.79
309.26,8.7804,192.03,393.79
311.53,6.5078,192.03,393.79
311.53,6.5078,192.03,393.79
313.8,8.7804,192.03,393.79
316.08,11.053,192.03,393.79
316.08,13.325,192.03,393.79
316.08,13.325,192.03,393.79
316.08,13.325,192.03,393.79
318.35,13.325,192.03,393.79
320.62,15.598,192.03,393.79
320.62,17.871,192.03,393.79
320.62,17.871,192.03,393.79
318.35,15.598,192.03,393.79
316.08,13.325,192.03,393.79
313.8,11.053,192.03,393.79
309.26,8.7804,192.03,393.79
302.44,6.5078,192.03,393.79
302.44,6.5078,192.03,393.79
300.17,8.7804,192.03,393.79
297.9,13.325,192.03,393.79
297.9,15.598,192.03,393.79
295.62,17.871,192.03,393.79
293.35,17.871,192.03,393.79
291.08,15.598,192.03,393.79
288.95,8.9692,196.28,402.5
288.95,8.9692,196.28,402.5
288.95,8.9692,196.28,402.5
288.95,8.9692,196.28,402.5
286.78,13.803,200.62,411.41
289.16,16.177,200.62,411.41
289.31,25.873,205.06,420.51
296.75,30.923,209.6,429.81
301.71,33.404,209.6,429.81
306.83,36.09,214.24,439.32
309.53,33.765,218.98,449.04
312.29,31.388,223.82,458.98
315.11,26.311,228.77,469.13
320.52,23.605,228.77,469.13
323.4,18.415,233.84,479.51
326.34,15.877,239.01,490.12
326.34,18.704,239.01,490.12
332.18,18.937,244.3,500.96
335.07,18.937,244.3,500.96
343.74,18.937,244.3,500.96
343.93,13.395,249.7,512.05
344.12,7.7309,255.23,523.38
350.16,7.7309,255.23,523.38
347.34,4.9607,260.87,534.96
350.43,1.8744,260.87,534.96
353.51,-1.2119,260.87,534.96
350.43,1.8744,260.87,534.96
350.43,1.8744,260.87,534.96
344.45,-4.0436,266.65,546.79
344.45,-7.1985,266.65,546.79
344.45,-10.353,266.65,546.79
341.5,-16.402,272.55,558.89
341.5,-13.179,272.55,558.89
344.73,-9.9552,272.55,558.89
338.49,-16.138,278.58,571.26
335.41,-19.161,284.74,583.9
332.04,-19.161,284.74,583.9
332.04,-19.161,284.74,583.9
332.04,-25.899,284.74,583.9
328.67,-32.636,284.74,583.9
325.3,-32.636,284.74,583.9
325.3,-36.005,284.74,583.9
328.67,-32.636,284.74,583.9
332.26,-32.358,291.04,596.81
332.26,-25.472,291.04,596.81
332.26,-18.585,291.04,596.81
329.04,-21.745,297.48,610.02
329.04,-25.264,297.48,610.02
329.04,-25.264,297.48,610.02
325.75,-28.493,304.06,623.52
325.75,-35.689,304.06,623.52
325.75,-32.091,304.06,623.52
325.75,-35.689,304.06,623.52
325.75,-35.689,304.06,623.52
325.75,-39.287,304.06,623.52
325.75,-39.287,304.06,623.52
329.34,-42.885,304.06,623.52
332.94,-46.483,304.06,623.52
332.94,-46.483,304.06,623.52
332.94,-50.081,304.06,623.52
332.94,-57.277,304.06,623.52
332.94,-53.679,304.06,623.52
332.94,-53.679,304.06,623.52
332.94,-50.081,304.06,623.52
329.34,-50.081,304.06,623.52
329.34,-60.875,304.06,623.52
325.75,-57.277,304.06,623.52
322.15,-68.071,304.06,623.52
318.55,-71.669,304.06,623.52
311.35,-71.669,304.06,623.52
304.16,-71.669,304.06,623.52
300.56,-68.071,304.06,623.52
296.96,-64.473,304.06,623.52
293.36,-60.875,304.06,623.52
293.36,-57.277,304.06,623.52
293.36,-60.875,304.06,623.52
293.36,-68.071,304.06,623.52
296.96,-68.071,304.06,623.52
296.96,-68.071,304.06,623.52
296.96,-78.865,304.06,623.52
296.96,-75.267,304.06,623.52
296.96,-75.267,304.06,623.52
296.96,-71.669,304.06,623.52
300.56,-68.071,304.06,623.52
304.16,-68.071,304.06,623.52
307.76,-68.071,304.06,623.52
311.35,-71.669,304.06,623.52
314.95,-71.669,304.06,623.52
318.55,-71.669,304.06,623.52
322.15,-71.669,304.06,623.52
325.75,-71.669,304.06,623.52
325.75,-71.669,304.06,623.52
325.75,-68.071,304.06,623.52
322.15,-71.669,304.06,623.52
322.15,-71.669,304.06,623.52
318.55,-75.267,304.06,623.52
314.95,-75.267,304.06,623.52
311.35,-75.267,304.06,623.52
307.76,-75.267,304.06,623.52
300.56,-75.267,304.06,623.52
296.96,-78.865,304.06,623.52
293.36,-78.865,304.06,623.52
286.17,-75.267,304.06,623.52
282.57,-71.669,304.06,623.52
282.57,-68.071,304.06,623.52
278.97,-71.669,304.06,623.52
275.37,-71.669,304.06,623.52
275.37,-68.071,304.06,623.52
271.78,-68.071,304.06,623.52
271.78,-68.071,304.06,623.52
271.78,-64.473,304.06,623.52
268.18,-64.473,304.06,623.52
264.58,-57.277,304.06,623.52
257.38,-53.679,304.06,623.52
253.79,-53.679,304.06,623.52
246.59,-57.277,304.06,623.52
235.8,-57.277,304.06,623.52
235.8,-53.679,304.06,623.52
239.04,-47.031,297.58,610.22
245.73,-40.524,291.23,597.21
242.29,-33.634,291.23,597.21
235.4,-30.189,291.23,597.21
231.95,-23.299,291.23,597.21
228.51,-19.854,291.23,597.21
231.95,-16.409,291.23,597.21
231.95,-12.964,291.23,597.21
231.95,-12.964,291.23,597.21
231.95,-16.409,291.23,597.21
235.06,-16.931,285.02,584.47
235.06,-10.186,285.02,584.47
234.72,-3.9539,278.94,572.01
224.82,-0.65392,278.94,572.01
214.92,5.9461,278.94,572.01
211.62,9.2461,278.94,572.01
208.32,5.9461,278.94,572.01
205.02,5.9461,278.94,572.01
205.02,5.9461,278.94,572.01
205.02,2.6461,278.94,572.01
205.02,2.6461,278.94,572.01
205.02,2.6461,278.94,572.01
201.72,-0.65392,278.94,572.01
195.12,-0.65392,278.94,572.01
188.52,-0.65392,278.94,572.01
181.92,2.6461,278.94,572.01
181.92,9.2461,278.94,572.01
178.62,9.2461,278.94,572.01
178.62,15.846,278.94,572.01
178.62,19.146,278.94,572.01
178.62,22.446,278.94,572.01
178.62,22.446,278.94,572.01
175.32,19.146,278.94,572.01
175.32,19.146,278.94,572.01
172.02,22.446,278.94,572.01
168.72,22.446,278.94,572.01
165.42,29.046,278.94,572.01
162.12,35.646,278.94,572.01
162.12,42.246,278.94,572.01
158.82,45.546,278.94,572.01
158.82,52.146,278.94,572.01
155.52,55.446,278.94,572.01
155.2,58.245,272.99,559.81
158.11,67.444,267.17,547.87
161.27,73.765,267.17,547.87
164.43,76.926,267.17,547.87
170.75,83.248,267.17,547.87
170.75,86.408,267.17,547.87
167.59,86.408,267.17,547.87
164.43,89.569,267.17,547.87
164.43,92.73,267.17,547.87
164.43,95.891,267.17,547.87
164.43,95.891,267.17,547.87
167.59,95.891,267.17,547.87
164.43,92.73,267.17,547.87
164.43,92.73,267.17,547.87
167.59,95.891,267.17,547.87
164.43,99.051,267.17,547.87
164.43,102.21,267.17,547.87
164.43,105.37,267.17,547.87
164.43,108.53,267.17,547.87
161.27,108.53,267.17,547.87
158.11,105.37,267.17,547.87
154.95,102.21,267.17,547.87
154.64,101.73,261.47,536.19
154.33,101.26,255.9,524.75
147.98,106.86,250.44,513.56
141.76,112.33,245.1,502.61
141.47,120.59,239.87,491.89
144.03,128.67,234.76,481.4
146.81,131.45,234.76,481.4
149.58,131.45,234.76,481.4
152.36,131.45,234.76,481.4
154.86,131.03,229.75,471.14
160.03,136.05,224.85,461.09
165.09,143.63,220.06,451.26
167.43,148.44,215.36,441.63
169.98,153.54,215.36,441.63
175.07,158.63,215.36,441.63
187.56,160.79,210.77,432.21
190.05,155.8,210.77,432.21
189.81,155.42,206.28,423
189.57,155.05,201.88,413.98
191.95,152.66,201.88,413.98
191.95,152.66,201.88,413.98
191.95,152.66,201.88,413.98
191.95,150.28,201.88,413.98
191.95,147.89,201.88,413.98
198.88,145.14,197.57,405.15
201.22,140.46,197.57,405.15
200.99,137.77,193.36,396.51
196.19,137.42,189.24,388.05
193.95,137.42,189.24,388.05
196.19,135.18,189.24,388.05
204.92,132.6,185.2,379.78
209.09,132.27,181.25,371.68
215.31,136.24,177.39,363.75
217.41,127.84,177.39,363.75
219.3,123.33,173.6,356
221.35,123.33,173.6,356
221.35,123.33,173.6,356
217.25,125.38,173.6,356
217.25,125.38,173.6,356
219.3,125.38,173.6,356
217.25,117.17,173.6,356
215.19,115.12,173.6,356
215.19,115.12,173.6,356
215.19,117.17,173.6,356
215.19,117.17,173.6,356
217.25,115.12,173.6,356
219.3,113.07,173.6,356
221.35,113.07,173.6,356
223.4,111.01,173.6,356
227.31,106.6,169.9,348.4
233.14,104.28,166.28,340.97
239.04,100.35,166.28,340.97
242.97,94.448,166.28,340.97
242.97,88.548,166.28,340.97
241.01,90.515,166.28,340.97
235.11,88.548,166.28,340.97
232.95,94.151,162.73,333.7
231.02,94.151,162.73,333.7
231.02,96.076,162.73,333.7
232.95,99.927,162.73,333.7
236.8,98.002,162.73,333.7
244.31,88.081,159.26,326.59
248.08,84.313,159.26,326.59
249.96,74.891,159.26,326.59
248.08,74.891,159.26,326.59
248.08,73.007,159.26,326.59
249.96,67.354,159.26,326.59
251.85,59.817,159.26,326.59
253.73,52.279,159.26,326.59
253.73,40.974,159.26,326.59
251.85,44.742,159.26,326.59
249.96,39.089,159.26,326.59
244.31,40.974,159.26,326.59
238.66,42.858,159.26,326.59
234.89,42.858,159.26,326.59
234.89,42.858,159.26,326.59
238.66,40.974,159.26,326.59
242.42,39.089,159.26,326.59
248.08,39.089,159.26,326.59
251.85,40.974,159.26,326.59
251.97,39.245,162.78,333.81
253.89,41.17,162.78,333.81
255.82,41.17,162.78,333.81
257.74,41.17,162.78,333.81
259.67,39.245,162.78,333.81
263.52,39.245,162.78,333.81
265.45,41.17,162.78,333.81
267.37,41.17,162.78,333.81
271.22,41.17,162.78,333.81
275.07,43.096,162.78,333.81
277,46.947,162.78,333.81
284.7,48.872,162.78,333.81
292.4,52.723,162.78,333.81
298.3,54.807,166.39,341.2
306.18,58.744,166.39,341.2
318.12,56.938,170.07,348.75
326.3,57.104,173.83,356.46
330.54,53.161,177.68,364.35
332.78,51.232,181.61,372.41
335.07,49.261,185.63,380.65
337.41,45.05,189.73,389.07
337.56,38.501,193.93,397.68
339.85,36.207,193.93,397.68
335.41,29.514,198.22,406.48
330.87,22.672,202.61,415.47
330.87,20.276,202.61,415.47
330.87,15.483,202.61,415.47
331.03,10.887,207.09,424.66
333.48,5.9854,207.09,424.66
335.93,1.0834,207.09,424.66
338.38,1.0834,207.09,424.66
338.38,5.9854,207.09,424.66
336.09,6.1895,211.67,434.06
336.09,8.6934,211.67,434.06
333.75,6.3955,216.35,443.66
331.19,3.8367,216.35,443.66
331.35,1.4875,221.14,453.48
328.74,1.4875,221.14,453.48
328.74,1.4875,221.14,453.48
326.12,1.4875,221.14,453.48
323.51,1.4875,221.14,453.48
318.28,4.1032,221.14,453.48
315.83,4.3179,226.03,463.51
313.16,4.3179,226.03,463.51
313.16,6.9924,226.03,463.51
313.16,4.3179,226.03,463.51
313.16,6.9924,226.03,463.51
313.16,12.341,226.03,463.51
313.16,15.016,226.03,463.51
313.16,12.341,226.03,463.51
318.68,9.8884,231.04,473.77
318.68,9.8884,231.04,473.77
313.21,9.8884,231.04,473.77
305.19,7.3806,236.15,484.25
299.6,4.5865,236.15,484.25
291.22,1.7924,236.15,484.25
288.42,1.7924,236.15,484.25
285.63,1.7924,236.15,484.25
282.84,1.7924,236.15,484.25
280.04,1.7924,236.15,484.25
277.25,1.7924,236.15,484.25
274.45,-1.0017,236.15,484.25
271.66,-3.7958,236.15,484.25
268.87,-6.59,236.15,484.25
268.87,-9.3841,236.15,484.25
268.87,-6.59,236.15,484.25
266.07,-6.59,236.15,484.25
257.69,-3.7958,236.15,484.25
257.69,-3.7958,236.15,484.25
257.69,-9.3841,236.15,484.25
263.28,-9.3841,236.15,484.25
282.56,1.3676,231.11,473.92
282.29,6.4208,226.18,463.82
284.7,14.043,221.36,453.93
287.06,16.263,216.64,444.25
289.63,18.826,216.64,444.25
291.94,23.563,212.02,434.77
289.43,26.071,212.02,434.77
284.41,28.579,212.02,434.77
279.15,28.199,207.5,425.5
271.78,28.199,207.5,425.5
269.09,18.006,203.07,416.43
261.88,20.408,203.07,416.43
259.24,17.643,198.74,407.55
249.61,17.286,194.5,398.86
249.61,17.286,194.5,398.86
247.31,17.286,194.5,398.86
242.7,19.588,194.5,398.86
237.87,23.841,190.36,390.35
228.86,28.347,190.36,390.35
224.35,37.359,190.36,390.35
222.1,53.129,190.36,390.35
226.38,61.797,186.3,382.03
228.59,68.409,186.3,382.03
232.99,75.021,186.3,382.03
528.32,324.06,186.3,382.03
528.1,328.14,182.32,373.88
528.1,321.67,182.32,373.88
528.1,317.35,182.32,373.88
528.1,315.2,182.32,373.88
528.1,315.2,182.32,373.88
528.1,315.2,182.32,373.88
530.26,313.04,182.32,373.88
532.41,310.88,182.32,373.88
532.41,308.73,182.32,373.88
534.36,312.71,178.44,365.91
525.91,312.71,178.44,365.91
523.8,312.71,178.44,365.91
521.69,310.6,178.44,365.91
517.46,306.38,178.44,365.91
515.35,306.38,178.44,365.91
515.35,302.15,178.44,365.91
515.35,302.15,178.44,365.91
515.35,300.04,178.44,365.91
515.35,295.82,178.44,365.91
517.46,295.82,178.44,365.91
521.69,295.82,178.44,365.91
528.02,285.26,178.44,365.91
530.14,285.26,178.44,365.91
534.15,289.16,174.63,358.1
530.02,291.23,174.63,358.1
527.95,293.29,174.63,358.1
527.95,293.29,174.63,358.1
527.95,295.36,174.63,358.1
530.02,297.43,174.63,358.1
532.08,299.49,174.63,358.1
534.15,301.56,174.63,358.1
536.22,305.69,174.63,358.1
538.28,307.76,174.63,358.1
540.35,311.89,174.63,358.1
540.35,313.96,174.63,358.1
540.35,318.09,174.63,358.1
538.28,320.16,174.63,358.1
538.28,324.29,174.63,358.1
538.28,328.43,174.63,358.1
542.42,334.63,174.63,358.1
544.28,342.58,170.91,350.47
546.3,350.67,170.91,350.47
544.28,352.69,170.91,350.47
542.06,356.42,167.26,342.99
546.01,362.36,167.26,342.99
546.01,364.34,167.26,342.99
544.04,364.34,167.26,342.99
544.04,366.32,167.26,342.99
540.08,364.34,167.26,342.99
532.17,364.34,167.26,342.99
526.23,362.36,167.26,342.99
526.23,362.36,167.26,342.99
524.25,362.36,167.26,342.99
518.32,360.38,167.26,342.99
518.32,350.49,167.26,342.99
518.44,338.78,170.96,350.58
518.44,334.73,170.96,350.58
512.37,332.71,170.96,350.58
504.28,336.76,170.96,350.58
498.21,344.85,170.96,350.58
492.14,348.9,170.96,350.58
486.07,352.95,170.96,350.58
486.07,354.97,170.96,350.58
486.07,356.99,170.96,350.58
486.07,359.02,170.96,350.58
488.09,361.04,170.96,350.58
488.09,363.06,170.96,350.58
486.07,363.06,170.96,350.58
488.09,365.09,170.96,350.58
490.12,367.11,170.96,350.58
492.14,369.13,170.96,350.58
496.19,371.16,170.96,350.58
498.21,373.18,170.96,350.58
498.21,375.2,170.96,350.58
498.21,379.25,170.96,350.58
502.26,383.3,170.96,350.58
506.3,391.39,170.96,350.58
508.33,395.44,170.96,350.58
514.4,393.42,170.96,350.58
520.47,395.44,170.96,350.58
520.47,403.53,170.96,350.58
520.47,405.56,170.96,350.58
518.44,407.58,170.96,350.58
514.4,409.6,170.96,350.58
510.35,411.63,170.96,350.58
504.28,413.65,170.96,350.58
500.23,413.65,170.96,350.58
498.34,409.77,174.74,358.34
498.34,409.77,174.74,358.34
502.47,409.77,174.74,358.34
498.34,409.77,174.74,358.34
494.21,409.77,174.74,358.34
490.07,409.77,174.74,358.34
490.07,407.71,174.74,358.34
488.01,407.71,174.74,358.34
485.94,409.77,174.74,358.34
481.81,409.77,174.74,358.34
477.67,407.71,174.74,358.34
475.61,411.84,174.74,358.34
473.54,413.91,174.74,358.34
485.94,413.91,174.74,358.34
498.34,413.91,174.74,358.34
510.74,413.91,174.74,358.34
516.94,415.97,174.74,358.34
531.2,421.86,171.02,350.7
541.32,425.91,171.02,350.7
547.39,429.95,171.02,350.7
559.33,435.72,167.37,343.22
561.31,435.72,167.37,343.22
561.31,435.72,167.37,343.22
561.31,435.72,167.37,343.22
559.14,441.36,163.8,335.9
559.14,443.29,163.8,335.9
562.82,444.94,160.31,328.73
572.12,446.55,156.89,321.72
572.12,446.55,156.89,321.72
566.55,448.4,156.89,321.72
566.36,451.84,153.54,314.86
566.36,451.84,153.54,314.86
566.36,453.65,153.54,314.86
564.66,451.98,156.94,321.83
560.95,451.98,156.94,321.83
555.38,451.98,156.94,321.83
555.38,455.7,156.94,321.83
553.52,459.41,156.94,321.83
555.19,462.84,153.59,314.97
556.83,468.02,150.32,308.25
556.83,469.8,150.32,308.25
556.83,471.58,150.32,308.25
558.44,474.86,147.11,301.68
558.44,473.12,147.11,301.68
554.95,471.38,147.11,301.68
547.99,471.38,147.11,301.68
546.07,474.6,143.98,295.24
544.2,477.74,140.91,288.95
544.2,479.41,140.91,288.95
545.87,482.74,140.91,288.95
550.87,484.41,140.91,288.95
555.87,486.08,140.91,288.95
559.2,487.74,140.91,288.95
565.87,489.41,140.91,288.95
569.04,492.49,137.9,282.78
573.77,493.88,134.96,276.75
573.77,497.07,134.96,276.75
575.37,498.66,134.96,276.75
581.59,501.61,132.08,270.85
586.28,501.61,132.08,270.85
590.97,501.61,132.08,270.85
597.07,506.07,129.27,265.08
603.03,508.89,126.51,259.42
606.03,511.88,126.51,259.42
617.85,522.13,123.81,253.89
626.49,524.84,121.17,248.48
629.36,526.27,121.17,248.48
632.22,529.14,121.17,248.48
636.38,538.95,118.59,243.18
640.46,542.95,116.06,237.99
644.57,545.7,116.06,237.99
649.93,549.61,113.58,232.92
652.48,549.4,111.16,227.95
653.67,557.1,108.79,223.09
649.68,560.76,106.47,218.33
649.68,563.28,106.47,218.33
653.34,565.61,104.2,213.68
658.15,565.42,101.98,209.12
659.35,569.04,101.98,209.12
658.03,572.47,99.803,204.66
650.83,577.02,97.675,200.29
642.75,577.02,97.675,200.29
632.35,575.86,97.675,200.29
623.11,577.02,97.675,200.29
612.6,579.15,95.592,196.02
601.18,581.24,93.553,191.84
592.22,584.39,91.558,187.75
580.21,587.48,89.606,183.75
568.44,590.5,87.695,179.83
554.85,595.53,85.825,175.99
540.63,593.49,85.825,175.99
538.5,599.43,83.994,172.24
546.35,604.25,82.203,168.57
559.97,599.39,82.203,168.57
574.46,605.08,80.45,164.97
583.97,607.93,80.45,164.97
586.73,611.59,78.735,161.46
588.5,615.18,77.056,158.01
589.32,619.6,75.412,154.64
589.32,624.06,75.412,154.64
588.34,620.35,73.804,151.35
583.02,626.33,72.23,148.12
583.79,620.21,70.69,144.96
584.55,626.78,69.182,141.87
585.28,635.66,67.707,138.84
580.39,633.93,66.263,135.88
578.75,629.1,64.85,132.98
574.91,622.2,64.85,132.98
577.14,627.45,63.467,130.15
575.56,637.1,62.114,127.37
564.53,645.19,62.114,127.37
552.03,643.72,62.114,127.37
532.91,637.84,62.114,127.37
514.53,622.4,62.114,127.37
502.03,617.98,62.114,127.37
492.47,617.25,62.114,127.37
481.44,612.1,62.114,127.37
474.09,602.54,62.114,127.37
469.68,595.19,62.114,127.37
462.33,590.78,62.114,127.37
454.24,588.57,62.114,127.37
446.88,584.9,62.114,127.37
437.99,564.93,60.789,124.66
432.28,546.28,62.134,127.41
425.66,528.63,62.134,127.41
418.36,512.52,63.509,130.23
405.64,502.07,64.914,133.11
398.72,481.31,64.914,133.11
396.41,472.86,64.914,133.11
384.17,490.6,66.35,136.06
377.16,485.17,67.818,139.07
374,477.22,69.319,142.15
369.08,467.39,69.319,142.15
367.5,455.98,70.852,145.29
362.52,444.3,72.42,148.51
356.52,434.87,72.42,148.51
355.72,430.66,74.022,151.79
355.72,426.28,74.022,151.79
355.72,420.14,74.022,151.79
354.02,414.08,75.66,155.15
353.13,410.5,75.66,155.15
352.23,408.7,75.66,155.15
351.33,407.81,75.66,155.15
350.44,406.02,75.66,155.15
355.82,396.16,75.66,155.15
364.78,390.78,75.66,155.15
371.94,384.51,75.66,155.15
378.22,374.65,75.66,155.15
379.11,369.28,75.66,155.15
382.7,364.8,75.66,155.15
386.28,363.9,75.66,155.15
388.07,358.52,75.66,155.15
389.87,352.25,75.66,155.15
391.66,350.46,75.66,155.15
393.45,345.08,75.66,155.15
395.24,342.4,75.66,155.15
396.14,336.12,75.66,155.15
397.03,333.43,75.66,155.15
397.93,330.75,75.66,155.15
399.72,330.75,75.66,155.15
399.72,328.06,75.66,155.15
396.95,330.61,74.046,151.84
394.32,330.61,74.046,151.84
395.19,333.24,74.046,151.84
396.07,336.74,74.046,151.84
395.98,340.12,72.467,148.6
395.98,339.26,72.467,148.6
395.98,340.97,72.467,148.6
394.27,346.97,72.467,148.6
394.18,351.13,70.922,145.44
401.74,354.48,70.922,145.44
410.97,357,70.922,145.44
416.84,357.84,70.922,145.44
420.2,358.68,70.922,145.44
421.04,357.84,70.922,145.44
423.56,357,70.922,145.44
430.27,357,70.922,145.44
437.82,352.8,70.922,145.44
442.86,349.45,70.922,145.44
449.57,349.45,70.922,145.44
448.79,346.16,72.491,148.65
447.93,346.16,72.491,148.65
447.93,351.3,72.491,148.65
452.22,353.01,72.491,148.65
453.07,359.01,72.491,148.65
451.41,366.79,74.095,151.94
448.78,368.55,74.095,151.94
449.72,367.74,75.734,155.3
453.3,370.43,75.734,155.3
455.09,374.91,75.734,155.3
454.2,381.18,75.734,155.3
453.3,391.94,75.734,155.3
452.46,391.11,77.41,158.74
449.78,390.27,79.123,162.25
447.97,394.09,80.873,165.84
451.79,395.05,80.873,165.84
457.53,398.88,80.873,165.84
463.34,402.78,82.663,169.51
471.23,406.78,84.492,173.26
478.29,410.86,86.361,177.09
481.36,415.97,86.361,177.09
483.47,412.99,88.272,181.01
489.74,412.99,88.272,181.01
493.92,418.21,88.272,181.01
496.01,421.35,88.272,181.01
503.32,422.39,88.272,181.01
504.44,420.39,90.225,185.02
505.57,416.21,92.221,189.11
504.55,408.67,94.261,193.3
503.51,406.53,96.347,197.57
503.58,403.2,98.478,201.94
504.82,397.48,100.66,206.41
507.28,395.19,102.88,210.98
507.36,392.86,105.16,215.65
361.77,224.88,107.49,220.42
354.21,223.71,109.87,225.29
351.7,226.42,112.3,230.28
350.37,227.75,112.3,230.28
350.46,229.19,114.78,235.37
350.46,229.19,114.78,235.37
349.19,229.3,117.32,240.58
349.28,236.36,119.92,245.9
350.79,236.48,122.57,251.34
352.34,238.05,125.28,256.91
355.4,236.69,128.05,262.59
360.04,232.27,130.89,268.4
370.89,227.62,130.89,268.4
383.28,224.52,130.89,268.4
394.12,224.52,130.89,268.4
401.97,224.65,133.78,274.34
408.4,224.78,136.74,280.41
416.49,228.02,136.74,280.41
419.83,226.53,139.77,286.61
424.79,228.19,139.77,286.61
433.05,234.8,139.77,286.61
434.81,236.59,142.86,292.95
434.81,241.66,142.86,292.95
436.5,246.73,142.86,292.95
434.81,246.73,142.86,292.95
433.12,243.35,142.86,292.95
433.12,239.97,142.86,292.95
434.81,234.9,142.86,292.95
441.57,233.21,142.86,292.95
443.26,233.21,142.86,292.95
450.02,234.9,142.86,292.95
451.71,233.21,142.86,292.95
453.4,231.52,142.86,292.95
453.4,233.21,142.86,292.95
453.4,229.83,142.86,292.95
450.02,224.76,142.86,292.95
448.33,216.3,142.86,292.95
450.02,209.54,142.86,292.95
450.02,206.16,142.86,292.95
455.2,204.61,146.02,299.43
455.2,202.88,146.02,299.43
458.66,204.61,146.02,299.43
463.95,204.75,149.25,306.06
462.19,206.52,149.25,306.06
462.19,210.05,149.25,306.06
464.07,210.2,152.55,312.83
460.46,210.2,152.55,312.83
451.44,208.4,152.55,312.83
446.03,204.79,152.55,312.83
446.15,195.92,155.93,319.75
440.61,186.69,155.93,319.75
438.77,183,155.93,319.75
435.07,181.16,155.93,319.75
431.38,177.47,155.93,319.75
427.81,173.93,159.38,326.83
420.27,170.16,159.38,326.83
418.38,168.27,159.38,326.83
418.51,166.54,162.9,334.06
418.63,162.85,166.51,341.45
408.78,158.91,166.51,341.45
394.98,156.93,166.51,341.45
383.29,147.25,170.19,349
373.35,141.37,173.96,356.73
369.37,131.25,177.81,364.62
367.4,116.69,181.74,372.68
360.95,112.39,181.74,372.68
358.8,105.94,181.74,372.68
352.35,103.79,181.74,372.68
345.89,105.94,181.74,372.68
339.44,103.79,181.74,372.68
337.29,99.487,181.74,372.68
335.14,95.185,181.74,372.68
335.14,93.034,181.74,372.68
330.84,90.883,181.74,372.68
326.53,90.883,181.74,372.68
322.23,88.732,181.74,372.68
317.93,88.732,181.74,372.68
313.63,84.43,181.74,372.68
307.17,82.279,181.74,372.68
300.72,82.279,181.74,372.68
302.87,84.43,181.74,372.68
302.87,86.581,181.74,372.68
298.57,88.732,181.74,372.68
298.57,90.883,181.74,372.68
296.42,95.185,181.74,372.68
294.27,101.64,181.74,372.68
287.82,108.09,181.74,372.68
287.6,114.22,177.87,364.74
285.29,118.1,174.07,356.96
289.41,124.28,174.07,356.96
295.59,130.46,174.07,356.96
301.76,132.52,174.07,356.96
307.94,136.63,174.07,356.96
314.11,138.69,174.07,356.96
316.17,140.75,174.07,356.96
316.17,142.81,174.07,356.96
314.11,148.99,174.07,356.96
312.06,151.05,174.07,356.96
308.07,151.21,177.92,364.86
301.89,153.5,181.86,372.93
299.74,162.1,181.86,372.93
293.43,164.43,185.88,381.18
289.17,173.41,190,389.61
289.17,182.4,190,389.61
286.92,182.4,190,389.61
286.92,182.4,190,389.61
286.92,180.15,190,389.61
282.43,177.9,190,389.61
280.18,177.9,190,389.61
275.69,177.9,190,389.61
275.83,180.34,194.2,398.23
273.68,178.23,198.5,407.04
273.84,176.07,202.89,416.05
269.04,173.67,202.89,416.05
266.79,171.47,207.38,425.26
264.34,171.47,207.38,425.26
264.34,173.92,207.38,425.26
261.89,176.38,207.38,425.26
259.43,181.28,207.38,425.26
256.98,186.19,207.38,425.26
256.98,191.1,207.38,425.26
262.05,193.75,211.97,434.66
264.55,196.26,211.97,434.66
264.55,201.27,211.97,434.66
264.55,208.8,211.97,434.66
267.06,216.32,211.97,434.66
264.72,219.04,216.66,444.28
264.88,221.81,221.45,454.11
264.88,224.43,221.45,454.11
270.12,232.29,221.45,454.11
277.98,237.53,221.45,454.11
285.84,240.15,221.45,454.11
293.7,242.77,221.45,454.11
296.32,245.39,221.45,454.11
296.32,250.62,221.45,454.11
296.32,253.24,221.45,454.11
298.94,255.86,221.45,454.11
306.8,261.1,221.45,454.11
309.42,266.34,221.45,454.11
312.04,268.96,221.45,454.11
314.66,268.96,221.45,454.11
319.89,271.58,221.45,454.11
325.13,274.2,221.45,454.11
330.37,276.82,221.45,454.11
332.99,279.44,221.45,454.11
335.61,279.44,221.45,454.11
338.23,279.44,221.45,454.11
343.47,274.2,221.45,454.11
351.33,271.58,221.45,454.11
359.19,268.96,221.45,454.11
364.43,263.72,221.45,454.11
372.29,261.1,221.45,454.11
377.53,258.48,221.45,454.11
380.15,255.86,221.45,454.11
385.39,255.86,221.45,454.11
390.62,258.48,221.45,454.11
395.86,261.1,221.45,454.11
398.48,266.34,221.45,454.11
401.1,268.96,221.45,454.11
400.84,273.8,216.73,444.43
403.41,273.8,216.73,444.43
398.28,271.24,216.73,444.43
385.46,271.24,216.73,444.43
377.76,273.8,216.73,444.43
367.5,271.24,216.73,444.43
357.24,271.24,216.73,444.43
346.99,271.24,216.73,444.43
344.42,273.8,216.73,444.43
339.29,278.93,216.73,444.43
336.73,278.93,216.73,444.43
331.6,276.37,216.73,444.43
323.9,276.37,216.73,444.43
316.21,276.37,216.73,444.43
308.26,281.11,212.11,434.95
305.75,281.11,212.11,434.95
303.24,281.11,212.11,434.95
305.5,285.75,207.58,425.67
305.5,283.29,207.58,425.67
305.5,283.29,207.58,425.67
310.17,282.91,203.16,416.6
329.17,280.14,198.82,407.71
335.99,282.14,194.58,399.02
340.6,275.23,194.58,399.02
345.2,272.93,194.58,399.02
349.8,272.93,194.58,399.02
352.11,268.33,194.58,399.02
352.11,263.72,194.58,399.02
352.11,261.42,194.58,399.02
349.8,256.82,194.58,399.02
347.5,256.82,194.58,399.02
345.2,256.82,194.58,399.02
345.2,256.82,194.58,399.02
345.2,256.82,194.58,399.02
345.2,259.12,194.58,399.02
342.9,259.12,194.58,399.02
342.9,256.82,194.58,399.02
340.6,249.91,194.58,399.02
333.69,245.31,194.58,399.02
319.88,240.7,194.58,399.02
308.37,240.7,194.58,399.02
301.46,243,194.58,399.02
292.26,243,194.58,399.02
287.65,243,194.58,399.02
285.35,238.4,194.58,399.02
283.05,236.1,194.58,399.02
280.75,236.1,194.58,399.02
271.54,233.8,194.58,399.02
266.93,226.89,194.58,399.02
262.33,219.99,194.58,399.02
255.42,215.38,194.58,399.02
250.82,215.38,194.58,399.02
246.22,217.68,194.58,399.02
243.91,217.68,194.58,399.02
241.61,217.68,194.58,399.02
241.61,215.38,194.58,399.02
239.31,215.38,194.58,399.02
232.4,210.78,194.58,399.02
230.1,206.17,194.58,399.02
227.57,208.13,190.43,390.51
225.32,205.87,190.43,390.51
223.07,199.11,190.43,390.51
216.31,190.1,190.43,390.51
211.8,183.34,190.43,390.51
209.55,178.84,190.43,390.51
205.04,176.58,190.43,390.51
202.79,172.08,190.43,390.51
198.29,167.57,190.43,390.51
196.03,156.31,190.43,390.51
198.06,144.7,186.37,382.18
198.06,146.91,186.37,382.18
200.27,149.11,186.37,382.18
202.26,153.19,182.4,374.03
204.41,151.03,182.4,374.03
206.57,146.71,182.4,374.03
210.89,144.55,182.4,374.03
210.89,142.39,182.4,374.03
210.89,142.39,182.4,374.03
208.73,142.39,182.4,374.03
204.41,142.39,182.4,374.03
202.26,144.55,182.4,374.03
197.94,144.55,182.4,374.03
195.92,144.73,186.43,382.31
195.92,146.94,186.43,382.31
197.91,146.6,182.46,374.15
197.7,139.8,178.57,366.17
195.72,142.08,182.52,374.28
195.72,139.92,182.52,374.28
187.08,135.61,182.52,374.28
182.77,131.29,182.52,374.28
171.97,131.29,182.52,374.28
169.6,126.64,178.63,366.29
169.39,126.32,174.82,358.48
173.32,126.01,171.09,350.84
177.37,128.03,171.09,350.84
183.44,130.06,171.09,350.84
191.54,134.1,171.09,350.84
195.58,142.2,171.09,350.84
197.61,148.27,171.09,350.84
197.61,150.29,171.09,350.84
195.58,146.24,171.09,350.84
193.56,150.29,171.09,350.84
191.54,152.31,171.09,350.84
187.49,156.36,171.09,350.84
185.47,156.36,171.09,350.84
181.42,156.36,171.09,350.84
173.32,156.36,171.09,350.84
169.28,160.41,171.09,350.84
167.05,166.17,167.44,343.36
173,176.07,167.44,343.36
176.96,182.02,167.44,343.36
178.94,187.96,167.44,343.36
182.7,195.58,163.87,336.03
196.28,205.27,163.87,336.03
207.91,209.15,163.87,336.03
211.79,213.03,163.87,336.03
215.67,214.97,163.87,336.03
215.67,214.97,163.87,336.03
221.49,216.91,163.87,336.03
227.11,226.31,160.37,328.87
230.72,231.72,156.95,321.86
230.72,239.14,156.95,321.86
236.29,246.57,156.95,321.86
238.15,255.85,156.95,321.86
243.72,265.14,156.95,321.86
249.29,278.14,156.95,321.86
251.27,287.57,160.43,328.98
255.19,291.53,163.98,336.26
259.19,297.5,167.6,343.69
267.25,305.6,171.31,351.3
275.49,311.85,175.1,359.07
281.84,314.09,178.98,367.02
286.22,312.15,182.94,375.14
292.85,308,186.98,383.44
297.42,301.55,191.12,391.92
302.09,297.21,195.35,400.59
304.55,292.78,199.67,409.45
307.06,288.25,204.09,418.51
312.05,283.62,208.61,427.77
319.62,278.89,213.22,437.24
327.19,278.89,213.22,437.24
334.76,278.89,213.22,437.24
342.33,281.41,213.22,437.24
344.85,281.41,213.22,437.24
349.9,283.93,213.22,437.24
347.37,286.46,213.22,437.24
345.02,284.14,217.94,446.91
342.44,286.72,217.94,446.91
342.6,284.36,222.76,456.8
342.78,281.94,227.69,466.91
332,279.25,227.69,466.91
337.56,276.77,232.73,477.24
326.55,276.77,232.73,477.24
334.81,276.77,232.73,477.24
340.32,279.53,232.73,477.24
337.56,282.28,232.73,477.24
340.32,285.03,232.73,477.24
343.07,287.79,232.73,477.24
345.82,290.54,232.73,477.24
354.08,290.54,232.73,477.24
365.09,293.29,232.73,477.24
373.35,298.8,232.73,477.24
381.61,307.06,232.73,477.24
389.87,318.07,232.73,477.24
398.13,326.33,232.73,477.24
403.63,329.08,232.73,477.24
398.13,326.33,232.73,477.24
406.39,326.33,232.73,477.24
414.64,326.33,232.73,477.24
420.15,323.57,232.73,477.24
414.64,318.07,232.73,477.24
417.4,315.32,232.73,477.24
409.14,312.56,232.73,477.24
411.89,315.32,232.73,477.24
411.89,320.82,232.73,477.24
400.61,325.91,227.76,467.06
400.61,328.6,227.76,467.06
397.91,331.3,227.76,467.06
397.91,339.38,227.76,467.06
395.22,339.38,227.76,467.06
387.14,336.69,227.76,467.06
381.75,336.69,227.76,467.06
373.67,333.99,227.76,467.06
370.97,333.99,227.76,467.06
365.59,336.69,227.76,467.06
349.15,341.67,222.91,457.1
338.61,341.67,222.91,457.1
325.42,339.03,222.91,457.1
319.88,338.63,218.15,447.35
319.88,338.63,218.15,447.35
319.88,338.63,218.15,447.35
319.88,338.63,218.15,447.35
319.88,338.63,218.15,447.35
317.3,338.63,218.15,447.35
317.05,345.98,213.5,437.81
314.52,345.98,213.5,437.81
312,343.45,213.5,437.81
316.8,343.07,208.95,428.47
316.8,330.71,208.95,428.47
316.8,325.76,208.95,428.47
314.33,315.87,208.95,428.47
311.86,305.98,208.95,428.47
306.91,291.15,208.95,428.47
301.97,278.78,208.95,428.47
299.49,268.89,208.95,428.47
294.71,254.26,213.57,437.95
292.18,244.15,213.57,437.95
289.82,234.25,218.3,447.64
284.82,218.97,223.13,457.55
279.54,211.06,223.13,457.55
274.26,211.06,223.13,457.55
271.63,211.06,223.13,457.55
271.63,211.06,223.13,457.55
266.35,208.42,223.13,457.55
263.71,205.78,223.13,457.55
255.79,205.78,223.13,457.55
255.79,205.78,223.13,457.55
250.51,205.78,223.13,457.55
247.87,205.78,223.13,457.55
239.95,205.78,223.13,457.55
226.76,205.78,223.13,457.55
224.12,205.78,223.13,457.55
221.48,205.78,223.13,457.55
224.12,208.42,223.13,457.55
226.76,211.06,223.13,457.55
229.4,211.06,223.13,457.55
232.04,211.06,223.13,457.55
237.32,213.69,223.13,457.55
242.59,211.06,223.13,457.55
247.87,205.78,223.13,457.55
255.53,210.66,218.37,447.79
263.03,215.43,213.71,438.24
268.08,220.49,213.71,438.24
268.08,220.49,213.71,438.24
265.55,217.96,213.71,438.24
263.03,215.43,213.71,438.24
260.5,215.43,213.71,438.24
255.44,212.9,213.71,438.24
255.44,210.38,213.71,438.24
255.44,207.85,213.71,438.24
252.92,207.85,213.71,438.24
252.92,210.38,213.71,438.24
250.39,210.38,213.71,438.24
240.03,207.47,209.15,428.9
242.51,202.52,209.15,428.9
247.45,200.04,209.15,428.9
247.45,202.52,209.15,428.9
247.45,202.52,209.15,428.9
252.16,204.62,204.69,419.75
254.58,211.88,204.69,419.75
259.19,218.78,200.33,410.8
254.21,218.42,196.06,402.04
247.25,220.74,196.06,402.04
242.61,213.78,196.06,402.04
235.65,206.82,196.06,402.04
233.33,206.82,196.06,402.04
233.33,204.5,196.06,402.04
235.65,202.18,196.06,402.04
237.97,202.18,196.06,402.04
237.97,202.18,196.06,402.04
235.65,204.5,196.06,402.04
233.33,206.82,196.06,402.04
233.33,211.46,196.06,402.04
231.01,216.1,196.06,402.04
228.46,218.06,191.87,393.46
228.46,208.98,191.87,393.46
230.51,204.09,187.78,385.07
232.73,197.43,187.78,385.07
232.51,199.31,183.78,376.86
223.81,197.14,183.78,376.86
219.47,194.97,183.78,376.86
217.29,190.62,183.78,376.86
217.43,186.45,187.84,385.2
217.43,188.67,187.84,385.2
212.99,186.45,187.84,385.2
212.99,179.78,187.84,385.2
210.77,175.34,187.84,385.2
210.77,173.12,187.84,385.2
210.77,170.9,187.84,385.2
210.77,166.45,187.84,385.2
210.77,162.01,187.84,385.2
212.99,159.79,187.84,385.2
212.99,159.79,187.84,385.2
215.21,153.12,187.84,385.2
217.43,150.9,187.84,385.2
221.88,153.12,187.84,385.2
222.02,148.86,192,393.72
222.02,151.13,192,393.72
224.29,151.13,192,393.72
226.56,153.4,192,393.72
226.56,157.94,192,393.72
226.56,160.22,192,393.72
226.56,162.49,192,393.72
226.56,164.76,192,393.72
228.83,169.3,192,393.72
231.25,167.21,196.25,402.43
235.89,167.21,196.25,402.43
240.53,169.53,196.25,402.43
245.18,164.89,196.25,402.43
252.14,157.93,196.25,402.43
259.11,146.32,196.25,402.43
259.26,139.55,200.59,411.34
261.63,139.55,200.59,411.34
264,141.92,200.59,411.34
264,146.66,200.59,411.34
266.38,149.04,200.59,411.34
273.49,151.41,200.59,411.34
278.24,153.78,200.59,411.34
280.61,153.78,200.59,411.34
280.76,149.23,205.03,420.44
283.35,144.58,209.56,429.74
285.99,137.35,214.2,439.25
293.59,132.28,214.2,439.25
301.19,132.28,214.2,439.25
306.25,132.28,214.2,439.25
311.32,132.28,214.2,439.25
318.92,129.75,214.2,439.25
326.52,129.75,214.2,439.25
334.12,127.21,214.2,439.25
339.35,119.82,218.94,448.97
344.7,112.26,223.78,458.9
352.64,106.97,223.78,458.9
357.93,101.68,223.78,458.9
360.58,99.028,223.78,458.9
360.58,99.028,223.78,458.9
357.93,104.32,223.78,458.9
352.64,114.91,223.78,458.9
349.99,120.2,223.78,458.9
349.99,117.56,223.78,458.9
352.64,117.56,223.78,458.9
352.81,112.48,228.74,469.05
355.69,104.59,233.8,479.43
361.23,104.59,233.8,479.43
366.76,104.59,233.8,479.43
369.53,101.82,233.8,479.43
366.76,104.59,233.8,479.43
363.99,101.82,233.8,479.43
363.99,101.82,233.8,479.43
363.99,101.82,233.8,479.43
363.99,99.053,233.8,479.43
363.99,99.053,233.8,479.43
363.99,99.053,233.8,479.43
363.99,99.053,233.8,479.43
361.41,90.983,238.97,490.04
361.41,85.328,238.97,490.04
358.58,79.673,238.97,490.04
355.93,68.597,244.26,500.88
361.71,62.816,244.26,500.88
376.17,57.036,244.26,500.88
393.51,51.256,244.26,500.88
405.07,36.805,244.26,500.88
410.85,22.354,244.26,500.88
413.74,13.683,244.26,500.88
413.74,7.9028,244.26,500.88
413.74,2.1224,244.26,500.88
413.74,-0.76783,244.26,500.88
407.96,-3.658,244.26,500.88
402.18,-3.658,244.26,500.88
396.4,-9.4384,244.26,500.88
393.51,-12.329,244.26,500.88
393.51,-9.4384,244.26,500.88
393.51,-9.4384,244.26,500.88
393.51,-9.4384,244.26,500.88
396.4,-12.329,244.26,500.88
399.29,-20.999,244.26,500.88
402.18,-26.78,244.26,500.88
405.07,-29.67,244.26,500.88
405.07,-32.56,244.26,500.88
405.07,-26.78,244.26,500.88
402.18,-23.889,244.26,500.88
399.29,-20.999,244.26,500.88
402.18,-15.219,244.26,500.88
405.07,-15.219,244.26,500.88
405.07,-12.329,244.26,500.88
410.85,-3.658,244.26,500.88
416.63,2.1224,244.26,500.88
419.52,7.9028,244.26,500.88
422.41,10.793,244.26,500.88
422.41,13.683,244.26,500.88
427.9,21.914,239.05,490.2
433.56,27.569,239.05,490.2
450.52,30.396,239.05,490.2
481.35,49.76,233.95,479.75
506.26,58.066,233.95,479.75
536.44,74.256,228.96,469.51
555.41,85.095,228.96,469.51
590.37,95.521,224.08,459.5
611.58,108.78,224.08,459.5
621.92,116.33,219.3,449.7
627.11,113.73,219.3,449.7
634.64,121.12,214.62,440.11
642,125.81,210.05,430.73
646.97,125.81,210.05,430.73
644.49,120.85,210.05,430.73
629.58,115.88,210.05,430.73
619.65,108.42,210.05,430.73
604.74,103.46,210.05,430.73
597.29,96.003,210.05,430.73
587.1,95.627,205.57,421.54
574.71,92.827,201.18,412.55
562.81,88.067,201.18,412.55
553.28,83.306,201.18,412.55
541.38,78.545,201.18,412.55
531.86,76.165,201.18,412.55
524.48,80.564,196.89,403.76
517.27,87.198,192.69,395.14
505.64,86.851,188.58,386.72
498.72,90.974,184.56,378.47
479.07,88.79,184.56,378.47
467.93,86.272,180.63,370.4
452.97,84.135,180.63,370.4
442.07,83.81,176.78,362.5
427.42,79.626,176.78,362.5
412.78,75.441,176.78,362.5
404.41,71.257,176.78,362.5
391.86,67.073,176.78,362.5
387.47,68.846,173.01,354.77
381.12,70.582,169.32,347.21
371.1,68.578,169.32,347.21
369.1,66.574,169.32,347.21
369.1,66.574,169.32,347.21
370.9,66.268,165.71,339.8
372.86,62.346,165.71,339.8
376.79,56.464,165.71,339.8
378.75,50.582,165.71,339.8
382.47,46.362,162.17,332.55
384.2,44.149,158.71,325.46
387.77,47.619,155.33,318.52
389.43,49.178,152.02,311.73
391.23,47.38,152.02,311.73
391.23,47.38,152.02,311.73
391.05,48.906,148.77,305.08
389.12,50.398,145.6,298.58
389.12,46.951,145.6,298.58
389.12,41.781,145.6,298.58
390.84,38.334,145.6,298.58
394.12,36.347,142.5,292.21
399.01,32.717,139.46,285.98
402.31,29.419,139.46,285.98
405.6,27.77,139.46,285.98
408.9,24.472,139.46,285.98
410.55,21.174,139.46,285.98
412.2,17.876,139.46,285.98
413.85,19.525,139.46,285.98
410.55,21.174,139.46,285.98
412.2,19.525,139.46,285.98
415.34,22.574,136.48,279.88
415.34,22.574,136.48,279.88
426.49,20.711,133.57,273.91
424.75,17.311,130.73,268.07
438.52,12.434,127.94,262.35
441.55,4.8649,127.94,262.35
448.97,-2.9338,125.21,256.76
457.7,-7.598,122.54,251.28
460.46,-10.715,119.93,245.92
463.3,-9.2951,119.93,245.92
466,-10.932,117.37,240.68
466,-5.3788,117.37,240.68
466,-1.2141,117.37,240.68
466,4.3388,117.37,240.68
467.38,8.5035,117.37,240.68
468.77,12.668,117.37,240.68
474.19,15.235,114.87,235.55
482.21,15.028,112.42,230.52
495.5,13.699,112.42,230.52
499.49,11.04,112.42,230.52
502.15,8.3814,112.42,230.52
503.48,5.7225,112.42,230.52
504.81,5.7225,112.42,230.52
506.14,3.0637,112.42,230.52
508.8,1.7343,112.42,230.52
511.45,0.40488,112.42,230.52
513.98,-3.7842,110.02,225.61
515.28,-3.7842,110.02,225.61
516.46,-2.6806,107.67,220.8
513.91,1.143,107.67,220.8
510.09,8.79,107.67,220.8
503.71,13.888,107.67,220.8
499.89,20.261,107.67,220.8
497.34,25.359,107.67,220.8
494.79,26.633,107.67,220.8
496.07,25.359,107.67,220.8
496.07,22.81,107.67,220.8
496.07,20.261,107.67,220.8
493.52,21.535,107.67,220.8
489.69,21.535,107.67,220.8
493.52,20.261,107.67,220.8
489.69,20.261,107.67,220.8
493.52,20.261,107.67,220.8
497.34,18.986,107.67,220.8
501.16,17.712,107.67,220.8
506.26,16.437,107.67,220.8
511.36,15.163,107.67,220.8
517.73,15.163,107.67,220.8
516.46,16.437,107.67,220.8
521.56,17.712,107.67,220.8
526.65,18.986,107.67,220.8
535.58,20.261,107.67,220.8
531.84,21.642,110.05,225.68
535.74,25.547,110.05,225.68
534.44,28.151,110.05,225.68
538.35,28.151,110.05,225.68
540.95,29.453,110.05,225.68
544.86,30.755,110.05,225.68
550.06,32.057,110.05,225.68
556.57,33.359,110.05,225.68
563.08,33.359,110.05,225.68
569.59,34.661,110.05,225.68
574.8,39.869,110.05,225.68
580.01,45.077,110.05,225.68
583.91,46.379,110.05,225.68
582.61,46.379,110.05,225.68
581.31,45.077,110.05,225.68
581.31,43.775,110.05,225.68
580.01,39.869,110.05,225.68
577.4,37.265,110.05,225.68
576.1,34.661,110.05,225.68
572.2,30.755,110.05,225.68
568.29,26.849,110.05,225.68
564.38,24.245,110.05,225.68
560.48,21.642,110.05,225.68
556.57,20.34,110.05,225.68
553.97,19.038,110.05,225.68
551.36,19.038,110.05,225.68
548.76,17.736,110.05,225.68
543.55,16.434,110.05,225.68
538.35,16.434,110.05,225.68
534.44,16.434,110.05,225.68
533.14,15.132,110.05,225.68
529.23,15.132,110.05,225.68
530.53,9.9239,110.05,225.68
529.23,3.4141,110.05,225.68
533.14,-3.0957,110.05,225.68
522.72,-4.3976,110.05,225.68
514.91,-4.3976,110.05,225.68
516.21,-4.3976,110.05,225.68
521.42,-4.3976,110.05,225.68
504.58,7.4273,112.49,230.67
492.6,8.7587,112.49,230.67
495.35,4.8755,114.98,235.78
481.83,3.628,117.52,241
483.31,0.96196,120.12,246.33
473.45,-0.34146,122.78,251.78
460.37,1.1115,122.78,251.78
450.2,5.4703,122.78,251.78
450.2,5.4703,122.78,251.78
450.2,4.0174,122.78,251.78
450.2,5.4703,122.78,251.78
451.66,6.9232,122.78,251.78
454.42,11.061,120.16,246.41
454.42,12.482,120.16,246.41
522.65,-17.371,120.16,246.41
524.07,-15.949,120.16,246.41
525.5,-14.527,120.16,246.41
525.5,-14.527,120.16,246.41
518.39,-17.371,120.16,246.41
509.86,-18.792,120.16,246.41
507.11,-18.675,122.82,251.86
505.65,-17.222,122.82,251.86
502.75,-15.769,122.82,251.86
499.84,-14.316,122.82,251.86
498.39,-12.863,122.82,251.86
488.22,-11.41,122.82,251.86
481.05,-12.743,125.54,257.43
467.79,-14.107,128.32,263.13
460.3,-13.983,131.15,268.95
455.74,-13.856,134.06,274.9
454.26,-13.724,137.02,280.98
454.26,-12.103,137.02,280.98
454.26,-12.103,137.02,280.98
451.02,-10.481,137.02,280.98
441.29,-5.6165,137.02,280.98
436.53,-0.61703,140.05,287.2
434.87,1.0398,140.05,287.2
430.01,11.118,143.15,293.55
419.95,19.729,146.32,300.05
413.14,33.723,149.56,306.69
409.72,39.174,152.87,313.47
408.03,42.937,156.25,320.41
406.18,50.334,156.25,320.41
402.48,63.277,156.25,320.41
397.05,68.977,159.71,327.5
395.16,70.867,159.71,327.5
393.27,82.209,159.71,327.5
391.38,87.879,159.71,327.5
391.38,93.55,159.71,327.5
391.38,99.22,159.71,327.5
391.38,103,159.71,327.5
395.16,108.67,159.71,327.5
397.05,121.9,159.71,327.5
397.05,129.46,159.71,327.5
397.05,137.02,159.71,327.5
397.05,142.69,159.71,327.5
399.07,150.41,163.24,334.74
397.14,152.34,163.24,334.74
391.47,152.5,166.85,342.15
383.7,154.64,170.54,349.72
379.79,162.88,174.31,357.46
369.61,160.99,178.17,365.36
386.61,182.24,182.11,373.45
382.3,182.24,182.11,373.45
378.13,178.11,186.14,381.71
373.73,175.91,186.14,381.71
369.33,173.71,186.14,381.71
364.92,171.5,186.14,381.71
360.52,171.5,186.14,381.71
354.06,182.69,190.26,390.16
345.05,180.44,190.26,390.16
338.3,180.44,190.26,390.16
333.8,187.2,190.26,390.16
327.19,191.88,194.47,398.79
320.29,196.48,194.47,398.79
313.39,196.48,194.47,398.79
299.74,187.47,198.77,407.61
283.28,185.12,198.77,407.61
285.63,192.17,198.77,407.61
273.88,196.88,198.77,407.61
271.53,196.88,198.77,407.61
269.18,201.58,198.77,407.61
266.98,208.82,203.17,416.63
262.33,218.64,207.67,425.85
259.87,228.47,207.67,425.85
262.49,226.21,212.26,435.27
262.65,218.89,216.96,444.9
260.08,218.89,216.96,444.9
254.95,218.89,216.96,444.9
244.68,218.89,216.96,444.9
239.55,221.45,216.96,444.9
236.98,221.45,216.96,444.9
232.02,213.96,221.76,454.74
229.39,216.59,221.76,454.74
229.39,219.21,221.76,454.74
232.02,216.59,221.76,454.74
237.26,219.21,221.76,454.74
239.89,219.21,221.76,454.74
237.26,224.46,221.76,454.74
229.39,232.33,221.76,454.74
226.77,234.95,221.76,454.74
229.39,237.58,221.76,454.74
232.02,240.2,221.76,454.74
229.13,250.29,217.03,445.05
231.7,255.43,217.03,445.05
234.27,260.57,217.03,445.05
239.41,265.71,217.03,445.05
244.54,268.27,217.03,445.05
249.68,270.84,217.03,445.05
259.96,275.98,217.03,445.05
272.8,278.55,217.03,445.05
283.07,281.12,217.03,445.05
288.21,286.26,217.03,445.05
293.35,288.82,217.03,445.05
305.94,301.28,212.4,435.56
320.77,310.95,207.87,426.27
330.61,318.32,207.87,426.27
340.44,323.24,207.87,426.27
352.74,328.16,207.87,426.27
362.57,335.54,207.87,426.27
369.95,340.45,207.87,426.27
374.86,340.45,207.87,426.27
379.54,340.08,203.44,417.18
384.36,347.3,203.44,417.18
389.17,352.12,203.44,417.18
386.76,356.94,203.44,417.18
384.36,356.94,203.44,417.18
384.36,356.94,203.44,417.18
381.95,349.71,203.44,417.18
377.13,342.49,203.44,417.18
357.87,337.67,203.44,417.18
343.42,337.67,203.44,417.18
333.79,335.26,203.44,417.18
326.57,335.26,203.44,417.18
321.75,337.67,203.44,417.18
314.53,335.26,203.44,417.18
307.3,335.26,203.44,417.18
302.49,335.26,203.44,417.18
295.27,332.86,203.44,417.18
290.45,328.04,203.44,417.18
290.21,325.27,199.1,408.28
294.92,325.27,199.1,408.28
297.28,325.27,199.1,408.28
299.63,325.27,199.1,408.28
304.34,325.27,199.1,408.28
316.11,325.27,199.1,408.28
320.82,322.91,199.1,408.28
327.89,322.91,199.1,408.28
337.31,322.91,199.1,408.28
344.37,322.91,199.1,408.28
349.08,322.91,199.1,408.28
353.79,322.91,199.1,408.28
351.44,322.91,199.1,408.28
351.44,322.91,199.1,408.28
351.44,322.91,199.1,408.28
351.44,322.91,199.1,408.28
353.79,322.91,199.1,408.28
360.63,327.26,194.85,399.57
362.93,331.88,194.85,399.57
360.63,331.88,194.85,399.57
353.71,329.57,194.85,399.57
349.1,327.26,194.85,399.57
344.48,324.96,194.85,399.57
337.34,329.22,190.7,391.05
330.57,329.22,190.7,391.05
328.31,326.96,190.7,391.05
328.31,324.71,190.7,391.05
321.54,322.45,190.7,391.05
317.03,322.45,190.7,391.05
316.8,322.1,186.63,382.71
316.8,315.48,186.63,382.71
319.01,308.86,186.63,382.71
321.22,302.23,186.63,382.71
323.43,295.61,186.63,382.71
325.64,291.19,186.63,382.71
