118.0, 69.0, 114.0, 162.0
118.0, 69.0, 114.0, 159.0
118.0, 68.0, 114.0, 160.0
118.0, 68.0, 113.0, 161.0
118.0, 68.0, 114.0, 160.0
118.0, 67.0, 113.0, 160.0
117.0, 67.0, 114.0, 160.0
118.0, 67.0, 113.0, 158.0
117.0, 66.0, 114.0, 159.0
116.0, 67.0, 114.0, 159.0
116.0, 68.0, 115.0, 159.0
115.0, 70.0, 114.0, 158.0
115.0, 70.0, 114.0, 157.0
114.0, 69.0, 114.0, 159.0
112.0, 70.0, 115.0, 158.0
110.0, 71.0, 115.0, 158.0
108.0, 73.0, 115.0, 157.0
105.0, 74.0, 116.0, 157.0
104.0, 75.0, 113.0, 158.0
100.0, 76.0, 114.0, 158.0
97.0, 76.0, 114.0, 157.0
95.0, 77.0, 114.0, 155.0
92.0, 79.0, 115.0, 151.0
91.0, 77.0, 114.0, 151.0
89.0, 77.0, 115.0, 149.0
89.0, 77.0, 114.0, 147.0
90.0, 77.0, 113.0, 146.0
89.0, 76.0, 113.0, 146.0
89.0, 76.0, 114.0, 146.0
89.0, 74.0, 114.0, 146.0
85.0, 49.0, 114.0, 162.0
90.0, 72.0, 112.0, 145.0
89.0, 70.0, 111.0, 145.0
89.0, 71.0, 113.0, 145.0
89.0, 70.0, 111.0, 144.0
90.0, 70.0, 112.0, 144.0
91.0, 70.0, 112.0, 144.0
92.0, 69.0, 111.0, 144.0
93.0, 69.0, 111.0, 144.0
94.0, 69.0, 111.0, 144.0
95.0, 68.0, 111.0, 143.0
97.0, 69.0, 112.0, 143.0
99.0, 70.0, 111.0, 142.0
100.0, 70.0, 111.0, 142.0
103.0, 69.0, 111.0, 143.0
104.0, 68.0, 112.0, 145.0
107.0, 68.0, 113.0, 145.0
110.0, 68.0, 112.0, 145.0
113.0, 69.0, 111.0, 144.0
113.0, 70.0, 112.0, 143.0
116.0, 70.0, 113.0, 143.0
118.0, 69.0, 112.0, 146.0
118.0, 70.0, 113.0, 145.0
120.0, 70.0, 113.0, 147.0
124.0, 69.0, 114.0, 147.0
124.0, 71.0, 115.0, 148.0
126.0, 72.0, 114.0, 147.0
126.0, 72.0, 115.0, 150.0
127.0, 72.0, 114.0, 152.0
128.0, 75.0, 114.0, 150.0
128.0, 75.0, 114.0, 151.0
128.0, 77.0, 116.0, 152.0
130.0, 78.0, 114.0, 154.0
130.0, 80.0, 115.0, 153.0
130.0, 80.0, 115.0, 155.0
130.0, 80.0, 116.0, 156.0
130.0, 80.0, 115.0, 158.0
130.0, 81.0, 116.0, 157.0
131.0, 81.0, 117.0, 159.0
133.0, 81.0, 116.0, 158.0
133.0, 82.0, 116.0, 158.0
133.0, 82.0, 116.0, 158.0
135.0, 80.0, 115.0, 157.0
134.0, 79.0, 115.0, 158.0
134.0, 78.0, 116.0, 159.0
134.0, 78.0, 115.0, 159.0
134.0, 78.0, 115.0, 160.0
133.0, 79.0, 115.0, 160.0
133.0, 79.0, 115.0, 158.0
132.0, 78.0, 115.0, 159.0
129.0, 79.0, 117.0, 158.0
129.0, 79.0, 116.0, 157.0
127.0, 81.0, 116.0, 154.0
128.0, 80.0, 114.0, 152.0
128.0, 78.0, 112.0, 155.0
131.0, 78.0, 109.0, 158.0
127.0, 77.0, 110.0, 152.0
130.0, 75.0, 107.0, 151.0
132.0, 70.0, 105.0, 155.0
131.0, 70.0, 105.0, 158.0
132.0, 72.0, 103.0, 161.0
132.0, 73.0, 102.0, 161.0
133.0, 74.0, 101.0, 158.0
131.0, 72.0, 101.0, 157.0
129.0, 73.0, 101.0, 155.0
130.0, 76.0, 100.0, 154.0
129.0, 77.0, 99.0, 153.0
129.0, 77.0, 99.0, 153.0
128.0, 80.0, 97.0, 152.0
130.0, 79.0, 95.0, 152.0
129.0, 81.0, 94.0, 150.0
128.0, 80.0, 94.0, 151.0
128.0, 79.0, 95.0, 151.0
128.0, 78.0, 94.0, 149.0
128.0, 79.0, 94.0, 150.0
127.0, 80.0, 94.0, 151.0
126.0, 79.0, 95.0, 152.0
127.0, 83.0, 93.0, 153.0
128.0, 82.0, 94.0, 152.0
127.0, 81.0, 93.0, 151.0
129.0, 81.0, 92.0, 148.0
127.0, 79.0, 94.0, 150.0
127.0, 82.0, 93.0, 151.0
127.0, 83.0, 93.0, 150.0
127.0, 82.0, 93.0, 152.0
128.0, 85.0, 92.0, 150.0
128.0, 83.0, 92.0, 150.0
128.0, 83.0, 92.0, 149.0
128.0, 82.0, 92.0, 150.0
127.0, 85.0, 93.0, 151.0
126.0, 83.0, 94.0, 152.0
126.0, 83.0, 94.0, 154.0
127.0, 80.0, 94.0, 151.0
126.0, 83.0, 94.0, 151.0
126.0, 82.0, 93.0, 150.0
126.0, 83.0, 93.0, 150.0
127.0, 82.0, 93.0, 151.0
126.0, 80.0, 95.0, 151.0
126.0, 84.0, 93.0, 150.0
125.0, 86.0, 93.0, 150.0
126.0, 85.0, 92.0, 149.0
127.0, 83.0, 93.0, 150.0
126.0, 83.0, 93.0, 149.0
126.0, 82.0, 93.0, 148.0
126.0, 80.0, 94.0, 148.0
125.0, 83.0, 94.0, 149.0
124.0, 79.0, 95.0, 150.0
125.0, 78.0, 96.0, 151.0
121.0, 82.0, 98.0, 149.0
121.0, 78.0, 99.0, 149.0
118.0, 80.0, 103.0, 146.0
115.0, 82.0, 105.0, 147.0
116.0, 82.0, 104.0, 146.0
113.0, 82.0, 108.0, 146.0
112.0, 81.0, 108.0, 145.0
108.0, 79.0, 112.0, 148.0
106.0, 78.0, 114.0, 151.0
106.0, 78.0, 113.0, 155.0
105.0, 76.0, 114.0, 158.0
105.0, 77.0, 114.0, 155.0
104.0, 78.0, 115.0, 155.0
104.0, 76.0, 116.0, 156.0
103.0, 76.0, 116.0, 157.0
103.0, 74.0, 115.0, 158.0
103.0, 74.0, 115.0, 158.0
102.0, 75.0, 115.0, 158.0
102.0, 75.0, 116.0, 158.0
101.0, 75.0, 116.0, 159.0
102.0, 74.0, 115.0, 159.0
102.0, 75.0, 115.0, 157.0
101.0, 75.0, 116.0, 157.0
101.0, 74.0, 115.0, 157.0
101.0, 75.0, 115.0, 156.0
101.0, 75.0, 115.0, 157.0
102.0, 75.0, 114.0, 157.0
102.0, 76.0, 115.0, 156.0
103.0, 75.0, 114.0, 156.0
103.0, 76.0, 115.0, 155.0
104.0, 77.0, 115.0, 156.0
105.0, 78.0, 114.0, 152.0
104.0, 76.0, 112.0, 153.0
105.0, 76.0, 110.0, 152.0
105.0, 74.0, 110.0, 155.0
105.0, 72.0, 113.0, 155.0
106.0, 72.0, 108.0, 153.0
105.0, 72.0, 106.0, 155.0
104.0, 72.0, 104.0, 157.0
103.0, 73.0, 100.0, 158.0
103.0, 73.0, 98.0, 154.0
102.0, 76.0, 97.0, 154.0
102.0, 78.0, 96.0, 156.0
101.0, 80.0, 96.0, 155.0
101.0, 82.0, 96.0, 153.0
101.0, 81.0, 95.0, 151.0
101.0, 83.0, 96.0, 152.0
102.0, 84.0, 94.0, 152.0
101.0, 85.0, 94.0, 151.0
102.0, 85.0, 93.0, 151.0
101.0, 84.0, 93.0, 151.0
104.0, 83.0, 91.0, 148.0
102.0, 88.0, 92.0, 149.0
102.0, 86.0, 92.0, 149.0
102.0, 89.0, 91.0, 148.0
101.0, 91.0, 90.0, 149.0
103.0, 90.0, 90.0, 147.0
104.0, 86.0, 91.0, 147.0
103.0, 90.0, 90.0, 145.0
103.0, 90.0, 88.0, 144.0
103.0, 90.0, 88.0, 144.0
103.0, 91.0, 88.0, 144.0
105.0, 88.0, 88.0, 143.0
103.0, 91.0, 87.0, 144.0
102.0, 93.0, 87.0, 143.0
103.0, 94.0, 86.0, 143.0
105.0, 88.0, 86.0, 141.0
102.0, 92.0, 86.0, 143.0
103.0, 92.0, 87.0, 141.0
102.0, 92.0, 88.0, 143.0
101.0, 94.0, 87.0, 144.0
101.0, 97.0, 86.0, 142.0
101.0, 95.0, 88.0, 141.0
102.0, 94.0, 86.0, 140.0
102.0, 96.0, 86.0, 141.0
102.0, 97.0, 85.0, 139.0
102.0, 97.0, 86.0, 139.0
102.0, 99.0, 86.0, 138.0
101.0, 100.0, 87.0, 138.0
102.0, 102.0, 85.0, 137.0
101.0, 100.0, 84.0, 136.0
102.0, 98.0, 85.0, 137.0
102.0, 101.0, 85.0, 137.0
102.0, 96.0, 84.0, 138.0
102.0, 92.0, 85.0, 138.0
103.0, 91.0, 85.0, 135.0
103.0, 83.0, 86.0, 136.0
103.0, 82.0, 86.0, 137.0
103.0, 78.0, 87.0, 135.0
104.0, 74.0, 87.0, 133.0
105.0, 71.0, 89.0, 132.0
105.0, 67.0, 90.0, 134.0
106.0, 65.0, 92.0, 135.0
106.0, 64.0, 96.0, 132.0
106.0, 60.0, 98.0, 134.0
106.0, 62.0, 99.0, 132.0
109.0, 61.0, 105.0, 132.0
110.0, 61.0, 104.0, 135.0
107.0, 60.0, 106.0, 137.0
106.0, 62.0, 107.0, 137.0
105.0, 60.0, 110.0, 143.0
105.0, 58.0, 110.0, 147.0
104.0, 56.0, 113.0, 150.0
103.0, 57.0, 115.0, 150.0
104.0, 57.0, 114.0, 153.0
105.0, 57.0, 115.0, 153.0
106.0, 58.0, 114.0, 154.0
107.0, 60.0, 114.0, 153.0
108.0, 59.0, 115.0, 155.0
107.0, 60.0, 116.0, 155.0
108.0, 61.0, 116.0, 155.0
109.0, 62.0, 116.0, 155.0
109.0, 63.0, 115.0, 157.0
110.0, 63.0, 115.0, 158.0
110.0, 63.0, 115.0, 159.0
110.0, 65.0, 115.0, 159.0
110.0, 65.0, 116.0, 160.0
111.0, 66.0, 115.0, 158.0
109.0, 66.0, 116.0, 160.0
110.0, 67.0, 114.0, 161.0
109.0, 69.0, 116.0, 160.0
110.0, 68.0, 115.0, 160.0
108.0, 70.0, 116.0, 161.0
109.0, 71.0, 115.0, 159.0
109.0, 72.0, 115.0, 160.0
109.0, 73.0, 114.0, 160.0
108.0, 73.0, 115.0, 159.0
108.0, 73.0, 115.0, 161.0
109.0, 74.0, 115.0, 161.0
108.0, 73.0, 115.0, 162.0
108.0, 73.0, 115.0, 161.0
109.0, 75.0, 114.0, 159.0
108.0, 75.0, 114.0, 158.0
107.0, 76.0, 115.0, 155.0
108.0, 76.0, 115.0, 155.0
106.0, 79.0, 117.0, 151.0
107.0, 78.0, 115.0, 151.0
106.0, 79.0, 116.0, 150.0
106.0, 80.0, 115.0, 150.0
106.0, 81.0, 115.0, 145.0
105.0, 82.0, 114.0, 145.0
104.0, 82.0, 114.0, 144.0
104.0, 82.0, 114.0, 143.0
103.0, 84.0, 114.0, 141.0
102.0, 84.0, 115.0, 142.0
102.0, 84.0, 114.0, 140.0
101.0, 85.0, 114.0, 142.0
102.0, 85.0, 113.0, 142.0
99.0, 87.0, 113.0, 142.0
100.0, 86.0, 112.0, 142.0
100.0, 87.0, 113.0, 141.0
98.0, 86.0, 113.0, 144.0
98.0, 86.0, 112.0, 144.0
99.0, 87.0, 113.0, 143.0
98.0, 87.0, 112.0, 142.0
98.0, 87.0, 112.0, 141.0
97.0, 86.0, 111.0, 143.0
98.0, 87.0, 110.0, 143.0
97.0, 87.0, 112.0, 143.0
97.0, 87.0, 111.0, 141.0
97.0, 88.0, 112.0, 141.0
98.0, 87.0, 111.0, 142.0
98.0, 88.0, 111.0, 142.0
97.0, 88.0, 111.0, 142.0
96.0, 88.0, 110.0, 143.0
96.0, 88.0, 111.0, 143.0
97.0, 88.0, 111.0, 142.0
96.0, 87.0, 111.0, 145.0
96.0, 89.0, 112.0, 144.0
96.0, 88.0, 112.0, 144.0
97.0, 87.0, 112.0, 144.0
95.0, 87.0, 113.0, 144.0
96.0, 86.0, 112.0, 145.0
96.0, 86.0, 113.0, 144.0
96.0, 86.0, 113.0, 145.0
96.0, 86.0, 114.0, 145.0
96.0, 85.0, 114.0, 147.0
96.0, 86.0, 113.0, 147.0
97.0, 84.0, 113.0, 147.0
98.0, 85.0, 114.0, 148.0
96.0, 84.0, 116.0, 148.0
97.0, 84.0, 113.0, 148.0
98.0, 82.0, 114.0, 148.0
96.0, 82.0, 114.0, 152.0
97.0, 80.0, 116.0, 154.0
96.0, 80.0, 115.0, 157.0
96.0, 78.0, 116.0, 158.0
97.0, 77.0, 116.0, 159.0
95.0, 77.0, 117.0, 159.0
95.0, 77.0, 116.0, 159.0
95.0, 76.0, 115.0, 158.0
95.0, 76.0, 115.0, 160.0
93.0, 75.0, 117.0, 159.0
92.0, 75.0, 117.0, 161.0
92.0, 76.0, 116.0, 160.0
92.0, 76.0, 115.0, 160.0
90.0, 75.0, 115.0, 160.0
89.0, 76.0, 116.0, 160.0
89.0, 75.0, 116.0, 160.0
89.0, 75.0, 116.0, 161.0
88.0, 75.0, 115.0, 160.0
87.0, 76.0, 116.0, 159.0
86.0, 75.0, 116.0, 160.0
84.0, 76.0, 116.0, 159.0
83.0, 76.0, 115.0, 162.0
80.0, 77.0, 116.0, 161.0
79.0, 78.0, 116.0, 160.0
77.0, 79.0, 115.0, 159.0
74.0, 79.0, 117.0, 159.0
73.0, 81.0, 116.0, 155.0
71.0, 81.0, 118.0, 154.0
71.0, 81.0, 115.0, 154.0
72.0, 81.0, 112.0, 151.0
75.0, 78.0, 108.0, 156.0
77.0, 76.0, 106.0, 155.0
76.0, 72.0, 107.0, 156.0
77.0, 72.0, 106.0, 160.0
79.0, 71.0, 104.0, 161.0
80.0, 76.0, 103.0, 163.0
79.0, 71.0, 104.0, 160.0
76.0, 72.0, 106.0, 160.0
79.0, 75.0, 104.0, 162.0
79.0, 74.0, 104.0, 161.0
77.0, 74.0, 105.0, 161.0
78.0, 74.0, 104.0, 160.0
77.0, 75.0, 105.0, 161.0
78.0, 75.0, 104.0, 161.0
77.0, 74.0, 105.0, 160.0
78.0, 74.0, 105.0, 161.0
80.0, 77.0, 105.0, 161.0
81.0, 75.0, 103.0, 162.0
82.0, 75.0, 103.0, 163.0
85.0, 78.0, 101.0, 160.0
85.0, 78.0, 102.0, 160.0
86.0, 75.0, 102.0, 158.0
87.0, 77.0, 101.0, 159.0
89.0, 77.0, 101.0, 157.0
90.0, 76.0, 100.0, 158.0
89.0, 74.0, 102.0, 158.0
90.0, 76.0, 101.0, 159.0
91.0, 78.0, 101.0, 158.0
92.0, 78.0, 100.0, 158.0
93.0, 78.0, 100.0, 159.0
94.0, 78.0, 100.0, 158.0
95.0, 76.0, 100.0, 158.0
94.0, 74.0, 101.0, 158.0
94.0, 70.0, 102.0, 156.0
96.0, 72.0, 100.0, 157.0
96.0, 70.0, 100.0, 156.0
97.0, 72.0, 100.0, 157.0
98.0, 72.0, 99.0, 156.0
99.0, 73.0, 98.0, 155.0
99.0, 75.0, 98.0, 155.0
100.0, 75.0, 98.0, 154.0
101.0, 72.0, 97.0, 155.0
101.0, 70.0, 98.0, 155.0
101.0, 69.0, 99.0, 156.0
101.0, 70.0, 99.0, 155.0
102.0, 70.0, 99.0, 154.0
102.0, 71.0, 98.0, 154.0
102.0, 69.0, 99.0, 153.0
102.0, 70.0, 99.0, 152.0
102.0, 71.0, 100.0, 152.0
100.0, 70.0, 102.0, 153.0
100.0, 68.0, 103.0, 155.0
98.0, 68.0, 105.0, 155.0
98.0, 69.0, 107.0, 155.0
98.0, 70.0, 108.0, 151.0
97.0, 72.0, 109.0, 154.0
97.0, 74.0, 109.0, 153.0
96.0, 74.0, 112.0, 150.0
94.0, 72.0, 114.0, 152.0
94.0, 71.0, 115.0, 153.0
93.0, 70.0, 116.0, 158.0
92.0, 68.0, 117.0, 158.0
93.0, 68.0, 116.0, 160.0
92.0, 68.0, 116.0, 160.0
93.0, 70.0, 115.0, 158.0
92.0, 70.0, 115.0, 160.0
92.0, 72.0, 116.0, 159.0
92.0, 72.0, 115.0, 158.0
92.0, 75.0, 116.0, 156.0
92.0, 77.0, 116.0, 157.0
92.0, 79.0, 115.0, 156.0
91.0, 80.0, 115.0, 156.0
91.0, 82.0, 115.0, 158.0
91.0, 82.0, 114.0, 157.0
91.0, 82.0, 116.0, 157.0
91.0, 83.0, 115.0, 157.0
91.0, 82.0, 116.0, 157.0
91.0, 82.0, 116.0, 156.0
91.0, 82.0, 115.0, 156.0
91.0, 82.0, 116.0, 155.0
91.0, 82.0, 115.0, 156.0
91.0, 83.0, 115.0, 157.0
91.0, 82.0, 115.0, 157.0
91.0, 83.0, 115.0, 155.0
92.0, 85.0, 115.0, 152.0
92.0, 84.0, 114.0, 153.0
92.0, 84.0, 116.0, 151.0
93.0, 83.0, 115.0, 151.0
92.0, 84.0, 114.0, 151.0
94.0, 82.0, 111.0, 150.0
94.0, 81.0, 107.0, 153.0
94.0, 80.0, 107.0, 153.0
95.0, 78.0, 106.0, 154.0
95.0, 77.0, 105.0, 154.0
95.0, 76.0, 104.0, 157.0
95.0, 75.0, 102.0, 157.0
95.0, 74.0, 99.0, 157.0
93.0, 78.0, 98.0, 157.0
94.0, 78.0, 96.0, 155.0
93.0, 80.0, 94.0, 154.0
94.0, 80.0, 92.0, 152.0
93.0, 82.0, 92.0, 153.0
94.0, 79.0, 93.0, 153.0
92.0, 83.0, 93.0, 154.0
94.0, 81.0, 92.0, 153.0
94.0, 83.0, 91.0, 149.0
93.0, 85.0, 91.0, 148.0
94.0, 82.0, 89.0, 147.0
93.0, 84.0, 89.0, 147.0
93.0, 85.0, 89.0, 146.0
92.0, 87.0, 88.0, 147.0
92.0, 88.0, 90.0, 148.0
91.0, 88.0, 89.0, 144.0
91.0, 88.0, 89.0, 144.0
92.0, 89.0, 88.0, 142.0
92.0, 89.0, 87.0, 141.0
92.0, 89.0, 87.0, 140.0
93.0, 89.0, 85.0, 138.0
93.0, 91.0, 84.0, 137.0
92.0, 96.0, 84.0, 134.0
93.0, 89.0, 83.0, 136.0
93.0, 90.0, 83.0, 135.0
93.0, 92.0, 83.0, 134.0
92.0, 93.0, 84.0, 135.0
93.0, 91.0, 83.0, 134.0
92.0, 91.0, 84.0, 136.0
92.0, 90.0, 84.0, 137.0
92.0, 89.0, 84.0, 137.0
92.0, 90.0, 84.0, 138.0
90.0, 91.0, 86.0, 139.0
92.0, 89.0, 86.0, 139.0
92.0, 91.0, 85.0, 137.0
92.0, 91.0, 83.0, 136.0
93.0, 91.0, 84.0, 136.0
92.0, 91.0, 84.0, 139.0
91.0, 94.0, 84.0, 136.0
92.0, 96.0, 83.0, 134.0
92.0, 91.0, 82.0, 135.0
93.0, 92.0, 84.0, 136.0
93.0, 93.0, 82.0, 135.0
92.0, 94.0, 82.0, 133.0
93.0, 94.0, 83.0, 133.0
92.0, 94.0, 83.0, 133.0
92.0, 95.0, 82.0, 133.0
92.0, 97.0, 82.0, 132.0
93.0, 97.0, 81.0, 130.0
93.0, 95.0, 80.0, 131.0
93.0, 93.0, 80.0, 130.0
93.0, 92.0, 80.0, 130.0
93.0, 95.0, 80.0, 129.0
92.0, 95.0, 79.0, 128.0
93.0, 97.0, 80.0, 130.0
93.0, 96.0, 81.0, 131.0
93.0, 98.0, 80.0, 129.0
93.0, 98.0, 81.0, 128.0
93.0, 93.0, 79.0, 131.0
93.0, 97.0, 80.0, 130.0
93.0, 95.0, 80.0, 129.0
93.0, 100.0, 80.0, 126.0
93.0, 98.0, 80.0, 129.0
94.0, 100.0, 79.0, 126.0
94.0, 101.0, 79.0, 126.0
94.0, 95.0, 77.0, 127.0
93.0, 97.0, 79.0, 127.0
91.0, 103.0, 79.0, 128.0
91.0, 103.0, 77.0, 125.0
90.0, 103.0, 77.0, 124.0
94.0, 103.0, 75.0, 122.0
92.0, 104.0, 75.0, 124.0
91.0, 104.0, 75.0, 122.0
92.0, 103.0, 75.0, 120.0
91.0, 102.0, 74.0, 122.0
91.0, 102.0, 73.0, 122.0
93.0, 104.0, 73.0, 122.0
92.0, 105.0, 71.0, 119.0
95.0, 105.0, 71.0, 119.0
90.0, 105.0, 74.0, 105.0
92.0, 107.0, 69.0, 116.0
94.0, 105.0, 68.0, 115.0
92.0, 108.0, 69.0, 116.0
92.0, 109.0, 70.0, 117.0
93.0, 108.0, 69.0, 117.0
92.0, 107.0, 70.0, 117.0
92.0, 108.0, 70.0, 118.0
94.0, 106.0, 70.0, 116.0
92.0, 106.0, 69.0, 115.0
94.0, 107.0, 70.0, 115.0
92.0, 109.0, 68.0, 114.0
94.0, 107.0, 69.0, 116.0
93.0, 107.0, 69.0, 116.0
93.0, 105.0, 69.0, 116.0
93.0, 107.0, 70.0, 116.0
92.0, 105.0, 70.0, 118.0
93.0, 105.0, 70.0, 116.0
92.0, 106.0, 70.0, 117.0
90.0, 108.0, 71.0, 120.0
92.0, 107.0, 71.0, 120.0
91.0, 108.0, 71.0, 120.0
90.0, 108.0, 70.0, 119.0
91.0, 107.0, 70.0, 117.0
89.0, 108.0, 71.0, 118.0
90.0, 106.0, 70.0, 118.0
90.0, 107.0, 70.0, 117.0
90.0, 106.0, 70.0, 117.0
90.0, 106.0, 69.0, 116.0
89.0, 108.0, 69.0, 117.0
89.0, 108.0, 69.0, 116.0
89.0, 107.0, 68.0, 115.0
89.0, 111.0, 69.0, 117.0
88.0, 109.0, 69.0, 115.0
88.0, 112.0, 69.0, 115.0
88.0, 110.0, 69.0, 114.0
89.0, 109.0, 68.0, 114.0
89.0, 112.0, 68.0, 113.0
90.0, 112.0, 68.0, 112.0
91.0, 110.0, 67.0, 110.0
91.0, 113.0, 68.0, 110.0
90.0, 115.0, 69.0, 113.0
92.0, 113.0, 69.0, 112.0
89.0, 112.0, 68.0, 113.0
90.0, 114.0, 69.0, 114.0
91.0, 110.0, 69.0, 114.0
91.0, 111.0, 69.0, 114.0
90.0, 113.0, 70.0, 118.0
91.0, 108.0, 70.0, 116.0
91.0, 109.0, 70.0, 117.0
89.0, 113.0, 71.0, 119.0
92.0, 111.0, 71.0, 119.0
90.0, 110.0, 71.0, 120.0
89.0, 111.0, 70.0, 121.0
90.0, 107.0, 71.0, 120.0
90.0, 107.0, 71.0, 120.0
90.0, 109.0, 72.0, 119.0
89.0, 107.0, 73.0, 121.0
89.0, 110.0, 73.0, 121.0
89.0, 111.0, 74.0, 122.0
97.0, 101.0, 86.0, 122.0
96.0, 99.0, 87.0, 120.0
98.0, 100.0, 95.0, 122.0
96.0, 102.0, 93.0, 123.0
99.0, 101.0, 100.0, 127.0
97.0, 101.0, 100.0, 131.0
96.0, 96.0, 100.0, 136.0
98.0, 96.0, 106.0, 139.0
97.0, 94.0, 107.0, 144.0
98.0, 94.0, 110.0, 145.0
98.0, 93.0, 111.0, 147.0
99.0, 93.0, 112.0, 147.0
100.0, 93.0, 112.0, 148.0
99.0, 93.0, 111.0, 151.0
99.0, 93.0, 113.0, 152.0
99.0, 92.0, 113.0, 153.0
100.0, 92.0, 113.0, 153.0
100.0, 92.0, 112.0, 154.0
101.0, 93.0, 112.0, 153.0
101.0, 93.0, 113.0, 154.0
101.0, 92.0, 113.0, 155.0
100.0, 93.0, 114.0, 156.0
100.0, 92.0, 114.0, 156.0
100.0, 93.0, 114.0, 156.0
101.0, 93.0, 114.0, 154.0
101.0, 94.0, 114.0, 154.0
100.0, 94.0, 115.0, 154.0
100.0, 94.0, 115.0, 152.0
100.0, 93.0, 115.0, 148.0
101.0, 94.0, 113.0, 144.0
102.0, 93.0, 112.0, 144.0
103.0, 93.0, 111.0, 140.0
103.0, 96.0, 110.0, 138.0
103.0, 97.0, 109.0, 138.0
103.0, 94.0, 109.0, 139.0
102.0, 93.0, 109.0, 139.0
103.0, 95.0, 108.0, 137.0
103.0, 94.0, 108.0, 139.0
102.0, 94.0, 109.0, 139.0
101.0, 94.0, 108.0, 140.0
102.0, 92.0, 109.0, 139.0
102.0, 94.0, 109.0, 140.0
102.0, 98.0, 108.0, 140.0
101.0, 94.0, 109.0, 141.0
102.0, 94.0, 108.0, 139.0
102.0, 96.0, 108.0, 138.0
101.0, 94.0, 107.0, 139.0
101.0, 96.0, 108.0, 139.0
100.0, 94.0, 107.0, 138.0
101.0, 94.0, 106.0, 139.0
100.0, 93.0, 108.0, 138.0
100.0, 92.0, 107.0, 139.0
100.0, 97.0, 106.0, 138.0
100.0, 96.0, 107.0, 139.0
100.0, 94.0, 107.0, 139.0
100.0, 94.0, 107.0, 139.0
101.0, 94.0, 106.0, 138.0
100.0, 97.0, 107.0, 138.0
99.0, 95.0, 108.0, 138.0
100.0, 96.0, 108.0, 137.0
99.0, 96.0, 107.0, 137.0
99.0, 96.0, 107.0, 139.0
101.0, 94.0, 106.0, 138.0
101.0, 95.0, 107.0, 136.0
99.0, 97.0, 108.0, 139.0
100.0, 95.0, 108.0, 139.0
100.0, 96.0, 108.0, 139.0
101.0, 92.0, 108.0, 138.0
101.0, 92.0, 108.0, 138.0
100.0, 92.0, 108.0, 138.0
101.0, 92.0, 108.0, 138.0
100.0, 92.0, 108.0, 138.0
101.0, 93.0, 109.0, 139.0
100.0, 94.0, 110.0, 141.0
98.0, 93.0, 110.0, 141.0
98.0, 95.0, 111.0, 143.0
99.0, 94.0, 112.0, 143.0
98.0, 95.0, 111.0, 143.0
101.0, 93.0, 112.0, 141.0
101.0, 93.0, 111.0, 142.0
101.0, 96.0, 111.0, 140.0
101.0, 94.0, 111.0, 141.0
101.0, 93.0, 111.0, 142.0
99.0, 93.0, 114.0, 144.0
97.0, 94.0, 112.0, 144.0
97.0, 96.0, 114.0, 144.0
96.0, 93.0, 112.0, 144.0
95.0, 93.0, 113.0, 145.0
93.0, 92.0, 113.0, 144.0
93.0, 92.0, 113.0, 145.0
90.0, 90.0, 114.0, 148.0
89.0, 91.0, 115.0, 149.0
86.0, 90.0, 117.0, 152.0
85.0, 90.0, 117.0, 152.0
83.0, 91.0, 117.0, 153.0
81.0, 91.0, 118.0, 151.0
79.0, 90.0, 117.0, 154.0
77.0, 89.0, 116.0, 156.0
76.0, 90.0, 114.0, 154.0
75.0, 90.0, 115.0, 153.0
75.0, 88.0, 114.0, 152.0
75.0, 89.0, 110.0, 154.0
74.0, 87.0, 112.0, 153.0
74.0, 86.0, 110.0, 153.0
72.0, 84.0, 111.0, 152.0
73.0, 82.0, 109.0, 154.0
74.0, 80.0, 107.0, 149.0
74.0, 79.0, 106.0, 154.0
78.0, 82.0, 101.0, 158.0
76.0, 80.0, 102.0, 154.0
81.0, 84.0, 99.0, 155.0
85.0, 82.0, 95.0, 154.0
86.0, 85.0, 93.0, 153.0
89.0, 89.0, 91.0, 153.0
85.0, 88.0, 94.0, 155.0
87.0, 87.0, 93.0, 155.0
86.0, 89.0, 94.0, 156.0
87.0, 84.0, 93.0, 154.0
89.0, 88.0, 93.0, 155.0
87.0, 82.0, 93.0, 154.0
87.0, 83.0, 93.0, 154.0
87.0, 88.0, 95.0, 155.0
87.0, 87.0, 94.0, 156.0
85.0, 81.0, 95.0, 155.0
85.0, 86.0, 96.0, 158.0
85.0, 82.0, 95.0, 155.0
87.0, 88.0, 94.0, 157.0
84.0, 80.0, 95.0, 156.0
87.0, 83.0, 94.0, 156.0
88.0, 83.0, 93.0, 154.0
87.0, 85.0, 94.0, 153.0
86.0, 85.0, 94.0, 156.0
87.0, 82.0, 94.0, 154.0
87.0, 83.0, 93.0, 156.0
88.0, 85.0, 92.0, 154.0
89.0, 86.0, 93.0, 155.0
89.0, 85.0, 92.0, 153.0
89.0, 85.0, 92.0, 153.0
90.0, 81.0, 91.0, 153.0
89.0, 82.0, 93.0, 153.0
91.0, 81.0, 94.0, 154.0
90.0, 82.0, 95.0, 155.0
92.0, 84.0, 94.0, 154.0
93.0, 80.0, 94.0, 155.0
94.0, 78.0, 94.0, 155.0
97.0, 76.0, 93.0, 156.0
99.0, 80.0, 94.0, 154.0
101.0, 81.0, 93.0, 154.0
99.0, 80.0, 96.0, 155.0
104.0, 77.0, 93.0, 154.0
106.0, 75.0, 93.0, 155.0
106.0, 78.0, 94.0, 154.0
108.0, 72.0, 93.0, 153.0
108.0, 74.0, 93.0, 155.0
106.0, 76.0, 96.0, 154.0
108.0, 77.0, 94.0, 154.0
109.0, 79.0, 94.0, 155.0
111.0, 80.0, 92.0, 154.0
111.0, 76.0, 92.0, 154.0
111.0, 74.0, 91.0, 154.0
111.0, 72.0, 92.0, 155.0
109.0, 74.0, 94.0, 156.0
108.0, 67.0, 94.0, 154.0
111.0, 68.0, 93.0, 153.0
111.0, 66.0, 94.0, 156.0
112.0, 68.0, 93.0, 154.0
111.0, 69.0, 94.0, 155.0
113.0, 73.0, 93.0, 156.0
112.0, 67.0, 94.0, 155.0
111.0, 66.0, 94.0, 155.0
111.0, 65.0, 95.0, 155.0
109.0, 63.0, 95.0, 154.0
111.0, 66.0, 95.0, 155.0
111.0, 64.0, 95.0, 156.0
108.0, 59.0, 97.0, 155.0
106.0, 62.0, 99.0, 159.0
106.0, 62.0, 99.0, 160.0
107.0, 61.0, 98.0, 159.0
106.0, 61.0, 99.0, 159.0
105.0, 60.0, 100.0, 159.0
104.0, 59.0, 100.0, 158.0
100.0, 57.0, 103.0, 156.0
100.0, 59.0, 103.0, 159.0
97.0, 58.0, 106.0, 156.0
96.0, 60.0, 107.0, 156.0
96.0, 63.0, 107.0, 154.0
97.0, 65.0, 106.0, 156.0
97.0, 66.0, 106.0, 156.0
94.0, 68.0, 109.0, 154.0
94.0, 69.0, 110.0, 153.0
95.0, 70.0, 108.0, 152.0
90.0, 69.0, 115.0, 152.0
90.0, 67.0, 114.0, 155.0
89.0, 68.0, 115.0, 155.0
89.0, 68.0, 116.0, 156.0
89.0, 68.0, 116.0, 157.0
89.0, 67.0, 116.0, 159.0
89.0, 67.0, 115.0, 160.0
90.0, 67.0, 115.0, 159.0
91.0, 67.0, 114.0, 159.0
91.0, 66.0, 115.0, 159.0
92.0, 67.0, 114.0, 159.0
92.0, 66.0, 115.0, 159.0
92.0, 67.0, 115.0, 159.0
93.0, 66.0, 115.0, 159.0
92.0, 67.0, 115.0, 160.0
93.0, 67.0, 115.0, 161.0
93.0, 68.0, 116.0, 161.0
93.0, 67.0, 115.0, 162.0
94.0, 68.0, 115.0, 162.0
95.0, 69.0, 115.0, 160.0
96.0, 69.0, 115.0, 161.0
97.0, 70.0, 115.0, 159.0
98.0, 69.0, 115.0, 158.0
100.0, 69.0, 114.0, 159.0
100.0, 69.0, 115.0, 160.0
100.0, 68.0, 116.0, 160.0
101.0, 68.0, 116.0, 159.0
102.0, 69.0, 115.0, 159.0
102.0, 68.0, 116.0, 159.0
102.0, 68.0, 116.0, 160.0
103.0, 68.0, 116.0, 161.0
104.0, 68.0, 115.0, 161.0
104.0, 70.0, 116.0, 160.0
106.0, 72.0, 116.0, 159.0
105.0, 72.0, 118.0, 160.0
107.0, 73.0, 117.0, 156.0
108.0, 76.0, 118.0, 156.0
109.0, 75.0, 118.0, 155.0
113.0, 77.0, 118.0, 153.0
116.0, 76.0, 117.0, 151.0
118.0, 76.0, 117.0, 150.0
119.0, 77.0, 116.0, 150.0
122.0, 76.0, 116.0, 149.0
123.0, 76.0, 116.0, 148.0
125.0, 78.0, 116.0, 148.0
126.0, 77.0, 115.0, 148.0
126.0, 78.0, 116.0, 150.0
127.0, 78.0, 115.0, 150.0
128.0, 78.0, 114.0, 148.0
129.0, 78.0, 115.0, 148.0
132.0, 77.0, 114.0, 145.0
133.0, 77.0, 114.0, 145.0
133.0, 79.0, 115.0, 147.0
133.0, 79.0, 114.0, 146.0
135.0, 80.0, 116.0, 149.0
135.0, 78.0, 114.0, 146.0
135.0, 78.0, 114.0, 144.0
138.0, 77.0, 112.0, 140.0
139.0, 79.0, 112.0, 139.0
139.0, 81.0, 112.0, 140.0
137.0, 79.0, 112.0, 140.0
140.0, 80.0, 111.0, 139.0
138.0, 81.0, 113.0, 144.0
138.0, 80.0, 113.0, 145.0
138.0, 80.0, 115.0, 146.0
137.0, 78.0, 114.0, 146.0
138.0, 80.0, 115.0, 146.0
139.0, 79.0, 113.0, 142.0
138.0, 80.0, 113.0, 142.0
138.0, 81.0, 113.0, 141.0
137.0, 80.0, 114.0, 143.0
138.0, 81.0, 114.0, 141.0
137.0, 80.0, 114.0, 146.0
136.0, 80.0, 114.0, 144.0
135.0, 80.0, 116.0, 145.0
134.0, 80.0, 117.0, 148.0
133.0, 80.0, 117.0, 149.0
131.0, 79.0, 118.0, 149.0
131.0, 80.0, 118.0, 150.0
130.0, 80.0, 117.0, 147.0
127.0, 78.0, 118.0, 147.0
127.0, 78.0, 117.0, 147.0
126.0, 78.0, 117.0, 147.0
125.0, 80.0, 116.0, 147.0
122.0, 79.0, 118.0, 149.0
122.0, 78.0, 118.0, 146.0
122.0, 79.0, 117.0, 147.0
121.0, 78.0, 116.0, 147.0
120.0, 79.0, 116.0, 146.0
119.0, 76.0, 117.0, 145.0
121.0, 76.0, 116.0, 143.0
119.0, 76.0, 117.0, 145.0
117.0, 78.0, 116.0, 145.0
114.0, 79.0, 118.0, 150.0
114.0, 77.0, 117.0, 148.0
112.0, 79.0, 115.0, 145.0
110.0, 79.0, 114.0, 144.0
111.0, 77.0, 114.0, 145.0
108.0, 73.0, 114.0, 145.0
106.0, 71.0, 114.0, 146.0
103.0, 72.0, 113.0, 144.0
104.0, 71.0, 112.0, 144.0
101.0, 68.0, 113.0, 144.0
102.0, 70.0, 114.0, 144.0
101.0, 70.0, 114.0, 146.0
103.0, 72.0, 114.0, 146.0
103.0, 73.0, 113.0, 147.0
103.0, 74.0, 112.0, 149.0
105.0, 77.0, 113.0, 148.0
103.0, 77.0, 114.0, 156.0
105.0, 79.0, 113.0, 150.0
104.0, 79.0, 113.0, 151.0
104.0, 78.0, 113.0, 152.0
104.0, 79.0, 113.0, 152.0
