545,221,271,166
547,220,271,167
549,218,269,169
551,218,268,169
554,215,267,170
556,215,268,171
559,215,265,169
561,215,266,170
566,216,261,169
571,214,258,170
570,214,263,169
575,214,260,172
577,215,264,169
580,214,263,170
584,216,261,166
587,217,260,167
590,219,259,170
597,224,255,164
600,226,252,168
600,228,255,168
608,232,249,170
617,242,243,170
615,249,251,171
614,255,253,165
612,263,260,159
619,268,256,160
619,271,255,165
622,276,251,164
623,284,254,163
630,286,250,163
631,284,252,170
634,290,256,168
633,293,257,172
642,297,253,167
648,296,256,171
650,297,262,178
657,308,262,171
661,317,266,165
665,321,268,170
669,322,266,173
671,324,269,172
673,328,272,171
678,324,270,171
677,326,273,176
675,329,277,174
674,332,283,171
671,332,284,174
671,331,288,177
673,333,283,178
673,336,284,180
685,339,272,182
687,341,275,183
693,346,280,179
701,348,282,181
710,351,284,181
722,354,279,182
730,358,280,176
737,359,286,179
752,361,283,179
759,360,290,187
769,364,286,188
773,367,291,194
781,371,287,193
785,378,289,187
794,378,287,199
796,384,287,195
794,387,290,192
796,390,289,189
798,392,284,191
792,395,286,191
788,400,291,186
784,399,288,185
776,399,287,184
772,396,285,185
768,396,282,185
766,395,273,183
762,393,275,189
763,391,274,189
767,394,275,187
771,398,270,183
775,401,269,183
776,401,267,184
781,407,259,177
781,404,262,179
791,408,250,175
790,411,248,170
785,414,249,172
785,420,247,169
771,430,254,166
760,446,253,160
740,456,260,157
722,458,265,155
699,464,267,154
688,466,274,155
665,462,277,156
649,460,278,160
633,460,272,156
615,460,269,157
605,462,260,153
558,471,272,159
561,467,280,160
539,465,268,156
498,465,264,156
489,467,271,151
447,475,265,151
405,475,265,154
374,471,261,160
332,465,254,161
291,461,241,163
293,450,232,157
273,431,221,159
264,413,222,161
254,403,220,157
228,384,216,158
227,375,229,149
210,368,227,152
189,363,231,154
162,356,242,158
156,352,248,154
141,350,247,153
135,353,244,150
122,356,247,159
113,361,248,165
92,364,253,173
83,370,249,178
89,379,237,178
81,403,234,181
69,418,245,180
59,449,261,157
74,494,252,170
43,526,264,168
51,537,272,164
48,524,285,167
53,514,290,169
63,505,299,170
80,502,296,169
62,481,305,174
61,466,309,176
65,461,312,173
72,446,311,179
77,434,302,174
93,431,300,172
72,430,316,170
78,429,307,165
85,423,303,165
91,420,304,161
110,437,313,164
114,429,310,162
109,421,309,164
112,407,302,164
123,390,300,165
146,386,296,166
185,386,294,167
180,374,295,172
205,364,294,178
194,353,291,174
206,345,292,172
207,335,308,174
203,327,318,174
199,332,328,171
211,335,326,173
210,336,329,173
225,341,318,175
236,352,307,177
247,362,298,181
257,374,291,171
249,377,293,169
254,377,288,167
247,375,288,164
240,372,286,159
254,368,280,157
243,362,277,157
244,355,276,155
237,347,282,152
248,347,273,153
256,348,262,148
258,344,257,145
255,336,255,146
250,332,259,145
261,328,249,140
258,325,250,138
261,322,247,136
266,317,239,134
272,312,235,135
280,311,228,132
291,314,217,127
294,321,214,131
298,317,210,124
294,321,205,124
293,326,204,124
300,335,197,123
299,342,191,125
308,357,185,121
301,368,190,122
306,372,183,120
317,380,183,118
324,388,187,118
327,389,192,119
343,395,189,114
354,395,187,113
353,388,191,114
359,389,191,113
360,379,194,115
366,375,194,112
370,374,189,111
374,373,185,110
380,373,180,109
385,374,180,109
394,378,178,107
398,375,175,108
404,375,168,107
411,376,166,105
416,374,166,105
421,372,166,105
427,375,170,104
434,380,169,102
445,383,164,99
449,381,165,102
450,380,165,101
452,381,162,100
455,380,162,100
452,378,157,100
448,371,157,100
449,367,157,100
448,365,156,98
442,368,157,99
438,364,157,99
433,373,152,95
427,372,154,94
420,375,151,92
415,378,146,92
407,390,143,93
397,395,139,92
387,402,139,92
377,408,140,93
368,419,140,94
359,427,136,95
357,433,138,92
351,440,137,89
338,445,137,89
329,448,141,89
319,443,140,92
315,439,140,94
310,429,142,96
302,415,144,98
299,409,145,100
296,404,145,97
290,399,147,93
287,393,145,90
281,392,149,89
273,388,148,89
259,387,153,89
248,385,155,93
239,385,154,90
226,387,154,89
216,390,151,88
200,395,149,84
188,396,152,84
178,399,153,85
169,399,151,89
153,401,150,91
146,398,149,89
136,389,149,91
127,383,149,91
124,367,154,93
119,363,152,94
112,359,155,92
103,357,157,91
103,358,154,89
106,356,149,89
106,350,153,91
102,350,149,90
108,345,144,93
109,343,143,94
103,335,151,98
112,329,152,99
110,316,154,101
105,316,152,99
109,308,152,100
115,293,155,101
109,288,153,101
109,285,161,103
116,279,168,106
123,270,170,108
144,273,167,108
149,267,176,113
141,257,182,115
149,259,187,119
164,263,186,115
183,264,188,116
195,266,190,117
208,272,194,118
227,282,195,118
235,279,198,121
257,287,196,121
271,284,199,123
283,295,206,125
280,300,211,125
293,312,215,125
298,316,208,122
303,305,177,110
353,303,177,110
385,280,187,127
383,270,180,126
361,258,176,120
349,246,184,121
322,244,193,125
303,232,214,130
303,225,217,128
271,244,206,134
291,239,223,144
290,237,238,147
303,238,246,148
315,249,243,141
340,261,249,148
359,271,251,157
360,279,259,160
367,286,258,154
378,295,256,150
382,302,257,146
385,308,264,143
397,306,263,139
404,308,264,137
410,308,256,135
408,307,255,130
414,314,255,125
432,306,242,124
440,317,243,125
448,322,234,122
452,329,230,121
468,336,228,118
469,339,229,120
484,347,215,117
475,351,213,112
493,354,206,110
509,342,201,124
522,364,216,111
540,358,209,112
548,351,205,115
559,346,205,119
577,332,199,123
598,319,187,130
601,306,186,132
668,287,194,142
658,263,195,138
664,244,196,139
666,227,198,142
694,212,202,142
690,216,197,140
726,194,198,138
720,182,206,138
732,180,204,138
742,187,200,136
729,178,204,142
734,185,201,139
734,195,197,143
725,193,203,144
716,199,208,145
700,201,217,138
698,205,217,137
693,213,217,135
694,220,223,142
678,229,237,148
659,233,244,150
676,236,227,144
667,246,224,142
669,257,217,141
659,271,220,140
653,290,232,146
649,290,216,138
652,290,213,137
638,305,207,141
643,316,216,145
657,332,225,147
645,329,236,152
660,338,252,160
648,345,263,165
653,351,277,171
645,353,279,173
648,361,280,170
633,365,284,169
646,359,276,165
647,357,283,163
630,360,290,159
636,361,287,152
657,366,275,147
670,365,270,145
674,360,259,144
676,354,250,140
686,335,236,147
695,320,227,153
698,303,224,154
688,286,230,157
687,268,232,153
692,249,232,154
676,227,234,159
677,218,232,162
663,206,235,164
649,192,243,171
638,184,245,171
616,199,254,174
606,200,259,176
605,192,265,179
588,199,268,181
533,230,270,176
538,231,264,177
544,238,263,183
484,245,271,173
479,267,275,174
522,283,264,175
507,287,272,180
495,297,272,181
458,301,290,187
455,309,288,186
454,314,290,188
484,319,272,184
477,326,283,186
471,333,281,190
490,351,278,190
487,374,285,190
486,389,283,188
499,401,276,185
521,408,277,185
525,413,287,188
528,397,296,191
540,420,303,191
542,421,316,195
557,421,318,195
571,415,322,198
574,417,318,199
613,410,299,199
601,402,300,200
585,394,308,204
586,384,301,203
576,371,306,199
562,362,310,200
545,371,319,199
545,357,311,198
538,344,312,200
511,340,312,196
512,335,302,200
491,324,310,204
461,324,313,205
446,322,314,208
428,319,315,207
437,317,302,202
416,315,304,199
406,315,316,202
411,335,314,205
453,334,312,212
415,342,319,206
472,363,301,210
495,376,298,208
508,398,302,214
500,402,309,212
510,414,314,213
531,427,316,210
547,439,305,205
550,457,323,205
529,462,331,212
540,464,328,213
530,453,332,212
575,423,329,217
558,406,342,219
536,404,335,216
506,400,339,222
456,363,369,226
412,372,322,200
418,468,322,200
577,423,322,200
544,375,317,235
481,383,332,217
469,388,333,210
457,366,357,217
459,358,364,222
451,362,354,217
450,350,365,218
454,348,366,212
460,344,370,217
471,346,366,217
484,337,369,220
490,332,374,221
503,343,362,211
495,333,375,211
521,325,379,207
528,317,398,214
574,322,389,207
606,322,378,207
627,326,376,207
635,320,375,214
635,313,384,222
653,316,385,224
662,313,382,225
660,317,385,229
670,313,377,226
677,312,374,228
673,318,374,226
682,317,366,222
676,307,365,221
680,320,357,216
666,320,358,215
666,321,360,213
659,317,359,212
655,316,365,209
648,314,369,210
651,315,361,206
641,310,363,213
639,308,358,210
640,306,357,209
630,300,359,208
613,298,365,208
608,294,362,203
598,284,357,208
585,282,350,207
575,263,356,212
570,263,362,215
565,258,361,213
553,254,356,212
546,255,354,210
530,252,350,209
513,250,353,211
515,239,349,212
501,245,353,212
507,231,358,223
492,234,376,230
500,242,371,224
491,257,369,222
486,270,370,220
495,270,372,216
483,288,367,214
460,289,378,222
466,293,379,222
455,293,387,228
456,305,387,225
467,306,394,229
487,319,387,225
485,329,392,229
476,333,389,230
491,331,393,226
487,335,395,228
485,329,393,232
490,341,393,226
487,334,396,231
490,332,403,233
499,327,400,231
505,326,406,236
490,332,407,240
473,333,421,247
482,317,418,250
492,323,414,248
493,319,417,254
478,303,430,262
476,313,422,256
464,321,420,253
465,344,409,235
449,330,414,246
456,335,423,243
454,333,431,244
433,318,434,252
430,312,436,256
424,303,435,265
436,302,425,258
429,292,436,262
442,285,418,262
427,259,424,268
422,237,429,269
420,222,421,264
437,202,418,268
430,185,419,260
418,157,440,268
402,138,457,267
414,129,463,263
440,133,445,255
435,122,448,259
447,120,450,263
465,129,441,259
466,131,451,261
467,144,456,259
493,150,449,268
506,139,446,280
523,163,439,274
520,173,435,273
539,187,429,272
536,194,429,271
542,209,428,269
549,219,420,271
556,234,412,266
544,255,421,263
556,261,419,265
556,285,405,253
550,300,400,249
558,298,399,242
555,313,395,231
543,305,400,229
567,309,381,220
564,322,378,216
552,325,387,212
538,344,385,211
532,362,379,213
529,355,377,214
540,350,364,214
523,350,370,219
528,350,376,225
535,356,375,232
539,367,381,237
550,369,385,235
552,379,389,231
550,383,380,228
559,382,383,230
568,378,385,232
590,383,378,225
598,378,379,228
624,372,361,226
639,357,355,227
656,348,348,225
678,325,338,225
671,313,346,230
671,298,353,233
684,278,347,228
672,245,356,233
671,236,355,226
655,228,366,226
644,203,365,232
625,198,365,230
628,203,365,222
616,187,359,226
615,182,350,216
609,187,351,212
609,186,356,211
596,182,353,217
605,183,353,218
610,190,355,216
631,197,349,221
629,197,346,212
642,199,343,213
651,202,349,214
659,212,354,215
649,213,365,221
649,219,355,222
672,229,335,217
673,243,322,219
665,246,323,226
663,260,319,220
643,272,322,216
635,293,306,208
631,314,301,201
603,328,302,197
511,333,312,197
519,339,312,191
495,339,316,190
487,338,312,188
486,353,312,184
476,359,319,184
468,344,317,195
468,358,323,192
464,354,331,194
460,358,332,191
450,355,333,190
453,350,326,191
436,366,323,189
440,360,318,189
437,364,318,192
348,409,302,188
336,414,299,187
324,412,298,185
315,399,295,181
318,402,285,180
314,403,284,178
309,394,279,174
308,402,273,171
305,397,270,171
297,392,271,170
297,392,267,165
298,392,265,163
298,400,258,157
297,391,259,161
287,390,257,158
284,392,258,157
277,391,256,157
275,392,249,154
266,385,246,154
258,384,247,154
246,383,247,152
238,377,247,153
226,372,248,153
224,373,238,149
222,367,236,148
218,360,236,148
219,358,235,149
217,348,242,151
217,347,241,148
215,338,246,149
218,337,247,147
223,339,247,146
226,329,246,146
233,328,245,145
229,320,246,147
230,315,243,147
235,307,247,151
223,308,252,151
217,302,255,155
216,308,251,153
208,311,242,152
194,315,244,152
180,316,248,152
167,322,246,150
156,324,249,152
140,329,253,152
126,327,254,154
111,322,257,161
101,326,260,162
108,330,256,162
96,329,261,164
99,335,253,162
96,344,248,158
93,347,245,161
87,353,247,161
97,361,246,158
103,367,247,156
113,376,242,152
114,386,249,153
118,383,241,156
112,373,239,159
117,364,243,160
125,363,245,158
134,354,238,160
119,349,249,161
127,344,249,165
132,344,255,165
130,344,263,164
130,342,272,167
143,353,274,163
139,342,283,171
147,353,286,167
155,352,290,169
171,358,290,167
180,358,296,166
192,359,295,166
197,360,301,169
211,363,305,176
226,362,313,182
228,361,319,187
257,374,305,181
248,372,316,188
266,366,312,183
278,377,311,181
281,378,315,177
283,378,312,171
294,382,307,174
304,390,306,177
306,394,302,176
308,390,302,179
299,376,311,179
288,381,311,174
276,376,318,174
274,376,316,173
263,364,315,173
259,372,319,172
253,369,329,174
261,363,324,176
273,362,311,176
287,369,311,177
290,372,305,180
286,368,303,174
295,366,302,175
314,368,293,168
318,355,296,170
327,360,285,170
326,357,294,175
346,365,273,169
372,361,278,170
379,361,280,169
387,352,279,172
381,323,291,192
392,318,285,192
403,324,284,188
428,324,275,185
459,314,261,186
476,302,267,192
468,280,272,192
478,274,270,188
398,279,264,182
349,299,262,176
344,266,270,183
344,255,267,180
417,189,270,184
397,150,271,184
417,164,274,180
395,145,272,184
384,145,277,192
375,146,278,194
390,153,275,196
378,174,273,193
366,174,286,196
357,180,292,197
361,200,292,198
361,220,299,204
350,225,311,208
352,223,317,210
374,260,297,200
347,266,317,205
366,284,306,203
357,285,315,212
395,312,304,218
385,327,318,220
362,366,307,209
311,385,324,209
296,391,326,203
319,397,340,204
311,405,326,200
309,408,345,197
295,400,349,192
295,419,357,212
293,408,360,223
291,398,349,219
286,391,357,226
287,391,355,227
294,387,356,230
305,388,356,224
307,392,356,225
324,389,354,219
350,399,348,208
355,396,354,206
393,409,339,191
408,403,342,193
416,404,346,194
434,404,334,189
465,403,330,189
494,404,335,192
503,404,333,192
529,403,327,190
556,399,324,192
563,379,339,200
588,380,340,198
599,363,352,210
634,364,358,214
641,366,364,215
682,371,360,214
678,368,368,220
693,386,360,214
724,393,352,212
744,389,343,218
758,402,330,212
771,418,326,203
771,426,326,201
770,426,340,202
776,432,331,197
772,416,323,215
768,428,329,210
762,431,339,210
755,433,349,211
752,431,347,209
759,429,342,205
747,413,346,210
756,411,348,208
751,401,356,211
763,404,349,205
750,389,369,218
753,389,366,213
751,389,364,212
757,392,353,204
735,376,372,214
734,386,373,210
728,367,366,215
708,348,355,207
685,352,356,200
650,350,359,198
649,356,342,191
609,348,346,194
588,352,343,188
566,338,347,192
552,335,345,190
537,331,349,192
530,336,342,185
523,335,331,182
509,340,325,181
506,347,318,175
493,344,316,176
497,354,303,169
473,350,312,175
476,357,305,170
465,362,310,167
461,360,312,170
456,365,308,167
439,367,316,167
428,358,324,172
425,362,318,170
419,372,316,171
421,372,313,172
427,380,308,175
419,378,313,179
418,375,314,184
414,378,320,183
407,380,326,189
410,386,327,186
414,388,329,188
418,397,334,187
434,412,319,184
441,413,322,182
448,425,316,184
471,418,317,186
484,426,307,179
497,428,307,183
508,429,307,189
515,435,308,189
518,437,310,185
534,439,302,185
541,435,300,189
547,436,296,185
552,429,299,191
556,423,294,190
549,414,302,185
550,405,296,190
547,397,295,190
549,392,289,190
548,388,295,189
550,384,292,192
554,380,294,192
557,377,296,191
559,369,302,193
565,365,307,193
574,362,305,197
583,364,304,191
594,362,299,193
599,364,309,184
603,364,308,183
607,360,310,181
606,359,311,188
611,363,293,197
607,359,302,197
604,356,304,192
594,350,317,190
592,349,309,192
591,339,308,185
585,346,299,183
568,335,306,184
563,339,300,181
552,339,297,180
542,330,303,179
529,333,305,178
513,324,316,185
511,332,308,186
511,330,312,191
499,330,314,190
498,324,311,187
499,327,316,190
483,329,317,190
483,334,313,195
473,346,324,197
452,343,325,194
453,360,326,200
433,356,333,202
427,354,334,200
415,357,330,198
405,354,326,199
393,351,334,202
378,347,351,212
373,343,341,211
374,334,350,222
370,324,359,227
371,315,352,231
382,306,356,231
386,294,358,239
403,295,366,236
409,285,370,234
404,288,373,232
422,288,377,225
451,309,372,228
484,314,375,230
490,316,382,231
487,305,393,241
490,311,408,250
489,287,440,263
498,325,425,267
499,328,433,272
495,354,443,275
490,346,452,277
450,442,474,281
450,462,498,269
468,477,507,264
479,498,511,256
472,486,520,259
450,488,524,251
412,500,538,248
418,495,542,249
392,502,546,245
375,497,537,246
357,482,531,260
363,482,536,258
348,461,515,264
335,470,500,255
301,454,502,268
293,451,509,271
280,400,501,275
265,389,501,266
231,371,511,266
244,372,489,254
203,347,519,264
194,349,525,262
197,353,512,257
185,346,512,263
165,328,524,268
147,302,520,275
153,296,503,275
149,282,498,277
124,263,505,276
124,264,504,274
101,250,518,270
105,251,504,269
85,235,511,267
75,236,516,265
94,234,508,265
94,236,503,265
94,234,511,273
114,226,502,270
120,230,501,281
136,241,505,285
145,248,509,284
169,261,502,281
166,275,521,283
175,267,520,279
196,283,518,277
194,294,530,281
211,302,530,285
215,292,536,291
251,314,516,284
258,314,524,290
276,316,521,284
296,335,512,272
290,316,513,283
303,322,495,273
320,311,478,272
342,326,473,262
353,318,473,267
363,334,476,265
372,349,475,263
377,347,461,264
388,365,455,269
378,352,443,265
377,357,441,271
367,358,436,275
370,375,432,277
373,388,426,273
357,438,453,274
344,449,469,279
331,452,473,280
315,453,493,289
304,457,501,289
301,460,512,289
298,465,514,284
319,477,518,273
310,471,513,270
343,478,499,263
360,466,482,265
380,460,476,265
387,458,486,269
396,469,491,268
397,457,491,276
421,454,477,273
425,433,473,276
424,413,478,278
430,421,474,274
437,456,481,280
439,473,485,273
414,399,484,296
411,373,472,283
387,358,480,289
379,343,486,296
370,334,488,299
357,328,497,308
329,328,504,310
318,319,512,311
309,310,506,300
317,318,492,299
289,294,487,293
264,273,487,292
252,252,481,284
244,254,479,284
237,252,485,289
233,247,489,291
202,240,490,291
207,237,497,297
182,225,507,301
175,221,505,300
161,212,510,302
153,216,511,299
154,212,508,295
153,223,514,299
153,235,515,305
142,231,513,303
140,230,522,309
142,235,509,302
144,236,501,297
143,239,500,293
132,237,493,296
146,233,493,296
126,231,484,291
124,228,480,290
104,220,489,289
92,218,487,284
87,192,487,290
62,205,500,292
45,200,499,296
37,192,506,305
30,195,508,305
21,233,505,305
20,226,511,310
-9,250,522,313
-13,262,530,323
27,289,513,316
4,294,536,317
4,296,540,315
22,304,529,312
37,305,519,315
46,321,521,309
59,304,520,312
71,328,514,306
90,328,522,309
94,323,526,307
97,318,538,312
95,306,536,316
113,316,547,313
114,322,542,310
106,320,538,308
120,326,532,299
115,296,540,314
101,306,545,300
74,285,546,312
74,288,526,303
71,284,521,296
58,287,523,290
52,277,528,297
60,285,522,291
39,273,528,297
35,284,531,291
32,283,525,288
34,264,513,295
45,269,505,288
49,251,508,294
67,250,499,288
84,261,505,276
90,244,510,286
96,250,506,282
103,251,513,278
120,255,516,277
123,248,513,280
124,252,521,276
156,251,513,284
176,266,499,288
177,265,504,303
222,277,498,298
218,270,527,303
235,278,529,295
240,283,535,298
241,294,544,295
264,292,541,300
290,305,522,291
307,315,518,288
321,330,518,288
325,341,523,292
315,341,543,301
325,361,544,292
331,366,546,283
339,367,537,284
346,373,543,284
374,381,526,279
377,380,522,274
378,374,524,266
405,377,502,257
409,371,513,255
425,370,504,251
446,360,500,238
482,363,480,233
487,353,489,223
497,339,487,221
525,345,487,220
554,357,480,213
574,346,465,209
599,349,457,210
626,355,449,208
643,365,453,210
628,371,456,204
616,358,442,208
615,368,441,210
634,374,430,211
626,335,415,217
643,316,402,220
666,296,408,228
663,279,407,227
621,263,416,234
608,241,409,242
589,224,401,244
600,230,389,251
572,210,407,260
594,205,386,260
575,200,406,259
602,192,381,257
595,178,382,253
577,172,396,257
574,177,402,257
573,173,410,263
579,175,407,266
587,186,398,258
601,200,381,255
598,218,382,254
578,239,398,257
580,258,396,253
572,260,400,261
555,265,409,261
547,275,410,262
544,285,416,260
548,290,416,260
538,289,424,259
538,289,417,254
534,288,410,247
519,290,415,247
495,289,426,249
497,288,404,240
489,289,409,241
475,282,415,231
466,284,420,227
462,290,415,231
451,288,422,231
456,293,414,230
449,301,421,234
460,307,418,234
464,319,418,230
468,328,418,223
468,335,415,216
458,346,403,213
453,346,401,214
455,348,398,213
456,339,389,212
442,345,399,203
443,338,388,198
450,345,380,188
447,330,377,188
455,319,366,189
472,298,354,187
507,296,336,183
537,273,324,193
544,248,321,200
522,232,336,202
536,210,323,202
537,187,317,206
534,176,312,208
527,158,317,206
547,147,317,204
549,138,335,201
545,135,353,206
529,135,362,204
518,150,362,197
526,149,354,198
533,157,350,199
548,165,339,198
540,165,341,198
532,167,346,192
556,176,340,195
578,195,332,205
586,205,335,206
582,213,344,211
568,216,358,207
565,228,363,210
581,243,348,206
570,247,355,206
566,252,359,208
568,264,343,208
577,285,332,209
601,304,336,217
583,312,353,210
570,316,358,211
547,320,369,209
538,326,379,211
523,321,388,214
516,317,394,213
518,315,398,220
544,324,386,213
561,332,391,215
576,332,385,213
591,340,384,214
598,336,386,219
598,337,394,223
611,336,387,220
614,322,378,221
619,318,376,220
626,312,371,219
645,294,350,219
631,281,371,227
638,273,365,223
632,265,371,223
650,265,372,224
653,262,365,216
651,257,362,214
661,254,367,216
665,261,369,218
650,255,384,218
638,274,388,226
654,289,365,222
655,305,360,222
652,321,367,232
638,336,380,231
650,363,365,233
634,378,376,235
612,391,389,232
592,398,399,227
573,403,401,216
560,415,396,208
534,416,397,202
514,431,395,197
498,414,384,201
489,412,367,204
471,405,374,209
429,398,385,211
392,399,384,214
363,392,374,212
340,419,380,204
345,415,393,214
364,407,363,215
380,390,344,217
373,373,322,206
372,376,323,200
376,374,321,196
377,375,326,194
376,372,339,192
380,365,349,196
377,365,357,195
386,357,352,195
391,348,362,200
394,349,361,199
395,343,367,203
400,337,369,207
388,327,369,208
389,324,364,204
378,309,373,205
372,308,368,198
368,296,374,200
368,296,367,195
363,291,361,192
354,289,363,191
349,285,357,192
336,279,362,198
328,288,358,191
322,282,358,195
315,287,353,194
305,285,355,201
302,283,345,201
305,285,335,197
303,298,335,195
295,297,343,194
295,297,341,193
300,303,335,188
296,309,338,188
292,309,345,192
293,314,345,193
293,321,347,190
290,320,345,191
288,325,347,187
280,327,357,193
288,325,354,195
280,323,358,197
285,329,354,197
275,326,359,202
267,322,368,209
272,330,368,204
261,325,374,208
264,326,370,209
257,325,371,210
261,330,367,206
248,331,374,211
248,329,379,212
250,336,382,214
256,336,373,211
257,341,375,212
257,348,381,211
263,343,386,214
258,348,385,217
264,352,392,217
268,360,399,217
277,362,405,219
287,367,409,218
298,368,408,219
313,369,411,218
333,377,407,212
348,372,409,217
378,385,396,213
381,399,397,215
404,406,392,220
424,409,391,220
438,419,400,227
447,442,402,235
467,462,404,235
465,467,425,240
480,474,423,240
481,480,439,236
482,481,449,238
506,473,440,241
509,476,441,240
509,472,453,244
512,459,445,250
521,440,438,257
541,421,434,257
555,410,427,254
551,379,436,264
574,387,422,253
583,365,410,248
583,338,405,249
604,324,394,245
609,307,400,246
609,282,403,247
609,268,411,252
595,255,431,251
624,245,420,251
615,235,433,250
632,238,421,244
621,244,439,246
636,245,425,244
645,257,427,239
640,244,436,248
652,240,446,252
659,231,441,253
660,228,442,253
672,215,433,261
670,234,424,244
671,207,428,260
666,236,412,239
667,219,412,250
650,226,413,241
637,217,418,242
621,217,421,237
595,208,428,239
592,201,433,240
560,204,440,245
550,210,432,238
553,209,429,237
546,217,420,238
542,231,403,238
543,242,389,233
536,251,392,231
535,271,404,226
521,285,410,227
516,287,422,230
504,298,420,228
504,310,421,227
509,307,413,227
514,308,405,225
499,302,424,233
504,305,415,235
496,314,412,238
501,313,408,235
485,308,414,237
476,314,407,233
460,315,408,233
455,314,418,235
451,311,413,233
450,319,404,227
446,309,406,237
445,311,400,236
443,303,389,237
454,289,380,243
451,278,382,241
458,267,383,240
466,256,387,239
464,235,412,244
489,223,409,241
512,216,408,236
532,201,404,236
551,194,400,236
562,179,399,239
569,161,408,248
577,160,410,249
594,169,404,240
580,155,417,248
579,157,405,244
590,162,401,240
587,163,405,242
578,160,411,246
564,165,407,251
562,172,397,251
564,181,401,251
535,175,416,255
525,183,414,256
511,187,404,252
499,196,392,246
476,197,381,240
468,216,377,237
456,249,366,228
447,247,366,233
437,267,350,226
429,283,361,221
404,283,387,226
398,294,393,222
395,304,398,222
391,319,392,220
412,328,385,218
414,343,378,211
416,344,394,217
437,347,402,227
452,358,400,230
447,370,410,231
457,386,409,227
471,404,384,221
481,409,370,216
487,421,361,215
487,436,356,214
483,450,354,212
479,473,356,214
478,490,360,213
479,484,356,213
468,489,349,209
458,479,346,200
440,466,351,205
427,448,352,202
409,444,348,203
389,439,343,196
360,439,341,199
354,427,331,205
329,415,339,211
305,418,335,209
290,419,338,205
274,412,339,204
252,405,339,207
238,402,349,209
229,407,352,209
220,398,354,211
212,399,354,209
210,406,349,203
218,405,338,198
205,398,343,199
200,401,353,199
201,401,343,196
200,407,334,198
186,404,342,201
185,398,332,193
191,394,328,186
185,391,322,186
173,381,320,188
175,376,312,184
176,364,307,183
169,371,311,184
184,354,311,187
187,357,313,188
199,334,315,191
204,329,316,192
216,324,321,193
188,315,335,195
202,297,332,196
187,295,334,199
180,292,338,198
203,269,353,206
216,263,356,206
221,243,368,212
248,238,366,214
248,232,370,219
257,224,382,224
265,215,395,230
259,204,411,242
255,208,413,246
262,214,421,249
265,217,415,249
246,215,416,250
237,227,408,251
240,218,414,256
235,226,415,250
215,234,417,250
224,246,407,244
244,246,403,243
236,242,411,245
240,240,403,246
274,248,388,240
259,241,404,246
282,255,405,240
296,260,409,241
297,274,421,244
325,269,426,254
339,271,423,250
348,274,428,251
361,300,429,255
374,270,428,253
420,277,424,255
447,268,422,249
449,274,424,246
439,255,442,253
475,261,435,244
481,266,434,246
490,268,441,248
492,267,450,250
491,269,465,250
501,270,457,249
508,267,454,249
524,270,445,247
513,264,455,251
508,259,464,259
499,263,467,255
491,255,461,251
480,257,460,248
473,257,458,253
467,259,457,252
463,261,461,261
458,268,463,265
475,272,458,270
486,284,451,280
485,297,450,276
499,323,450,274
499,333,457,261
515,347,444,245
526,353,431,239
532,347,425,235
540,348,437,239
566,351,420,235
591,354,411,221
595,347,412,221
601,339,418,216
614,332,429,218
636,321,422,218
650,313,407,211
655,311,409,209
673,316,401,204
665,311,411,205
665,295,400,211
694,302,380,206
687,289,385,209
701,295,375,203
697,279,380,205
702,281,371,203
716,280,350,195
695,267,358,209
692,269,361,210
706,287,340,200
698,285,337,198
691,293,327,184
688,290,330,187
684,265,325,189
658,275,330,193
647,266,329,191
654,249,307,195
613,241,316,195
575,236,339,203
542,246,321,190
523,229,318,192
493,195,325,195
454,175,325,194
484,157,320,195
488,130,313,194
494,122,321,196
477,127,318,190
463,111,301,184
454,103,298,187
422,121,314,187
424,103,308,196
435,118,294,191
440,108,284,189
441,123,306,192
433,130,315,195
420,129,310,196
413,133,306,192
401,137,315,195
399,144,326,197
393,159,320,198
413,175,315,196
422,178,314,201
431,191,323,207
450,224,315,206
464,247,291,196
439,279,307,191
455,292,309,191
460,298,336,189
453,297,339,190
452,290,344,194
458,285,349,201
457,284,348,204
470,289,339,207
486,299,332,205
485,307,334,209
496,310,340,219
495,335,337,205
498,339,345,209
494,336,361,215
500,345,357,208
496,350,360,204
508,357,358,201
506,361,357,200
498,369,363,197
505,369,350,195
507,374,347,195
510,376,342,196
517,383,343,194
525,383,342,195
528,384,343,195
541,382,343,195
535,375,338,195
523,364,342,200
515,365,359,200
535,370,348,188
526,355,338,191
531,344,329,189
528,348,338,191
552,360,324,192
569,364,309,195
566,379,314,189
571,394,323,180
598,403,317,178
615,403,302,179
612,387,292,193
626,402,309,185
640,412,316,183
658,415,324,185
666,423,325,182
690,429,321,181
705,427,318,183
715,428,320,182
720,419,316,186
727,426,317,181
734,420,314,183
731,410,318,188
722,406,329,190
729,396,323,191
722,394,322,189
708,386,333,183
715,387,332,185
708,372,319,182
705,348,303,177
690,348,304,173
679,342,313,178
677,333,293,170
665,329,294,165
656,307,306,171
665,306,300,162
667,299,297,157
667,300,294,151
672,291,297,152
679,294,290,148
685,283,286,152
678,282,288,150
686,281,283,148
687,280,280,146
683,275,279,145
675,276,275,139
672,268,273,140
672,264,275,144
662,263,277,141
648,260,272,138
635,259,267,136
620,259,268,137
610,260,265,140
594,268,267,141
581,269,269,144
569,275,262,143
560,287,262,140
552,285,262,141
544,281,259,144
545,285,255,142
541,288,256,142
538,286,251,142
538,282,250,141
542,277,245,142
551,276,239,145
572,276,232,145
572,268,237,139
583,264,237,139
586,258,237,137
603,252,233,138
626,255,226,133
647,255,220,130
657,254,224,129
667,253,228,129
678,252,228,126
691,251,227,126
697,249,232,127
703,248,233,126
712,250,229,125
722,252,225,128
724,250,233,128
729,253,228,126
737,254,222,129
736,254,226,129
745,259,212,126
737,257,221,124
733,258,224,126
736,260,217,128
736,260,213,127
736,261,214,126
741,264,207,126
743,266,205,127
749,268,199,124
749,268,203,126
753,267,202,124
754,268,205,123
763,264,201,120
768,260,197,122
771,258,196,124
770,255,196,126
770,248,201,126
765,246,204,128
761,240,209,130
758,236,211,129
751,235,212,130
745,233,215,128
743,232,211,126
737,232,211,125
730,238,213,127
724,242,212,125
727,232,212,124
715,238,219,130
703,248,218,134
704,251,214,132
694,256,219,133
688,260,214,132
679,273,219,138
669,276,225,139
659,279,226,139
645,288,233,145
641,293,237,145
638,307,239,145
625,312,235,142
625,319,238,139
616,332,231,133
603,336,229,136
599,339,233,141
591,340,235,142
581,340,234,145
574,338,243,151
573,336,242,153
557,329,247,156
559,328,246,157
551,325,250,156
547,322,258,161
536,318,259,160
535,325,261,161
534,322,266,161
518,314,277,169
516,314,284,174
508,314,287,175
519,324,289,172
523,331,285,175
532,337,282,179
513,344,297,187
516,368,297,186
490,400,307,191
491,422,311,184
469,444,330,184
467,456,338,183
458,463,340,183
466,478,336,177
452,479,342,178
440,478,349,177
433,466,353,181
429,473,351,176
424,471,356,175
412,460,363,180
408,454,359,183
399,458,353,181
401,457,350,183
395,457,355,183
372,452,354,179
371,446,341,175
361,448,341,174
340,439,351,178
330,436,347,178
330,429,344,181
329,423,349,181
314,420,349,183
299,412,347,187
296,420,351,180
279,406,361,187
273,405,350,190
249,410,345,190
240,413,343,188
234,420,341,190
221,425,344,193
207,424,347,197
201,439,343,191
191,449,342,189
189,469,324,186
176,484,324,190
181,503,317,192
176,523,326,195
175,522,325,194
170,533,326,187
172,534,321,183
173,535,329,184
161,527,339,195
163,527,339,193
164,525,335,188
155,513,333,190
168,515,337,193
178,519,330,198
176,470,347,202
172,455,349,203
185,456,336,197
185,455,329,189
186,442,332,192
192,440,329,192
184,444,329,188
189,438,326,189
188,440,321,187
194,439,312,187
193,434,308,187
203,443,307,184
199,447,314,184
204,455,306,183
217,472,294,181
214,466,303,182
215,473,306,183
218,472,306,181
225,478,305,182
228,473,306,182
242,473,293,177
257,475,289,174
269,474,293,171
287,462,291,174
297,469,290,171
301,467,294,173
309,468,297,175
319,469,297,177
322,471,295,177
331,478,289,178
338,485,283,178
343,483,280,177
351,504,275,175
347,501,274,175
348,512,273,174
350,531,284,178
359,539,287,176
360,542,285,170
360,542,284,166
357,541,286,168
360,529,282,172
352,544,294,174
348,537,297,178
334,536,311,186
344,533,309,186
347,487,306,191
355,477,305,189
363,467,309,192
375,461,305,186
372,471,293,180
362,484,296,184
353,496,286,179
328,531,314,190
316,531,316,191
306,529,320,191
286,534,333,192
261,533,338,198
251,530,338,198
230,526,339,202
216,518,335,207
200,497,325,212
176,482,334,218
156,442,334,214
151,422,336,217
137,396,332,219
110,372,330,219
99,349,327,226
74,333,332,220
56,331,341,211
50,316,337,204
34,313,350,204
12,325,359,213
11,324,353,210
12,332,343,213
4,353,328,213
6,377,326,220
-8,408,326,219
-13,428,322,215
-9,451,316,206
-17,469,323,203
-35,471,336,196
-41,484,340,191
-49,499,331,190
-42,474,329,189
-45,490,318,187
-45,483,311,187
-47,466,302,189
-43,456,301,189
-54,457,293,186
-38,437,279,187
-42,439,274,179
-34,429,273,178
-48,422,290,180
-39,434,283,173
-45,429,283,176
-38,433,291,183
-32,440,294,189
-36,443,303,192
-30,451,306,194
-30,451,323,200
-5,455,331,199
6,454,333,198
19,456,337,195
36,467,338,193
55,465,335,191
61,459,336,193
88,442,331,195
87,456,346,204
92,440,354,209
117,427,342,210
129,411,345,217
148,400,340,217
173,392,344,217
191,378,351,216
212,362,353,210
234,354,362,213
248,357,371,215
260,348,374,214
277,340,382,219
304,339,376,217
323,327,381,219
339,306,372,217
355,294,370,217
396,301,355,227
405,280,365,221
417,265,358,219
445,253,352,224
464,249,356,228
470,234,361,235
461,227,377,241
462,213,379,239
451,207,408,242
438,204,417,234
424,206,419,238
406,208,426,235
396,214,427,235
390,217,428,228
362,217,441,234
348,220,443,235
317,221,467,238
321,229,451,234
317,239,446,236
313,239,443,231
305,238,443,225
314,247,430,220
306,240,434,215
300,239,435,210
297,238,428,203
299,238,425,201
294,225,430,201
297,228,429,200
300,223,416,197
304,238,411,194
312,242,401,192
317,257,398,195
333,262,378,194
330,271,376,198
336,287,367,194
348,306,370,191
350,315,376,189
363,311,354,187
377,341,349,171
402,340,334,168
412,332,324,170
437,322,331,184
453,291,332,184
471,281,327,179
448,249,347,193
433,229,345,198
440,216,328,198
443,211,324,201
470,196,312,203
444,189,332,210
461,183,323,209
449,179,337,210
455,165,328,210
446,161,334,209
448,161,326,207
447,153,333,214
434,154,343,213
427,152,346,212
422,157,345,208
415,163,346,209
414,174,346,212
409,175,348,213
405,175,346,215
403,184,346,210
407,192,337,212
401,198,342,211
412,206,333,212
414,217,335,213
426,227,324,214
436,240,325,215
434,253,333,214
432,266,341,212
440,277,336,204
447,281,341,200
458,285,342,199
465,292,340,195
473,298,337,195
481,303,348,196
504,314,339,196
536,316,338,200
558,327,346,196
563,335,355,193
571,339,346,194
576,357,334,181
575,350,338,185
571,342,345,188
559,339,351,185
547,333,350,181
529,314,347,183
527,309,348,181
527,305,333,177
530,280,325,179
553,279,308,174
557,261,301,176
564,244,293,178
549,224,306,188
546,212,300,189
553,203,296,187
549,196,294,188
553,185,293,185
568,179,300,185
564,169,315,186
565,169,326,190
554,172,334,190
549,176,336,187
550,180,328,189
554,188,323,187
552,187,321,186
562,203,313,178
557,209,317,180
549,206,320,183
570,218,305,185
589,231,296,185
579,244,307,188
592,252,300,185
587,263,304,184
587,280,303,185
585,294,304,187
576,307,311,189
571,315,309,190
575,340,316,196
579,358,324,201
554,372,339,209
545,392,329,198
525,404,333,195
502,415,338,184
474,410,358,189
463,405,358,192
459,400,352,191
460,395,347,191
452,398,346,186
444,387,343,189
434,387,339,185
426,372,339,191
413,366,343,190
411,353,338,192
404,346,341,196
394,337,333,191
400,322,325,191
393,309,324,193
398,306,311,189
400,291,309,191
381,280,326,197
372,273,341,201
379,266,334,203
386,264,335,204
390,273,339,202
408,265,349,209
415,268,356,209
403,273,363,217
407,287,352,219
398,291,349,222
410,303,345,225
420,318,344,226
423,336,348,234
423,347,358,238
409,365,377,236
398,370,380,232
393,379,380,225
376,385,386,222
370,391,382,215
378,399,364,208
360,396,367,209
363,377,379,223
338,376,381,223
311,364,371,232
287,374,363,226
261,381,354,222
320,422,342,202
384,379,364,239
395,371,350,238
398,361,337,225
375,361,345,220
388,372,346,218
400,372,367,219
399,364,382,217
410,362,384,224
428,358,383,226
436,359,385,221
448,363,393,218
466,376,384,207
486,363,396,216
509,368,401,213
528,361,399,211
541,363,397,210
556,354,402,216
568,344,401,223
576,340,406,224
586,339,407,222
599,338,404,219
607,332,402,220
612,328,398,217
612,319,404,223
624,322,404,217
629,312,400,220
641,314,397,215
643,313,400,218
658,305,396,222
667,305,381,215
674,303,375,213
680,298,364,209
684,289,367,209
696,296,355,203
694,286,360,206
692,293,361,205
697,284,359,205
698,286,363,204
699,282,362,203
704,275,367,203
698,269,373,209
702,265,370,204
694,260,372,206
703,259,366,202
695,256,372,206
694,260,373,204
689,258,378,204
690,257,377,207
691,258,368,208
689,260,363,206
685,263,359,204
676,279,359,199
674,279,366,203
663,280,373,206
659,294,359,200
654,290,365,205
652,297,359,204
656,304,354,200
653,312,351,195
658,315,353,193
666,314,352,192
673,320,348,187
670,317,346,190
683,317,348,187
687,317,337,186
692,317,337,185
702,318,329,181
706,318,329,183
698,318,331,189
693,309,342,195
691,307,344,198
697,319,337,195
694,332,330,188
687,342,325,190
690,348,328,189
683,347,337,194
680,360,333,190
671,365,332,193
659,371,332,196
657,376,333,198
651,381,332,195
644,379,335,198
644,383,336,203
638,386,339,209
629,397,343,204
627,396,336,200
622,409,338,195
617,408,336,194
612,409,338,194
611,420,336,187
604,415,344,188
594,410,347,192
590,406,344,191
583,409,340,193
576,410,340,194
577,412,326,199
563,393,331,198
561,380,330,199
557,383,322,194
557,368,322,198
558,363,318,195
570,358,310,195
547,343,326,192
545,326,328,196
539,320,335,194
538,320,337,189
544,307,333,192
560,309,326,190
539,288,343,200
529,288,347,199
526,274,353,211
523,266,354,216
520,264,345,216
524,272,337,209
509,271,342,209
500,271,344,209
486,271,351,214
492,261,358,222
501,274,352,220
500,288,350,218
505,294,342,219
493,307,346,219
497,324,341,215
484,335,350,219
488,345,341,217
483,369,337,211
472,383,329,204
461,401,331,205
450,412,335,201
442,425,337,198
412,435,340,198
397,444,334,196
384,455,334,198
376,470,332,199
357,477,337,208
353,482,346,214
342,494,347,218
338,499,348,222
323,503,352,224
309,497,360,228
301,494,354,229
293,493,359,232
285,496,365,228
269,507,376,224
259,498,377,231
274,515,361,220
269,505,353,222
273,497,344,228
276,489,333,235
255,452,338,233
251,411,342,229
255,410,330,226
249,384,344,227
254,375,334,219
249,332,336,225
241,315,341,220
230,279,335,231
216,262,339,231
217,259,344,227
216,250,364,228
212,241,360,226
225,238,351,221
211,236,360,224
222,236,360,229
236,232,363,230
243,234,366,229
245,235,370,231
237,235,378,234
245,230,380,241
245,229,386,245
251,230,386,251
239,228,394,258
261,238,377,254
272,252,358,250
273,266,346,243
268,273,359,246
267,311,349,240
273,337,345,232
276,353,346,223
292,358,347,215
277,368,353,215
283,374,360,215
266,379,367,210
277,388,373,210
279,390,371,205
287,388,370,205
304,390,368,209
322,386,367,213
334,392,366,209
339,380,377,216
344,377,377,215
351,379,369,212
353,380,356,210
351,382,342,207
333,400,334,207
319,401,328,205
325,393,320,202
310,394,323,199
292,392,326,198
275,392,324,197
264,392,311,192
250,387,313,190
228,392,315,189
214,398,309,187
188,390,305,187
182,397,309,186
177,392,308,183
172,387,307,182
170,393,308,182
164,389,308,184
160,390,307,182
157,388,309,182
155,390,312,184
160,394,306,179
155,391,304,179
150,394,300,176
142,386,300,175
143,393,295,171
140,388,291,171
145,381,290,173
136,380,288,173
136,373,288,170
145,371,280,167
148,373,274,164
151,370,271,159
157,363,271,160
152,357,278,162
155,351,272,159
152,342,270,158
149,337,273,159
152,332,273,157
164,329,269,158
170,321,269,156
174,315,271,158
193,311,266,156
193,310,270,153
194,302,264,155
216,294,255,154
222,298,254,149
228,291,249,151
244,301,246,144
238,281,242,151
239,279,240,151
252,281,241,148
253,280,241,146
246,281,243,146
267,284,228,144
256,273,237,155
254,271,241,158
257,274,241,156
251,269,249,163
250,275,251,162
253,275,254,160
257,281,256,157
263,291,246,152
264,284,244,155
286,295,235,150
288,299,244,152
282,308,250,147
287,312,248,146
299,315,248,149
307,308,249,154
317,322,245,154
321,324,253,156
317,325,258,156
311,320,265,154
334,320,257,154
331,316,258,153
338,317,259,152
350,319,258,149
354,321,262,148
357,324,270,149
365,324,267,151
360,321,272,154
368,322,268,151
367,325,276,152
356,319,285,154
368,322,281,151
371,324,277,149
378,318,280,149
395,321,277,152
392,322,285,157
396,323,281,155
395,314,285,158
401,317,283,158
410,314,279,154
411,306,276,150
419,306,276,147
435,314,272,148
451,323,262,147
459,330,267,151
459,327,272,153
460,327,274,152
458,324,275,152
465,323,279,150
480,325,273,145
476,319,279,147
487,322,270,141
511,321,262,140
505,317,268,140
501,307,269,147
501,306,265,145
511,307,258,144
503,298,256,141
505,294,250,138
508,291,244,137
486,282,245,132
479,275,243,136
475,275,242,135
472,270,231,140
460,273,226,135
453,269,233,136
444,248,236,143
442,235,236,147
435,225,236,149
442,227,229,146
448,220,224,144
480,208,212,145
486,192,214,150
487,185,208,141
469,181,212,143
418,197,206,138
