461,263,41,44
457,256,43,47
455,252,43,47
453,247,41,47
450,243,42,47
450,240,39,48
449,239,39,48
450,242,39,45
450,248,42,41
452,250,40,39
451,250,40,39
450,249,40,39
450,246,39,40
449,245,42,40
450,243,41,40
451,243,39,40
450,241,41,41
449,240,43,41
449,240,42,40
449,238,43,42
448,237,44,42
448,236,43,42
448,235,43,42
448,236,43,39
448,238,43,35
449,240,41,32
452,241,40,29
451,240,43,30
446,239,46,30
447,234,45,32
447,229,42,33
445,227,43,34
419,233,47,34
402,231,43,37
399,234,44,35
401,237,44,34
401,240,45,33
411,235,43,37
425,227,46,47
430,237,39,42
429,246,42,40
430,248,42,39
432,249,43,40
434,247,44,38
433,249,45,38
430,250,46,37
429,250,45,37
427,251,45,37
425,252,46,36
423,254,46,36
418,255,45,36
417,256,46,36
414,255,46,37
409,257,46,36
404,255,46,37
401,254,45,37
398,255,44,38
398,256,43,38
395,257,43,38
391,258,42,36
392,258,39,36
391,259,39,35
389,258,39,36
389,258,39,35
388,258,39,34
389,257,39,35
390,257,38,35
391,258,39,34
389,259,41,36
391,261,41,36
393,257,40,35
395,259,40,35
397,259,40,35
400,259,41,35
402,258,41,35
405,259,42,35
409,259,42,35
413,257,43,34
417,258,42,34
420,257,42,34
423,254,43,34
426,254,44,34
428,253,46,35
433,251,45,36
434,249,44,37
439,248,43,37
440,246,44,37
437,244,47,36
436,240,47,35
442,240,44,36
442,241,43,34
446,239,42,36
444,238,44,36
446,236,42,35
428,228,48,42
434,235,40,40
447,240,42,36
448,238,40,36
446,238,39,36
445,238,40,36
448,237,39,37
449,236,39,38
450,235,40,39
448,235,42,39
446,234,44,39
445,233,44,39
445,234,44,38
444,234,44,38
445,234,44,39
446,235,43,38
447,235,43,41
445,236,43,40
447,235,45,41
446,235,46,41
449,233,45,41
445,234,48,41
444,233,48,41
445,233,48,40
447,231,48,40
449,234,47,40
448,234,47,39
449,234,45,38
451,235,44,37
451,234,44,37
450,234,45,37
449,234,45,38
450,233,46,38
449,233,47,39
451,234,46,40
452,234,47,39
451,234,47,40
452,235,46,39
453,234,46,39
458,235,44,39
456,235,43,38
457,233,43,38
456,234,43,39
459,234,43,39
458,234,43,38
459,234,43,38
459,234,43,38
459,235,43,38
462,235,43,38
459,234,44,38
461,233,43,38
463,234,42,37
462,235,42,38
463,235,42,37
465,235,42,38
464,235,42,37
465,235,41,36
466,236,41,37
466,237,41,37
468,236,40,36
469,235,38,36
468,235,40,35
469,236,40,36
470,236,40,36
470,235,40,36
470,235,41,36
472,235,40,36
473,234,39,36
472,234,40,36
472,235,41,36
470,236,42,36
464,239,42,39
464,240,40,40
462,243,38,41
461,244,37,41
461,244,37,42
461,245,36,42
461,248,36,42
461,250,37,43
459,252,38,44
460,254,40,42
472,241,41,36
468,245,42,34
467,246,44,35
468,248,44,36
467,250,42,35
462,250,44,35
460,252,44,35
454,252,44,36
448,253,42,35
440,254,43,37
431,261,44,38
420,265,47,39
411,271,46,39
404,275,45,40
397,284,44,38
378,288,49,38
374,280,46,51
370,283,42,38
363,277,42,40
358,272,44,40
352,267,43,40
344,264,46,39
338,261,46,39
332,262,46,38
328,263,45,37
322,267,46,37
318,274,46,38
317,283,44,38
309,289,47,37
307,292,45,36
300,290,46,37
296,286,48,38
293,281,48,39
295,278,47,39
294,278,47,38
293,278,47,37
293,280,46,37
294,282,46,38
297,284,46,38
298,285,46,38
301,283,46,38
307,286,45,37
308,285,46,38
311,288,46,38
318,287,45,39
322,286,46,40
328,287,44,39
332,289,44,39
334,289,45,40
339,290,44,39
344,291,44,39
346,292,44,39
348,292,43,39
353,295,42,38
355,296,42,39
359,299,42,37
362,300,42,38
366,304,40,37
369,306,40,36
374,310,40,36
379,311,40,35
381,312,40,36
384,315,40,35
383,314,41,37
389,315,41,37
391,315,41,38
392,315,42,37
394,316,43,38
398,317,43,38
401,319,45,36
402,319,44,36
405,320,44,36
405,321,43,37
409,321,45,37
410,320,46,38
413,322,46,38
418,322,46,38
423,323,46,38
426,321,46,38
429,321,45,39
431,323,41,39
440,326,43,41
437,319,45,49
447,314,44,48
447,315,45,49
465,318,44,48
452,315,44,48
453,300,44,48
458,300,44,48
469,297,45,49
465,305,46,50
461,315,44,40
456,315,44,38
459,315,44,38
455,314,46,39
457,312,46,40
453,314,46,38
449,315,47,38
447,313,47,38
442,314,49,38
437,319,52,38
433,325,50,38
432,320,50,35
424,326,50,34
419,319,47,52
404,328,48,32
416,319,47,38
391,326,46,34
388,321,46,34
382,317,48,36
377,315,51,37
372,313,53,37
369,311,53,39
369,313,50,38
367,317,50,38
374,315,48,38
384,307,46,42
380,312,44,45
376,326,40,43
376,332,41,43
374,328,45,41
374,331,43,40
372,330,43,41
370,330,45,41
366,332,48,42
366,336,47,39
357,336,45,37
359,336,47,35
365,334,53,35
366,336,53,36
369,338,53,36
379,340,50,37
383,342,53,38
396,347,51,39
420,347,47,45
425,349,53,49
433,363,43,43
434,366,52,54
458,380,50,43
466,375,53,55
492,369,54,56
518,372,53,55
560,389,53,55
586,384,53,55
610,379,52,54
611,384,55,39
638,375,52,54
665,380,55,39
686,375,52,54
699,380,58,39
713,385,59,37
737,381,51,53
751,390,60,38
769,388,51,53
778,392,51,53
790,395,50,52
811,395,50,52
820,396,49,51
841,400,50,52
865,400,50,52
906,399,50,52
917,400,52,37
928,396,50,37
932,392,53,36
931,394,56,37
937,390,54,38
937,392,55,37
943,389,53,36
955,382,51,39
971,376,50,48
956,391,46,40
965,388,44,43
964,391,45,41
936,393,54,39
937,387,56,40
938,382,53,39
935,377,53,39
931,374,53,37
922,369,55,39
924,370,54,38
922,368,53,38
927,365,52,36
930,363,50,37
953,349,50,51
936,366,46,40
944,360,45,43
943,364,46,45
941,354,56,58
919,371,57,59
923,349,58,60
928,364,46,50
925,360,47,52
923,359,48,51
914,361,54,48
910,359,56,46
902,349,58,45
900,347,59,45
900,342,61,45
894,338,62,44
893,333,60,43
890,329,60,41
886,326,58,42
883,325,60,41
881,324,59,42
884,324,56,39
893,321,53,39
907,316,48,49
888,322,51,45
889,320,50,48
885,319,51,50
880,319,52,49
879,316,51,51
876,315,49,50
874,316,49,50
873,314,47,49
867,310,49,49
865,310,48,48
868,314,42,45
867,311,41,46
863,307,43,47
863,306,41,47
859,304,42,48
855,303,42,47
851,302,41,46
848,300,40,46
845,301,38,44
838,298,39,45
831,296,39,45
824,295,38,45
815,295,39,44
806,292,41,44
797,292,40,44
782,292,42,43
771,289,45,43
762,288,45,44
749,287,47,43
740,285,51,42
724,284,55,43
709,282,55,44
698,281,54,45
684,280,55,45
667,280,56,44
659,280,52,43
645,278,52,44
630,277,53,44
620,276,52,44
604,276,53,44
592,276,53,43
582,274,50,45
569,273,51,46
557,274,52,44
545,272,54,44
533,272,56,45
524,271,56,45
513,270,55,45
503,270,56,44
492,269,57,45
483,269,57,44
470,269,58,45
464,268,56,44
456,266,56,46
448,267,57,45
440,267,56,44
434,268,53,43
429,268,52,42
421,266,51,44
417,267,51,42
412,265,50,43
404,266,51,44
399,266,51,44
397,265,49,44
387,265,51,47
387,265,48,46
384,264,48,46
382,265,49,45
376,266,49,45
375,265,47,47
375,265,44,48
373,266,45,48
369,267,46,47
368,268,44,49
366,270,44,46
365,269,45,47
367,270,44,48
368,270,44,49
366,271,45,49
368,271,44,49
368,271,45,49
369,274,46,48
369,275,46,49
363,279,48,48
367,282,49,47
367,283,51,48
366,287,52,49
363,290,55,48
362,295,54,46
364,296,53,49
365,299,55,48
362,297,57,51
360,302,57,50
358,300,55,51
354,304,58,50
345,312,64,47
341,309,61,48
334,311,72,45
330,307,70,45
319,307,66,46
310,304,67,46
298,305,71,48
299,302,66,45
289,303,64,46
294,302,61,45
300,300,56,46
307,305,51,50
298,307,52,51
295,315,52,52
291,318,54,52
282,315,57,50
277,312,64,51
273,312,67,49
272,310,64,48
266,308,62,45
266,305,65,47
258,308,67,46
256,308,66,46
258,310,67,45
263,309,62,43
259,312,63,44
264,316,60,43
273,318,55,44
276,321,56,46
293,316,53,50
296,316,54,51
279,319,56,47
272,317,63,47
270,315,65,47
274,315,66,47
273,310,62,46
268,310,61,43
267,306,65,45
264,307,65,45
264,307,64,42
270,305,61,43
269,306,59,42
273,309,57,40
275,310,56,42
294,309,51,47
287,315,50,46
282,320,52,49
276,324,55,49
267,333,56,46
253,333,60,46
248,337,61,46
240,344,63,47
233,340,63,48
232,341,62,49
224,344,64,48
219,343,64,47
221,339,62,47
219,336,62,46
226,334,62,44
220,328,63,44
226,327,62,44
217,328,69,45
217,326,68,45
217,324,65,44
225,324,62,43
219,326,63,43
226,326,64,45
228,328,63,46
240,320,59,52
240,319,60,54
238,315,62,56
236,324,62,49
232,317,67,51
231,312,67,50
236,308,64,48
237,300,61,47
237,296,60,45
237,292,63,46
228,290,67,47
232,286,70,50
230,283,67,50
230,285,66,49
227,283,66,48
244,276,62,49
243,278,60,49
241,275,61,52
238,264,59,53
240,261,56,52
239,256,55,51
239,250,55,50
243,250,52,50
238,243,54,49
240,240,53,49
239,240,54,49
240,237,53,47
241,234,53,48
242,231,52,49
241,229,53,48
243,228,52,49
244,226,50,47
244,223,50,45
244,223,48,45
243,219,49,45
245,218,47,43
244,216,48,43
245,216,47,44
245,213,47,43
245,213,47,44
245,212,46,43
245,214,46,43
247,214,44,43
246,213,44,41
245,214,44,41
245,214,45,42
245,213,44,40
246,213,43,40
246,214,43,40
249,215,41,39
247,215,42,38
245,215,42,38
247,215,39,36
245,216,40,36
248,216,39,36
248,216,40,37
248,217,39,37
248,216,39,36
247,216,40,36
247,217,39,36
250,216,39,36
247,218,39,35
248,217,39,36
250,217,40,37
249,217,39,36
250,216,40,37
248,216,41,38
251,217,39,36
249,217,40,37
251,217,40,37
250,216,41,37
248,217,41,37
245,217,42,37
250,218,41,38
246,217,42,37
248,216,41,38
249,217,41,37
249,217,41,37
251,218,40,37
249,217,41,37
249,218,41,37
249,218,41,38
248,219,42,38
251,219,39,36
250,219,41,38
255,221,40,38
253,220,41,39
253,221,42,39
255,222,41,40
254,223,42,40
255,221,42,39
256,220,41,39
252,221,43,39
251,222,43,40
248,223,43,39
247,223,42,38
244,224,42,38
240,225,41,37
234,225,41,36
233,226,41,35
232,225,40,34
231,224,40,34
228,225,40,34
230,225,38,33
228,225,40,34
226,226,40,34
228,226,39,34
231,225,39,34
234,227,39,34
234,226,39,34
234,226,40,34
236,225,40,35
237,224,40,37
239,223,40,36
239,222,41,37
239,222,41,37
239,222,41,38
241,223,41,39
242,222,42,39
240,221,42,39
242,222,41,39
244,222,40,39
241,221,42,39
244,222,41,38
243,221,41,38
244,220,40,37
244,222,41,39
243,221,41,39
246,222,40,39
245,221,41,38
244,221,40,38
245,222,40,38
246,222,39,38
244,222,40,38
244,222,40,38
245,222,40,37
244,222,40,38
243,222,41,38
244,222,40,38
244,224,40,38
243,222,41,38
243,222,41,38
244,222,41,38
242,222,41,38
244,223,40,37
242,225,39,34
243,225,38,33
247,227,37,32
250,225,37,31
254,226,36,31
258,224,34,31
262,223,33,30
263,222,32,31
261,221,33,31
264,221,32,30
261,222,32,31
259,223,32,31
257,223,32,32
257,223,32,33
251,224,33,34
247,228,33,34
244,230,34,35
242,236,33,34
239,239,33,34
233,237,36,36
231,232,36,36
229,226,36,35
227,217,36,35
227,210,36,35
229,204,35,34
230,202,34,34
230,205,33,33
231,211,32,33
228,219,34,34
227,226,33,33
227,227,33,34
224,219,33,36
225,210,32,35
224,201,33,35
222,198,34,35
223,195,35,35
220,195,36,36
216,204,35,36
217,211,35,38
218,219,35,39
220,220,33,39
220,218,33,38
219,212,34,39
222,209,34,40
225,205,35,39
226,202,37,39
229,204,38,40
230,207,37,41
233,214,37,40
236,215,36,39
238,214,36,39
243,213,35,39
244,211,37,40
253,211,35,39
256,212,37,39
259,212,38,40
265,212,39,40
271,214,39,39
278,215,42,39
282,218,43,40
291,218,42,40
296,217,42,40
306,218,42,39
312,219,43,40
317,219,44,41
323,220,43,41
326,220,44,42
328,219,45,43
335,219,45,42
339,217,46,42
344,216,46,41
346,217,46,43
351,216,46,42
354,216,47,43
359,218,46,43
361,218,47,43
366,220,46,42
370,219,46,43
374,220,47,43
377,220,48,44
381,221,48,44
385,223,48,42
388,220,46,42
387,222,48,42
388,221,47,42
385,221,48,42
382,222,49,42
380,223,49,42
377,225,49,42
373,230,48,40
369,235,48,40
365,235,47,41
363,239,45,41
359,248,42,40
354,249,44,39
351,251,44,39
331,247,47,40
334,246,44,40
325,245,43,37
323,244,43,39
320,243,45,40
315,240,44,38
316,240,43,39
316,241,41,37
313,241,43,38
313,241,44,39
314,244,44,39
314,245,44,37
315,244,43,36
315,240,43,34
309,239,49,35
302,238,55,36
303,238,53,37
301,238,51,35
301,239,52,36
298,241,55,37
314,231,48,41
309,235,47,44
307,233,45,42
305,233,47,42
302,235,47,41
300,238,48,40
295,237,48,39
296,240,47,38
294,239,48,37
292,236,53,36
289,237,52,35
295,234,46,35
292,237,45,36
293,235,44,38
293,237,46,41
296,239,44,45
288,237,43,42
288,235,44,40
287,235,44,41
285,236,43,39
284,236,45,39
283,237,45,40
279,239,47,38
282,240,45,36
279,240,46,37
278,240,48,35
267,239,54,36
273,236,50,35
270,237,50,35
272,238,47,34
280,236,43,35
279,233,46,43
286,233,44,45
271,236,45,45
274,234,44,42
273,235,46,43
271,236,46,44
273,234,44,41
270,236,46,43
269,238,45,43
270,237,45,43
271,236,44,43
271,237,44,44
268,235,44,44
268,236,44,45
269,236,42,44
270,236,42,42
272,238,41,42
271,238,40,42
271,238,39,41
270,240,39,41
271,240,38,39
274,241,37,39
272,240,37,38
274,241,37,38
274,242,36,38
272,241,37,38
274,242,35,36
276,242,34,36
275,242,34,36
274,242,34,37
275,241,35,36
275,242,34,37
275,240,36,37
275,241,35,37
274,240,36,38
276,241,36,38
275,242,36,38
275,240,37,39
275,240,37,39
273,239,37,39
273,240,37,39
274,240,38,40
274,242,37,39
275,239,37,38
274,240,38,38
276,240,37,38
276,241,37,38
276,241,38,38
276,242,38,39
275,241,39,40
275,242,39,39
275,242,41,40
275,239,41,39
276,240,42,38
275,237,41,37
271,238,39,36
275,234,38,35
275,240,36,35
271,239,40,33
271,239,43,31
274,237,46,31
261,236,49,33
260,234,48,35
255,233,49,34
257,237,46,34
259,243,40,34
257,242,37,34
258,244,33,33
256,245,33,33
255,245,33,33
253,246,32,33
248,247,32,32
246,242,33,34
241,242,35,33
228,254,39,39
242,232,39,39
250,232,34,33
245,237,32,34
240,237,32,34
241,235,32,33
244,235,32,31
241,237,33,31
243,233,33,32
244,230,33,32
241,227,35,32
240,223,35,33
238,221,36,33
235,219,36,33
236,218,35,32
233,217,36,32
231,216,36,33
227,215,37,34
227,215,36,33
222,214,37,33
220,214,36,34
216,213,37,34
212,215,38,35
209,217,38,36
203,215,39,37
201,217,39,37
200,218,38,36
195,220,38,35
193,217,39,35
195,216,38,35
194,213,38,36
197,211,38,37
198,210,38,37
201,210,38,36
201,210,38,37
205,210,38,37
208,206,39,39
212,208,38,37
218,209,38,36
224,209,38,37
233,208,38,36
240,208,38,37
248,212,37,36
257,207,37,38
263,205,37,38
270,207,36,36
274,203,36,37
280,203,37,37
284,201,37,38
290,201,37,37
293,200,37,38
301,204,36,36
306,204,35,36
310,202,37,37
315,205,36,36
320,206,36,36
326,207,35,37
335,208,37,36
341,207,37,36
347,208,37,37
357,210,37,36
364,213,38,35
372,212,38,38
378,211,39,39
384,211,39,39
391,213,39,39
396,211,38,39
404,208,38,39
408,208,39,39
415,207,40,40
419,207,40,40
424,208,40,39
430,211,41,39
436,215,41,38
437,216,42,38
434,220,46,36
436,219,41,36
429,221,46,36
416,221,48,36
409,220,47,38
408,222,45,37
395,224,47,38
389,225,46,40
383,226,47,39
372,230,48,39
364,232,49,39
354,238,50,39
346,241,51,39
337,242,50,40
328,246,49,40
323,248,50,41
319,249,50,43
316,248,49,42
312,245,51,43
309,245,50,42
303,244,52,43
301,246,55,45
297,251,56,42
302,251,57,44
288,258,57,43
289,265,55,42
291,267,53,45
290,272,53,44
292,277,52,46
289,281,49,48
287,284,50,49
289,283,49,48
287,289,52,48
288,288,54,48
286,288,54,48
291,290,54,47
291,291,53,47
297,295,52,45
294,298,53,46
295,303,53,45
295,309,52,47
295,316,51,47
293,320,50,50
295,330,49,48
291,339,48,48
290,345,46,49
286,358,45,51
284,366,54,54
271,377,54,54
246,361,54,54
229,380,54,54
219,367,54,54
225,351,55,55
251,369,55,55
234,386,55,55
234,389,54,54
221,378,53,53
218,367,53,53
213,361,53,53
217,348,53,53
218,343,54,54
214,342,53,53
219,343,53,53
217,344,53,53
222,339,53,53
222,339,52,52
218,349,52,52
217,351,51,51
219,339,51,51
216,341,51,51
215,352,51,51
242,384,51,51
266,387,46,41
269,387,47,40
262,384,47,40
262,382,48,41
262,379,49,42
264,374,48,42
265,370,46,43
268,363,48,43
274,355,47,44
279,350,45,43
283,343,46,42
291,343,45,42
284,335,45,46
277,333,48,48
284,327,52,52
298,329,49,51
302,320,53,49
308,300,54,54
309,296,53,53
306,269,54,54
307,249,54,54
311,249,55,55
317,248,54,54
272,230,54,54
287,233,54,54
263,228,55,55
282,225,56,56
276,227,56,56
276,215,56,56
267,202,56,56
283,212,55,55
286,209,55,55
290,206,56,56
293,201,56,56
293,202,55,55
287,198,55,55
305,195,55,55
306,198,55,55
308,193,56,56
313,210,55,55
315,207,56,56
317,207,57,57
313,191,57,57
322,185,57,57
317,192,56,56
319,186,57,57
330,182,58,58
330,181,58,58
329,181,58,58
338,173,57,57
349,188,56,56
363,188,57,57
390,229,57,57
397,241,58,58
404,240,58,58
411,243,57,57
411,235,56,56
412,234,56,56
423,238,48,49
420,237,48,50
432,234,48,50
438,234,49,50
437,235,47,48
455,235,46,47
458,232,45,46
463,230,45,45
465,226,47,46
472,228,47,45
476,226,48,45
478,225,49,45
481,225,48,45
484,225,48,45
489,224,46,44
491,222,47,45
495,222,47,44
498,220,47,44
502,222,46,43
506,223,47,42
507,221,48,42
509,222,50,43
513,222,48,42
512,221,50,42
516,220,46,40
519,220,47,40
520,218,47,41
521,219,46,42
522,219,47,42
520,218,48,43
523,219,46,41
524,219,47,41
523,220,46,41
529,219,45,41
524,218,47,42
528,218,44,40
529,218,46,42
528,218,45,41
531,219,45,42
526,219,46,42
527,218,47,42
528,217,47,42
529,217,46,42
526,218,48,42
529,218,48,40
530,217,47,41
531,218,47,41
531,216,47,41
531,217,47,42
528,217,48,42
530,216,48,44
528,218,49,44
525,219,47,45
524,219,47,45
525,219,49,44
525,218,47,43
525,217,48,44
524,219,48,44
524,219,49,45
525,219,48,43
524,218,48,43
526,219,48,43
527,219,49,42
528,220,48,41
529,220,48,43
527,219,48,42
529,218,48,43
529,220,48,42
528,220,50,43
530,218,49,44
532,219,48,43
535,219,48,44
535,220,49,44
534,220,48,43
534,221,48,42
535,222,48,42
534,223,47,43
530,223,46,43
527,225,44,44
530,228,40,44
526,226,39,45
522,226,45,42
512,225,51,42
505,231,54,43
504,238,50,43
477,237,57,42
468,237,56,42
462,238,55,42
455,237,55,42
445,236,55,42
439,230,56,44
433,226,55,44
423,222,57,44
416,218,56,45
409,212,56,46
403,211,56,47
397,215,57,45
392,217,56,46
392,223,55,46
387,227,55,46
386,231,51,47
386,240,52,45
387,246,53,46
386,251,51,45
390,253,50,45
388,253,48,45
379,251,53,53
381,243,53,53
389,218,52,52
395,195,52,52
397,196,52,52
398,214,52,52
407,224,40,46
399,223,42,43
401,225,41,42
401,225,40,41
398,225,39,41
395,225,38,40
393,224,38,41
389,222,38,36
383,224,40,38
378,226,40,37
375,224,41,39
371,224,41,39
368,220,42,38
366,216,42,37
367,212,42,37
368,211,41,36
362,208,43,37
361,209,43,36
360,209,42,35
359,207,42,35
359,206,42,35
360,206,42,34
357,206,42,34
355,207,42,34
356,205,42,34
358,206,41,34
356,207,41,34
354,206,41,34
354,204,42,34
352,201,43,35
350,199,44,36
351,198,45,36
352,198,44,36
351,198,44,37
349,201,44,38
350,206,43,40
348,213,45,39
345,211,46,40
345,206,47,41
345,196,48,42
341,187,50,42
341,182,50,42
341,181,50,40
341,182,49,42
342,184,48,44
344,193,46,44
344,202,46,44
345,204,48,42
359,190,45,45
346,190,50,44
349,181,48,43
354,177,48,43
355,177,47,43
354,180,47,44
350,189,48,48
359,195,43,47
362,206,44,40
359,208,50,40
359,210,51,38
355,207,52,37
359,202,54,36
371,198,50,36
363,194,53,39
376,192,52,37
351,193,55,55
374,201,55,38
386,205,51,40
385,197,54,54
387,212,47,46
385,211,46,46
386,207,46,44
387,206,47,43
387,207,48,41
389,208,49,42
390,207,50,43
392,210,50,43
393,214,51,42
396,215,49,43
392,217,51,42
392,219,51,43
392,222,50,42
393,224,49,42
395,227,50,43
394,227,51,44
395,229,51,45
396,230,49,45
396,230,48,43
397,226,48,41
401,226,48,39
403,224,49,41
403,223,49,41
404,225,48,40
402,224,47,40
407,222,47,42
402,224,50,41
396,227,51,38
401,227,52,41
399,227,52,41
401,227,53,42
398,226,51,42
398,229,49,43
400,227,48,42
400,229,49,42
398,229,50,41
399,228,51,41
400,227,50,42
401,229,51,41
403,229,50,41
403,229,50,40
407,227,49,42
405,229,50,40
404,228,51,39
402,229,51,39
404,228,49,40
403,228,50,41
404,228,49,39
403,228,49,39
400,228,50,39
401,228,49,39
402,227,47,38
400,228,49,39
396,229,49,39
394,228,50,40
393,227,50,39
392,227,49,39
389,229,50,40
384,227,52,41
383,226,51,41
384,225,50,40
381,225,49,41
379,226,48,40
377,227,48,38
375,226,48,39
376,227,46,40
375,228,46,38
373,228,47,40
372,230,46,38
374,232,45,38
373,235,46,39
373,233,47,40
373,233,46,41
378,234,46,43
382,236,46,43
381,236,50,44
388,235,46,43
385,236,48,42
382,238,51,41
381,239,52,41
381,238,50,41
378,236,50,40
377,233,50,41
377,227,50,40
375,223,51,42
375,216,51,43
373,212,51,42
372,211,50,41
369,209,50,41
370,209,50,40
368,208,51,40
367,207,51,40
365,208,51,41
365,208,50,40
362,209,51,40
362,206,53,41
360,207,52,41
357,206,53,41
356,207,53,41
355,205,54,42
354,206,53,41
352,205,52,42
353,204,52,42
348,205,54,42
351,205,53,43
348,205,53,43
346,205,54,43
346,204,53,42
343,204,54,42
345,206,53,42
342,204,53,42
342,204,53,42
343,203,52,42
339,204,54,42
339,204,54,41
340,203,53,42
336,203,55,42
334,203,55,43
334,200,55,43
338,201,52,44
332,201,53,43
332,203,53,44
333,200,52,43
332,201,52,45
328,199,54,48
329,206,49,44
327,203,51,46
324,203,52,43
323,202,52,43
323,199,52,45
319,199,54,46
319,199,53,46
318,199,53,46
318,198,53,46
316,197,54,47
317,196,53,45
316,197,52,45
316,197,51,44
313,196,52,44
315,195,51,44
312,194,52,45
311,196,52,44
312,194,52,45
309,195,54,47
309,194,53,48
305,193,54,47
307,193,56,47
305,194,55,47
302,192,54,47
302,194,55,46
301,194,54,46
300,193,54,46
297,194,54,45
295,195,55,46
294,194,55,46
292,194,54,45
290,195,55,45
288,196,55,46
286,195,55,46
288,196,53,47
289,199,50,47
290,204,48,47
290,197,51,49
288,197,56,49
285,199,60,46
284,202,61,47
284,203,58,48
283,205,57,48
282,208,58,48
279,212,59,46
282,213,57,45
279,213,58,46
279,212,58,46
278,210,58,45
277,205,57,45
275,199,58,46
273,195,57,47
274,192,57,46
272,192,57,47
271,194,57,47
273,198,55,45
273,202,53,44
276,209,55,44
277,214,53,44
275,217,52,44
281,225,49,42
284,231,48,41
289,233,48,42
290,232,47,43
290,221,52,52
306,213,51,51
298,203,51,51
305,205,42,41
310,203,42,44
311,202,42,42
310,200,44,41
303,202,46,41
303,203,44,40
302,205,43,40
301,206,40,43
299,208,40,41
299,207,39,41
296,209,40,43
294,209,40,43
289,208,41,42
287,206,41,40
284,204,42,40
281,203,42,40
277,201,43,40
278,197,42,40
276,195,42,38
275,193,42,38
275,191,42,39
275,186,43,37
274,188,42,37
275,185,42,37
274,184,42,37
274,184,42,36
275,185,42,36
274,182,42,36
277,182,42,36
277,183,42,36
279,182,41,34
280,183,41,35
278,182,43,36
278,180,43,36
278,179,42,36
278,178,43,37
278,178,43,37
277,176,42,37
276,177,43,36
276,176,42,36
273,176,42,36
271,175,41,36
270,177,41,36
265,180,43,37
265,184,41,35
261,182,42,35
263,180,41,35
262,179,42,36
262,179,42,36
259,180,41,35
259,183,39,37
257,188,39,37
260,193,39,37
262,195,38,36
263,196,41,36
261,190,42,36
261,187,41,36
261,183,42,36
260,180,43,36
261,176,43,36
263,175,43,36
264,176,43,36
264,177,44,36
263,177,44,37
265,176,44,37
265,178,43,36
263,177,43,38
266,180,42,37
266,179,42,38
272,179,40,39
275,176,40,37
271,174,44,38
277,177,45,37
280,179,47,35
285,178,47,34
289,178,47,35
290,181,47,34
293,184,50,34
298,180,49,49
303,182,49,49
323,188,44,39
322,183,41,40
325,184,41,38
334,188,39,37
339,184,39,39
342,185,39,37
348,184,39,39
352,183,40,39
357,186,40,39
359,186,41,39
362,188,41,39
365,189,42,39
368,190,42,39
371,194,43,37
374,195,43,37
375,195,44,40
374,201,43,39
374,200,46,39
379,204,43,39
371,205,47,47
358,207,47,47
348,205,48,48
342,206,48,48
344,214,48,48
356,261,49,38
357,264,48,37
349,268,48,38
339,271,47,40
332,278,45,41
322,279,49,49
313,282,48,48
301,287,48,48
296,287,47,47
274,298,47,47
269,298,47,47
254,302,47,47
243,309,49,37
236,307,47,36
230,305,48,37
220,290,47,47
218,291,45,38
214,290,43,38
209,288,43,39
206,291,44,41
200,298,45,40
194,303,44,40
185,310,45,39
184,308,44,38
176,305,46,38
175,298,43,39
173,293,42,38
172,293,41,38
169,293,40,40
163,300,42,44
158,307,43,43
154,317,42,42
154,324,40,39
154,326,40,39
152,326,40,38
152,323,40,38
153,323,41,37
158,322,39,36
161,323,39,36
164,326,38,36
169,330,39,36
173,334,39,39
177,345,38,38
179,348,39,38
184,344,39,39
184,339,40,40
183,335,40,39
180,333,43,40
182,329,41,38
179,332,42,40
178,331,41,38
176,334,40,38
173,340,41,39
175,342,40,38
177,347,39,39
178,349,39,39
184,351,39,39
196,354,38,38
200,360,40,38
210,368,42,37
220,379,44,37
235,393,47,35
251,400,45,45
265,414,44,44
294,426,44,44
315,436,44,44
331,445,45,45
363,455,45,45
386,463,46,46
416,464,53,37
434,479,47,47
460,489,54,35
484,491,53,37
506,495,55,37
530,496,56,38
548,498,55,37
573,497,55,38
587,498,54,37
604,498,55,37
628,497,57,38
642,494,57,38
660,492,56,38
673,490,58,39
686,488,58,38
698,487,57,37
716,486,56,37
730,484,54,37
740,480,53,36
751,478,54,38
761,477,53,36
770,474,53,36
776,473,53,35
784,470,53,36
791,468,52,36
799,465,51,36
801,465,54,36
807,463,54,36
812,460,53,36
817,457,53,37
819,456,56,37
824,452,55,37
824,450,59,38
829,444,58,39
832,441,59,39
834,438,60,40
835,435,60,39
837,433,59,41
839,427,59,43
842,426,59,42
841,422,59,43
842,420,60,44
845,418,57,43
844,418,57,43
844,416,56,44
846,414,54,45
841,416,55,44
835,415,56,44
834,411,54,47
831,411,52,45
826,411,54,46
823,408,54,46
819,406,54,46
815,404,53,45
807,400,54,47
803,396,52,46
797,393,52,46
791,390,53,44
783,385,54,44
775,382,54,43
767,374,53,44
761,370,53,43
751,366,54,43
736,364,56,43
723,357,58,43
712,354,62,43
695,350,65,43
683,345,66,44
665,344,67,46
651,339,65,46
633,336,67,47
620,335,67,48
605,334,67,46
590,331,68,47
576,326,68,48
563,326,70,48
551,321,70,48
542,321,69,47
531,318,68,46
519,314,67,47
507,311,66,48
500,310,67,47
492,308,67,46
485,306,66,47
477,304,68,47
471,300,70,47
465,299,70,47
458,296,72,49
453,293,71,51
449,292,70,50
444,292,73,50
442,288,73,52
439,288,74,51
438,285,72,51
437,285,73,51
436,284,73,50
436,282,74,51
436,280,74,52
440,280,71,51
440,278,72,52
436,278,73,51
434,275,73,51
438,275,70,50
436,275,71,50
435,275,71,50
435,272,72,52
433,271,72,53
421,268,77,55
421,267,76,55
418,265,76,56
407,267,79,54
405,266,77,54
434,270,64,56
433,267,63,58
437,269,61,60
436,271,60,58
441,273,58,57
440,273,60,57
441,271,59,56
439,273,57,53
438,273,55,53
445,275,56,51
443,274,57,51
450,274,57,51
443,271,65,65
455,275,57,53
451,269,62,53
458,262,65,52
460,261,64,53
463,262,63,52
466,265,64,51
467,264,63,51
476,264,61,48
483,257,60,54
487,260,58,52
481,263,59,51
475,263,57,53
467,264,54,55
457,265,56,54
452,263,57,54
453,267,53,52
447,270,53,51
439,265,54,55
434,268,53,54
428,266,55,55
421,270,59,55
417,269,60,55
413,266,59,52
407,268,58,53
409,271,58,52
413,270,57,53
398,263,59,56
394,263,63,57
401,264,65,56
382,260,64,56
381,260,65,56
400,261,62,56
391,262,65,57
382,262,65,57
385,261,63,58
362,262,68,56
359,264,69,55
357,265,67,54
361,266,67,54
370,263,67,57
367,263,69,57
377,261,67,59
350,261,73,56
346,261,72,55
353,262,69,51
355,262,66,49
359,262,65,49
365,260,65,50
368,257,63,50
371,258,62,50
367,251,67,67
370,260,62,51
372,264,63,51
379,261,59,53
379,260,60,54
375,264,60,54
372,265,60,54
375,266,60,54
375,265,60,54
372,270,59,53
369,273,62,54
370,274,63,53
370,277,63,55
370,282,62,53
366,284,63,52
368,286,62,52
365,285,61,52
360,293,61,51
357,293,60,52
353,295,59,53
346,298,58,50
345,301,60,51
344,301,64,53
346,303,61,52
344,304,61,50
338,310,62,49
318,313,64,49
313,319,67,50
312,326,69,51
336,330,63,50
337,330,60,51
341,332,61,52
330,334,62,51
329,333,64,52
325,331,67,54
322,334,67,52
322,333,68,54
305,336,71,52
300,339,71,50
297,336,71,50
303,336,70,49
304,335,69,50
305,340,70,49
303,337,72,49
308,338,72,49
313,340,70,51
321,337,68,52
340,341,70,54
327,342,71,53
321,342,73,53
319,337,67,52
339,342,66,53
333,339,68,53
333,339,69,53
337,346,70,54
342,350,68,54
354,347,62,57
365,344,60,59
362,347,59,55
355,344,60,55
358,348,60,54
353,348,61,54
342,353,66,54
333,356,71,55
329,359,69,56
324,361,70,58
310,349,75,63
306,348,79,79
308,360,72,62
300,366,71,63
286,369,70,61
276,371,73,62
266,372,74,58
250,370,78,59
244,364,70,59
242,365,68,55
237,359,67,59
246,357,64,59
244,354,63,61
242,356,64,61
246,353,62,62
241,354,62,61
239,353,64,61
236,352,64,60
236,352,64,59
236,350,64,60
235,348,64,60
236,346,63,61
239,347,62,61
235,345,64,61
235,343,63,61
238,341,62,61
234,344,64,60
233,340,62,60
233,340,63,61
234,338,63,61
231,337,64,62
230,336,65,62
228,337,65,62
227,335,63,60
228,336,62,58
225,334,61,58
229,334,58,56
229,335,58,57
229,335,57,56
228,334,58,56
224,332,58,56
226,333,57,56
221,332,59,57
223,331,59,58
221,331,59,57
220,331,59,57
218,331,60,56
219,332,59,56
214,328,62,57
213,329,65,57
212,329,67,59
212,328,65,59
209,327,62,56
213,330,60,55
213,329,59,54
212,330,59,55
213,329,59,56
207,328,61,56
211,328,59,56
211,330,60,56
207,328,60,56
205,329,61,56
207,328,61,57
204,328,61,57
203,328,62,57
204,329,60,56
205,331,61,56
205,330,60,56
202,329,60,56
200,329,62,56
203,329,61,57
200,329,61,57
203,331,60,56
199,330,61,56
203,331,59,56
199,331,62,57
198,332,61,56
196,333,61,55
196,333,61,55
193,334,63,56
187,334,65,56
185,337,65,55
185,337,65,55
178,338,68,55
189,338,64,55
190,338,62,55
182,341,64,53
175,342,67,54
188,342,63,53
187,343,62,53
191,343,62,53
184,345,64,53
184,346,62,53
183,347,63,53
179,349,64,53
183,348,63,53
183,348,62,54
173,350,65,53
179,351,63,53
181,353,63,52
180,353,64,53
184,355,62,52
182,356,62,52
177,358,65,52
184,357,62,51
174,360,64,51
175,362,62,49
172,362,63,49
182,363,60,49
175,365,62,48
172,365,62,49
174,367,61,48
172,366,61,49
172,368,61,48
169,369,62,48
170,370,62,48
174,373,59,46
173,372,61,47
172,373,61,47
167,375,63,47
173,377,61,46
179,377,57,46
173,377,59,46
169,377,61,46
174,378,59,45
173,378,60,45
171,379,60,44
176,381,59,44
173,379,60,45
173,377,59,45
175,377,59,45
173,377,59,45
176,375,58,45
177,375,58,45
178,372,57,45
175,371,57,45
176,370,57,45
172,369,60,46
177,367,58,46
177,366,58,45
175,364,58,45
173,362,58,45
174,359,58,45
181,356,55,46
174,354,57,45
175,354,57,43
177,352,55,43
171,349,57,43
175,347,55,42
177,343,55,43
176,343,55,43
172,340,56,43
173,338,57,43
173,336,56,42
174,335,56,42
176,332,56,43
176,330,57,44
173,329,58,44
174,326,57,44
175,326,56,42
173,325,55,42
175,322,55,42
177,321,54,42
179,321,53,41
177,320,53,41
180,319,53,41
180,318,53,41
178,317,54,41
177,317,55,41
177,316,56,41
180,315,55,42
181,313,54,42
180,313,54,42
180,313,55,42
181,312,55,42
183,312,54,41
181,311,55,41
182,310,54,42
186,308,53,42
182,306,55,43
182,306,55,43
184,306,54,42
184,306,54,42
183,304,56,43
186,304,54,43
185,304,56,43
185,304,55,43
186,304,55,42
189,303,53,42
185,304,55,42
185,303,54,42
188,303,54,42
189,302,53,42
187,302,55,42
191,301,53,43
189,302,55,42
188,300,55,43
190,300,54,44
189,299,55,43
191,300,54,42
191,300,55,42
188,301,57,42
193,299,54,42
189,297,55,43
189,298,55,43
191,297,55,42
188,298,57,42
191,299,55,42
189,298,57,43
192,298,56,44
194,296,55,44
192,295,58,46
193,295,57,45
194,295,58,46
194,294,56,45
195,294,56,45
193,293,58,45
196,293,57,46
196,293,58,45
197,291,57,47
196,294,58,45
198,290,57,47
195,292,58,45
197,290,58,46
201,291,57,46
201,290,56,46
198,291,58,45
201,288,56,45
198,287,58,44
198,286,59,44
200,284,58,44
204,282,56,43
205,280,57,44
209,278,57,44
210,275,59,44
216,272,58,44
201,270,63,44
203,269,65,45
208,268,65,45
222,267,64,46
232,265,60,46
238,264,61,49
252,266,60,50
257,268,62,50
272,267,59,59
279,271,63,51
292,275,64,49
305,278,64,50
295,266,61,61
302,273,62,52
305,278,64,53
296,283,60,52
283,294,55,50
277,295,58,50
283,297,57,50
282,294,57,50
271,283,66,66
282,293,58,50
283,292,57,51
283,276,65,65
282,290,58,51
281,290,59,52
279,288,63,52
286,284,62,51
284,292,61,49
282,291,60,49
282,291,60,49
281,289,60,51
283,292,63,50
284,275,62,62
282,279,63,53
298,248,57,55
290,253,57,55
284,274,60,51
280,276,58,51
287,258,51,50
289,251,51,50
292,247,51,50
291,241,51,51
292,240,52,50
291,238,51,49
294,236,50,48
293,232,50,48
292,231,50,47
294,228,51,48
293,231,50,48
296,230,50,48
294,233,48,46
296,229,48,47
295,226,49,48
298,227,50,48
299,228,50,49
303,224,50,49
303,223,50,48
306,223,51,49
309,222,51,49
313,223,50,49
316,223,49,48
321,225,49,48
324,221,50,48
330,221,49,47
333,223,48,47
339,222,48,48
339,226,48,46
346,224,48,47
351,226,49,46
357,229,47,45
361,230,47,45
368,228,48,45
369,232,48,44
378,233,46,44
385,230,46,45
390,228,46,44
395,224,46,44
399,223,47,43
406,222,46,42
412,227,45,42
419,230,45,43
426,238,46,44
435,245,49,43
444,240,47,43
451,229,47,44
460,220,43,43
464,213,43,44
464,205,45,46
472,206,43,45
472,211,45,48
478,214,46,48
489,217,47,50
499,222,47,50
508,228,47,49
487,237,53,43
482,234,57,43
505,217,47,47
502,209,46,47
494,207,49,47
488,202,49,48
478,202,52,48
476,202,50,48
472,207,50,48
472,212,50,48
470,219,52,48
466,218,53,49
471,213,52,53
468,201,51,52
465,188,51,49
465,181,52,48
467,178,52,47
465,179,51,46
464,183,51,46
469,189,51,46
467,197,49,44
465,203,49,44
464,200,49,45
464,192,48,46
460,180,48,47
461,170,47,45
460,170,49,44
460,170,49,44
458,173,49,43
457,176,48,44
457,185,47,44
459,195,45,43
459,194,44,42
461,192,45,41
466,186,46,42
467,178,47,43
473,174,46,44
477,172,46,44
478,173,47,44
481,178,48,46
487,184,47,46
489,194,49,45
492,197,50,47
493,195,52,48
492,186,49,50
491,177,50,51
490,172,50,50
486,170,51,50
485,171,50,49
482,175,50,50
476,180,51,51
476,193,52,50
474,197,53,50
476,194,51,51
477,181,49,52
477,166,47,51
480,161,48,50
477,154,51,50
476,153,52,49
475,154,51,47
474,158,51,48
475,164,50,47
476,172,51,51
476,183,51,51
475,187,49,49
477,184,49,51
477,177,48,48
477,172,49,48
473,166,49,48
471,166,49,50
468,169,50,49
467,176,49,48
467,183,48,50
466,196,48,50
465,197,48,49
468,193,48,49
471,188,48,50
474,179,47,50
477,173,47,49
478,171,47,47
480,171,48,47
482,176,48,49
486,182,48,49
489,192,47,48
492,202,47,47
495,209,49,46
501,204,45,45
498,196,45,43
495,188,47,45
494,184,48,44
492,181,48,44
494,182,47,43
490,186,47,44
486,194,47,45
488,203,46,46
482,214,48,46
482,220,48,44
480,219,47,43
479,217,46,43
480,206,45,45
478,203,45,44
475,200,46,44
470,202,48,44
466,209,51,47
459,218,48,45
454,223,49,43
455,225,48,44
452,226,49,43
447,225,47,44
447,222,44,42
442,223,45,41
444,217,45,44
442,215,49,44
444,218,48,43
438,222,51,40
430,211,55,55
438,212,55,55
443,220,55,55
450,228,53,46
459,227,53,47
455,224,52,46
458,225,51,45
461,224,49,44
464,224,50,45
464,223,50,46
460,223,51,46
454,224,55,46
454,223,54,47
453,228,53,47
451,226,53,47
445,222,55,48
445,221,55,49
439,217,55,47
429,209,52,42
421,201,50,40
422,201,50,41
424,202,51,41
419,205,52,41
419,205,54,43
418,205,53,43
415,206,53,43
416,205,52,42
414,206,50,43
413,205,50,44
408,198,55,55
412,203,51,45
413,202,51,45
411,201,51,46
412,202,52,45
411,202,52,44
410,202,52,44
410,203,52,44
410,203,49,44
409,207,52,44
410,210,58,44
404,204,55,55
408,212,57,44
401,213,58,44
424,219,54,44
435,221,53,43
438,221,50,45
435,219,53,44
436,217,51,44
435,217,51,44
431,211,51,46
437,212,53,42
430,213,56,43
434,216,55,38
432,218,49,37
424,206,54,54
417,217,51,43
414,222,52,43
413,224,49,40
405,224,49,41
400,224,48,41
395,222,46,43
390,219,45,44
397,211,41,43
395,203,43,42
393,196,42,42
392,194,43,41
391,193,43,40
391,193,43,40
388,196,44,40
377,204,48,37
381,202,46,37
356,189,52,52
382,202,47,37
