1112,888,55,58
1118,888,55,57
1125,887,55,59
1131,886,56,59
1138,885,54,59
1144,885,55,58
1150,885,55,58
1155,885,54,58
1159,884,53,57
1162,883,54,58
1166,883,52,58
1169,883,52,57
1172,883,50,57
1174,882,49,57
1175,881,50,57
1177,880,49,57
1177,880,49,58
1179,879,48,58
1179,879,48,58
1179,878,47,59
1180,877,45,58
1179,876,46,58
1179,876,46,58
1178,875,47,58
1178,874,46,58
1178,874,45,58
1177,874,46,59
1176,874,46,59
1176,874,44,58
1175,873,45,58
1174,872,46,59
1173,872,45,59
1171,872,46,59
1170,872,45,58
1170,872,44,58
1169,873,45,58
1168,872,44,58
1167,873,44,57
1166,872,45,59
1166,873,45,57
1166,873,44,57
1165,873,44,56
1164,872,44,58
1164,873,44,58
1163,873,44,58
1163,873,43,58
1162,873,43,58
1161,874,45,56
1161,873,44,57
1160,873,45,58
1159,873,45,59
1160,873,44,58
1159,873,43,58
1159,873,44,59
1160,873,44,58
1161,873,43,57
1161,873,44,58
1162,873,44,57
1161,872,43,59
1162,872,43,58
1162,872,43,58
1162,870,44,59
1162,870,44,58
1163,870,44,59
1162,869,44,59
1162,869,44,59
1163,869,44,57
1163,869,44,58
1163,867,44,58
1163,867,43,58
1163,867,45,58
1164,866,43,59
1163,865,46,58
1164,864,44,58
1164,864,44,58
1164,864,45,58
1165,864,45,58
1165,863,44,59
1166,864,45,57
1167,863,45,58
1168,863,46,58
1170,863,46,57
1172,862,47,58
1175,863,46,57
1176,862,47,58
1177,861,46,59
1179,862,45,57
1180,861,45,57
1180,861,46,59
1181,860,46,58
1181,860,46,57
1182,859,46,59
1182,860,46,58
1183,860,45,57
1183,860,45,57
1184,860,46,57
1184,859,45,56
1184,859,45,57
1184,860,46,57
1184,860,45,56
1185,859,44,56
1185,859,44,57
1185,859,44,57
1186,859,44,57
1186,860,44,56
1187,860,44,58
1188,860,44,57
1189,859,43,58
1189,860,44,58
1190,861,45,56
1191,860,43,57
1191,860,43,58
1193,861,42,56
1193,860,43,58
1193,860,42,59
1194,861,42,57
1194,860,43,58
1195,861,42,57
1195,861,43,58
1196,861,42,58
1196,861,42,57
1196,861,44,58
1197,861,43,58
1197,861,43,58
1197,861,44,58
1198,861,43,58
1199,861,43,58
1199,862,44,57
1200,863,43,58
1202,864,43,57
1202,865,44,57
1203,865,44,58
1204,865,43,58
1204,864,44,60
1205,866,44,58
1205,866,45,58
1207,867,45,57
1207,867,45,58
1208,869,45,58
1209,869,44,58
1210,869,45,59
1210,870,45,58
1210,869,45,60
1211,870,44,59
1211,870,45,60
1212,871,45,59
1212,872,45,59
1212,872,45,59
1212,872,45,59
1213,872,45,59
1213,872,45,59
1213,872,46,61
1213,872,46,60
1214,873,45,61
1214,872,45,62
1215,873,46,61
1214,873,47,61
1214,874,48,61
1214,874,48,61
1213,874,49,61
1213,876,50,60
1214,876,50,59
1215,876,47,59
1215,876,50,60
1217,877,46,59
1217,877,47,60
1217,877,47,58
1217,877,47,59
1216,877,47,59
1216,876,45,60
1215,877,44,60
1215,877,41,60
1216,877,41,60
1216,878,39,60
1218,877,41,61
1219,878,42,62
1200,875,57,59
1201,872,54,57
1203,873,52,57
1199,881,58,60
1196,874,59,61
1199,878,59,61
1208,878,49,63
1208,879,49,61
1211,880,48,61
1209,880,50,61
1218,882,49,58
1208,880,52,59
1201,879,57,59
1203,880,50,60
1203,881,48,59
1205,882,47,59
1205,882,47,58
1205,884,46,57
1205,884,45,56
1206,885,44,55
1209,888,43,54
1207,886,43,53
1209,886,42,53
1210,887,42,52
1205,888,42,52
1207,887,41,51
1206,886,40,50
1208,887,39,50
1207,886,39,50
1206,887,39,50
1209,887,38,49
1209,887,38,48
1209,889,37,47
1209,887,37,47
1207,885,37,48
1208,886,38,48
1208,886,37,47
1208,886,38,47
1208,887,37,47
1208,886,38,47
1210,887,37,47
1210,888,37,47
1211,887,37,46
1212,890,35,44
1212,889,36,45
1212,890,36,44
1213,890,35,43
1212,890,34,43
1213,890,34,42
1214,890,34,42
1215,890,34,42
1215,890,33,42
1216,890,33,42
1217,891,33,41
1217,891,32,40
1217,891,32,41
1218,891,32,41
1218,892,32,39
1219,892,32,39
1219,890,32,39
1220,891,33,40
1220,889,33,41
1220,889,32,40
1221,889,33,40
1220,888,32,40
1221,888,32,40
1222,887,32,40
1222,887,33,39
1222,886,32,40
1224,885,32,40
1224,885,32,40
1224,885,32,40
1226,885,32,39
1226,884,32,40
1226,882,32,40
1227,882,31,40
1227,881,32,40
1228,881,32,40
1227,878,32,40
1229,879,32,39
1229,876,32,40
1229,877,32,40
1230,875,31,39
1229,873,31,39
1230,871,31,39
1231,870,31,38
1230,869,32,39
1230,866,32,40
1230,863,32,42
1231,861,32,41
1231,859,33,42
1231,857,33,42
1232,854,33,42
1232,854,32,41
1232,850,33,42
1232,848,33,43
1232,847,33,42
1232,845,33,41
1233,843,32,42
1233,841,33,43
1232,838,34,44
1233,835,34,44
1233,834,34,43
1232,832,34,45
1234,829,34,44
1232,825,35,45
1231,823,34,45
1231,822,35,45
1232,819,34,45
1233,817,34,45
1233,814,34,45
1231,812,35,45
1231,810,35,46
1231,808,35,45
1232,808,34,45
1232,804,35,47
1232,802,35,46
1231,799,36,46
1231,797,36,45
1231,796,35,45
1230,793,36,46
1231,792,36,45
1230,788,36,46
1230,786,36,46
1230,786,36,45
1231,782,36,46
1230,782,36,46
1229,780,35,46
1228,779,35,46
1227,778,35,45
1226,775,35,45
1226,775,34,44
1227,774,34,44
1226,774,34,44
1226,771,34,44
1225,770,34,44
1225,769,34,44
1226,768,34,45
1226,766,35,45
1226,766,36,43
1224,764,36,45
1224,764,36,45
1225,763,37,46
1225,764,36,45
1225,763,36,46
1227,764,35,45
1226,764,36,45
1226,765,37,45
1227,765,36,46
1228,767,36,45
1227,767,36,46
1227,767,37,46
1228,768,37,46
1228,768,37,47
1228,768,36,46
1230,770,36,46
1229,769,37,47
1230,771,37,46
1231,773,36,45
1230,773,36,45
1231,774,37,45
1232,776,36,43
1232,776,36,44
1233,776,37,45
1234,777,37,45
1232,778,38,46
1235,778,36,45
1235,778,37,45
1237,779,37,46
1237,780,37,46
1238,781,37,46
1240,782,38,46
1241,783,38,47
1241,782,38,47
1240,783,37,47
1240,784,38,47
1241,786,38,47
1241,785,38,47
1241,786,36,47
1243,786,36,47
1242,786,37,47
1242,788,36,47
1243,788,35,46
1244,788,34,47
1245,791,35,45
1246,792,34,46
1248,793,35,46
1246,791,35,47
1247,792,35,46
1247,793,35,46
1248,794,36,46
1248,795,37,46
1249,796,39,46
1251,797,38,47
1249,795,39,49
1252,795,40,50
1253,795,39,51
1252,797,39,48
1253,800,38,46
1253,800,37,46
1256,801,36,46
1255,801,37,46
1256,802,37,47
1258,803,37,47
1260,803,38,47
1260,804,37,46
1259,803,37,48
1259,805,37,48
1261,806,38,47
1261,807,37,47
1260,807,37,47
1261,808,37,47
1260,808,38,49
1261,807,38,49
1262,809,38,48
1261,807,38,48
1262,809,38,49
1260,810,39,49
1262,810,39,49
1261,810,39,49
1262,810,40,49
1260,810,40,50
1259,810,39,50
1258,811,39,51
1258,811,38,50
1260,812,38,49
1260,812,38,49
1260,814,38,48
1260,813,38,48
1259,814,38,48
1259,814,38,49
1258,814,38,48
1257,813,38,48
1258,813,38,49
1258,814,38,48
1257,812,38,49
1257,813,39,49
1256,811,40,51
1256,813,40,51
1257,810,40,51
1255,810,40,51
1257,810,39,50
1258,811,40,49
1258,811,39,49
1256,809,39,50
1258,809,39,50
1258,810,38,49
1257,810,39,49
1258,809,39,50
1258,810,39,50
1258,811,39,50
1258,809,40,50
1256,810,39,50
1258,809,40,50
1257,810,39,51
1258,810,40,51
1257,810,40,51
1258,810,40,51
1257,812,40,51
1257,811,40,52
1256,810,40,52
1255,811,40,52
1256,811,40,52
1257,811,40,52
1256,812,40,51
1256,812,40,51
1256,812,39,50
1258,813,38,50
1257,814,38,49
1258,814,38,49
1257,812,39,50
1257,813,39,50
1256,813,39,51
1256,813,39,50
1258,813,39,51
1258,812,39,50
1258,812,38,50
1257,811,39,50
1257,812,39,50
1257,812,39,50
1258,812,40,51
1257,812,39,51
1257,811,40,51
1257,812,40,50
1258,813,39,49
1258,812,39,49
1257,812,39,49
1257,813,39,49
1257,813,39,49
1257,813,39,49
1258,812,38,49
1257,812,38,50
1257,813,38,49
1257,812,38,49
1257,813,38,50
1256,813,38,49
1256,813,38,49
1257,813,38,49
1256,812,38,48
1256,813,38,49
1257,813,38,49
1258,815,38,49
1257,813,37,48
1257,814,37,48
1257,815,37,48
1257,814,37,49
1257,815,37,48
1257,814,37,48
1258,815,37,49
1257,815,37,48
1258,816,37,47
1258,814,37,48
1257,815,37,47
1257,816,37,47
1257,815,37,47
1257,815,37,47
1259,816,36,45
1258,817,36,45
1258,817,36,45
1259,818,37,45
1257,816,36,46
1257,816,36,45
1257,816,36,44
1259,818,36,43
1259,817,36,44
1257,815,36,44
1258,817,36,43
1258,816,36,44
1256,815,37,45
1257,816,36,44
1257,816,36,44
1256,816,36,44
1255,818,35,43
1254,817,35,43
1252,816,35,43
1250,816,35,43
1251,817,35,43
1250,817,35,43
1249,815,36,44
1249,815,36,44
1247,815,36,45
1246,813,36,46
1245,814,37,46
1247,815,37,46
1245,813,37,47
1245,813,37,46
1245,812,38,47
1244,814,37,46
1243,813,37,46
1243,812,37,47
1244,812,37,47
1242,812,38,48
1243,813,38,47
1243,813,37,47
1242,812,38,47
1242,812,38,48
1243,812,37,47
1242,812,37,47
1243,810,37,47
1242,812,38,47
1243,812,38,47
1242,811,37,47
1241,811,38,47
1243,810,36,49
1243,810,36,49
1242,811,36,48
1244,811,36,48
1242,810,37,49
1242,811,36,48
1244,810,36,48
1243,811,36,48
1244,810,36,48
1244,809,37,48
1243,810,36,48
1243,810,37,48
1244,811,37,48
1242,809,38,48
1243,811,37,48
1243,809,38,49
1243,808,38,49
1242,808,38,50
1243,808,38,50
1243,809,38,50
1244,808,38,50
1243,808,39,49
1244,809,38,50
1242,809,38,49
1244,808,39,50
1243,809,38,50
1244,809,37,50
1243,808,38,50
1245,809,37,49
1242,810,37,49
1244,809,37,49
1242,808,38,50
1244,810,37,49
1243,808,37,50
1240,807,38,50
1242,808,38,49
1243,807,37,50
1242,806,38,50
1241,808,38,50
1243,808,37,50
1243,807,37,49
1245,809,37,49
1243,806,39,51
1243,806,38,50
1244,806,38,50
1244,807,38,49
1244,807,38,50
1244,806,39,52
1244,804,39,52
1243,805,40,52
1243,805,39,52
1239,805,38,53
1229,801,49,49
1221,799,50,50
1214,796,49,49
1202,798,50,50
1191,801,50,50
1182,796,50,50
1167,790,50,50
1160,798,49,49
1120,824,50,50
1127,819,50,50
1128,817,49,49
1123,807,49,49
1121,825,49,49
1111,811,50,50
1113,829,51,51
1122,821,50,50
1128,823,50,50
1111,802,50,50
1071,777,51,51
1042,791,51,51
997,795,51,51
1005,811,52,52
1005,808,52,52
1005,800,54,54
990,772,55,55
1004,797,55,55
1013,810,55,55
1013,808,56,56
1011,804,55,55
1014,798,55,55
1019,802,54,54
1018,804,54,54
1028,786,54,54
1021,805,55,55
1044,764,55,55
1056,789,55,55
1072,778,55,55
1077,765,55,55
1069,755,55,55
1040,779,55,55
1086,780,55,55
1073,790,55,55
1061,774,54,54
1062,764,53,53
1035,769,54,54
1035,751,54,54
1045,759,54,54
1033,770,55,55
1015,778,56,56
1016,799,55,55
1026,786,55,55
1009,792,56,56
1014,805,56,56
1014,806,56,56
1015,800,57,57
1015,805,57,57
1014,805,58,58
1024,803,53,54
1021,812,55,56
1018,809,55,55
1020,813,54,55
1018,811,55,56
1018,805,59,59
1024,804,52,55
1023,802,54,55
1023,803,52,55
1022,798,53,55
1023,800,53,56
1025,799,53,57
1020,799,56,60
1025,798,53,57
1020,800,58,60
1019,802,60,61
1025,802,59,60
1022,800,61,62
1021,797,59,63
1013,792,62,63
1015,788,60,63
1003,775,64,64
1012,791,59,63
1015,792,57,64
1014,791,57,64
1010,787,59,64
1005,784,63,64
1006,779,62,61
1001,774,65,67
1004,780,62,66
1003,778,63,66
1001,780,65,66
1000,782,66,67
1005,785,65,67
1007,783,63,66
1002,783,66,66
1005,781,64,68
1004,781,66,69
1005,780,66,71
1002,780,69,71
1001,780,69,71
992,779,76,76
987,781,74,74
986,782,74,74
983,781,71,75
983,784,72,74
985,783,73,74
989,783,71,73
992,787,70,74
998,786,68,73
996,788,70,75
1000,788,67,70
1002,788,66,71
1002,788,66,70
1002,789,68,72
1005,789,65,69
1004,788,65,70
1011,792,60,66
1008,790,61,66
998,783,67,64
982,773,77,62
986,774,76,60
985,781,79,63
986,778,79,62
987,780,79,63
993,780,76,63
992,780,79,63
994,781,80,65
995,783,79,66
994,783,79,65
994,784,79,65
992,787,81,67
993,786,81,67
990,788,81,69
985,787,82,68
982,791,82,67
977,788,82,68
968,788,84,70
969,786,81,70
963,786,81,69
951,785,84,69
950,782,81,70
947,792,80,67
943,792,79,64
945,795,75,66
942,795,74,67
947,795,66,69
933,791,71,66
930,792,71,67
927,786,69,68
925,786,69,68
918,787,71,71
913,782,72,71
916,795,70,72
909,786,71,72
912,801,70,74
923,823,66,72
923,823,68,72
927,821,66,72
926,819,71,74
933,813,68,78
915,781,77,71
915,782,80,74
920,789,83,72
915,744,73,73
924,750,74,74
929,746,74,74
931,733,73,73
936,721,72,72
945,720,73,73
950,715,71,71
960,732,71,71
961,712,72,72
965,727,72,72
956,704,73,73
948,719,72,72
976,774,71,71
978,780,71,71
981,798,70,70
974,722,70,70
978,761,70,70
982,765,69,69
962,760,69,69
987,775,68,68
988,763,67,67
983,754,66,66
987,716,65,65
964,736,64,64
968,737,63,63
952,701,63,63
936,693,62,62
902,672,62,62
893,676,62,62
896,675,61,61
894,675,62,62
891,659,61,61
896,678,61,61
891,661,61,61
886,644,60,60
893,663,59,59
892,652,60,60
893,653,62,62
890,650,61,61
898,663,62,62
897,657,62,62
894,649,61,61
896,650,61,61
899,659,60,60
897,659,60,60
901,658,60,60
898,651,60,60
902,652,60,60
897,652,60,60
891,646,60,60
909,643,61,61
894,629,62,62
894,605,62,62
921,610,61,61
944,593,62,62
983,567,64,64
960,620,64,64
942,613,64,64
958,621,64,64
955,595,64,64
979,588,63,63
975,586,63,63
970,589,63,63
963,607,62,62
965,593,61,61
965,587,61,61
964,586,62,62
958,593,60,60
962,588,61,61
963,576,61,61
962,576,61,61
961,570,61,61
962,568,62,62
961,569,61,61
966,568,61,61
960,565,62,62
959,559,61,61
955,549,60,60
956,555,61,61
959,554,62,62
953,540,60,60
955,540,60,60
947,560,61,61
953,539,61,61
958,532,61,61
943,553,60,60
971,550,60,60
939,577,60,60
893,612,61,61
889,603,61,61
897,612,61,61
902,618,62,62
906,621,62,62
924,627,63,63
926,647,62,62
935,658,61,61
936,659,61,61
942,680,61,61
955,705,61,61
970,736,61,61
957,736,62,62
957,735,62,62
962,767,63,63
959,765,64,64
957,763,65,65
959,766,64,64
950,771,64,64
950,777,65,65
944,757,65,65
927,752,64,64
918,716,64,64
915,692,66,66
905,693,67,67
906,694,68,68
924,767,68,68
936,800,68,68
932,761,68,68
910,747,67,67
919,765,64,66
918,758,67,68
921,776,69,65
915,742,68,68
908,740,71,70
899,708,70,70
906,730,73,71
906,738,75,76
902,718,80,70
895,706,81,75
895,706,81,73
896,711,83,76
896,709,82,73
896,712,83,73
893,712,82,72
888,709,84,73
884,708,84,74
883,705,84,75
879,712,84,79
884,725,80,80
867,710,89,81
874,710,80,80
877,724,78,78
865,708,78,78
860,696,78,78
858,692,80,80
857,706,80,80
854,735,80,80
855,729,81,81
850,723,81,81
847,714,82,82
836,702,94,83
838,690,90,84
833,679,87,90
833,686,84,88
829,697,84,84
822,699,88,90
808,707,94,88
806,700,91,90
800,700,90,87
794,702,90,87
787,705,93,86
804,716,85,81
801,712,84,85
795,703,88,88
798,704,86,86
807,712,81,83
804,706,83,82
809,708,82,81
822,706,81,81
820,702,82,80
841,698,81,81
841,690,79,84
845,694,81,83
849,690,83,86
871,721,75,81
868,703,79,79
854,670,80,80
848,665,80,80
845,657,80,80
863,688,80,80
865,702,80,80
855,677,80,80
839,680,80,80
896,652,80,80
931,681,80,80
910,656,81,81
888,653,82,82
915,645,84,84
976,606,84,84
956,513,84,84
947,510,83,83
937,518,79,80
927,507,80,80
918,508,79,79
908,495,82,82
891,500,82,82
899,522,81,81
900,508,82,82
901,503,82,82
919,470,81,81
942,396,80,80
976,369,79,79
935,344,78,78
958,356,76,76
906,318,77,77
917,319,76,76
905,313,76,76
885,352,75,75
839,325,75,75
843,357,75,75
877,396,75,75
863,395,75,75
867,392,73,73
838,432,73,73
810,464,72,72
821,456,72,72
830,437,72,72
844,403,72,72
885,340,71,71
892,313,72,72
896,318,71,71
885,310,72,72
857,302,72,72
903,289,73,73
910,246,73,73
854,308,72,72
854,307,72,72
864,309,74,74
872,309,75,75
866,308,76,76
872,304,76,76
852,293,77,77
851,312,77,77
825,392,77,77
826,384,76,76
792,396,76,76
761,404,77,77
761,434,76,76
738,477,75,75
675,470,75,75
685,480,76,76
710,462,76,76
706,453,75,75
682,421,75,75
665,372,76,76
688,336,75,75
737,374,75,75
730,378,76,76
767,362,77,77
763,358,77,77
704,346,78,78
696,368,78,78
698,382,77,77
701,363,76,76
778,314,76,76
795,328,76,76
819,339,75,75
796,335,75,75
782,286,76,76
770,281,75,75
748,250,76,76
746,256,77,77
740,255,75,75
760,262,76,76
785,264,76,76
760,266,77,77
771,268,77,77
788,276,76,76
796,276,76,76
805,281,76,76
807,290,76,76
827,282,77,77
830,283,78,78
850,286,78,78
863,294,79,79
881,311,80,80
893,298,80,80
890,312,80,80
896,342,81,81
915,318,81,81
925,317,80,80
944,319,81,81
1019,335,81,81
1052,338,80,80
1086,350,80,80
1097,361,78,78
1108,365,78,78
1090,354,79,79
1086,359,79,79
1105,370,80,80
1088,371,80,80
1086,376,81,81
1073,376,82,82
1056,379,84,84
1033,374,85,85
1037,384,86,86
1054,402,87,87
1043,403,86,86
1059,424,85,85
1059,429,85,85
1063,443,85,85
1067,449,86,86
1070,449,87,87
1075,442,87,87
1087,445,86,86
1088,444,86,86
1088,445,87,87
1090,444,88,88
1091,447,88,88
1089,451,89,89
1098,486,89,89
1066,463,88,88
1072,440,89,89
1042,429,88,88
1056,379,87,87
1037,366,87,87
1023,430,87,87
1061,432,85,85
1070,466,85,85
1050,463,85,85
1039,433,86,86
1026,431,85,85
1025,432,85,85
1031,432,84,84
1021,437,84,84
1035,466,84,84
1064,439,84,84
1069,422,84,84
1099,432,82,82
1120,468,81,81
1120,460,81,81
1127,464,66,79
1129,464,64,76
1131,461,63,75
1137,459,63,74
1137,457,64,75
1138,452,65,74
1144,450,63,74
1144,447,62,73
1141,442,64,75
1138,445,64,78
1136,451,65,80
1135,452,66,81
1135,445,67,82
1136,457,66,82
1139,457,67,80
1139,463,67,81
1140,466,65,79
1140,465,64,78
1137,474,65,77
1133,476,66,77
1133,478,66,78
1136,478,66,78
1136,482,66,77
1135,477,67,80
1137,476,68,80
1141,480,67,78
1145,490,65,77
1146,491,66,76
1143,490,69,78
1145,492,67,76
1150,491,66,76
1145,493,69,76
1149,492,68,75
1151,492,68,75
1158,488,69,76
1161,489,68,75
1168,487,69,74
1173,484,67,77
1181,482,67,76
1182,483,67,76
1189,483,66,77
1190,484,66,78
1187,481,67,82
1192,477,68,78
1188,482,69,80
1193,487,69,79
1188,480,70,80
1195,487,70,80
1190,477,72,81
1191,483,72,82
1198,482,73,82
1196,479,74,84
1200,474,76,87
1203,478,79,86
1235,488,87,87
1231,475,82,88
1200,463,88,88
1237,484,88,88
1268,490,68,87
1261,482,87,87
1269,481,71,89
1258,474,76,92
1261,477,74,89
1251,475,74,85
1253,480,74,85
1256,480,73,84
1249,483,78,82
1246,488,80,83
1247,489,80,86
1250,504,77,88
1247,521,72,84
1241,525,72,85
1234,531,77,83
1222,537,87,87
1213,549,83,85
1206,555,81,86
1202,561,79,86
1201,564,85,85
1193,569,80,91
1197,573,76,86
1196,566,76,88
1200,576,78,87
1201,566,78,86
1204,566,79,86
1213,570,81,85
1224,566,80,87
1224,555,83,93
1236,564,90,90
1236,560,81,89
1237,561,83,91
1246,567,92,92
1246,564,85,93
1252,566,94,94
1262,571,80,94
1267,560,81,96
1266,559,83,96
1270,559,85,98
1283,563,87,97
1287,563,88,97
1289,568,90,100
1294,566,90,102
1300,569,88,101
1300,565,86,101
1300,563,85,103
1305,563,82,97
1301,539,89,100
1304,534,87,97
1306,525,84,93
1307,518,80,94
1305,509,81,93
1301,503,83,94
1302,505,78,90
1304,503,77,92
1308,502,73,90
1311,501,68,89
1315,500,67,87
1317,500,70,86
1320,503,74,81
1323,504,73,80
1323,495,75,84
1325,482,78,92
1321,477,80,94
1334,475,77,92
1335,491,78,83
1343,489,75,86
1341,482,77,92
1342,482,79,93
1342,483,79,91
1337,478,83,96
1340,487,82,92
1334,483,85,97
1334,488,85,96
1334,492,85,95
1328,481,81,102
1328,485,84,99
1324,491,81,98
1328,494,73,93
1322,500,88,88
1327,494,67,98
1331,494,71,96
1327,504,89,89
1331,508,89,89
1331,510,89,89
1334,511,89,89
1352,529,89,89
1372,552,89,89
1408,589,89,89
1442,628,89,89
1478,688,88,88
1545,697,88,88
1533,721,72,91
1550,720,77,91
1567,718,75,89
1583,722,71,89
1592,731,80,84
1617,726,69,82
1619,718,76,86
1635,711,70,84
1636,705,71,87
1640,701,74,90
1636,689,78,93
1633,672,79,84
1639,678,78,89
1645,685,75,93
1651,687,72,91
1646,678,72,90
1647,677,72,90
1645,667,92,92
1647,667,92,92
1616,691,94,94
1623,696,94,94
1642,666,92,92
1646,641,92,92
1639,636,94,94
1636,648,93,93
1622,678,93,93
1599,660,71,94
1602,657,89,89
1562,675,72,91
1546,687,72,88
1539,673,70,87
1525,656,73,94
1547,641,69,94
1577,623,70,88
1572,617,68,87
1580,616,63,86
1574,614,69,86
1567,608,69,82
1567,613,68,80
1560,602,66,86
1552,598,68,91
1551,594,72,93
1556,602,74,87
1565,609,84,84
1578,612,69,78
1575,616,74,79
1580,612,83,83
1581,621,74,73
1561,618,77,78
1579,613,84,84
1601,622,61,80
1599,623,65,81
1599,619,64,81
1595,615,70,83
1604,616,84,84
1596,616,85,85
1585,620,76,86
1583,627,72,85
1569,628,74,87
1566,634,71,87
1560,633,88,88
1547,636,75,89
1545,641,75,89
1547,639,74,90
1547,640,75,91
1549,635,90,90
1544,636,90,90
1549,637,89,89
1544,645,88,88
1539,654,87,87
1539,657,87,87
1534,658,87,87
1532,660,86,86
1549,659,84,84
1545,672,57,83
1530,668,66,86
1524,673,68,85
1518,675,69,85
1512,678,67,86
1499,682,69,86
1490,684,66,87
1485,682,66,88
1480,682,66,89
1473,683,68,91
1466,683,68,94
1454,682,88,88
1439,681,87,87
1431,687,86,86
1404,678,87,87
1408,689,73,87
1402,686,85,85
1402,686,87,87
1397,686,87,87
1395,686,87,87
1388,688,87,87
1391,686,88,88
1405,683,88,88
1451,680,88,88
1447,681,88,88
1381,688,87,87
1367,693,87,87
1343,684,89,89
1282,664,90,90
1225,694,70,91
1197,686,72,93
1158,711,78,90
1153,711,85,96
1155,708,86,94
1157,711,85,96
1155,708,84,94
1147,704,97,97
1148,709,84,95
1146,707,96,96
1157,715,74,93
1150,710,74,93
1138,700,81,101
1142,695,80,101
1131,691,90,102
1128,686,92,101
1131,683,100,100
1127,681,91,103
1123,679,102,102
1125,683,101,101
1129,685,101,101
1139,681,104,104
1165,673,104,104
1154,669,105,105
1191,659,106,106
1192,658,106,106
1145,673,107,107
1144,669,107,107
1150,672,108,108
1125,682,110,110
1124,685,108,108
1170,679,107,107
1221,676,107,107
1203,682,107,107
1153,684,105,105
1175,681,104,104
1167,692,102,102
1160,701,100,100
1194,694,101,101
1272,696,100,100
1284,701,100,100
1282,699,101,101
1291,706,99,99
1296,710,99,99
1309,717,100,99
1318,709,97,99
1326,709,97,100
1332,713,97,101
1335,717,102,102
1352,705,96,108
1354,705,98,111
1358,705,98,112
1363,707,97,113
1368,704,94,109
1361,719,104,123
1366,722,99,119
1368,723,94,112
1360,722,97,114
1368,729,88,108
1349,730,101,112
1344,732,98,107
1331,730,98,107
1316,731,102,106
1308,731,95,103
1296,728,97,102
1289,737,95,99
1278,732,95,103
1272,733,93,101
1264,731,92,101
1257,737,91,99
1242,730,93,101
1241,733,91,101
1225,732,96,103
1221,736,93,100
1206,726,96,108
1194,724,98,112
1177,720,102,115
1169,718,98,114
1162,718,96,116
1147,716,100,120
1132,711,103,123
1132,711,98,123
1118,709,102,125
1103,707,105,124
1094,701,104,124
1089,693,101,122
1074,696,108,122
1068,690,109,118
1067,690,107,107
1062,689,109,117
1049,687,115,116
1044,687,116,115
1035,677,125,113
1040,670,123,114
1039,667,122,115
1044,664,116,113
1044,659,117,111
1043,651,120,114
1048,648,115,113
1046,648,121,112
1061,652,108,108
1063,642,119,117
1063,642,122,115
1073,651,116,117
1079,649,119,118
1106,651,107,107
1115,659,97,110
1124,655,106,106
1134,664,103,103
1141,660,104,104
1145,668,103,103
1154,652,102,102
1138,646,101,101
1145,652,101,101
1181,649,100,109
1194,641,99,104
1202,643,98,102
1204,651,98,104
1217,653,92,101
1224,656,91,99
1229,658,95,99
1237,657,95,99
1238,657,99,99
1254,663,93,100
1252,660,96,98
1254,660,95,99
1259,659,92,100
1264,661,89,100
1262,663,89,100
1262,667,89,96
1262,667,88,96
1253,668,94,98
1251,672,93,101
1244,677,100,99
1254,678,92,97
1246,682,96,94
1258,680,89,96
1253,679,95,95
1254,677,95,94
1255,681,91,95
1247,692,92,95
1240,693,95,97
1239,696,95,98
1245,691,94,99
1240,689,94,100
1236,691,99,99
1235,693,101,98
1239,697,96,99
1236,701,99,100
1242,701,100,102
1248,702,97,102
1250,700,99,102
1250,695,103,105
1266,699,100,108
1265,692,102,102
1269,697,99,102
1288,735,83,107
1287,731,87,107
1269,698,106,111
1279,694,99,110
1269,698,107,114
1265,706,107,114
1265,710,104,108
1260,715,103,106
1254,722,105,107
1247,724,108,112
1246,722,102,106
1246,722,97,100
1248,726,94,101
1243,725,95,100
1244,722,90,96
1236,723,92,98
1233,724,89,97
1223,719,90,96
1215,716,89,96
1212,716,86,94
1211,726,82,97
1198,721,82,97
1189,721,84,102
1173,720,87,105
1163,718,84,104
1134,706,87,108
1122,715,90,113
1110,715,92,112
1089,711,112,112
1072,703,111,111
1045,715,108,108
1052,712,108,108
1045,717,108,108
1075,722,107,107
1038,707,104,104
1036,701,103,103
1043,712,92,101
1038,713,94,104
1047,717,93,106
1049,715,95,107
1058,713,94,107
1063,717,93,109
1072,715,94,106
1076,714,94,107
1074,712,93,107
1076,710,95,109
1075,705,97,108
1077,707,95,109
1076,705,93,108
1077,702,93,105
1069,700,90,103
1064,702,85,99
1060,701,81,97
1057,698,82,91
1046,698,85,91
1041,691,88,88
1038,684,85,86
1033,680,84,86
1033,675,84,87
1033,673,84,89
1030,672,84,88
1031,663,83,89
1028,659,86,91
1020,670,85,90
1024,668,85,85
1023,665,86,91
1020,668,87,94
1016,668,91,96
1013,670,93,96
1013,674,93,95
1017,677,91,94
1012,681,91,95
1012,681,89,97
1007,686,87,96
1005,705,81,94
1001,704,83,95
996,711,81,91
997,710,81,93
993,712,81,94
990,695,77,95
972,681,85,99
963,684,89,103
952,694,90,104
948,681,87,96
945,673,86,96
943,664,81,95
938,665,83,98
932,667,89,97
931,680,89,95
928,681,86,91
925,683,83,93
920,683,81,93
913,690,82,93
906,690,84,93
900,690,87,95
901,689,89,98
902,681,92,101
902,673,93,101
891,661,102,100
894,657,101,101
894,660,103,105
897,661,104,107
901,659,103,106
901,660,104,103
905,662,105,102
907,666,104,103
908,674,103,107
917,674,102,106
909,674,105,108
908,667,110,109
908,666,112,108
904,668,111,106
906,662,109,108
906,664,108,107
911,664,105,106
907,666,106,109
914,666,103,103
916,673,104,109
926,680,99,106
941,688,90,101
942,689,91,104
946,689,89,104
931,680,97,106
918,676,101,109
915,669,98,111
912,669,99,115
898,669,104,115
903,673,96,106
890,678,98,107
883,673,99,105
872,667,101,105
873,673,92,106
856,668,98,109
854,670,92,112
853,670,90,108
852,673,87,105
858,680,79,101
856,684,79,95
854,685,80,95
848,677,85,99
838,654,91,98
848,678,83,98
840,673,87,99
834,672,92,103
843,670,84,98
841,673,84,100
843,671,80,98
843,670,82,99
841,665,85,97
837,668,87,100
836,669,85,98
828,666,85,99
821,671,88,96
808,671,93,100
805,670,83,96
793,677,86,93
784,680,85,91
779,678,81,90
767,676,85,89
753,678,91,92
750,681,84,86
742,679,84,87
732,675,86,90
724,676,87,92
724,679,85,92
719,680,88,92
720,676,87,95
729,681,83,94
725,674,89,97
721,639,94,94
727,631,91,96
728,635,90,94
721,642,95,92
723,642,93,91
714,648,98,95
722,642,91,94
718,642,94,97
722,642,89,94
717,647,90,96
714,653,92,95
717,657,89,92
715,658,90,94
706,655,90,97
700,654,91,97
697,650,90,101
689,648,95,103
680,644,97,104
678,647,96,105
666,643,101,112
674,646,93,104
668,645,94,106
658,645,97,108
659,645,95,104
651,646,98,102
651,647,93,96
653,653,91,91
642,654,88,90
639,659,89,89
632,658,88,88
602,649,87,87
556,633,85,85
548,636,86,83
536,640,88,80
526,641,92,82
523,638,86,86
514,644,93,84
514,643,83,83
502,645,97,86
505,649,92,87
506,653,84,87
500,655,83,85
495,659,81,85
490,663,79,83
483,671,79,82
473,673,81,81
457,673,85,85
447,676,87,85
442,678,86,83
437,683,85,79
424,692,85,79
417,697,82,80
405,702,85,78
402,704,83,79
393,707,83,80
390,704,81,80
385,707,83,80
382,708,84,81
380,714,84,81
389,715,82,80
406,717,76,78
404,715,83,82
405,714,84,84
401,712,86,82
396,718,87,82
395,718,85,81
387,715,88,82
386,716,88,83
380,713,89,86
373,710,91,86
375,709,88,84
377,707,82,82
381,704,82,82
378,700,87,84
374,701,89,85
378,696,83,86
382,698,81,85
385,703,77,81
387,708,74,79
379,711,79,79
360,713,80,80
360,707,85,86
360,706,84,85
367,706,78,84
326,678,86,84
326,678,89,83
336,682,86,81
338,684,87,83
335,684,89,87
340,685,89,88
338,683,90,90
344,680,88,88
346,693,85,91
345,704,84,92
341,706,83,92
331,704,90,90
334,702,84,89
330,704,83,90
329,703,83,90
321,700,86,93
321,694,77,92
322,693,73,94
292,724,84,98
286,732,84,96
270,728,90,99
275,731,85,97
268,733,85,96
268,737,83,94
272,738,81,91
273,735,86,90
288,738,83,89
293,745,86,88
319,736,81,86
332,735,86,92
333,726,92,94
326,730,98,94
326,728,100,94
324,727,103,94
329,716,103,94
340,715,98,88
329,725,101,87
330,724,99,91
332,726,97,98
337,725,97,95
349,709,98,97
359,698,94,98
356,692,90,95
336,695,100,96
335,696,93,99
327,693,95,95
316,705,95,95
302,709,99,91
292,712,102,95
287,715,100,96
284,718,99,99
283,720,100,105
279,719,103,105
280,718,105,107
281,717,106,109
290,717,105,108
297,703,108,108
303,704,106,107
304,706,106,108
299,720,106,111
306,720,104,114
303,715,106,114
304,715,105,113
300,711,105,116
307,711,99,118
309,710,106,106
355,711,107,107
388,730,106,106
404,739,108,108
416,750,110,110
429,751,111,111
400,830,112,112
428,842,110,110
447,808,109,109
471,794,110,110
458,805,108,108
461,806,109,109
466,818,109,109
475,822,107,107
521,879,106,106
568,904,108,108
503,823,108,108
517,805,109,109
522,803,109,109
538,803,109,109
547,812,110,110
526,774,111,111
507,758,111,111
492,690,111,111
497,706,112,112
533,804,112,112
574,838,113,113
560,793,114,114
557,777,114,114
591,812,114,114
611,822,113,113
585,774,115,115
617,799,116,116
619,796,115,115
614,766,115,115
648,782,115,115
653,781,115,115
686,791,118,118
698,778,119,119
717,778,118,118
729,767,118,118
749,762,117,117
767,760,116,116
768,746,115,115
761,719,115,115
768,711,113,113
772,667,112,112
759,652,112,112
754,635,111,111
750,594,110,110
786,566,109,109
795,565,108,108
745,584,108,108
733,588,109,109
721,579,113,113
716,579,114,120
709,584,119,116
707,597,112,115
712,609,104,115
719,597,106,121
736,586,107,121
749,580,110,124
770,577,108,121
786,574,107,125
808,581,107,123
825,590,108,124
840,595,108,124
865,599,109,123
888,603,107,125
905,613,109,123
922,614,107,124
936,622,105,122
951,637,109,120
968,639,106,120
976,640,109,116
984,647,108,121
988,649,105,119
992,654,106,116
1010,658,99,117
1009,665,101,114
1017,671,98,112
1025,670,98,110
1017,672,104,111
1025,669,100,112
1029,668,98,111
1034,672,96,109
1039,670,95,102
1046,679,95,104
1051,683,95,101
1055,680,93,102
1060,678,93,96
1066,676,95,98
1080,675,104,104
1096,680,83,97
1095,679,87,98
1091,668,104,104
1091,670,100,96
1100,674,97,96
1099,671,100,95
1106,668,98,99
1112,665,100,104
1113,665,100,107
1123,658,92,104
1128,660,91,102
1135,660,86,99
1137,665,87,98
1134,663,93,101
1142,662,87,101
1136,656,91,104
1141,657,89,99
1140,662,89,99
1138,659,90,97
1142,658,89,95
1133,660,93,95
1133,663,92,96
1134,665,91,97
1130,672,95,100
1139,666,88,99
1138,670,89,98
1138,665,89,99
1142,666,88,95
1140,666,89,99
1140,668,93,100
1144,670,93,98
1142,670,98,103
1159,670,92,100
1161,669,95,102
1166,670,95,101
1171,667,96,99
1180,672,91,103
1187,672,88,107
1179,661,93,111
1190,669,88,106
1183,663,96,105
1193,672,95,100
1192,679,98,104
1191,677,103,108
1194,662,102,113
1200,660,96,118
1204,663,97,118
1219,681,88,112
1219,687,95,111
1226,688,91,103
1234,698,93,99
1251,704,79,95
1260,705,73,95
1253,705,79,99
1253,705,81,101
1250,705,85,103
1253,704,87,100
1257,706,86,99
1262,704,85,102
1272,679,88,106
1274,660,96,110
1273,649,108,108
1282,650,104,105
1282,647,106,105
1288,650,102,105
1291,648,103,103
1294,646,102,102
1294,651,99,102
1294,655,99,102
1291,660,100,105
1289,666,98,103
1282,670,94,104
1271,668,99,108
1264,667,99,108
1268,672,88,98
1269,680,84,95
1267,677,97,97
1262,674,99,99
1298,672,100,100
1312,675,100,100
1320,688,98,98
1335,680,99,99
1344,693,94,96
1344,683,101,97
1356,680,96,99
1342,677,102,98
1343,669,102,102
1349,667,101,101
1359,665,102,102
1375,675,102,102
1376,678,101,101
1367,678,96,105
1356,673,106,108
1362,669,105,105
1365,675,106,107
1376,678,100,101
1385,681,95,103
1393,683,91,104
1394,683,94,101
1399,681,92,101
1403,679,90,99
1410,681,87,99
1419,681,85,93
1429,687,81,89
1424,675,100,100
1426,687,89,85
1428,686,91,85
1427,683,92,85
1434,675,96,96
1429,682,90,81
1430,679,88,82
1422,667,93,85
1415,647,96,90
1406,640,95,88
1403,634,91,88
1397,634,92,88
1392,633,89,86
1393,621,89,89
1380,617,89,89
1372,615,88,88
1367,623,86,86
1361,630,86,86
1367,638,75,80
1376,648,66,70
1376,655,74,73
1365,645,76,74
1359,643,78,76
1355,641,80,80
1350,633,87,85
1365,621,85,85
1358,623,81,83
1363,624,85,85
1362,620,86,86
1363,638,86,86
1324,647,86,86
1292,657,85,85
1290,658,85,85
1288,666,84,84
1290,682,81,87
1297,694,81,84
1298,704,83,79
1296,707,86,84
1301,701,81,85
1306,702,80,85
1316,698,79,85
1309,698,84,88
1311,696,86,89
1309,682,85,91
1322,667,80,92
1323,661,91,91
1309,662,103,96
1320,671,92,93
1325,691,84,90
1319,693,81,85
1322,705,89,84
1342,719,85,84
1352,720,78,84
1347,708,83,90
1348,709,85,93
1344,712,93,99
1346,697,91,96
1342,691,95,98
1339,688,93,104
1345,677,98,98
1342,687,96,103
1340,675,99,102
1341,678,93,95
1338,693,84,97
1339,696,81,98
1341,699,81,90
1341,705,89,91
1343,700,89,92
1337,692,95,94
1341,696,95,97
1346,695,94,101
1346,697,96,100
1342,699,97,96
1352,700,93,100
1350,702,96,102
1347,701,97,101
1353,700,94,100
1350,698,95,99
1349,703,95,98
1348,706,93,99
1350,713,89,98
1348,710,100,100
1329,693,86,100
1322,693,82,97
1355,713,96,96
1356,714,82,85
1348,716,84,88
1343,715,94,94
1337,714,92,92
1308,699,92,92
1304,683,93,93
1310,679,96,104
1364,672,94,105
1362,666,94,102
1358,671,96,99
1357,668,95,98
1356,673,92,98
1356,678,90,94
1352,682,91,94
1354,684,90,88
1350,692,85,87
1347,697,82,87
1347,694,83,89
1347,695,87,89
1344,697,89,91
1344,697,90,93
1349,694,88,92
1345,691,89,96
1338,683,91,104
1332,679,99,102
1322,672,106,110
1321,672,103,114
1321,671,100,112
1313,676,103,108
1306,678,105,108
1314,683,100,106
1308,685,101,108
1304,681,103,109
1310,680,100,106
1309,677,101,107
1312,673,100,106
1313,679,100,106
1316,672,97,107
1315,672,97,108
1311,672,99,109
1314,677,106,106
1311,674,99,108
1313,679,97,105
1320,681,105,105
1329,685,105,105
1340,697,103,103
1351,703,83,97
1353,702,83,94
1346,689,100,100
1347,689,100,100
1348,692,100,100
1343,694,100,100
1329,690,89,105
1328,686,89,108
1311,681,98,108
1306,677,101,108
1306,673,102,111
1297,671,109,112
1295,670,105,111
1283,673,113,109
1279,673,112,108
1282,679,106,104
1281,681,103,101
1274,681,104,102
1277,689,100,100
1271,688,100,102
1262,690,105,110
1260,690,104,110
1256,695,104,113
1250,696,105,113
1238,690,107,115
1238,691,102,113
1229,696,107,111
1230,706,108,106
1232,711,105,100
1232,705,105,105
1219,702,111,107
1213,704,114,107
1213,700,111,108
1214,686,109,111
1212,694,107,110
1213,703,99,105
1218,707,95,103
1222,708,113,113
1214,712,109,106
1213,715,116,111
1219,712,112,113
1226,695,113,113
1226,699,115,118
1228,711,115,121
1236,709,112,116
1249,704,104,115
1249,709,103,119
1250,708,103,117
1244,718,108,119
1263,698,109,114
1269,697,109,110
1271,696,113,110
1278,700,111,109
1281,707,106,115
1285,722,101,114
1289,733,105,109
1293,734,106,107
1303,735,101,109
1306,747,100,107
1310,747,96,105
1304,755,97,104
1307,756,95,104
1306,754,95,104
1305,763,93,100
1300,766,102,102
1264,745,100,99
1286,769,97,95
1289,768,91,96
1281,773,96,92
1282,768,92,90
1280,768,97,97
1275,775,97,87
1268,778,98,85
1278,775,94,82
1285,773,90,85
1285,770,91,89
1279,774,95,90
1282,763,96,91
1269,745,90,92
1292,747,92,93
1295,744,89,91
1285,763,89,90
1288,760,84,87
1287,769,84,87
1283,774,84,86
1282,781,85,84
1282,784,88,86
1280,776,89,88
1275,778,91,88
1277,773,91,92
1279,771,90,92
1282,763,87,91
1282,761,88,90
1279,763,89,91
1273,762,92,90
1273,764,90,92
1270,765,89,93
1270,764,87,93
1269,766,85,93
1269,769,87,90
1270,772,84,86
1268,771,84,82
1267,772,82,82
1267,770,79,84
1249,767,87,85
1231,738,91,90
1222,724,91,87
1227,727,88,91
1216,724,95,95
1217,727,92,94
1208,726,94,94
1205,716,94,91
1206,712,92,89
1204,711,94,90
1203,710,95,89
1206,711,96,91
1207,712,96,91
1216,709,94,90
1218,709,92,89
1212,710,95,90
1208,713,96,90
1205,715,94,93
1204,716,93,91
1197,718,93,89
1199,718,90,88
1193,733,86,90
1202,736,86,86
1211,714,87,90
1214,712,85,90
1208,717,81,89
1223,712,83,91
1229,715,84,89
1236,723,87,87
1243,725,87,84
1250,731,86,86
1249,738,86,88
1250,742,86,91
1251,740,89,89
1256,745,88,87
1256,747,91,84
1259,750,93,85
1254,746,96,88
1258,746,95,88
1259,745,94,91
1255,743,99,95
1257,745,100,95
1263,753,95,94
1264,751,99,90
1276,758,99,90
1295,765,93,86
1295,759,99,87
1309,764,95,86
1315,761,93,85
1322,761,92,86
1329,761,91,88
1336,761,85,89
1334,762,89,89
1334,762,90,91
1338,764,88,88
1338,752,86,86
1340,736,87,87
1343,739,86,82
1343,745,90,86
1342,746,91,86
1340,742,93,84
1339,746,95,88
1340,749,93,84
1334,753,91,84
1330,760,89,81
1334,753,83,83
1330,755,83,83
1323,755,84,84
1324,761,88,80
1321,756,88,78
1316,750,86,78
1311,748,87,78
1309,749,85,75
1302,747,84,75
1296,744,87,74
1291,746,87,74
1287,747,88,72
1282,748,90,72
1292,745,78,78
1288,746,91,74
1294,743,92,76
1305,731,88,77
1307,738,86,77
1301,758,88,77
1304,760,84,75
1310,751,80,80
1304,757,83,75
1305,760,84,75
1311,758,83,73
1313,757,83,74
1319,757,82,73
1323,758,81,73
1328,757,81,75
1338,749,75,75
1331,754,85,74
1332,753,88,74
1341,753,81,74
1343,753,82,72
1347,756,79,70
1358,755,73,73
1349,756,81,68
1358,756,73,66
1360,757,77,67
1355,753,76,67
1352,754,80,70
1347,750,78,71
1339,755,79,73
1331,760,82,73
1327,762,80,73
1324,759,79,71
1323,759,77,70
1321,759,78,68
1324,761,74,68
1322,762,75,68
1327,762,74,69
1330,759,78,70
1334,763,78,70
1336,764,80,69
1339,764,81,69
1339,769,82,68
1337,773,84,68
1338,776,82,66
1338,777,83,67
1330,777,81,69
1342,777,81,68
1342,779,81,69
1342,780,82,69
1344,776,80,67
1344,773,80,66
1347,767,82,70
1344,764,84,71
1347,762,81,71
1350,756,80,69
1353,752,82,69
1357,748,81,68
1358,747,83,69
1359,750,81,69
1360,746,81,68
1364,745,79,69
1359,751,84,70
1355,758,86,75
1358,761,83,74
1360,760,82,72
1360,766,81,73
1357,768,82,74
1359,771,78,75
1354,768,81,74
1345,765,85,74
1339,760,85,75
1337,761,85,75
1331,755,86,74
1329,758,87,75
1324,756,88,76
1324,758,86,79
1318,756,88,77
1315,761,91,81
1311,756,90,79
1308,755,91,80
1306,755,91,80
1308,754,89,79
1302,754,94,81
1301,753,92,79
1298,752,90,77
1304,760,86,80
1297,761,85,81
1295,752,80,80
1292,753,81,81
1248,742,83,83
1212,773,81,75
1222,775,84,74
1233,765,81,75
1225,762,77,74
1222,762,73,72
1200,759,81,71
1193,757,79,71
1193,754,81,81
1190,754,80,80
1180,746,80,80
1171,751,81,68
1165,757,87,69
1166,756,81,69
1167,758,77,68
1167,755,74,70
1162,754,75,71
1158,750,77,72
1159,747,80,72
1157,747,82,71
1152,748,82,64
1135,743,79,63
1138,754,76,67
1137,761,75,68
1148,776,71,69
1154,790,75,71
1155,791,74,73
1165,795,72,71
1172,802,74,71
1181,805,69,69
1187,806,70,67
1198,806,68,69
1201,806,71,70
1211,803,68,71
1217,802,68,72
1230,802,69,69
1238,802,61,72
1245,801,69,69
1200,798,69,69
1196,787,70,70
1197,775,72,72
1198,757,73,73
1194,766,82,78
1200,778,79,78
1197,773,79,80
1196,781,80,77
1195,779,79,79
1191,748,81,76
1190,747,82,76
1190,743,83,79
1193,741,80,79
1193,737,81,78
1187,730,86,79
1176,728,89,83
1175,728,87,81
1179,723,86,78
1181,720,84,76
1174,725,87,79
1176,732,83,80
1172,734,84,79
1169,736,82,81
1164,735,82,80
1155,734,86,83
1152,740,86,83
1146,740,90,85
1148,740,88,85
1145,736,90,86
1143,733,90,87
1141,733,90,86
1140,735,89,85
1138,730,87,85
1139,734,83,83
1137,730,84,83
1131,729,83,83
1131,724,80,82
1129,726,78,81
1124,724,80,83
1118,706,90,72
1119,708,83,74
1120,704,80,72
1112,709,75,74
1111,704,72,75
1101,711,74,74
1093,708,76,74
1088,708,76,78
1087,701,73,74
1082,700,73,76
1073,696,76,77
1074,696,74,75
1080,713,73,74
1092,751,78,73
1093,751,81,77
