636,643,25,24
634,642,23,23
636,643,22,22
636,642,21,23
637,642,22,23
637,644,22,23
636,643,22,23
636,643,22,23
637,643,21,22
638,644,21,22
635,642,22,23
637,643,22,23
637,642,21,23
637,643,21,23
636,642,21,23
636,643,22,23
636,643,22,23
636,641,21,24
635,641,23,23
636,643,24,23
635,642,24,23
635,643,23,22
636,643,23,23
637,642,23,23
635,642,24,23
637,644,23,23
638,643,22,24
637,641,22,25
636,641,22,24
637,641,22,25
636,642,23,24
636,641,21,25
636,640,23,25
638,643,22,24
638,642,22,24
597,640,21,25
629,633,19,26
624,629,19,29
617,633,21,33
617,634,22,30
616,634,22,31
617,636,23,29
617,637,22,27
616,640,23,26
616,642,22,23
617,642,22,23
616,641,21,24
616,640,21,25
616,640,21,25
615,640,21,25
616,641,21,25
615,641,22,23
616,640,22,23
616,642,21,23
617,640,23,24
618,640,21,24
616,641,21,22
616,641,22,22
616,639,23,25
612,636,20,26
603,627,19,27
596,620,20,25
588,618,19,28
583,635,21,29
582,633,23,31
581,634,22,32
583,637,22,27
583,640,23,27
582,640,22,25
581,640,22,24
582,640,22,26
582,637,23,28
582,636,22,30
582,635,22,30
581,634,22,32
582,635,23,31
581,638,22,28
583,638,22,26
582,636,23,27
584,639,21,26
584,638,22,26
583,638,22,27
582,635,22,29
576,632,21,29
572,622,20,29
566,615,20,26
558,613,21,28
553,623,19,30
550,632,22,32
550,635,22,31
550,640,21,27
549,640,23,25
550,641,22,23
549,640,21,24
550,641,22,24
549,641,21,23
550,642,22,24
549,641,22,24
549,640,22,23
550,640,23,23
551,640,21,24
547,639,22,25
546,636,21,26
541,627,20,25
538,619,20,23
535,614,20,27
531,628,19,31
528,630,21,33
529,635,22,28
528,635,22,28
530,637,23,27
527,637,23,26
528,637,23,27
529,638,22,25
530,637,22,26
530,639,22,25
528,636,23,27
528,638,22,26
530,638,22,25
528,639,22,24
529,639,22,23
528,638,23,23
528,639,22,23
529,639,23,24
527,638,23,24
529,639,23,23
530,638,21,23
529,639,22,23
529,637,22,25
529,639,21,23
529,638,23,24
529,639,21,24
529,638,23,24
529,637,23,25
528,639,23,23
529,640,23,24
529,639,22,24
530,638,22,24
529,638,21,24
529,638,21,23
530,638,22,24
531,638,22,24
529,638,22,24
527,635,22,25
525,628,19,28
521,612,20,28
516,597,21,29
513,585,20,32
511,582,20,36
512,593,20,36
514,614,21,38
518,642,23,35
519,643,22,34
520,650,21,27
519,649,22,28
519,646,23,29
520,645,22,31
520,645,22,31
519,645,21,31
519,645,21,31
518,645,23,31
518,644,22,33
520,645,22,33
518,647,24,29
517,649,22,27
520,650,22,26
519,651,21,26
518,648,23,28
521,648,21,29
521,647,22,30
519,649,23,27
518,652,22,23
518,651,23,24
518,651,23,24
518,653,23,23
518,653,23,23
519,653,24,22
518,652,22,23
520,652,22,23
519,653,21,22
518,652,21,23
519,653,22,22
520,652,22,22
519,650,22,25
518,653,22,24
519,652,23,24
519,649,22,26
518,652,22,23
518,652,22,24
519,652,22,23
517,647,21,24
517,634,20,23
517,618,20,27
515,605,20,30
515,596,22,33
516,600,23,35
518,617,21,35
522,643,21,38
522,651,22,32
525,654,23,29
524,657,23,27
523,659,23,24
522,658,23,23
522,659,23,22
523,659,23,24
522,658,22,24
524,658,22,25
522,657,21,25
522,656,22,29
524,655,22,33
523,658,21,35
523,664,21,32
521,669,23,27
521,666,20,25
520,649,21,25
520,633,21,26
522,614,21,30
522,597,21,32
525,587,21,35
526,585,20,33
530,586,20,35
532,599,21,35
534,618,21,36
535,645,22,33
534,648,23,28
536,652,22,24
534,653,23,23
534,653,22,24
535,653,22,23
534,650,23,27
534,647,23,30
533,650,22,29
534,652,23,28
535,655,23,26
535,657,21,22
536,657,21,22
539,654,20,23
551,645,18,25
560,632,19,22
565,621,18,24
570,618,21,28
577,637,21,30
578,640,24,32
579,642,23,30
579,643,24,29
580,644,22,27
579,646,23,25
579,645,23,25
578,644,24,27
580,641,23,29
581,642,22,29
581,643,22,29
580,643,23,28
578,646,24,24
580,647,24,25
579,647,24,25
580,645,25,25
579,646,23,25
581,647,22,23
581,646,20,24
584,643,20,25
590,636,21,26
597,623,20,27
605,622,19,27
613,633,20,27
619,643,22,30
619,638,24,35
618,642,24,31
617,645,24,27
618,646,24,25
619,646,24,25
618,647,24,26
619,646,22,27
618,645,23,26
618,645,22,28
618,645,23,26
619,647,23,24
620,649,22,22
620,648,23,22
618,649,23,23
619,649,23,22
618,650,22,22
620,649,21,22
622,645,20,24
624,638,20,27
626,624,19,25
625,617,21,27
629,620,20,28
633,634,23,33
633,639,23,30
632,639,22,28
633,643,21,24
632,643,22,23
631,644,23,23
632,643,22,22
632,644,24,22
632,644,24,22
631,643,23,23
631,642,23,23
632,641,22,25
632,640,23,26
633,639,21,29
634,641,21,33
631,644,23,36
630,648,25,36
630,651,24,31
631,643,20,29
626,629,21,27
625,612,20,29
622,592,22,33
621,575,21,32
618,562,22,29
618,557,22,25
621,557,20,25
621,563,21,27
623,574,20,30
625,591,20,32
628,618,20,37
629,625,22,35
628,628,23,33
629,626,22,33
628,634,22,25
629,634,22,25
629,632,21,27
629,633,22,26
629,633,23,28
628,632,22,28
628,631,23,29
629,631,21,28
628,634,23,24
627,634,23,24
628,634,21,23
628,632,22,24
629,632,22,27
628,629,22,27
629,627,23,29
629,627,23,29
627,627,24,30
627,627,24,30
627,628,23,29
628,626,23,30
628,626,24,31
628,627,24,32
627,627,23,30
629,628,24,29
628,626,23,31
628,626,23,30
627,624,22,33
627,627,24,31
627,626,22,31
627,624,24,33
627,627,25,31
628,628,23,30
628,627,23,30
627,626,24,30
629,629,23,29
628,627,24,30
628,627,24,31
627,625,22,30
627,621,20,29
621,605,20,27
616,592,21,27
614,584,20,29
613,583,20,32
614,596,22,35
619,624,20,36
620,630,22,31
619,635,24,28
618,634,24,27
619,634,24,28
620,632,23,30
618,633,24,30
619,634,24,28
619,634,23,29
619,634,23,27
622,634,19,27
620,633,21,28
621,636,21,27
619,634,22,27
618,633,24,26
618,636,24,24
620,637,23,22
619,638,25,23
619,639,24,22
620,639,24,22
618,639,24,21
618,640,23,21
618,639,24,22
619,638,23,22
618,639,24,22
617,637,25,24
617,638,27,23
619,637,25,22
617,639,25,22
619,639,25,22
617,637,25,23
619,640,23,22
617,639,23,22
617,638,25,22
618,639,24,22
617,638,26,22
619,638,25,22
618,639,26,23
619,638,25,23
617,639,25,22
619,638,24,23
617,638,25,23
618,638,26,22
617,638,26,22
616,638,26,23
616,637,27,23
615,637,26,23
618,639,26,22
616,640,28,22
617,638,25,22
616,639,27,22
616,638,25,22
618,639,25,21
616,638,27,22
616,639,27,22
618,638,24,22
617,638,25,22
618,638,24,21
618,639,24,21
618,639,24,22
618,638,23,20
619,640,24,21
620,639,23,22
620,635,21,24
621,629,19,27
621,615,20,30
619,600,20,29
618,591,21,30
617,589,21,32
619,603,20,30
622,615,20,31
622,619,23,28
623,620,22,27
623,619,22,28
623,620,23,25
624,622,21,26
622,622,21,25
622,624,22,23
623,622,22,24
624,624,20,22
624,623,21,24
626,625,20,23
625,623,19,23
625,624,21,23
623,624,21,23
622,622,22,22
625,623,21,25
624,623,21,24
624,624,21,22
624,624,20,22
624,625,22,21
623,624,22,22
624,625,20,22
625,625,20,21
624,624,21,22
622,625,21,22
623,624,21,23
624,624,21,22
623,623,22,22
621,624,23,23
621,622,25,24
620,624,25,22
622,623,23,23
623,623,23,22
622,625,23,22
621,624,22,23
622,622,23,25
623,625,23,22
621,622,24,24
621,623,23,23
623,622,24,24
623,618,23,28
621,609,21,29
618,596,20,28
616,589,21,29
616,589,22,30
620,594,20,33
622,611,22,34
624,615,22,31
625,621,23,26
623,621,23,26
623,622,24,24
621,623,25,23
622,625,24,21
621,628,24,20
620,626,25,19
622,625,23,20
620,623,25,22
620,624,27,21
617,624,29,21
617,623,30,23
618,625,28,20
620,626,27,20
620,624,27,20
620,625,26,20
620,624,26,21
619,626,27,20
619,625,27,21
619,626,28,20
618,624,29,21
619,624,28,21
618,625,29,21
619,624,29,21
619,623,25,21
618,615,22,25
612,599,23,23
613,587,18,21
608,573,16,20
608,566,13,18
609,563,10,20
610,575,8,22
611,596,8,24
612,622,12,25
608,624,17,26
607,629,19,24
606,627,21,25
606,628,21,24
605,626,21,25
604,627,21,23
605,627,22,24
605,628,23,22
606,627,21,25
606,627,21,25
606,626,20,25
607,628,21,23
606,628,21,23
606,627,21,25
606,627,21,24
605,627,21,25
606,625,21,25
606,627,21,25
610,625,20,25
631,586,21,22
631,587,21,23
635,588,19,23
636,595,15,25
640,591,15,24
641,593,18,23
630,620,22,23
635,624,18,21
633,623,21,22
630,622,22,21
631,622,22,22
631,621,22,23
630,621,23,24
632,623,23,23
628,627,22,22
640,601,25,18
638,604,25,18
633,604,25,18
629,597,21,21
622,593,23,21
614,592,21,19
608,632,19,14
608,633,21,13
608,632,22,13
607,632,24,14
606,631,25,15
606,632,26,16
608,631,27,16
608,629,25,17
608,629,26,18
608,630,26,19
605,629,27,20
606,629,26,22
609,628,24,22
612,627,22,24
612,625,22,26
613,619,21,29
614,610,21,25
611,605,22,28
609,621,22,28
609,618,25,32
609,620,23,30
611,623,23,28
610,625,24,26
609,628,24,22
610,628,23,21
610,631,25,19
608,632,28,17
607,632,33,16
607,635,33,15
607,635,30,14
608,636,30,13
610,635,28,13
610,635,28,13
610,635,28,13
613,635,26,13
613,636,25,13
613,634,24,13
614,635,24,13
621,635,23,17
645,646,24,15
646,643,27,17
647,643,28,16
647,644,27,15
647,643,28,15
650,643,25,14
650,642,25,14
653,643,25,15
652,643,26,17
652,643,25,16
651,643,27,16
654,643,25,17
652,643,25,18
651,635,25,14
650,628,24,16
653,628,21,12
659,632,21,13
622,633,18,14
620,634,17,14
618,633,19,15
617,634,20,16
618,634,18,14
620,634,18,16
616,633,22,15
622,628,18,18
621,620,19,17
621,615,20,17
624,617,23,14
630,626,24,12
630,626,24,12
630,626,24,12
667,642,24,16
672,639,29,17
652,638,29,16
633,631,29,20
632,632,30,16
631,633,31,14
634,633,28,14
638,634,27,14
636,633,26,15
635,631,27,18
633,626,24,23
581,625,19,22
625,602,21,26
619,592,22,32
614,593,22,34
601,615,27,38
599,615,31,42
594,614,37,45
587,612,42,46
589,615,40,45
593,608,36,51
592,611,41,50
592,615,45,45
593,619,48,42
593,615,48,45
595,614,47,45
593,616,49,44
588,623,53,37
587,622,53,35
591,607,50,45
595,599,45,48
590,605,51,45
587,615,52,39
585,610,55,45
600,605,43,37
602,612,40,32
601,615,41,28
601,616,39,29
603,614,38,29
602,607,37,27
603,597,33,25
601,589,33,27
573,635,36,26
570,635,39,28
573,612,41,30
581,609,34,35
587,610,28,37
584,613,30,34
589,614,24,28
593,612,19,32
593,615,17,28
592,609,18,33
595,599,21,30
601,592,21,34
604,594,22,36
608,610,23,36
614,627,24,33
614,631,24,29
614,635,25,24
615,633,24,23
614,633,23,24
614,633,24,25
615,633,24,26
617,633,23,24
616,634,24,25
617,634,22,25
615,632,24,25
616,636,24,22
613,637,24,20
609,633,25,20
603,624,26,16
603,618,25,18
581,644,27,19
606,631,28,19
606,631,29,19
605,627,31,21
605,626,31,22
606,625,30,23
605,628,32,22
605,629,31,19
606,630,31,18
605,631,31,17
606,631,31,18
605,630,32,18
606,628,30,20
610,627,27,21
614,622,24,26
616,615,22,29
617,614,21,32
613,620,21,39
608,620,25,39
607,626,26,36
606,630,25,31
608,631,24,29
606,635,25,26
609,638,24,24
608,638,24,23
609,637,23,24
608,637,22,23
613,625,20,24
613,624,19,21
616,624,18,20
615,625,18,20
630,636,21,22
631,637,18,19
629,640,21,16
629,641,20,14
630,641,20,13
629,642,21,13
631,641,20,14
632,639,19,14
632,631,20,15
634,630,20,16
633,629,22,17
631,627,23,20
633,627,22,20
631,626,23,20
630,626,25,20
632,627,23,20
630,624,25,21
633,625,22,23
632,621,21,25
632,617,22,29
630,619,22,31
627,616,23,35
627,617,25,36
625,621,25,33
624,621,25,30
625,622,25,30
624,622,25,29
625,623,25,30
625,625,26,27
625,624,23,28
625,624,23,28
623,628,23,24
620,630,24,22
621,632,26,19
620,631,25,20
620,630,25,20
622,629,24,20
622,631,24,20
620,630,25,21
619,631,26,20
622,630,25,19
620,632,27,19
621,633,26,17
626,643,25,18
631,641,23,21
632,637,22,24
629,637,24,26
630,637,24,26
629,637,24,25
633,641,23,23
639,641,21,22
636,647,24,17
636,646,24,16
639,648,23,15
639,647,22,16
634,647,25,18
631,642,27,16
635,635,25,15
640,638,29,15
654,646,29,19
655,646,29,18
655,649,29,15
655,650,28,15
655,650,30,15
656,650,29,15
654,650,30,14
655,649,28,15
654,648,29,17
655,649,28,16
656,649,29,17
655,649,28,16
656,649,28,16
656,647,28,17
662,646,30,18
651,646,34,16
634,639,36,19
621,632,38,18
627,629,33,18
628,630,31,19
632,629,27,19
632,629,27,20
635,625,23,23
635,622,23,27
633,621,22,28
629,609,23,27
630,600,24,26
626,596,24,27
620,600,26,31
610,615,30,37
609,615,34,39
607,612,36,44
601,618,40,38
602,619,36,37
602,619,34,37
601,614,38,43
599,617,44,39
603,621,48,35
602,625,49,31
634,570,40,38
607,623,45,31
616,604,49,38
614,604,55,43
608,603,61,46
611,602,59,42
614,601,57,43
611,604,59,41
608,603,62,48
623,603,49,43
626,605,45,42
630,602,39,45
632,603,37,47
632,600,36,49
631,593,36,50
628,586,36,46
593,606,42,50
588,614,48,43
584,618,55,40
582,624,51,34
578,625,53,35
574,628,51,34
579,620,45,41
582,608,43,47
579,614,46,55
579,605,49,57
580,596,51,56
580,600,53,52
577,599,38,54
606,575,28,48
606,586,23,45
610,612,23,43
609,615,25,42
607,619,26,38
610,622,25,32
609,624,24,32
609,627,24,28
611,627,21,26
611,630,22,24
611,631,22,22
612,632,21,21
611,633,23,21
608,635,23,20
606,631,26,20
604,625,26,22
589,640,23,17
600,617,24,16
608,629,26,16
606,630,29,17
604,624,32,21
602,625,32,21
604,625,33,20
602,625,34,21
601,624,36,20
605,625,31,20
608,629,28,17
611,630,26,16
610,630,27,15
611,630,25,15
609,629,27,15
612,628,24,16
612,621,23,21
616,617,21,26
615,623,20,28
611,623,20,32
608,628,23,28
610,631,21,24
608,631,22,25
607,630,23,25
608,629,22,27
608,629,22,27
609,628,22,27
609,632,20,23
609,631,22,25
601,629,25,26
593,626,34,24
647,619,36,31
651,616,35,34
648,621,40,33
644,626,37,30
634,627,35,28
615,620,37,31
609,618,42,25
608,619,43,21
608,621,43,27
616,621,36,35
608,621,44,31
604,620,49,29
597,618,49,35
583,624,47,28
611,614,46,29
612,613,44,30
613,609,44,34
614,610,44,35
619,609,37,37
624,613,31,35
630,612,26,34
630,611,26,36
630,611,25,38
631,611,26,37
632,611,25,37
635,613,23,38
635,616,24,31
635,620,23,27
636,619,23,29
635,625,26,23
635,623,24,25
639,618,23,30
649,614,21,34
606,608,23,28
607,609,27,27
605,613,30,21
605,614,31,20
604,615,29,19
606,615,30,19
604,611,35,23
605,611,34,22
609,613,35,22
617,605,31,27
623,594,25,24
638,570,24,21
641,586,22,23
631,609,24,26
635,610,21,27
634,612,22,30
628,615,27,28
630,610,26,33
630,614,27,31
621,615,34,32
615,616,39,32
616,615,39,32
616,615,40,34
615,613,42,36
615,613,40,36
616,613,40,36
616,612,40,36
615,611,40,36
615,614,39,34
615,613,40,35
614,614,40,34
615,615,39,32
616,614,40,33
615,618,40,30
615,616,39,31
615,615,40,33
615,614,39,33
617,616,34,32
618,612,25,36
618,613,21,32
610,616,16,27
595,612,18,27
585,605,18,28
578,592,22,28
575,588,27,26
579,592,22,22
580,592,22,22
580,594,21,21
582,592,20,21
582,593,18,19
582,589,16,21
583,576,17,23
580,564,19,23
580,555,18,23
580,547,19,24
580,546,19,25
582,547,19,28
583,554,21,30
587,569,21,31
564,605,20,28
561,607,20,26
598,615,24,21
600,614,22,21
601,613,22,23
601,611,21,26
600,612,22,24
601,611,21,26
600,611,21,27
601,610,22,26
599,610,22,25
600,612,23,23
599,617,23,18
598,614,23,19
597,614,23,20
598,614,24,19
597,615,24,19
597,615,23,19
597,613,25,21
598,612,23,22
599,611,22,22
601,610,22,26
599,612,25,23
600,613,23,23
601,612,22,23
600,613,23,23
599,613,23,22
601,613,23,22
600,613,23,24
600,611,22,23
600,611,22,24
600,611,24,25
599,611,24,24
601,612,23,24
601,611,22,25
602,610,22,26
603,615,23,24
601,616,23,22
602,617,24,21
603,616,22,22
604,618,23,20
604,616,22,22
603,616,20,22
603,610,20,24
602,602,19,25
604,609,21,27
604,606,21,30
604,603,21,33
604,603,21,33
604,605,22,33
603,603,22,33
603,603,23,34
605,603,22,35
605,603,21,33
606,600,19,33
605,590,19,30
579,606,20,28
605,566,19,28
603,553,20,30
605,547,20,33
606,546,20,34
608,552,20,37
612,572,20,34
617,600,21,32
618,604,21,28
619,608,22,24
619,607,22,24
618,608,23,24
619,608,23,24
617,607,22,23
614,599,20,27
609,586,21,26
605,579,21,25
605,579,20,29
609,602,20,29
613,607,23,29
612,608,21,28
611,610,24,26
613,613,23,22
613,611,23,24
614,607,20,29
613,617,20,28
615,622,20,33
613,623,24,33
613,622,23,34
613,620,24,37
613,622,22,35
613,624,21,33
614,629,23,27
614,629,22,26
612,631,21,25
612,628,21,27
613,629,21,27
612,630,22,26
613,630,22,25
612,631,22,25
611,633,28,23
629,622,27,27
633,631,25,21
633,639,24,17
632,640,23,17
628,642,21,17
623,644,17,20
609,642,22,21
604,639,24,22
600,638,30,22
602,637,29,18
603,637,30,17
613,645,33,18
606,644,33,19
601,641,33,25
602,639,32,28
602,636,30,30
606,633,26,33
607,633,25,34
601,641,28,27
597,645,30,20
597,645,31,22
596,645,31,21
593,644,33,23
594,645,26,25
651,635,24,25
653,639,22,24
653,638,22,25
651,636,21,25
650,635,23,27
650,638,22,25
649,635,22,26
650,637,22,25
650,635,21,27
651,635,21,27
650,637,21,25
651,634,21,27
649,636,22,25
651,636,23,24
650,637,21,25
651,637,22,25
650,635,22,27
650,631,22,31
650,632,22,31
651,634,21,29
649,633,22,30
650,635,22,27
649,636,22,26
651,635,22,27
651,636,21,26
650,635,22,25
650,634,22,28
650,636,23,26
651,634,21,27
650,633,22,28
650,633,22,28
651,633,22,29
649,632,22,29
651,632,23,28
649,632,22,29
650,633,21,27
651,632,21,29
649,633,23,28
650,636,21,27
651,636,21,26
650,636,21,25
649,633,22,28
652,633,21,27
652,636,21,25
650,634,23,28
650,634,22,28
650,635,21,28
650,635,21,28
650,632,21,30
649,633,23,30
651,636,22,26
650,636,21,25
650,636,21,26
650,634,22,28
651,632,23,30
652,633,22,31
650,633,22,29
650,636,22,25
651,636,22,25
650,637,21,25
649,636,22,26
651,636,22,27
650,635,22,28
650,635,22,27
650,634,23,28
651,634,22,29
649,634,22,28
651,634,22,28
651,635,22,27
650,635,22,27
651,635,21,26
650,634,22,29
649,635,23,28
651,635,21,27
651,637,22,25
650,634,22,27
650,636,22,26
650,636,22,26
650,635,23,27
651,636,23,27
650,637,22,26
651,636,22,26
651,635,23,26
650,636,22,27
652,637,21,25
650,635,22,27
650,637,22,25
650,636,22,26
650,635,22,26
651,636,22,27
651,634,21,27
651,637,22,26
652,637,21,25
652,637,23,25
651,637,20,25
651,636,21,26
652,636,20,27
651,635,20,27
650,634,21,28
652,636,21,25
650,635,21,27
652,635,21,27
650,634,21,26
649,633,22,28
652,634,22,27
651,635,22,26
651,636,22,26
650,633,23,28
650,632,21,29
652,635,21,27
651,633,21,29
652,632,22,30
651,632,20,29
652,634,21,28
650,631,21,30
651,632,20,29
650,632,22,30
650,631,21,31
650,632,21,29
652,633,21,29
650,632,21,30
652,633,21,29
651,633,21,30
653,634,21,28
651,633,21,30
652,632,21,30
650,633,21,29
652,633,21,28
650,634,21,29
651,631,21,30
649,631,22,31
651,630,21,31
650,633,21,29
651,632,22,29
650,634,22,28
652,632,20,29
651,634,21,28
652,633,21,28
652,633,21,29
651,632,21,30
652,632,20,29
650,632,21,30
651,632,21,31
651,632,21,30
651,632,20,29
651,632,20,29
650,632,21,30
651,632,20,30
650,633,20,29
651,631,20,30
651,630,21,30
650,632,21,29
650,632,21,30
651,631,22,31
651,631,21,30
652,632,20,30
650,632,20,30
651,631,21,30
649,632,21,31
652,632,21,31
650,633,20,30
652,633,21,29
651,631,21,29
651,632,20,30
651,631,20,31
651,633,21,30
650,633,21,30
651,633,21,30
650,633,22,30
650,633,21,30
652,632,21,30
650,633,21,29
652,633,20,28
651,633,19,29
651,633,20,30
650,631,22,30
652,631,20,31
651,631,21,31
652,633,21,29
650,631,20,30
653,633,20,28
651,633,20,29
653,634,19,29
650,633,20,28
651,633,21,29
652,631,20,30
651,632,22,28
651,633,19,29
651,631,20,29
652,632,20,29
651,632,22,29
651,633,21,29
652,631,21,30
651,633,21,29
651,631,21,30
650,634,21,28
652,633,21,30
652,633,23,30
652,633,21,28
653,633,20,29
652,633,21,29
651,632,20,30
653,633,19,29
652,634,19,29
651,631,19,29
653,631,19,30
651,632,20,30
651,633,20,28
650,632,21,29
653,632,20,30
652,632,20,30
651,630,21,31
651,630,20,31
652,633,20,28
652,632,21,29
650,631,22,30
650,631,21,30
652,631,20,31
651,632,21,29
651,633,21,30
651,631,21,30
651,631,22,31
650,632,21,30
652,631,21,31
651,632,22,30
653,630,21,31
651,631,21,30
652,631,20,30
652,631,20,31
651,630,21,31
651,632,20,31
651,631,21,28
651,631,23,30
650,632,20,30
652,632,22,30
650,631,22,30
651,631,20,30
652,632,20,30
651,632,21,29
651,634,21,27
650,634,21,27
652,636,21,26
650,634,21,26
651,634,21,24
650,630,22,23
649,625,23,25
648,620,21,26
644,615,21,25
642,610,21,27
641,606,20,26
639,599,16,27
635,594,16,29
621,618,19,29
622,621,20,26
620,621,20,25
622,621,19,27
621,620,20,27
622,623,20,25
621,622,20,25
621,621,19,26
621,620,20,26
622,623,20,26
620,620,20,27
620,620,20,27
621,618,20,28
621,619,19,28
620,618,19,30
621,618,20,29
620,615,20,29
617,615,21,30
617,613,21,30
614,613,20,27
627,596,15,23
624,596,15,22
621,596,18,24
621,597,19,23
619,596,21,23
620,595,21,24
619,594,20,24
620,596,20,23
620,596,21,23
620,596,20,22
621,595,20,23
621,595,20,23
620,596,21,23
621,596,21,23
619,596,20,23
621,596,20,23
620,595,20,23
620,596,20,23
621,596,20,23
620,596,21,24
620,596,20,23
620,595,21,23
619,597,21,23
620,595,22,23
620,595,22,25
620,595,22,24
619,595,23,24
620,595,22,25
619,593,22,25
618,594,23,24
619,595,23,23
618,593,21,23
618,590,21,23
619,586,22,23
618,583,21,22
619,579,21,23
619,576,20,23
617,572,20,25
616,569,20,26
615,566,19,26
615,567,20,25
614,564,19,26
614,564,21,26
615,566,21,23
616,566,19,25
616,568,20,24
614,567,19,22
615,566,21,24
615,567,20,24
615,567,20,23
615,567,20,24
615,567,20,22
615,568,20,23
616,568,20,23
614,568,20,22
614,568,20,22
614,567,20,22
614,569,19,22
614,567,21,22
615,568,20,21
616,568,20,21
614,569,19,22
614,568,20,23
615,568,20,23
616,567,20,23
614,568,20,23
615,568,20,23
616,567,20,22
616,568,20,23
615,567,20,22
614,568,20,22
614,568,20,22
615,568,20,22
614,569,20,21
615,569,20,22
616,569,20,22
615,566,19,23
614,567,20,23
615,568,19,23
615,569,20,21
615,568,20,22
613,568,21,22
614,569,20,21
615,569,20,21
613,568,20,21
615,570,21,21
615,568,21,22
615,569,21,21
614,567,20,23
614,568,21,23
616,569,20,22
615,567,20,22
614,569,21,21
614,570,20,21
615,568,21,21
615,569,20,21
616,568,20,21
615,569,20,21
614,569,21,22
615,569,21,22
614,567,19,22
615,567,20,22
615,566,20,23
616,569,19,22
615,569,19,22
615,569,20,22
616,567,20,22
618,568,20,23
619,568,22,21
621,569,25,19
623,568,27,19
625,567,26,18
626,568,27,19
626,568,28,18
624,568,29,18
626,568,27,18
626,569,26,18
625,569,28,18
624,567,29,18
623,568,31,18
625,569,29,18
626,568,29,18
624,569,29,19
626,569,29,18
625,568,29,19
624,568,30,18
624,568,30,18
624,568,29,18
623,569,30,19
624,568,28,18
626,569,28,17
624,568,28,18
626,569,28,17
624,569,28,17
625,568,29,17
625,568,29,17
623,569,30,18
622,567,31,19
622,568,31,18
620,568,32,18
624,569,31,18
624,568,30,19
623,569,30,18
624,569,30,18
623,568,30,18
625,568,29,17
624,568,28,18
627,567,27,19
624,569,29,18
624,567,29,18
623,569,30,18
624,568,30,19
624,569,31,19
624,568,29,19
625,569,29,18
626,568,28,18
626,569,27,19
626,569,28,19
624,568,28,18
625,569,28,17
624,570,29,17
625,569,28,17
624,569,29,17
625,570,30,17
626,569,29,17
624,569,29,18
625,569,29,18
626,568,28,19
624,568,30,18
623,568,29,17
624,569,29,17
627,569,26,17
625,569,27,19
626,569,27,18
625,568,29,18
623,569,30,18
623,570,29,17
625,568,27,17
627,568,26,18
626,568,29,18
624,568,28,18
625,569,29,17
623,568,29,17
622,570,30,17
625,569,29,17
625,568,29,17
623,567,29,18
625,568,27,18
625,568,28,18
624,569,29,18
625,568,29,18
625,567,27,18
626,567,26,20
630,566,23,20
632,566,21,23
631,566,21,22
633,565,24,23
633,565,26,21
631,562,31,24
629,563,36,23
629,565,40,22
628,565,44,22
627,565,44,22
628,564,47,24
629,566,47,22
628,563,46,23
629,563,48,24
628,565,49,21
629,563,49,24
628,565,50,21
629,565,49,22
627,564,51,22
629,565,50,23
628,563,52,23
629,565,52,22
633,561,49,26
631,561,44,23
649,538,39,29
653,517,35,37
653,502,36,47
655,493,34,52
653,486,33,54
653,487,33,52
649,495,33,48
639,507,39,49
622,533,45,44
612,558,45,36
603,559,53,35
602,560,53,33
603,560,53,33
603,561,54,33
603,562,52,32
602,562,53,31
603,561,53,32
604,561,52,32
602,562,53,30
604,561,51,31
602,562,51,29
603,559,51,28
612,551,46,26
613,548,44,27
612,557,44,20
631,524,38,22
631,535,33,23
622,554,32,29
618,560,34,33
615,550,38,41
617,547,35,44
615,549,38,45
614,545,41,48
613,546,40,48
614,548,42,47
615,543,38,50
614,544,40,48
614,545,40,46
614,545,40,50
605,544,51,54
603,541,53,56
605,538,50,51
607,537,51,43
606,538,53,39
603,542,55,38
600,557,55,37
601,559,56,37
599,560,57,35
600,563,55,32
598,562,56,33
602,561,55,34
603,548,52,36
603,549,53,29
602,542,56,35
602,540,57,39
607,536,54,41
615,545,44,41
608,559,49,41
604,560,54,41
603,556,53,44
605,559,53,43
604,556,52,44
604,558,53,43
604,556,53,46
601,554,53,47
601,555,51,46
602,555,51,44
602,556,54,45
602,556,53,44
601,555,54,45
601,557,55,41
600,556,55,40
599,556,59,37
600,555,63,37
601,558,61,27
600,555,63,26
600,553,61,25
601,552,58,27
601,554,56,24
607,554,54,25
602,555,56,24
601,556,55,20
612,556,49,21
614,555,43,21
615,556,42,20
623,558,34,18
626,557,31,18
628,556,29,18
630,557,27,17
630,557,27,17
629,558,27,17
630,558,25,17
630,556,26,18
629,556,27,18
627,556,29,18
628,557,30,17
629,557,27,18
630,559,28,17
629,558,28,17
630,556,27,18
630,558,26,17
630,559,25,17
630,557,25,17
630,558,26,17
629,558,26,16
630,559,27,16
630,559,26,16
632,558,24,17
632,558,25,17
632,558,25,16
631,558,25,17
632,558,25,16
632,558,24,17
632,558,25,18
632,558,24,16
631,559,24,17
632,559,25,17
630,559,27,17
629,559,28,17
626,557,30,17
627,558,30,16
625,558,30,17
631,558,25,18
629,558,27,17
634,558,24,18
634,558,22,17
638,558,19,18
638,557,19,18
637,558,20,18
637,559,20,17
636,559,20,17
637,560,19,16
637,558,18,16
637,559,18,15
637,559,20,15
635,559,22,17
632,559,24,17
633,557,23,17
632,559,24,16
632,558,24,16
633,558,24,16
635,558,20,18
639,559,18,16
641,560,16,15
641,561,16,14
639,562,17,14
636,560,21,15
633,559,24,17
634,560,22,16
632,559,24,16
632,559,23,16
631,560,25,16
634,560,23,15
632,557,24,17
637,560,20,15
640,561,18,15
643,562,14,15
643,561,14,14
643,563,14,13
642,562,13,13
643,562,15,14
640,561,15,14
641,561,16,15
638,560,17,15
636,560,20,15
633,559,22,17
632,559,24,17
629,558,26,18
629,557,28,17
628,557,29,17
628,559,29,16
629,558,28,18
628,556,28,19
629,554,26,21
632,555,22,21
635,555,19,21
636,555,22,21
636,554,23,21
636,555,24,21
636,556,28,20
635,553,30,22
635,554,30,19
644,550,32,23
643,550,36,24
635,553,42,21
634,551,45,23
633,552,45,22
632,555,44,20
633,555,47,21
633,552,48,21
633,552,47,21
633,552,47,21
636,554,40,20
635,550,40,22
642,541,32,24
646,527,29,25
619,552,34,20
620,553,34,18
621,554,34,17
619,555,36,16
641,531,31,16
631,553,30,22
630,561,28,25
624,563,33,26
621,558,35,30
621,556,38,33
610,559,46,31
605,558,51,33
607,557,52,35
606,557,52,32
605,558,53,33
605,558,50,32
604,558,51,31
604,558,51,27
605,550,52,26
605,547,55,28
605,544,55,30
605,543,59,30
606,553,50,33
605,557,49,36
604,555,51,38
604,554,53,42
603,555,52,39
603,560,49,34
605,555,50,38
604,559,51,35
604,558,52,35
604,556,52,38
604,554,51,39
606,555,51,39
606,558,46,35
606,554,48,31
609,544,50,33
605,537,55,38
605,542,52,37
605,553,50,37
605,557,50,34
604,557,49,34
604,557,50,34
605,558,47,32
605,559,48,31
604,558,48,32
605,551,49,31
605,549,53,27
605,546,54,29
606,545,56,30
609,542,53,35
614,557,49,37
606,558,55,41
601,558,58,39
604,557,57,38
604,557,57,37
603,559,58,36
603,559,58,35
603,558,57,35
604,555,57,40
605,553,58,40
604,547,60,47
605,550,60,44
604,553,60,41
605,554,59,39
606,555,59,37
604,555,61,34
605,555,62,31
605,550,60,31
607,551,56,27
606,551,53,25
605,552,52,24
606,552,49,24
605,552,50,23
605,552,48,23
617,551,41,22
621,553,36,19
626,553,31,17
627,555,29,15
630,554,27,15
630,554,27,15
630,554,26,17
631,553,26,17
630,553,27,16
630,554,28,16
630,553,26,16
629,553,27,17
630,553,26,17
630,553,27,17
631,555,27,16
630,555,26,16
630,554,26,16
630,553,27,17
630,553,26,17
630,554,27,17
630,554,28,16
630,553,27,16
630,554,27,16
626,553,30,16
628,553,29,16
629,555,28,16
630,554,27,17
629,555,27,16
632,554,26,16
631,554,25,17
632,554,26,16
632,555,24,16
631,555,25,16
631,555,25,15
632,554,25,16
632,554,25,16
631,553,22,18
630,550,18,19
630,543,13,16
631,538,11,16
632,541,14,16
631,540,17,17
644,559,19,17
645,560,20,16
643,559,20,17
644,561,20,16
646,561,19,16
643,560,20,17
644,558,18,17
645,559,19,18
645,559,20,17
645,560,19,17
645,559,19,17
641,559,22,18
642,558,21,20
645,556,20,20
644,555,20,21
643,558,20,20
644,556,20,20
644,557,20,21
644,555,21,21
644,555,21,23
644,556,21,20
643,556,21,20
645,555,21,21
644,553,22,24
644,555,22,22
646,550,22,24
647,544,23,23
647,536,24,27
646,533,25,27
645,535,26,27
643,537,26,29
636,548,27,31
630,560,28,32
627,568,31,28
628,569,30,27
628,570,29,26
625,570,33,26
624,571,33,26
621,571,36,26
616,572,42,26
614,574,43,24
615,573,43,24
614,574,43,25
616,573,42,25
615,575,43,24
614,575,43,24
615,576,42,23
615,574,42,24
615,573,43,24
613,576,44,22
614,576,42,23
613,576,42,23
614,576,43,22
614,577,42,22
615,576,41,22
615,575,41,23
614,578,42,21
614,576,42,22
613,576,42,21
614,577,41,21
615,576,42,22
615,576,42,23
617,574,39,23
621,572,32,25
625,566,26,25
628,557,21,28
626,543,20,25
623,534,19,25
620,529,18,26
619,529,20,28
588,556,21,23
622,551,22,24
622,554,23,22
623,555,23,21
622,555,23,21
623,554,23,21
622,556,23,20
622,555,24,20
622,554,23,20
623,555,24,20
621,554,24,20
622,554,23,20
623,555,24,20
623,554,24,21
621,554,24,21
619,555,26,20
619,555,27,20
621,555,25,20
620,555,26,20
620,555,27,20
621,555,26,19
620,556,26,19
620,556,26,20
621,555,26,20
622,556,24,18
622,556,26,20
621,557,25,19
623,556,25,20
619,552,23,21
619,547,18,20
618,541,17,21
619,537,18,23
621,544,19,23
627,558,21,24
626,560,23,24
626,563,22,21
627,564,22,20
628,565,21,19
628,562,22,22
628,563,22,21
628,562,21,22
628,562,21,22
628,563,22,21
627,563,23,21
628,563,22,20
627,564,21,20
628,563,21,21
627,564,22,21
627,565,21,21
626,563,22,23
628,564,23,21
627,564,23,21
626,563,25,22
626,564,24,22
627,565,23,20
626,564,22,20
627,564,22,21
627,564,23,21
627,567,23,20
628,564,21,20
628,564,20,21
628,564,22,21
628,564,20,20
628,562,19,21
628,557,18,24
627,544,20,26
627,544,20,27
629,554,17,32
629,557,20,30
628,560,21,27
628,563,20,25
629,565,20,22
629,566,21,20
629,566,20,20
627,566,20,20
629,567,21,20
628,566,19,20
628,566,21,21
628,566,20,21
628,566,20,20
628,566,20,20
628,565,20,21
629,567,20,20
628,566,19,20
629,565,19,22
630,565,19,21
628,566,20,21
628,566,20,21
627,565,21,21
629,566,21,21
627,566,20,21
628,566,21,20
627,565,22,23
627,566,20,21
628,567,21,21
629,565,20,23
627,565,21,22
628,565,22,22
628,565,20,21
629,564,19,22
631,562,20,24
596,558,21,21
598,558,20,21
596,560,21,20
597,560,20,20
598,559,22,20
597,559,22,21
598,559,21,20
597,559,22,22
597,558,21,23
597,558,21,21
597,559,20,22
597,560,21,20
597,559,20,21
599,556,20,23
602,549,19,21
604,538,21,23
617,519,21,20
618,531,17,24
609,549,19,24
607,548,21,28
606,552,22,28
603,552,25,30
600,550,29,34
592,554,36,31
594,553,37,33
593,554,36,32
592,553,37,33
591,554,37,31
592,554,37,31
591,555,38,30
592,557,37,30
592,554,39,32
591,551,40,35
592,548,39,38
592,545,39,41
593,548,38,37
591,547,38,40
592,547,37,39
592,550,37,37
593,549,36,37
592,552,34,34
592,521,38,39
587,525,42,38
581,521,45,33
581,530,44,33
585,534,38,28
583,556,34,29
587,557,26,30
587,560,24,27
585,558,26,27
583,556,28,28
583,554,23,29
580,550,20,30
583,548,20,33
588,545,21,34
591,545,23,33
589,547,26,30
591,546,26,31
590,545,25,30
591,545,26,31
590,545,25,31
588,545,27,33
588,545,27,31
588,547,27,30
587,549,27,26
589,551,28,26
587,552,32,23
592,549,34,25
593,547,39,27
644,575,32,28
644,576,31,31
644,574,31,30
644,575,32,30
642,578,33,28
644,580,33,27
644,580,32,27
642,577,33,29
643,580,33,28
642,581,34,27
643,579,38,27
643,578,39,28
649,576,34,30
660,571,26,33
661,566,24,28
655,555,22,28
597,568,20,24
596,568,20,23
596,569,20,22
598,569,21,21
615,566,19,21
620,557,22,22
619,555,23,19
608,555,21,16
606,556,16,16
606,568,16,18
617,569,13,17
623,568,12,17
623,567,13,18
624,566,12,18
624,565,13,18
624,567,12,18
624,569,12,17
625,571,12,15
625,570,13,14
624,571,13,14
624,569,13,15
624,568,13,14
633,563,10,16
616,551,10,15
615,551,11,14
615,551,11,13
616,551,10,12
616,551,11,13
614,552,10,12
616,551,9,12
616,553,10,12
615,552,9,12
615,553,10,12
615,551,8,10
606,547,11,11
612,548,12,13
617,535,13,15
623,521,15,17
634,510,16,19
639,510,17,20
659,549,20,21
660,560,20,22
660,560,21,23
661,561,20,23
661,561,21,23
660,561,20,22
660,562,21,22
661,560,20,23
662,561,19,23
661,560,20,23
661,559,20,24
661,558,19,24
663,562,20,22
660,560,20,23
662,559,20,24
661,560,20,22
661,560,20,22
661,561,21,22
659,558,21,22
656,554,21,24
648,538,19,27
641,526,18,28
636,514,19,31
633,508,19,34
631,509,21,35
633,521,20,36
637,546,19,37
637,552,23,33
637,550,22,35
637,551,22,33
638,550,22,36
636,548,25,39
637,544,25,41
635,546,26,40
635,543,25,42
636,544,25,42
636,544,26,42
636,547,25,40
636,546,25,40
636,548,24,37
636,548,25,38
636,546,24,40
635,542,27,43
636,540,25,46
635,544,24,41
637,544,22,42
637,544,23,42
638,542,23,44
637,542,23,43
638,548,22,38
637,547,22,38
637,547,22,38
637,550,22,34
638,552,21,34
638,552,22,33
639,554,20,32
639,551,20,32
637,551,19,27
634,543,19,23
634,536,19,23
633,531,19,25
638,537,19,27
646,559,20,26
646,561,21,25
645,561,23,24
645,560,24,24
644,561,24,25
644,559,23,27
643,559,24,26
644,562,23,25
645,561,22,25
646,561,24,25
645,561,23,25
645,561,21,24
646,564,22,22
646,566,20,21
647,562,21,21
646,561,21,24
645,563,21,22
647,564,20,22
647,562,20,24
646,564,21,23
646,563,21,23
646,562,21,24
644,561,22,24
646,559,22,27
646,563,21,24
645,561,22,25
646,557,21,29
647,559,22,27
645,558,24,29
645,559,24,27
644,559,26,28
646,562,23,23
647,564,21,21
646,564,21,22
646,565,20,21
647,564,21,21
648,563,21,23
646,564,21,22
647,563,21,22
647,562,21,22
647,564,21,22
648,565,20,21
645,564,22,22
645,562,23,23
646,565,20,21
647,563,22,22
647,566,20,20
646,562,22,22
645,564,22,21
646,564,20,22
647,563,22,21
644,561,24,25
644,558,25,28
643,557,26,29
644,557,25,28
645,558,24,27
642,555,25,31
643,554,24,32
643,556,25,30
644,554,24,31
643,554,25,31
643,555,26,30
642,555,26,30
643,555,24,30
644,557,24,28
644,556,25,29
646,560,23,27
645,558,25,27
643,557,25,27
644,556,25,28
644,558,25,29
644,558,24,28
645,555,24,32
643,554,26,32
643,556,25,30
643,556,23,30
645,557,25,29
642,556,26,30
642,556,26,30
644,558,25,28
644,555,25,31
643,555,26,32
643,556,25,31
642,553,26,32
642,555,26,32
641,554,27,33
642,556,26,30
643,555,24,31
645,557,25,30
644,558,25,27
644,560,24,27
643,557,25,30
644,557,25,30
643,556,25,31
644,555,26,30
643,556,27,29
643,553,25,31
643,559,24,28
645,558,23,28
642,557,26,29
644,555,25,31
643,554,26,33
643,553,27,33
643,554,25,32
643,554,26,32
642,556,25,30
643,556,27,28
643,556,24,30
643,556,25,30
641,556,27,31
642,554,27,31
642,557,25,30
643,557,26,29
644,556,25,30
642,555,26,31
642,554,27,32
642,554,27,32
641,556,27,31
641,554,27,32
642,554,27,31
643,555,25,32
643,554,26,31
643,554,25,30
642,555,26,31
644,557,23,30
643,555,25,30
644,554,25,32
642,555,26,32
642,555,27,31
642,556,26,30
643,556,26,31
644,556,26,30
642,556,27,30
643,554,26,31
642,555,26,31
643,554,26,33
643,553,26,34
643,552,25,34
642,552,27,36
641,553,27,35
643,551,24,34
642,554,26,34
643,553,26,33
643,557,25,31
643,555,25,31
642,555,26,32
644,557,25,29
641,556,25,30
643,556,25,30
644,557,23,30
643,556,24,31
644,556,24,30
643,557,23,28
644,555,25,30
643,555,24,30
643,555,25,30
644,557,24,30
643,556,24,29
643,554,23,31
642,555,22,30
642,555,20,30
640,555,20,30
640,557,19,29
639,558,20,27
639,557,21,29
639,556,20,29
639,557,20,29
639,556,21,30
641,557,20,29
641,559,20,27
639,559,20,28
639,557,21,30
640,556,21,30
638,556,21,30
640,555,20,30
640,557,20,31
639,555,20,31
638,556,20,31
640,555,20,32
639,555,20,31
641,555,21,31
640,556,20,31
641,556,19,30
640,554,20,32
640,554,20,32
639,555,20,32
641,558,20,29
640,556,19,30
640,556,20,31
640,557,20,30
641,556,19,30
640,555,20,31
639,555,20,31
641,557,19,30
639,554,20,32
639,556,20,30
640,556,21,31
638,556,20,30
640,555,20,30
638,556,21,30
638,560,23,27
638,560,22,25
636,556,24,29
637,557,22,28
637,559,22,29
637,557,22,30
637,555,22,30
637,557,22,30
638,556,23,31
636,555,23,30
638,556,22,30
638,558,22,29
639,559,21,28
638,556,22,30
637,556,22,31
638,557,21,30
638,556,23,30
637,555,23,31
636,554,23,31
637,554,22,32
637,555,22,31
638,555,22,31
