109,191,57,63
110,189,55,68
110,190,56,69
110,192,58,64
114,192,55,66
111,193,58,65
116,194,56,66
116,189,59,68
118,190,57,70
128,192,49,66
124,192,56,68
131,193,52,64
133,192,54,64
141,190,51,65
143,188,51,64
149,187,46,65
150,187,46,63
153,186,48,64
157,188,45,64
158,184,47,66
159,186,48,65
162,189,47,59
159,188,49,59
164,189,48,61
162,190,52,61
167,189,48,61
166,190,50,60
164,189,53,60
170,187,49,63
173,188,47,63
171,188,53,64
174,187,51,65
177,187,51,64
178,184,51,66
178,189,53,65
178,186,56,64
182,187,55,63
181,187,59,65
180,186,56,65
182,184,59,65
181,187,59,65
183,184,60,70
185,183,55,70
186,179,59,73
186,179,61,72
185,178,62,70
190,177,58,69
187,179,59,73
191,174,57,73
190,177,60,70
192,174,57,73
189,173,62,74
190,172,63,73
189,173,66,76
193,172,62,75
196,173,60,75
194,174,65,75
196,175,65,76
206,175,53,75
207,173,55,75
207,170,57,74
209,171,54,78
209,169,52,78
205,172,57,78
207,170,57,77
208,170,56,77
210,173,54,77
212,170,51,78
210,171,51,74
211,168,50,78
209,170,55,77
211,170,51,75
211,168,51,78
208,168,58,79
211,169,50,77
210,168,50,77
215,166,46,78
214,168,47,81
205,169,56,79
201,169,61,80
200,169,61,80
200,169,64,81
211,170,49,83
211,168,49,83
213,170,47,81
212,171,48,83
214,170,45,85
211,168,46,85
211,170,49,82
211,170,50,82
212,169,48,84
211,170,49,83
213,169,46,80
214,171,44,81
214,172,50,84
212,167,47,83
214,169,51,85
215,169,48,86
217,167,47,86
217,168,46,87
217,167,47,85
217,168,46,83
219,170,46,83
216,167,50,85
218,168,46,86
218,165,46,88
215,162,50,91
218,164,48,90
218,164,48,90
218,164,49,89
218,166,48,87
218,167,49,88
218,166,46,86
219,167,49,88
220,167,47,88
221,165,46,88
217,164,50,88
218,164,48,90
218,162,48,91
217,164,50,89
218,164,51,90
215,165,52,91
216,166,51,90
215,167,53,89
215,165,51,90
214,165,52,89
216,166,52,84
221,166,48,92
219,163,49,96
219,164,48,94
219,165,49,95
218,164,47,95
217,166,49,94
218,165,51,96
216,164,51,95
215,167,52,96
213,167,57,96
217,165,49,95
216,163,50,95
218,164,48,100
218,162,51,99
218,164,50,99
218,163,54,99
215,165,55,94
217,165,56,92
218,167,55,92
218,167,56,93
216,166,57,93
217,165,56,97
217,164,58,95
216,165,57,95
215,166,57,92
216,163,54,98
215,164,58,99
217,163,54,97
217,164,54,95
217,163,56,99
219,164,54,93
219,165,53,94
220,160,53,96
221,164,51,96
221,163,54,95
220,161,52,97
225,160,51,100
224,159,50,100
224,156,50,102
226,156,49,103
225,158,53,101
224,158,52,100
225,159,55,100
228,160,51,97
227,159,51,99
227,159,54,103
227,158,53,101
226,156,53,104
226,156,52,101
226,155,53,106
225,155,53,107
229,157,53,106
227,155,52,103
228,156,53,101
227,156,55,105
228,157,54,104
228,156,52,103
227,156,54,104
228,156,55,103
230,157,53,103
228,154,55,108
231,154,53,108
230,154,54,109
230,153,55,108
228,151,58,109
228,151,55,109
228,154,56,107
228,154,60,106
228,155,59,104
231,154,55,109
232,155,55,104
231,151,57,108
232,152,56,110
232,151,56,111
230,151,56,114
230,152,59,115
232,151,59,110
230,155,59,112
230,152,65,114
232,156,59,110
232,158,58,111
232,156,58,114
232,157,61,114
232,153,62,119
236,160,58,118
233,158,62,120
238,156,59,120
238,157,61,121
238,156,59,123
237,156,62,119
238,160,62,116
237,159,64,116
239,161,64,115
229,158,66,118
234,154,60,117
234,154,61,118
233,156,63,120
234,152,61,119
233,150,62,119
233,149,63,121
233,151,62,121
232,150,60,118
233,152,63,117
231,153,62,116
234,150,62,117
235,149,63,119
231,146,65,123
233,141,61,121
232,139,60,123
227,135,65,124
230,135,63,123
231,133,63,125
226,129,68,125
223,128,70,125
229,125,64,124
226,121,67,124
224,119,67,128
229,118,63,128
227,118,64,128
225,113,65,127
224,113,67,129
229,110,63,128
230,110,62,127
227,109,62,125
227,109,63,125
225,110,67,124
225,107,64,129
228,108,63,128
228,109,63,124
224,111,67,127
226,109,66,132
225,109,67,132
223,106,74,136
225,103,71,133
224,101,71,135
221,102,75,132
222,100,73,131
228,98,68,134
225,105,72,131
223,101,76,130
225,106,72,129
224,102,72,131
226,104,72,132
226,104,72,133
229,105,67,129
229,101,69,133
229,106,67,132
228,100,69,136
226,101,68,134
228,106,66,129
229,103,66,130
228,105,66,128
228,101,65,133
226,102,66,134
227,102,68,133
226,99,69,136
226,101,71,141
224,99,72,138
223,94,74,142
219,100,79,143
221,97,79,145
219,96,81,137
222,103,81,140
228,108,77,139
231,104,75,142
230,111,77,139
230,113,83,145
229,110,85,144
234,113,78,144
230,118,76,144
231,115,72,144
231,116,70,143
230,121,70,135
231,117,72,142
230,121,75,138
230,120,75,141
230,125,76,140
230,120,76,154
232,119,74,157
229,120,81,166
231,118,84,159
233,116,83,164
228,117,91,163
226,123,93,158
223,119,97,163
223,123,98,160
222,121,102,158
213,122,108,159
228,121,98,159
223,121,103,166
233,123,94,171
238,120,86,166
243,121,83,170
241,125,88,165
235,123,93,171
242,127,85,161
244,125,86,166
245,133,82,157
243,133,87,162
247,138,84,161
246,137,86,163
246,139,84,165
246,136,88,175
241,136,93,183
245,135,90,181
245,132,89,184
247,132,93,186
241,132,101,187
237,136,106,175
248,139,96,179
248,138,96,181
246,132,100,184
249,130,99,193
252,131,97,194
251,126,98,205
253,126,99,204
256,123,100,210
261,126,96,209
261,128,94,206
262,133,93,203
256,136,100,199
263,132,94,201
259,133,95,199
267,142,84,193
264,135,89,195
261,134,91,197
259,125,91,207
253,122,91,215
249,110,95,229
244,99,89,242
239,97,96,239
239,95,89,237
232,90,99,231
229,91,98,226
230,84,96,223
223,91,99,215
222,80,101,219
223,87,106,208
221,87,104,212
221,82,107,212
222,70,112,233
221,72,110,233
224,79,107,223
220,85,110,218
224,84,107,221
225,87,108,219
226,89,105,224
227,98,98,206
226,101,97,208
224,105,101,200
220,103,101,208
219,105,105,200
218,103,104,209
223,106,100,203
218,105,107,202
215,103,107,209
218,105,108,205
220,109,109,206
218,108,109,209
217,116,100,197
217,107,102,210
211,107,108,199
207,105,109,214
208,104,105,207
203,101,114,215
208,106,106,209
198,102,114,205
191,106,119,196
200,106,109,203
196,103,112,212
200,112,106,212
200,108,105,223
197,104,98,220
195,104,105,222
194,106,104,222
191,104,111,227
188,99,116,227
185,91,115,232
184,80,117,238
180,79,114,245
177,78,119,247
178,81,118,237
180,80,114,245
173,76,117,256
170,79,123,251
170,76,120,254
166,80,125,249
171,87,116,247
170,77,122,244
170,86,122,244
156,83,138,240
161,83,130,246
168,91,124,238
162,88,128,243
163,86,124,245
170,91,121,248
168,87,125,256
171,102,129,246
169,97,132,252
173,92,127,257
168,98,134,249
173,100,139,242
170,92,142,248
176,92,140,243
170,90,149,248
168,93,154,243
165,90,155,240
165,92,161,240
157,83,168,255
163,84,156,257
160,90,168,261
158,88,171,262
167,87,169,259
160,86,174,262
163,85,176,266
168,91,171,258
165,99,180,240
168,101,181,239
159,97,186,241
163,100,185,247
158,105,196,241
153,101,201,249
151,103,200,251
143,99,208,251
148,105,206,253
146,107,208,246
139,113,222,249
138,111,221,247
138,110,208,244
139,106,218,248
126,108,232,247
107,109,251,246
98,111,268,245
101,121,260,245
96,119,265,237
88,121,275,237
79,122,282,240
74,121,294,237
76,115,298,247
62,115,313,245
81,131,297,226
60,128,322,237
38,129,353,234
33,134,359,231
38,130,351,231
36,127,362,239
42,126,354,234
48,125,347,239
36,119,366,244
34,113,371,237
56,117,365,245
99,114,339,242
38,116,405,253
43,112,412,241
29,117,440,236
34,108,446,250
58,102,419,248
47,100,440,246
51,101,450,259
62,97,421,250
102,84,387,270
95,80,397,270
126,72,365,271
171,78,320,280
175,82,315,272
185,72,298,281
183,80,307,267
209,73,281,271
180,66,306,267
161,68,318,265
137,52,354,273
118,50,374,276
112,34,372,264
96,20,393,284
102,19,387,298
128,12,357,284
119,23,373,283
121,9,367,278
122,-2,364,276
148,10,331,256
145,8,331,266
154,1,326,270
185,18,301,256
197,12,294,270
209,24,275,256
219,24,262,263
244,25,247,262
253,34,244,258
260,32,233,272
261,45,226,274
257,43,229,277
251,65,239,269
255,68,235,269
245,78,238,271
232,73,250,275
220,82,265,269
213,75,265,279
202,88,273,269
180,97,301,266
171,101,311,261
161,108,329,254
157,118,333,248
162,103,329,259
148,113,345,244
134,99,360,257
136,95,362,249
116,97,376,249
101,87,391,253
104,90,381,273
90,85,401,266
81,82,411,260
72,78,415,270
61,87,433,266
58,80,424,263
43,80,444,267
51,89,437,261
72,87,418,260
54,84,430,258
91,92,399,258
73,102,417,241
50,102,442,226
82,112,404,225
88,118,405,212
82,123,412,206
94,126,388,197
83,129,406,191
87,133,403,186
104,129,385,186
101,125,383,175
102,124,382,162
120,121,354,169
103,125,379,157
120,116,357,162
124,118,354,157
126,116,342,151
125,118,347,146
144,123,324,144
148,123,325,133
154,126,319,133
153,128,318,124
161,129,301,116
158,133,308,121
159,136,314,116
161,138,300,113
159,131,304,117
170,134,285,112
163,130,291,110
177,130,299,108
167,125,312,113
186,135,285,112
183,135,300,100
180,131,302,108
189,138,283,101
174,138,303,106
196,142,283,105
175,143,303,98
178,141,303,100
185,141,288,102
179,138,295,103
171,141,291,103
173,140,285,102
176,146,282,97
167,148,290,94
163,148,293,95
154,150,299,99
151,149,297,100
155,145,313,106
118,141,342,105
112,140,368,103
121,143,361,104
54,138,375,103
49,146,401,102
56,139,422,103
56,144,423,107
62,136,420,109
84,133,395,119
91,128,394,113
92,137,350,115
82,130,324,115
104,130,290,110
115,131,298,111
125,128,284,117
123,129,259,119
123,130,249,115
130,128,230,114
133,128,224,111
139,125,227,113
161,125,207,113
155,119,209,116
162,117,209,116
154,118,223,115
161,119,208,108
164,118,215,115
167,116,219,114
167,115,214,116
172,116,197,122
182,119,166,109
175,116,160,108
177,120,174,112
175,118,164,108
177,123,144,106
176,118,141,112
176,120,129,111
177,123,134,99
176,120,151,116
173,121,146,101
175,114,139,113
169,118,147,112
166,117,157,114
161,119,173,118
157,119,184,111
157,120,181,112
158,123,165,116
161,123,163,112
159,123,178,118
157,125,180,119
155,126,190,121
160,124,183,126
158,124,183,126
155,121,191,123
161,124,195,126
162,120,202,119
162,118,206,121
164,119,200,124
171,120,193,116
172,113,187,135
169,117,200,130
175,114,195,129
176,111,190,133
179,109,191,133
179,104,190,138
181,107,192,135
178,108,204,133
179,109,205,133
179,108,207,134
180,109,208,132
184,108,196,135
185,113,199,129
190,109,196,138
185,110,214,135
185,108,209,135
187,107,214,137
190,105,211,133
191,108,217,129
196,107,208,132
199,102,204,131
200,105,208,128
206,100,204,129
205,101,203,129
208,100,207,133
212,99,206,124
212,97,209,133
211,94,211,143
215,93,204,132
218,93,197,134
220,97,200,132
221,98,204,134
223,97,206,140
222,100,201,123
225,97,189,129
225,99,193,133
225,101,192,129
224,98,200,138
225,96,198,133
226,99,194,125
220,101,197,126
226,97,190,138
222,98,199,132
224,97,197,132
224,96,204,133
224,93,201,135
226,93,198,130
224,94,197,131
224,95,197,131
223,96,196,135
224,95,194,127
220,94,195,138
220,95,201,136
220,99,207,127
222,95,203,128
222,97,207,126
206,93,210,134
211,100,213,136
214,94,213,136
212,95,214,132
211,99,215,117
207,95,217,131
206,96,223,128
209,96,213,130
202,96,219,122
207,95,209,134
213,100,211,112
205,95,200,136
208,95,216,134
205,96,210,130
204,96,214,131
212,99,208,115
204,92,204,137
207,99,209,133
204,94,215,129
197,92,222,140
204,95,213,130
205,94,210,133
202,99,212,134
205,98,209,127
198,97,214,136
198,102,219,124
202,105,205,128
199,106,221,133
207,107,212,118
198,105,221,129
202,105,213,122
202,103,208,133
200,109,213,133
206,104,205,126
202,107,210,131
196,106,221,134
195,110,220,125
193,107,219,136
200,112,213,124
198,115,219,107
197,114,226,122
192,114,221,126
197,114,216,127
194,113,224,125
199,112,213,129
198,114,213,122
191,111,221,135
190,118,228,118
189,113,218,130
195,117,215,121
192,114,215,135
198,117,209,123
191,114,216,132
189,117,232,119
185,115,223,133
188,118,224,122
187,118,214,132
195,117,209,122
184,115,218,135
188,117,215,130
187,118,222,119
173,117,229,133
183,119,220,129
190,118,218,118
181,110,216,139
182,115,219,131
184,115,225,120
178,115,215,134
181,117,226,124
171,113,230,137
175,112,219,142
176,115,216,133
170,114,223,133
178,117,216,124
174,116,216,139
177,116,218,138
175,117,219,134
170,118,223,137
176,119,225,126
175,122,209,125
177,121,217,131
175,121,211,135
175,121,213,124
173,123,213,129
175,123,212,131
172,124,220,131
167,126,222,122
170,124,221,131
174,130,218,124
164,124,233,136
166,125,224,126
169,126,217,136
173,127,210,129
172,126,212,133
167,124,225,128
165,128,222,128
166,128,223,128
168,128,221,127
171,128,215,134
166,126,221,127
167,128,214,130
168,126,216,135
170,130,214,134
171,128,215,131
165,129,222,127
165,127,228,133
170,127,219,131
170,127,225,122
164,128,221,135
172,132,213,128
175,129,219,124
171,130,217,128
171,134,220,123
175,131,217,134
178,130,214,133
176,127,211,132
173,128,218,131
176,126,211,143
169,125,222,132
174,127,213,127
179,128,215,131
176,130,216,132
177,126,222,137
178,128,218,130
179,128,215,121
180,127,209,132
181,125,215,133
185,128,210,128
186,128,211,127
186,129,212,131
189,126,203,138
185,128,219,129
180,128,225,128
186,127,217,130
187,127,216,136
190,125,211,131
191,128,212,132
193,128,213,126
189,128,217,132
196,124,203,131
194,125,212,135
193,127,214,135
193,123,211,133
194,125,206,136
195,126,208,127
193,126,212,131
194,129,215,127
188,128,218,129
192,128,215,133
192,126,213,131
195,129,210,126
195,126,215,120
199,126,201,135
196,128,212,136
199,127,206,131
195,127,212,134
194,125,213,131
197,129,209,129
197,128,211,130
190,129,224,128
196,126,210,141
195,127,207,136
191,128,217,135
194,129,212,137
190,124,223,140
197,132,213,124
188,132,223,131
192,130,213,134
192,130,214,129
192,131,214,131
195,130,213,127
192,131,211,137
195,132,210,133
196,133,213,129
192,132,213,129
197,134,205,125
199,131,201,137
199,129,200,131
193,132,214,130
193,130,212,131
186,129,218,128
194,130,211,136
196,133,209,128
196,133,207,131
190,132,223,121
187,134,215,133
192,131,217,134
184,130,222,133
185,133,217,130
187,135,211,129
187,136,213,136
190,131,206,135
182,133,220,136
183,132,223,134
186,133,215,127
183,135,215,131
185,132,208,140
182,133,221,136
185,133,205,132
176,135,223,130
182,130,212,129
184,134,206,136
175,129,213,138
176,133,217,131
180,132,206,132
179,131,203,139
178,132,211,139
178,131,211,131
180,133,201,126
177,129,219,133
174,129,210,130
176,132,212,132
175,128,209,140
177,130,204,134
174,129,209,128
177,130,205,129
169,127,219,132
171,129,216,133
171,130,217,129
171,129,224,128
171,126,216,132
172,126,208,139
171,126,208,137
172,127,218,129
165,127,211,136
171,117,215,138
167,113,214,139
159,111,219,134
157,107,216,132
144,101,222,141
149,98,211,145
142,105,211,135
145,103,208,140
143,95,212,150
142,101,220,137
141,97,211,134
141,100,212,145
142,99,212,138
130,101,228,136
136,98,218,142
136,95,217,149
136,99,222,140
136,98,218,141
138,97,213,141
133,99,223,146
138,95,218,146
132,98,227,146
135,89,223,147
132,93,221,150
134,96,220,141
139,96,217,141
134,98,225,133
135,98,221,134
141,97,215,130
139,99,211,139
137,98,217,143
137,103,204,142
144,101,198,148
140,104,208,143
141,106,209,146
143,109,210,144
141,111,215,138
146,114,211,136
152,115,210,143
148,116,216,152
154,119,208,146
155,124,214,139
159,119,211,140
166,118,206,151
166,119,210,150
165,123,216,148
164,124,221,136
166,125,216,130
169,124,209,151
166,125,211,153
163,122,216,149
165,124,214,151
167,127,224,150
169,123,218,145
166,130,218,148
164,129,227,144
155,129,230,142
169,132,208,148
160,128,222,158
165,137,221,139
172,133,203,150
169,132,208,157
167,136,213,143
166,137,216,145
166,137,217,143
170,136,214,146
170,137,217,151
169,138,216,141
168,139,220,142
171,134,210,151
167,137,221,151
159,137,233,141
166,140,222,148
168,137,215,140
169,140,218,143
172,140,215,144
166,139,217,141
173,139,209,148
165,138,215,146
169,139,212,152
165,140,224,138
169,140,210,139
166,136,215,153
168,138,217,151
165,139,218,146
163,141,225,146
165,141,228,150
169,140,214,143
166,144,224,136
168,144,216,148
165,140,231,141
161,142,221,144
160,141,223,153
170,139,214,146
170,142,214,145
170,143,210,151
170,141,208,143
174,140,203,152
166,142,218,153
167,142,221,151
166,142,211,141
168,141,209,154
171,134,210,150
164,143,217,137
168,140,210,147
168,143,210,145
162,144,219,148
175,141,207,145
172,139,213,154
174,139,214,145
168,136,221,151
163,143,227,135
168,141,220,143
168,143,227,146
171,139,219,144
172,143,209,150
172,139,213,143
172,142,215,135
175,143,208,144
168,142,221,149
167,140,230,145
167,141,222,138
172,138,215,150
170,143,224,144
169,139,221,143
167,143,227,150
171,139,212,136
172,140,215,140
171,142,219,144
170,142,224,148
168,141,221,141
174,143,212,149
174,140,216,146
173,144,214,142
174,141,213,152
174,138,219,142
176,145,211,144
169,141,220,151
171,138,220,154
171,136,208,141
173,137,209,143
176,136,207,153
167,137,222,147
171,140,216,148
167,142,226,150
174,137,210,140
174,139,215,137
172,140,216,145
170,137,220,155
166,137,218,140
170,139,213,139
175,137,205,150
175,136,208,152
173,137,211,149
174,136,215,159
175,139,209,146
171,137,218,149
170,136,220,146
168,138,214,146
168,138,216,146
174,141,211,148
170,139,220,155
170,140,224,149
173,136,212,152
177,139,210,148
172,140,213,151
170,137,215,150
174,137,216,154
164,140,231,148
165,141,233,150
165,139,219,149
175,143,211,142
172,138,216,155
174,141,214,138
174,144,214,137
177,146,214,144
170,142,217,146
167,141,221,153
167,143,222,144
172,142,222,149
172,140,210,146
177,146,210,142
172,142,219,148
169,141,226,150
173,144,216,150
176,139,222,145
168,142,219,147
175,146,213,144
173,144,222,150
169,145,226,147
171,139,231,148
174,143,212,144
176,141,209,152
170,138,220,145
175,141,212,147
175,141,216,147
171,140,228,149
172,136,215,143
173,138,217,145
175,140,215,155
172,140,227,147
173,142,220,132
176,140,215,152
171,138,221,144
173,137,222,147
165,140,224,150
173,138,219,139
175,141,218,143
172,137,224,154
173,136,218,144
171,139,222,145
167,136,231,149
170,138,224,141
170,138,220,150
171,135,222,145
172,140,215,149
171,139,222,142
169,143,230,145
167,141,231,140
169,142,226,137
172,138,221,147
164,137,230,146
169,140,222,145
171,137,218,141
173,139,216,143
167,140,224,142
162,134,231,150
167,141,223,139
172,141,219,142
170,138,213,150
167,136,223,143
165,139,223,144
167,138,217,151
167,140,227,155
163,138,225,147
160,141,225,143
164,141,221,152
164,134,221,145
162,142,224,151
161,138,228,135
165,143,226,151
166,139,210,148
160,144,222,146
162,141,228,147
161,141,221,147
160,141,224,146
163,141,223,153
167,144,224,149
163,144,219,148
160,147,234,148
162,150,223,133
165,152,222,140
163,151,225,150
161,150,222,141
163,151,220,146
159,154,230,138
163,152,222,127
157,156,220,136
160,151,215,152
159,150,219,147
160,152,213,142
157,153,219,151
160,154,215,145
159,156,219,152
155,154,226,143
155,158,232,148
158,152,223,149
153,157,228,142
155,155,222,150
165,158,213,142
159,157,221,152
163,154,214,145
160,161,221,148
160,159,216,142
165,159,212,151
155,164,226,135
162,161,214,148
162,162,214,139
165,164,210,137
157,164,219,147
161,159,221,139
163,163,209,147
161,163,215,147
159,161,215,148
159,159,220,152
159,160,220,138
157,169,221,128
164,162,209,148
156,162,222,149
157,162,226,143
153,163,221,145
154,165,222,133
162,167,220,120
150,168,229,140
158,166,221,138
154,166,227,136
155,169,226,140
154,163,225,145
147,162,233,138
153,164,220,146
153,165,225,140
151,165,225,146
153,160,225,142
154,167,219,140
156,161,221,148
149,162,223,140
151,165,217,142
152,162,214,151
153,165,223,148
153,167,216,132
157,168,210,133
156,166,209,140
159,170,207,131
159,169,208,122
148,166,212,145
156,164,206,151
158,168,210,132
160,172,208,115
151,168,208,146
159,164,200,154
155,167,207,117
162,164,204,129
157,166,191,145
156,168,206,112
160,169,211,105
156,167,203,119
161,166,205,131
153,168,214,129
160,171,214,97
158,164,206,133
156,165,218,146
154,165,219,125
154,161,211,150
148,160,217,157
154,160,216,150
160,160,219,115
154,164,215,109
162,162,213,114
162,165,202,113
163,164,205,135
166,166,201,101
164,165,208,106
155,161,220,124
165,160,201,122
167,161,210,108
160,160,209,111
169,159,204,112
162,160,204,120
159,155,205,148
162,158,208,152
175,156,200,142
168,159,198,122
166,161,206,114
168,157,200,115
169,158,207,110
164,159,202,111
167,158,204,108
163,156,208,111
170,158,203,111
165,156,202,116
169,156,200,112
164,155,210,108
165,155,203,133
164,156,205,122
165,158,205,107
168,156,211,109
160,156,214,109
168,155,204,108
164,155,202,109
171,155,201,109
163,154,207,117
173,152,202,121
161,151,207,116
171,151,206,114
163,152,206,125
170,151,208,106
168,151,202,110
166,150,209,109
163,151,205,118
164,149,215,121
165,149,203,143
166,148,205,138
164,148,211,150
159,145,219,146
158,147,223,127
161,144,201,149
160,144,211,139
158,151,217,131
157,148,222,148
164,143,214,149
159,146,218,136
164,145,210,147
161,144,217,156
158,146,227,144
158,144,226,148
156,141,227,157
161,147,226,129
159,144,224,132
165,143,213,148
158,145,226,153
164,139,220,154
156,142,219,152
164,144,210,146
167,142,210,156
165,141,219,145
166,142,214,138
168,140,208,153
167,139,217,154
159,140,227,131
163,142,217,152
164,141,224,147
164,144,217,144
166,142,217,146
164,143,223,141
165,143,217,149
166,142,224,146
168,140,210,139
170,138,208,146
168,141,213,149
164,140,224,146
160,141,221,142
167,138,211,149
166,138,218,149
166,137,219,137
173,144,214,119
166,142,212,142
170,137,207,154
169,138,218,141
168,140,217,139
170,137,214,147
166,136,216,149
166,133,219,161
167,138,218,139
169,135,219,146
169,135,208,138
171,135,209,136
170,136,216,151
167,134,219,139
169,137,215,143
166,134,221,151
171,131,212,145
170,133,216,148
166,132,218,146
169,132,217,148
171,137,227,142
170,130,208,130
171,135,219,144
166,136,225,145
171,133,222,144
171,137,219,134
173,134,224,143
166,132,222,138
173,133,221,143
170,136,221,139
172,134,221,149
173,131,219,146
174,131,222,137
171,135,224,146
175,131,216,150
174,131,218,146
172,128,223,148
169,134,229,139
176,127,216,152
175,131,213,147
179,128,212,152
174,129,217,150
182,136,217,142
181,128,207,155
178,131,221,144
178,127,211,150
182,128,216,148
176,126,220,139
184,131,219,147
176,125,227,137
180,132,218,148
182,124,214,151
174,127,224,152
175,126,223,149
176,133,226,148
186,125,213,143
182,133,216,156
178,128,221,149
181,130,218,133
182,133,214,145
178,133,221,140
183,135,212,139
184,130,212,144
180,137,218,132
182,133,218,147
176,127,226,142
178,136,230,148
184,131,209,142
178,128,220,149
174,127,222,148
182,136,216,145
177,131,218,146
179,129,216,153
178,132,217,149
179,128,231,153
175,132,212,135
181,131,207,155
184,134,213,130
180,132,213,148
182,133,218,153
174,131,221,142
176,130,212,138
174,133,219,135
170,132,224,147
169,131,228,154
167,129,219,144
166,135,223,140
169,138,216,130
168,136,225,127
151,132,238,149
152,132,231,147
157,135,228,143
154,133,223,147
155,131,221,154
156,135,225,139
153,134,238,135
162,134,224,127
167,134,223,144
147,132,230,146
148,132,231,157
150,132,233,151
152,131,228,157
146,130,235,151
146,127,237,161
143,129,236,154
143,130,237,159
149,132,229,144
139,137,246,149
144,135,239,147
150,133,232,149
157,133,222,136
156,135,230,153
152,135,236,143
154,136,232,118
154,137,240,132
147,130,236,151
146,132,235,153
153,135,230,138
154,135,227,142
155,132,225,148
157,134,226,156
152,131,232,153
152,131,229,156
161,132,218,149
162,139,232,117
153,132,237,145
152,130,225,152
151,127,234,167
150,128,237,147
153,136,226,142
161,131,217,154
153,133,228,160
155,132,229,152
154,128,229,166
151,129,234,164
150,137,235,151
157,132,223,150
154,129,227,162
154,133,228,156
151,130,231,157
153,130,225,161
151,131,230,155
156,135,221,162
156,126,224,168
151,132,236,153
151,137,234,160
150,138,232,139
156,140,224,123
156,137,230,141
162,142,224,109
159,138,235,125
153,135,229,153
152,128,226,163
148,136,230,160
153,133,229,155
154,134,225,164
153,132,228,156
161,137,216,148
160,143,232,109
155,139,231,119
155,139,235,131
159,136,223,150
165,136,214,136
158,135,216,148
165,138,209,113
158,138,225,114
157,139,222,118
158,135,223,137
164,135,214,134
163,136,223,122
169,136,204,114
169,137,202,110
176,142,198,107
184,138,188,108
188,139,186,108
190,135,179,107
197,140,174,103
203,135,160,106
210,138,155,105
206,133,124,110
219,135,117,106
224,137,114,101
227,138,111,102
228,139,123,103
227,140,125,104
230,141,121,108
230,138,115,121
225,139,117,107
224,138,103,107
225,135,113,118
225,135,100,112
225,132,91,114
226,134,91,110
225,133,92,121
220,137,89,111
218,139,99,127
219,138,101,122
218,138,103,121
216,137,99,127
216,137,102,132
211,136,103,135
211,136,104,130
217,137,94,131
216,138,91,122
215,136,94,127
214,139,93,122
213,135,96,130
213,136,100,130
208,136,101,127
209,136,99,128
208,138,100,119
207,138,100,126
206,138,105,128
198,141,114,129
198,141,114,140
195,143,117,127
193,142,114,137
202,149,108,124
203,146,109,128
201,147,112,128
201,152,111,124
203,153,111,126
202,156,120,122
193,157,133,122
195,157,132,124
196,162,136,127
196,163,138,118
198,163,136,114
197,163,145,115
193,166,152,121
196,162,155,121
194,168,147,123
205,166,140,121
208,170,141,120
213,167,135,124
219,172,137,116
221,169,131,123
222,171,136,121
220,174,150,117
217,173,161,127
211,171,170,125
217,172,156,126
216,171,159,123
220,169,162,123
206,173,173,120
203,178,174,112
206,173,189,115
211,177,185,109
204,172,188,115
203,178,195,111
194,174,197,108
186,172,204,110
198,171,182,105
202,175,186,103
190,174,189,101
167,172,211,108
155,169,226,107
159,170,219,104
141,164,230,102
164,167,189,106
176,176,169,94
183,177,172,96
167,174,182,100
156,172,187,104
147,168,190,106
142,166,205,104
134,170,207,107
126,166,223,107
127,163,231,108
126,159,211,109
123,159,227,110
113,159,239,107
103,159,246,112
88,157,248,109
84,156,239,112
80,154,243,110
74,153,227,114
72,153,219,110
73,154,197,111
64,155,198,111
64,150,186,112
64,152,184,108
68,153,179,106
62,151,184,109
57,149,185,106
62,150,176,105
73,152,168,105
65,151,180,107
70,150,176,105
73,149,182,108
81,152,174,108
78,153,178,110
81,152,176,108
87,156,175,111
91,164,174,112
99,160,166,110
103,163,158,109
103,158,158,106
102,159,166,112
100,165,166,105
104,167,165,105
109,154,159,109
109,153,164,117
113,156,156,110
112,159,160,109
112,158,161,107
115,157,158,110
112,160,162,106
114,157,157,107
124,152,144,109
123,155,141,103
122,156,145,110
128,155,135,108
129,155,134,104
128,161,136,108
128,158,138,109
135,159,129,106
130,158,136,106
134,162,135,110
140,154,130,110
135,159,135,102
142,151,130,105
141,156,130,105
142,155,131,109
147,149,125,108
141,155,130,108
146,154,133,109
145,156,128,107
151,156,126,105
150,156,128,106
144,154,134,102
145,156,131,109
140,159,138,107
135,155,145,110
135,158,139,104
137,154,137,102
141,158,132,103
134,156,137,108
133,151,141,105
139,154,127,103
134,156,138,102
132,150,140,103
127,154,144,105
133,150,137,105
131,159,140,104
125,153,148,107
129,153,139,107
130,152,139,104
126,156,144,104
127,155,143,106
130,150,135,107
128,155,141,106
122,152,152,104
121,148,146,108
129,148,140,108
127,152,141,103
125,154,141,105
123,150,149,111
127,154,141,105
126,150,140,108
124,152,142,107
123,148,143,110
125,150,142,108
125,148,142,109
124,154,147,104
124,148,143,108
124,151,145,107
122,153,152,105
127,154,148,107
131,154,142,108
127,147,152,104
126,154,157,108
122,152,165,105
127,154,162,104
128,155,161,106
124,157,170,102
115,153,178,106
118,153,175,103
128,158,165,102
135,149,157,104
129,152,163,103
128,153,167,104
134,151,159,102
129,151,170,111
127,152,170,110
125,153,172,104
129,151,170,106
124,154,174,101
130,153,167,105
124,154,173,104
131,152,170,108
128,152,170,98
134,154,171,106
138,152,164,105
143,151,163,107
142,146,164,108
144,149,165,108
143,147,170,110
148,153,174,107
147,145,177,109
136,148,190,110
146,143,181,110
149,146,173,107
142,146,193,111
148,148,192,107
144,148,201,104
141,151,212,106
142,147,216,111
143,144,209,108
144,145,231,110
141,145,251,110
153,143,231,116
172,145,212,108
167,152,208,102
166,152,207,99
168,158,212,105
161,157,227,104
171,155,222,107
180,159,206,107
183,158,214,104
188,158,214,107
185,154,230,108
175,156,241,109
172,153,232,115
188,153,215,113
194,153,209,108
191,158,221,108
192,155,220,112
204,158,215,113
202,161,221,106
204,159,221,107
201,159,233,111
211,160,231,112
208,159,230,113
204,164,229,115
208,162,228,120
189,168,247,108
210,168,221,117
204,173,230,109
201,174,238,102
220,166,213,109
227,169,218,107
243,166,203,109
229,166,220,107
218,167,213,112
207,168,220,110
224,168,206,114
213,170,207,113
198,172,221,112
213,167,205,116
199,167,217,115
186,168,226,110
189,162,216,119
199,172,205,116
195,165,208,121
193,166,207,118
191,168,214,117
188,169,216,117
188,166,215,117
169,165,229,124
171,171,216,116
182,172,203,113
175,169,209,114
181,168,195,108
179,174,190,113
188,168,178,109
194,169,175,107
202,167,163,115
201,164,163,114
195,163,174,124
190,166,182,112
203,170,168,114
205,164,166,114
212,167,161,108
207,170,169,117
219,162,148,116
229,160,140,113
224,158,143,115
219,167,149,119
224,163,135,114
225,161,127,114
230,161,118,115
219,159,125,110
213,159,125,115
214,159,122,113
215,158,117,113
225,162,105,107
226,166,99,110
221,164,103,109
227,163,94,108
236,160,83,102
231,157,89,105
222,156,98,112
216,154,105,110
213,152,108,109
217,151,105,109
222,153,101,104
224,158,98,103
228,158,92,95
228,158,93,96
228,157,85,98
238,150,78,96
249,149,64,100
250,149,64,99
250,151,67,96
252,152,64,94
254,154,59,87
258,154,58,92
258,151,57,93
260,147,55,93
259,143,57,98
263,148,55,92
260,148,57,93
263,152,56,86
260,151,59,90
264,153,56,87
263,152,57,88
270,150,53,86
273,146,48,87
275,146,46,91
276,144,47,96
277,146,46,93
274,146,48,89
274,149,48,85
274,149,48,86
276,149,44,87
274,146,44,89
275,144,46,87
274,144,46,88
273,144,46,86
275,146,46,82
273,147,48,82
274,148,45,83
277,143,42,86
280,142,41,83
280,139,39,86
281,139,37,87
283,140,37,86
281,141,36,82
279,141,35,87
279,142,36,83
278,141,36,84
276,141,38,82
273,143,35,87
271,141,36,84
271,142,35,83
272,142,37,77
274,142,36,76
274,140,39,74
274,139,39,75
274,139,38,76
277,137,37,77
276,138,35,81
275,140,37,75
274,141,37,75
274,143,36,70
273,144,36,69
271,144,36,69
271,141,38,73
272,138,36,76
270,136,38,76
269,136,38,72
271,136,38,72
269,136,38,70
267,136,41,68
267,136,41,68
263,136,43,71
266,134,40,69
264,128,40,75
262,125,42,78
261,127,44,78
260,128,42,68
259,128,41,66
258,130,40,63
259,131,38,63
259,129,36,63
255,127,38,63
256,126,36,65
254,126,36,63
255,123,35,65
252,127,37,59
253,132,34,57
254,131,33,54
251,128,35,58
253,128,34,58
253,126,32,58
253,126,31,58
253,127,31,58
251,127,32,56
251,128,33,54
252,129,30,51
251,126,30,55
252,127,27,55
251,124,28,58
252,124,28,57
252,128,29,55
250,127,31,53
253,129,31,53
254,130,30,52
255,130,31,54
257,128,31,55
259,126,31,57
262,125,29,56
263,126,28,55
265,126,26,54
264,125,25,52
265,124,25,53
264,122,26,53
264,120,26,55
264,121,28,54
265,121,28,52
267,121,28,51
267,123,28,50
270,124,28,50
271,124,28,49
273,124,28,49
274,123,27,51
277,120,26,53
278,120,25,54
278,119,26,53
279,119,25,53
279,120,25,50
279,120,25,52
280,120,27,53
281,119,27,52
281,121,28,52
281,118,27,52
282,121,28,50
282,123,28,48
282,121,27,49
281,121,28,48
282,121,27,48
285,121,26,47
285,121,24,49
284,121,23,48
284,120,22,47
285,122,23,44
283,123,24,42
282,123,22,45
281,124,23,42
278,122,26,44
277,124,24,43
275,123,25,41
274,124,27,43
272,125,25,41
271,129,27,38
270,128,27,39
268,126,27,39
268,127,26,40
266,125,26,41
266,125,27,42
266,125,26,41
265,126,24,38
265,129,23,39
264,128,28,40
260,128,29,40
262,127,25,40
261,128,27,41
260,128,27,40
261,129,29,40
260,129,24,40
261,132,25,39
260,130,27,38
261,130,25,39
260,131,24,40
261,128,23,40
260,128,26,41
260,129,23,40
261,130,21,38
261,132,22,37
258,132,23,37
257,131,26,37
257,130,25,40
257,129,24,40
256,131,24,40
255,132,24,39
257,132,23,37
258,133,22,36
257,132,22,36
257,132,23,38
257,132,20,39
256,131,23,39
256,132,21,40
257,134,21,38
254,134,22,37
253,136,23,39
253,135,23,38
250,136,25,38
251,136,24,37
253,137,25,37
252,138,28,38
250,138,30,38
250,140,31,36
246,142,38,37
248,143,36,37
247,144,37,39
247,145,39,39
244,145,41,40
247,147,43,39
247,149,44,40
247,153,44,38
249,155,46,36
248,156,47,35
249,157,52,34
248,158,53,33
248,158,55,32
249,160,59,33
245,161,59,32
246,162,61,31
243,163,62,28
243,163,61,29
241,160,59,34
237,162,62,32
234,161,64,35
230,162,65,34
229,167,58,32
229,175,59,25
228,172,58,29
230,176,56,26
240,174,47,29
252,177,40,30
251,180,36,27
255,183,34,28
254,187,34,25
252,190,36,27
246,197,36,23
239,201,35,24
243,199,35,26
245,200,38,29
246,201,39,25
248,202,37,25
249,204,34,26
258,206,31,26
261,204,38,24
259,205,40,24
260,205,38,23
256,205,36,19
262,205,33,20
260,208,29,17
261,209,26,17
264,208,24,17
264,207,23,18
263,206,25,18
261,205,22,20
262,205,23,22
261,202,25,27
259,199,25,31
260,201,25,30
260,198,28,31
258,199,23,31
259,198,23,33
258,198,29,31
272,199,25,32
255,197,21,33
252,198,20,34
254,197,17,34
248,197,21,38
265,198,23,38
265,201,23,33
263,203,24,30
263,203,24,30
241,199,22,32
260,207,24,29
257,204,24,32
240,199,21,38
257,204,25,33
231,200,24,33
224,200,25,31
225,203,25,32
221,198,25,32
243,205,29,32
222,197,25,38
221,195,28,38
222,194,29,39
223,192,28,41
222,197,31,38
223,194,32,40
223,194,32,40
228,192,32,48
228,192,32,48
269,192,34,47
269,196,36,41
238,198,33,41
242,199,30,42
243,200,27,47
245,193,20,50
243,194,22,53
243,194,22,53
308,208,26,48
255,212,24,54
254,213,27,62
249,213,32,64
248,214,36,68
247,214,38,66
246,217,43,64
246,214,55,65
249,212,64,64
247,210,65,68
247,210,65,68
270,196,68,69
258,206,69,57
258,206,69,57
258,206,69,57
255,194,83,62
253,192,94,59
241,187,104,63
241,187,104,63
227,174,108,78
227,174,108,78
197,145,128,97
197,145,128,97
197,145,128,97
197,145,128,97
197,145,128,97
176,127,137,109
176,127,137,109
186,119,118,122
185,121,121,120
185,121,121,120
185,121,121,120
173,117,129,135
173,117,129,135
173,117,129,135
151,124,125,135
151,124,125,135
151,124,125,135
127,122,125,122
128,122,122,124
105,134,127,134
105,148,127,132
116,150,125,139
116,150,125,139
112,154,117,137
112,154,117,137
122,153,125,129
123,153,137,132
121,154,149,125
142,150,138,131
160,141,131,136
183,162,124,110
181,151,129,106
186,160,134,109
198,149,125,111
200,155,130,110
201,151,130,107
206,153,120,120
208,148,128,109
209,152,121,137
211,152,126,131
200,153,132,126
204,153,124,116
203,153,126,135
191,156,135,125
196,152,125,114
186,151,134,114
196,153,125,129
193,153,123,120
187,149,128,130
190,154,121,134
190,159,119,118
188,156,128,109
179,157,130,105
187,157,127,106
179,155,130,107
186,161,124,116
183,155,131,108
186,157,134,132
193,155,121,132
195,151,131,107
194,150,137,111
203,151,125,103
206,143,127,110
207,149,129,108
210,149,127,126
212,145,128,137
211,143,125,138
208,154,132,127
208,148,121,121
215,154,122,130
210,154,126,127
210,153,129,117
213,152,120,116
209,151,131,115
213,164,125,102
210,151,131,106
211,151,135,112
216,157,128,101
210,154,137,100
214,146,128,111
214,147,133,119
221,156,122,118
213,148,131,110
216,150,125,110
218,147,131,116
220,150,134,122
213,152,130,120
217,149,136,111
223,152,126,113
224,145,127,137
229,143,125,126
228,148,128,130
233,150,129,122
238,145,123,111
242,144,132,107
231,152,154,120
252,140,133,125
246,140,135,123
251,138,131,130
258,133,127,135
257,137,128,134
255,144,133,128
260,143,134,124
256,141,136,131
265,140,133,127
258,139,138,130
264,137,131,129
252,140,154,123
261,149,135,117
267,143,132,123
260,141,139,126
267,140,137,125
258,148,153,117
267,143,139,121
278,151,119,118
263,140,130,118
267,140,136,112
267,139,131,119
270,138,126,119
273,148,119,103
268,137,135,116
265,134,135,120
270,141,132,124
271,136,130,123
272,137,131,127
273,135,125,121
274,135,125,113
268,128,141,132
269,142,131,120
276,140,129,120
269,142,135,121
274,140,129,121
271,135,134,122
271,137,133,119
272,129,130,123
272,130,131,131
275,138,128,115
276,133,130,113
273,129,132,127
273,130,134,129
273,132,134,115
279,150,129,104
267,142,149,105
278,139,133,117
277,133,135,126
279,130,131,129
278,130,132,133
277,138,131,128
268,137,142,136
266,142,135,127
253,153,140,127
257,145,130,134
255,143,133,131
253,142,133,138
256,147,131,120
249,150,135,129
252,151,131,118
247,149,135,128
239,164,141,122
239,165,132,125
243,166,136,108
236,172,140,121
242,165,134,119
235,161,143,136
236,173,142,121
237,170,139,120
231,179,140,125
239,178,123,113
229,187,143,105
224,193,139,115
230,189,132,129
227,201,132,129
230,198,141,131
241,210,122,126
242,193,121,135
240,188,121,143
241,190,125,130
233,182,133,123
237,183,125,132
237,182,127,128
235,190,129,117
233,185,135,115
238,197,128,120
232,197,132,109
234,188,130,110
231,197,135,107
227,195,140,114
228,194,138,118
227,205,137,107
222,198,144,105
227,201,138,122
224,201,145,132
227,197,137,126
231,207,129,131
227,202,132,133
228,202,131,114
218,199,136,120
224,203,135,119
221,199,132,118
224,202,136,113
222,202,145,135
232,201,134,139
227,199,134,142
226,204,137,130
230,204,131,138
226,203,130,130
226,203,136,131
224,199,132,147
227,210,128,131
223,207,135,114
223,208,129,120
226,217,130,103
223,207,134,109
223,215,141,106
226,207,129,126
226,206,141,108
234,210,133,109
244,227,119,92
235,207,131,97
228,197,138,110
232,201,135,118
235,207,137,108
235,197,135,116
234,204,140,116
237,204,130,112
240,200,136,117
233,210,138,124
238,205,136,120
246,198,129,114
236,199,133,113
240,200,138,121
241,205,130,111
238,196,133,109
246,202,129,107
239,202,138,110
240,203,135,125
246,199,131,131
250,204,129,135
247,202,133,138
248,202,132,138
246,208,136,140
243,211,131,138
241,223,131,133
229,218,133,127
212,220,147,127
223,207,130,141
221,192,126,145
219,183,128,135
223,198,131,125
224,195,130,142
225,190,125,143
226,187,125,135
225,183,126,130
232,166,129,126
242,149,136,137
244,150,129,127
251,139,132,133
259,133,125,134
256,134,138,118
264,144,128,107
258,120,140,123
264,120,133,120
264,112,137,122
272,108,139,127
280,114,139,133
287,125,129,119
278,123,139,117
288,118,125,132
276,122,141,124
286,117,127,127
283,125,136,127
289,124,126,110
287,136,131,118
285,144,131,108
282,120,129,124
283,124,136,130
280,123,141,130
284,125,131,128
285,127,136,132
288,131,130,118
280,134,144,126
284,135,139,122
286,134,125,127
276,135,132,119
265,128,141,125
262,123,139,134
256,130,131,132
252,133,129,123
244,124,130,131
234,123,131,128
234,127,131,127
228,125,139,124
229,119,135,133
228,129,132,121
217,124,150,124
203,125,143,132
211,123,132,134
213,120,131,140
210,122,132,135
215,126,133,139
220,133,120,128
205,131,140,123
214,140,127,119
211,135,131,125
212,135,129,125
213,144,133,119
205,135,138,129
212,132,126,134
203,130,133,129
207,140,132,130
204,142,136,127
202,137,134,132
193,153,145,113
198,139,137,133
201,145,140,123
200,142,136,133
205,143,134,134
197,143,134,131
194,147,142,120
191,146,146,128
194,148,138,129
194,148,136,128
201,162,126,113
191,149,139,131
195,162,138,113
200,162,126,119
191,164,135,113
195,164,128,114
196,156,134,120
