567,363,52,59
567,361,54,58
571,361,52,57
576,351,51,64
580,343,53,65
585,337,55,64
581,328,58,65
585,315,64,66
585,309,67,64
591,296,68,65
594,285,67,62
596,277,67,62
603,268,67,61
607,261,70,65
609,258,73,68
613,259,69,68
609,273,74,56
606,282,77,48
601,281,70,55
603,285,65,53
600,276,63,62
597,278,65,61
595,274,65,63
592,267,65,72
590,272,67,67
589,263,65,69
590,264,63,64
587,263,61,67
584,260,62,64
581,258,63,66
580,259,65,68
581,265,63,66
579,267,64,63
575,269,66,65
577,275,65,61
578,280,63,57
579,278,63,61
580,277,62,62
580,279,64,59
581,281,63,59
581,279,64,57
585,274,60,64
584,279,64,56
586,274,60,61
589,270,59,61
587,276,60,51
587,269,61,58
589,265,60,60
583,268,66,55
588,265,61,53
587,264,59,58
586,263,61,58
587,262,63,58
591,264,60,56
591,264,59,56
589,267,59,57
591,266,59,59
591,265,59,61
587,266,64,57
587,268,60,58
583,267,64,62
585,271,63,58
582,275,63,59
579,277,66,58
579,285,65,59
578,288,61,65
573,291,60,66
572,295,57,65
575,292,53,66
569,282,58,67
571,274,53,62
571,254,54,62
572,233,48,61
568,217,46,64
566,206,43,64
556,190,43,72
559,188,33,67
555,180,34,70
554,177,35,65
551,176,35,67
553,177,33,67
559,181,28,65
564,187,25,65
574,186,28,72
585,195,33,68
586,208,43,66
585,220,53,69
583,230,60,64
585,235,57,66
590,243,53,63
584,247,58,58
583,253,63,54
583,253,65,55
585,258,66,48
589,256,65,50
587,259,66,50
591,257,65,49
591,257,62,54
588,257,65,50
587,257,67,51
589,258,68,52
591,260,65,49
593,260,60,50
592,256,65,51
587,256,69,51
588,259,69,50
590,255,65,53
589,256,66,52
591,255,64,54
592,255,63,53
591,256,66,52
590,252,65,57
591,247,60,61
584,250,65,61
582,247,67,59
583,251,56,61
586,252,47,58
579,255,48,53
582,263,45,44
580,268,45,35
580,268,45,35
570,266,50,29
573,268,55,24
569,265,55,21
579,268,56,18
588,265,49,17
594,264,46,17
597,263,45,18
600,259,43,22
603,249,42,29
605,248,41,32
601,246,44,32
602,239,45,39
601,231,44,45
597,230,47,49
594,230,50,49
588,230,57,49
585,234,60,46
587,239,61,45
581,248,65,43
581,251,67,41
580,256,66,39
581,260,63,38
582,262,64,38
584,268,59,35
582,269,59,33
584,272,58,34
582,272,55,35
584,278,55,33
582,281,52,31
582,284,53,29
582,284,52,29
582,284,51,29
584,282,51,31
585,284,50,27
582,280,53,29
581,281,54,28
583,280,54,28
583,279,52,27
586,280,51,26
584,281,53,27
583,279,54,28
582,279,53,28
583,280,54,28
583,280,51,29
584,280,52,29
584,275,50,32
586,272,48,34
578,264,52,39
584,262,47,42
580,248,44,52
579,243,41,55
582,235,35,59
581,229,33,64
581,226,31,66
583,229,28,64
582,227,30,64
585,227,33,63
587,225,34,65
590,227,40,64
589,230,48,61
590,235,56,60
595,237,59,60
594,244,62,53
594,250,65,54
592,253,69,51
592,256,70,48
594,254,69,50
595,265,67,45
596,258,69,51
598,257,67,50
600,256,68,48
600,256,70,49
598,256,67,49
597,255,71,47
598,251,66,48
597,255,66,48
600,256,66,44
601,258,63,41
603,257,61,43
599,255,67,47
598,254,64,46
597,255,65,47
598,253,69,49
598,257,70,46
597,255,69,48
598,254,68,50
600,258,65,44
601,257,66,44
602,255,65,44
600,257,66,42
596,253,70,41
601,250,66,42
602,246,64,43
599,244,67,41
597,242,67,43
594,236,71,44
594,235,65,44
593,233,67,46
592,227,66,51
589,229,70,50
585,226,75,51
585,222,75,57
580,224,80,51
582,224,76,53
582,223,73,51
580,222,77,51
581,223,77,47
577,224,84,43
577,224,80,43
579,225,81,50
581,225,75,58
579,226,74,63
581,227,71,60
581,223,73,60
581,223,72,60
576,222,77,61
578,223,75,60
580,225,71,59
579,225,73,62
576,226,79,63
580,225,74,61
579,225,71,61
578,230,74,64
578,227,73,64
580,225,77,62
581,230,70,63
582,228,71,61
579,228,75,62
581,226,73,61
582,228,73,68
581,230,72,62
584,227,70,65
586,229,69,63
589,234,67,64
590,232,66,63
591,236,66,63
597,240,66,61
592,241,70,65
602,241,60,65
601,241,59,63
599,238,61,65
598,232,59,68
595,220,60,63
581,205,67,67
574,202,66,61
564,195,65,62
550,196,70,54
547,204,65,46
543,209,61,44
548,205,58,48
552,197,63,52
563,193,60,58
570,190,61,64
584,193,58,68
592,195,61,69
598,209,65,68
602,220,66,60
609,218,59,63
610,221,59,64
607,222,57,64
605,218,63,66
605,222,60,62
609,219,58,63
608,220,58,63
604,219,60,65
608,223,58,60
611,222,55,63
612,218,54,65
606,218,59,64
607,218,58,63
606,217,59,63
609,218,55,63
607,218,58,63
609,217,57,64
606,219,59,62
605,219,56,61
606,220,56,61
605,220,59,64
604,218,59,61
601,218,63,61
602,219,61,59
603,221,61,60
605,218,58,63
599,220,66,62
603,221,61,59
603,222,61,57
597,222,65,57
597,230,68,53
597,233,67,49
596,239,63,46
592,239,69,40
588,247,73,34
584,250,73,31
584,250,72,31
582,251,69,32
582,253,66,29
581,254,66,31
582,256,66,28
583,256,66,30
582,259,67,28
581,258,68,29
580,255,70,30
580,250,70,35
577,242,72,36
579,235,68,37
578,226,67,41
576,220,63,37
576,215,59,39
573,210,57,42
566,209,56,46
563,212,58,46
561,219,58,51
558,228,56,55
554,237,59,47
552,245,59,43
547,256,61,35
549,257,58,31
550,257,58,32
551,257,58,31
548,258,59,32
549,254,58,35
546,254,60,34
548,252,60,34
545,252,60,35
547,252,60,36
549,253,58,35
545,253,61,35
549,254,59,35
548,254,59,35
550,257,60,33
550,257,60,32
549,256,60,33
551,256,61,33
550,255,62,33
553,255,59,35
556,255,57,36
557,255,58,33
557,255,61,33
560,257,61,31
561,260,63,32
565,263,62,28
569,267,61,26
573,273,63,23
577,276,63,24
580,281,62,25
582,283,62,29
585,285,63,32
591,285,65,35
592,285,65,36
593,286,63,34
598,287,64,32
596,287,68,33
598,289,62,30
601,289,64,32
599,289,66,32
600,289,65,31
601,291,63,30
601,289,65,31
603,289,67,32
602,288,65,31
604,288,65,30
607,288,64,31
605,287,69,31
605,286,67,32
605,287,69,30
607,286,65,30
608,289,67,28
611,288,66,30
612,286,67,31
610,286,68,33
612,281,69,32
613,280,67,30
613,276,69,23
609,272,73,18
609,266,71,20
612,258,66,28
612,257,64,33
612,264,66,32
614,279,66,28
618,291,67,24
622,302,66,22
623,306,68,19
627,309,67,15
630,309,69,16
634,312,69,16
636,313,69,16
640,315,68,16
644,318,66,17
643,318,70,18
644,316,67,22
643,317,68,23
646,314,65,23
645,317,67,16
646,318,65,17
645,320,66,18
645,328,66,18
647,338,66,22
647,341,68,28
648,343,68,28
648,342,63,29
648,336,65,31
648,339,64,32
648,341,65,36
648,346,66,35
649,351,63,34
648,359,65,25
648,363,65,23
649,365,66,22
648,366,62,21
646,367,63,23
645,368,63,22
645,370,66,22
640,372,67,22
636,371,66,26
631,369,67,29
629,369,68,30
622,375,68,25
616,377,69,25
611,379,68,26
606,377,66,28
599,379,67,28
589,382,68,26
573,389,70,27
554,396,67,28
533,407,66,27
510,419,67,27
489,439,65,26
470,459,63,34
456,478,59,46
443,492,49,51
434,502,37,54
427,510,38,55
421,512,41,56
418,515,44,59
417,515,46,63
412,515,48,67
409,517,44,62
405,521,46,57
398,518,43,62
394,517,45,60
389,517,50,58
384,518,53,54
380,519,54,54
380,515,53,54
376,509,53,59
375,510,53,59
373,511,50,61
373,516,64,58
375,517,63,63
378,521,60,60
379,521,56,62
379,518,56,68
379,520,55,67
381,522,53,65
382,529,53,57
386,533,47,52
398,530,35,54
398,533,27,48
398,535,28,46
398,533,30,47
398,535,30,47
399,535,29,45
402,536,26,45
403,535,25,45
405,540,24,41
407,542,21,38
409,548,21,30
407,551,22,28
406,552,22,25
404,555,20,22
404,559,18,18
404,555,15,16
442,560,13,13
449,563,17,15
444,563,19,15
443,557,22,17
442,560,22,13
441,553,20,17
441,550,19,20
441,550,17,20
441,551,17,19
442,557,17,16
442,560,16,13
439,556,15,16
438,555,14,18
459,551,14,15
460,557,15,15
460,558,17,18
456,553,20,23
453,550,23,24
450,549,27,25
450,555,28,22
447,557,31,21
448,558,29,20
451,556,28,20
453,558,26,20
417,560,24,18
452,560,29,18
422,559,24,20
452,559,24,18
453,558,27,18
477,556,24,17
483,551,23,17
454,558,24,20
472,556,23,20
486,550,25,24
503,515,21,28
509,505,18,30
513,486,21,35
524,503,25,35
527,488,29,37
532,470,33,40
534,446,39,48
536,425,45,60
540,411,52,62
545,398,54,60
553,386,59,63
564,370,59,71
572,354,62,76
584,345,63,76
598,335,62,74
609,328,65,72
622,316,68,71
634,310,68,68
643,304,68,69
649,299,68,67
653,293,69,73
658,291,65,72
666,288,65,70
670,285,62,71
676,286,58,67
678,284,63,66
681,288,57,59
686,286,55,59
685,284,54,61
688,286,54,59
689,285,55,59
691,283,52,61
692,283,52,58
691,278,55,62
688,275,59,64
687,272,58,62
686,269,65,61
684,263,71,59
683,255,65,56
682,253,60,55
680,245,59,52
674,236,56,58
664,233,61,51
659,232,61,51
656,231,62,50
654,233,60,47
655,233,56,46
657,234,52,47
654,236,54,45
654,239,53,42
655,241,55,38
655,245,56,36
657,247,54,35
657,249,55,32
656,251,55,33
656,251,56,31
658,255,55,28
656,257,57,26
656,258,57,25
656,260,57,24
654,260,60,23
655,260,58,20
656,261,58,21
654,260,58,21
655,260,57,21
656,259,56,22
654,256,57,21
654,256,57,22
658,254,53,23
662,255,49,22
665,253,44,22
667,251,44,22
667,248,43,23
666,247,47,23
665,245,47,24
662,241,50,25
663,240,49,27
664,242,50,24
666,235,47,29
667,233,46,30
666,225,50,36
659,218,59,30
660,210,58,36
662,206,59,36
659,203,61,36
659,203,62,40
660,206,59,41
654,213,62,40
646,223,64,32
638,235,61,26
630,245,58,19
620,250,52,18
593,251,57,18
582,257,60,23
573,257,58,27
565,263,61,27
559,263,62,30
556,265,59,30
551,269,61,26
547,271,60,26
541,274,60,26
539,277,61,26
534,278,63,27
529,280,63,26
524,278,64,28
517,276,63,27
512,272,63,28
504,271,65,22
497,264,64,20
489,261,67,18
486,258,65,18
481,256,65,18
477,256,67,18
471,260,67,20
468,265,66,23
464,274,69,24
452,276,62,28
433,283,63,33
408,311,69,29
391,324,61,34
373,346,58,35
363,365,49,28
355,393,40,29
351,411,34,34
345,431,34,38
335,447,35,44
325,468,30,50
316,482,32,46
308,488,38,47
308,490,39,49
311,492,41,53
309,494,45,47
310,494,44,49
307,493,44,53
309,486,47,57
307,486,48,58
308,486,48,57
306,483,49,62
306,484,52,61
304,484,52,59
303,481,51,64
302,484,54,63
302,482,57,61
303,482,51,65
303,482,54,65
306,477,50,69
311,476,44,67
312,478,46,66
317,478,39,68
323,482,32,58
357,495,28,50
354,501,30,41
362,508,37,32
393,495,33,40
402,493,35,43
415,490,39,45
429,489,37,44
443,484,37,45
456,480,32,49
471,479,24,50
482,475,21,54
488,476,22,52
495,476,24,49
501,472,26,49
505,469,27,49
508,465,30,49
514,463,33,51
520,460,38,46
529,460,39,48
537,457,40,52
544,463,41,48
555,463,40,49
563,463,40,51
576,460,36,50
583,460,40,45
592,459,42,40
602,458,41,35
610,457,43,33
620,460,42,31
634,463,38,25
641,463,39,31
646,460,38,40
649,456,42,46
660,456,43,47
672,460,42,42
686,463,40,41
698,468,39,35
711,469,39,33
717,465,35,35
726,462,34,34
734,455,34,32
742,448,32,30
750,440,28,28
757,435,24,26
761,426,22,25
763,410,22,28
761,397,25,27
750,383,33,28
743,370,38,32
737,356,40,40
721,346,51,47
717,340,51,48
715,331,51,51
717,322,50,58
719,317,49,60
720,313,48,59
724,314,48,57
727,310,46,56
730,304,47,58
734,300,45,60
736,296,48,58
741,292,47,58
742,295,47,53
742,287,53,52
745,290,51,45
743,286,55,44
741,287,55,43
742,281,52,49
741,281,52,44
739,281,51,42
741,275,51,50
738,266,52,57
741,260,51,66
736,264,52,63
737,262,53,63
735,259,52,66
734,259,54,65
734,259,51,64
733,259,54,62
734,260,55,62
734,261,54,59
732,258,54,63
734,256,54,64
733,255,54,66
733,255,52,64
736,254,51,65
733,259,50,61
733,258,51,61
736,257,51,61
735,257,49,64
733,254,51,68
733,258,50,63
735,258,50,60
735,257,50,63
736,257,50,65
737,262,47,62
737,262,47,63
738,260,48,66
738,261,49,67
737,260,49,66
740,260,47,64
737,260,47,65
738,258,47,67
739,260,50,63
738,259,49,66
740,257,50,68
736,260,48,62
737,258,50,65
736,255,51,67
738,255,51,66
740,256,50,63
736,257,52,64
738,254,50,66
735,256,54,64
735,258,52,63
735,258,50,63
734,259,55,63
735,259,55,62
738,257,54,64
738,260,55,64
736,258,52,66
739,259,51,65
741,255,52,65
741,254,51,62
744,253,47,64
745,253,48,63
746,252,50,60
747,251,45,62
749,254,43,61
749,252,46,63
751,253,42,63
751,254,44,61
752,254,40,62
753,254,40,63
753,254,41,62
752,254,43,63
752,253,38,64
753,254,41,63
751,254,45,62
750,253,44,62
750,254,45,61
748,253,43,62
750,253,41,63
748,254,43,63
747,254,44,63
744,253,44,63
743,254,45,63
741,253,47,67
741,252,46,63
740,254,48,63
740,252,49,63
739,251,49,61
740,250,49,66
740,250,49,64
741,251,48,64
740,253,51,64
742,252,45,63
742,253,46,63
744,251,48,66
744,252,42,63
744,252,44,63
745,251,46,63
746,252,47,63
746,251,45,63
746,250,45,63
746,252,39,63
747,250,42,63
746,250,41,63
747,251,40,62
747,252,43,61
748,252,47,61
747,252,41,62
749,252,44,60
747,253,47,59
746,252,48,59
747,251,42,61
748,252,46,61
748,251,38,63
749,250,38,62
748,252,43,60
749,251,46,59
749,251,46,59
747,250,48,59
747,250,52,58
746,246,48,62
742,243,53,58
739,243,54,56
735,238,58,53
737,237,55,53
737,235,56,54
734,232,58,53
731,224,58,55
725,218,61,57
717,200,63,62
709,187,58,62
697,179,57,56
687,176,52,54
680,178,49,53
670,184,54,49
670,188,55,46
666,189,58,45
665,188,58,48
669,183,56,51
667,181,58,53
673,180,57,54
682,183,61,56
690,185,61,60
703,193,57,61
712,201,56,65
720,211,57,63
728,223,52,60
727,228,62,61
733,235,58,63
733,233,58,62
729,234,63,63
733,234,58,63
734,237,55,60
727,235,64,62
731,234,59,63
731,233,57,62
731,232,60,61
733,234,56,63
733,233,56,62
734,235,56,61
730,236,59,61
721,234,66,64
723,230,65,63
717,230,68,65
725,228,61,61
722,228,58,60
718,228,60,60
716,224,59,63
710,224,61,62
707,224,61,62
702,225,66,61
701,223,67,60
704,224,60,62
700,226,66,63
700,226,67,60
701,224,67,58
701,225,68,57
695,229,72,59
703,223,69,60
701,225,66,62
701,222,66,63
704,226,61,59
704,224,61,62
700,225,67,58
703,224,63,63
702,227,64,63
700,226,70,60
698,227,72,60
701,224,65,62
700,229,67,62
702,227,67,58
702,226,67,61
699,227,68,62
701,224,70,61
700,225,66,62
702,225,66,65
705,224,63,62
701,229,65,61
702,226,68,62
698,226,72,64
701,227,68,63
702,227,64,63
702,228,69,61
702,229,67,61
706,231,66,63
702,232,70,61
702,234,73,59
702,233,73,59
704,232,69,63
704,234,68,62
709,228,61,62
708,225,63,61
708,223,60,62
702,215,66,59
699,213,67,58
698,210,62,59
699,207,59,56
688,207,67,55
686,211,65,55
689,213,62,54
688,214,63,51
686,214,63,51
684,212,65,52
686,212,61,49
682,214,67,49
679,213,68,51
680,221,66,48
682,227,65,47
684,230,61,45
683,234,60,41
679,230,59,44
678,233,57,40
672,233,61,40
661,235,64,40
657,234,63,44
658,235,62,42
656,239,58,41
649,241,61,40
648,240,62,39
643,243,63,38
644,242,62,37
641,243,62,36
641,246,61,36
639,246,62,35
641,249,60,33
642,253,60,31
641,253,61,31
641,254,63,29
642,256,63,29
645,258,61,29
643,259,62,26
644,262,61,25
644,265,63,25
645,267,62,24
647,271,62,22
648,271,59,25
646,272,60,27
646,275,61,29
646,275,60,31
644,279,59,31
644,281,58,31
642,279,58,37
644,278,57,39
644,278,55,42
645,278,54,43
646,277,55,48
651,278,55,48
655,276,56,48
655,277,58,48
662,276,58,48
672,278,57,46
680,280,56,44
685,279,59,45
694,280,59,42
702,277,67,35
714,279,61,30
726,280,55,27
736,280,54,25
742,280,58,25
754,279,57,26
761,279,59,26
779,281,54,23
792,281,52,22
804,282,52,22
817,281,52,24
829,281,53,24
846,280,51,25
858,279,49,23
870,280,49,22
878,276,49,20
888,273,50,19
896,268,48,18
902,266,49,19
909,258,47,20
909,257,49,20
911,254,49,20
912,252,49,20
911,252,49,20
908,253,52,19
906,252,52,18
904,253,52,18
903,252,48,18
899,252,50,17
893,255,50,16
889,258,49,14
884,262,50,15
876,266,50,14
868,271,52,17
862,276,49,18
853,277,51,21
845,279,51,23
839,280,47,24
831,273,47,29
824,265,47,31
816,255,47,32
805,243,49,32
796,236,45,32
786,227,43,37
773,220,43,42
751,219,52,42
732,228,59,39
728,240,52,36
713,245,62,28
707,254,66,22
702,258,64,20
698,263,63,20
695,266,63,20
692,268,63,18
694,271,60,18
691,272,63,17
689,275,66,16
691,276,61,17
689,278,63,16
688,278,62,17
687,277,63,16
687,275,64,17
690,273,63,19
691,271,61,18
692,269,62,18
693,271,63,18
693,272,62,23
683,276,62,31
670,278,57,38
644,287,58,42
620,313,61,42
596,324,74,51
574,348,78,35
555,378,88,45
544,407,91,49
534,430,82,55
520,453,77,53
497,480,88,53
477,499,83,50
458,508,81,61
448,511,104,63
434,505,97,63
426,500,80,65
414,502,70,69
403,507,68,62
391,511,67,60
377,515,65,57
363,512,58,63
353,512,52,57
344,502,55,59
334,491,58,60
325,475,59,60
327,468,56,57
328,462,46,55
332,457,35,50
339,458,24,42
339,458,24,42
339,458,24,42
339,458,24,42
339,458,24,42
339,458,24,42
339,458,24,42
339,458,24,42
415,484,22,39
427,492,29,38
436,491,27,46
447,487,24,49
457,484,24,55
469,482,22,57
482,484,21,56
490,486,25,53
500,490,27,52
509,488,30,51
519,484,32,52
527,477,32,57
536,472,33,55
546,466,39,54
556,459,39,52
563,458,46,47
574,458,49,44
583,456,50,44
591,458,48,46
601,462,44,48
609,464,37,50
615,464,34,53
621,464,31,57
629,464,29,58
638,465,32,60
646,468,37,59
654,472,43,56
664,475,50,53
680,470,55,53
691,465,58,54
702,458,59,55
716,452,65,52
737,441,63,53
759,433,56,51
784,419,51,51
795,404,53,44
803,396,55,35
808,383,58,30
813,374,55,27
817,365,55,27
816,357,55,30
819,353,53,36
822,350,53,36
826,349,49,38
829,344,53,44
833,345,51,45
834,340,55,49
834,337,60,50
837,335,57,47
841,332,57,50
845,326,55,49
845,323,58,51
846,321,56,49
848,317,55,48
847,315,54,52
848,315,52,51
848,313,52,54
847,313,53,54
845,312,55,54
841,307,58,60
841,305,60,60
837,299,61,59
836,293,61,61
831,293,65,58
829,289,62,53
825,283,57,51
821,278,58,51
818,277,58,49
815,275,57,50
818,273,52,48
817,274,50,46
818,274,47,44
816,274,46,44
817,274,43,45
816,276,44,42
814,278,45,39
811,276,47,39
810,276,48,39
807,277,50,39
804,275,50,37
801,276,51,39
794,274,53,41
785,271,59,43
782,272,60,40
780,271,61,39
775,271,60,35
774,266,55,37
772,259,53,38
771,254,46,40
770,248,43,48
769,249,43,41
769,257,45,34
769,259,47,33
763,267,51,32
761,266,53,38
759,275,54,33
757,276,58,37
757,286,59,33
758,287,56,38
759,283,57,43
759,280,53,44
754,274,55,46
756,271,54,43
761,269,50,40
763,267,48,36
763,266,53,33
766,266,54,35
771,268,56,34
773,269,57,38
777,271,55,38
778,270,56,41
780,269,56,38
775,265,58,34
769,259,59,32
756,252,61,28
750,245,55,25
736,235,57,29
722,229,57,31
717,228,58,31
714,226,60,31
718,224,58,32
723,227,55,28
728,230,53,27
733,232,49,25
740,236,44,24
729,233,46,22
731,238,45,16
748,250,42,20
735,246,38,17
767,264,32,17
775,274,29,19
784,285,29,20
788,293,32,23
798,302,30,26
797,305,35,28
790,305,39,29
776,299,48,30
760,293,52,30
738,283,58,30
718,278,62,26
701,269,64,22
688,261,58,19
671,251,64,19
660,247,63,18
652,245,62,17
643,245,64,15
638,247,61,17
625,249,59,22
607,259,52,29
588,261,48,34
562,284,53,30
539,291,41,36
521,313,38,30
498,333,34,29
492,362,33,26
468,387,26,28
438,436,31,33
421,456,33,42
405,467,36,48
384,470,41,57
360,469,50,60
341,469,53,63
327,469,53,66
317,471,43,66
310,476,47,64
303,481,53,65
291,484,59,64
275,488,70,61
268,489,71,61
267,486,61,68
262,484,53,67
258,484,43,63
257,482,35,62
253,482,31,61
249,482,27,56
246,486,26,57
238,488,32,57
230,490,36,54
225,492,38,49
222,496,36,41
221,502,38,32
220,505,37,26
217,502,34,30
217,503,35,32
220,509,35,28
220,509,35,28
220,509,35,28
229,508,30,21
229,508,30,21
229,508,30,21
225,512,30,25
225,509,27,22
220,511,21,21
227,511,23,20
224,511,24,14
254,513,20,12
254,515,21,14
252,511,24,17
251,507,26,23
247,506,30,24
246,506,31,21
245,510,32,19
239,510,39,19
238,507,41,23
232,504,49,28
231,505,50,26
230,507,48,24
228,510,52,19
228,508,54,23
228,505,54,25
228,506,55,25
231,510,52,20
228,511,53,18
228,508,56,21
229,509,54,21
231,509,54,22
230,512,55,20
230,512,55,19
232,513,54,18
229,512,55,17
231,512,54,18
229,514,55,17
230,512,54,18
230,514,56,18
230,514,53,18
231,513,54,18
230,512,55,18
229,513,55,17
230,512,55,19
230,514,56,17
229,514,55,17
230,514,54,17
229,513,54,17
230,514,56,16
229,513,57,17
229,513,56,17
230,514,56,17
231,514,55,17
230,514,56,17
229,513,56,18
227,514,58,17
229,513,57,17
227,514,57,18
228,513,57,18
227,515,57,16
230,514,55,16
229,515,57,17
232,515,55,16
235,514,51,15
240,516,47,15
246,514,41,15
247,514,37,15
249,515,38,16
246,515,39,15
246,514,38,14
247,515,39,15
247,515,39,14
246,515,40,15
249,515,39,15
251,513,41,15
255,514,43,16
263,513,44,14
266,512,45,15
269,510,44,18
271,505,43,23
269,503,47,27
270,500,50,32
271,498,53,35
272,495,55,38
274,497,57,38
285,498,60,36
287,507,58,34
293,507,55,35
294,503,60,34
303,500,55,39
308,497,54,42
313,493,53,47
318,492,52,47
325,491,48,48
329,491,45,46
335,492,45,47
338,498,47,42
347,501,50,39
348,504,55,38
352,506,56,41
362,502,55,41
369,501,53,43
373,498,51,47
379,500,47,47
387,497,44,50
392,494,41,52
394,496,40,51
397,495,38,53
404,496,33,52
410,491,31,55
416,489,29,55
421,482,30,58
428,477,32,57
436,472,36,57
443,471,39,59
454,470,40,56
465,467,43,58
470,470,49,55
480,466,47,52
488,461,48,55
497,460,46,53
506,456,45,53
515,457,44,55
524,458,43,55
530,461,44,56
542,464,41,57
550,461,41,59
560,457,40,61
568,455,40,63
580,457,41,64
593,451,45,67
607,457,52,59
623,461,58,53
641,459,59,50
655,453,55,50
670,444,58,51
687,433,53,51
704,419,53,58
717,406,55,53
734,395,51,43
737,380,55,35
743,366,51,26
744,354,51,30
737,344,56,38
737,339,57,45
739,339,56,47
745,340,57,47
744,336,57,48
746,333,58,50
751,332,56,49
755,326,52,51
756,320,57,52
759,318,60,51
766,308,59,55
771,299,62,56
777,294,59,53
784,281,59,57
786,272,61,57
790,266,61,59
791,268,61,55
793,274,60,46
793,270,59,50
793,268,59,51
788,263,62,55
790,260,57,56
788,258,61,53
786,256,63,53
786,252,62,52
780,249,66,51
774,249,67,53
773,249,65,55
770,250,59,60
768,250,53,64
760,253,57,61
759,253,56,61
759,250,56,61
753,251,57,59
749,253,61,55
750,254,56,55
747,256,57,57
743,253,61,61
742,257,53,57
741,255,56,56
735,250,56,55
733,250,53,54
732,246,48,57
726,241,46,60
727,243,38,61
727,241,32,63
722,244,31,61
720,243,29,60
719,243,31,61
719,241,32,60
721,239,33,61
720,236,37,58
724,237,36,59
726,237,37,56
726,237,40,55
730,237,41,56
730,238,45,56
732,238,47,54
732,238,48,54
735,235,47,52
734,235,48,50
734,235,49,52
736,232,46,54
734,233,47,54
734,231,48,56
733,232,49,52
735,233,48,53
732,233,48,53
733,230,48,55
731,228,46,57
728,227,45,59
726,222,43,61
724,222,39,64
723,223,35,62
719,220,33,62
717,221,30,64
715,218,32,63
712,216,40,65
714,214,41,61
710,216,47,60
711,216,50,57
716,218,52,60
716,225,52,56
725,238,46,50
721,244,49,50
719,254,51,44
716,254,52,44
719,256,49,42
720,255,48,42
718,255,49,43
716,254,50,44
727,260,40,39
727,263,39,35
731,267,33,32
734,271,30,28
736,275,27,26
740,278,24,21
739,279,26,20
740,279,26,18
739,278,28,17
742,279,29,16
742,276,30,16
740,276,31,17
741,273,32,16
741,272,31,16
743,272,30,15
740,272,32,15
741,272,31,13
742,271,30,12
745,269,27,12
743,270,28,11
744,271,27,13
743,272,27,14
742,274,29,15
741,275,30,15
738,275,32,14
736,273,34,16
733,271,35,16
726,266,38,17
722,261,40,16
722,251,39,19
721,239,39,26
723,231,38,32
719,222,46,38
713,215,52,44
706,217,61,47
706,216,68,50
713,221,64,51
713,227,65,52
719,231,60,48
722,234,59,48
719,238,64,42
720,234,63,50
721,240,67,44
723,238,63,48
723,236,64,44
725,235,60,46
725,232,61,46
731,234,52,43
731,235,52,44
723,232,61,44
722,234,61,42
719,234,65,40
717,235,69,38
719,235,66,37
716,235,73,38
717,234,74,40
716,237,73,38
718,238,71,39
713,238,77,37
715,238,77,38
713,239,77,39
714,238,77,40
715,236,75,40
715,233,72,44
717,229,68,47
716,226,68,49
715,222,67,53
715,221,64,52
714,215,64,56
710,209,62,59
706,196,59,62
699,182,58,64
689,173,54,60
678,163,53,59
665,158,52,56
659,156,49,55
653,154,46,55
648,160,47,50
647,158,50,50
654,156,47,49
662,154,47,55
669,159,48,56
680,164,50,62
688,179,54,63
695,196,56,59
699,221,63,51
711,237,56,42
710,250,58,35
712,253,62,31
712,251,60,30
711,252,62,28
710,249,61,31
711,250,61,28
709,249,61,28
709,249,61,25
710,250,61,23
711,248,60,25
711,248,60,25
711,248,60,26
711,247,59,26
711,244,59,28
708,240,60,34
705,239,55,40
708,233,47,47
704,228,44,52
705,231,37,51
701,231,38,49
702,219,37,60
701,214,36,63
694,214,39,62
694,213,33,65
694,217,31,63
685,223,35,58
675,233,45,62
671,245,50,59
673,248,51,53
669,253,57,43
669,257,56,37
666,258,57,31
670,259,52,25
669,264,53,19
670,262,51,19
673,263,49,19
672,263,48,17
672,264,48,17
672,266,48,14
673,264,47,16
672,261,49,17
672,254,54,19
671,243,57,24
675,235,57,30
673,232,58,37
672,236,58,43
670,245,62,35
673,251,63,30
673,253,61,24
673,257,63,22
675,256,62,24
677,255,59,24
676,257,59,24
676,257,58,22
676,261,59,17
681,258,53,20
680,253,51,29
672,249,56,33
669,246,58,37
670,246,57,36
671,250,60,31
671,253,60,29
672,256,59,27
673,255,59,29
670,249,58,33
670,243,56,41
669,239,54,42
666,237,55,38
665,237,54,36
662,238,54,35
662,236,54,37
662,234,53,35
662,228,57,37
663,227,58,35
665,223,55,38
664,225,59,35
666,231,59,36
669,239,58,30
670,243,61,32
674,244,61,30
681,244,59,26
687,247,60,26
694,252,60,26
697,255,59,28
702,257,58,27
704,258,58,29
706,260,60,32
708,263,61,34
709,265,62,36
708,265,57,34
707,267,59,33
704,264,60,36
706,267,58,32
706,265,58,32
707,266,61,32
703,264,62,32
706,266,61,31
707,264,61,34
704,265,64,32
704,263,64,32
703,261,63,32
703,263,63,30
703,260,61,30
708,260,60,29
706,260,60,30
707,259,61,32
706,260,62,30
709,263,60,29
705,262,61,29
706,263,61,28
706,261,60,28
704,260,60,29
704,261,60,30
702,263,57,29
699,267,58,27
693,271,60,23
689,276,63,19
683,279,65,14
683,281,60,20
680,286,56,28
682,290,46,31
686,293,44,30
683,305,51,22
686,315,50,27
684,321,48,33
683,324,52,30
681,329,56,25
678,334,59,31
683,340,59,29
680,346,63,28
680,352,63,28
676,351,63,34
673,351,64,37
671,359,63,32
662,360,65,38
658,364,65,39
655,363,65,37
649,364,62,38
648,364,62,41
648,365,61,40
644,372,63,35
632,377,59,33
619,380,60,33
604,387,59,30
588,398,55,29
573,416,51,23
560,430,46,27
547,448,44,33
538,463,45,38
530,473,50,41
522,476,52,47
517,474,57,55
518,476,60,56
519,475,50,56
520,479,36,50
543,495,40,38
543,495,40,38
543,495,40,38
543,495,40,38
543,495,40,38
543,495,40,38
543,495,40,38
543,495,40,38
543,495,40,38
543,495,40,38
543,495,40,38
543,495,40,38
572,472,43,45
589,468,32,51
595,469,26,55
604,471,25,52
609,468,25,55
615,467,25,55
624,465,22,58
633,463,20,57
646,463,19,56
653,462,18,54
661,463,17,51
665,461,19,52
670,457,21,55
671,452,24,55
676,448,24,55
680,443,25,52
682,437,30,53
687,435,31,53
688,430,32,52
692,428,36,50
694,429,35,51
697,429,34,53
698,431,32,57
701,431,36,57
707,435,39,56
721,427,42,64
739,420,39,68
769,416,38,60
781,403,49,54
785,380,57,52
786,359,57,53
775,337,59,60
778,335,56,54
782,331,49,57
780,328,50,57
779,326,54,56
777,326,58,61
779,328,54,59
776,326,54,61
778,321,57,66
781,319,53,71
783,324,54,66
785,326,55,66
786,326,59,66
789,324,55,69
792,333,55,57
795,328,55,60
800,322,52,67
803,318,51,70
807,319,49,68
809,315,48,70
812,320,45,63
812,315,47,70
812,313,46,72
811,312,48,70
810,312,50,65
804,309,56,62
802,311,60,56
802,305,61,48
800,299,59,44
796,285,56,44
782,274,59,46
759,269,61,45
739,268,62,42
730,283,54,36
717,292,53,41
710,295,50,45
702,303,55,42
696,311,60,35
690,315,65,47
691,320,64,54
691,327,59,52
689,327,59,49
689,341,61,41
685,343,51,50
680,347,57,52
675,349,65,47
674,352,63,41
668,356,58,44
662,362,60,40
660,359,63,37
654,358,61,40
647,359,63,38
640,359,64,39
631,361,65,37
623,363,64,33
618,366,63,27
611,368,60,26
598,370,59,28
587,370,56,33
575,374,56,37
561,378,58,40
549,387,61,41
540,400,62,38
540,400,62,38
540,400,62,38
504,442,49,42
503,448,42,49
500,452,37,55
499,456,31,51
500,461,29,46
519,481,31,41
518,484,25,34
518,484,25,34
518,484,25,34
518,484,25,34
518,484,25,34
518,484,25,34
564,472,16,35
565,467,19,34
570,464,22,36
575,459,22,38
582,455,24,41
587,449,25,45
592,444,27,46
597,437,32,49
603,433,35,49
605,430,38,50
611,426,40,49
614,424,39,47
617,419,40,51
620,417,41,50
620,412,41,53
623,412,39,52
625,412,42,48
625,410,43,52
625,408,45,55
629,406,45,56
626,408,45,59
626,409,50,60
627,414,52,56
638,413,56,58
646,409,63,56
660,407,62,57
679,405,59,53
700,398,58,56
726,392,52,56
742,382,50,50
769,379,45,45
776,362,49,49
781,350,56,48
781,333,60,57
784,324,59,58
781,318,61,57
780,309,58,63
780,310,53,65
782,307,54,65
780,299,58,67
780,294,60,69
784,286,59,73
788,283,58,74
791,276,61,75
794,276,59,71
795,273,63,72
802,271,60,65
800,273,61,62
803,270,62,61
803,264,63,68
802,262,62,70
802,263,63,69
803,265,60,68
804,267,61,67
803,265,60,69
806,265,58,68
806,266,62,68
809,267,59,67
805,266,61,67
806,265,59,70
809,267,57,68
810,266,61,66
813,267,56,66
817,268,54,61
819,270,52,59
821,270,49,57
821,272,50,55
821,275,48,51
815,274,51,53
817,269,50,58
816,266,53,58
809,261,57,63
807,257,60,59
807,256,62,60
809,254,58,61
804,252,65,59
802,252,59,61
800,250,53,63
797,250,53,55
796,254,51,50
793,249,54,44
787,248,55,40
785,239,55,43
775,233,54,43
762,228,59,43
749,222,61,42
740,216,57,43
727,211,54,44
718,206,55,47
710,204,53,47
707,206,51,47
705,211,52,45
708,213,51,44
711,219,51,42
715,225,52,43
723,240,51,35
729,247,48,33
732,257,46,26
732,262,49,26
734,268,50,26
734,273,52,27
739,284,49,22
743,287,46,23
741,293,46,25
737,294,51,27
734,299,53,28
734,301,52,31
736,304,51,33
736,307,52,36
735,311,52,38
735,315,52,40
740,318,52,39
736,321,51,40
731,322,52,43
726,319,53,43
717,318,53,40
713,314,53,41
710,314,51,44
706,314,53,39
700,314,58,35
695,313,62,29
694,308,57,27
690,305,58,30
690,303,54,28
689,302,55,23
688,299,56,25
688,296,55,27
688,291,61,24
689,285,61,31
689,283,63,35
695,280,59,36
697,275,59,40
701,271,54,42
709,266,46,41
711,259,51,39
713,253,57,39
714,251,62,36
717,250,64,36
722,251,65,37
734,254,58,33
738,260,62,30
744,269,61,23
752,273,61,20
761,276,62,22
774,277,64,24
785,276,69,25
794,276,66,22
806,278,62,23
812,277,66,23
819,279,65,20
828,278,60,23
833,280,60,24
837,286,58,24
845,292,56,23
849,296,55,23
852,297,53,26
855,301,51,24
857,304,54,23
861,305,55,23
864,304,53,26
866,304,53,26
867,304,54,25
871,304,53,26
873,305,54,24
876,305,52,24
878,306,52,26
879,308,53,26
882,310,51,29
882,313,47,36
885,319,41,33
886,322,34,38
885,329,29,38
885,334,27,38
887,337,27,39
890,341,29,39
892,342,33,38
898,343,36,37
903,338,39,38
910,334,43,35
914,330,46,32
918,321,49,33
917,317,54,32
917,311,55,33
920,307,53,33
916,302,57,35
915,297,56,35
917,296,54,35
914,293,57,35
914,290,55,34
915,288,53,33
914,284,53,32
910,280,55,32
904,275,56,31
900,268,51,27
897,263,50,28
907,258,41,27
899,253,37,26
901,251,32,23
895,247,38,27
880,242,46,30
866,237,51,34
848,232,56,35
819,227,62,37
785,227,69,42
753,229,69,43
742,240,59,42
729,252,50,44
709,262,57,39
694,274,57,33
691,281,55,38
689,291,57,38
684,298,54,37
676,303,56,39
672,305,56,39
667,311,54,38
663,315,56,39
662,318,55,37
655,319,57,42
651,319,58,43
643,314,60,44
638,312,61,38
629,311,60,34
624,306,59,30
613,297,63,30
607,297,59,25
600,294,62,26
593,293,63,27
589,296,63,28
583,300,63,31
578,305,63,36
572,310,62,41
562,317,63,46
553,325,61,53
553,325,61,53
528,350,56,64
517,370,49,62
500,387,54,63
488,406,51,64
476,431,44,61
466,455,38,61
461,484,36,58
456,484,35,48
456,484,35,48
442,495,34,48
458,507,37,51
461,517,39,48
461,517,39,48
452,512,34,42
452,512,34,42
452,512,34,42
452,512,34,42
452,512,34,42
452,512,34,42
459,517,29,38
483,507,33,34
476,513,41,26
476,516,41,20
471,518,48,19
465,519,54,17
464,518,55,20
462,519,56,18
463,518,55,18
463,518,57,19
461,519,57,19
461,518,58,18
463,519,55,18
463,519,54,18
464,518,56,18
463,517,56,19
461,518,57,18
463,519,56,18
462,519,56,18
462,518,56,18
463,518,56,19
461,519,56,19
459,518,59,18
460,519,57,19
464,517,55,18
464,521,57,16
465,519,52,18
467,520,53,17
466,521,54,17
464,519,56,18
462,519,57,18
462,519,58,17
461,518,57,18
460,517,57,19
461,519,57,19
462,518,57,17
461,517,56,19
462,518,57,19
461,518,56,19
460,520,59,16
461,521,57,16
460,521,57,16
460,520,57,16
461,518,57,19
460,518,57,19
457,521,57,17
458,519,57,20
456,520,57,18
456,520,57,19
456,521,56,16
456,519,56,18
455,522,56,18
455,521,58,18
454,521,57,19
452,520,59,20
451,520,60,21
454,520,58,20
454,519,58,20
453,520,59,21
453,520,58,20
453,522,58,19
454,522,57,19
452,523,61,17
453,522,58,17
453,521,57,21
452,523,57,19
453,525,59,17
453,524,59,19
454,523,58,19
456,521,58,22
455,518,58,26
456,516,56,31
452,515,60,35
451,507,63,40
451,503,63,44
449,503,62,49
449,500,63,50
452,500,58,52
446,504,61,47
442,508,65,46
438,516,63,43
439,516,65,44
437,518,65,40
439,516,64,43
437,514,65,45
438,510,66,48
439,508,67,53
447,506,64,54
450,501,64,59
460,496,56,63
470,499,54,58
485,491,48,59
499,492,47,56
515,486,41,53
526,481,38,52
536,480,37,48
545,477,37,48
552,474,34,46
557,474,32,44
563,467,31,47
568,464,32,44
572,463,33,42
575,459,35,41
576,455,39,42
578,453,42,40
583,451,40,40
588,449,42,38
594,450,45,35
596,449,45,36
603,448,43,39
608,446,45,40
617,445,46,42
623,446,44,44
636,448,42,38
647,448,41,37
658,446,39,34
663,438,41,35
670,429,43,39
677,420,42,37
683,407,47,38
694,393,49,40
702,382,50,38
708,371,49,39
709,356,54,45
710,348,59,45
707,339,60,42
712,332,59,46
714,332,59,46
712,330,61,45
718,328,62,44
719,328,63,41
725,322,64,43
728,320,64,45
736,314,60,47
739,309,61,46
745,311,58,45
752,304,58,50
756,297,63,53
759,306,61,47
762,296,58,51
761,292,64,56
760,285,61,65
762,288,62,63
756,286,63,59
755,286,66,61
752,284,63,59
750,286,54,55
746,285,53,53
740,285,50,50
726,285,53,48
718,284,51,52
713,289,42,54
710,298,28,51
702,311,22,43
693,317,21,37
687,325,25,41
684,332,29,38
684,340,34,37
685,347,40,39
693,354,50,43
699,352,55,50
698,348,59,54
698,346,59,56
696,345,63,57
700,343,58,53
698,343,50,54
701,336,46,56
704,329,38,60
702,321,32,57
695,321,35,48
685,311,40,56
679,302,37,57
669,286,38,46
652,292,43,34
645,293,49,29
636,294,56,25
632,293,56,23
628,293,59,25
627,292,58,27
627,295,58,26
628,295,56,26
631,296,55,27
635,297,54,29
637,299,55,30
639,301,54,30
642,305,55,33
645,311,56,33
648,314,56,40
655,318,56,47
656,323,57,43
657,326,58,42
655,328,56,42
648,327,59,39
641,325,59,32
631,324,58,26
622,320,60,20
617,318,59,21
609,318,59,20
599,315,61,22
596,316,59,25
589,316,61,24
579,315,64,23
574,315,63,23
568,317,63,22
564,315,63,23
560,313,62,25
555,315,64,24
553,315,62,24
549,318,61,24
543,325,59,23
528,333,57,25
512,348,57,17
512,348,57,17
482,387,59,25
472,399,49,33
461,413,45,42
445,434,40,39
430,453,44,45
416,463,52,53
409,466,57,55
403,477,58,54
406,473,55,56
409,472,46,50
417,475,51,46
439,488,48,35
439,488,48,35
439,488,48,35
439,488,48,35
439,488,48,35
439,488,48,35
462,461,41,34
455,449,34,43
457,444,34,52
455,444,35,55
459,448,35,53
462,447,34,55
464,452,37,55
469,453,34,56
474,452,37,58
481,457,36,58
488,457,37,56
495,454,35,59
504,453,33,56
510,456,35,53
515,453,36,58
521,452,36,56
528,447,38,56
530,443,40,58
534,443,43,55
540,437,44,56
544,435,45,56
548,440,45,54
556,437,44,54
563,438,45,54
567,435,48,57
575,435,46,59
581,433,46,61
585,436,49,61
593,434,47,61
599,434,47,62
607,433,47,63
613,432,46,62
622,431,46,62
629,427,46,68
636,430,46,64
643,429,46,63
648,427,48,61
655,425,50,57
662,421,45,58
667,416,47,60
671,411,49,64
676,413,48,63
680,415,49,60
684,423,47,57
691,415,50,63
699,413,50,69
714,406,55,71
736,396,45,67
768,393,44,61
786,378,49,57
795,361,52,58
797,349,53,58
794,337,52,61
790,336,48,58
789,333,44,58
793,335,44,55
791,336,47,54
793,333,45,58
794,331,46,64
797,330,47,59
794,331,47,58
794,329,46,60
795,325,50,61
794,319,51,64
791,315,54,64
791,310,54,62
790,311,54,52
789,307,59,52
792,305,54,52
791,296,54,56
794,284,60,59
797,277,58,58
800,276,53,60
802,265,53,62
808,264,49,54
808,255,49,55
805,247,53,55
803,241,54,54
798,236,60,59
791,222,62,67
790,214,59,67
782,206,56,65
777,200,50,61
765,191,51,64
759,189,46,58
749,189,48,58
742,196,50,55
734,206,53,52
726,224,54,57
718,239,58,47
713,254,58,35
704,260,60,33
696,261,63,32
697,258,59,31
694,257,59,33
692,253,60,34
691,247,57,38
689,242,56,40
689,239,57,41
688,237,56,40
688,236,57,44
689,237,56,44
690,238,56,42
689,237,56,42
691,237,56,43
692,239,55,45
691,237,57,43
693,238,56,44
695,236,57,44
693,234,57,45
694,233,58,48
697,232,56,47
696,232,58,49
698,233,57,47
698,234,58,47
698,235,58,49
699,240,58,44
698,245,59,41
