312,87,43,133
309,84,50,132
310,84,49,135
308,83,52,136
310,83,48,133
311,84,48,132
312,87,46,123
310,87,54,132
312,87,55,128
312,82,54,132
311,81,58,131
310,84,60,124
311,80,61,131
315,80,60,129
316,77,57,131
315,77,58,131
317,75,57,139
318,77,56,141
318,76,60,136
318,74,66,145
316,73,67,141
317,71,66,146
316,72,72,144
317,72,74,142
317,78,70,138
320,79,64,138
318,76,66,141
317,82,67,136
315,83,65,115
316,83,76,122
312,84,83,124
317,81,75,143
315,84,77,136
313,81,76,137
314,86,76,137
317,85,77,140
314,86,81,133
318,87,80,141
315,86,79,140
314,86,82,140
317,84,80,139
316,82,81,143
315,79,84,153
315,79,82,155
316,83,76,150
314,83,71,148
315,81,74,136
314,84,75,135
313,90,74,126
309,95,79,132
311,87,76,146
310,89,77,151
305,90,81,162
304,89,78,160
304,95,80,150
299,101,82,143
302,102,78,147
302,100,80,151
300,100,80,149
301,98,78,152
296,97,79,147
297,94,79,156
297,95,78,151
296,89,79,163
296,87,82,168
295,89,83,160
297,88,80,163
298,86,83,171
300,90,79,160
302,92,79,157
302,89,79,170
302,90,81,173
301,91,85,171
299,93,84,168
303,94,80,163
300,93,83,167
302,97,79,162
302,94,81,165
303,97,78,165
302,95,80,166
301,95,83,164
301,94,80,168
304,95,79,163
301,98,79,155
300,97,83,160
302,99,84,155
302,102,81,154
299,99,87,159
301,101,81,158
301,101,83,158
299,105,84,157
296,107,89,151
296,103,90,151
293,107,87,152
299,102,89,155
292,107,90,156
295,99,87,161
293,98,90,161
293,98,89,159
297,100,89,153
295,102,87,153
295,98,87,161
292,100,89,157
292,97,92,164
292,104,90,153
291,103,91,153
289,104,97,156
286,103,98,155
284,101,102,159
281,97,106,162
274,96,114,162
269,94,118,164
278,92,115,170
283,84,107,178
301,80,90,181
299,69,93,189
301,74,94,179
299,73,95,180
295,63,99,182
289,53,107,197
268,25,126,212
285,48,124,181
280,40,124,189
272,38,134,190
281,35,119,201
281,33,119,206
280,38,124,194
275,44,136,188
271,47,137,185
280,50,126,193
278,50,124,194
267,38,136,207
269,43,134,206
272,56,138,189
259,48,159,190
261,44,151,199
257,50,161,196
257,51,167,204
257,55,170,183
250,56,183,188
242,60,205,184
261,70,186,175
236,57,197,185
246,63,194,194
251,65,202,182
240,63,203,183
238,65,210,186
240,71,220,181
230,70,216,173
233,71,221,173
226,70,232,175
224,71,240,174
228,71,243,174
234,72,226,186
227,79,198,179
235,89,177,160
234,92,151,154
243,96,135,153
261,104,111,136
271,105,100,140
282,113,87,127
282,115,82,130
278,114,84,134
276,112,83,136
276,120,81,127
281,119,79,124
275,116,79,130
276,119,78,123
276,122,76,126
275,124,75,125
275,119,75,131
273,125,74,126
277,125,74,123
270,120,85,130
273,125,77,129
271,120,78,132
272,121,77,131
268,118,81,136
270,125,78,125
259,121,88,129
252,119,97,128
244,117,103,133
250,118,97,135
256,117,90,134
262,117,83,136
263,121,79,131
256,115,85,135
261,119,81,127
260,116,82,130
258,117,84,130
259,118,83,131
262,117,82,134
263,117,80,129
261,122,84,126
259,123,89,118
261,120,88,126
259,121,95,124
254,120,96,125
254,119,90,126
258,120,84,123
263,118,78,126
260,123,80,117
261,125,77,114
257,119,83,122
261,121,82,123
259,121,82,123
255,119,88,123
259,122,83,122
259,116,85,126
264,122,77,123
260,120,80,121
259,119,85,120
259,123,82,117
256,119,86,121
257,118,84,121
257,117,85,124
263,118,78,126
256,118,87,126
261,121,81,122
264,120,81,123
258,113,84,127
261,114,79,129
257,112,86,129
258,114,82,129
262,119,83,120
255,117,86,125
263,119,79,122
252,109,92,132
259,113,82,129
263,107,82,133
257,112,87,130
262,115,85,124
267,109,81,129
257,110,89,130
263,114,85,122
265,116,85,121
265,106,84,130
265,108,87,127
268,113,82,123
270,115,84,122
257,104,97,133
263,106,92,129
268,109,85,128
271,112,86,124
273,111,85,124
274,113,85,124
270,110,92,128
266,113,97,124
277,110,86,123
279,114,86,122
282,109,85,126
286,117,84,119
288,116,82,119
290,113,86,124
287,114,89,123
288,111,89,125
291,108,89,131
287,113,93,123
298,112,83,124
304,111,81,124
300,116,86,116
303,110,82,125
306,109,84,125
303,112,88,123
302,109,89,129
304,109,89,129
303,107,88,131
306,106,91,126
309,110,89,122
306,109,90,128
302,114,92,123
312,110,82,124
301,108,98,126
308,110,93,124
311,112,89,125
303,109,95,124
307,110,96,125
305,107,97,128
310,105,92,138
310,112,91,124
306,112,98,122
310,112,91,126
314,110,86,130
307,108,96,134
312,111,89,129
307,111,99,129
312,117,90,123
314,112,89,129
318,116,85,123
318,114,88,123
317,114,90,125
324,117,84,123
325,115,85,123
328,113,86,126
322,115,90,127
317,116,95,126
327,122,85,119
327,114,89,130
324,117,93,124
326,121,90,118
332,117,83,125
324,121,89,123
327,113,89,134
327,122,87,123
330,122,85,122
322,117,91,129
325,126,87,121
327,120,85,127
323,118,93,129
322,121,90,125
328,125,82,124
320,120,86,132
327,130,79,120
321,123,83,130
316,121,89,132
319,125,83,125
313,126,86,127
316,129,82,124
312,131,86,120
313,133,82,121
305,127,91,127
307,129,86,126
308,130,81,125
306,129,81,129
302,130,85,124
305,128,83,129
302,130,85,129
305,129,84,127
301,130,87,128
302,132,85,123
304,130,80,129
300,125,85,132
303,128,83,131
301,128,86,132
303,128,85,129
303,131,85,130
304,129,86,129
301,132,89,129
302,137,88,123
310,132,82,128
305,135,85,125
313,134,76,126
310,137,83,120
313,138,78,121
311,136,82,122
314,139,79,126
317,136,78,127
321,135,80,123
321,142,77,123
316,136,84,128
316,133,82,127
321,129,78,137
323,132,81,129
318,126,88,139
321,120,84,145
322,120,83,145
327,122,80,141
330,129,75,135
331,128,74,132
332,132,71,129
335,125,69,137
337,128,67,128
342,129,66,128
338,125,68,137
337,125,70,132
342,126,64,130
344,139,60,121
342,139,64,115
345,137,60,115
340,139,62,114
346,138,59,117
347,139,56,112
344,142,57,108
352,137,49,115
350,136,52,117
350,138,53,117
356,132,47,128
355,138,47,119
357,135,47,119
355,138,48,116
354,141,50,111
354,142,51,112
358,140,45,110
355,141,50,114
354,138,50,116
352,140,51,111
358,140,45,114
357,141,48,112
356,139,46,115
360,136,42,117
356,131,49,124
354,132,51,124
354,131,54,124
359,136,50,120
361,134,49,119
359,127,53,123
361,129,54,121
360,128,51,119
360,135,53,111
364,134,50,109
364,135,51,107
365,134,52,109
365,131,52,113
365,129,49,118
366,125,51,118
366,127,49,117
368,128,49,115
370,128,48,115
372,127,45,118
375,126,44,118
375,132,44,111
375,138,42,105
375,132,43,108
377,128,44,119
377,126,48,122
378,131,43,116
380,136,44,111
379,133,47,111
378,129,48,118
379,125,46,124
384,122,45,129
383,118,45,133
382,118,47,130
385,118,45,133
384,118,47,132
387,117,46,131
388,115,47,134
391,115,43,136
389,113,46,137
390,110,47,140
388,108,49,141
392,103,48,147
392,107,49,140
392,116,46,131
389,114,50,134
393,115,49,129
395,115,48,133
394,115,48,129
392,111,50,132
396,110,47,136
395,117,49,129
394,112,50,135
398,106,52,136
395,107,54,133
397,112,53,129
394,109,57,132
396,110,57,131
395,107,58,136
396,108,57,134
396,111,59,132
406,113,50,126
407,113,50,125
406,112,49,125
410,116,47,118
410,122,46,110
410,130,46,104
412,132,45,99
417,133,41,98
421,130,38,102
420,140,40,94
420,134,40,100
421,128,40,106
420,130,42,106
422,128,42,110
424,125,39,109
426,130,38,104
429,133,36,101
433,135,33,98
432,139,34,93
434,144,32,89
437,146,30,88
434,146,33,90
435,147,33,86
433,146,39,87
436,146,36,86
439,147,36,84
443,146,32,85
444,147,32,81
442,147,35,87
443,148,32,82
443,144,34,88
445,141,29,92
445,148,34,85
447,147,30,88
447,147,34,88
446,147,29,84
447,148,30,82
447,146,29,85
448,145,29,84
448,147,29,84
449,144,31,85
449,142,30,87
449,143,29,87
448,141,34,89
449,138,33,94
451,135,34,96
450,134,33,96
450,128,37,102
449,132,34,98
448,126,36,102
448,128,36,102
449,125,35,105
448,122,37,107
449,126,31,104
445,126,38,103
448,124,37,104
448,124,36,105
446,121,36,107
445,124,35,103
444,123,37,105
445,123,33,105
444,130,35,100
444,127,36,101
443,129,36,95
444,129,34,99
444,128,34,99
440,122,38,102
441,123,36,104
438,121,39,103
436,120,41,108
435,119,42,106
432,115,44,108
431,118,44,106
429,119,41,101
428,121,40,98
426,121,42,98
424,121,40,99
423,119,43,99
420,119,40,100
417,121,41,96
413,120,39,100
411,122,37,97
410,121,38,95
406,121,46,94
401,117,44,98
404,117,40,98
398,116,44,100
400,116,43,100
396,118,42,98
395,118,44,98
391,115,46,99
389,115,54,94
389,117,46,93
384,114,44,96
383,113,37,99
380,114,43,97
380,117,38,94
378,116,39,95
375,113,37,97
373,114,40,94
372,115,39,94
370,112,38,95
368,111,40,95
365,107,42,99
362,109,49,94
361,106,43,96
355,106,45,99
352,105,51,94
349,109,48,92
348,103,48,96
345,106,52,93
341,105,57,89
339,106,54,89
338,104,56,87
335,103,60,84
331,104,63,89
330,104,56,87
331,102,55,89
329,99,55,98
332,101,51,95
330,100,54,93
332,104,50,92
330,100,50,95
328,100,53,92
327,101,54,92
323,99,59,91
327,104,55,87
327,107,53,87
326,99,57,92
327,101,53,95
326,104,53,92
326,105,53,88
325,103,57,90
325,103,55,90
325,99,56,91
327,103,52,89
322,99,56,91
325,107,56,80
322,104,61,86
323,106,60,80
325,103,56,87
328,105,53,84
327,102,53,93
327,101,52,92
326,103,52,89
325,107,54,82
328,108,54,84
327,104,54,84
327,105,54,85
327,106,52,85
327,104,50,90
328,109,50,83
329,108,48,82
328,110,48,85
328,107,49,90
329,108,49,91
327,109,49,85
329,111,46,88
330,109,46,89
328,109,47,88
327,107,47,92
328,108,49,89
326,107,51,86
326,107,51,92
327,109,51,89
328,108,49,91
328,107,48,92
329,108,45,91
329,111,46,89
326,108,50,81
326,112,49,78
327,110,47,82
328,111,48,89
332,111,44,90
330,108,47,92
331,112,47,90
329,111,46,87
328,108,47,92
327,108,49,78
328,110,47,81
328,115,47,75
327,114,47,79
328,113,48,84
327,113,54,85
327,113,63,86
325,109,69,82
325,110,72,82
327,111,70,84
323,112,75,84
324,110,72,83
326,113,70,84
325,109,69,85
325,112,70,85
326,112,68,82
325,114,69,81
326,113,68,83
328,114,63,85
327,112,64,88
333,115,57,86
330,116,58,83
334,116,54,86
329,115,60,84
330,113,60,89
333,113,58,86
330,116,59,84
330,116,60,86
335,115,57,84
331,114,58,88
333,115,57,86
332,115,60,86
333,113,59,88
330,114,59,88
333,114,56,88
331,114,57,89
333,114,56,87
334,115,56,84
334,116,56,85
332,116,57,85
330,115,59,84
333,115,55,86
330,113,58,88
333,114,57,86
332,114,55,87
332,114,54,87
331,115,57,87
332,114,55,91
331,113,53,92
333,115,54,88
333,115,52,89
332,115,53,87
332,116,56,86
332,115,55,87
332,115,55,85
332,116,55,85
331,117,58,87
332,116,57,85
334,116,55,86
332,113,56,90
331,111,56,92
330,113,58,91
332,114,56,90
332,111,56,94
330,112,60,91
330,113,59,92
330,111,59,91
332,114,55,89
332,114,55,89
331,114,58,90
331,109,56,95
332,113,55,92
333,111,56,93
333,114,54,90
333,114,55,91
333,113,56,91
332,115,54,88
333,115,55,89
332,115,55,84
333,114,55,87
334,114,55,88
330,114,57,89
330,113,57,89
329,112,59,91
330,113,58,88
329,114,58,84
331,115,58,85
333,113,55,83
332,114,54,83
333,113,54,88
332,113,55,86
331,112,58,86
331,114,59,87
332,114,56,90
330,114,55,90
331,115,56,84
332,115,56,82
331,115,57,89
330,116,57,88
331,116,59,83
330,114,58,87
329,117,59,84
331,115,60,86
328,113,60,90
330,114,59,91
329,112,62,91
331,114,59,90
329,115,60,85
330,115,61,81
331,114,57,86
331,115,59,83
334,115,56,89
332,113,59,92
330,112,60,93
331,113,58,91
332,116,58,88
330,114,60,89
332,116,57,86
331,115,58,86
333,117,56,85
332,117,55,87
332,117,57,85
334,113,55,90
331,113,56,88
331,115,54,87
333,112,56,88
332,116,56,85
330,112,58,89
329,113,61,87
329,111,59,89
334,111,56,90
333,113,55,89
331,112,56,88
330,114,58,87
331,112,58,89
330,115,60,84
331,114,58,85
331,113,60,92
331,113,61,93
331,115,59,91
331,113,59,93
330,114,58,91
332,113,56,93
329,114,60,92
331,115,58,89
331,115,56,89
330,113,57,90
329,115,60,84
333,113,56,92
333,113,56,91
332,111,58,94
329,112,61,93
332,114,59,92
332,113,59,91
333,117,59,90
332,118,58,88
333,119,58,85
333,116,58,92
333,116,56,91
331,116,61,90
333,118,55,89
334,116,53,91
334,115,52,92
334,116,52,91
334,116,53,91
334,119,51,89
333,115,53,91
333,117,53,92
335,118,51,88
333,115,54,91
335,116,51,90
334,117,54,89
335,114,50,93
333,114,54,90
334,115,54,91
332,115,55,90
334,115,53,92
333,117,54,88
332,116,57,90
336,118,50,90
332,115,57,90
335,117,54,90
335,118,53,91
335,114,54,90
335,114,50,90
335,118,54,87
335,119,55,88
335,117,52,87
336,117,56,89
337,117,53,90
334,116,54,90
336,119,51,88
335,117,56,88
336,119,55,88
335,119,54,86
338,116,52,88
337,116,54,88
338,118,52,88
338,116,51,87
340,115,48,91
340,114,50,93
343,119,45,87
341,121,47,83
340,123,47,85
342,117,45,88
344,120,43,86
346,121,40,83
347,122,39,83
348,124,38,81
350,120,37,85
350,122,36,83
350,122,35,83
351,123,35,82
351,124,33,78
353,121,33,75
351,121,34,72
348,121,35,73
351,119,35,76
348,120,37,77
350,119,36,76
350,121,35,72
349,122,36,72
349,121,37,75
348,120,37,77
348,120,37,75
350,120,34,83
348,117,35,87
349,117,35,87
349,119,36,83
346,119,38,77
351,123,36,70
349,122,35,73
349,120,38,74
349,122,38,75
349,120,37,74
349,119,36,77
348,120,40,74
348,119,39,84
346,118,43,77
350,119,41,85
350,122,41,84
349,119,45,84
347,118,46,90
350,118,47,90
347,115,49,90
346,119,49,90
347,119,52,90
348,121,49,90
349,119,51,91
347,118,51,93
346,116,55,92
349,119,52,92
347,119,54,91
349,116,56,91
350,119,53,88
351,117,54,90
351,120,53,86
352,119,53,89
350,120,55,88
350,119,55,87
350,115,58,91
348,118,61,87
348,114,63,93
349,115,62,89
349,114,66,90
347,115,73,89
345,114,75,92
346,117,73,85
347,113,78,92
347,116,77,89
346,111,81,93
352,114,75,89
348,116,77,88
349,118,77,85
346,113,81,90
352,119,76,84
350,119,77,82
345,116,86,86
346,114,84,87
345,109,84,90
349,111,81,83
343,111,88,83
345,114,87,80
343,110,90,86
345,110,89,88
345,111,87,90
346,113,87,84
341,113,94,83
347,112,85,82
348,110,83,85
346,110,86,84
349,118,84,81
346,114,92,80
345,111,92,82
344,114,96,81
343,109,93,83
346,111,93,83
345,108,97,83
344,108,94,83
345,113,95,82
344,111,99,83
347,114,93,80
341,109,100,86
345,116,96,81
342,111,100,85
345,113,100,84
341,111,102,86
342,108,102,89
345,108,98,87
344,115,99,81
342,112,106,83
342,109,104,84
343,111,102,83
339,111,110,83
343,110,108,79
340,113,111,79
342,110,107,83
340,107,111,86
342,106,106,86
341,109,106,83
342,107,109,86
340,111,110,82
343,103,106,88
346,107,107,87
341,102,108,93
338,107,114,82
338,116,116,75
343,110,110,82
341,108,112,86
341,112,111,79
341,106,111,83
339,108,115,82
342,114,112,74
342,111,114,80
344,103,112,86
341,109,117,85
343,93,114,102
341,100,117,90
340,91,118,104
337,94,119,100
345,95,114,95
341,95,116,99
341,96,114,95
335,98,122,93
347,93,112,99
344,99,115,90
339,99,121,89
339,103,123,87
340,104,123,82
340,101,121,88
344,102,118,85
342,106,121,79
341,101,121,85
340,106,124,79
340,107,125,77
342,101,121,84
342,99,124,85
342,100,126,84
344,94,124,90
341,93,129,91
341,97,124,91
340,104,130,82
339,105,135,79
343,108,139,78
341,109,128,76
344,114,127,69
339,112,131,72
344,115,130,69
342,117,130,66
340,111,133,75
343,110,129,74
343,113,131,73
344,116,128,71
342,115,131,70
342,120,131,64
343,114,131,71
343,110,132,76
346,112,129,75
344,111,130,75
346,111,131,76
337,114,137,71
342,117,133,68
344,116,129,69
343,117,129,67
341,111,128,72
341,111,131,71
342,114,130,70
341,118,130,65
338,109,136,73
342,110,132,73
344,115,133,67
340,112,132,69
338,113,133,66
338,107,132,75
340,109,139,71
341,111,135,70
341,111,139,68
340,106,137,70
346,104,126,74
344,105,131,73
343,108,136,70
340,103,142,75
343,106,135,69
340,105,137,70
342,105,140,71
339,102,143,69
342,103,140,70
339,108,143,65
337,101,153,70
335,100,157,73
338,98,145,74
339,102,148,70
337,99,150,73
336,100,153,73
332,99,163,72
332,100,154,72
338,101,151,72
336,100,149,73
333,101,154,72
332,103,152,67
335,102,153,70
331,99,153,70
335,102,153,68
326,107,159,63
329,105,159,66
326,104,155,68
329,104,156,69
321,105,158,68
321,104,163,69
322,104,162,70
317,102,170,75
312,100,169,79
311,93,175,84
311,94,174,80
315,96,167,81
314,105,162,70
316,105,165,70
312,106,172,69
314,106,171,72
311,110,173,66
312,110,169,66
316,109,168,67
308,109,174,70
309,107,177,72
309,107,173,69
310,106,173,68
310,105,174,72
311,108,171,70
313,110,168,69
311,106,169,69
307,109,178,69
307,104,178,74
301,98,184,80
302,103,187,75
295,103,194,74
287,89,205,89
290,91,202,87
292,98,203,80
286,93,204,83
287,93,207,82
285,93,207,81
284,94,207,81
286,93,202,83
283,92,202,86
286,95,204,83
288,95,203,80
283,90,211,87
289,91,210,89
297,101,198,82
302,93,194,90
313,108,178,75
293,95,201,83
301,105,193,72
293,98,204,81
292,97,206,79
292,87,201,88
293,90,203,85
293,92,205,85
298,87,197,89
292,84,202,95
293,89,206,89
293,90,199,88
291,87,205,90
290,87,211,88
292,83,208,93
297,87,202,91
293,89,203,87
288,93,214,80
294,87,209,88
287,87,213,86
289,84,214,85
292,82,211,91
289,84,218,88
298,87,206,85
292,80,208,94
290,82,212,94
294,85,208,90
294,82,209,97
293,85,213,89
291,89,212,85
298,86,203,89
295,84,211,88
291,87,217,85
295,86,213,85
302,83,206,91
297,83,208,91
298,81,206,91
294,87,213,83
299,89,212,83
301,91,211,81
291,81,210,92
294,81,210,93
296,79,219,96
295,81,207,98
295,85,216,94
293,81,222,91
295,80,217,95
298,80,209,91
296,76,213,95
299,80,213,91
298,81,218,91
296,79,220,97
300,80,210,97
303,82,214,94
307,82,207,98
304,81,212,94
310,84,205,91
309,83,209,89
305,81,208,93
308,80,210,96
307,82,213,92
308,81,212,93
307,81,213,97
308,82,214,94
303,78,217,104
299,81,221,101
305,85,213,93
312,82,205,103
304,80,215,99
304,83,216,100
303,83,210,97
314,85,209,92
305,83,209,99
309,84,213,100
301,83,211,96
306,83,214,88
300,82,218,92
305,84,213,89
309,82,211,92
307,84,209,92
304,86,216,88
308,84,210,93
302,85,218,90
306,86,216,92
300,87,218,92
304,87,219,93
308,86,211,98
307,88,216,93
310,90,214,83
303,87,225,91
301,84,217,95
303,88,214,90
309,87,210,91
303,83,218,97
304,87,213,94
306,87,214,92
306,89,214,87
303,91,218,88
304,91,221,92
308,89,219,94
303,90,212,95
308,93,210,90
313,93,211,90
316,98,202,85
305,97,215,83
309,90,210,90
306,90,217,89
308,87,215,96
307,88,213,98
309,87,208,102
307,91,214,93
311,95,209,85
317,94,198,88
301,86,213,94
305,91,211,89
307,94,213,82
312,92,211,86
317,94,200,87
310,93,201,88
322,103,191,80
318,95,200,86
309,89,209,95
319,92,197,91
312,92,197,92
322,96,188,85
320,106,194,73
310,100,204,76
328,109,181,70
322,103,191,71
324,98,186,79
321,105,195,72
318,105,194,73
321,106,189,73
321,111,192,64
323,105,188,73
322,108,190,68
317,102,193,76
314,95,195,82
327,98,183,81
322,106,190,72
321,106,191,71
312,101,202,75
326,108,186,71
322,104,187,69
324,106,185,70
315,103,197,73
320,103,192,72
325,108,183,66
324,108,182,69
324,107,183,68
327,109,182,67
323,107,185,64
323,107,190,69
325,107,183,70
324,106,184,70
317,104,191,73
322,100,186,77
320,102,186,73
316,101,195,76
328,106,179,74
329,108,179,69
321,103,188,74
316,105,192,69
317,99,191,78
320,98,187,78
333,103,171,73
326,105,180,73
326,106,182,71
326,105,182,73
320,103,186,72
323,106,182,69
324,111,183,66
325,103,181,75
322,108,184,69
326,112,181,66
329,105,176,72
323,105,185,70
327,111,181,64
327,106,180,70
324,105,182,70
322,105,183,72
328,105,177,72
323,106,186,66
321,106,185,69
319,107,189,66
326,102,180,74
318,104,192,71
321,107,190,67
315,99,192,75
327,110,179,63
329,105,182,70
320,102,195,71
317,104,189,71
316,104,191,67
328,104,177,73
321,104,188,67
323,108,184,67
324,106,184,67
324,104,185,71
318,104,192,67
328,110,182,64
329,104,178,70
327,104,180,70
326,104,180,69
326,103,180,69
326,110,184,64
326,106,183,66
327,102,181,73
324,107,186,65
328,105,178,69
325,101,182,75
320,106,190,68
326,105,180,66
320,102,189,72
323,102,186,70
327,108,184,67
325,104,182,67
325,105,182,68
323,103,185,71
319,101,189,73
316,98,192,78
326,101,183,72
326,107,184,64
327,103,180,71
328,102,178,72
329,105,180,69
329,104,181,67
331,107,177,67
332,103,174,71
334,103,174,70
333,106,175,65
330,103,180,70
331,108,177,64
330,102,180,73
321,100,191,72
330,107,180,66
330,101,179,72
328,103,182,72
326,100,185,74
330,101,181,74
328,104,183,70
325,96,188,76
339,107,170,67
336,107,173,67
331,103,180,67
328,106,186,68
326,96,187,77
332,101,176,73
321,95,189,79
318,82,193,97
316,86,202,90
319,88,191,86
322,92,182,83
328,93,179,83
319,91,191,85
319,94,199,79
322,102,194,73
315,93,198,81
326,99,187,77
315,96,201,79
310,89,204,85
314,90,199,84
320,90,191,87
320,93,197,82
314,93,204,83
315,90,197,83
318,89,198,85
317,90,190,85
322,90,186,87
326,91,188,84
316,91,197,85
318,90,197,86
317,87,193,88
312,86,201,90
311,91,205,84
313,90,195,83
318,87,192,91
318,88,191,89
321,91,190,81
328,98,186,76
324,94,185,81
316,92,199,83
320,98,200,77
317,91,195,82
323,89,190,84
322,98,194,79
317,88,195,87
316,91,204,82
321,93,198,82
318,95,189,79
328,96,186,76
320,90,192,89
324,91,185,81
335,99,175,73
326,104,187,70
331,97,179,78
335,103,172,69
335,105,173,68
331,100,181,74
326,105,187,69
327,102,185,73
323,93,188,80
329,102,186,73
327,104,187,68
330,104,182,69
323,99,189,74
337,104,174,72
334,108,175,64
338,108,172,65
338,106,170,67
335,105,176,69
330,103,181,72
332,97,177,78
333,104,177,70
332,111,179,64
336,107,170,66
333,104,174,70
335,101,174,72
325,107,185,67
317,94,192,80
326,101,187,72
322,98,193,76
331,106,185,68
331,107,180,66
327,104,184,69
327,107,182,69
331,102,179,70
329,111,180,64
336,104,168,70
338,110,169,65
336,106,171,67
338,105,169,70
340,105,168,69
335,106,175,67
339,106,168,67
338,107,170,66
341,105,168,69
340,101,169,70
335,109,177,62
337,107,171,65
338,108,170,64
340,104,166,68
341,107,166,65
337,111,170,59
340,106,166,67
339,101,168,71
337,116,174,55
336,110,172,59
342,108,163,65
342,105,164,67
337,106,171,67
338,100,167,72
339,103,169,71
336,105,175,68
332,107,177,66
331,104,174,69
327,98,182,76
325,95,187,79
334,101,181,73
331,102,177,68
328,102,182,71
328,100,186,74
328,101,185,69
330,102,182,70
331,103,179,70
333,99,174,70
332,104,178,70
330,107,183,63
334,101,173,73
330,100,179,70
333,102,177,69
327,99,185,71
335,106,178,66
333,108,180,63
331,102,179,69
331,102,180,67
328,99,187,71
334,106,181,66
329,104,185,66
326,98,189,73
340,104,171,69
332,108,183,63
330,100,181,70
327,101,190,73
319,97,198,71
333,107,184,67
326,103,188,67
329,102,183,70
329,97,186,74
322,100,196,72
322,100,197,74
333,100,185,72
328,103,185,68
323,95,190,77
339,91,172,84
339,89,168,84
338,88,173,83
325,106,187,63
323,99,195,71
322,95,194,79
326,91,190,82
333,84,176,91
336,92,173,81
329,93,187,79
340,107,176,64
335,103,181,68
333,108,185,63
333,90,179,80
338,95,181,76
332,104,178,66
333,102,179,68
331,99,184,70
330,103,187,67
329,100,186,71
330,96,185,71
334,98,181,73
329,96,192,71
327,97,190,70
330,88,190,84
337,90,176,80
335,98,172,72
335,97,177,72
330,98,188,68
336,97,183,70
331,97,187,69
330,98,187,69
330,96,185,70
332,99,183,69
334,99,182,68
332,93,183,74
331,96,185,70
329,95,186,71
332,96,180,69
334,99,179,66
330,93,182,73
333,99,178,68
332,92,177,75
329,89,184,75
332,92,182,74
330,100,182,65
332,94,175,70
335,90,170,74
337,96,174,67
333,97,178,67
332,89,179,75
331,95,176,68
327,86,178,79
341,97,165,67
337,96,167,67
335,97,168,66
337,92,165,71
335,87,169,76
334,97,173,66
341,92,160,72
336,90,169,73
339,95,164,68
336,96,167,67
334,92,171,71
332,88,175,75
332,100,175,63
337,97,165,63
340,95,162,67
338,90,164,74
333,93,177,70
330,95,177,66
333,91,171,69
331,92,175,70
329,88,177,73
327,93,180,67
324,92,184,71
320,90,192,71
327,98,182,64
331,98,173,61
329,94,173,68
326,93,179,67
325,92,179,68
326,91,180,68
328,88,174,73
324,90,182,69
324,92,180,67
328,89,172,72
326,87,175,75
321,89,180,70
322,90,179,70
325,91,168,67
319,93,177,63
323,92,174,67
321,95,177,60
313,93,186,61
313,92,185,63
313,91,187,63
304,90,200,64
303,86,200,67
301,74,193,81
292,71,200,85
288,68,203,85
294,69,196,89
293,68,199,86
291,69,203,87
290,70,203,83
289,70,203,85
286,69,205,86
288,70,201,85
293,70,193,86
301,70,187,85
296,72,196,88
308,84,183,71
300,77,189,80
302,72,184,82
298,75,188,81
307,83,179,76
295,81,194,70
298,73,192,83
292,72,198,88
297,72,191,84
307,82,178,75
303,77,181,80
298,84,191,76
292,80,196,74
304,80,187,81
299,69,187,90
302,75,176,84
310,81,172,80
301,82,179,75
291,79,191,78
287,68,193,91
290,69,191,86
296,75,188,83
288,75,201,86
302,89,179,69
292,86,192,69
289,85,194,72
294,89,190,70
287,82,197,76
285,76,196,81
293,78,186,81
290,83,194,78
284,74,200,88
286,70,192,89
277,73,205,85
278,72,200,88
285,77,191,80
285,82,195,77
286,80,195,81
285,74,191,88
274,72,201,86
283,75,193,91
293,83,181,76
287,81,191,82
290,85,185,76
288,87,193,73
278,84,200,75
284,80,195,83
296,98,181,61
295,93,180,64
289,92,188,68
291,93,186,68
274,79,203,82
282,77,194,82
298,79,173,83
292,86,180,74
286,78,189,83
288,85,191,72
279,75,202,86
279,76,192,83
275,78,199,81
276,81,205,76
284,87,194,69
281,84,195,75
279,79,203,84
291,86,185,78
275,73,205,90
275,70,198,91
279,78,200,83
289,76,184,83
281,80,196,79
281,82,197,76
287,88,194,69
278,82,197,77
278,82,202,76
271,73,205,86
275,77,201,82
279,75,200,84
277,75,197,84
280,77,201,84
295,80,178,79
281,71,190,89
290,74,178,85
299,73,172,89
293,74,182,85
298,66,172,95
287,70,191,89
299,70,176,91
292,75,181,84
302,68,166,93
296,77,175,82
300,70,171,88
288,71,187,87
288,74,190,84
283,68,192,90
277,71,201,86
272,70,203,86
276,74,202,84
283,76,194,81
296,90,178,69
294,86,179,69
290,82,182,76
295,80,179,79
293,81,179,79
285,84,195,73
285,81,196,77
283,72,196,89
283,74,196,85
289,76,189,82
297,74,180,89
297,79,175,86
290,84,189,79
281,74,195,87
290,85,185,72
285,81,191,75
288,81,191,79
287,82,193,74
293,85,185,72
285,84,191,71
286,84,192,74
279,72,192,84
272,73,209,85
272,69,197,89
273,69,203,89
271,70,205,88
269,68,203,89
273,67,201,91
272,69,197,88
272,72,202,87
278,71,194,86
278,72,193,84
281,74,191,83
289,74,182,84
289,76,192,81
297,90,180,68
290,88,190,66
285,81,199,76
281,78,202,77
285,67,200,91
274,68,206,91
273,70,210,87
273,68,219,90
280,69,209,89
275,72,215,85
279,69,213,88
282,70,210,86
281,71,207,84
278,68,202,89
283,74,204,81
286,73,204,83
281,68,205,87
291,70,194,85
297,71,188,88
299,72,193,86
304,71,179,86
290,70,187,88
289,72,192,85
290,67,194,91
295,72,192,85
287,72,204,86
291,74,200,83
293,73,198,89
298,77,194,84
300,75,189,87
293,76,191,80
293,80,192,78
292,77,188,82
296,67,185,93
297,74,191,85
295,82,186,78
293,91,193,67
296,82,191,78
293,77,192,84
296,86,186,74
290,77,181,86
296,82,179,80
282,79,184,79
301,94,180,66
299,88,178,71
281,77,198,85
292,85,186,76
279,78,209,85
287,77,197,85
296,73,189,92
302,75,175,91
305,69,174,97
284,70,192,93
279,75,195,86
285,78,199,85
287,75,197,89
291,76,183,88
285,78,179,85
297,82,176,83
306,86,164,80
292,86,173,79
305,91,168,74
301,92,165,72
294,96,184,69
287,87,192,78
300,94,172,71
299,96,171,67
303,95,167,71
299,95,173,71
297,95,177,70
299,96,173,69
298,98,174,65
300,96,170,72
302,96,168,70
292,88,183,78
300,95,178,72
303,101,173,67
303,91,173,73
306,92,165,74
303,93,172,74
306,97,166,69
300,91,174,74
303,97,171,68
302,96,169,68
305,97,166,69
305,96,165,69
307,95,158,71
308,93,158,71
310,105,159,60
306,105,168,59
301,99,168,62
308,96,158,68
309,98,160,68
304,99,167,67
309,98,159,67
308,96,159,69
308,95,154,72
306,95,156,70
308,97,159,68
309,98,155,67
308,98,157,66
306,98,158,67
307,98,159,68
306,96,159,69
306,97,158,70
302,94,162,71
303,98,162,70
302,95,165,72
305,101,164,65
306,97,161,70
306,99,157,67
308,102,157,63
308,108,155,58
311,105,148,59
312,117,150,48
309,108,152,56
309,99,149,67
307,101,156,66
309,101,153,67
308,99,154,68
309,96,153,74
307,97,155,75
305,89,155,81
307,98,158,73
302,96,160,73
299,93,162,79
297,90,166,80
309,105,148,65
308,108,149,59
307,105,156,64
309,106,150,62
308,109,153,60
301,99,157,68
299,100,165,69
303,105,159,64
304,104,154,65
305,103,151,65
305,104,154,64
308,105,145,63
310,106,145,63
308,100,150,68
308,98,144,70
306,99,149,68
308,104,144,64
309,103,140,66
306,106,147,62
307,98,146,72
302,102,156,67
303,103,150,67
305,101,150,67
305,101,146,66
304,104,145,64
305,103,148,66
306,102,142,66
303,99,144,68
309,103,140,65
305,104,146,62
304,101,144,66
306,103,147,64
305,101,144,67
305,104,146,63
306,98,139,69
307,103,140,63
307,103,141,64
303,98,150,70
308,100,139,67
305,104,143,62
305,98,141,67
310,99,136,66
308,102,136,62
306,98,139,68
308,102,139,63
306,103,141,62
305,99,135,66
309,106,141,58
307,94,136,71
304,97,138,68
309,104,135,60
308,103,142,60
309,99,133,66
307,101,140,63
304,102,145,62
305,100,138,64
306,104,143,60
306,96,137,68
311,103,135,61
307,99,134,66
311,102,134,63
306,99,136,65
307,101,138,63
310,104,134,61
308,103,134,62
308,98,136,66
305,99,137,65
305,99,140,66
310,103,132,62
304,99,141,67
307,105,136,61
309,105,136,62
307,99,135,68
304,99,141,65
309,102,129,64
308,101,136,64
304,102,142,63
306,101,137,65
307,102,135,64
307,104,140,63
307,98,132,70
310,109,133,57
304,98,143,70
306,105,140,63
304,102,135,65
308,104,136,63
308,100,132,66
308,105,133,62
304,101,142,66
309,107,135,61
306,101,135,67
308,102,135,64
307,106,134,61
306,100,138,68
307,102,131,64
311,106,130,61
306,103,138,62
307,103,136,62
310,109,130,58
312,101,129,64
311,107,128,61
308,103,132,63
307,97,135,68
309,98,129,68
313,104,127,63
307,100,135,67
311,105,128,63
305,95,139,73
305,100,135,66
313,110,128,56
303,100,139,66
313,106,128,59
308,100,136,68
307,104,133,62
313,104,133,62
301,92,141,72
305,94,138,72
308,96,134,69
307,100,137,66
306,98,136,68
307,98,132,68
310,101,133,65
307,99,130,67
307,103,139,62
307,98,131,67
307,101,136,64
305,97,137,69
307,94,129,72
307,95,135,73
305,92,135,74
305,98,136,69
308,98,133,69
306,96,133,71
307,94,132,72
308,92,129,74
302,96,135,68
308,99,133,65
306,99,134,66
303,94,135,71
305,95,132,71
307,94,129,70
306,98,136,68
300,94,142,72
304,98,138,68
307,97,133,68
303,100,135,65
310,104,127,61
307,102,131,63
306,103,137,61
306,96,136,69
303,92,133,72
304,95,134,69
310,100,126,63
310,103,128,61
309,104,133,61
303,96,136,69
308,101,132,64
306,100,133,63
304,100,133,65
304,96,137,67
303,97,136,66
307,100,133,65
304,100,133,63
308,97,132,67
304,96,135,68
309,94,131,72
303,96,135,69
307,98,131,65
304,97,131,64
307,101,131,64
305,101,133,62
302,95,138,69
306,93,129,72
306,93,131,71
304,90,129,73
305,92,132,70
304,95,138,69
298,88,140,76
300,94,136,68
304,98,132,64
304,97,137,66
301,93,134,71
304,94,132,68
306,95,130,66
302,92,130,70
302,87,134,75
297,90,139,72
303,89,128,73
298,91,135,71
300,90,136,71
298,91,136,68
298,88,134,75
298,92,137,68
301,92,134,69
299,88,133,74
298,90,135,71
299,91,139,70
295,91,147,69
291,94,147,67
295,95,151,66
296,93,154,67
293,94,153,66
298,93,150,68
295,96,156,64
292,96,155,65
292,99,163,61
295,97,155,65
295,92,153,69
292,91,156,70
287,93,167,69
289,89,161,75
295,96,157,68
295,94,155,70
295,95,156,68
293,99,161,65
297,96,150,67
297,95,152,68
298,96,153,68
296,95,154,71
294,95,156,70
295,95,158,70
293,95,155,69
290,97,163,67
