674,497,27,46
672,496,28,44
672,496,30,47
674,496,28,47
673,496,29,48
673,497,29,46
674,497,28,46
672,496,29,47
674,496,28,45
673,497,27,45
673,495,28,47
673,497,27,46
675,495,27,46
673,497,28,46
673,495,28,47
674,496,27,46
674,498,27,44
673,497,27,44
674,496,27,45
675,497,27,46
674,496,28,44
673,496,28,43
674,497,27,45
674,496,27,44
675,496,28,45
675,496,27,43
674,497,27,45
674,497,27,47
675,496,26,45
676,497,26,45
675,497,27,45
673,495,26,46
675,496,26,46
673,498,27,45
675,495,26,46
675,497,27,44
674,496,26,44
674,498,27,44
674,497,26,45
675,497,26,44
675,496,26,46
676,497,26,49
676,498,27,47
674,497,27,44
676,499,27,43
675,498,27,44
675,498,26,47
676,497,27,43
675,498,26,44
675,498,27,46
675,498,26,48
676,497,27,46
674,500,28,44
674,499,27,45
674,498,28,45
674,498,27,45
673,497,26,46
674,499,26,46
674,499,27,44
674,499,27,45
674,499,27,45
673,499,27,43
673,498,27,45
674,498,26,45
675,500,27,45
673,499,27,44
673,500,27,44
673,498,26,45
674,500,26,44
673,500,27,43
672,499,27,44
673,499,26,44
674,500,25,45
674,498,26,44
673,500,28,44
672,498,27,47
671,500,28,43
673,499,27,44
673,499,27,46
674,498,26,45
672,498,27,47
674,498,27,46
673,500,26,46
673,499,26,46
675,499,26,48
676,498,25,47
675,499,25,46
674,498,27,44
676,500,26,44
674,498,26,45
675,499,27,46
676,498,26,46
677,500,25,46
677,500,25,46
676,499,26,45
675,499,26,44
677,500,26,44
676,499,25,45
677,498,26,47
677,498,26,48
677,497,26,48
677,499,25,45
678,498,26,46
678,499,24,46
678,498,26,45
678,498,24,48
679,499,25,46
679,498,25,45
678,499,25,44
678,497,25,47
679,499,25,43
678,498,26,45
679,497,25,48
679,498,26,46
679,498,26,47
679,498,26,46
680,499,26,44
680,499,26,43
680,501,27,41
681,499,26,44
681,499,26,44
681,500,26,45
682,500,26,47
681,499,25,46
681,500,26,42
681,500,26,44
683,499,26,41
683,499,27,44
683,500,25,42
682,498,27,44
683,498,26,43
682,498,26,44
682,497,26,42
683,498,25,41
684,498,25,41
684,495,25,44
684,496,25,45
684,494,25,45
685,493,26,46
683,493,26,49
682,491,27,51
684,491,26,50
684,490,25,52
686,489,25,52
686,489,25,53
686,488,25,54
686,488,24,53
687,486,24,56
685,483,25,60
686,483,24,61
686,480,24,62
686,481,24,65
687,478,23,67
688,478,22,67
685,476,25,69
687,475,24,73
686,473,22,72
688,471,21,74
687,470,24,77
685,469,25,78
689,466,22,81
687,465,23,83
688,464,23,82
688,461,23,87
689,462,23,88
688,457,25,92
690,459,21,91
689,447,25,90
690,453,21,85
692,452,19,74
690,453,22,70
688,452,24,66
690,449,22,61
689,450,23,56
689,447,25,56
690,447,24,53
692,446,23,50
690,444,23,47
690,443,23,42
690,441,27,36
689,440,25,33
691,439,25,33
692,439,25,31
691,436,25,32
692,434,25,34
691,431,25,34
692,431,25,32
691,429,25,31
694,429,24,31
692,427,25,32
692,423,26,34
693,421,26,36
692,418,25,35
692,416,26,35
694,416,26,33
694,415,26,33
692,414,24,30
693,411,25,31
693,409,24,32
692,409,25,31
693,406,25,31
693,405,24,32
694,402,25,32
694,399,26,33
693,399,25,32
693,396,26,32
693,394,26,31
694,394,26,33
694,392,25,30
692,388,25,32
693,387,26,33
693,386,24,34
694,384,24,32
692,383,25,33
691,379,27,32
693,379,25,30
693,375,24,32
693,373,23,33
693,370,24,32
692,369,25,32
692,368,26,31
693,365,26,34
692,362,25,33
690,361,27,30
693,359,26,30
691,359,25,30
691,357,26,29
691,355,26,29
692,353,26,30
692,350,25,31
691,349,25,32
691,347,26,32
692,344,26,31
692,343,25,31
692,341,25,33
692,339,25,32
691,337,25,31
693,336,25,30
692,335,26,31
692,331,26,30
692,330,25,30
694,328,25,30
693,326,25,29
693,325,25,30
694,323,25,31
693,321,25,28
693,318,26,29
693,317,26,29
694,314,26,29
693,313,26,30
695,312,26,29
695,310,25,30
694,307,26,30
694,305,26,30
695,304,24,29
694,302,24,30
697,301,25,29
695,299,24,29
697,296,23,31
696,295,24,31
698,294,24,30
697,293,25,30
698,289,24,30
700,287,23,29
700,288,23,30
699,284,24,28
700,281,23,29
699,281,24,30
702,277,23,30
701,277,24,30
701,276,24,29
702,274,24,31
703,272,24,31
703,271,24,30
702,267,24,29
704,268,23,28
704,266,24,31
706,263,23,28
706,263,23,28
707,260,23,30
707,257,23,30
708,257,22,29
707,256,22,28
708,254,22,29
708,251,22,30
710,251,22,28
711,248,22,30
710,246,22,29
710,246,22,28
711,242,23,29
713,241,22,29
712,240,22,29
714,239,22,28
713,236,22,29
714,235,21,29
716,234,22,28
715,231,22,29
716,230,21,29
716,228,23,29
717,227,21,28
718,226,21,31
720,225,21,30
720,223,21,30
721,222,21,29
720,220,21,29
722,219,21,28
723,218,20,27
723,216,22,28
725,215,20,28
724,212,20,27
726,212,20,27
725,211,20,27
726,209,20,28
728,207,20,27
728,206,20,27
729,204,19,28
728,203,19,28
730,203,20,28
730,202,19,27
731,201,19,28
730,199,20,29
733,199,20,28
732,198,21,27
734,197,19,28
734,194,20,28
734,194,20,27
736,193,20,27
736,192,19,28
737,189,20,30
738,189,19,28
739,187,20,29
739,186,20,28
740,185,20,28
740,185,20,27
741,183,20,28
741,182,19,28
742,180,21,28
743,179,19,29
743,179,20,27
745,177,20,27
745,178,20,26
747,176,20,26
747,175,20,27
747,173,21,27
747,173,20,26
748,171,20,26
749,170,20,28
749,168,20,28
749,168,21,26
751,168,20,26
750,167,20,26
751,167,20,25
753,166,19,26
753,165,20,26
752,164,21,26
755,163,20,25
756,162,20,25
757,162,20,26
757,160,21,25
756,161,20,23
758,160,20,25
758,157,20,25
759,156,21,28
761,156,20,25
761,156,20,24
761,156,19,25
763,154,20,25
763,154,19,26
763,152,20,25
763,153,21,25
764,151,19,24
764,150,19,26
766,150,19,25
766,150,20,25
767,149,20,25
768,149,20,25
767,148,20,25
768,147,20,27
769,146,19,28
770,145,21,25
770,146,20,25
770,145,20,25
771,145,20,25
772,145,21,24
772,144,20,25
773,141,20,27
773,142,20,26
774,141,19,26
773,141,19,25
773,140,20,26
773,140,19,26
775,139,19,25
774,139,20,25
775,138,20,25
777,138,19,26
777,136,20,26
776,136,20,25
777,135,21,25
777,135,20,25
777,135,19,24
778,135,20,24
777,134,21,24
777,134,20,24
777,133,20,24
777,133,20,23
778,132,18,24
778,132,19,25
777,130,21,25
778,131,20,24
778,130,19,24
780,130,20,23
780,129,18,24
778,129,21,23
778,129,19,23
778,128,19,23
780,128,20,23
780,127,20,24
779,128,20,24
779,128,19,23
780,128,18,22
780,126,17,22
780,127,19,22
779,125,19,22
780,126,19,22
781,125,19,23
780,124,19,23
781,124,19,23
781,124,19,22
781,124,19,22
781,124,19,22
782,125,18,22
781,123,18,23
782,123,19,22
782,124,19,21
782,124,18,22
783,124,19,22
782,123,19,22
784,122,19,22
784,121,19,24
783,121,19,24
784,123,20,22
785,122,19,23
785,122,18,22
787,121,18,23
785,121,17,24
787,122,17,23
788,122,18,22
788,121,18,22
788,122,18,22
789,121,18,23
789,119,18,24
790,120,18,23
790,119,18,23
791,120,18,22
792,119,18,22
792,119,18,23
793,119,18,22
793,119,18,22
794,119,18,23
795,119,17,23
794,118,18,25
795,118,18,25
795,117,17,23
797,117,17,23
797,118,17,23
798,117,18,24
797,117,18,24
798,117,18,24
798,116,18,23
800,116,18,23
799,117,17,23
799,116,18,23
801,116,18,22
800,116,18,23
800,117,18,21
801,117,19,21
800,115,17,22
801,116,18,22
803,115,17,22
802,116,18,19
802,115,18,20
802,115,18,20
802,115,16,20
803,114,18,21
802,117,17,20
804,117,16,20
804,116,17,19
802,115,17,20
802,115,17,20
803,116,18,20
803,114,18,20
803,115,17,20
803,116,17,19
804,115,17,21
803,115,18,22
803,115,18,22
803,116,16,21
804,114,16,20
804,116,16,20
804,115,15,20
803,115,16,20
804,114,16,20
803,113,16,20
805,115,16,20
804,115,16,19
804,115,15,19
804,115,16,20
804,114,16,20
805,113,15,21
805,114,15,20
805,114,15,20
805,113,15,19
805,114,15,19
805,113,16,20
805,115,16,19
805,114,15,19
806,114,15,20
807,113,14,19
806,114,15,19
806,113,15,20
807,113,14,20
807,113,15,20
806,113,15,20
808,113,15,20
807,113,14,20
809,114,14,20
809,114,15,20
810,113,14,21
809,113,14,20
809,113,13,20
810,114,14,20
811,114,14,20
811,113,13,19
811,114,13,19
811,114,13,18
812,114,13,18
812,114,13,19
812,115,12,18
813,114,13,18
813,115,14,18
813,114,13,18
813,114,14,18
815,114,13,19
815,115,13,19
815,115,13,19
816,114,13,19
817,115,12,19
818,115,13,18
818,116,13,18
819,115,13,18
818,115,13,19
819,116,13,19
819,115,12,18
820,116,12,18
821,116,12,17
821,116,12,17
822,118,13,18
822,118,12,17
822,118,12,16
824,117,12,17
824,118,13,17
825,117,12,17
826,117,12,18
825,119,13,17
826,119,13,18
826,119,13,18
828,119,13,17
827,118,13,17
827,119,13,17
829,118,13,18
828,120,13,18
829,120,13,18
829,120,13,17
830,119,13,18
831,120,13,18
830,119,13,20
831,121,13,18
831,120,13,19
832,119,13,18
833,120,13,18
832,121,13,18
833,121,14,18
832,120,13,18
833,120,13,18
834,121,13,17
835,122,13,17
835,121,13,17
833,121,13,18
834,120,14,17
834,120,14,18
835,121,14,19
835,121,14,19
835,121,13,18
836,122,13,17
836,121,13,16
836,121,13,17
838,122,13,17
837,120,13,17
837,121,13,16
837,120,13,17
838,121,13,17
837,121,13,16
838,122,13,16
839,122,13,16
838,120,13,16
840,121,13,16
840,120,13,16
839,121,13,15
839,120,13,16
840,120,13,16
840,121,13,16
841,121,13,16
840,120,14,16
841,122,13,16
841,121,13,17
842,122,13,16
842,122,13,16
844,122,13,16
842,120,12,16
844,122,13,17
845,121,13,16
844,120,13,17
844,120,12,17
845,121,12,16
846,120,13,17
845,122,12,16
847,123,12,16
846,122,12,16
846,122,12,15
847,121,12,16
847,123,12,16
849,123,12,16
848,122,12,15
849,122,12,15
848,122,12,16
849,122,12,16
850,122,12,15
850,123,12,16
851,123,12,16
850,122,12,16
850,123,12,16
851,122,12,16
851,122,12,16
852,122,12,16
853,123,12,16
852,122,11,16
853,123,11,15
853,123,11,16
855,123,11,16
854,122,11,15
855,122,11,15
855,124,11,15
854,122,11,15
856,123,11,15
855,124,11,15
856,123,11,15
856,122,11,14
855,123,11,14
856,123,11,15
856,123,12,15
856,122,11,15
858,124,11,15
857,124,11,15
857,123,11,15
857,123,11,14
857,124,11,15
857,124,10,14
858,124,11,15
859,125,11,15
857,124,11,15
858,125,11,14
859,125,11,15
858,124,11,14
860,126,10,14
859,125,10,14
859,126,10,14
860,125,10,14
858,125,10,14
860,126,10,14
858,126,10,14
860,125,10,14
860,126,10,14
859,126,10,14
860,127,10,14
859,126,10,14
860,127,10,14
861,126,10,15
859,127,10,14
859,127,10,14
859,126,10,14
859,127,10,14
861,128,10,14
860,127,10,13
861,128,9,13
861,127,10,15
860,127,10,14
861,127,10,14
862,128,10,14
862,129,10,14
862,128,9,14
861,127,10,14
861,128,10,15
861,129,10,14
861,127,10,14
862,129,10,14
861,128,9,14
862,129,10,15
862,128,10,16
862,130,9,14
862,128,10,14
863,128,10,15
862,128,10,15
863,130,10,14
864,129,9,14
864,129,9,14
864,131,9,13
863,129,10,13
864,130,9,13
865,130,9,14
865,130,9,14
864,130,10,14
864,129,10,15
865,130,9,14
865,129,9,14
866,129,10,15
865,130,10,14
864,129,10,14
865,130,10,14
865,130,9,13
865,130,10,13
866,131,9,12
865,131,10,13
865,130,10,13
866,130,10,14
865,130,10,14
865,130,10,13
867,130,10,13
865,130,10,13
866,131,10,13
866,131,10,13
867,131,10,14
865,131,10,13
867,131,11,13
865,131,11,12
866,131,10,12
866,132,10,12
866,131,10,12
865,131,10,12
867,132,10,12
867,132,11,13
866,132,10,13
866,132,9,13
865,131,10,13
867,133,10,12
866,132,10,11
867,134,10,12
866,133,10,11
867,133,10,12
867,133,10,12
867,132,10,12
866,133,10,12
866,132,10,12
867,134,10,12
866,133,9,11
867,134,9,11
866,133,10,11
867,133,9,12
867,135,9,12
867,135,9,13
867,134,9,13
867,134,10,12
868,134,10,12
867,135,10,12
868,134,9,13
869,136,10,12
869,134,10,13
868,135,9,12
868,136,9,12
869,135,9,13
869,135,9,12
870,135,9,12
869,136,9,12
869,135,9,12
870,136,9,11
870,137,9,12
870,135,9,12
869,135,9,12
870,137,9,12
871,137,9,12
872,136,9,13
873,137,9,13
871,136,9,13
871,137,9,13
873,136,9,13
872,136,8,13
872,137,9,13
874,138,9,12
873,137,9,12
873,137,9,12
874,137,9,13
873,137,9,13
874,137,9,12
874,137,9,12
874,137,9,11
875,138,9,12
875,139,10,12
873,138,10,12
876,140,9,11
874,138,9,11
876,139,9,11
875,138,9,11
875,139,9,11
875,139,10,12
874,139,10,13
876,139,10,12
875,140,10,11
876,139,10,11
876,140,10,11
876,139,9,11
876,139,10,12
876,139,10,12
876,139,10,12
875,139,9,12
877,140,9,11
877,141,9,11
877,141,10,11
877,141,10,12
876,140,10,11
877,142,9,11
877,141,9,11
877,141,10,11
876,141,9,11
876,141,9,11
877,141,9,11
876,141,9,12
876,141,9,11
878,142,9,11
877,142,9,12
877,143,9,11
877,143,9,12
877,143,8,11
877,143,8,11
876,143,8,10
878,143,8,11
878,143,8,11
878,142,8,12
878,143,8,11
878,144,8,11
879,144,8,11
879,145,8,11
879,143,8,11
877,143,8,11
878,144,8,11
879,144,8,11
878,144,8,11
878,145,9,11
879,145,8,11
878,145,7,11
880,145,8,11
879,144,8,11
879,145,9,11
879,145,9,11
879,145,8,11
880,146,8,10
881,145,8,10
881,146,8,11
880,145,8,12
880,144,8,12
881,145,7,11
882,146,8,11
882,146,8,11
882,146,8,12
883,146,8,12
882,146,8,11
882,146,7,11
882,146,7,11
881,145,8,11
883,145,8,11
883,146,8,11
883,146,7,11
884,147,7,11
884,147,8,11
883,146,8,11
884,147,7,11
884,146,8,11
885,147,8,11
885,147,8,11
885,147,8,12
886,147,8,10
885,146,8,11
885,148,7,11
885,147,8,11
885,147,7,10
886,148,8,10
886,148,8,11
886,147,8,10
887,148,7,10
887,147,7,10
888,149,8,10
887,148,8,10
886,147,9,10
888,147,8,10
886,148,8,10
888,148,7,10
889,148,7,10
888,147,7,11
888,148,7,11
889,148,7,11
888,147,8,11
889,148,7,11
889,148,7,10
888,148,8,10
889,149,7,11
890,148,7,10
891,150,6,10
889,149,7,10
890,150,7,10
890,150,7,10
891,150,7,10
890,150,7,10
890,150,7,10
891,150,6,10
890,150,7,10
891,149,7,10
892,149,6,10
892,150,7,10
891,150,7,10
892,151,7,10
892,150,7,10
892,150,7,11
892,149,7,11
892,150,6,10
893,151,6,11
892,150,7,10
893,149,7,11
893,151,6,11
895,151,6,10
893,151,7,11
895,150,7,10
893,151,7,10
894,150,7,11
895,151,7,10
895,151,6,10
895,151,6,10
896,150,6,10
897,152,6,10
897,152,6,10
895,151,7,10
896,150,7,10
897,151,6,9
897,152,7,10
897,152,7,10
897,151,6,10
897,151,7,10
898,151,7,10
898,150,7,9
898,151,6,9
899,152,7,9
898,151,6,9
898,152,7,10
900,151,7,10
899,151,6,9
899,151,7,9
899,152,7,9
901,152,7,10
900,153,7,9
900,152,7,10
900,152,6,10
900,151,6,9
900,151,7,10
902,152,7,10
900,152,7,11
902,151,7,10
902,153,7,10
901,153,7,9
901,153,7,9
903,153,7,9
902,152,7,10
903,152,7,10
903,153,6,9
903,153,7,9
903,153,6,9
903,152,6,9
903,152,6,9
903,152,7,9
903,152,7,10
905,152,7,10
903,154,7,9
904,153,6,10
905,153,6,9
904,153,6,10
905,154,6,10
905,153,6,10
906,153,6,10
905,154,6,10
905,153,6,9
906,154,6,10
906,153,7,10
907,153,7,10
907,154,7,10
908,155,6,10
907,154,7,10
907,153,6,10
908,153,6,10
907,153,6,10
909,155,6,10
908,155,6,10
908,154,7,10
907,154,7,10
909,154,7,10
909,154,6,9
909,155,7,9
910,154,6,9
910,154,6,9
909,154,6,9
910,155,6,9
909,155,7,9
911,154,6,8
910,155,6,9
910,155,7,9
912,154,7,9
910,154,7,9
912,155,6,9
911,154,6,9
912,155,7,9
911,154,6,9
912,155,6,9
913,156,6,9
913,155,6,8
914,156,7,8
913,155,7,8
913,155,6,9
913,156,6,8
915,155,7,9
914,156,6,8
915,156,6,8
916,155,6,8
915,156,6,8
916,155,6,9
916,155,7,9
916,155,7,9
916,154,7,9
916,154,7,10
917,156,7,10
917,156,6,10
917,156,7,10
919,156,6,9
918,155,7,10
918,155,6,9
918,156,7,9
919,155,7,10
919,156,7,9
920,157,6,9
921,156,6,9
919,156,7,9
921,157,6,9
920,155,7,9
921,155,7,10
922,157,6,9
921,156,7,10
922,156,7,10
922,156,7,9
923,157,6,9
923,156,7,9
923,156,7,9
922,156,7,9
924,156,6,9
923,157,7,9
924,155,7,9
925,156,7,9
924,157,7,9
925,156,7,9
926,156,7,9
924,157,7,9
926,156,6,9
926,156,6,9
926,157,6,8
927,157,6,8
927,157,7,8
926,156,6,8
928,156,6,8
928,156,6,8
927,156,7,8
929,157,7,8
928,157,7,8
928,156,7,8
928,156,7,8
930,158,6,8
929,157,7,8
931,157,7,8
930,156,7,9
930,158,6,8
931,156,7,8
932,158,6,8
931,157,6,7
931,157,6,8
933,156,6,8
933,158,6,8
932,159,6,8
934,158,6,8
934,157,6,8
934,157,6,8
934,157,6,8
934,158,6,8
934,158,6,8
936,159,6,8
934,158,6,8
936,157,6,8
935,157,6,8
936,157,6,8
937,157,6,8
936,157,6,8
936,157,6,8
938,158,6,8
938,157,6,8
939,159,6,9
938,157,6,8
938,158,6,8
940,158,7,8
939,157,6,9
940,158,6,8
939,157,7,9
941,157,7,9
941,157,7,9
940,157,7,9
942,159,6,9
942,157,6,8
941,158,6,8
943,159,6,8
943,159,6,8
943,158,7,9
943,157,6,9
944,159,6,8
943,158,7,8
945,159,7,8
946,159,7,8
945,159,6,8
946,159,6,8
946,158,6,8
946,159,6,8
946,158,6,8
947,159,7,8
948,159,7,8
947,159,7,8
948,158,7,8
949,158,6,9
948,159,7,8
949,159,7,8
950,159,6,9
950,159,6,8
951,159,7,8
950,158,7,8
951,159,7,9
952,158,6,8
952,160,6,8
953,159,6,8
952,159,6,7
953,160,6,7
952,159,6,7
952,160,7,8
954,159,6,8
953,160,6,8
953,159,6,8
953,159,7,8
956,159,6,8
955,160,6,8
955,160,6,7
955,161,6,8
955,160,6,8
955,159,6,8
957,159,6,8
958,160,5,8
958,161,6,7
958,161,6,7
959,161,6,7
958,161,6,7
958,159,6,8
959,159,6,8
959,161,6,8
959,160,6,7
960,160,6,8
960,160,6,7
960,161,6,8
960,160,6,7
960,160,6,7
962,161,6,7
961,160,6,8
962,161,6,8
962,160,6,7
963,161,6,7
963,162,5,7
964,160,6,7
964,160,6,8
965,160,6,8
964,162,6,8
965,162,6,7
964,162,6,8
965,161,6,8
966,162,6,8
965,161,6,7
965,160,6,7
966,161,6,7
966,162,6,7
968,161,6,7
968,161,6,7
968,161,6,7
969,161,6,7
969,161,6,7
968,161,6,8
969,163,6,7
969,162,6,7
969,161,6,8
969,161,6,8
971,162,6,8
970,162,6,8
970,161,6,8
972,162,6,8
972,162,6,8
972,162,6,8
972,163,5,8
974,163,5,8
973,162,5,8
973,163,5,7
974,162,6,8
974,164,5,7
975,162,5,8
975,162,6,8
974,163,5,8
975,163,6,8
976,162,6,8
975,162,6,8
976,162,5,8
977,162,5,7
976,162,5,7
977,163,5,7
977,164,6,7
977,163,6,7
978,163,5,7
979,164,6,7
978,163,6,7
979,163,5,7
979,163,6,7
979,164,6,7
980,164,6,7
981,164,6,7
981,164,5,7
982,164,6,7
982,164,5,8
983,164,5,7
983,163,6,8
982,163,6,7
983,163,6,7
984,163,6,7
984,163,6,8
984,164,6,8
983,163,6,8
985,166,6,7
986,164,6,7
986,164,6,7
986,165,6,7
985,165,6,7
986,166,6,7
987,165,6,6
988,165,6,6
987,164,6,7
988,165,6,7
987,166,6,7
988,165,6,7
989,166,6,7
989,166,6,7
989,166,6,7
989,165,6,7
989,166,6,7
990,166,6,8
989,166,6,8
989,166,6,7
991,166,6,7
990,165,6,7
991,166,6,7
992,166,6,7
991,166,6,7
991,167,6,7
993,167,6,7
992,167,5,7
994,166,6,7
994,167,6,8
994,167,6,8
993,167,6,7
994,167,6,7
994,166,6,7
995,168,6,7
994,167,6,6
995,168,6,7
995,166,6,7
996,167,6,7
997,168,6,7
996,168,6,7
996,167,6,7
997,168,6,7
998,168,6,7
997,168,6,7
998,169,6,7
999,168,6,7
999,169,5,7
999,168,6,7
998,168,6,7
999,168,6,7
999,168,6,7
999,168,6,7
1001,169,5,7
1001,168,6,7
1001,168,6,7
1001,169,6,7
1001,169,6,7
1001,168,6,7
1002,168,5,7
1002,169,6,7
1003,170,6,7
1004,170,5,7
1003,170,6,6
1004,169,6,7
1005,170,6,7
1006,170,5,6
1006,170,5,6
1007,171,6,7
1007,170,6,6
1007,170,6,7
1006,169,6,6
1008,171,5,6
1008,171,6,6
1008,170,6,6
1009,172,6,6
1009,171,5,6
1009,170,5,7
1008,170,6,6
1009,172,6,7
1009,171,6,7
1009,170,6,6
1009,171,6,6
1010,172,5,6
1011,171,5,6
1011,171,5,6
1011,171,5,6
1013,172,5,6
1012,172,5,6
1012,171,5,6
1013,172,5,6
1014,172,5,6
1013,173,4,6
1013,173,4,6
1019,171,5,7
1014,172,4,7
1014,173,4,7
1014,172,4,7
1018,171,4,8
1016,173,7,9
1016,172,8,8
1015,173,8,7
1016,172,8,8
1016,174,8,7
1015,172,7,7
1016,172,7,7
1016,173,7,6
1017,174,6,7
1018,173,6,7
1016,173,7,6
1017,174,6,7
1016,173,7,7
1016,174,6,6
1018,175,6,7
1017,174,7,6
1017,175,6,6
1016,175,7,7
1017,174,7,7
1015,175,7,7
1015,175,7,7
1015,175,8,7
1015,176,8,7
1014,176,8,7
1015,176,8,7
1015,176,8,7
1014,176,8,7
1015,177,9,8
1014,176,9,8
1014,177,9,8
1011,176,10,8
1010,177,10,8
1007,177,10,8
1006,178,10,8
1004,177,9,9
1004,179,9,8
1004,180,10,8
1002,179,10,8
1000,180,10,8
997,180,12,8
994,181,11,8
991,182,11,8
987,182,12,8
984,183,11,8
983,185,11,8
979,184,12,9
976,185,12,9
974,187,12,9
972,186,11,8
971,187,11,8
969,189,11,7
968,189,11,9
965,188,11,8
964,188,11,9
963,191,11,8
960,190,11,7
960,191,10,8
959,191,10,8
958,193,10,7
957,193,11,6
955,193,10,6
955,195,11,6
954,194,11,6
952,194,10,7
952,194,9,7
949,193,7,8
949,194,7,8
948,194,6,8
947,193,6,8
945,194,6,8
943,194,6,8
942,194,7,7
940,195,7,8
940,195,7,7
940,197,7,7
939,196,6,7
938,196,7,7
937,197,6,7
937,196,7,8
936,196,7,8
935,197,7,8
933,198,7,8
932,198,7,8
931,198,7,9
931,198,7,8
930,199,6,8
929,200,6,7
926,201,7,7
925,201,7,8
925,202,7,7
921,201,7,7
920,201,7,8
920,202,7,7
918,201,6,7
918,203,6,7
915,203,6,7
914,203,6,7
914,205,6,7
911,205,6,7
911,205,6,7
909,205,5,7
907,205,6,7
907,205,6,7
906,206,6,7
904,206,5,6
903,207,5,6
903,206,5,6
902,208,5,6
902,207,5,6
901,208,5,7
899,207,6,6
899,209,5,6
898,208,5,6
897,209,5,6
898,209,6,7
897,209,5,6
896,208,6,7
895,210,5,7
894,210,6,6
893,211,6,6
893,210,6,7
892,210,5,7
890,212,6,6
889,211,6,6
888,212,6,6
887,213,5,6
886,212,6,7
885,212,6,7
884,213,6,6
883,214,6,7
881,214,6,7
880,214,6,7
878,214,6,7
877,215,6,7
875,215,6,7
874,216,6,7
874,216,6,7
872,215,6,7
871,216,6,7
870,215,6,7
869,216,6,7
869,218,5,6
867,217,5,7
867,217,5,7
866,217,5,6
865,218,5,7
865,219,5,7
862,218,6,8
862,218,5,7
862,218,5,7
861,220,5,7
860,220,5,7
860,219,5,7
858,220,5,7
859,220,5,7
858,219,5,7
857,219,5,7
856,220,4,7
857,220,5,7
857,221,5,8
856,221,5,8
855,221,5,8
855,221,5,8
856,220,5,8
854,220,5,8
855,221,5,7
855,221,4,7
855,222,5,7
853,221,5,8
854,220,5,8
854,221,5,8
852,222,5,7
851,222,5,8
851,222,5,8
850,222,5,7
851,223,5,7
850,221,5,8
849,222,5,8
848,221,5,7
849,222,5,7
848,223,5,8
847,223,5,8
848,223,5,7
845,222,5,7
845,223,5,7
844,224,5,7
844,223,5,7
844,222,5,8
842,223,5,7
842,223,5,7
841,223,5,7
840,224,5,7
840,224,5,6
838,224,5,7
838,224,5,7
838,223,5,7
837,223,5,7
837,224,4,7
835,224,5,6
836,224,5,6
834,224,5,7
833,225,5,6
834,224,5,7
833,225,5,7
832,225,5,6
831,225,5,7
832,225,4,6
831,225,4,6
831,225,5,6
831,226,5,6
831,227,5,6
829,226,5,6
830,226,5,6
830,227,4,6
828,226,5,6
829,226,5,6
828,225,4,6
828,227,5,6
827,227,5,6
827,227,5,5
826,228,5,5
825,227,5,6
826,228,5,6
825,229,5,5
825,228,5,6
825,227,5,5
825,227,5,5
825,228,6,5
824,229,5,5
824,229,5,6
824,229,5,5
824,228,5,5
823,229,5,5
822,230,5,5
823,229,5,6
822,230,5,6
823,229,5,6
822,229,5,6
822,231,5,6
821,230,5,6
821,230,5,6
822,230,5,6
821,229,5,7
821,231,5,7
822,230,5,6
822,230,5,6
821,230,5,6
821,230,5,6
822,230,5,6
823,230,5,7
824,230,5,7
823,232,5,6
823,231,5,6
825,232,5,6
824,232,5,6
824,231,5,6
825,232,5,6
823,230,5,7
825,232,5,6
825,231,5,6
825,232,5,6
825,231,5,7
824,232,5,7
824,232,4,6
825,231,4,6
823,232,5,6
824,232,4,6
824,233,4,6
823,232,4,6
822,233,4,6
821,232,4,6
822,233,4,7
822,233,3,7
823,229,4,7
821,230,5,6
819,230,6,5
817,231,7,5
818,231,9,6
816,228,8,5
815,231,10,7
815,229,10,8
815,231,11,11
812,230,12,12
811,229,13,13
810,229,13,12
811,229,13,13
808,227,13,14
808,229,14,13
806,229,13,13
806,227,13,13
806,228,14,13
804,228,15,14
802,228,15,15
802,228,15,13
801,228,13,13
800,228,13,14
799,226,11,13
797,227,12,13
795,227,12,13
796,227,12,13
795,227,12,13
794,227,12,14
792,227,12,14
791,225,11,15
789,226,11,15
789,227,11,14
789,226,10,14
788,225,10,14
786,225,10,15
787,224,10,15
787,226,9,15
786,225,9,15
784,224,9,14
784,225,9,14
783,224,9,15
782,224,9,15
781,224,9,15
780,224,9,15
778,225,9,14
776,223,9,14
776,223,8,14
775,224,8,14
775,224,9,14
774,224,9,14
773,224,9,14
771,223,9,14
771,223,9,15
770,223,9,14
768,223,9,14
767,222,9,15
767,221,10,14
765,222,10,15
766,223,9,14
764,222,9,14
764,220,10,15
763,222,10,14
762,220,9,13
762,220,10,13
762,220,9,13
761,220,10,13
761,221,10,13
761,221,10,13
761,220,10,13
760,219,10,14
760,219,10,14
759,220,9,13
760,220,9,13
760,219,9,13
759,218,9,14
759,218,9,13
760,218,9,13
759,217,9,13
760,218,9,14
760,218,9,13
759,216,9,14
760,216,9,15
760,217,9,14
759,215,10,14
760,216,9,14
760,216,9,14
762,214,9,14
761,214,8,13
761,214,8,13
763,215,9,13
762,214,8,14
763,213,9,13
761,214,9,13
762,212,9,13
763,212,8,13
764,213,8,12
763,211,8,13
763,210,8,13
764,211,8,13
763,210,8,13
763,210,8,13
764,210,8,13
764,211,8,12
764,211,8,12
763,209,8,12
764,210,8,12
764,209,9,13
762,209,8,13
763,210,8,13
763,207,8,14
762,208,8,13
762,209,8,14
763,208,8,14
762,207,8,14
763,208,8,14
761,207,8,13
762,206,9,14
762,207,8,13
761,206,8,13
761,207,8,13
762,207,8,12
762,206,8,13
762,206,8,13
761,205,8,13
761,205,7,13
761,205,8,13
761,205,8,14
761,205,7,13
761,204,8,13
760,205,7,13
760,204,8,14
761,204,8,13
761,204,7,12
761,203,7,13
760,202,8,14
759,202,8,14
759,203,8,13
760,203,7,13
760,203,7,13
759,203,7,13
759,201,7,13
759,201,8,14
758,201,8,13
759,200,8,14
758,200,7,12
758,200,8,12
758,200,8,12
760,200,7,12
758,201,7,13
758,199,8,13
758,198,8,13
759,199,8,13
758,198,7,13
759,199,7,13
759,197,8,13
758,198,8,12
758,197,8,13
758,198,8,12
758,196,8,13
759,196,7,12
758,196,7,12
759,196,7,12
757,196,8,12
759,195,8,12
759,195,8,13
758,195,8,12
758,194,8,12
758,193,8,12
759,194,8,12
759,194,8,12
758,194,8,12
759,194,8,11
760,193,8,11
759,193,8,11
759,193,8,11
759,194,8,10
759,192,8,11
759,193,8,11
759,193,8,11
759,193,8,10
760,194,8,9
761,193,8,9
760,193,8,10
761,193,8,9
761,193,8,9
761,192,7,9
761,193,8,9
762,193,8,9
762,193,8,9
762,193,8,8
761,194,8,8
762,193,8,8
762,193,7,8
762,193,7,7
763,194,7,7
763,194,7,7
762,195,7,7
762,196,7,8
763,195,7,8
762,196,7,8
763,196,7,8
762,195,7,8
763,196,7,8
763,196,7,7
764,196,6,7
763,196,7,7
763,197,7,7
764,197,7,8
763,196,7,8
763,198,7,8
763,198,7,8
763,198,7,8
764,199,7,7
764,199,7,8
764,199,7,8
763,198,7,8
764,200,7,8
763,199,7,8
764,200,7,9
764,199,8,9
764,201,8,9
762,200,8,9
763,200,8,9
764,201,8,9
763,201,8,10
763,200,8,10
764,201,8,10
763,202,8,9
763,202,8,10
763,202,8,10
763,203,8,10
763,201,8,11
763,202,8,11
764,203,7,10
763,202,7,11
764,204,7,11
762,204,7,11
762,203,7,11
762,204,8,11
761,203,8,12
763,204,8,11
763,204,8,12
763,205,8,11
762,204,8,11
761,205,7,11
761,205,7,11
761,206,8,11
762,206,7,12
761,205,7,11
763,207,7,11
761,206,7,11
762,206,7,11
761,207,7,12
761,207,7,12
761,207,7,12
761,207,7,11
761,209,6,10
761,208,7,11
760,207,7,11
760,207,7,11
761,208,7,11
761,207,6,12
760,208,7,12
760,209,6,11
761,208,6,12
761,208,7,11
759,209,7,11
760,209,7,12
760,210,7,12
759,210,7,11
759,210,7,11
760,210,7,11
760,210,7,12
760,210,6,11
759,210,6,11
759,210,6,11
759,210,6,11
760,210,6,11
760,211,6,11
759,210,6,11
760,211,6,11
760,210,6,11
760,211,6,10
759,211,6,11
759,211,6,10
759,211,6,10
760,212,6,10
760,212,6,10
760,212,6,10
759,212,6,10
760,212,6,10
759,212,6,10
760,213,6,10
759,213,6,10
759,212,6,10
759,211,6,10
759,213,6,10
761,213,6,10
760,213,6,10
761,213,6,10
760,212,6,9
759,212,6,10
759,213,6,10
759,213,6,9
760,214,6,9
761,212,6,9
759,212,6,9
761,214,6,9
759,212,6,10
761,213,6,10
760,213,6,9
761,213,6,10
761,213,6,9
761,212,6,9
761,214,6,9
761,214,5,9
761,213,5,9
762,213,5,9
762,212,6,10
762,212,6,10
762,212,6,10
762,213,6,10
762,213,6,10
762,213,6,10
763,214,6,10
763,214,6,9
763,214,6,9
762,214,6,10
762,213,6,10
763,213,6,9
764,213,6,9
763,214,5,9
763,213,5,9
763,213,6,9
762,213,5,9
763,212,6,9
764,213,6,10
764,213,6,10
764,213,6,9
764,213,6,9
764,213,6,9
764,213,6,10
764,213,6,10
764,213,7,9
763,213,6,10
765,213,6,9
765,214,6,8
764,213,6,9
764,213,6,9
765,213,6,9
765,213,6,9
765,213,6,10
764,212,6,10
764,212,6,9
766,213,6,9
764,214,7,9
764,213,6,9
766,213,7,9
764,213,6,10
765,212,7,10
766,213,7,9
765,214,6,10
764,213,7,9
766,213,7,9
764,213,7,9
765,213,7,8
765,213,7,9
764,213,7,9
764,212,7,9
765,214,7,8
765,213,7,8
764,214,7,9
763,213,7,9
763,213,7,9
763,212,7,9
763,213,7,9
764,213,7,8
765,214,7,9
764,213,7,9
765,214,7,9
764,213,7,9
764,214,7,9
764,214,6,9
763,214,7,9
763,213,7,9
764,214,7,8
762,213,8,8
762,213,7,8
762,213,7,8
762,215,7,8
762,213,7,9
763,213,7,9
762,213,7,9
763,213,6,9
763,213,7,9
762,214,7,9
761,213,7,9
763,214,6,9
761,214,6,9
763,213,6,9
762,214,6,9
762,214,6,9
761,213,6,9
762,213,6,10
760,213,6,9
761,214,6,9
761,213,6,10
761,214,6,9
761,214,6,9
761,213,6,10
761,214,6,10
761,214,6,10
760,213,5,10
760,214,5,9
760,212,5,10
761,214,5,9
761,215,5,9
760,213,5,9
761,215,5,8
761,213,5,9
761,214,5,9
760,213,5,9
759,213,5,9
760,215,5,8
760,213,5,9
760,215,5,9
761,214,5,8
760,213,6,8
760,215,6,8
761,214,6,8
761,214,6,8
760,213,6,8
760,214,6,9
759,215,6,9
759,214,6,8
760,214,6,8
760,215,5,8
759,214,6,8
761,214,6,8
761,215,6,8
760,215,5,8
761,214,6,8
760,216,6,8
760,215,6,8
761,216,6,8
760,215,6,8
760,214,6,9
762,214,6,8
761,214,6,8
762,215,6,8
762,216,6,9
761,215,6,9
761,214,5,8
761,215,6,8
762,216,6,8
762,215,6,8
762,215,5,8
763,217,5,8
763,217,5,8
762,217,5,8
762,215,5,8
763,216,5,8
764,216,5,9
764,217,5,9
764,216,6,8
764,215,5,9
764,215,5,9
764,215,5,9
764,217,5,8
764,216,5,9
763,215,5,9
765,217,5,9
763,215,6,9
764,215,6,9
764,217,6,9
763,216,6,9
764,216,6,9
764,217,6,9
765,217,6,8
765,217,5,8
764,217,6,9
763,216,6,9
763,216,6,8
763,216,6,8
763,216,6,8
764,217,6,8
764,217,6,8
763,216,6,8
764,217,6,9
763,216,6,9
763,217,6,8
764,218,6,8
763,217,6,8
763,217,6,9
763,217,6,9
764,217,6,9
762,216,6,9
763,217,6,9
762,218,6,9
762,216,6,9
762,218,6,9
762,217,6,9
763,218,6,9
763,218,6,9
762,217,6,9
762,217,6,8
762,218,5,8
762,218,6,8
763,218,5,8
762,219,5,8
762,218,5,8
762,217,5,8
762,218,5,8
763,218,5,8
763,218,5,9
763,217,5,9
763,218,6,9
763,218,6,8
763,218,5,8
761,218,5,8
762,219,5,8
761,218,6,8
762,218,6,8
761,220,5,8
761,220,5,8
761,220,5,7
761,219,5,8
762,218,5,8
762,218,5,8
762,218,5,8
762,218,5,8
762,218,5,8
762,218,5,8
762,219,5,7
761,219,5,8
762,220,5,7
762,220,5,7
761,219,6,8
761,220,6,7
761,220,6,7
762,220,6,6
763,221,5,7
763,221,6,7
762,221,5,6
761,220,6,7
762,220,6,7
762,220,6,7
762,222,6,7
762,220,6,7
762,222,5,6
762,221,6,6
761,222,6,7
763,221,6,7
763,221,6,7
762,221,6,7
763,222,6,7
764,222,5,7
763,221,5,7
763,222,5,7
764,222,5,7
764,223,6,7
764,222,6,7
765,223,6,7
765,223,6,8
765,223,5,7
765,222,5,7
764,223,5,7
765,223,5,7
764,222,6,7
765,224,5,7
766,224,5,7
766,224,5,7
767,224,5,7
765,223,5,7
766,222,5,8
767,223,5,8
766,224,5,8
767,223,5,8
767,223,5,8
767,225,5,7
768,225,5,7
766,224,5,7
768,224,5,8
768,224,4,8
768,225,4,8
768,225,5,7
769,225,4,7
768,224,5,7
767,224,5,8
769,224,5,8
768,224,5,8
769,224,5,8
769,225,5,7
769,224,5,7
769,224,5,7
769,224,5,8
769,224,5,8
768,224,5,8
769,225,5,8
770,226,4,7
770,226,5,7
769,224,5,7
771,225,5,7
770,225,5,8
770,226,5,7
770,226,5,7
771,227,5,7
771,226,5,7
771,226,5,7
771,226,5,7
771,226,5,7
770,225,5,7
771,226,4,7
772,226,5,7
771,226,5,7
772,227,5,7
772,227,5,8
772,227,5,7
773,226,5,7
772,227,4,7
771,227,5,7
773,226,5,7
771,226,5,8
772,226,5,7
772,227,5,7
773,226,5,7
773,226,5,7
773,227,5,7
772,226,5,7
773,228,5,7
773,227,5,7
773,226,5,7
773,227,5,7
772,226,4,7
774,228,4,7
774,226,5,7
773,228,4,7
774,226,4,7
773,227,4,7
774,228,4,7
774,227,5,7
773,227,5,7
775,227,5,7
773,228,5,7
774,226,5,7
774,227,5,6
774,227,5,7
774,227,5,7
774,228,5,7
775,228,5,7
775,227,5,7
776,228,5,6
774,227,4,6
776,229,4,6
775,228,5,6
776,227,5,6
776,228,5,6
776,228,5,6
777,229,4,6
776,229,5,6
776,228,5,6
776,229,5,6
776,229,5,6
778,229,5,6
777,229,5,6
777,229,5,6
778,229,5,6
777,228,5,6
778,228,5,6
778,228,5,6
777,229,5,6
778,230,5,7
779,228,5,7
780,230,4,7
779,229,4,8
780,229,4,8
780,229,5,7
781,229,4,6
780,230,5,6
780,229,4,7
781,229,4,7
781,228,4,7
782,229,4,7
781,228,4,7
782,229,4,7
782,229,4,7
781,228,4,7
783,230,4,7
782,229,4,7
782,229,4,7
783,229,4,8
784,229,4,7
783,229,4,7
783,228,5,8
783,228,4,7
784,229,4,7
783,230,4,7
783,229,4,7
783,229,4,7
785,230,5,7
783,229,5,6
784,229,5,6
785,230,5,6
785,230,5,6
785,230,5,6
785,229,5,6
786,231,5,6
785,230,5,7
784,229,5,6
785,230,5,6
785,230,5,6
785,230,5,7
784,230,5,7
785,231,5,7
786,230,5,7
786,229,5,7
786,230,6,7
