144.0, 63.0, 57.0, 89.0
144.0, 63.0, 57.0, 89.0
144.0, 63.0, 56.0, 89.0
144.0, 63.0, 57.0, 89.0
144.0, 63.0, 57.0, 89.0
144.0, 63.0, 56.0, 89.0
144.0, 63.0, 57.0, 88.0
144.0, 63.0, 57.0, 88.0
144.0, 63.0, 57.0, 89.0
144.0, 63.0, 57.0, 89.0
144.0, 63.0, 57.0, 89.0
144.0, 63.0, 57.0, 89.0
144.0, 63.0, 57.0, 89.0
144.0, 63.0, 57.0, 89.0
144.0, 63.0, 57.0, 89.0
144.0, 63.0, 56.0, 89.0
144.0, 63.0, 57.0, 89.0
144.0, 63.0, 57.0, 89.0
144.0, 63.0, 57.0, 88.0
144.0, 63.0, 57.0, 89.0
144.0, 63.0, 57.0, 88.0
144.0, 63.0, 57.0, 88.0
144.0, 63.0, 56.0, 89.0
144.0, 63.0, 57.0, 88.0
144.0, 63.0, 57.0, 89.0
144.0, 63.0, 57.0, 89.0
144.0, 63.0, 56.0, 89.0
144.0, 63.0, 56.0, 88.0
144.0, 63.0, 56.0, 89.0
145.0, 63.0, 56.0, 88.0
144.0, 63.0, 57.0, 88.0
144.0, 63.0, 57.0, 89.0
144.0, 63.0, 57.0, 89.0
144.0, 63.0, 57.0, 88.0
144.0, 63.0, 57.0, 88.0
144.0, 63.0, 58.0, 88.0
144.0, 64.0, 58.0, 86.0
144.0, 64.0, 57.0, 86.0
143.0, 63.0, 59.0, 87.0
143.0, 63.0, 58.0, 87.0
143.0, 63.0, 58.0, 88.0
143.0, 64.0, 58.0, 85.0
143.0, 64.0, 58.0, 85.0
144.0, 64.0, 57.0, 82.0
144.0, 65.0, 57.0, 80.0
143.0, 64.0, 58.0, 80.0
143.0, 64.0, 58.0, 79.0
143.0, 64.0, 57.0, 82.0
144.0, 63.0, 56.0, 80.0
145.0, 63.0, 55.0, 77.0
147.0, 58.0, 54.0, 84.0
144.0, 63.0, 58.0, 79.0
143.0, 61.0, 59.0, 78.0
143.0, 62.0, 58.0, 77.0
143.0, 62.0, 57.0, 77.0
143.0, 61.0, 57.0, 76.0
144.0, 62.0, 57.0, 77.0
146.0, 55.0, 52.0, 81.0
142.0, 61.0, 59.0, 76.0
143.0, 62.0, 57.0, 77.0
143.0, 61.0, 58.0, 77.0
144.0, 62.0, 58.0, 78.0
142.0, 62.0, 60.0, 77.0
142.0, 62.0, 59.0, 78.0
143.0, 63.0, 58.0, 79.0
143.0, 61.0, 58.0, 75.0
144.0, 61.0, 57.0, 77.0
142.0, 62.0, 59.0, 79.0
144.0, 62.0, 57.0, 78.0
144.0, 62.0, 58.0, 80.0
142.0, 62.0, 59.0, 76.0
141.0, 62.0, 60.0, 78.0
143.0, 61.0, 59.0, 78.0
143.0, 60.0, 59.0, 78.0
145.0, 61.0, 57.0, 79.0
142.0, 62.0, 59.0, 79.0
143.0, 61.0, 58.0, 79.0
143.0, 60.0, 59.0, 76.0
142.0, 61.0, 60.0, 82.0
143.0, 60.0, 59.0, 81.0
141.0, 61.0, 61.0, 82.0
141.0, 60.0, 60.0, 81.0
143.0, 62.0, 59.0, 82.0
141.0, 60.0, 61.0, 82.0
142.0, 60.0, 60.0, 81.0
141.0, 62.0, 61.0, 83.0
143.0, 62.0, 60.0, 82.0
141.0, 61.0, 61.0, 82.0
142.0, 61.0, 60.0, 83.0
140.0, 62.0, 62.0, 82.0
140.0, 61.0, 62.0, 80.0
140.0, 61.0, 62.0, 82.0
141.0, 62.0, 62.0, 86.0
140.0, 60.0, 63.0, 84.0
142.0, 60.0, 62.0, 84.0
139.0, 60.0, 63.0, 84.0
142.0, 62.0, 62.0, 84.0
140.0, 61.0, 64.0, 86.0
140.0, 61.0, 63.0, 85.0
141.0, 61.0, 63.0, 86.0
141.0, 61.0, 63.0, 84.0
141.0, 59.0, 63.0, 84.0
141.0, 60.0, 63.0, 84.0
139.0, 61.0, 64.0, 85.0
140.0, 60.0, 64.0, 85.0
141.0, 60.0, 62.0, 84.0
139.0, 59.0, 63.0, 83.0
141.0, 60.0, 61.0, 84.0
140.0, 59.0, 63.0, 84.0
140.0, 58.0, 62.0, 82.0
140.0, 59.0, 62.0, 84.0
140.0, 58.0, 61.0, 83.0
140.0, 59.0, 63.0, 83.0
140.0, 59.0, 62.0, 85.0
143.0, 61.0, 59.0, 83.0
143.0, 59.0, 60.0, 83.0
143.0, 59.0, 59.0, 84.0
145.0, 61.0, 58.0, 84.0
143.0, 60.0, 59.0, 83.0
144.0, 60.0, 58.0, 84.0
142.0, 60.0, 60.0, 86.0
142.0, 59.0, 60.0, 84.0
143.0, 60.0, 61.0, 82.0
140.0, 59.0, 62.0, 82.0
138.0, 60.0, 62.0, 81.0
137.0, 60.0, 64.0, 80.0
137.0, 60.0, 65.0, 79.0
148.0, 63.0, 60.0, 81.0
150.0, 67.0, 61.0, 84.0
159.0, 68.0, 57.0, 84.0
160.0, 72.0, 59.0, 85.0
162.0, 73.0, 59.0, 86.0
165.0, 74.0, 60.0, 88.0
167.0, 73.0, 59.0, 88.0
169.0, 73.0, 56.0, 89.0
168.0, 72.0, 57.0, 89.0
169.0, 72.0, 57.0, 90.0
169.0, 73.0, 56.0, 88.0
169.0, 73.0, 57.0, 88.0
168.0, 73.0, 57.0, 89.0
168.0, 72.0, 57.0, 90.0
168.0, 73.0, 56.0, 89.0
168.0, 72.0, 56.0, 91.0
168.0, 72.0, 56.0, 91.0
168.0, 73.0, 56.0, 90.0
168.0, 73.0, 56.0, 90.0
168.0, 73.0, 56.0, 89.0
168.0, 73.0, 55.0, 90.0
168.0, 72.0, 56.0, 90.0
168.0, 73.0, 56.0, 91.0
168.0, 73.0, 56.0, 91.0
167.0, 73.0, 56.0, 91.0
168.0, 73.0, 56.0, 89.0
167.0, 73.0, 56.0, 90.0
167.0, 73.0, 57.0, 90.0
167.0, 74.0, 57.0, 89.0
167.0, 73.0, 56.0, 89.0
167.0, 72.0, 57.0, 91.0
167.0, 74.0, 56.0, 89.0
168.0, 74.0, 56.0, 89.0
167.0, 74.0, 56.0, 89.0
167.0, 73.0, 56.0, 89.0
167.0, 73.0, 57.0, 91.0
167.0, 73.0, 56.0, 91.0
167.0, 73.0, 56.0, 89.0
168.0, 73.0, 56.0, 90.0
167.0, 73.0, 57.0, 89.0
167.0, 73.0, 57.0, 90.0
167.0, 72.0, 56.0, 91.0
167.0, 73.0, 56.0, 91.0
168.0, 73.0, 56.0, 91.0
167.0, 74.0, 57.0, 89.0
167.0, 73.0, 57.0, 90.0
167.0, 73.0, 56.0, 90.0
168.0, 73.0, 56.0, 90.0
167.0, 73.0, 56.0, 91.0
167.0, 73.0, 56.0, 90.0
167.0, 73.0, 57.0, 91.0
167.0, 72.0, 57.0, 91.0
167.0, 72.0, 57.0, 91.0
167.0, 73.0, 57.0, 91.0
167.0, 73.0, 57.0, 91.0
167.0, 73.0, 57.0, 90.0
167.0, 73.0, 57.0, 90.0
167.0, 72.0, 57.0, 91.0
167.0, 73.0, 57.0, 90.0
167.0, 73.0, 57.0, 90.0
167.0, 73.0, 58.0, 91.0
168.0, 74.0, 59.0, 91.0
170.0, 73.0, 58.0, 91.0
171.0, 74.0, 58.0, 91.0
173.0, 74.0, 58.0, 92.0
174.0, 74.0, 58.0, 93.0
175.0, 75.0, 58.0, 93.0
176.0, 76.0, 58.0, 92.0
177.0, 76.0, 58.0, 92.0
178.0, 76.0, 58.0, 92.0
179.0, 76.0, 58.0, 93.0
181.0, 76.0, 57.0, 92.0
181.0, 75.0, 58.0, 93.0
182.0, 76.0, 57.0, 93.0
182.0, 76.0, 57.0, 93.0
182.0, 75.0, 56.0, 93.0
182.0, 75.0, 57.0, 94.0
182.0, 76.0, 57.0, 92.0
182.0, 76.0, 57.0, 94.0
182.0, 77.0, 58.0, 92.0
183.0, 78.0, 59.0, 92.0
186.0, 78.0, 58.0, 91.0
188.0, 79.0, 57.0, 91.0
192.0, 81.0, 58.0, 91.0
195.0, 80.0, 59.0, 92.0
198.0, 81.0, 60.0, 92.0
201.0, 84.0, 59.0, 93.0
203.0, 85.0, 59.0, 92.0
205.0, 85.0, 59.0, 93.0
207.0, 86.0, 59.0, 92.0
209.0, 85.0, 60.0, 94.0
211.0, 86.0, 58.0, 94.0
212.0, 86.0, 57.0, 92.0
212.0, 87.0, 56.0, 91.0
212.0, 87.0, 57.0, 93.0
212.0, 89.0, 59.0, 93.0
215.0, 88.0, 58.0, 94.0
215.0, 88.0, 57.0, 95.0
215.0, 87.0, 57.0, 96.0
215.0, 86.0, 56.0, 96.0
216.0, 84.0, 56.0, 94.0
216.0, 82.0, 56.0, 92.0
218.0, 80.0, 57.0, 92.0
219.0, 79.0, 56.0, 91.0
218.0, 79.0, 57.0, 92.0
219.0, 80.0, 56.0, 91.0
217.0, 80.0, 58.0, 91.0
215.0, 81.0, 59.0, 90.0
213.0, 82.0, 58.0, 90.0
208.0, 80.0, 60.0, 91.0
205.0, 81.0, 59.0, 90.0
200.0, 80.0, 59.0, 91.0
197.0, 81.0, 58.0, 90.0
192.0, 79.0, 59.0, 91.0
187.0, 79.0, 59.0, 91.0
183.0, 80.0, 59.0, 91.0
180.0, 79.0, 59.0, 91.0
176.0, 78.0, 60.0, 91.0
174.0, 77.0, 60.0, 93.0
171.0, 76.0, 60.0, 92.0
168.0, 77.0, 60.0, 92.0
164.0, 76.0, 61.0, 92.0
163.0, 75.0, 61.0, 92.0
162.0, 75.0, 60.0, 92.0
162.0, 75.0, 58.0, 92.0
162.0, 75.0, 58.0, 92.0
161.0, 74.0, 60.0, 93.0
163.0, 75.0, 58.0, 92.0
163.0, 75.0, 58.0, 92.0
163.0, 75.0, 58.0, 92.0
162.0, 76.0, 61.0, 92.0
164.0, 77.0, 60.0, 92.0
168.0, 78.0, 59.0, 91.0
171.0, 79.0, 59.0, 91.0
176.0, 81.0, 58.0, 91.0
179.0, 82.0, 59.0, 91.0
184.0, 82.0, 58.0, 92.0
188.0, 83.0, 60.0, 92.0
194.0, 85.0, 59.0, 92.0
197.0, 85.0, 60.0, 92.0
202.0, 85.0, 59.0, 92.0
204.0, 86.0, 59.0, 92.0
204.0, 86.0, 57.0, 93.0
204.0, 86.0, 57.0, 92.0
205.0, 85.0, 57.0, 92.0
204.0, 86.0, 57.0, 93.0
202.0, 87.0, 59.0, 91.0
200.0, 87.0, 60.0, 91.0
193.0, 85.0, 61.0, 93.0
188.0, 85.0, 61.0, 93.0
184.0, 85.0, 61.0, 93.0
179.0, 83.0, 61.0, 94.0
175.0, 83.0, 61.0, 93.0
171.0, 81.0, 62.0, 94.0
166.0, 80.0, 64.0, 94.0
161.0, 78.0, 65.0, 95.0
163.0, 78.0, 60.0, 94.0
163.0, 79.0, 60.0, 94.0
162.0, 78.0, 61.0, 94.0
163.0, 78.0, 60.0, 94.0
164.0, 78.0, 59.0, 93.0
163.0, 79.0, 60.0, 93.0
164.0, 78.0, 60.0, 94.0
165.0, 80.0, 61.0, 94.0
168.0, 80.0, 60.0, 94.0
171.0, 81.0, 60.0, 92.0
175.0, 83.0, 59.0, 92.0
178.0, 83.0, 60.0, 92.0
183.0, 85.0, 59.0, 92.0
186.0, 85.0, 60.0, 92.0
191.0, 86.0, 60.0, 92.0
193.0, 85.0, 61.0, 94.0
196.0, 86.0, 60.0, 94.0
196.0, 87.0, 60.0, 94.0
199.0, 87.0, 58.0, 94.0
200.0, 87.0, 60.0, 95.0
202.0, 86.0, 58.0, 94.0
202.0, 87.0, 58.0, 94.0
202.0, 87.0, 57.0, 95.0
202.0, 87.0, 58.0, 94.0
204.0, 87.0, 57.0, 93.0
203.0, 86.0, 57.0, 92.0
203.0, 87.0, 58.0, 92.0
203.0, 86.0, 58.0, 93.0
203.0, 87.0, 57.0, 93.0
203.0, 86.0, 58.0, 94.0
204.0, 86.0, 57.0, 93.0
203.0, 86.0, 58.0, 94.0
203.0, 86.0, 58.0, 94.0
203.0, 87.0, 58.0, 93.0
203.0, 86.0, 58.0, 94.0
203.0, 86.0, 57.0, 95.0
203.0, 86.0, 58.0, 94.0
203.0, 86.0, 57.0, 93.0
203.0, 86.0, 58.0, 94.0
203.0, 86.0, 58.0, 94.0
203.0, 86.0, 58.0, 94.0
203.0, 86.0, 57.0, 94.0
203.0, 87.0, 58.0, 93.0
203.0, 86.0, 58.0, 92.0
