110,101,30,91
111,103,30,91
112,104,30,91
112,103,30,91
112,104,30,91
111,104,31,93
112,106,31,93
114,106,31,93
112,105,31,93
106,105,31,93
103,105,31,93
104,106,31,93
106,106,31,93
107,105,31,93
104,104,31,93
103,105,31,93
103,104,31,93
98,104,31,93
95,102,31,93
95,102,31,93
95,101,31,93
94,102,31,93
94,100,31,93
95,101,31,93
95,102,31,93
94,103,30,91
95,104,30,91
94,104,30,91
94,103,29,89
96,105,29,89
94,105,29,89
94,104,29,89
95,104,29,89
95,103,29,89
95,102,29,89
93,102,29,89
92,101,29,89
89,101,29,89
87,100,29,89
86,100,29,89
85,101,29,89
84,102,29,89
83,103,29,89
82,105,29,89
81,106,29,89
80,104,30,91
79,104,30,91
79,105,30,91
79,104,30,91
79,103,30,91
81,104,30,91
83,105,30,91
84,105,30,91
83,104,30,91
83,102,30,91
82,101,30,91
82,101,30,91
81,102,30,91
80,102,30,91
79,102,30,91
79,102,30,91
79,103,30,91
80,103,30,91
79,104,30,91
80,104,30,91
79,104,30,91
79,103,30,91
78,102,30,91
77,101,30,91
76,100,30,91
75,100,30,91
76,101,30,91
77,102,30,91
77,102,30,91
77,102,30,91
78,101,30,91
77,100,30,91
78,101,30,91
78,101,30,91
78,101,30,91
76,100,30,91
77,101,30,91
77,102,30,91
78,101,30,91
78,101,30,91
79,102,30,91
79,103,30,91
79,103,30,91
78,103,30,91
77,101,30,91
76,101,30,91
76,100,30,91
76,101,30,91
76,100,30,91
76,100,30,91
76,101,30,91
76,102,30,91
75,101,30,91
75,101,30,91
75,101,30,91
73,100,30,91
74,100,30,91
74,101,30,91
74,100,30,91
74,101,30,91
77,102,30,91
76,102,30,91
77,103,30,91
77,103,30,91
77,103,30,91
75,102,30,91
75,101,30,91
73,101,30,91
72,100,30,91
71,99,30,91
71,98,30,91
70,98,30,91
69,97,30,91
70,95,30,91
69,95,30,91
68,94,30,91
69,95,30,91
69,96,30,91
70,97,30,91
70,96,30,91
72,97,30,91
73,98,30,91
74,99,30,91
