198.0, 214.0, 34.0, 81.0
197.0, 215.0, 33.0, 81.0
195.0, 215.0, 34.0, 81.0
194.0, 217.0, 34.0, 79.0
193.0, 220.0, 32.0, 75.0
192.0, 222.0, 32.0, 74.0
192.0, 224.0, 31.0, 73.0
191.0, 222.0, 34.0, 81.0
189.0, 231.0, 34.0, 72.0
190.0, 225.0, 33.0, 74.0
193.0, 225.0, 33.0, 73.0
197.0, 223.0, 32.0, 72.0
200.0, 222.0, 32.0, 71.0
202.0, 222.0, 32.0, 73.0
204.0, 222.0, 32.0, 70.0
208.0, 211.0, 33.0, 80.0
208.0, 209.0, 34.0, 81.0
226.0, 205.0, 35.0, 83.0
225.0, 208.0, 35.0, 83.0
219.0, 205.0, 35.0, 83.0
213.0, 197.0, 36.0, 85.0
217.0, 209.0, 37.0, 74.0
219.0, 212.0, 37.0, 77.0
222.0, 216.0, 36.0, 79.0
226.0, 215.0, 37.0, 81.0
229.0, 220.0, 37.0, 80.0
232.0, 222.0, 37.0, 84.0
234.0, 221.0, 37.0, 90.0
239.0, 216.0, 37.0, 84.0
244.0, 217.0, 38.0, 88.0
248.0, 215.0, 38.0, 92.0
252.0, 213.0, 38.0, 91.0
256.0, 211.0, 39.0, 93.0
260.0, 210.0, 39.0, 88.0
262.0, 209.0, 39.0, 89.0
267.0, 213.0, 39.0, 90.0
271.0, 212.0, 39.0, 87.0
274.0, 216.0, 39.0, 88.0
277.0, 217.0, 40.0, 90.0
282.0, 218.0, 39.0, 88.0
288.0, 222.0, 37.0, 87.0
289.0, 224.0, 37.0, 89.0
293.0, 227.0, 38.0, 87.0
293.0, 226.0, 39.0, 89.0
294.0, 225.0, 39.0, 88.0
293.0, 226.0, 40.0, 88.0
292.0, 226.0, 40.0, 89.0
292.0, 223.0, 40.0, 90.0
291.0, 222.0, 40.0, 91.0
289.0, 220.0, 40.0, 89.0
288.0, 220.0, 40.0, 88.0
287.0, 219.0, 39.0, 89.0
286.0, 215.0, 38.0, 88.0
284.0, 213.0, 39.0, 89.0
284.0, 213.0, 39.0, 91.0
283.0, 214.0, 39.0, 91.0
282.0, 215.0, 39.0, 90.0
282.0, 221.0, 39.0, 89.0
279.0, 223.0, 39.0, 89.0
278.0, 232.0, 43.0, 85.0
284.0, 234.0, 39.0, 94.0
273.0, 238.0, 46.0, 82.0
270.0, 239.0, 45.0, 83.0
264.0, 240.0, 47.0, 82.0
259.0, 238.0, 45.0, 83.0
253.0, 239.0, 45.0, 83.0
249.0, 241.0, 43.0, 80.0
246.0, 244.0, 43.0, 82.0
241.0, 245.0, 41.0, 82.0
237.0, 244.0, 41.0, 83.0
233.0, 242.0, 41.0, 81.0
225.0, 238.0, 42.0, 86.0
217.0, 232.0, 44.0, 88.0
209.0, 233.0, 44.0, 85.0
201.0, 229.0, 43.0, 87.0
195.0, 234.0, 43.0, 84.0
188.0, 236.0, 44.0, 81.0
182.0, 240.0, 42.0, 80.0
178.0, 240.0, 39.0, 81.0
171.0, 236.0, 40.0, 83.0
163.0, 234.0, 42.0, 88.0
158.0, 229.0, 42.0, 91.0
154.0, 228.0, 43.0, 91.0
147.0, 224.0, 43.0, 90.0
142.0, 219.0, 42.0, 91.0
137.0, 215.0, 42.0, 93.0
136.0, 216.0, 40.0, 93.0
133.0, 218.0, 40.0, 92.0
130.0, 222.0, 38.0, 89.0
128.0, 225.0, 37.0, 90.0
124.0, 222.0, 37.0, 93.0
122.0, 225.0, 40.0, 92.0
122.0, 230.0, 41.0, 85.0
116.0, 216.0, 42.0, 91.0
107.0, 203.0, 41.0, 93.0
108.0, 202.0, 43.0, 93.0
109.0, 202.0, 41.0, 92.0
112.0, 204.0, 40.0, 93.0
113.0, 207.0, 40.0, 91.0
115.0, 203.0, 38.0, 91.0
116.0, 200.0, 37.0, 93.0
119.0, 199.0, 38.0, 90.0
118.0, 194.0, 38.0, 91.0
121.0, 191.0, 38.0, 92.0
122.0, 190.0, 39.0, 90.0
124.0, 186.0, 39.0, 90.0
126.0, 184.0, 39.0, 89.0
128.0, 184.0, 39.0, 90.0
132.0, 185.0, 39.0, 92.0
135.0, 185.0, 38.0, 93.0
138.0, 185.0, 38.0, 95.0
143.0, 187.0, 38.0, 94.0
147.0, 184.0, 38.0, 100.0
149.0, 180.0, 39.0, 100.0
151.0, 180.0, 39.0, 97.0
154.0, 179.0, 40.0, 95.0
158.0, 176.0, 40.0, 97.0
161.0, 175.0, 41.0, 95.0
164.0, 177.0, 41.0, 95.0
168.0, 176.0, 40.0, 93.0
174.0, 178.0, 39.0, 93.0
179.0, 180.0, 36.0, 90.0
182.0, 174.0, 36.0, 90.0
186.0, 173.0, 36.0, 91.0
189.0, 168.0, 35.0, 91.0
191.0, 168.0, 36.0, 87.0
195.0, 167.0, 37.0, 86.0
197.0, 167.0, 37.0, 86.0
200.0, 167.0, 37.0, 85.0
202.0, 170.0, 37.0, 85.0
204.0, 168.0, 35.0, 88.0
207.0, 168.0, 34.0, 87.0
209.0, 167.0, 34.0, 90.0
211.0, 166.0, 35.0, 91.0
212.0, 168.0, 37.0, 95.0
213.0, 165.0, 37.0, 91.0
214.0, 162.0, 38.0, 90.0
215.0, 161.0, 37.0, 86.0
217.0, 164.0, 38.0, 85.0
217.0, 163.0, 39.0, 86.0
218.0, 164.0, 39.0, 86.0
220.0, 167.0, 38.0, 84.0
223.0, 161.0, 36.0, 86.0
225.0, 161.0, 34.0, 86.0
227.0, 157.0, 34.0, 93.0
230.0, 156.0, 33.0, 91.0
230.0, 152.0, 33.0, 82.0
231.0, 152.0, 34.0, 85.0
233.0, 151.0, 34.0, 83.0
235.0, 150.0, 35.0, 82.0
236.0, 157.0, 34.0, 82.0
239.0, 157.0, 35.0, 81.0
241.0, 159.0, 35.0, 79.0
243.0, 157.0, 36.0, 78.0
244.0, 160.0, 37.0, 84.0
245.0, 158.0, 38.0, 87.0
248.0, 158.0, 38.0, 89.0
250.0, 157.0, 38.0, 88.0
250.0, 157.0, 39.0, 83.0
251.0, 156.0, 40.0, 88.0
255.0, 153.0, 38.0, 87.0
255.0, 152.0, 38.0, 87.0
257.0, 154.0, 36.0, 86.0
259.0, 152.0, 36.0, 87.0
261.0, 151.0, 36.0, 89.0
265.0, 148.0, 36.0, 88.0
269.0, 144.0, 36.0, 84.0
271.0, 145.0, 36.0, 85.0
273.0, 145.0, 35.0, 85.0
274.0, 147.0, 36.0, 85.0
277.0, 149.0, 36.0, 81.0
279.0, 150.0, 36.0, 80.0
284.0, 144.0, 35.0, 78.0
286.0, 140.0, 36.0, 80.0
287.0, 139.0, 36.0, 80.0
286.0, 140.0, 37.0, 84.0
286.0, 140.0, 37.0, 82.0
287.0, 137.0, 40.0, 80.0
286.0, 136.0, 41.0, 82.0
285.0, 137.0, 41.0, 81.0
285.0, 138.0, 39.0, 82.0
284.0, 140.0, 40.0, 82.0
284.0, 140.0, 37.0, 84.0
285.0, 139.0, 37.0, 85.0
285.0, 137.0, 36.0, 91.0
284.0, 136.0, 37.0, 91.0
285.0, 136.0, 35.0, 90.0
285.0, 137.0, 35.0, 88.0
286.0, 140.0, 33.0, 86.0
286.0, 141.0, 33.0, 86.0
287.0, 144.0, 32.0, 85.0
287.0, 148.0, 31.0, 85.0
287.0, 151.0, 31.0, 86.0
288.0, 155.0, 31.0, 85.0
288.0, 155.0, 32.0, 85.0
287.0, 155.0, 30.0, 84.0
286.0, 157.0, 30.0, 83.0
285.0, 156.0, 31.0, 82.0
285.0, 153.0, 30.0, 82.0
285.0, 156.0, 31.0, 81.0
286.0, 154.0, 31.0, 80.0
286.0, 154.0, 30.0, 81.0
288.0, 151.0, 31.0, 83.0
287.0, 152.0, 32.0, 82.0
288.0, 154.0, 32.0, 80.0
289.0, 155.0, 33.0, 80.0
288.0, 157.0, 34.0, 82.0
289.0, 158.0, 34.0, 81.0
290.0, 162.0, 34.0, 82.0
288.0, 164.0, 35.0, 83.0
287.0, 164.0, 36.0, 83.0
287.0, 165.0, 34.0, 83.0
286.0, 164.0, 34.0, 80.0
284.0, 167.0, 34.0, 82.0
284.0, 167.0, 34.0, 85.0
283.0, 164.0, 32.0, 84.0
283.0, 164.0, 32.0, 87.0
283.0, 162.0, 33.0, 86.0
282.0, 161.0, 33.0, 89.0
281.0, 164.0, 34.0, 88.0
282.0, 167.0, 33.0, 88.0
282.0, 169.0, 32.0, 88.0
281.0, 171.0, 32.0, 90.0
280.0, 173.0, 32.0, 90.0
279.0, 173.0, 32.0, 91.0
277.0, 172.0, 32.0, 93.0
275.0, 172.0, 33.0, 94.0
275.0, 171.0, 32.0, 96.0
273.0, 173.0, 33.0, 95.0
272.0, 174.0, 32.0, 93.0
269.0, 172.0, 32.0, 93.0
267.0, 171.0, 33.0, 94.0
265.0, 170.0, 32.0, 92.0
262.0, 171.0, 33.0, 92.0
259.0, 172.0, 34.0, 93.0
256.0, 174.0, 34.0, 93.0
255.0, 178.0, 33.0, 89.0
254.0, 180.0, 33.0, 90.0
252.0, 182.0, 33.0, 91.0
250.0, 183.0, 34.0, 94.0
249.0, 183.0, 34.0, 95.0
246.0, 182.0, 35.0, 96.0
244.0, 181.0, 36.0, 98.0
240.0, 182.0, 37.0, 98.0
239.0, 182.0, 36.0, 100.0
235.0, 183.0, 36.0, 98.0
233.0, 184.0, 36.0, 98.0
231.0, 183.0, 35.0, 98.0
229.0, 181.0, 35.0, 99.0
227.0, 181.0, 35.0, 99.0
225.0, 179.0, 37.0, 98.0
223.0, 177.0, 37.0, 99.0
221.0, 176.0, 37.0, 100.0
219.0, 177.0, 37.0, 99.0
218.0, 176.0, 37.0, 101.0
216.0, 179.0, 38.0, 100.0
215.0, 179.0, 38.0, 100.0
212.0, 180.0, 39.0, 102.0
210.0, 178.0, 41.0, 105.0
208.0, 178.0, 42.0, 105.0
206.0, 177.0, 42.0, 101.0
204.0, 180.0, 41.0, 101.0
202.0, 179.0, 41.0, 104.0
201.0, 177.0, 40.0, 106.0
199.0, 175.0, 41.0, 111.0
198.0, 175.0, 41.0, 113.0
196.0, 174.0, 42.0, 112.0
195.0, 171.0, 42.0, 113.0
195.0, 174.0, 39.0, 113.0
195.0, 171.0, 40.0, 112.0
195.0, 172.0, 39.0, 111.0
195.0, 172.0, 39.0, 110.0
195.0, 173.0, 40.0, 108.0
195.0, 174.0, 40.0, 106.0
194.0, 177.0, 40.0, 106.0
195.0, 173.0, 39.0, 110.0
195.0, 173.0, 39.0, 111.0
194.0, 170.0, 39.0, 112.0
192.0, 172.0, 41.0, 114.0
193.0, 167.0, 40.0, 113.0
193.0, 167.0, 40.0, 111.0
191.0, 167.0, 43.0, 112.0
191.0, 171.0, 43.0, 111.0
189.0, 170.0, 43.0, 110.0
192.0, 169.0, 42.0, 109.0
189.0, 179.0, 43.0, 103.0
193.0, 177.0, 40.0, 104.0
191.0, 179.0, 42.0, 106.0
192.0, 175.0, 41.0, 107.0
192.0, 175.0, 42.0, 110.0
193.0, 171.0, 42.0, 111.0
195.0, 167.0, 41.0, 112.0
193.0, 169.0, 41.0, 109.0
193.0, 171.0, 41.0, 107.0
190.0, 175.0, 43.0, 108.0
189.0, 176.0, 43.0, 109.0
190.0, 175.0, 42.0, 110.0
189.0, 176.0, 42.0, 112.0
187.0, 177.0, 42.0, 114.0
184.0, 178.0, 43.0, 119.0
181.0, 178.0, 43.0, 118.0
179.0, 179.0, 43.0, 118.0
176.0, 183.0, 43.0, 117.0
172.0, 187.0, 44.0, 118.0
169.0, 192.0, 44.0, 118.0
167.0, 192.0, 44.0, 118.0
165.0, 195.0, 42.0, 116.0
163.0, 196.0, 41.0, 116.0
162.0, 198.0, 39.0, 112.0
159.0, 198.0, 40.0, 111.0
157.0, 200.0, 39.0, 108.0
155.0, 204.0, 37.0, 108.0
153.0, 205.0, 37.0, 108.0
144.0, 203.0, 46.0, 109.0
142.0, 206.0, 45.0, 108.0
145.0, 209.0, 37.0, 103.0
145.0, 206.0, 37.0, 106.0
142.0, 207.0, 39.0, 108.0
138.0, 211.0, 40.0, 106.0
133.0, 212.0, 43.0, 105.0
133.0, 214.0, 41.0, 104.0
132.0, 209.0, 41.0, 105.0
130.0, 210.0, 42.0, 106.0
130.0, 208.0, 40.0, 109.0
132.0, 207.0, 38.0, 109.0
132.0, 201.0, 38.0, 111.0
132.0, 199.0, 39.0, 111.0
132.0, 201.0, 39.0, 114.0
133.0, 199.0, 37.0, 110.0
133.0, 198.0, 38.0, 111.0
134.0, 201.0, 39.0, 110.0
134.0, 201.0, 39.0, 109.0
135.0, 200.0, 39.0, 109.0
135.0, 201.0, 39.0, 107.0
137.0, 202.0, 39.0, 108.0
139.0, 203.0, 38.0, 109.0
140.0, 201.0, 38.0, 107.0
141.0, 199.0, 39.0, 111.0
143.0, 201.0, 39.0, 111.0
143.0, 201.0, 39.0, 111.0
145.0, 201.0, 38.0, 111.0
146.0, 201.0, 38.0, 111.0
147.0, 201.0, 38.0, 109.0
148.0, 201.0, 37.0, 105.0
148.0, 203.0, 37.0, 109.0
148.0, 203.0, 38.0, 108.0
148.0, 205.0, 37.0, 107.0
148.0, 206.0, 37.0, 107.0
149.0, 205.0, 36.0, 107.0
147.0, 204.0, 36.0, 104.0
147.0, 207.0, 37.0, 104.0
147.0, 206.0, 36.0, 103.0
146.0, 210.0, 36.0, 102.0
144.0, 209.0, 37.0, 102.0
144.0, 210.0, 36.0, 104.0
142.0, 211.0, 37.0, 100.0
140.0, 213.0, 37.0, 100.0
140.0, 210.0, 37.0, 100.0
139.0, 212.0, 37.0, 101.0
138.0, 211.0, 38.0, 98.0
140.0, 209.0, 37.0, 102.0
139.0, 211.0, 37.0, 100.0
139.0, 215.0, 37.0, 99.0
140.0, 212.0, 37.0, 101.0
139.0, 214.0, 37.0, 98.0
140.0, 215.0, 37.0, 97.0
141.0, 214.0, 36.0, 98.0
143.0, 210.0, 36.0, 98.0
143.0, 214.0, 36.0, 99.0
143.0, 213.0, 37.0, 99.0
145.0, 210.0, 36.0, 100.0
144.0, 217.0, 36.0, 98.0
146.0, 215.0, 35.0, 98.0
147.0, 212.0, 36.0, 98.0
148.0, 214.0, 36.0, 98.0
147.0, 215.0, 37.0, 97.0
148.0, 214.0, 36.0, 97.0
149.0, 214.0, 36.0, 98.0
148.0, 215.0, 38.0, 98.0
148.0, 217.0, 38.0, 99.0
148.0, 218.0, 39.0, 99.0
148.0, 220.0, 40.0, 97.0
149.0, 220.0, 39.0, 99.0
151.0, 218.0, 39.0, 99.0
151.0, 220.0, 39.0, 101.0
151.0, 222.0, 40.0, 101.0
151.0, 221.0, 41.0, 101.0
151.0, 221.0, 41.0, 101.0
154.0, 219.0, 39.0, 98.0
154.0, 220.0, 39.0, 97.0
153.0, 224.0, 39.0, 98.0
153.0, 225.0, 39.0, 98.0
152.0, 227.0, 39.0, 97.0
152.0, 226.0, 39.0, 98.0
152.0, 226.0, 39.0, 95.0
153.0, 225.0, 39.0, 96.0
153.0, 224.0, 40.0, 96.0
154.0, 223.0, 40.0, 100.0
155.0, 221.0, 40.0, 104.0
155.0, 221.0, 41.0, 105.0
156.0, 221.0, 38.0, 102.0
156.0, 219.0, 38.0, 103.0
157.0, 219.0, 38.0, 101.0
157.0, 220.0, 39.0, 103.0
158.0, 219.0, 38.0, 100.0
158.0, 219.0, 38.0, 99.0
158.0, 220.0, 39.0, 94.0
158.0, 220.0, 39.0, 93.0
161.0, 218.0, 38.0, 96.0
160.0, 220.0, 39.0, 96.0
162.0, 219.0, 39.0, 99.0
162.0, 219.0, 39.0, 100.0
162.0, 218.0, 39.0, 103.0
161.0, 219.0, 40.0, 103.0
161.0, 220.0, 41.0, 100.0
164.0, 216.0, 40.0, 104.0
166.0, 216.0, 40.0, 105.0
167.0, 215.0, 40.0, 105.0
166.0, 217.0, 41.0, 102.0
168.0, 216.0, 39.0, 104.0
167.0, 219.0, 39.0, 103.0
169.0, 217.0, 38.0, 104.0
170.0, 216.0, 38.0, 105.0
170.0, 215.0, 38.0, 106.0
169.0, 217.0, 37.0, 103.0
171.0, 214.0, 37.0, 104.0
170.0, 217.0, 39.0, 104.0
170.0, 218.0, 40.0, 104.0
171.0, 218.0, 40.0, 105.0
171.0, 221.0, 41.0, 103.0
171.0, 225.0, 42.0, 103.0
173.0, 224.0, 42.0, 103.0
175.0, 222.0, 41.0, 102.0
176.0, 223.0, 42.0, 101.0
177.0, 223.0, 42.0, 98.0
181.0, 219.0, 39.0, 100.0
185.0, 221.0, 39.0, 98.0
185.0, 221.0, 40.0, 98.0
187.0, 219.0, 39.0, 99.0
189.0, 220.0, 39.0, 96.0
193.0, 218.0, 37.0, 96.0
195.0, 218.0, 37.0, 94.0
197.0, 219.0, 37.0, 93.0
201.0, 216.0, 36.0, 95.0
201.0, 218.0, 37.0, 95.0
203.0, 216.0, 36.0, 98.0
205.0, 212.0, 37.0, 102.0
208.0, 214.0, 37.0, 104.0
210.0, 214.0, 36.0, 105.0
211.0, 212.0, 38.0, 105.0
213.0, 210.0, 38.0, 108.0
215.0, 210.0, 39.0, 108.0
213.0, 216.0, 41.0, 102.0
217.0, 212.0, 41.0, 105.0
220.0, 212.0, 40.0, 104.0
222.0, 213.0, 40.0, 104.0
225.0, 214.0, 41.0, 102.0
228.0, 216.0, 41.0, 101.0
232.0, 218.0, 43.0, 99.0
236.0, 220.0, 43.0, 99.0
241.0, 223.0, 42.0, 99.0
243.0, 225.0, 45.0, 96.0
248.0, 225.0, 45.0, 96.0
255.0, 225.0, 45.0, 98.0
259.0, 227.0, 45.0, 97.0
267.0, 227.0, 44.0, 98.0
274.0, 224.0, 43.0, 99.0
278.0, 224.0, 46.0, 100.0
285.0, 215.0, 43.0, 108.0
290.0, 219.0, 42.0, 103.0
298.0, 217.0, 41.0, 106.0
304.0, 206.0, 43.0, 109.0
294.0, 183.0, 39.0, 102.0
320.0, 206.0, 41.0, 102.0
324.0, 212.0, 41.0, 105.0
332.0, 208.0, 39.0, 105.0
337.0, 209.0, 41.0, 104.0
340.0, 214.0, 43.0, 100.0
346.0, 215.0, 44.0, 98.0
353.0, 219.0, 44.0, 98.0
357.0, 214.0, 45.0, 106.0
372.0, 210.0, 45.0, 107.0
386.0, 215.0, 41.0, 97.0
388.0, 218.0, 42.0, 96.0
394.0, 219.0, 44.0, 99.0
402.0, 223.0, 43.0, 97.0
410.0, 232.0, 41.0, 91.0
415.0, 230.0, 42.0, 94.0
417.0, 227.0, 43.0, 103.0
420.0, 227.0, 43.0, 103.0
423.0, 219.0, 39.0, 97.0
420.0, 209.0, 40.0, 95.0
420.0, 204.0, 39.0, 96.0
420.0, 202.0, 38.0, 100.0
419.0, 199.0, 36.0, 98.0
415.0, 194.0, 38.0, 97.0
414.0, 195.0, 36.0, 95.0
411.0, 194.0, 37.0, 98.0
408.0, 192.0, 37.0, 100.0
405.0, 189.0, 37.0, 100.0
402.0, 186.0, 38.0, 101.0
398.0, 182.0, 37.0, 102.0
395.0, 179.0, 38.0, 106.0
392.0, 176.0, 38.0, 108.0
388.0, 174.0, 37.0, 100.0
383.0, 175.0, 39.0, 101.0
379.0, 175.0, 39.0, 99.0
377.0, 175.0, 38.0, 96.0
373.0, 175.0, 38.0, 98.0
370.0, 174.0, 39.0, 102.0
368.0, 175.0, 38.0, 99.0
364.0, 176.0, 40.0, 100.0
364.0, 175.0, 40.0, 101.0
363.0, 175.0, 40.0, 100.0
362.0, 175.0, 38.0, 97.0
361.0, 176.0, 37.0, 95.0
361.0, 174.0, 36.0, 95.0
362.0, 172.0, 35.0, 94.0
359.0, 172.0, 36.0, 92.0
358.0, 171.0, 36.0, 92.0
357.0, 170.0, 34.0, 90.0
356.0, 170.0, 33.0, 90.0
355.0, 169.0, 33.0, 90.0
354.0, 167.0, 32.0, 91.0
352.0, 169.0, 33.0, 93.0
353.0, 170.0, 31.0, 91.0
351.0, 170.0, 33.0, 95.0
349.0, 173.0, 34.0, 91.0
352.0, 172.0, 32.0, 93.0
348.0, 172.0, 35.0, 89.0
347.0, 174.0, 36.0, 87.0
347.0, 174.0, 37.0, 88.0
345.0, 173.0, 37.0, 86.0
345.0, 173.0, 37.0, 87.0
342.0, 173.0, 38.0, 87.0
343.0, 172.0, 36.0, 90.0
341.0, 174.0, 36.0, 89.0
339.0, 173.0, 38.0, 89.0
338.0, 175.0, 38.0, 88.0
336.0, 175.0, 38.0, 89.0
335.0, 176.0, 39.0, 88.0
335.0, 175.0, 39.0, 87.0
336.0, 176.0, 38.0, 87.0
333.0, 178.0, 40.0, 88.0
339.0, 177.0, 38.0, 93.0
337.0, 178.0, 40.0, 94.0
336.0, 181.0, 39.0, 92.0
335.0, 181.0, 38.0, 93.0
334.0, 181.0, 38.0, 93.0
332.0, 179.0, 38.0, 95.0
329.0, 178.0, 39.0, 96.0
328.0, 177.0, 38.0, 98.0
327.0, 176.0, 38.0, 99.0
325.0, 174.0, 38.0, 99.0
325.0, 173.0, 36.0, 98.0
324.0, 173.0, 37.0, 97.0
323.0, 174.0, 36.0, 93.0
321.0, 174.0, 37.0, 93.0
320.0, 173.0, 36.0, 93.0
319.0, 173.0, 37.0, 97.0
318.0, 174.0, 37.0, 96.0
316.0, 174.0, 39.0, 98.0
315.0, 175.0, 40.0, 99.0
314.0, 173.0, 41.0, 100.0
314.0, 171.0, 40.0, 103.0
311.0, 170.0, 42.0, 105.0
308.0, 171.0, 42.0, 106.0
305.0, 171.0, 42.0, 103.0
303.0, 174.0, 42.0, 101.0
300.0, 171.0, 43.0, 101.0
298.0, 173.0, 43.0, 100.0
297.0, 171.0, 42.0, 102.0
296.0, 171.0, 42.0, 102.0
296.0, 167.0, 43.0, 103.0
296.0, 165.0, 42.0, 105.0
296.0, 165.0, 43.0, 103.0
296.0, 165.0, 41.0, 102.0
296.0, 165.0, 41.0, 102.0
298.0, 165.0, 40.0, 100.0
297.0, 168.0, 40.0, 101.0
298.0, 169.0, 39.0, 99.0
298.0, 168.0, 39.0, 100.0
301.0, 165.0, 38.0, 98.0
300.0, 165.0, 38.0, 101.0
300.0, 164.0, 38.0, 102.0
298.0, 165.0, 39.0, 103.0
298.0, 164.0, 39.0, 104.0
295.0, 164.0, 40.0, 104.0
295.0, 161.0, 40.0, 103.0
294.0, 160.0, 39.0, 103.0
294.0, 158.0, 39.0, 103.0
293.0, 157.0, 40.0, 103.0
294.0, 156.0, 38.0, 103.0
295.0, 155.0, 39.0, 102.0
297.0, 151.0, 37.0, 104.0
297.0, 154.0, 38.0, 101.0
297.0, 155.0, 38.0, 99.0
299.0, 157.0, 39.0, 99.0
300.0, 157.0, 38.0, 99.0
302.0, 158.0, 38.0, 100.0
304.0, 156.0, 37.0, 102.0
304.0, 159.0, 38.0, 101.0
306.0, 154.0, 39.0, 104.0
308.0, 150.0, 40.0, 107.0
310.0, 151.0, 40.0, 104.0
312.0, 151.0, 40.0, 102.0
313.0, 151.0, 41.0, 103.0
316.0, 150.0, 42.0, 104.0
318.0, 152.0, 41.0, 105.0
321.0, 153.0, 40.0, 104.0
323.0, 154.0, 41.0, 103.0
326.0, 152.0, 41.0, 106.0
328.0, 150.0, 42.0, 106.0
329.0, 151.0, 41.0, 104.0
331.0, 149.0, 41.0, 104.0
332.0, 150.0, 40.0, 104.0
333.0, 150.0, 39.0, 103.0
334.0, 148.0, 39.0, 103.0
337.0, 147.0, 38.0, 104.0
336.0, 145.0, 40.0, 101.0
335.0, 146.0, 41.0, 101.0
331.0, 143.0, 44.0, 97.0
327.0, 130.0, 47.0, 111.0
331.0, 135.0, 42.0, 94.0
330.0, 132.0, 42.0, 97.0
330.0, 129.0, 42.0, 99.0
329.0, 129.0, 42.0, 103.0
330.0, 128.0, 40.0, 98.0
331.0, 128.0, 37.0, 98.0
331.0, 132.0, 37.0, 99.0
331.0, 132.0, 36.0, 98.0
330.0, 135.0, 38.0, 99.0
331.0, 136.0, 37.0, 99.0
330.0, 137.0, 38.0, 97.0
328.0, 141.0, 39.0, 98.0
330.0, 149.0, 38.0, 95.0
328.0, 153.0, 39.0, 95.0
328.0, 153.0, 40.0, 99.0
328.0, 154.0, 41.0, 99.0
328.0, 154.0, 41.0, 99.0
328.0, 155.0, 41.0, 103.0
330.0, 155.0, 40.0, 101.0
330.0, 153.0, 40.0, 99.0
330.0, 155.0, 41.0, 96.0
330.0, 157.0, 43.0, 98.0
330.0, 158.0, 44.0, 100.0
329.0, 156.0, 43.0, 93.0
327.0, 159.0, 44.0, 97.0
328.0, 159.0, 44.0, 101.0
323.0, 170.0, 49.0, 117.0
330.0, 174.0, 41.0, 105.0
333.0, 177.0, 41.0, 106.0
334.0, 168.0, 40.0, 103.0
334.0, 168.0, 42.0, 102.0
332.0, 171.0, 48.0, 113.0
337.0, 182.0, 42.0, 104.0
334.0, 176.0, 47.0, 112.0
340.0, 184.0, 41.0, 103.0
342.0, 190.0, 42.0, 103.0
353.0, 212.0, 47.0, 111.0
365.0, 242.0, 44.0, 109.0
372.0, 257.0, 43.0, 110.0
377.0, 258.0, 41.0, 114.0
380.0, 262.0, 43.0, 114.0
384.0, 264.0, 42.0, 114.0
386.0, 262.0, 43.0, 117.0
391.0, 267.0, 42.0, 117.0
393.0, 264.0, 43.0, 121.0
397.0, 269.0, 43.0, 119.0
401.0, 279.0, 43.0, 114.0
397.0, 268.0, 46.0, 110.0
406.0, 277.0, 46.0, 113.0
411.0, 276.0, 45.0, 114.0
415.0, 280.0, 46.0, 115.0
419.0, 280.0, 44.0, 113.0
421.0, 283.0, 45.0, 112.0
423.0, 287.0, 45.0, 107.0
427.0, 288.0, 45.0, 105.0
431.0, 288.0, 44.0, 106.0
433.0, 286.0, 44.0, 105.0
435.0, 289.0, 45.0, 104.0
437.0, 283.0, 45.0, 109.0
437.0, 281.0, 47.0, 113.0
440.0, 277.0, 46.0, 113.0
439.0, 282.0, 48.0, 114.0
442.0, 278.0, 45.0, 113.0
442.0, 281.0, 44.0, 110.0
444.0, 280.0, 43.0, 108.0
443.0, 278.0, 42.0, 106.0
443.0, 282.0, 43.0, 106.0
442.0, 284.0, 43.0, 108.0
443.0, 284.0, 42.0, 109.0
443.0, 286.0, 42.0, 107.0
444.0, 287.0, 43.0, 110.0
444.0, 288.0, 44.0, 110.0
445.0, 287.0, 43.0, 110.0
443.0, 291.0, 44.0, 110.0
445.0, 293.0, 42.0, 110.0
446.0, 291.0, 43.0, 111.0
445.0, 293.0, 47.0, 107.0
449.0, 295.0, 42.0, 110.0
450.0, 293.0, 42.0, 108.0
453.0, 293.0, 44.0, 113.0
456.0, 293.0, 43.0, 110.0
459.0, 292.0, 44.0, 113.0
461.0, 293.0, 43.0, 114.0
464.0, 292.0, 44.0, 114.0
467.0, 291.0, 44.0, 116.0
471.0, 291.0, 44.0, 117.0
473.0, 295.0, 45.0, 113.0
476.0, 298.0, 45.0, 115.0
481.0, 297.0, 44.0, 117.0
485.0, 300.0, 43.0, 112.0
489.0, 303.0, 44.0, 112.0
492.0, 305.0, 45.0, 109.0
496.0, 301.0, 46.0, 112.0
502.0, 299.0, 45.0, 115.0
505.0, 299.0, 45.0, 115.0
508.0, 294.0, 45.0, 118.0
511.0, 296.0, 45.0, 116.0
514.0, 295.0, 46.0, 115.0
515.0, 294.0, 47.0, 115.0
517.0, 296.0, 47.0, 114.0
519.0, 302.0, 47.0, 111.0
524.0, 300.0, 48.0, 114.0
