405.0, 256.0, 122.0, 148.0
407.0, 254.0, 121.0, 150.0
408.0, 254.0, 123.0, 149.0
411.0, 250.0, 124.0, 152.0
414.0, 245.0, 125.0, 153.0
416.0, 241.0, 125.0, 154.0
421.0, 236.0, 124.0, 157.0
420.0, 228.0, 126.0, 163.0
418.0, 223.0, 128.0, 163.0
411.0, 221.0, 130.0, 157.0
402.0, 218.0, 131.0, 158.0
392.0, 208.0, 131.0, 165.0
387.0, 196.0, 129.0, 168.0
377.0, 189.0, 133.0, 163.0
366.0, 187.0, 134.0, 159.0
356.0, 183.0, 133.0, 160.0
349.0, 181.0, 132.0, 158.0
341.0, 179.0, 132.0, 159.0
335.0, 181.0, 130.0, 158.0
332.0, 181.0, 127.0, 158.0
326.0, 182.0, 130.0, 158.0
321.0, 182.0, 128.0, 155.0
321.0, 182.0, 124.0, 156.0
318.0, 182.0, 124.0, 155.0
310.0, 182.0, 127.0, 152.0
303.0, 181.0, 126.0, 151.0
299.0, 176.0, 122.0, 154.0
289.0, 173.0, 125.0, 152.0
281.0, 167.0, 122.0, 151.0
276.0, 162.0, 118.0, 149.0
274.0, 154.0, 115.0, 150.0
273.0, 142.0, 114.0, 153.0
273.0, 129.0, 113.0, 149.0
274.0, 118.0, 112.0, 148.0
279.0, 108.0, 111.0, 143.0
284.0, 97.0, 113.0, 139.0
291.0, 89.0, 111.0, 139.0
297.0, 79.0, 109.0, 140.0
303.0, 68.0, 111.0, 139.0
310.0, 62.0, 112.0, 134.0
317.0, 60.0, 105.0, 131.0
317.0, 60.0, 105.0, 130.0
317.0, 63.0, 104.0, 128.0
314.0, 64.0, 102.0, 127.0
310.0, 68.0, 105.0, 129.0
309.0, 73.0, 102.0, 128.0
305.0, 78.0, 103.0, 128.0
299.0, 83.0, 104.0, 127.0
294.0, 88.0, 104.0, 126.0
288.0, 93.0, 104.0, 125.0
279.0, 98.0, 107.0, 125.0
272.0, 102.0, 106.0, 125.0
266.0, 105.0, 104.0, 124.0
266.0, 107.0, 101.0, 127.0
263.0, 110.0, 100.0, 126.0
264.0, 113.0, 99.0, 126.0
263.0, 113.0, 99.0, 126.0
261.0, 115.0, 101.0, 123.0
260.0, 111.0, 101.0, 127.0
259.0, 113.0, 101.0, 123.0
258.0, 113.0, 101.0, 125.0
259.0, 113.0, 100.0, 126.0
257.0, 113.0, 99.0, 126.0
256.0, 112.0, 101.0, 127.0
256.0, 111.0, 101.0, 125.0
258.0, 108.0, 101.0, 124.0
261.0, 104.0, 101.0, 126.0
261.0, 102.0, 101.0, 127.0
261.0, 99.0, 102.0, 128.0
261.0, 96.0, 102.0, 130.0
260.0, 94.0, 103.0, 129.0
260.0, 92.0, 102.0, 128.0
260.0, 90.0, 102.0, 129.0
261.0, 91.0, 103.0, 128.0
262.0, 91.0, 102.0, 128.0
263.0, 90.0, 102.0, 127.0
264.0, 90.0, 101.0, 127.0
265.0, 91.0, 102.0, 127.0
265.0, 89.0, 102.0, 128.0
266.0, 88.0, 103.0, 129.0
268.0, 89.0, 103.0, 127.0
268.0, 90.0, 107.0, 128.0
272.0, 89.0, 107.0, 129.0
277.0, 89.0, 106.0, 128.0
282.0, 89.0, 108.0, 128.0
289.0, 89.0, 108.0, 128.0
295.0, 89.0, 107.0, 128.0
301.0, 90.0, 107.0, 127.0
306.0, 89.0, 106.0, 127.0
311.0, 88.0, 107.0, 127.0
314.0, 84.0, 106.0, 130.0
318.0, 81.0, 106.0, 130.0
320.0, 76.0, 105.0, 132.0
321.0, 72.0, 106.0, 134.0
321.0, 69.0, 105.0, 134.0
321.0, 67.0, 105.0, 133.0
322.0, 68.0, 108.0, 131.0
325.0, 69.0, 108.0, 132.0
327.0, 70.0, 108.0, 134.0
330.0, 73.0, 108.0, 136.0
330.0, 75.0, 108.0, 137.0
327.0, 79.0, 109.0, 136.0
324.0, 84.0, 108.0, 139.0
322.0, 89.0, 109.0, 142.0
318.0, 98.0, 112.0, 138.0
312.0, 106.0, 112.0, 140.0
304.0, 117.0, 112.0, 145.0
298.0, 132.0, 111.0, 144.0
292.0, 143.0, 112.0, 142.0
287.0, 152.0, 113.0, 142.0
281.0, 161.0, 111.0, 143.0
276.0, 169.0, 111.0, 144.0
271.0, 178.0, 112.0, 142.0
261.0, 187.0, 117.0, 141.0
252.0, 195.0, 116.0, 142.0
243.0, 204.0, 117.0, 141.0
237.0, 211.0, 117.0, 141.0
231.0, 217.0, 116.0, 143.0
225.0, 222.0, 115.0, 145.0
221.0, 229.0, 116.0, 144.0
218.0, 233.0, 116.0, 145.0
215.0, 238.0, 117.0, 143.0
216.0, 238.0, 116.0, 144.0
217.0, 236.0, 122.0, 144.0
224.0, 237.0, 121.0, 142.0
230.0, 237.0, 118.0, 144.0
232.0, 236.0, 120.0, 148.0
236.0, 239.0, 123.0, 146.0
243.0, 241.0, 125.0, 145.0
253.0, 242.0, 125.0, 149.0
261.0, 245.0, 128.0, 150.0
271.0, 248.0, 126.0, 151.0
278.0, 252.0, 127.0, 150.0
287.0, 256.0, 129.0, 150.0
297.0, 257.0, 128.0, 150.0
307.0, 252.0, 126.0, 152.0
315.0, 244.0, 124.0, 153.0
321.0, 240.0, 126.0, 151.0
326.0, 235.0, 125.0, 152.0
328.0, 225.0, 124.0, 160.0
326.0, 218.0, 125.0, 159.0
322.0, 213.0, 126.0, 158.0
319.0, 209.0, 127.0, 156.0
301.0, 208.0, 137.0, 153.0
289.0, 206.0, 135.0, 153.0
280.0, 200.0, 132.0, 154.0
268.0, 197.0, 134.0, 155.0
252.0, 195.0, 137.0, 153.0
236.0, 192.0, 139.0, 154.0
223.0, 189.0, 135.0, 152.0
215.0, 185.0, 131.0, 157.0
198.0, 181.0, 138.0, 155.0
180.0, 176.0, 140.0, 154.0
169.0, 172.0, 134.0, 153.0
168.0, 166.0, 126.0, 157.0
168.0, 159.0, 122.0, 157.0
170.0, 150.0, 122.0, 158.0
173.0, 145.0, 120.0, 155.0
173.0, 147.0, 120.0, 148.0
174.0, 145.0, 121.0, 147.0
178.0, 142.0, 121.0, 147.0
184.0, 140.0, 119.0, 147.0
187.0, 137.0, 119.0, 146.0
193.0, 134.0, 117.0, 146.0
197.0, 133.0, 116.0, 144.0
200.0, 132.0, 114.0, 144.0
201.0, 130.0, 113.0, 143.0
203.0, 128.0, 112.0, 141.0
204.0, 130.0, 111.0, 138.0
205.0, 130.0, 111.0, 138.0
207.0, 131.0, 111.0, 137.0
209.0, 131.0, 115.0, 139.0
215.0, 137.0, 117.0, 141.0
225.0, 142.0, 110.0, 139.0
231.0, 148.0, 109.0, 139.0
236.0, 153.0, 112.0, 134.0
245.0, 156.0, 107.0, 133.0
251.0, 156.0, 104.0, 132.0
254.0, 155.0, 103.0, 132.0
257.0, 152.0, 103.0, 132.0
257.0, 148.0, 103.0, 133.0
254.0, 143.0, 103.0, 133.0
254.0, 134.0, 102.0, 135.0
251.0, 127.0, 102.0, 136.0
249.0, 117.0, 103.0, 136.0
250.0, 106.0, 103.0, 136.0
251.0, 94.0, 102.0, 135.0
252.0, 84.0, 101.0, 132.0
250.0, 73.0, 101.0, 133.0
249.0, 63.0, 101.0, 133.0
251.0, 52.0, 98.0, 131.0
253.0, 46.0, 98.0, 126.0
255.0, 42.0, 105.0, 120.0
267.0, 40.0, 107.0, 118.0
281.0, 40.0, 107.0, 118.0
295.0, 44.0, 107.0, 122.0
307.0, 50.0, 106.0, 119.0
322.0, 57.0, 104.0, 120.0
333.0, 63.0, 105.0, 118.0
346.0, 69.0, 103.0, 116.0
357.0, 75.0, 101.0, 115.0
367.0, 81.0, 100.0, 114.0
375.0, 86.0, 98.0, 114.0
383.0, 90.0, 96.0, 118.0
388.0, 98.0, 95.0, 115.0
392.0, 104.0, 93.0, 114.0
392.0, 111.0, 93.0, 117.0
391.0, 120.0, 92.0, 114.0
386.0, 128.0, 94.0, 114.0
376.0, 136.0, 95.0, 108.0
365.0, 144.0, 96.0, 105.0
355.0, 147.0, 96.0, 108.0
345.0, 151.0, 96.0, 104.0
339.0, 154.0, 92.0, 105.0
332.0, 154.0, 92.0, 107.0
322.0, 157.0, 93.0, 104.0
315.0, 158.0, 92.0, 106.0
301.0, 165.0, 96.0, 102.0
292.0, 166.0, 94.0, 107.0
280.0, 169.0, 94.0, 105.0
269.0, 169.0, 94.0, 105.0
258.0, 170.0, 95.0, 104.0
249.0, 170.0, 94.0, 106.0
240.0, 173.0, 93.0, 107.0
229.0, 178.0, 95.0, 108.0
216.0, 184.0, 95.0, 109.0
205.0, 191.0, 94.0, 110.0
197.0, 197.0, 93.0, 111.0
188.0, 203.0, 94.0, 113.0
178.0, 212.0, 96.0, 114.0
167.0, 219.0, 97.0, 114.0
156.0, 227.0, 98.0, 114.0
147.0, 230.0, 97.0, 114.0
141.0, 231.0, 96.0, 116.0
136.0, 232.0, 95.0, 115.0
132.0, 232.0, 96.0, 116.0
129.0, 233.0, 94.0, 117.0
128.0, 230.0, 93.0, 120.0
127.0, 227.0, 95.0, 121.0
127.0, 225.0, 96.0, 121.0
129.0, 219.0, 96.0, 119.0
132.0, 220.0, 96.0, 117.0
134.0, 220.0, 97.0, 118.0
138.0, 219.0, 100.0, 122.0
143.0, 221.0, 102.0, 120.0
153.0, 221.0, 100.0, 121.0
157.0, 220.0, 99.0, 123.0
158.0, 221.0, 104.0, 122.0
164.0, 220.0, 105.0, 125.0
166.0, 220.0, 105.0, 128.0
172.0, 223.0, 103.0, 136.0
170.0, 223.0, 105.0, 138.0
170.0, 227.0, 108.0, 138.0
168.0, 227.0, 112.0, 140.0
164.0, 229.0, 115.0, 142.0
163.0, 230.0, 119.0, 145.0
161.0, 230.0, 122.0, 145.0
163.0, 229.0, 122.0, 146.0
165.0, 230.0, 122.0, 147.0
163.0, 230.0, 124.0, 148.0
162.0, 233.0, 127.0, 149.0
163.0, 227.0, 129.0, 147.0
162.0, 225.0, 133.0, 154.0
162.0, 223.0, 135.0, 156.0
164.0, 220.0, 136.0, 159.0
169.0, 218.0, 135.0, 162.0
168.0, 212.0, 137.0, 163.0
167.0, 206.0, 138.0, 163.0
167.0, 201.0, 140.0, 165.0
171.0, 198.0, 141.0, 163.0
177.0, 188.0, 138.0, 170.0
182.0, 180.0, 136.0, 172.0
184.0, 175.0, 136.0, 173.0
184.0, 168.0, 139.0, 172.0
189.0, 163.0, 146.0, 172.0
194.0, 155.0, 147.0, 171.0
206.0, 150.0, 138.0, 171.0
212.0, 149.0, 138.0, 171.0
217.0, 147.0, 138.0, 168.0
223.0, 147.0, 136.0, 167.0
226.0, 145.0, 136.0, 167.0
230.0, 145.0, 135.0, 163.0
233.0, 144.0, 134.0, 163.0
237.0, 145.0, 131.0, 162.0
237.0, 144.0, 129.0, 164.0
237.0, 145.0, 128.0, 162.0
239.0, 141.0, 127.0, 159.0
243.0, 141.0, 125.0, 163.0
244.0, 142.0, 124.0, 159.0
244.0, 142.0, 125.0, 158.0
246.0, 144.0, 123.0, 158.0
247.0, 144.0, 123.0, 158.0
246.0, 143.0, 125.0, 155.0
240.0, 144.0, 129.0, 155.0
235.0, 145.0, 128.0, 157.0
229.0, 146.0, 130.0, 155.0
229.0, 145.0, 128.0, 160.0
229.0, 143.0, 128.0, 159.0
230.0, 146.0, 127.0, 164.0
228.0, 152.0, 127.0, 161.0
227.0, 157.0, 129.0, 162.0
228.0, 160.0, 128.0, 163.0
228.0, 163.0, 130.0, 165.0
230.0, 166.0, 133.0, 165.0
233.0, 168.0, 134.0, 168.0
236.0, 170.0, 134.0, 173.0
236.0, 173.0, 139.0, 179.0
237.0, 176.0, 142.0, 179.0
237.0, 176.0, 145.0, 180.0
235.0, 175.0, 149.0, 182.0
236.0, 174.0, 152.0, 184.0
236.0, 173.0, 154.0, 184.0
236.0, 173.0, 158.0, 186.0
232.0, 168.0, 162.0, 190.0
231.0, 163.0, 165.0, 195.0
233.0, 157.0, 169.0, 196.0
241.0, 157.0, 175.0, 197.0
248.0, 157.0, 175.0, 204.0
252.0, 157.0, 173.0, 202.0
253.0, 158.0, 179.0, 202.0
257.0, 158.0, 184.0, 201.0
270.0, 158.0, 181.0, 214.0
276.0, 163.0, 183.0, 223.0
275.0, 166.0, 182.0, 224.0
276.0, 174.0, 182.0, 222.0
276.0, 177.0, 188.0, 225.0
278.0, 180.0, 187.0, 221.0
272.0, 180.0, 191.0, 224.0
263.0, 183.0, 198.0, 224.0
258.0, 185.0, 200.0, 224.0
253.0, 186.0, 199.0, 224.0
252.0, 188.0, 201.0, 227.0
251.0, 186.0, 197.0, 228.0
253.0, 186.0, 195.0, 227.0
251.0, 183.0, 196.0, 230.0
255.0, 177.0, 192.0, 230.0
259.0, 175.0, 193.0, 224.0
265.0, 168.0, 190.0, 227.0
267.0, 163.0, 189.0, 227.0
269.0, 159.0, 186.0, 226.0
270.0, 157.0, 186.0, 222.0
270.0, 150.0, 185.0, 221.0
267.0, 143.0, 188.0, 222.0
265.0, 139.0, 186.0, 218.0
257.0, 134.0, 191.0, 220.0
250.0, 126.0, 191.0, 222.0
252.0, 119.0, 183.0, 223.0
253.0, 114.0, 178.0, 218.0
255.0, 111.0, 175.0, 210.0
262.0, 110.0, 173.0, 212.0
262.0, 114.0, 174.0, 204.0
269.0, 115.0, 172.0, 204.0
269.0, 115.0, 170.0, 203.0
274.0, 118.0, 167.0, 209.0
275.0, 120.0, 165.0, 210.0
274.0, 123.0, 165.0, 214.0
274.0, 132.0, 164.0, 216.0
274.0, 137.0, 164.0, 220.0
266.0, 145.0, 170.0, 216.0
253.0, 148.0, 178.0, 217.0
232.0, 157.0, 187.0, 210.0
208.0, 166.0, 194.0, 205.0
185.0, 165.0, 193.0, 206.0
169.0, 165.0, 184.0, 202.0
162.0, 165.0, 177.0, 204.0
152.0, 164.0, 178.0, 204.0
136.0, 164.0, 181.0, 202.0
134.0, 157.0, 171.0, 202.0
130.0, 154.0, 168.0, 203.0
130.0, 149.0, 164.0, 202.0
127.0, 150.0, 165.0, 198.0
124.0, 146.0, 158.0, 198.0
124.0, 140.0, 155.0, 201.0
125.0, 137.0, 154.0, 201.0
115.0, 131.0, 159.0, 204.0
111.0, 118.0, 158.0, 214.0
109.0, 115.0, 155.0, 211.0
109.0, 117.0, 153.0, 206.0
109.0, 112.0, 149.0, 204.0
111.0, 114.0, 147.0, 201.0
109.0, 112.0, 146.0, 197.0
108.0, 106.0, 147.0, 197.0
103.0, 102.0, 150.0, 191.0
112.0, 103.0, 151.0, 188.0
116.0, 98.0, 149.0, 187.0
123.0, 102.0, 147.0, 182.0
129.0, 103.0, 153.0, 183.0
144.0, 106.0, 144.0, 180.0
152.0, 107.0, 147.0, 180.0
167.0, 113.0, 144.0, 178.0
183.0, 116.0, 141.0, 176.0
198.0, 122.0, 137.0, 174.0
209.0, 130.0, 133.0, 167.0
218.0, 131.0, 130.0, 162.0
232.0, 130.0, 124.0, 162.0
240.0, 135.0, 117.0, 156.0
244.0, 129.0, 121.0, 159.0
257.0, 133.0, 118.0, 157.0
261.0, 129.0, 119.0, 161.0
268.0, 134.0, 121.0, 157.0
274.0, 132.0, 124.0, 156.0
288.0, 133.0, 123.0, 156.0
303.0, 139.0, 121.0, 153.0
314.0, 139.0, 121.0, 154.0
326.0, 143.0, 121.0, 150.0
340.0, 138.0, 121.0, 154.0
353.0, 141.0, 121.0, 153.0
366.0, 139.0, 120.0, 153.0
376.0, 131.0, 118.0, 149.0
385.0, 130.0, 120.0, 150.0
397.0, 133.0, 118.0, 149.0
404.0, 127.0, 116.0, 151.0
412.0, 127.0, 117.0, 153.0
417.0, 130.0, 116.0, 150.0
423.0, 128.0, 115.0, 151.0
421.0, 126.0, 115.0, 151.0
424.0, 132.0, 112.0, 149.0
425.0, 130.0, 111.0, 147.0
423.0, 133.0, 113.0, 147.0
418.0, 134.0, 112.0, 148.0
415.0, 137.0, 109.0, 146.0
411.0, 139.0, 110.0, 144.0
401.0, 134.0, 115.0, 145.0
396.0, 136.0, 112.0, 148.0
391.0, 138.0, 112.0, 145.0
381.0, 139.0, 116.0, 143.0
372.0, 140.0, 115.0, 143.0
370.0, 143.0, 109.0, 141.0
361.0, 143.0, 110.0, 139.0
359.0, 146.0, 107.0, 140.0
355.0, 144.0, 107.0, 141.0
351.0, 153.0, 106.0, 138.0
349.0, 146.0, 105.0, 141.0
346.0, 154.0, 105.0, 138.0
340.0, 154.0, 106.0, 139.0
333.0, 151.0, 107.0, 139.0
332.0, 149.0, 105.0, 136.0
327.0, 151.0, 104.0, 134.0
323.0, 150.0, 101.0, 132.0
314.0, 145.0, 104.0, 134.0
310.0, 142.0, 104.0, 134.0
308.0, 133.0, 104.0, 134.0
305.0, 134.0, 102.0, 131.0
299.0, 124.0, 105.0, 134.0
302.0, 120.0, 100.0, 133.0
300.0, 117.0, 101.0, 132.0
295.0, 113.0, 103.0, 131.0
294.0, 112.0, 103.0, 131.0
288.0, 110.0, 108.0, 133.0
286.0, 109.0, 113.0, 134.0
290.0, 111.0, 111.0, 133.0
295.0, 111.0, 108.0, 129.0
295.0, 114.0, 113.0, 131.0
297.0, 111.0, 114.0, 134.0
304.0, 117.0, 111.0, 132.0
307.0, 119.0, 108.0, 131.0
307.0, 122.0, 109.0, 129.0
308.0, 118.0, 108.0, 129.0
312.0, 116.0, 111.0, 127.0
319.0, 113.0, 107.0, 127.0
319.0, 121.0, 111.0, 126.0
324.0, 117.0, 108.0, 128.0
321.0, 120.0, 108.0, 126.0
320.0, 115.0, 106.0, 128.0
317.0, 125.0, 108.0, 125.0
314.0, 118.0, 109.0, 128.0
306.0, 119.0, 113.0, 130.0
301.0, 125.0, 114.0, 130.0
295.0, 127.0, 117.0, 133.0
288.0, 123.0, 116.0, 136.0
284.0, 126.0, 115.0, 133.0
280.0, 123.0, 114.0, 134.0
274.0, 125.0, 118.0, 133.0
275.0, 124.0, 114.0, 130.0
271.0, 128.0, 113.0, 129.0
269.0, 125.0, 111.0, 133.0
266.0, 129.0, 113.0, 132.0
267.0, 129.0, 113.0, 135.0
266.0, 131.0, 116.0, 134.0
271.0, 131.0, 114.0, 135.0
272.0, 129.0, 115.0, 136.0
276.0, 136.0, 118.0, 135.0
284.0, 129.0, 115.0, 136.0
289.0, 130.0, 115.0, 137.0
294.0, 137.0, 115.0, 134.0
298.0, 131.0, 116.0, 137.0
301.0, 132.0, 117.0, 136.0
307.0, 128.0, 116.0, 136.0
308.0, 124.0, 118.0, 139.0
306.0, 122.0, 119.0, 140.0
310.0, 123.0, 118.0, 137.0
311.0, 127.0, 116.0, 135.0
311.0, 125.0, 115.0, 134.0
310.0, 130.0, 117.0, 134.0
301.0, 125.0, 122.0, 142.0
291.0, 133.0, 126.0, 141.0
281.0, 139.0, 128.0, 140.0
260.0, 145.0, 132.0, 143.0
251.0, 151.0, 133.0, 147.0
252.0, 154.0, 128.0, 145.0
252.0, 151.0, 127.0, 148.0
239.0, 158.0, 135.0, 149.0
247.0, 158.0, 131.0, 149.0
242.0, 160.0, 127.0, 149.0
245.0, 161.0, 125.0, 148.0
237.0, 167.0, 126.0, 146.0
237.0, 169.0, 126.0, 145.0
239.0, 167.0, 126.0, 147.0
236.0, 168.0, 127.0, 147.0
230.0, 171.0, 128.0, 147.0
224.0, 182.0, 130.0, 145.0
225.0, 177.0, 130.0, 146.0
224.0, 176.0, 130.0, 143.0
224.0, 178.0, 128.0, 144.0
221.0, 171.0, 128.0, 145.0
217.0, 172.0, 130.0, 145.0
220.0, 174.0, 130.0, 144.0
214.0, 176.0, 130.0, 146.0
214.0, 174.0, 128.0, 148.0
212.0, 179.0, 128.0, 147.0
215.0, 180.0, 127.0, 146.0
212.0, 181.0, 129.0, 147.0
209.0, 187.0, 129.0, 145.0
211.0, 183.0, 130.0, 148.0
217.0, 187.0, 130.0, 145.0
217.0, 181.0, 131.0, 147.0
219.0, 186.0, 132.0, 147.0
217.0, 188.0, 133.0, 148.0
222.0, 187.0, 133.0, 149.0
225.0, 188.0, 132.0, 148.0
218.0, 187.0, 134.0, 153.0
223.0, 188.0, 133.0, 152.0
223.0, 189.0, 132.0, 149.0
226.0, 187.0, 131.0, 150.0
227.0, 188.0, 131.0, 150.0
226.0, 188.0, 131.0, 153.0
226.0, 188.0, 131.0, 155.0
222.0, 183.0, 130.0, 156.0
222.0, 189.0, 131.0, 153.0
216.0, 194.0, 133.0, 153.0
221.0, 188.0, 130.0, 153.0
218.0, 192.0, 130.0, 152.0
216.0, 188.0, 128.0, 152.0
218.0, 189.0, 127.0, 152.0
214.0, 186.0, 127.0, 154.0
215.0, 187.0, 125.0, 152.0
216.0, 183.0, 125.0, 153.0
215.0, 183.0, 123.0, 150.0
217.0, 182.0, 123.0, 152.0
218.0, 184.0, 125.0, 153.0
218.0, 185.0, 125.0, 153.0
224.0, 188.0, 120.0, 149.0
225.0, 183.0, 120.0, 152.0
227.0, 181.0, 120.0, 155.0
221.0, 178.0, 122.0, 157.0
223.0, 172.0, 119.0, 157.0
221.0, 178.0, 121.0, 156.0
225.0, 170.0, 119.0, 155.0
223.0, 171.0, 120.0, 155.0
218.0, 172.0, 123.0, 156.0
214.0, 170.0, 124.0, 156.0
224.0, 170.0, 122.0, 156.0
222.0, 175.0, 125.0, 158.0
223.0, 175.0, 124.0, 158.0
226.0, 178.0, 125.0, 158.0
227.0, 183.0, 124.0, 156.0
227.0, 184.0, 124.0, 155.0
229.0, 193.0, 125.0, 153.0
236.0, 190.0, 122.0, 153.0
239.0, 191.0, 123.0, 154.0
236.0, 200.0, 120.0, 153.0
241.0, 192.0, 118.0, 153.0
242.0, 194.0, 118.0, 152.0
250.0, 195.0, 112.0, 146.0
245.0, 201.0, 112.0, 145.0
250.0, 201.0, 111.0, 144.0
246.0, 204.0, 110.0, 146.0
247.0, 207.0, 109.0, 145.0
241.0, 206.0, 108.0, 145.0
243.0, 212.0, 105.0, 143.0
245.0, 217.0, 104.0, 139.0
246.0, 216.0, 103.0, 138.0
241.0, 213.0, 105.0, 140.0
239.0, 218.0, 104.0, 140.0
239.0, 217.0, 104.0, 139.0
241.0, 213.0, 102.0, 138.0
237.0, 214.0, 104.0, 140.0
239.0, 216.0, 105.0, 140.0
237.0, 208.0, 103.0, 140.0
236.0, 209.0, 104.0, 141.0
235.0, 212.0, 106.0, 141.0
232.0, 214.0, 105.0, 140.0
228.0, 211.0, 108.0, 143.0
224.0, 213.0, 108.0, 143.0
226.0, 214.0, 108.0, 142.0
225.0, 213.0, 108.0, 142.0
227.0, 208.0, 110.0, 144.0
218.0, 214.0, 108.0, 141.0
221.0, 210.0, 108.0, 143.0
218.0, 216.0, 106.0, 140.0
214.0, 213.0, 107.0, 141.0
213.0, 217.0, 104.0, 140.0
210.0, 221.0, 105.0, 141.0
211.0, 222.0, 109.0, 141.0
216.0, 222.0, 117.0, 141.0
226.0, 225.0, 118.0, 140.0
237.0, 225.0, 115.0, 141.0
247.0, 222.0, 118.0, 141.0
250.0, 226.0, 117.0, 144.0
258.0, 225.0, 119.0, 143.0
268.0, 227.0, 118.0, 145.0
273.0, 227.0, 116.0, 147.0
279.0, 224.0, 111.0, 148.0
272.0, 224.0, 115.0, 150.0
269.0, 214.0, 115.0, 152.0
261.0, 212.0, 122.0, 155.0
250.0, 208.0, 124.0, 159.0
245.0, 204.0, 127.0, 163.0
239.0, 204.0, 127.0, 162.0
237.0, 209.0, 127.0, 164.0
236.0, 209.0, 132.0, 164.0
235.0, 202.0, 138.0, 164.0
238.0, 207.0, 138.0, 158.0
248.0, 210.0, 141.0, 156.0
262.0, 206.0, 137.0, 159.0
267.0, 213.0, 140.0, 165.0
273.0, 224.0, 142.0, 168.0
279.0, 233.0, 140.0, 170.0
285.0, 242.0, 137.0, 167.0
288.0, 249.0, 134.0, 165.0
291.0, 248.0, 136.0, 166.0
286.0, 258.0, 142.0, 164.0
276.0, 253.0, 151.0, 165.0
266.0, 239.0, 151.0, 175.0
259.0, 216.0, 150.0, 177.0
252.0, 209.0, 153.0, 176.0
242.0, 188.0, 160.0, 178.0
210.0, 174.0, 166.0, 184.0
201.0, 175.0, 167.0, 182.0
193.0, 164.0, 167.0, 189.0
178.0, 161.0, 178.0, 192.0
180.0, 143.0, 176.0, 192.0
197.0, 143.0, 164.0, 186.0
203.0, 141.0, 161.0, 183.0
207.0, 141.0, 159.0, 187.0
210.0, 149.0, 161.0, 190.0
204.0, 154.0, 174.0, 191.0
220.0, 153.0, 169.0, 192.0
218.0, 155.0, 178.0, 194.0
229.0, 150.0, 176.0, 199.0
231.0, 149.0, 177.0, 201.0
237.0, 145.0, 175.0, 203.0
253.0, 134.0, 174.0, 203.0
263.0, 142.0, 166.0, 203.0
269.0, 132.0, 165.0, 201.0
267.0, 125.0, 170.0, 197.0
268.0, 127.0, 172.0, 192.0
278.0, 120.0, 177.0, 192.0
285.0, 130.0, 177.0, 197.0
294.0, 136.0, 173.0, 202.0
305.0, 145.0, 166.0, 205.0
297.0, 146.0, 173.0, 207.0
291.0, 161.0, 170.0, 203.0
275.0, 163.0, 175.0, 202.0
258.0, 174.0, 178.0, 199.0
253.0, 171.0, 166.0, 206.0
250.0, 159.0, 167.0, 212.0
243.0, 160.0, 169.0, 206.0
241.0, 164.0, 163.0, 205.0
239.0, 166.0, 165.0, 208.0
244.0, 173.0, 170.0, 223.0
257.0, 184.0, 165.0, 221.0
260.0, 201.0, 162.0, 215.0
261.0, 211.0, 159.0, 213.0
258.0, 218.0, 160.0, 204.0
257.0, 220.0, 158.0, 206.0
252.0, 216.0, 164.0, 203.0
257.0, 216.0, 163.0, 205.0
264.0, 215.0, 160.0, 205.0
264.0, 210.0, 160.0, 208.0
267.0, 207.0, 157.0, 216.0
258.0, 191.0, 161.0, 221.0
255.0, 183.0, 159.0, 217.0
257.0, 172.0, 159.0, 213.0
258.0, 163.0, 159.0, 214.0
259.0, 161.0, 158.0, 214.0
247.0, 147.0, 166.0, 219.0
250.0, 138.0, 157.0, 222.0
250.0, 121.0, 161.0, 214.0
261.0, 118.0, 158.0, 213.0
266.0, 114.0, 153.0, 204.0
263.0, 108.0, 155.0, 204.0
264.0, 112.0, 157.0, 210.0
267.0, 122.0, 156.0, 206.0
267.0, 134.0, 150.0, 194.0
268.0, 133.0, 151.0, 198.0
275.0, 143.0, 150.0, 196.0
283.0, 138.0, 151.0, 189.0
291.0, 136.0, 148.0, 189.0
298.0, 143.0, 145.0, 187.0
304.0, 140.0, 143.0, 189.0
294.0, 138.0, 150.0, 190.0
285.0, 134.0, 151.0, 186.0
283.0, 133.0, 149.0, 190.0
286.0, 138.0, 145.0, 191.0
280.0, 132.0, 152.0, 193.0
277.0, 130.0, 150.0, 195.0
