246.0, 226.0, 94.0, 114.0
245.0, 234.0, 94.0, 113.0
246.0, 238.0, 95.0, 112.0
248.0, 240.0, 94.0, 111.0
248.0, 241.0, 95.0, 111.0
251.0, 243.0, 94.0, 111.0
253.0, 245.0, 94.0, 111.0
254.0, 245.0, 94.0, 112.0
254.0, 245.0, 94.0, 112.0
254.0, 245.0, 95.0, 111.0
255.0, 246.0, 94.0, 111.0
258.0, 245.0, 94.0, 111.0
261.0, 244.0, 94.0, 110.0
263.0, 242.0, 95.0, 110.0
267.0, 240.0, 95.0, 111.0
271.0, 239.0, 94.0, 111.0
271.0, 239.0, 95.0, 111.0
271.0, 234.0, 95.0, 113.0
276.0, 230.0, 98.0, 112.0
284.0, 232.0, 95.0, 112.0
275.0, 231.0, 99.0, 112.0
271.0, 223.0, 95.0, 117.0
273.0, 214.0, 96.0, 115.0
280.0, 209.0, 97.0, 112.0
292.0, 203.0, 101.0, 112.0
311.0, 201.0, 101.0, 112.0
325.0, 203.0, 95.0, 113.0
320.0, 209.0, 97.0, 113.0
311.0, 213.0, 98.0, 112.0
297.0, 218.0, 100.0, 112.0
277.0, 221.0, 103.0, 112.0
258.0, 218.0, 101.0, 113.0
258.0, 213.0, 98.0, 113.0
270.0, 207.0, 101.0, 113.0
288.0, 202.0, 103.0, 114.0
310.0, 202.0, 104.0, 112.0
331.0, 205.0, 102.0, 114.0
340.0, 211.0, 95.0, 120.0
325.0, 225.0, 101.0, 117.0
297.0, 237.0, 105.0, 114.0
266.0, 241.0, 107.0, 114.0
243.0, 227.0, 102.0, 120.0
239.0, 213.0, 98.0, 122.0
254.0, 205.0, 106.0, 117.0
277.0, 200.0, 105.0, 115.0
295.0, 199.0, 106.0, 115.0
319.0, 203.0, 104.0, 115.0
327.0, 210.0, 99.0, 118.0
305.0, 220.0, 106.0, 116.0
287.0, 219.0, 104.0, 115.0
276.0, 211.0, 100.0, 120.0
274.0, 203.0, 100.0, 118.0
287.0, 200.0, 107.0, 115.0
312.0, 202.0, 107.0, 116.0
328.0, 208.0, 101.0, 115.0
332.0, 211.0, 100.0, 115.0
309.0, 212.0, 109.0, 116.0
273.0, 212.0, 112.0, 117.0
235.0, 201.0, 111.0, 121.0
212.0, 192.0, 105.0, 122.0
214.0, 181.0, 104.0, 124.0
234.0, 167.0, 107.0, 123.0
256.0, 161.0, 106.0, 118.0
273.0, 165.0, 104.0, 125.0
288.0, 183.0, 102.0, 129.0
289.0, 209.0, 102.0, 131.0
275.0, 233.0, 104.0, 124.0
265.0, 237.0, 103.0, 121.0
258.0, 216.0, 103.0, 133.0
258.0, 197.0, 101.0, 129.0
262.0, 197.0, 103.0, 118.0
276.0, 202.0, 104.0, 126.0
278.0, 225.0, 102.0, 132.0
266.0, 254.0, 103.0, 130.0
255.0, 272.0, 103.0, 119.0
242.0, 251.0, 106.0, 131.0
232.0, 213.0, 103.0, 138.0
246.0, 172.0, 104.0, 133.0
259.0, 161.0, 106.0, 119.0
278.0, 171.0, 107.0, 130.0
296.0, 198.0, 103.0, 138.0
286.0, 243.0, 103.0, 134.0
266.0, 274.0, 107.0, 123.0
237.0, 273.0, 110.0, 123.0
219.0, 244.0, 105.0, 137.0
221.0, 206.0, 103.0, 134.0
234.0, 195.0, 108.0, 121.0
261.0, 210.0, 109.0, 129.0
288.0, 237.0, 106.0, 131.0
300.0, 268.0, 101.0, 134.0
280.0, 292.0, 108.0, 121.0
252.0, 285.0, 112.0, 125.0
230.0, 254.0, 106.0, 139.0
232.0, 224.0, 105.0, 132.0
258.0, 218.0, 113.0, 121.0
292.0, 225.0, 113.0, 125.0
323.0, 241.0, 110.0, 122.0
343.0, 253.0, 103.0, 120.0
334.0, 260.0, 109.0, 118.0
299.0, 258.0, 116.0, 123.0
258.0, 257.0, 114.0, 122.0
217.0, 244.0, 116.0, 126.0
174.0, 234.0, 115.0, 126.0
162.0, 225.0, 104.0, 129.0
184.0, 213.0, 113.0, 128.0
225.0, 193.0, 109.0, 127.0
253.0, 182.0, 112.0, 124.0
289.0, 168.0, 111.0, 125.0
302.0, 158.0, 105.0, 122.0
282.0, 154.0, 110.0, 122.0
262.0, 153.0, 110.0, 122.0
249.0, 149.0, 105.0, 126.0
252.0, 146.0, 108.0, 124.0
272.0, 154.0, 113.0, 124.0
306.0, 166.0, 113.0, 128.0
331.0, 184.0, 108.0, 125.0
342.0, 192.0, 103.0, 121.0
320.0, 191.0, 114.0, 121.0
276.0, 187.0, 119.0, 123.0
224.0, 179.0, 120.0, 126.0
176.0, 169.0, 117.0, 125.0
164.0, 169.0, 105.0, 125.0
182.0, 174.0, 119.0, 126.0
230.0, 182.0, 119.0, 125.0
271.0, 192.0, 117.0, 127.0
312.0, 201.0, 117.0, 124.0
343.0, 202.0, 105.0, 120.0
323.0, 199.0, 113.0, 121.0
294.0, 189.0, 113.0, 125.0
251.0, 168.0, 119.0, 131.0
221.0, 141.0, 108.0, 137.0
223.0, 129.0, 111.0, 128.0
245.0, 126.0, 112.0, 127.0
262.0, 142.0, 109.0, 140.0
279.0, 175.0, 109.0, 137.0
291.0, 205.0, 104.0, 138.0
270.0, 237.0, 108.0, 126.0
248.0, 242.0, 111.0, 121.0
229.0, 225.0, 109.0, 133.0
226.0, 196.0, 105.0, 140.0
242.0, 177.0, 110.0, 130.0
265.0, 174.0, 109.0, 122.0
280.0, 181.0, 107.0, 136.0
291.0, 207.0, 107.0, 141.0
287.0, 247.0, 106.0, 144.0
284.0, 284.0, 102.0, 132.0
285.0, 299.0, 102.0, 120.0
280.0, 271.0, 106.0, 141.0
283.0, 221.0, 109.0, 149.0
292.0, 160.0, 109.0, 149.0
292.0, 128.0, 106.0, 138.0
287.0, 128.0, 106.0, 134.0
276.0, 156.0, 110.0, 151.0
276.0, 222.0, 113.0, 148.0
297.0, 288.0, 110.0, 144.0
310.0, 330.0, 104.0, 122.0
315.0, 302.0, 106.0, 144.0
313.0, 247.0, 109.0, 146.0
303.0, 186.0, 111.0, 146.0
300.0, 146.0, 105.0, 138.0
298.0, 147.0, 104.0, 136.0
286.0, 184.0, 108.0, 147.0
289.0, 244.0, 110.0, 144.0
313.0, 297.0, 108.0, 133.0
318.0, 309.0, 104.0, 125.0
307.0, 273.0, 106.0, 142.0
302.0, 222.0, 107.0, 144.0
305.0, 176.0, 106.0, 140.0
301.0, 164.0, 106.0, 124.0
293.0, 176.0, 107.0, 140.0
290.0, 216.0, 110.0, 151.0
291.0, 273.0, 107.0, 143.0
288.0, 307.0, 104.0, 127.0
280.0, 305.0, 103.0, 129.0
284.0, 282.0, 104.0, 135.0
275.0, 260.0, 106.0, 132.0
272.0, 252.0, 104.0, 124.0
272.0, 252.0, 105.0, 123.0
253.0, 262.0, 108.0, 128.0
230.0, 278.0, 108.0, 131.0
208.0, 295.0, 108.0, 127.0
192.0, 305.0, 106.0, 126.0
191.0, 307.0, 107.0, 125.0
214.0, 301.0, 112.0, 125.0
245.0, 296.0, 111.0, 123.0
272.0, 292.0, 113.0, 123.0
305.0, 286.0, 111.0, 123.0
326.0, 282.0, 103.0, 122.0
316.0, 276.0, 107.0, 122.0
291.0, 266.0, 112.0, 125.0
253.0, 255.0, 117.0, 127.0
216.0, 246.0, 114.0, 125.0
191.0, 242.0, 111.0, 124.0
182.0, 235.0, 105.0, 128.0
192.0, 231.0, 112.0, 124.0
225.0, 225.0, 114.0, 124.0
263.0, 217.0, 116.0, 126.0
308.0, 208.0, 116.0, 126.0
339.0, 204.0, 109.0, 124.0
354.0, 201.0, 104.0, 124.0
341.0, 199.0, 110.0, 124.0
309.0, 196.0, 115.0, 125.0
269.0, 189.0, 119.0, 126.0
230.0, 176.0, 116.0, 131.0
220.0, 155.0, 106.0, 140.0
233.0, 147.0, 117.0, 126.0
270.0, 147.0, 116.0, 128.0
298.0, 156.0, 117.0, 127.0
329.0, 162.0, 112.0, 126.0
332.0, 161.0, 111.0, 126.0
299.0, 159.0, 119.0, 126.0
264.0, 152.0, 117.0, 128.0
236.0, 143.0, 114.0, 128.0
224.0, 142.0, 107.0, 127.0
237.0, 148.0, 119.0, 130.0
278.0, 165.0, 117.0, 132.0
309.0, 184.0, 110.0, 131.0
328.0, 197.0, 112.0, 127.0
338.0, 209.0, 107.0, 127.0
316.0, 218.0, 113.0, 129.0
287.0, 233.0, 113.0, 128.0
259.0, 242.0, 112.0, 123.0
243.0, 229.0, 109.0, 133.0
243.0, 205.0, 108.0, 138.0
267.0, 194.0, 118.0, 126.0
304.0, 195.0, 116.0, 126.0
335.0, 208.0, 116.0, 127.0
366.0, 215.0, 110.0, 125.0
359.0, 212.0, 115.0, 126.0
314.0, 199.0, 122.0, 127.0
268.0, 182.0, 118.0, 131.0
242.0, 163.0, 111.0, 134.0
239.0, 151.0, 108.0, 131.0
262.0, 146.0, 119.0, 126.0
290.0, 151.0, 113.0, 137.0
314.0, 174.0, 116.0, 132.0
343.0, 190.0, 110.0, 130.0
337.0, 204.0, 113.0, 125.0
302.0, 202.0, 121.0, 127.0
257.0, 189.0, 121.0, 131.0
209.0, 167.0, 123.0, 135.0
166.0, 152.0, 121.0, 133.0
149.0, 143.0, 111.0, 134.0
153.0, 137.0, 117.0, 131.0
182.0, 132.0, 121.0, 127.0
216.0, 138.0, 118.0, 132.0
249.0, 155.0, 117.0, 136.0
285.0, 182.0, 116.0, 139.0
311.0, 215.0, 111.0, 138.0
323.0, 240.0, 105.0, 137.0
291.0, 265.0, 117.0, 128.0
244.0, 274.0, 120.0, 126.0
206.0, 264.0, 119.0, 131.0
180.0, 232.0, 111.0, 143.0
188.0, 200.0, 113.0, 141.0
224.0, 182.0, 116.0, 130.0
255.0, 179.0, 113.0, 131.0
279.0, 201.0, 112.0, 137.0
299.0, 225.0, 110.0, 133.0
303.0, 248.0, 107.0, 131.0
279.0, 261.0, 114.0, 123.0
241.0, 246.0, 118.0, 131.0
210.0, 203.0, 114.0, 146.0
206.0, 160.0, 110.0, 142.0
231.0, 141.0, 118.0, 128.0
267.0, 142.0, 115.0, 138.0
297.0, 176.0, 115.0, 142.0
326.0, 209.0, 113.0, 139.0
338.0, 241.0, 107.0, 129.0
306.0, 251.0, 120.0, 124.0
252.0, 245.0, 124.0, 128.0
195.0, 218.0, 123.0, 137.0
172.0, 186.0, 110.0, 146.0
183.0, 161.0, 117.0, 140.0
224.0, 149.0, 121.0, 129.0
263.0, 148.0, 118.0, 131.0
294.0, 163.0, 116.0, 131.0
318.0, 179.0, 108.0, 132.0
314.0, 194.0, 109.0, 128.0
298.0, 208.0, 110.0, 126.0
270.0, 201.0, 119.0, 131.0
221.0, 176.0, 120.0, 135.0
210.0, 157.0, 111.0, 136.0
237.0, 150.0, 122.0, 128.0
286.0, 152.0, 123.0, 130.0
329.0, 166.0, 118.0, 133.0
360.0, 185.0, 113.0, 128.0
360.0, 188.0, 114.0, 127.0
332.0, 179.0, 119.0, 128.0
296.0, 169.0, 121.0, 130.0
246.0, 154.0, 125.0, 133.0
201.0, 151.0, 119.0, 131.0
196.0, 151.0, 111.0, 129.0
210.0, 150.0, 118.0, 129.0
245.0, 153.0, 123.0, 131.0
286.0, 163.0, 122.0, 131.0
329.0, 172.0, 124.0, 130.0
376.0, 179.0, 121.0, 128.0
397.0, 186.0, 109.0, 127.0
384.0, 183.0, 114.0, 127.0
349.0, 173.0, 122.0, 129.0
295.0, 160.0, 124.0, 131.0
230.0, 145.0, 126.0, 132.0
166.0, 136.0, 125.0, 131.0
120.0, 137.0, 122.0, 131.0
104.0, 140.0, 114.0, 134.0
115.0, 147.0, 121.0, 132.0
153.0, 151.0, 124.0, 130.0
201.0, 153.0, 124.0, 130.0
257.0, 157.0, 124.0, 130.0
316.0, 169.0, 124.0, 128.0
359.0, 179.0, 119.0, 127.0
382.0, 189.0, 111.0, 125.0
374.0, 188.0, 114.0, 125.0
343.0, 180.0, 120.0, 126.0
302.0, 168.0, 122.0, 130.0
262.0, 154.0, 119.0, 131.0
249.0, 148.0, 110.0, 128.0
253.0, 149.0, 116.0, 132.0
280.0, 159.0, 123.0, 133.0
318.0, 172.0, 122.0, 132.0
351.0, 188.0, 118.0, 128.0
374.0, 198.0, 114.0, 126.0
383.0, 205.0, 108.0, 128.0
369.0, 215.0, 110.0, 138.0
358.0, 237.0, 108.0, 139.0
351.0, 262.0, 108.0, 132.0
339.0, 265.0, 109.0, 130.0
329.0, 233.0, 111.0, 144.0
310.0, 186.0, 114.0, 147.0
292.0, 130.0, 113.0, 150.0
298.0, 94.0, 110.0, 145.0
291.0, 91.0, 114.0, 130.0
284.0, 105.0, 110.0, 145.0
280.0, 148.0, 111.0, 151.0
276.0, 207.0, 111.0, 149.0
288.0, 250.0, 109.0, 142.0
293.0, 279.0, 106.0, 124.0
291.0, 259.0, 106.0, 141.0
286.0, 216.0, 111.0, 151.0
288.0, 164.0, 111.0, 150.0
301.0, 121.0, 110.0, 144.0
293.0, 111.0, 113.0, 129.0
283.0, 118.0, 112.0, 144.0
270.0, 159.0, 112.0, 152.0
269.0, 216.0, 111.0, 152.0
269.0, 260.0, 108.0, 140.0
268.0, 267.0, 106.0, 137.0
275.0, 223.0, 111.0, 147.0
290.0, 173.0, 111.0, 147.0
291.0, 151.0, 109.0, 136.0
305.0, 148.0, 116.0, 128.0
311.0, 155.0, 110.0, 134.0
287.0, 171.0, 115.0, 134.0
273.0, 180.0, 111.0, 129.0
266.0, 155.0, 109.0, 144.0
270.0, 137.0, 114.0, 134.0
287.0, 134.0, 109.0, 141.0
296.0, 165.0, 116.0, 142.0
329.0, 201.0, 113.0, 137.0
340.0, 226.0, 107.0, 138.0
319.0, 244.0, 116.0, 125.0
295.0, 221.0, 114.0, 141.0
272.0, 167.0, 113.0, 147.0
260.0, 123.0, 109.0, 142.0
268.0, 124.0, 115.0, 139.0
297.0, 161.0, 116.0, 146.0
328.0, 205.0, 115.0, 136.0
341.0, 231.0, 108.0, 129.0
311.0, 222.0, 118.0, 135.0
277.0, 183.0, 117.0, 149.0
262.0, 129.0, 113.0, 151.0
267.0, 112.0, 116.0, 130.0
288.0, 124.0, 120.0, 149.0
317.0, 166.0, 118.0, 144.0
341.0, 200.0, 109.0, 137.0
328.0, 219.0, 117.0, 127.0
290.0, 209.0, 123.0, 133.0
251.0, 187.0, 122.0, 139.0
228.0, 163.0, 113.0, 143.0
226.0, 159.0, 111.0, 128.0
240.0, 159.0, 119.0, 134.0
266.0, 174.0, 118.0, 143.0
292.0, 201.0, 115.0, 136.0
314.0, 220.0, 111.0, 132.0
316.0, 232.0, 109.0, 124.0
294.0, 231.0, 117.0, 127.0
266.0, 211.0, 116.0, 139.0
259.0, 199.0, 107.0, 130.0
269.0, 198.0, 121.0, 129.0
307.0, 207.0, 120.0, 132.0
331.0, 222.0, 111.0, 131.0
341.0, 228.0, 110.0, 126.0
334.0, 219.0, 115.0, 127.0
303.0, 208.0, 119.0, 131.0
276.0, 187.0, 116.0, 136.0
263.0, 175.0, 110.0, 134.0
270.0, 169.0, 118.0, 130.0
304.0, 166.0, 116.0, 128.0
315.0, 174.0, 108.0, 135.0
323.0, 186.0, 113.0, 127.0
320.0, 192.0, 115.0, 126.0
281.0, 190.0, 123.0, 128.0
245.0, 176.0, 120.0, 133.0
215.0, 158.0, 118.0, 135.0
208.0, 153.0, 111.0, 130.0
229.0, 155.0, 122.0, 134.0
263.0, 170.0, 116.0, 137.0
282.0, 191.0, 113.0, 134.0
303.0, 205.0, 114.0, 129.0
306.0, 214.0, 112.0, 125.0
285.0, 208.0, 115.0, 129.0
263.0, 186.0, 115.0, 138.0
254.0, 182.0, 108.0, 127.0
272.0, 183.0, 123.0, 131.0
310.0, 198.0, 115.0, 133.0
327.0, 214.0, 111.0, 128.0
337.0, 218.0, 107.0, 127.0
320.0, 209.0, 115.0, 129.0
295.0, 193.0, 118.0, 133.0
262.0, 179.0, 120.0, 132.0
251.0, 176.0, 108.0, 128.0
263.0, 176.0, 120.0, 128.0
291.0, 184.0, 113.0, 135.0
306.0, 200.0, 112.0, 130.0
327.0, 202.0, 112.0, 130.0
325.0, 189.0, 115.0, 137.0
303.0, 172.0, 114.0, 141.0
280.0, 148.0, 114.0, 145.0
269.0, 128.0, 110.0, 141.0
266.0, 127.0, 111.0, 141.0
271.0, 149.0, 111.0, 144.0
275.0, 174.0, 110.0, 143.0
276.0, 191.0, 109.0, 135.0
261.0, 197.0, 115.0, 134.0
239.0, 194.0, 118.0, 134.0
224.0, 179.0, 117.0, 138.0
217.0, 176.0, 115.0, 136.0
233.0, 184.0, 125.0, 144.0
270.0, 200.0, 124.0, 149.0
299.0, 221.0, 123.0, 146.0
324.0, 231.0, 120.0, 143.0
330.0, 232.0, 116.0, 142.0
319.0, 230.0, 119.0, 141.0
305.0, 218.0, 119.0, 145.0
297.0, 215.0, 118.0, 137.0
287.0, 217.0, 117.0, 137.0
287.0, 224.0, 115.0, 138.0
289.0, 231.0, 115.0, 137.0
284.0, 232.0, 116.0, 137.0
274.0, 225.0, 119.0, 140.0
258.0, 211.0, 118.0, 144.0
253.0, 202.0, 114.0, 139.0
256.0, 205.0, 118.0, 143.0
276.0, 219.0, 121.0, 140.0
298.0, 228.0, 117.0, 136.0
313.0, 224.0, 113.0, 137.0
310.0, 213.0, 112.0, 143.0
300.0, 186.0, 115.0, 155.0
295.0, 164.0, 113.0, 150.0
299.0, 164.0, 116.0, 139.0
313.0, 174.0, 115.0, 151.0
324.0, 195.0, 115.0, 147.0
335.0, 211.0, 111.0, 140.0
329.0, 220.0, 115.0, 135.0
307.0, 208.0, 117.0, 141.0
289.0, 179.0, 117.0, 155.0
270.0, 141.0, 119.0, 160.0
261.0, 131.0, 113.0, 140.0
266.0, 136.0, 114.0, 159.0
271.0, 168.0, 113.0, 156.0
274.0, 194.0, 112.0, 152.0
264.0, 219.0, 110.0, 136.0
265.0, 206.0, 114.0, 146.0
285.0, 203.0, 118.0, 134.0
312.0, 213.0, 114.0, 139.0
330.0, 224.0, 115.0, 133.0
337.0, 217.0, 113.0, 135.0
310.0, 203.0, 122.0, 138.0
278.0, 187.0, 124.0, 142.0
256.0, 170.0, 115.0, 138.0
253.0, 171.0, 113.0, 133.0
272.0, 179.0, 121.0, 137.0
298.0, 193.0, 115.0, 142.0
311.0, 213.0, 114.0, 132.0
328.0, 220.0, 114.0, 128.0
334.0, 220.0, 109.0, 129.0
327.0, 214.0, 112.0, 129.0
310.0, 210.0, 116.0, 127.0
303.0, 210.0, 110.0, 128.0
305.0, 214.0, 109.0, 128.0
308.0, 218.0, 108.0, 129.0
305.0, 225.0, 109.0, 128.0
