125,86,15,16
126,86,14,15
127,84,15,16
130,83,15,16
131,83,15,16
130,81,16,17
132,82,16,17
133,81,16,17
136,81,15,16
138,82,16,17
140,82,15,16
142,82,15,16
144,82,15,16
146,83,15,16
147,83,15,16
149,83,15,16
149,82,15,16
151,81,15,16
153,80,15,16
153,78,15,16
154,78,15,16
155,77,16,17
156,76,16,17
156,74,16,17
158,74,16,17
158,74,16,17
158,74,16,17
160,74,15,16
161,74,15,16
163,74,15,16
164,74,15,16
165,74,15,16
165,73,16,17
165,73,16,17
164,72,16,17
166,72,16,17
165,71,17,18
166,71,17,18
166,73,17,19
166,73,17,18
166,75,18,19
168,75,17,19
165,73,18,19
168,77,17,19
180,79,17,18
188,77,18,19
186,68,17,19
169,78,18,19
170,77,17,19
169,86,17,19
161,96,17,18
168,90,17,18
174,78,17,19
175,78,17,18
176,78,17,18
176,78,17,18
176,79,18,19
178,81,17,19
179,82,17,18
179,82,17,18
179,84,17,18
181,85,17,19
181,85,17,18
183,85,17,18
183,85,17,18
184,85,17,18
185,86,17,18
187,85,17,18
196,82,16,18
191,82,16,18
188,85,16,17
188,83,16,17
188,81,16,17
189,80,15,16
189,78,15,16
189,76,15,16
189,75,15,16
189,73,15,16
190,71,15,16
189,71,15,16
189,70,15,16
188,70,15,16
186,70,16,17
186,70,16,17
184,71,16,17
184,73,16,17
183,74,15,16
180,75,16,17
177,75,16,17
175,75,17,18
173,76,16,17
171,77,16,18
168,77,17,18
165,77,17,18
163,77,17,18
162,77,17,18
161,76,17,18
160,76,17,19
158,76,18,19
158,74,17,18
157,74,18,19
157,74,17,19
156,73,17,19
155,73,18,19
155,72,18,20
154,73,18,19
153,72,18,20
152,72,18,20
151,73,18,19
150,73,18,19
149,74,19,20
148,74,18,20
146,76,19,20
144,76,19,20
142,78,20,21
139,79,20,21
139,82,19,21
135,83,20,21
134,87,20,21
133,88,20,22
130,92,21,22
129,96,20,22
128,101,21,22
126,104,21,22
124,108,22,23
124,111,21,22
123,114,21,22
122,117,21,23
120,119,22,23
120,121,22,23
119,123,22,23
117,122,23,24
117,122,23,24
116,121,23,25
114,118,23,25
113,114,24,25
112,110,23,25
111,104,23,24
110,98,23,25
109,93,23,24
108,87,22,24
113,80,22,24
110,80,22,23
111,79,21,22
113,78,21,22
115,76,20,22
118,74,21,22
104,66,21,22
101,66,21,22
101,69,21,22
100,69,21,23
98,68,21,22
97,69,21,23
95,69,22,23
92,66,22,23
92,65,21,22
92,66,21,22
91,67,21,23
79,61,22,23
89,66,22,24
90,64,23,24
90,65,23,24
90,66,22,24
91,66,23,25
91,66,23,25
92,66,24,25
94,66,24,25
96,68,24,25
98,67,24,26
101,67,25,26
103,67,25,27
105,65,24,26
107,65,25,27
107,63,25,27
110,63,25,27
112,63,24,26
115,63,24,26
118,65,25,26
122,68,25,27
124,69,24,26
128,72,25,27
131,77,24,26
134,81,25,26
137,85,25,26
138,89,24,26
141,95,24,26
145,98,24,26
146,103,24,26
148,107,24,26
150,111,24,26
151,114,24,26
152,117,25,26
151,119,25,26
151,120,25,27
151,120,25,27
151,120,25,27
148,117,26,28
147,114,25,27
142,110,26,28
140,103,26,28
137,99,26,27
132,92,26,28
129,86,27,29
124,81,27,29
121,77,26,28
117,71,27,29
113,68,28,30
111,68,28,29
110,65,27,29
108,64,28,29
106,64,28,29
104,62,27,29
103,62,28,29
103,62,27,29
101,61,28,29
100,60,28,30
99,59,28,30
98,58,29,31
97,58,28,30
96,57,28,30
94,56,28,30
93,57,28,30
91,58,28,29
88,58,28,30
87,61,28,30
85,63,28,30
83,66,29,31
80,70,29,31
77,73,28,30
75,78,27,29
71,80,28,30
69,84,28,30
66,87,29,31
63,90,29,31
60,93,29,31
58,96,29,31
56,99,28,30
55,101,28,30
54,104,29,31
46,119,30,32
47,113,29,31
48,103,29,31
47,100,30,32
47,96,30,32
47,92,30,32
47,88,30,32
48,84,31,33
49,79,31,33
50,74,30,32
51,69,31,33
52,63,32,34
55,59,32,35
57,55,32,34
59,53,32,35
60,51,33,35
61,50,34,36
61,50,34,37
60,50,34,36
59,51,35,37
58,50,34,36
55,50,35,38
52,52,34,36
48,55,33,35
41,56,33,35
36,56,33,36
29,59,33,36
20,60,34,37
13,61,35,37
4,62,36,38
-1,63,35,37
-7,62,34,36
-11,60,35,37
-14,57,35,37
-18,52,36,38
-18,49,34,37
-19,47,34,36
-20,42,35,38
-18,41,35,38
-21,46,35,37
-22,46,36,38
-23,38,37,39
-22,38,36,39
-22,36,37,39
