405.0, 256.0, 122.0, 148.0
408.0, 254.0, 122.0, 149.0
407.0, 254.0, 125.0, 149.0
411.0, 250.0, 124.0, 153.0
414.0, 245.0, 124.0, 154.0
416.0, 242.0, 126.0, 153.0
420.0, 237.0, 124.0, 156.0
420.0, 230.0, 125.0, 161.0
418.0, 224.0, 128.0, 161.0
411.0, 221.0, 130.0, 158.0
402.0, 219.0, 132.0, 159.0
392.0, 209.0, 131.0, 163.0
387.0, 199.0, 129.0, 164.0
379.0, 190.0, 132.0, 162.0
368.0, 187.0, 132.0, 158.0
357.0, 184.0, 132.0, 159.0
349.0, 183.0, 131.0, 158.0
341.0, 180.0, 132.0, 158.0
336.0, 181.0, 130.0, 157.0
333.0, 182.0, 127.0, 156.0
327.0, 183.0, 129.0, 156.0
322.0, 183.0, 128.0, 155.0
321.0, 183.0, 124.0, 155.0
319.0, 183.0, 123.0, 154.0
309.0, 184.0, 128.0, 151.0
303.0, 181.0, 125.0, 151.0
299.0, 177.0, 122.0, 152.0
290.0, 174.0, 125.0, 150.0
280.0, 169.0, 123.0, 149.0
275.0, 164.0, 119.0, 146.0
273.0, 156.0, 115.0, 147.0
272.0, 145.0, 114.0, 150.0
271.0, 132.0, 114.0, 145.0
273.0, 122.0, 113.0, 147.0
277.0, 110.0, 112.0, 140.0
280.0, 100.0, 116.0, 136.0
289.0, 92.0, 112.0, 134.0
295.0, 81.0, 111.0, 138.0
300.0, 71.0, 113.0, 135.0
309.0, 63.0, 112.0, 131.0
316.0, 61.0, 106.0, 128.0
316.0, 62.0, 106.0, 127.0
313.0, 63.0, 106.0, 126.0
311.0, 66.0, 104.0, 125.0
308.0, 69.0, 105.0, 126.0
306.0, 74.0, 104.0, 126.0
303.0, 80.0, 104.0, 124.0
296.0, 84.0, 105.0, 125.0
291.0, 90.0, 106.0, 124.0
286.0, 94.0, 105.0, 124.0
277.0, 99.0, 108.0, 122.0
268.0, 104.0, 108.0, 122.0
264.0, 106.0, 105.0, 123.0
262.0, 107.0, 103.0, 126.0
260.0, 111.0, 103.0, 124.0
260.0, 114.0, 103.0, 125.0
259.0, 115.0, 103.0, 123.0
259.0, 116.0, 103.0, 123.0
257.0, 114.0, 103.0, 124.0
256.0, 113.0, 104.0, 123.0
256.0, 113.0, 102.0, 125.0
255.0, 115.0, 102.0, 124.0
254.0, 115.0, 102.0, 124.0
253.0, 115.0, 103.0, 123.0
253.0, 113.0, 103.0, 122.0
257.0, 109.0, 102.0, 123.0
258.0, 106.0, 103.0, 125.0
258.0, 103.0, 104.0, 126.0
259.0, 100.0, 103.0, 126.0
258.0, 96.0, 103.0, 129.0
256.0, 94.0, 105.0, 129.0
258.0, 94.0, 104.0, 126.0
259.0, 92.0, 104.0, 126.0
258.0, 93.0, 106.0, 125.0
259.0, 92.0, 105.0, 125.0
260.0, 91.0, 105.0, 125.0
260.0, 91.0, 106.0, 125.0
263.0, 91.0, 104.0, 125.0
263.0, 91.0, 105.0, 125.0
264.0, 90.0, 105.0, 126.0
266.0, 91.0, 105.0, 124.0
267.0, 91.0, 107.0, 126.0
271.0, 90.0, 108.0, 126.0
275.0, 90.0, 108.0, 126.0
281.0, 90.0, 108.0, 125.0
288.0, 90.0, 108.0, 125.0
294.0, 90.0, 108.0, 126.0
300.0, 91.0, 108.0, 125.0
305.0, 90.0, 107.0, 125.0
309.0, 87.0, 108.0, 126.0
313.0, 85.0, 107.0, 127.0
316.0, 82.0, 106.0, 128.0
319.0, 78.0, 105.0, 129.0
319.0, 73.0, 107.0, 132.0
321.0, 71.0, 105.0, 132.0
319.0, 70.0, 108.0, 130.0
320.0, 70.0, 109.0, 130.0
323.0, 70.0, 108.0, 130.0
326.0, 71.0, 108.0, 132.0
329.0, 74.0, 108.0, 134.0
329.0, 77.0, 108.0, 136.0
324.0, 79.0, 111.0, 136.0
322.0, 85.0, 110.0, 136.0
321.0, 91.0, 109.0, 140.0
316.0, 100.0, 113.0, 137.0
309.0, 107.0, 113.0, 139.0
301.0, 120.0, 113.0, 144.0
297.0, 134.0, 112.0, 142.0
291.0, 145.0, 112.0, 141.0
285.0, 154.0, 113.0, 138.0
279.0, 165.0, 111.0, 138.0
274.0, 171.0, 112.0, 142.0
269.0, 181.0, 114.0, 140.0
259.0, 189.0, 117.0, 139.0
250.0, 197.0, 118.0, 142.0
242.0, 206.0, 118.0, 140.0
235.0, 214.0, 117.0, 139.0
228.0, 219.0, 117.0, 142.0
222.0, 224.0, 117.0, 143.0
219.0, 230.0, 117.0, 144.0
215.0, 234.0, 117.0, 144.0
213.0, 238.0, 119.0, 144.0
212.0, 239.0, 119.0, 143.0
214.0, 237.0, 125.0, 143.0
223.0, 239.0, 122.0, 141.0
227.0, 238.0, 120.0, 144.0
230.0, 239.0, 122.0, 147.0
233.0, 242.0, 126.0, 144.0
240.0, 242.0, 128.0, 144.0
249.0, 244.0, 129.0, 149.0
257.0, 248.0, 130.0, 149.0
269.0, 251.0, 128.0, 148.0
276.0, 253.0, 129.0, 149.0
285.0, 257.0, 130.0, 149.0
295.0, 258.0, 130.0, 148.0
305.0, 253.0, 128.0, 151.0
312.0, 247.0, 128.0, 151.0
318.0, 242.0, 129.0, 149.0
323.0, 237.0, 128.0, 151.0
325.0, 227.0, 127.0, 159.0
322.0, 221.0, 127.0, 155.0
320.0, 216.0, 127.0, 154.0
316.0, 211.0, 130.0, 154.0
298.0, 209.0, 138.0, 151.0
286.0, 206.0, 138.0, 152.0
277.0, 202.0, 134.0, 153.0
267.0, 200.0, 134.0, 151.0
251.0, 197.0, 138.0, 151.0
234.0, 193.0, 139.0, 151.0
221.0, 189.0, 136.0, 151.0
211.0, 186.0, 135.0, 157.0
195.0, 183.0, 141.0, 153.0
180.0, 179.0, 140.0, 153.0
168.0, 173.0, 135.0, 153.0
164.0, 167.0, 130.0, 156.0
165.0, 162.0, 125.0, 153.0
167.0, 154.0, 125.0, 153.0
169.0, 147.0, 123.0, 153.0
168.0, 147.0, 125.0, 149.0
168.0, 147.0, 127.0, 146.0
174.0, 143.0, 125.0, 146.0
179.0, 141.0, 123.0, 146.0
184.0, 139.0, 123.0, 144.0
190.0, 136.0, 119.0, 144.0
193.0, 134.0, 119.0, 143.0
196.0, 135.0, 117.0, 141.0
197.0, 130.0, 115.0, 143.0
198.0, 130.0, 116.0, 141.0
201.0, 132.0, 115.0, 137.0
200.0, 129.0, 116.0, 139.0
204.0, 130.0, 114.0, 139.0
206.0, 134.0, 118.0, 138.0
212.0, 139.0, 121.0, 141.0
222.0, 145.0, 112.0, 137.0
227.0, 148.0, 113.0, 138.0
233.0, 154.0, 114.0, 133.0
242.0, 157.0, 110.0, 131.0
246.0, 157.0, 109.0, 130.0
251.0, 156.0, 106.0, 129.0
253.0, 153.0, 106.0, 131.0
253.0, 149.0, 106.0, 131.0
251.0, 144.0, 106.0, 130.0
248.0, 137.0, 106.0, 134.0
247.0, 130.0, 105.0, 131.0
244.0, 122.0, 107.0, 130.0
246.0, 110.0, 105.0, 132.0
247.0, 98.0, 103.0, 132.0
248.0, 87.0, 103.0, 129.0
247.0, 76.0, 102.0, 131.0
247.0, 66.0, 100.0, 128.0
248.0, 56.0, 99.0, 128.0
249.0, 49.0, 100.0, 123.0
253.0, 45.0, 106.0, 115.0
266.0, 42.0, 107.0, 114.0
278.0, 41.0, 108.0, 115.0
292.0, 46.0, 107.0, 119.0
305.0, 53.0, 107.0, 115.0
320.0, 58.0, 104.0, 118.0
332.0, 65.0, 105.0, 117.0
344.0, 72.0, 103.0, 113.0
355.0, 76.0, 101.0, 114.0
367.0, 81.0, 99.0, 110.0
374.0, 87.0, 98.0, 111.0
382.0, 91.0, 95.0, 113.0
387.0, 99.0, 95.0, 112.0
392.0, 107.0, 91.0, 108.0
392.0, 113.0, 92.0, 111.0
391.0, 121.0, 90.0, 111.0
385.0, 131.0, 93.0, 109.0
375.0, 138.0, 95.0, 104.0
363.0, 146.0, 97.0, 101.0
355.0, 149.0, 95.0, 102.0
345.0, 152.0, 95.0, 99.0
338.0, 155.0, 92.0, 101.0
329.0, 156.0, 94.0, 101.0
321.0, 159.0, 93.0, 99.0
313.0, 161.0, 92.0, 98.0
300.0, 164.0, 95.0, 100.0
289.0, 168.0, 95.0, 101.0
279.0, 169.0, 93.0, 103.0
268.0, 170.0, 95.0, 102.0
256.0, 171.0, 96.0, 102.0
247.0, 171.0, 95.0, 103.0
239.0, 174.0, 93.0, 104.0
227.0, 180.0, 95.0, 105.0
214.0, 187.0, 97.0, 106.0
204.0, 193.0, 95.0, 107.0
195.0, 199.0, 96.0, 111.0
187.0, 206.0, 94.0, 112.0
176.0, 213.0, 96.0, 113.0
165.0, 221.0, 99.0, 113.0
153.0, 229.0, 99.0, 111.0
144.0, 232.0, 99.0, 113.0
138.0, 233.0, 97.0, 114.0
134.0, 234.0, 96.0, 112.0
129.0, 234.0, 97.0, 115.0
126.0, 235.0, 97.0, 115.0
125.0, 232.0, 95.0, 118.0
123.0, 229.0, 96.0, 118.0
125.0, 226.0, 97.0, 118.0
125.0, 221.0, 99.0, 117.0
128.0, 221.0, 99.0, 116.0
132.0, 220.0, 99.0, 117.0
134.0, 221.0, 102.0, 118.0
139.0, 222.0, 104.0, 116.0
149.0, 222.0, 102.0, 119.0
153.0, 222.0, 102.0, 122.0
155.0, 221.0, 105.0, 120.0
160.0, 221.0, 108.0, 125.0
163.0, 221.0, 107.0, 128.0
168.0, 225.0, 105.0, 136.0
167.0, 225.0, 107.0, 139.0
168.0, 229.0, 110.0, 139.0
165.0, 229.0, 114.0, 143.0
162.0, 230.0, 117.0, 144.0
161.0, 232.0, 120.0, 146.0
159.0, 232.0, 124.0, 148.0
159.0, 231.0, 127.0, 148.0
157.0, 232.0, 127.0, 147.0
157.0, 231.0, 130.0, 152.0
159.0, 234.0, 131.0, 151.0
156.0, 231.0, 135.0, 153.0
159.0, 228.0, 137.0, 154.0
161.0, 226.0, 137.0, 156.0
161.0, 223.0, 140.0, 160.0
161.0, 216.0, 140.0, 163.0
164.0, 214.0, 141.0, 166.0
164.0, 208.0, 142.0, 169.0
163.0, 203.0, 144.0, 167.0
165.0, 200.0, 145.0, 165.0
171.0, 190.0, 144.0, 174.0
178.0, 184.0, 142.0, 176.0
178.0, 175.0, 142.0, 178.0
180.0, 170.0, 143.0, 176.0
185.0, 164.0, 150.0, 173.0
191.0, 157.0, 150.0, 175.0
201.0, 151.0, 142.0, 174.0
204.0, 151.0, 145.0, 172.0
211.0, 149.0, 143.0, 170.0
218.0, 149.0, 139.0, 170.0
221.0, 148.0, 139.0, 168.0
225.0, 145.0, 139.0, 167.0
230.0, 147.0, 137.0, 165.0
233.0, 146.0, 134.0, 165.0
233.0, 146.0, 132.0, 164.0
233.0, 146.0, 130.0, 161.0
235.0, 144.0, 131.0, 157.0
238.0, 145.0, 128.0, 159.0
240.0, 145.0, 127.0, 160.0
241.0, 146.0, 126.0, 157.0
242.0, 146.0, 127.0, 158.0
244.0, 148.0, 125.0, 155.0
242.0, 146.0, 127.0, 155.0
235.0, 148.0, 132.0, 152.0
232.0, 148.0, 130.0, 156.0
227.0, 150.0, 131.0, 153.0
225.0, 148.0, 131.0, 158.0
225.0, 147.0, 131.0, 155.0
226.0, 150.0, 129.0, 157.0
224.0, 156.0, 130.0, 155.0
224.0, 158.0, 130.0, 159.0
224.0, 164.0, 131.0, 159.0
224.0, 167.0, 133.0, 159.0
225.0, 169.0, 137.0, 162.0
230.0, 171.0, 137.0, 166.0
230.0, 172.0, 138.0, 170.0
232.0, 176.0, 140.0, 174.0
232.0, 177.0, 146.0, 176.0
232.0, 179.0, 148.0, 176.0
231.0, 178.0, 151.0, 178.0
233.0, 176.0, 153.0, 181.0
232.0, 175.0, 155.0, 183.0
231.0, 175.0, 157.0, 183.0
229.0, 172.0, 160.0, 185.0
228.0, 169.0, 161.0, 187.0
230.0, 163.0, 167.0, 188.0
236.0, 161.0, 168.0, 186.0
243.0, 162.0, 169.0, 193.0
246.0, 163.0, 171.0, 192.0
248.0, 164.0, 175.0, 191.0
255.0, 162.0, 173.0, 191.0
266.0, 162.0, 169.0, 200.0
272.0, 168.0, 169.0, 204.0
272.0, 174.0, 173.0, 210.0
272.0, 179.0, 174.0, 207.0
273.0, 184.0, 178.0, 207.0
271.0, 186.0, 182.0, 208.0
268.0, 185.0, 181.0, 204.0
261.0, 188.0, 186.0, 211.0
257.0, 190.0, 185.0, 208.0
255.0, 189.0, 183.0, 208.0
251.0, 191.0, 187.0, 211.0
251.0, 190.0, 185.0, 212.0
251.0, 190.0, 185.0, 214.0
252.0, 185.0, 184.0, 214.0
253.0, 180.0, 185.0, 217.0
258.0, 177.0, 183.0, 212.0
264.0, 170.0, 181.0, 213.0
265.0, 165.0, 181.0, 216.0
267.0, 162.0, 177.0, 210.0
269.0, 158.0, 179.0, 212.0
271.0, 153.0, 173.0, 207.0
266.0, 146.0, 178.0, 209.0
262.0, 142.0, 179.0, 208.0
257.0, 138.0, 181.0, 207.0
248.0, 129.0, 183.0, 205.0
249.0, 123.0, 179.0, 211.0
249.0, 117.0, 175.0, 209.0
251.0, 114.0, 174.0, 202.0
257.0, 113.0, 172.0, 203.0
257.0, 115.0, 176.0, 198.0
261.0, 117.0, 176.0, 198.0
266.0, 119.0, 169.0, 195.0
268.0, 122.0, 168.0, 199.0
272.0, 124.0, 162.0, 201.0
272.0, 132.0, 161.0, 199.0
271.0, 139.0, 158.0, 200.0
270.0, 149.0, 161.0, 201.0
261.0, 156.0, 169.0, 195.0
248.0, 159.0, 177.0, 197.0
232.0, 165.0, 181.0, 197.0
207.0, 169.0, 185.0, 192.0
187.0, 172.0, 187.0, 193.0
169.0, 170.0, 181.0, 193.0
163.0, 170.0, 174.0, 197.0
153.0, 169.0, 175.0, 196.0
135.0, 168.0, 180.0, 193.0
130.0, 163.0, 172.0, 193.0
128.0, 159.0, 168.0, 193.0
128.0, 156.0, 164.0, 192.0
124.0, 156.0, 165.0, 188.0
120.0, 151.0, 161.0, 187.0
122.0, 147.0, 155.0, 190.0
123.0, 144.0, 154.0, 189.0
113.0, 139.0, 157.0, 189.0
112.0, 135.0, 154.0, 193.0
111.0, 130.0, 149.0, 190.0
111.0, 128.0, 148.0, 188.0
110.0, 122.0, 141.0, 185.0
110.0, 123.0, 139.0, 181.0
110.0, 121.0, 137.0, 179.0
107.0, 115.0, 138.0, 179.0
104.0, 115.0, 141.0, 174.0
110.0, 109.0, 142.0, 172.0
114.0, 111.0, 139.0, 169.0
122.0, 107.0, 138.0, 168.0
129.0, 108.0, 142.0, 167.0
140.0, 113.0, 138.0, 166.0
152.0, 116.0, 137.0, 166.0
166.0, 119.0, 138.0, 167.0
181.0, 123.0, 136.0, 164.0
191.0, 126.0, 136.0, 163.0
200.0, 133.0, 133.0, 154.0
210.0, 135.0, 131.0, 153.0
221.0, 137.0, 126.0, 152.0
240.0, 140.0, 116.0, 149.0
240.0, 134.0, 121.0, 149.0
251.0, 134.0, 119.0, 150.0
257.0, 133.0, 118.0, 150.0
263.0, 141.0, 120.0, 147.0
271.0, 132.0, 124.0, 150.0
285.0, 141.0, 122.0, 145.0
297.0, 144.0, 121.0, 144.0
312.0, 144.0, 119.0, 145.0
325.0, 153.0, 117.0, 140.0
337.0, 143.0, 119.0, 147.0
347.0, 145.0, 121.0, 145.0
360.0, 144.0, 118.0, 143.0
373.0, 140.0, 115.0, 142.0
383.0, 135.0, 116.0, 142.0
394.0, 139.0, 114.0, 136.0
402.0, 138.0, 112.0, 138.0
411.0, 136.0, 111.0, 138.0
416.0, 141.0, 111.0, 135.0
422.0, 141.0, 108.0, 137.0
420.0, 135.0, 108.0, 137.0
423.0, 141.0, 109.0, 136.0
422.0, 139.0, 108.0, 134.0
420.0, 140.0, 110.0, 135.0
416.0, 144.0, 109.0, 135.0
413.0, 147.0, 107.0, 134.0
410.0, 148.0, 108.0, 136.0
401.0, 144.0, 111.0, 134.0
396.0, 147.0, 108.0, 135.0
390.0, 149.0, 108.0, 135.0
383.0, 149.0, 110.0, 130.0
374.0, 147.0, 110.0, 131.0
366.0, 149.0, 108.0, 133.0
359.0, 151.0, 109.0, 132.0
355.0, 153.0, 107.0, 133.0
350.0, 151.0, 108.0, 135.0
348.0, 158.0, 106.0, 136.0
342.0, 153.0, 109.0, 137.0
339.0, 158.0, 109.0, 137.0
332.0, 156.0, 112.0, 139.0
327.0, 155.0, 113.0, 140.0
321.0, 154.0, 113.0, 139.0
313.0, 148.0, 115.0, 139.0
307.0, 149.0, 116.0, 138.0
302.0, 145.0, 115.0, 139.0
299.0, 142.0, 114.0, 140.0
292.0, 137.0, 118.0, 138.0
291.0, 130.0, 116.0, 141.0
288.0, 128.0, 116.0, 141.0
287.0, 126.0, 116.0, 140.0
285.0, 121.0, 116.0, 139.0
285.0, 118.0, 114.0, 137.0
280.0, 115.0, 117.0, 137.0
277.0, 114.0, 119.0, 140.0
279.0, 108.0, 120.0, 140.0
283.0, 110.0, 119.0, 142.0
278.0, 114.0, 123.0, 140.0
288.0, 110.0, 119.0, 139.0
286.0, 116.0, 125.0, 142.0
295.0, 115.0, 120.0, 142.0
295.0, 119.0, 120.0, 142.0
293.0, 120.0, 121.0, 141.0
299.0, 119.0, 117.0, 137.0
308.0, 112.0, 115.0, 135.0
312.0, 115.0, 116.0, 135.0
313.0, 117.0, 117.0, 132.0
307.0, 119.0, 122.0, 136.0
306.0, 121.0, 122.0, 137.0
303.0, 121.0, 122.0, 139.0
303.0, 124.0, 122.0, 138.0
300.0, 121.0, 124.0, 140.0
292.0, 122.0, 128.0, 141.0
292.0, 118.0, 122.0, 145.0
283.0, 122.0, 129.0, 147.0
271.0, 121.0, 132.0, 150.0
271.0, 124.0, 128.0, 147.0
268.0, 122.0, 126.0, 148.0
265.0, 123.0, 128.0, 145.0
265.0, 120.0, 124.0, 142.0
260.0, 127.0, 125.0, 140.0
258.0, 124.0, 123.0, 143.0
254.0, 128.0, 125.0, 145.0
254.0, 128.0, 126.0, 148.0
258.0, 130.0, 127.0, 147.0
254.0, 127.0, 130.0, 149.0
263.0, 130.0, 127.0, 146.0
266.0, 137.0, 130.0, 147.0
270.0, 133.0, 132.0, 147.0
279.0, 128.0, 127.0, 147.0
285.0, 129.0, 125.0, 144.0
283.0, 127.0, 129.0, 148.0
287.0, 126.0, 132.0, 150.0
289.0, 130.0, 132.0, 145.0
289.0, 124.0, 133.0, 151.0
289.0, 120.0, 134.0, 154.0
288.0, 123.0, 136.0, 152.0
289.0, 119.0, 134.0, 150.0
284.0, 127.0, 138.0, 152.0
278.0, 127.0, 137.0, 155.0
275.0, 130.0, 139.0, 157.0
270.0, 133.0, 141.0, 157.0
258.0, 143.0, 142.0, 154.0
250.0, 147.0, 142.0, 156.0
243.0, 150.0, 139.0, 156.0
238.0, 153.0, 135.0, 157.0
236.0, 153.0, 133.0, 156.0
230.0, 157.0, 138.0, 155.0
224.0, 167.0, 138.0, 156.0
222.0, 167.0, 134.0, 157.0
223.0, 170.0, 133.0, 157.0
221.0, 175.0, 135.0, 157.0
220.0, 177.0, 133.0, 155.0
221.0, 176.0, 133.0, 155.0
224.0, 176.0, 131.0, 151.0
217.0, 176.0, 132.0, 152.0
219.0, 171.0, 132.0, 152.0
215.0, 173.0, 134.0, 155.0
212.0, 176.0, 134.0, 151.0
209.0, 177.0, 134.0, 148.0
209.0, 175.0, 134.0, 152.0
208.0, 170.0, 132.0, 151.0
203.0, 178.0, 136.0, 152.0
200.0, 181.0, 133.0, 152.0
198.0, 179.0, 131.0, 153.0
199.0, 180.0, 131.0, 154.0
201.0, 186.0, 131.0, 154.0
201.0, 183.0, 131.0, 151.0
206.0, 188.0, 129.0, 146.0
208.0, 185.0, 128.0, 147.0
207.0, 185.0, 132.0, 150.0
208.0, 183.0, 133.0, 148.0
212.0, 187.0, 131.0, 148.0
211.0, 192.0, 135.0, 151.0
212.0, 193.0, 133.0, 151.0
216.0, 188.0, 133.0, 150.0
214.0, 192.0, 136.0, 154.0
215.0, 193.0, 134.0, 153.0
217.0, 191.0, 133.0, 153.0
215.0, 192.0, 132.0, 153.0
214.0, 193.0, 131.0, 154.0
214.0, 193.0, 133.0, 158.0
214.0, 188.0, 131.0, 156.0
216.0, 189.0, 131.0, 156.0
209.0, 192.0, 132.0, 157.0
208.0, 194.0, 133.0, 157.0
209.0, 193.0, 132.0, 158.0
207.0, 196.0, 129.0, 156.0
206.0, 189.0, 127.0, 154.0
203.0, 189.0, 128.0, 157.0
207.0, 191.0, 126.0, 156.0
204.0, 195.0, 127.0, 157.0
205.0, 193.0, 127.0, 157.0
204.0, 189.0, 127.0, 155.0
205.0, 189.0, 127.0, 156.0
204.0, 192.0, 128.0, 159.0
205.0, 191.0, 127.0, 158.0
206.0, 189.0, 124.0, 157.0
207.0, 191.0, 122.0, 157.0
211.0, 184.0, 123.0, 160.0
210.0, 186.0, 123.0, 161.0
214.0, 182.0, 121.0, 160.0
206.0, 178.0, 122.0, 159.0
209.0, 180.0, 121.0, 159.0
205.0, 177.0, 123.0, 158.0
207.0, 176.0, 124.0, 160.0
206.0, 181.0, 125.0, 160.0
211.0, 180.0, 124.0, 159.0
213.0, 182.0, 122.0, 160.0
213.0, 179.0, 122.0, 158.0
217.0, 182.0, 121.0, 156.0
220.0, 188.0, 122.0, 155.0
218.0, 191.0, 124.0, 155.0
226.0, 194.0, 122.0, 155.0
224.0, 197.0, 123.0, 155.0
230.0, 197.0, 121.0, 158.0
229.0, 202.0, 122.0, 157.0
235.0, 198.0, 119.0, 155.0
239.0, 196.0, 115.0, 154.0
244.0, 197.0, 112.0, 151.0
238.0, 205.0, 113.0, 152.0
238.0, 204.0, 112.0, 150.0
239.0, 202.0, 110.0, 149.0
245.0, 205.0, 106.0, 147.0
237.0, 211.0, 108.0, 146.0
239.0, 218.0, 106.0, 143.0
241.0, 220.0, 103.0, 141.0
240.0, 218.0, 104.0, 142.0
238.0, 219.0, 103.0, 139.0
235.0, 223.0, 103.0, 138.0
233.0, 227.0, 103.0, 138.0
234.0, 217.0, 102.0, 138.0
231.0, 212.0, 105.0, 142.0
232.0, 214.0, 106.0, 142.0
228.0, 213.0, 105.0, 143.0
227.0, 214.0, 107.0, 144.0
227.0, 217.0, 108.0, 147.0
222.0, 214.0, 108.0, 145.0
226.0, 218.0, 106.0, 145.0
221.0, 215.0, 106.0, 142.0
221.0, 219.0, 105.0, 142.0
218.0, 217.0, 103.0, 138.0
219.0, 222.0, 105.0, 140.0
219.0, 217.0, 102.0, 137.0
218.0, 216.0, 102.0, 137.0
216.0, 216.0, 99.0, 136.0
210.0, 219.0, 103.0, 136.0
212.0, 219.0, 101.0, 138.0
208.0, 223.0, 101.0, 137.0
207.0, 227.0, 104.0, 135.0
212.0, 226.0, 110.0, 135.0
223.0, 227.0, 112.0, 136.0
229.0, 231.0, 110.0, 136.0
240.0, 227.0, 110.0, 136.0
245.0, 233.0, 111.0, 137.0
252.0, 232.0, 112.0, 136.0
261.0, 237.0, 112.0, 138.0
269.0, 231.0, 111.0, 142.0
272.0, 228.0, 109.0, 145.0
266.0, 231.0, 110.0, 141.0
260.0, 232.0, 114.0, 141.0
253.0, 228.0, 119.0, 145.0
242.0, 222.0, 120.0, 149.0
236.0, 217.0, 122.0, 153.0
229.0, 216.0, 122.0, 152.0
227.0, 221.0, 121.0, 155.0
222.0, 216.0, 123.0, 153.0
223.0, 212.0, 130.0, 150.0
230.0, 218.0, 130.0, 150.0
241.0, 220.0, 133.0, 148.0
251.0, 216.0, 130.0, 153.0
259.0, 222.0, 130.0, 156.0
266.0, 235.0, 129.0, 156.0
272.0, 246.0, 126.0, 157.0
281.0, 247.0, 124.0, 155.0
285.0, 253.0, 120.0, 152.0
282.0, 261.0, 122.0, 152.0
280.0, 266.0, 127.0, 150.0
266.0, 266.0, 140.0, 152.0
263.0, 249.0, 136.0, 156.0
249.0, 225.0, 135.0, 157.0
236.0, 213.0, 138.0, 160.0
225.0, 198.0, 144.0, 161.0
207.0, 182.0, 147.0, 163.0
185.0, 192.0, 144.0, 158.0
190.0, 173.0, 142.0, 161.0
179.0, 170.0, 146.0, 160.0
166.0, 168.0, 148.0, 159.0
170.0, 169.0, 148.0, 160.0
170.0, 160.0, 146.0, 162.0
188.0, 152.0, 152.0, 171.0
198.0, 157.0, 155.0, 175.0
201.0, 153.0, 161.0, 177.0
210.0, 151.0, 157.0, 174.0
209.0, 155.0, 164.0, 177.0
225.0, 149.0, 161.0, 179.0
230.0, 148.0, 160.0, 180.0
236.0, 153.0, 161.0, 178.0
242.0, 143.0, 161.0, 177.0
247.0, 140.0, 156.0, 175.0
252.0, 138.0, 153.0, 173.0
256.0, 134.0, 159.0, 174.0
260.0, 129.0, 162.0, 174.0
271.0, 125.0, 164.0, 174.0
279.0, 134.0, 166.0, 182.0
290.0, 142.0, 164.0, 188.0
300.0, 149.0, 160.0, 192.0
290.0, 155.0, 165.0, 190.0
282.0, 168.0, 164.0, 187.0
271.0, 177.0, 166.0, 186.0
251.0, 183.0, 172.0, 188.0
245.0, 176.0, 165.0, 198.0
243.0, 173.0, 166.0, 201.0
236.0, 173.0, 168.0, 196.0
230.0, 170.0, 164.0, 195.0
233.0, 174.0, 165.0, 198.0
236.0, 178.0, 170.0, 212.0
246.0, 194.0, 167.0, 215.0
250.0, 210.0, 165.0, 211.0
252.0, 218.0, 164.0, 208.0
253.0, 219.0, 163.0, 199.0
248.0, 222.0, 163.0, 200.0
245.0, 220.0, 166.0, 202.0
252.0, 220.0, 165.0, 202.0
258.0, 222.0, 161.0, 200.0
258.0, 216.0, 161.0, 206.0
261.0, 211.0, 158.0, 215.0
254.0, 196.0, 161.0, 217.0
251.0, 190.0, 159.0, 212.0
251.0, 182.0, 157.0, 206.0
254.0, 171.0, 157.0, 203.0
255.0, 167.0, 156.0, 205.0
244.0, 152.0, 163.0, 209.0
244.0, 144.0, 155.0, 213.0
247.0, 128.0, 157.0, 200.0
257.0, 126.0, 154.0, 198.0
261.0, 121.0, 151.0, 190.0
261.0, 121.0, 152.0, 189.0
262.0, 125.0, 151.0, 197.0
263.0, 136.0, 151.0, 191.0
263.0, 134.0, 150.0, 186.0
263.0, 141.0, 149.0, 186.0
268.0, 144.0, 151.0, 180.0
280.0, 145.0, 149.0, 178.0
288.0, 145.0, 145.0, 175.0
295.0, 151.0, 144.0, 176.0
300.0, 147.0, 144.0, 178.0
290.0, 146.0, 150.0, 179.0
284.0, 142.0, 149.0, 179.0
280.0, 140.0, 148.0, 180.0
282.0, 142.0, 146.0, 182.0
275.0, 134.0, 152.0, 184.0
272.0, 134.0, 151.0, 186.0
