136.0, 35.0, 52.0, 182.0
135.0, 38.0, 47.0, 178.0
130.0, 39.0, 49.0, 172.0
134.0, 33.0, 53.0, 187.0
120.0, 42.0, 56.0, 174.0
117.0, 48.0, 53.0, 170.0
122.0, 57.0, 51.0, 164.0
118.0, 53.0, 56.0, 167.0
110.0, 36.0, 55.0, 193.0
101.0, 41.0, 59.0, 178.0
111.0, 49.0, 55.0, 172.0
113.0, 49.0, 55.0, 173.0
113.0, 50.0, 53.0, 174.0
112.0, 42.0, 56.0, 182.0
120.0, 46.0, 54.0, 184.0
128.0, 52.0, 53.0, 182.0
132.0, 41.0, 54.0, 188.0
133.0, 49.0, 53.0, 187.0
128.0, 49.0, 52.0, 190.0
127.0, 30.0, 54.0, 188.0
133.0, 48.0, 50.0, 191.0
128.0, 40.0, 51.0, 192.0
128.0, 47.0, 50.0, 191.0
130.0, 51.0, 50.0, 189.0
130.0, 54.0, 50.0, 187.0
133.0, 46.0, 53.0, 184.0
128.0, 53.0, 50.0, 188.0
129.0, 56.0, 48.0, 184.0
132.0, 49.0, 49.0, 187.0
138.0, 51.0, 51.0, 185.0
131.0, 49.0, 53.0, 187.0
131.0, 57.0, 54.0, 182.0
126.0, 50.0, 55.0, 190.0
122.0, 46.0, 53.0, 187.0
127.0, 55.0, 47.0, 187.0
126.0, 52.0, 52.0, 182.0
126.0, 63.0, 54.0, 175.0
129.0, 65.0, 55.0, 177.0
132.0, 63.0, 55.0, 180.0
129.0, 60.0, 55.0, 180.0
128.0, 62.0, 55.0, 180.0
127.0, 57.0, 55.0, 186.0
129.0, 68.0, 51.0, 176.0
133.0, 68.0, 49.0, 177.0
129.0, 65.0, 49.0, 177.0
127.0, 63.0, 48.0, 180.0
127.0, 73.0, 48.0, 171.0
129.0, 69.0, 46.0, 175.0
126.0, 73.0, 47.0, 170.0
125.0, 79.0, 47.0, 167.0
126.0, 78.0, 47.0, 170.0
123.0, 85.0, 47.0, 163.0
122.0, 84.0, 46.0, 165.0
120.0, 91.0, 47.0, 159.0
120.0, 97.0, 47.0, 156.0
115.0, 94.0, 49.0, 157.0
110.0, 87.0, 52.0, 164.0
135.0, 65.0, 52.0, 181.0
106.0, 91.0, 56.0, 160.0
105.0, 101.0, 54.0, 152.0
93.0, 87.0, 59.0, 162.0
99.0, 97.0, 57.0, 156.0
88.0, 93.0, 57.0, 159.0
88.0, 98.0, 55.0, 153.0
105.0, 80.0, 52.0, 183.0
90.0, 75.0, 52.0, 183.0
101.0, 96.0, 55.0, 154.0
109.0, 73.0, 53.0, 184.0
110.0, 73.0, 52.0, 181.0
122.0, 83.0, 50.0, 163.0
107.0, 84.0, 50.0, 161.0
108.0, 83.0, 50.0, 160.0
114.0, 69.0, 49.0, 169.0
112.0, 69.0, 49.0, 170.0
110.0, 57.0, 51.0, 175.0
110.0, 57.0, 50.0, 173.0
107.0, 55.0, 54.0, 175.0
109.0, 52.0, 53.0, 176.0
118.0, 56.0, 54.0, 175.0
139.0, 58.0, 56.0, 195.0
114.0, 39.0, 53.0, 181.0
116.0, 37.0, 53.0, 180.0
119.0, 35.0, 53.0, 179.0
112.0, 42.0, 54.0, 177.0
121.0, 45.0, 52.0, 171.0
120.0, 49.0, 52.0, 167.0
115.0, 37.0, 54.0, 172.0
131.0, 54.0, 52.0, 160.0
114.0, 45.0, 55.0, 169.0
118.0, 52.0, 55.0, 165.0
123.0, 52.0, 55.0, 164.0
113.0, 49.0, 56.0, 167.0
109.0, 43.0, 57.0, 174.0
113.0, 51.0, 55.0, 166.0
117.0, 50.0, 57.0, 166.0
116.0, 49.0, 55.0, 167.0
115.0, 49.0, 56.0, 168.0
114.0, 54.0, 57.0, 166.0
113.0, 52.0, 58.0, 168.0
128.0, 57.0, 55.0, 164.0
108.0, 56.0, 59.0, 168.0
114.0, 51.0, 57.0, 170.0
114.0, 47.0, 58.0, 174.0
117.0, 51.0, 56.0, 167.0
123.0, 53.0, 55.0, 167.0
116.0, 50.0, 58.0, 172.0
113.0, 52.0, 59.0, 171.0
116.0, 52.0, 59.0, 172.0
118.0, 50.0, 59.0, 174.0
119.0, 50.0, 60.0, 176.0
114.0, 45.0, 61.0, 179.0
108.0, 43.0, 64.0, 185.0
110.0, 45.0, 63.0, 183.0
108.0, 41.0, 64.0, 185.0
108.0, 40.0, 64.0, 186.0
112.0, 43.0, 64.0, 184.0
110.0, 44.0, 63.0, 184.0
109.0, 40.0, 64.0, 187.0
112.0, 43.0, 63.0, 186.0
107.0, 48.0, 63.0, 184.0
107.0, 44.0, 63.0, 186.0
106.0, 48.0, 63.0, 186.0
