753,472,136,86
755,471,139,86
758,474,141,87
762,474,141,87
767,476,142,88
773,477,143,88
778,476,146,89
785,478,148,89
790,479,151,88
800,480,152,87
807,479,152,88
817,478,154,87
825,480,154,88
830,482,155,90
839,484,156,92
845,487,156,94
849,489,156,96
856,492,158,96
859,497,159,96
866,499,158,97
870,501,159,98
873,502,159,99
881,503,161,99
887,503,162,99
889,503,164,99
890,504,164,100
891,504,164,101
889,503,165,101
887,502,167,102
882,506,168,102
883,509,167,101
878,512,168,102
874,514,168,102
871,515,167,102
868,516,166,103
865,518,164,102
862,519,164,102
855,521,165,101
850,520,166,101
847,519,165,101
844,517,165,101
844,516,165,100
841,515,166,100
839,515,166,100
837,515,166,100
834,513,166,100
831,511,166,100
831,509,164,100
827,508,164,99
827,507,162,99
826,506,160,98
825,506,159,99
828,505,158,99
828,504,158,98
831,502,157,97
833,498,157,96
838,496,155,96
840,495,154,96
841,494,154,96
844,495,153,96
846,494,154,95
847,494,155,96
845,494,156,95
844,493,157,95
839,491,157,94
840,489,155,94
838,488,155,94
835,486,155,94
834,485,155,94
831,482,155,94
830,481,155,95
823,481,157,95
816,481,158,95
811,481,159,96
802,481,160,96
796,481,160,97
791,480,159,98
785,480,160,99
784,483,159,100
778,487,158,100
772,496,157,102
767,501,156,102
758,513,155,100
753,515,152,105
749,523,152,105
746,527,147,108
745,532,145,108
741,535,145,109
740,538,144,108
738,540,143,108
736,542,143,107
737,543,142,106
737,543,141,104
736,545,140,104
736,545,139,102
733,549,138,101
729,554,138,100
727,554,139,100
726,558,140,100
725,559,140,100
723,561,140,97
722,565,141,95
720,568,142,93
719,571,142,94
719,573,139,98
718,578,139,102
715,581,140,99
713,584,141,98
711,585,141,96
711,585,139,94
707,587,140,93
702,587,141,91
693,592,142,91
689,594,142,90
683,596,143,90
676,601,143,91
673,603,142,90
668,605,143,90
665,606,143,89
660,607,144,87
653,608,145,87
648,609,147,86
644,609,151,85
638,606,153,85
630,605,156,84
629,605,157,84
629,606,159,84
629,610,161,86
630,615,163,86
636,621,163,87
636,626,163,88
641,628,161,88
640,628,161,87
633,631,161,86
629,636,163,84
629,638,163,82
632,638,164,80
629,635,165,81
634,624,165,81
634,620,166,81
640,610,165,81
640,607,165,82
644,604,165,82
645,598,165,82
649,586,167,82
653,580,165,84
653,572,166,85
653,564,166,87
654,559,166,87
651,555,167,87
646,552,168,86
640,545,168,87
632,537,167,88
630,531,165,89
629,523,164,90
628,517,165,89
628,515,168,88
630,515,174,86
624,513,178,84
621,509,179,84
621,506,180,84
619,502,178,84
622,500,178,83
626,497,176,83
630,495,176,82
630,496,175,82
632,495,175,82
637,494,176,82
642,492,175,82
648,488,175,82
651,482,175,84
657,467,176,85
664,453,178,87
671,439,178,88
681,423,181,89
688,407,184,90
696,390,186,92
702,371,187,94
710,352,188,95
718,331,189,97
728,314,192,98
729,308,193,99
733,302,195,100
734,297,197,101
737,294,198,101
738,290,202,101
744,287,205,101
747,281,207,102
746,275,209,102
745,271,210,102
745,269,213,102
742,267,214,103
741,266,215,103
738,265,216,104
736,267,217,105
740,267,218,105
739,265,220,105
738,264,220,106
738,264,220,106
740,263,220,108
744,260,219,109
743,257,219,110
748,257,219,110
751,255,216,113
750,252,213,116
755,250,210,117
755,246,208,117
756,241,208,117
755,237,207,118
752,236,206,120
748,234,207,120
742,232,209,120
739,232,211,121
725,236,212,121
722,236,211,124
717,235,209,127
705,234,206,128
668,236,206,126
678,236,205,125
617,231,189,130
574,196,191,124
571,202,191,120
571,207,190,114
573,210,187,110
571,213,184,107
572,218,181,106
572,222,178,104
562,227,179,102
568,233,177,102
556,238,179,101
561,244,179,102
565,251,176,103
555,256,178,102
559,263,175,103
548,266,178,101
550,271,177,101
540,274,177,101
541,278,177,100
543,286,177,102
531,291,178,102
470,239,181,103
465,239,182,104
463,238,182,105
465,238,181,105
465,238,181,106
465,238,181,106
461,239,181,106
459,240,181,107
457,242,181,107
456,238,177,112
453,257,178,112
503,204,162,123
500,207,154,128
509,207,146,132
506,210,140,136
510,213,136,138
513,217,133,139
513,221,131,139
507,225,131,138
517,213,130,138
523,220,127,139
531,224,125,140
534,227,124,139
535,231,124,137
536,233,123,136
537,221,123,136
539,225,123,135
543,214,123,134
543,220,123,134
542,224,123,134
541,228,123,133
542,231,122,133
541,233,122,131
541,221,122,130
544,225,121,130
547,230,121,129
550,218,120,128
554,209,122,125
555,230,121,125
556,233,121,123
556,220,120,123
557,225,120,123
558,227,119,122
559,216,119,122
562,206,121,120
563,210,121,122
567,213,120,121
569,215,121,121
571,216,120,120
571,204,120,120
572,206,120,121
572,207,119,121
573,208,119,119
573,196,120,118
573,199,120,118
573,185,120,119
572,189,120,119
571,191,120,118
572,194,120,118
573,197,119,117
574,199,118,116
576,202,116,115
577,190,117,114
577,192,117,114
578,193,117,113
581,194,116,112
583,184,116,112
583,186,116,111
583,187,116,111
583,189,117,110
584,190,117,110
586,178,118,111
589,178,118,112
592,167,118,112
591,168,118,111
590,168,118,112
590,167,118,112
589,168,118,113
588,167,118,113
587,167,119,113
584,167,119,113
582,166,119,113
580,166,119,113
578,167,119,112
576,168,118,112
573,168,118,111
570,170,119,111
568,171,119,112
564,173,119,112
562,174,119,112
559,177,119,112
556,179,119,111
552,181,120,111
549,170,121,113
547,173,121,115
544,175,122,116
542,178,123,118
540,181,125,119
540,184,124,121
540,187,124,121
540,191,124,121
541,194,123,121
544,194,124,123
544,194,124,123
546,198,123,123
548,199,122,123
550,201,121,123
556,187,122,124
558,188,123,124
558,189,122,123
560,189,121,123
562,191,119,123
566,180,119,122
571,180,121,121
573,166,121,121
579,154,121,121
581,155,121,120
585,141,122,120
587,140,122,119
591,136,122,118
594,133,122,118
598,119,122,118
601,117,122,118
601,113,123,118
603,110,123,118
603,109,124,118
602,107,124,118
602,106,124,118
601,105,124,118
602,104,124,119
601,103,124,119
601,102,124,118
601,100,125,118
600,99,124,118
599,99,124,118
597,98,125,118
598,97,125,118
597,97,124,118
596,96,124,118
596,96,124,118
593,97,125,117
593,97,124,117
593,97,124,117
590,98,124,117
589,98,124,117
587,99,125,116
588,98,125,117
589,98,125,117
588,98,125,117
592,99,125,117
591,99,125,117
597,99,126,117
596,99,126,117
601,112,126,117
599,110,126,116
603,108,126,116
599,109,127,117
596,108,128,116
600,107,128,117
596,106,128,117
595,106,128,118
592,106,128,118
591,105,128,119
586,106,128,118
583,107,128,118
580,108,128,118
580,109,127,118
577,110,127,117
574,111,128,117
577,110,127,117
578,110,127,117
580,107,128,117
578,107,128,117
582,106,128,117
583,105,128,117
584,104,127,118
581,106,127,117
580,106,127,117
578,107,126,118
586,108,127,117
587,107,127,117
590,106,128,117
588,105,128,117
592,103,129,116
592,102,129,117
595,101,128,117
596,99,129,117
597,98,129,118
598,96,129,118
596,95,130,118
596,95,130,118
595,94,130,118
594,92,130,119
591,90,132,118
594,90,132,119
594,87,131,119
595,86,131,120
596,85,131,120
593,85,132,120
594,86,132,120
595,86,131,121
596,87,131,121
597,87,131,120
594,88,132,120
593,91,132,120
596,103,130,119
595,100,129,119
594,100,129,120
594,101,129,120
587,103,130,120
582,105,131,119
578,105,131,119
571,106,132,119
565,106,132,119
558,106,132,119
552,107,132,119
544,119,132,119
539,116,132,120
531,117,132,121
525,109,132,122
518,128,131,122
516,130,130,124
512,132,129,125
509,135,128,126
508,138,128,127
502,141,129,128
496,144,130,128
490,151,132,129
484,156,133,129
477,162,135,129
471,166,136,130
466,169,137,130
462,172,138,131
457,175,140,133
451,177,141,134
446,180,142,136
439,183,142,137
433,187,141,138
427,178,142,138
421,185,141,139
416,190,140,140
408,180,141,140
395,186,142,140
382,190,142,140
368,195,143,141
353,198,142,141
347,200,144,142
331,202,144,144
316,204,143,145
304,206,142,146
301,207,143,147
292,207,145,147
286,208,145,147
282,212,145,146
279,216,145,146
284,220,145,146
294,221,146,145
296,222,145,146
304,224,143,146
318,227,145,147
323,229,144,148
330,232,143,149
335,234,143,148
346,221,144,148
353,220,144,146
373,217,147,142
380,194,150,139
382,175,155,140
375,180,160,138
385,186,170,130
396,188,178,125
410,172,186,121
426,172,193,118
438,154,198,118
452,136,202,119
452,116,204,119
474,93,199,127
474,91,195,132
500,71,190,139
503,74,188,143
501,76,189,145
498,80,190,146
492,102,193,145
492,102,193,145
493,103,192,146
492,103,192,146
491,103,192,146
488,103,194,146
481,101,196,147
482,84,196,148
480,86,196,149
521,182,202,140
516,189,205,134
450,126,207,133
447,126,208,132
445,125,209,131
513,194,209,127
513,200,208,125
513,204,207,123
440,145,210,122
435,145,209,123
432,146,208,123
430,145,207,124
442,145,209,124
443,144,209,124
444,144,208,124
444,143,208,124
446,143,207,124
448,143,206,124
453,142,205,123
457,141,206,123
457,142,207,123
457,142,208,123
456,161,208,124
485,118,200,131
462,161,202,129
459,161,203,128
459,161,204,127
460,162,205,126
462,163,205,125
462,164,205,125
463,164,205,125
464,166,205,125
532,118,189,135
539,117,177,143
544,117,168,149
551,117,161,153
556,118,156,157
559,120,153,158
555,124,151,159
564,126,149,158
559,131,148,158
567,133,146,158
569,137,144,157
577,123,144,156
576,130,142,157
588,135,141,155
593,139,140,154
595,127,141,154
591,133,141,153
593,122,141,154
595,130,144,151
604,117,145,151
607,121,143,150
605,126,142,149
606,129,142,148
609,133,142,146
610,136,141,145
606,124,141,145
603,129,143,144
604,134,143,144
610,122,144,143
611,125,144,142
612,129,144,142
616,130,143,141
620,117,144,140
621,121,145,139
622,109,145,140
620,114,145,142
620,118,145,144
621,124,144,144
624,129,144,144
628,132,143,143
627,119,144,141
630,106,144,143
630,111,145,142
632,100,146,142
635,102,145,143
639,86,145,143
642,71,145,145
645,58,148,145
647,55,149,145
647,51,150,146
647,48,151,146
648,45,150,147
649,28,152,146
652,27,152,145
659,14,153,144
658,16,154,141
660,15,154,139
662,15,154,137
665,7,155,134
665,10,155,132
665,11,153,131
666,11,151,130
669,10,151,129
569,50,150,130
573,54,148,129
578,59,146,128
581,62,145,126
582,50,145,125
584,54,145,124
584,42,144,123
586,44,142,123
584,47,142,122
583,50,141,122
581,40,141,121
585,43,139,120
585,33,138,120
585,36,137,120
582,37,137,119
581,27,136,118
582,27,136,118
582,27,135,118
581,31,135,119
580,34,134,118
580,37,134,118
581,38,133,117
581,38,133,116
581,37,134,116
580,38,134,115
582,39,133,114
584,42,134,114
586,43,134,112
586,46,134,112
586,46,134,112
584,49,134,111
583,49,134,111
580,50,134,110
579,54,134,110
578,53,134,109
578,55,133,109
577,56,132,109
574,58,132,109
570,64,132,110
567,67,132,109
567,71,132,109
569,73,131,109
570,73,131,108
570,73,131,108
570,72,131,107
571,71,131,107
569,70,131,107
567,69,130,108
566,68,129,109
565,69,129,110
564,70,129,109
564,71,129,109
564,71,129,109
564,71,129,109
563,68,129,109
562,67,129,109
561,66,128,110
560,67,128,110
559,68,127,110
559,69,127,110
556,69,128,110
556,70,128,109
555,72,129,108
556,73,128,108
556,74,128,108
558,75,128,107
559,75,128,107
561,76,127,106
563,77,126,106
563,78,126,106
563,79,126,105
566,79,126,105
566,79,126,105
566,79,127,103
566,79,128,103
566,81,129,102
565,85,130,102
568,87,130,101
571,89,130,102
576,89,129,103
578,90,129,104
581,90,130,104
579,92,131,103
582,92,131,102
588,107,130,104
588,106,131,104
590,110,132,104
593,112,132,105
596,111,132,107
600,111,131,108
602,112,131,110
599,115,132,111
587,100,132,110
582,102,134,111
581,102,134,111
583,102,134,111
579,102,135,110
572,102,137,110
559,119,135,113
549,120,135,114
548,122,136,114
542,124,137,114
531,126,136,114
519,131,136,113
507,132,136,113
497,134,135,114
487,137,134,115
477,138,133,116
466,140,131,116
467,141,131,116
457,143,128,118
462,143,126,118
462,142,129,116
454,142,126,117
459,144,126,116
464,144,125,116
468,131,125,114
473,134,125,113
476,136,126,111
480,138,127,109
485,142,126,108
492,143,125,109
497,143,125,109
502,143,125,109
507,144,123,112
513,145,121,117
534,130,123,118
540,116,127,118
542,103,128,116
544,104,130,115
549,94,131,114
553,83,130,113
551,86,131,113
549,88,132,112
552,87,132,112
555,86,132,113
554,85,132,113
553,88,131,113
558,89,131,113
562,77,131,112
566,80,131,112
567,80,131,112
569,82,131,112
575,81,132,112
576,81,132,111
573,82,132,112
574,82,133,111
578,84,133,111
585,84,133,113
586,83,133,112
585,82,134,112
583,83,134,112
585,83,134,113
588,81,134,113
584,65,136,113
584,67,137,112
589,69,136,114
594,70,136,115
596,69,136,115
596,67,136,116
593,68,138,116
593,70,138,115
595,71,139,115
591,57,141,114
586,60,141,113
587,65,141,114
591,68,141,115
595,67,140,116
593,69,141,115
590,71,142,116
588,73,142,116
591,75,141,116
591,76,141,116
588,78,142,116
587,81,142,115
589,83,141,115
592,82,141,116
594,82,142,116
591,86,142,117
586,91,143,117
588,91,142,118
588,78,142,118
589,79,142,117
587,67,143,117
585,68,143,118
583,69,143,119
583,69,144,118
578,54,145,118
580,58,144,118
579,58,145,118
578,60,145,118
577,63,145,117
576,66,144,118
577,67,144,118
574,70,145,118
567,71,145,118
569,71,144,119
571,71,143,119
567,61,143,119
568,62,141,119
566,64,142,120
564,64,143,118
563,63,143,118
561,65,142,118
553,66,140,118
552,65,141,117
547,64,140,118
547,68,139,118
544,70,140,117
541,73,140,116
542,72,139,116
541,72,139,115
542,73,138,116
542,76,137,116
543,79,136,116
538,82,136,117
534,87,135,117
535,104,135,116
537,106,135,116
547,111,136,116
558,115,136,116
569,122,136,117
575,138,136,117
581,140,135,118
582,143,134,118
583,144,133,119
582,148,134,118
583,148,134,119
584,137,134,120
587,136,133,121
586,123,134,122
587,122,135,122
585,110,137,121
583,112,137,121
579,114,138,121
572,101,140,119
567,106,142,118
560,109,142,118
549,112,142,118
547,113,142,119
536,112,142,120
524,113,142,121
517,117,143,120
509,121,144,119
498,121,143,119
488,122,142,120
479,124,142,119
472,126,140,120
468,112,140,119
463,114,140,118
458,118,139,118
458,120,139,117
461,121,138,118
467,121,137,119
467,109,137,119
466,111,138,117
461,112,137,116
460,126,137,116
439,77,135,117
437,79,135,120
433,79,135,121
440,68,135,120
455,53,136,120
467,55,137,120
473,59,134,120
475,59,134,120
486,62,135,120
497,65,134,120
511,51,134,121
522,53,132,120
535,39,133,120
543,28,134,118
543,45,134,118
541,46,135,118
536,50,135,118
535,55,137,118
537,72,137,118
534,71,139,118
530,75,141,116
529,78,141,116
533,81,141,115
537,86,140,115
544,88,139,116
550,88,140,117
553,86,141,117
562,84,140,118
569,84,141,118
578,81,140,120
585,78,141,123
596,67,142,124
598,68,141,127
608,70,142,129
609,73,142,129
611,73,141,129
614,73,141,129
616,72,140,130
626,60,141,131
617,63,144,129
614,67,144,128
611,70,144,128
604,75,143,129
586,79,143,130
574,84,143,129
571,90,144,127
569,93,144,126
569,96,143,125
556,97,143,125
547,97,142,126
549,97,142,125
542,97,141,125
543,97,142,126
533,102,142,125
534,89,142,123
536,92,142,121
536,93,142,121
535,93,143,121
536,79,142,120
542,80,142,120
548,79,141,121
550,78,141,120
552,75,141,120
552,76,141,119
551,76,141,118
553,80,141,116
552,83,142,115
551,100,142,114
548,101,142,115
545,103,142,116
544,106,142,117
545,107,141,116
544,110,141,117
544,110,141,117
541,112,142,117
539,114,142,116
538,116,142,116
536,117,142,116
536,135,141,117
541,135,139,118
549,135,138,119
557,135,138,120
576,120,138,123
595,103,138,126
616,84,137,129
633,71,137,131
649,53,136,132
650,41,138,131
665,20,138,129
667,2,138,128
666,17,141,126
666,13,143,125
678,9,143,126
679,5,142,126
674,-2,148,120
694,16,144,122
730,62,147,122
748,93,142,128
747,91,140,129
783,117,155,119
817,132,148,126
819,126,144,130
832,120,139,135
830,114,138,136
841,109,135,139
839,105,134,139
839,105,134,138
839,107,134,136
837,108,134,134
836,110,134,131
833,111,134,129
831,111,134,127
831,110,134,126
833,106,133,126
833,102,132,126
831,97,132,127
828,92,131,128
827,86,132,128
825,81,132,128
824,77,131,128
822,71,130,129
819,66,130,130
817,62,130,130
814,59,130,129
812,55,130,128
813,49,129,130
813,44,127,132
814,38,127,132
814,33,127,132
815,30,126,131
814,27,126,131
812,26,126,130
812,23,127,129
812,21,127,129
812,19,126,129
807,20,127,127
804,20,128,127
803,17,127,126
803,14,127,126
802,11,127,126
803,9,127,126
804,7,127,125
803,6,127,125
791,6,129,124
793,6,129,124
780,7,130,124
781,8,131,125
764,11,133,124
767,1,134,124
765,5,136,123
764,8,138,122
774,10,139,121
773,4,140,121
785,6,140,123
782,8,140,124
781,9,137,126
767,10,136,128
766,10,136,130
764,8,135,130
762,7,135,131
758,7,136,130
756,7,137,130
753,8,137,130
750,10,137,130
747,11,137,131
742,11,137,131
739,12,139,131
736,12,139,131
733,12,139,131
730,3,141,130
725,6,142,129
722,8,143,129
719,9,142,129
716,9,142,129
698,12,143,128
698,14,143,128
696,16,143,127
637,73,140,128
627,86,143,131
620,84,147,131
626,82,149,135
617,81,152,136
622,83,154,138
627,84,155,139
619,85,157,139
621,86,158,139
632,101,159,141
641,100,158,144
627,85,159,144
636,88,160,143
645,103,160,145
724,11,158,146
733,12,156,146
732,15,155,145
743,1,154,144
744,6,153,143
754,7,152,144
763,9,150,145
769,10,149,145
775,9,148,145
773,10,148,143
780,9,147,143
776,10,147,142
775,10,147,141
773,10,145,140
771,11,145,140
779,10,145,141
776,10,144,141
775,10,144,140
781,10,144,141
779,10,143,141
777,10,143,140
778,10,142,141
777,11,142,142
775,9,141,141
775,8,141,141
773,21,139,143
773,17,138,144
772,14,138,143
774,14,137,143
775,14,136,143
779,13,134,143
782,12,134,143
784,10,134,141
787,8,134,140
787,8,135,139
787,9,136,137
794,10,138,136
791,1,140,133
749,56,140,132
741,68,143,135
756,62,144,137
746,60,149,139
757,61,152,141
754,60,152,144
781,63,142,154
759,63,146,152
774,66,148,152
770,69,150,152
765,68,151,152
759,70,153,151
754,71,154,152
750,72,155,152
745,73,156,152
790,2,153,149
791,4,149,148
790,4,144,145
785,2,141,143
779,1,137,141
770,3,134,138
754,18,133,137
742,35,132,135
731,42,133,133
720,59,132,131
708,64,132,130
702,71,129,131
699,76,126,131
694,79,126,131
683,84,127,131
673,89,127,131
662,91,126,130
650,94,126,129
638,96,125,128
626,98,124,128
617,101,123,129
609,102,121,131
602,102,121,132
595,103,120,132
588,104,119,132
581,102,120,133
575,97,120,134
570,92,120,134
566,85,119,136
562,76,118,138
560,66,117,139
559,57,117,141
557,40,119,141
554,36,120,141
549,31,120,140
543,28,121,139
537,26,121,138
530,26,122,139
522,23,123,138
513,22,124,137
504,20,125,136
494,19,126,134
485,17,128,132
477,15,129,129
469,13,130,127
457,13,132,124
448,13,136,122
439,13,139,120
424,25,140,118
418,21,141,117
410,20,142,117
403,20,141,118
398,20,141,117
394,20,140,118
391,20,140,117
390,19,140,117
390,19,139,118
391,19,139,118
393,20,139,118
396,21,138,120
400,21,137,122
412,20,135,125
417,20,133,127
428,19,132,129
434,18,130,131
445,18,129,132
451,18,128,134
462,19,128,134
469,21,126,135
476,21,126,136
482,22,125,136
491,22,125,135
494,23,125,135
499,24,124,135
505,25,123,135
510,24,123,135
516,21,122,135
519,22,122,135
524,17,121,135
530,15,120,135
535,13,120,135
540,10,120,135
543,10,120,135
546,11,121,134
550,12,121,134
554,15,121,134
555,13,122,134
556,9,122,134
558,8,122,133
559,7,122,132
559,7,122,131
561,6,122,129
561,6,122,128
561,7,122,127
562,6,122,125
562,6,123,123
560,7,125,121
560,8,126,118
559,8,128,116
558,8,128,115
558,8,130,114
559,7,130,113
563,6,129,112
565,7,129,111
568,7,129,111
573,6,129,110
577,7,129,109
580,7,130,109
585,7,129,109
590,7,129,110
593,7,129,110
600,7,128,110
606,7,127,111
619,7,127,111
623,7,126,111
627,7,126,111
632,6,126,110
644,6,126,111
648,7,125,111
651,8,125,111
655,9,123,111
667,9,123,111
667,10,124,110
668,12,124,110
668,14,124,111
668,18,124,113
669,8,125,113
669,11,126,114
670,14,126,115
669,17,127,115
670,18,127,117
669,20,127,117
667,21,128,117
664,22,128,117
662,22,128,117
664,22,128,118
665,21,128,118
639,83,128,117
622,96,129,120
620,94,131,124
643,91,122,137
648,89,117,145
642,76,123,142
658,77,119,151
651,80,126,147
670,78,122,156
670,82,120,163
690,81,118,168
691,80,117,173
681,83,127,168
700,84,124,174
686,71,133,167
706,90,129,173
697,73,135,169
672,77,140,164
680,82,144,161
684,87,148,159
693,91,149,157
749,3,150,154
750,6,148,151
752,9,145,149
759,11,144,147
756,10,143,145
756,10,143,142
757,14,144,140
759,17,143,137
758,19,144,135
758,21,144,133
759,25,143,131
758,29,142,130
757,33,142,130
758,36,141,129
758,39,141,128
759,41,140,128
760,43,140,128
760,46,140,127
760,49,139,127
760,51,139,127
761,54,139,126
762,56,138,127
763,57,138,127
763,57,138,127
763,58,138,127
763,57,138,126
763,56,138,126
763,57,138,126
763,56,138,126
763,55,138,125
762,55,137,126
761,54,137,125
762,55,136,126
763,55,136,127
764,55,136,127
764,54,136,127
766,54,134,127
767,54,134,128
768,55,134,127
768,55,133,128
768,54,133,128
769,55,133,128
769,55,133,127
770,56,133,127
772,58,133,127
773,58,133,127
774,58,133,127
776,60,133,127
777,61,133,128
777,62,133,128
778,64,133,128
779,67,133,128
779,70,132,128
779,70,132,128
779,74,132,128
778,75,133,128
778,78,133,128
778,80,134,129
781,83,133,130
784,86,133,130
786,88,132,132
799,90,130,133
797,90,130,132
798,90,131,132
802,91,130,133
806,91,130,134
807,91,131,133
808,92,130,134
810,103,129,136
810,101,129,136
809,99,130,136
811,97,130,136
810,95,131,135
809,94,131,135
808,92,131,134
808,90,132,134
808,88,132,135
809,86,131,136
811,85,131,136
813,83,131,136
815,83,130,137
817,79,129,138
819,76,129,138
820,74,130,137
818,71,130,137
817,68,130,136
815,66,130,137
812,61,130,138
809,58,130,139
808,53,130,140
806,48,130,140
804,46,130,139
804,42,130,139
802,40,129,139
800,37,130,139
799,36,129,139
796,35,129,139
794,33,128,138
790,32,128,137
788,28,127,136
784,26,127,135
779,26,127,135
773,25,127,134
766,24,127,133
760,22,126,132
754,22,126,130
749,7,126,128
744,7,125,127
737,6,126,125
731,6,127,122
725,6,128,120
718,6,129,118
711,6,130,116
705,7,131,113
699,7,131,112
693,8,131,110
681,0,135,104
679,-7,138,97
674,-2,140,93
658,-10,146,84
647,-5,147,82
611,46,136,90
598,48,137,90
586,47,140,91
588,45,140,91
609,43,128,99
609,39,120,104
610,34,114,109
611,28,110,112
609,17,107,112
609,13,105,113
602,8,104,114
609,0,104,111
607,3,103,110
606,5,102,108
596,4,102,109
598,3,101,110
609,7,102,107
603,3,102,105
598,7,102,103
594,8,101,103
588,8,99,105
585,8,98,106
582,11,99,105
580,16,99,104
577,18,100,104
576,20,100,103
576,25,101,103
576,28,101,102
577,31,101,102
579,36,101,102
586,39,103,102
586,41,103,101
591,42,102,102
594,42,102,102
597,42,102,102
599,43,101,103
597,43,102,103
600,43,103,103
601,44,104,104
603,44,105,103
604,47,105,103
607,51,107,102
615,64,108,103
616,66,108,104
625,71,109,103
631,85,110,103
633,87,111,103
642,89,112,101
652,91,113,100
653,93,113,100
662,92,113,99
661,93,113,99
662,92,113,100
669,78,115,98
676,66,118,96
674,67,120,95
670,68,121,95
667,70,121,95
675,70,122,96
674,59,125,95
674,62,126,95
671,65,126,96
668,68,126,97
662,70,130,94
658,72,132,91
656,73,134,89
667,72,132,93
663,62,134,90
660,64,135,89
670,52,133,92
665,55,135,91
665,55,134,94
666,54,132,95
667,53,130,97
668,53,129,98
667,52,129,98
676,42,130,99
675,45,131,99
668,50,135,95
667,52,137,92
676,52,135,95
671,53,135,97
668,56,137,94
665,56,138,92
676,54,137,95
671,54,139,94
684,50,137,97
684,49,135,99
696,46,134,101
695,45,134,103
706,44,134,103
705,42,133,104
707,42,132,104
711,41,131,105
714,40,130,105
715,40,130,105
716,40,129,105
717,40,128,105
718,39,127,106
718,39,127,105
720,38,126,105
720,37,126,104
730,36,128,104
728,34,128,104
729,36,129,103
729,39,130,103
737,38,131,103
737,38,131,103
747,37,131,103
747,39,132,102
748,40,131,102
751,39,130,103
753,39,128,102
764,38,127,102
764,39,128,102
765,41,127,102
766,42,126,101
767,43,125,101
776,41,124,103
775,41,123,103
774,41,122,103
783,38,122,104
781,38,123,104
781,37,122,105
785,37,119,108
795,36,119,107
793,34,118,108
794,34,117,108
796,34,116,109
798,33,115,110
802,32,115,110
803,30,115,111
803,29,115,112
804,28,114,113
804,26,114,114
801,14,115,113
803,15,115,112
802,16,114,112
800,17,114,112
800,18,113,112
799,18,113,111
798,19,113,111
798,20,112,112
798,19,112,113
797,19,113,114
794,8,114,111
795,11,115,111
792,12,115,109
791,14,115,108
791,14,115,109
792,14,115,110
791,13,117,109
789,13,117,109
779,13,116,112
782,13,116,112
781,13,116,112
772,14,116,114
774,13,118,113
769,15,118,113
770,14,118,113
766,15,119,112
765,15,119,112
756,16,118,115
759,16,118,115
749,18,117,116
750,8,119,114
749,12,120,112
747,15,122,110
743,19,123,109
741,20,123,109
737,21,122,108
735,22,123,108
734,24,123,107
733,25,124,107
732,27,124,107
730,29,124,107
729,29,124,107
730,29,125,108
729,29,125,109
728,30,125,109
729,30,126,109
727,31,126,109
730,31,126,109
731,31,126,110
720,32,124,113
724,33,123,114
726,34,123,114
715,36,122,116
720,37,121,117
728,23,125,115
723,24,127,113
720,25,129,112
726,25,131,112
720,25,133,111
716,25,133,110
721,25,134,111
714,26,136,111
709,25,136,111
704,27,136,109
711,27,137,111
706,27,138,112
701,26,138,112
696,24,137,112
692,26,137,112
689,27,136,112
686,27,135,111
686,28,134,111
684,30,134,111
676,32,130,115
683,33,128,117
672,34,126,119
679,35,124,121
666,35,123,123
690,35,123,124
680,36,122,126
666,37,123,127
686,26,124,125
690,29,124,125
676,31,124,127
654,33,129,127
663,34,132,129
681,21,132,129
706,22,132,128
710,23,133,127
698,12,132,124
704,15,132,122
688,19,131,122
667,23,131,124
661,26,133,126
656,29,135,126
670,30,136,128
646,34,140,128
651,37,144,128
662,23,144,130
654,28,147,131
669,16,146,132
660,21,150,133
653,24,152,132
663,27,158,132
674,30,162,133
672,16,163,134
668,20,164,134
681,24,167,134
