708,289,42,20
704,287,42,19
701,287,42,18
698,286,42,18
696,287,42,18
694,287,42,17
691,288,42,17
689,290,42,17
687,292,42,17
686,294,41,17
685,296,40,17
684,298,39,17
682,301,39,17
679,303,39,17
679,306,38,17
676,312,38,17
674,318,37,17
671,323,35,17
668,330,34,17
665,339,34,17
661,345,34,17
659,354,33,17
656,360,33,17
651,367,33,17
646,375,32,16
641,382,32,16
635,387,31,16
631,391,30,17
626,397,31,16
623,400,30,17
617,404,30,17
614,408,29,17
609,410,29,17
603,411,29,18
601,413,30,18
594,417,31,18
588,419,32,18
584,423,32,18
580,425,32,18
575,428,32,18
571,430,32,18
567,432,33,18
563,436,33,18
560,438,33,18
556,440,34,18
554,442,35,19
552,444,35,19
551,446,36,19
551,447,37,19
550,447,39,19
552,447,39,19
555,447,40,20
557,445,41,19
561,445,41,19
568,444,42,18
574,443,42,18
579,442,42,18
584,441,43,18
592,439,43,18
599,435,43,18
609,432,43,18
619,431,43,17
630,427,42,17
645,424,41,17
658,425,39,16
672,426,38,16
684,430,37,16
698,433,37,15
716,434,37,15
728,439,36,14
744,446,37,14
749,453,38,13
747,457,39,13
747,457,40,13
743,458,41,12
740,455,42,12
735,455,43,12
734,452,44,12
734,448,45,12
735,442,45,12
738,434,45,12
741,426,46,12
742,417,46,12
747,406,46,13
754,394,46,13
760,385,46,14
766,375,46,14
774,363,47,14
783,352,49,14
793,341,50,14
806,331,51,14
816,321,51,14
825,312,52,13
838,300,53,13
844,292,54,13
853,284,53,14
863,275,54,14
872,268,55,14
880,262,54,14
886,256,55,14
891,251,55,14
896,246,55,14
900,241,55,14
904,237,56,14
909,232,56,14
913,228,56,14
912,225,56,14
914,225,56,14
921,194,55,15
925,191,54,16
924,192,54,16
926,192,54,16
926,194,54,16
928,193,54,16
926,194,54,16
927,192,54,16
924,192,54,16
923,190,54,16
900,204,55,16
892,208,55,16
893,207,55,16
892,206,55,17
872,215,56,17
874,214,55,17
857,219,56,17
855,219,56,17
837,251,55,17
830,253,55,17
821,256,57,17
817,258,57,16
811,262,59,16
810,263,59,16
809,265,58,17
806,269,59,17
809,269,58,17
806,273,58,17
809,274,58,17
808,278,58,17
812,279,58,17
815,281,58,17
817,284,58,16
821,285,59,16
826,289,59,16
831,290,59,16
836,291,59,16
841,295,58,16
849,296,58,16
868,272,57,17
862,300,58,17
870,302,58,16
879,302,58,16
885,306,59,15
893,306,59,15
899,307,59,15
908,307,59,15
914,307,59,15
923,308,59,15
932,309,57,16
941,309,57,16
947,309,57,16
956,309,57,16
960,310,57,16
965,310,57,15
970,310,57,15
975,309,57,15
980,308,57,15
985,308,57,15
983,307,57,15
987,307,58,15
986,306,58,15
983,303,58,15
991,303,58,15
987,302,58,16
989,301,58,16
985,300,58,16
981,297,58,16
983,296,57,16
977,295,57,16
972,292,57,16
966,292,58,16
958,291,58,16
959,287,58,16
949,286,58,16
943,286,58,16
935,282,58,16
926,282,58,16
917,281,58,16
908,277,58,16
897,277,58,16
886,276,59,16
879,273,59,16
870,272,59,16
861,271,59,16
852,267,59,16
844,267,59,16
831,267,59,16
825,263,59,16
814,263,59,16
807,262,60,16
800,258,60,16
794,258,60,16
788,257,60,15
781,254,60,15
777,253,60,16
774,252,60,16
772,251,60,16
775,250,60,16
775,249,60,16
780,244,59,16
781,244,59,16
786,243,59,16
792,239,59,16
800,238,59,16
809,234,59,16
821,234,59,16
835,230,59,16
847,230,59,16
862,226,58,16
879,223,58,16
894,222,59,16
913,219,59,16
931,218,59,16
956,213,59,16
980,209,59,16
1004,205,60,16
1033,201,60,16
1063,197,61,16
1095,192,61,16
1095,191,61,16
1094,190,61,16
1095,189,61,16
1094,169,60,17
1094,169,59,17
1099,170,59,17
1098,170,59,17
1098,171,59,17
1099,167,59,17
1097,168,59,17
1091,165,60,17
1104,161,60,17
1077,153,56,20
1094,147,55,21
1093,147,55,21
1091,146,55,21
1090,147,55,21
1091,148,55,21
1091,149,55,21
1095,149,55,21
1097,148,55,21
1095,148,54,21
1095,148,54,21
1084,135,53,23
1093,132,51,24
1099,125,50,26
1108,123,49,27
1113,120,47,29
1117,118,46,30
1118,117,45,30
1119,116,44,31
1118,120,44,32
1118,119,44,32
1114,119,43,32
1113,120,43,32
1113,121,43,32
1111,122,43,32
1110,122,43,32
1112,123,43,32
1115,124,43,32
1113,129,43,32
1112,133,43,32
1105,138,44,32
1099,143,44,32
1098,153,44,32
1097,155,44,32
1097,154,44,32
1097,154,44,32
1099,154,44,32
1103,155,44,31
1104,155,44,31
1101,161,44,31
1108,161,44,31
1113,161,44,31
1120,162,44,31
1125,162,44,31
1130,153,45,30
1129,152,46,30
1127,162,47,29
1124,172,48,28
1128,182,49,28
1126,192,50,27
1126,198,50,26
1125,203,51,26
1136,219,52,25
1144,224,52,25
1154,234,53,24
1154,244,53,24
1163,245,53,24
1169,245,54,24
1168,246,54,24
1173,247,54,24
1178,247,54,24
1184,246,54,24
1183,246,54,24
1182,241,53,24
1182,241,54,23
1187,241,54,23
1193,241,54,23
1197,240,54,23
1194,240,54,23
1200,240,54,23
1205,240,54,23
1207,239,54,23
1206,239,54,23
1204,239,54,23
1210,243,54,23
1211,243,54,23
1211,243,54,23
1211,242,54,23
1216,242,54,23
1219,241,54,23
1222,240,54,23
1227,239,54,23
1228,239,54,23
1231,239,54,23
1231,239,54,23
1242,232,52,25
1244,231,51,26
1245,230,50,26
1245,229,50,27
1246,223,48,28
1247,227,47,29
1248,221,46,30
1249,219,46,30
1249,218,45,30
1245,222,45,31
1245,227,44,31
1244,230,44,32
1246,229,42,33
1247,233,41,34
1247,236,41,34
1232,257,43,32
1243,262,41,32
1236,258,43,31
1248,259,38,34
1245,255,37,35
1245,244,37,35
1240,240,37,34
1251,242,35,36
1246,226,35,36
1247,224,34,36
1252,230,32,38
1247,218,32,37
1246,216,33,37
1251,214,31,37
1246,212,32,36
1258,174,26,41
1253,166,26,40
1244,164,31,36
1222,168,37,31
1192,175,43,27
1162,182,48,24
1132,187,52,22
1106,189,54,20
1080,193,57,20
1049,197,60,20
1026,198,62,20
1003,200,63,20
983,204,64,20
963,205,65,20
944,207,66,20
926,209,67,21
913,210,66,21
901,212,66,21
890,213,65,21
883,214,63,21
878,215,62,22
872,216,61,22
870,217,61,22
868,218,60,22
869,218,60,22
870,218,60,22
874,218,60,22
880,218,61,22
887,218,61,22
895,217,62,22
904,216,64,22
912,215,65,21
922,215,66,22
930,213,66,22
939,213,67,22
948,211,67,22
957,211,68,22
966,209,68,22
976,208,68,22
985,206,68,22
994,205,68,22
1003,204,67,22
1013,202,67,22
1022,201,67,22
1031,199,66,22
1040,198,65,23
1049,196,65,23
1058,194,64,23
1067,193,63,23
1076,191,63,23
1084,190,63,23
1092,188,63,23
1099,186,63,23
1107,185,63,23
1114,183,63,23
1121,181,63,23
1127,179,63,23
1134,178,63,23
1140,176,63,23
1146,175,63,23
1152,174,63,23
1158,172,63,23
1163,171,63,23
1169,170,63,23
1173,169,63,23
1178,168,63,23
1182,167,63,22
1187,166,62,23
1190,165,63,22
1194,164,63,22
1198,163,63,22
1201,162,63,22
1204,161,62,22
1206,161,62,22
1209,160,62,22
1211,160,62,22
1213,158,62,23
1214,158,62,23
1217,157,62,23
1217,157,62,24
1219,156,62,24
1220,156,62,24
1220,157,61,24
1221,158,61,24
1222,159,60,24
1222,160,59,24
1220,162,60,24
1216,164,61,24
1211,166,61,24
1202,169,62,23
1191,171,62,23
1178,177,62,22
1161,180,61,22
1143,186,61,22
1123,192,61,22
1101,197,60,22
1076,203,61,22
1052,209,62,21
1018,216,63,21
984,226,65,21
951,233,66,21
909,243,67,21
874,250,67,21
829,259,68,21
791,265,67,21
750,272,69,20
709,280,70,20
671,286,70,20
637,291,70,21
604,296,69,21
576,297,69,21
545,299,70,21
516,301,69,21
490,302,69,21
467,303,67,21
446,304,66,21
428,304,65,22
412,304,63,22
399,303,62,22
388,301,61,22
380,299,60,22
374,297,59,22
370,295,58,22
368,292,57,22
369,289,56,22
371,287,55,22
377,285,55,22
384,284,54,21
393,281,55,22
401,278,55,22
411,276,55,22
421,273,55,22
432,271,56,22
444,269,56,22
457,267,57,22
470,263,58,22
484,262,59,21
499,260,59,21
515,255,60,21
530,254,60,21
546,253,61,21
562,248,61,21
578,247,62,21
591,245,62,21
605,243,63,21
619,241,63,21
632,239,63,21
646,237,63,21
660,236,64,21
673,235,64,21
686,233,64,20
700,232,64,21
713,231,64,21
729,230,63,21
744,229,62,21
758,228,61,21
774,228,60,21
789,228,59,21
803,228,60,20
819,228,60,20
834,227,60,20
849,227,61,20
865,227,60,20
880,227,61,21
896,228,61,21
914,228,60,21
933,228,61,21
952,229,62,21
973,229,62,21
996,230,61,22
1021,230,63,22
1047,230,64,22
1074,231,65,22
1102,231,66,22
1133,230,70,21
1164,230,74,21
1198,230,76,21
1223,223,68,24
1234,237,59,31
1237,248,53,35
1238,239,51,37
1240,241,46,40
1241,255,44,41
1248,251,42,42
1244,273,39,44
1244,279,38,45
1250,276,37,46
1244,276,37,46
1250,278,35,47
1244,279,35,48
1250,277,34,49
1250,274,32,50
1251,272,30,51
1251,269,30,52
1251,268,29,53
1251,265,28,52
1251,262,28,52
1252,277,27,53
1253,271,26,54
1259,288,25,54
1253,306,25,53
1252,309,25,50
1255,317,24,49
1251,323,26,47
1248,311,29,42
1253,341,27,43
1257,340,27,43
1253,328,26,44
1248,318,26,44
1254,296,25,45
1260,266,22,46
1255,245,23,44
1259,258,21,45
1254,238,22,42
1253,235,23,41
1251,233,25,39
1249,234,26,36
1253,231,25,36
1257,228,23,36
1253,230,23,36
1256,228,23,36
1256,229,22,35
1255,227,22,35
1258,228,21,34
1262,230,19,36
1262,228,18,36
1266,225,16,37
1262,220,16,36
1265,216,15,36
1264,214,14,34
1263,214,14,33
1258,212,18,29
1255,210,19,28
1257,228,20,27
1261,229,19,28
1266,228,17,29
1266,226,15,30
1265,239,15,29
1265,240,14,29
1266,241,14,28
1266,239,13,28
1267,239,13,28
1268,236,12,27
1268,237,12,27
1268,235,11,27
1268,235,11,26
1269,233,11,25
1270,234,10,24
1270,234,10,23
1270,235,10,22
1271,236,10,21
1271,237,10,21
1271,240,10,20
1271,242,10,21
1270,245,10,21
1271,248,10,20
1271,250,10,19
1271,251,10,19
1270,252,10,18
1270,255,10,17
1267,261,11,15
1265,271,13,14
1266,274,13,13
1269,276,12,14
1269,279,11,14
1271,280,10,15
1270,283,10,15
1270,285,10,15
1272,286,10,15
1271,287,10,15
1265,282,12,13
1268,284,12,12
1268,283,12,12
1267,283,12,12
1268,283,12,12
1268,283,12,12
1268,282,12,12
1269,281,12,12
1265,281,12,12
1266,282,12,12
1269,276,12,13
1271,277,11,13
1270,278,11,13
1270,279,11,13
1270,279,11,13
1269,286,11,13
1266,287,13,11
1268,285,13,10
1265,284,14,10
1267,285,13,10
1269,283,12,12
1267,280,12,12
1269,279,11,13
1267,279,11,13
1269,276,11,13
1269,275,10,14
1268,274,11,13
1268,274,11,12
1268,276,11,12
1268,275,11,12
1267,274,11,12
1270,269,11,13
1271,269,11,13
1271,269,11,13
1271,269,11,13
1270,270,10,13
1271,270,10,13
1271,271,10,13
1271,273,10,13
1271,273,10,13
1270,274,10,13
1270,274,10,13
1270,272,10,14
1270,272,10,14
1270,272,10,14
1269,274,10,14
1269,273,10,14
1269,272,10,14
1269,272,10,14
1269,272,10,14
1271,273,10,14
1271,273,10,14
1271,273,10,14
1272,273,10,14
1272,273,10,14
1272,273,10,14
1273,273,10,14
1273,273,10,14
1273,273,10,14
1274,273,10,14
1274,273,10,14
1274,272,10,14
1274,271,10,14
1274,271,10,14
1274,270,10,14
1273,270,10,14
1274,269,10,14
1274,269,10,14
1271,269,10,14
1271,274,10,15
1271,273,10,15
1264,269,12,12
1254,278,14,11
1255,277,14,11
1255,276,14,11
1253,276,14,11
1254,276,14,11
1257,276,14,11
1263,273,13,12
1261,270,13,12
1260,271,13,12
1260,271,13,12
1261,271,13,12
1262,270,13,12
1262,271,13,12
1263,264,14,11
1267,263,14,11
1267,269,13,11
1267,274,13,11
1269,271,11,12
1272,280,10,14
1269,282,10,14
1265,288,10,13
1256,289,10,14
1253,290,10,15
1249,293,10,15
1248,295,10,15
1248,294,10,15
1250,293,10,15
1252,292,10,15
1256,291,10,15
1261,289,10,15
1269,285,10,16
1270,282,10,16
1270,279,10,16
1270,278,10,16
1270,275,10,16
1269,274,10,15
1271,272,10,15
1268,270,10,14
1270,268,10,14
1271,266,10,14
1268,263,10,14
1268,262,11,13
1268,259,11,13
1270,257,10,13
1267,257,11,13
1267,254,11,12
1271,252,10,13
1271,250,10,13
1268,249,10,13
1268,247,10,12
1268,246,12,12
1269,244,11,12
1271,240,10,13
1268,241,10,13
1271,242,10,14
1272,240,10,14
1270,240,10,14
1271,241,10,14
1271,240,10,14
1271,240,10,14
1272,240,10,14
1272,239,10,14
1273,239,10,15
1271,243,10,15
1273,242,10,16
1267,229,11,15
1266,230,12,14
1267,231,12,13
1269,232,12,14
1270,232,11,15
1268,233,10,15
1267,235,11,14
1267,236,12,13
1268,239,12,13
1267,242,12,13
1267,245,13,12
1269,247,11,13
1267,251,12,12
1266,255,12,12
1267,257,13,12
1267,260,12,12
1267,263,12,12
1267,267,12,12
1266,271,13,11
1267,275,12,11
1268,277,12,11
1267,281,12,11
1266,285,13,11
1269,287,12,11
1271,288,11,12
1269,287,11,13
1271,284,10,13
1271,284,10,13
1271,283,10,13
1272,283,10,13
1272,283,10,13
1272,283,10,13
1271,284,10,14
1271,285,10,14
1272,286,10,14
1272,287,10,14
1271,285,10,14
1271,285,10,14
1271,285,10,14
1271,285,10,14
1270,281,10,14
1270,280,10,14
1270,280,10,14
1271,280,10,14
1271,280,10,14
1271,281,10,14
1262,269,10,14
1270,273,10,15
1270,277,10,15
1270,277,10,15
1269,280,10,15
1271,285,10,16
1270,291,10,16
1270,292,10,15
1271,293,10,15
1270,296,10,15
1270,301,10,15
1270,301,10,14
1270,308,10,15
1269,308,10,15
1270,309,10,15
1270,312,10,15
1268,314,10,14
1270,317,10,14
1270,319,10,15
1269,319,10,15
1271,320,10,15
1270,321,10,15
1270,321,10,16
1270,321,10,16
1271,320,10,16
1270,321,10,17
1270,318,10,16
1270,317,10,16
1271,317,10,17
1270,316,10,17
1270,316,10,17
1270,315,10,18
1269,313,10,17
1271,306,10,17
1270,301,10,17
1270,299,10,17
1270,293,10,17
1270,294,10,18
1268,288,10,18
1267,286,10,18
1268,286,10,18
1268,285,10,18
1269,285,10,18
1269,284,10,18
1271,286,10,18
1271,287,10,18
1271,287,10,18
1272,287,10,18
1272,287,10,18
1273,288,10,18
1273,288,10,18
1273,288,10,18
1272,279,10,18
1271,280,10,18
1271,279,10,19
1271,279,10,19
1271,277,10,19
1271,279,10,19
1271,279,10,19
1271,279,10,19
1272,280,10,19
1272,280,10,19
1272,280,10,19
1273,279,10,19
1273,279,10,19
1272,279,10,19
1272,280,10,19
1270,280,10,19
1271,280,10,19
1271,281,10,19
1271,280,10,19
1272,281,10,19
1270,281,10,19
1270,281,10,19
1271,281,10,19
1271,281,10,19
1271,282,10,19
1272,282,10,19
1272,282,10,19
1272,282,10,19
1270,284,10,19
1270,284,10,19
1259,270,11,18
1260,267,10,18
1262,266,10,17
1263,265,10,17
1266,264,10,17
1267,263,10,16
1269,262,10,16
1270,261,10,16
1269,259,10,16
1265,259,11,15
1269,258,10,15
1269,257,10,15
1269,255,10,15
1270,252,10,16
1268,253,10,15
1256,254,10,14
1253,252,11,13
1248,256,11,13
1244,256,11,13
1242,256,11,13
1237,255,11,14
1233,254,11,13
1230,246,12,13
1226,244,12,12
1219,241,12,12
1216,242,12,12
1207,239,12,12
1203,238,12,12
1198,238,12,12
1192,244,11,13
1189,237,12,12
1184,235,12,12
1178,234,12,12
1173,234,12,12
1167,233,13,11
1165,232,13,12
1156,230,13,11
1149,230,14,11
1146,230,13,11
1139,228,13,11
1135,226,13,11
1127,225,12,11
1123,225,12,11
1120,225,12,11
1115,225,12,12
1110,225,12,12
1103,223,11,13
1100,224,10,13
1095,220,10,14
1090,219,10,13
1083,219,10,13
1078,217,10,14
1073,219,10,13
1065,225,10,14
1064,219,10,14
1061,215,10,15
1054,216,10,15
1048,215,10,15
1043,216,10,15
1038,215,10,15
1033,216,10,15
1029,214,10,15
1024,213,10,15
1019,213,10,16
1013,213,10,16
1009,214,10,16
1004,212,10,16
1000,210,10,17
996,214,10,17
991,214,10,17
987,212,10,18
983,206,10,17
979,207,10,17
976,203,10,16
972,203,10,16
969,204,10,16
965,207,10,16
961,207,10,16
957,208,10,16
953,206,10,15
949,202,11,14
947,200,10,15
941,202,11,14
936,202,11,14
930,202,11,14
928,201,11,13
925,201,11,13
925,201,11,13
923,200,11,13
924,199,11,13
924,198,11,13
926,197,11,13
925,197,12,13
927,197,12,13
928,196,12,13
930,196,12,13
932,196,12,13
934,196,12,13
934,196,12,13
935,196,12,13
935,197,12,13
936,196,12,13
937,196,12,13
938,196,12,13
951,210,11,14
948,210,10,15
945,215,10,16
940,216,10,18
936,217,10,18
932,221,10,20
928,224,10,21
923,227,10,23
919,231,10,24
915,233,10,25
908,235,10,26
903,234,10,25
894,241,10,26
889,241,10,25
882,246,11,25
875,249,11,24
871,256,10,25
864,263,10,26
858,267,10,27
854,272,10,27
847,280,10,28
842,287,10,29
835,290,10,29
830,295,10,29
823,303,10,29
819,304,11,28
812,315,11,27
806,322,12,27
815,337,14,24
816,342,17,22
818,342,17,21
825,338,18,20
827,338,21,18
833,335,21,18
841,333,20,18
844,333,19,19
844,333,19,19
844,333,20,19
845,333,22,18
844,333,23,18
842,333,23,18
837,333,23,18
832,336,22,18
827,339,21,19
820,340,21,19
816,344,21,19
812,345,21,19
803,349,21,19
793,353,23,17
781,359,25,16
773,364,27,16
765,368,29,15
760,375,30,15
752,380,32,15
746,384,34,16
741,389,35,16
738,394,36,17
737,399,37,18
738,402,37,19
743,407,37,19
745,413,36,20
751,417,33,22
763,428,34,20
771,432,33,19
785,440,33,18
804,446,34,18
815,445,31,21
838,457,31,22
859,462,34,21
879,469,33,23
899,477,33,25
891,472,29,28
882,472,26,31
874,469,24,33
860,470,22,35
850,460,21,36
842,457,21,36
835,450,20,37
826,462,19,38
819,460,19,38
814,458,19,39
811,459,19,40
811,457,19,40
810,451,19,41
810,445,19,40
812,442,19,40
816,443,19,40
820,444,19,40
827,441,19,39
835,439,18,39
842,443,18,39
853,449,18,39
865,448,19,39
873,441,20,38
892,443,19,38
910,444,18,38
928,446,17,37
947,445,17,37
967,447,15,37
988,445,14,38
1010,443,14,36
1033,434,15,35
1056,434,15,34
1081,436,16,33
1105,438,15,33
1098,436,15,33
1100,436,15,33
1101,436,16,32
1101,434,16,32
1105,429,16,32
1106,431,15,33
1106,431,15,33
1107,430,15,33
1108,429,15,33
1111,426,15,33
1114,428,16,32
1118,431,16,32
1122,431,16,32
1122,430,16,32
1123,428,16,32
1123,427,16,32
1124,425,16,32
1127,421,16,32
1128,421,16,32
1129,421,16,31
1130,420,16,31
1115,426,16,33
1119,421,15,33
1119,421,15,33
1134,448,16,32
1137,450,18,28
1143,447,20,25
1146,444,21,23
1152,440,21,22
1155,437,21,21
1159,431,21,20
1165,428,21,20
1168,424,21,19
1171,422,21,18
1175,418,21,18
1181,416,21,17
1190,414,20,17
1197,412,19,17
1203,412,19,17
1212,409,18,16
1220,409,18,16
1229,409,19,16
1238,409,19,16
1246,409,19,16
1260,408,18,16
1263,407,17,16
1259,412,19,15
1262,413,18,15
1264,412,18,16
1262,413,17,16
1258,413,18,15
1260,411,18,15
1264,410,16,17
1267,418,15,18
1264,425,16,17
1263,431,16,16
1265,432,16,16
1265,421,15,17
1267,414,14,18
1265,415,14,18
1268,404,13,18
1265,388,14,17
1269,377,12,18
1266,370,13,17
1254,361,16,15
1261,350,18,13
1263,339,17,14
1264,337,17,14
1265,336,17,14
1265,336,17,14
1264,335,17,14
1264,334,16,14
1267,335,16,14
1267,335,16,14
1267,336,16,14
1268,335,16,14
1268,335,16,14
1265,337,16,14
1263,337,17,14
1263,336,16,14
1266,329,15,15
1269,329,13,17
1267,334,12,17
1264,339,13,16
1265,342,14,16
1265,345,14,15
1264,348,15,15
1264,352,15,15
1264,357,15,15
1264,361,15,15
1264,366,16,15
1266,368,15,15
1269,367,14,16
1266,368,14,16
1263,376,14,15
1268,372,13,16
1268,372,13,16
1268,371,13,16
1269,370,13,16
1269,370,13,16
1269,369,13,16
1266,360,13,16
1266,361,13,16
1268,356,13,16
1266,363,13,16
1266,362,13,16
1265,368,13,16
1266,368,13,16
1264,385,14,16
1266,383,14,16
1265,381,14,16
1265,382,14,16
1264,379,14,16
1268,386,13,16
1267,381,12,16
1269,380,12,16
1267,382,12,16
1266,383,13,16
1266,383,13,15
1267,384,13,15
1265,385,13,14
1265,386,14,14
1266,388,13,14
1266,389,13,14
1266,389,13,14
1265,388,14,14
1267,394,13,14
1269,393,13,15
1269,393,13,15
1269,391,12,15
1270,391,12,15
1270,390,12,15
1270,390,12,15
1271,389,12,15
1271,389,12,15
1271,389,12,15
1272,389,12,15
1268,384,12,16
1265,383,13,14
1269,389,13,14
1266,384,13,14
1270,380,11,15
1267,383,12,14
1267,382,12,14
1267,382,12,14
1268,382,12,14
1268,382,12,14
1268,382,12,14
1268,381,12,14
1269,382,12,14
1269,381,12,14
1270,381,12,14
1270,381,12,14
1270,381,12,14
1271,380,12,14
1271,380,12,14
1271,380,12,14
1272,380,12,14
1272,380,12,14
1272,380,12,14
1270,381,11,15
1270,378,11,15
1271,378,11,15
1271,378,11,15
1271,378,11,15
1272,377,11,15
1272,377,11,15
1272,377,11,15
1272,376,11,15
1273,376,11,15
1273,376,11,15
1274,375,11,15
1274,374,11,15
1274,373,11,15
1274,373,11,15
1274,372,11,15
1274,371,11,15
1274,370,11,15
1274,370,11,15
1274,369,11,15
1274,368,11,15
1274,367,11,15
1274,367,11,15
1274,366,11,15
1274,365,11,15
1274,365,11,15
1274,364,11,15
1274,363,11,15
1274,362,11,15
1274,362,11,15
1274,361,11,15
1274,360,11,15
1274,360,11,15
1271,360,11,15
1271,360,11,15
1272,360,11,15
1272,360,11,15
1271,352,10,16
1269,356,10,16
1270,356,10,16
1270,355,10,16
1270,355,10,17
1271,354,10,17
1271,354,10,17
1271,354,10,17
1272,354,10,17
1272,354,10,17
1273,353,10,17
1273,353,10,17
1274,353,10,17
1274,352,10,17
1275,351,10,17
1271,349,10,17
1272,349,10,17
1272,349,10,17
1271,350,10,17
1269,348,10,17
1269,349,10,17
1268,349,10,17
1271,340,10,18
1266,331,12,16
1267,331,11,16
1270,333,11,16
1267,334,12,15
1267,335,13,14
1266,337,13,13
1266,338,13,13
1266,338,14,13
1266,339,14,12
1267,340,13,12
1265,339,13,12
1266,339,13,12
1266,340,13,12
1270,340,12,14
1266,340,13,13
1268,339,12,14
1270,337,11,14
1268,337,11,14
1266,336,12,13
1267,335,12,13
1266,335,12,13
1266,335,13,12
1267,334,13,12
1269,334,12,13
1269,334,11,13
1267,334,12,13
1267,335,12,13
1268,335,11,13
1268,336,12,13
1268,338,12,13
1268,339,12,12
1269,338,11,13
1268,341,11,13
1269,342,10,13
1267,345,11,13
1268,347,11,13
1268,350,11,12
1268,352,11,12
1267,355,12,12
1269,356,11,13
1270,359,10,14
1270,359,10,14
1270,358,10,14
1267,371,11,13
1268,374,11,12
1268,379,11,12
1268,383,12,11
1270,384,10,13
1270,383,10,13
1271,381,10,13
1268,385,10,13
1269,385,10,13
1269,384,10,13
1271,383,10,13
1271,383,10,13
1271,383,10,13
1271,383,10,13
1272,382,10,13
1272,382,10,13
1272,382,10,13
1272,381,10,13
1273,381,10,13
1273,380,10,13
1273,381,10,13
1274,380,10,13
1274,380,10,13
1274,379,10,13
1274,379,10,13
1274,378,10,13
1274,377,10,13
1274,377,10,13
1274,376,10,13
1274,376,10,13
1274,375,10,13
1274,375,10,13
1274,374,10,13
1274,373,10,13
1274,373,10,13
1274,372,10,13
1274,371,10,13
1274,371,10,13
1274,370,10,13
1274,369,10,13
1274,369,10,13
1274,368,10,13
1274,368,10,13
1266,372,10,12
1266,372,10,12
1267,372,10,12
1268,371,10,12
1268,370,10,12
1269,369,10,12
1269,368,10,12
1269,368,10,12
1270,368,10,12
1270,367,10,12
1270,368,10,12
1271,368,10,12
1271,368,10,12
1271,368,10,12
1272,368,10,12
1272,368,10,12
1272,368,10,12
1272,369,10,12
1271,369,10,13
1272,369,10,13
1272,369,10,13
1272,369,10,13
1272,369,10,13
1271,367,10,13
1271,367,10,13
1271,367,10,13
1272,366,10,13
1272,366,10,13
1272,366,10,13
1271,366,10,13
1271,366,10,13
1271,365,10,13
1272,365,10,13
1272,365,10,13
1272,365,10,13
1272,365,10,13
1272,365,10,13
1273,365,10,13
1273,365,10,13
1273,365,10,13
1274,364,10,13
1274,363,10,13
1274,363,10,13
1274,362,10,13
1274,362,10,13
1274,361,10,13
1274,360,10,13
1274,360,10,13
1274,359,10,13
1274,358,10,13
1274,358,10,13
1274,357,10,13
1274,356,10,13
1274,356,10,13
1274,355,10,13
1274,355,10,13
1274,354,10,13
1274,353,10,13
1274,353,10,13
1274,352,10,13
1274,352,10,13
1274,351,10,13
1274,350,10,13
1274,350,10,13
1274,349,10,13
1274,349,10,13
1274,348,10,13
1274,348,10,13
1272,349,10,13
1272,349,10,13
1271,349,10,13
1271,349,10,13
1271,350,10,13
1272,350,10,13
1272,349,10,14
1272,349,10,14
1273,352,10,14
1271,350,10,14
1271,350,10,15
1270,344,10,16
1272,343,10,16
1272,343,10,16
1272,343,10,16
1271,341,10,16
1268,341,10,16
1270,343,10,16
1272,343,10,16
1272,344,10,16
1272,344,10,16
1271,337,10,17
1271,334,10,17
1270,339,10,17
1268,340,10,17
1270,335,10,18
1271,333,10,20
1271,333,10,20
1262,333,10,19
1263,333,10,19
1263,332,10,19
1266,332,10,19
1269,348,10,19
1269,347,10,19
1272,351,10,19
1272,350,10,19
1273,350,10,19
1273,349,10,19
1270,350,10,19
1270,350,10,19
1271,350,10,19
1271,350,10,19
1271,350,10,19
1272,350,10,19
1272,350,10,19
1273,349,10,19
1273,349,10,19
1273,349,10,19
1274,349,10,19
1275,348,10,19
1274,348,10,19
1274,347,10,19
1274,346,10,19
1274,345,10,19
1274,344,10,19
1274,344,10,19
1274,343,10,19
1274,343,10,19
1274,342,10,19
1271,350,10,19
1267,355,10,18
1266,355,10,18
1265,354,11,18
1265,354,11,17
1264,353,11,17
1267,353,11,17
1268,353,11,17
1269,353,11,17
1269,351,11,17
1269,351,11,17
1270,351,11,17
1270,351,11,17
1270,351,11,17
1271,350,11,17
1271,351,11,17
1270,347,11,17
1268,350,11,18
1268,350,11,18
1269,350,11,18
1271,354,10,18
1271,354,10,18
1271,355,10,18
1272,354,10,18
1272,354,10,18
1272,354,10,18
1273,354,10,18
1273,353,10,18
1274,352,10,18
1274,352,10,18
1274,351,10,18
1274,350,10,18
1274,350,10,18
1271,352,10,18
1266,344,12,17
1265,348,13,14
1266,356,14,13
1266,362,14,13
1267,371,13,13
1267,379,13,13
1268,376,13,13
1268,377,13,13
1270,382,12,14
1267,391,12,13
1265,395,12,13
1264,400,13,12
1264,406,14,11
1265,411,14,11
1267,412,14,11
1267,415,13,11
1267,417,13,11
1266,420,13,11
1267,421,13,11
1267,420,13,11
1268,419,12,11
1267,426,12,11
1267,425,13,11
1267,423,13,11
1269,421,12,11
1271,419,10,13
1271,418,10,13
1270,419,10,13
1270,420,10,13
1269,419,10,13
1271,418,10,13
1271,417,10,14
1269,414,10,13
1270,414,10,13
1271,413,10,12
1269,414,10,12
1269,414,10,12
1270,414,10,11
1268,414,11,10
1267,415,11,10
1268,414,11,10
1267,416,12,10
1268,415,12,10
1269,415,12,10
1265,417,13,10
1268,418,12,10
1268,418,12,10
1267,416,12,10
1268,416,12,10
1269,417,12,10
1270,416,12,10
1270,416,12,10
1270,416,12,10
1271,416,12,10
1271,415,12,10
1271,416,12,10
1271,416,12,10
1270,417,12,10
1270,415,11,10
1271,415,11,11
1271,414,11,11
1270,414,11,11
1270,414,11,11
1270,414,11,11
1271,413,11,11
1271,413,11,11
1271,413,11,11
1271,413,11,11
1272,413,11,11
1272,413,11,11
1271,414,11,11
1270,413,11,11
1270,413,11,11
1270,413,11,11
1271,413,11,11
1271,412,11,11
1271,412,11,11
1271,412,11,11
1271,412,11,11
1271,412,11,11
1272,412,11,11
1272,412,11,11
1272,411,11,11
1271,412,11,11
1271,412,11,11
1271,411,11,11
1272,411,11,11
1272,411,11,11
1272,411,11,11
1272,411,11,11
1273,411,11,11
1273,410,11,11
1273,410,11,11
1274,410,11,11
1274,409,11,11
1274,408,11,11
1274,408,11,11
1274,407,11,11
1274,407,11,11
1274,406,11,11
1274,405,11,11
1274,405,11,11
1274,404,11,11
1274,404,11,11
1274,403,11,11
1274,402,11,11
1274,402,11,11
1274,401,11,11
1274,401,11,11
1274,400,11,11
1274,399,11,11
1274,399,11,11
1274,398,11,11
1274,397,11,11
1274,397,11,11
1274,396,11,11
1274,395,11,11
1274,395,11,11
1271,393,10,11
1271,393,10,11
1272,393,10,11
1270,395,10,11
1271,395,10,11
1271,394,10,11
1271,394,10,11
1271,394,10,11
1271,394,10,11
1272,394,10,11
1272,394,10,11
1272,394,10,11
1272,394,10,11
1272,393,10,12
1273,393,10,12
1273,393,10,12
1273,392,10,12
1274,392,10,12
1274,391,10,12
1274,390,10,12
1274,390,10,12
1274,389,10,12
1274,388,10,12
1274,388,10,12
1274,387,10,12
1274,386,10,12
1274,386,10,12
1274,385,10,12
1274,385,10,12
1274,384,10,12
1274,383,10,12
1274,383,10,12
1274,382,10,12
1274,382,10,12
1274,381,10,12
1274,380,10,12
1274,380,10,12
1274,379,10,12
1274,379,10,12
1274,378,10,12
1274,377,10,11
1274,377,10,11
1274,376,10,11
1274,375,10,11
1274,375,10,11
1274,374,10,11
1274,373,10,11
1274,373,10,11
1271,377,10,12
1270,373,10,12
1269,372,10,12
1270,370,10,12
1269,365,10,11
1269,361,10,11
1270,359,10,11
1272,359,10,11
1272,358,10,11
1272,363,10,12
1271,360,10,13
1270,357,10,12
1271,354,10,12
1271,350,10,12
1268,350,10,12
1269,348,10,12
1267,347,11,11
1269,346,11,10
1270,344,10,11
1267,345,11,10
1265,345,12,10
1266,345,13,10
1267,345,13,10
1268,345,12,10
1270,345,11,11
1266,351,12,10
1266,350,13,10
1268,353,12,10
1270,355,11,11
1269,361,11,10
1270,365,10,11
1269,371,10,11
1271,374,10,11
1270,378,10,11
1271,384,10,11
1270,390,10,11
1272,396,10,11
1272,402,10,12
1271,409,10,12
1272,416,10,13
1272,415,10,13
1271,415,10,13
1271,415,10,13
1271,415,10,13
1271,415,10,13
1272,415,10,13
1272,415,10,13
1272,415,10,13
1272,415,10,13
1273,415,10,13
1273,415,10,13
1273,415,10,13
1274,414,10,13
1274,414,10,13
1274,413,10,13
1275,413,10,13
1275,412,10,13
1275,412,10,13
1275,411,10,13
1272,409,10,13
1270,410,10,13
1272,411,10,14
1270,416,10,14
1271,412,10,14
1270,414,10,14
1271,425,10,14
1271,432,10,14
1270,439,10,14
1271,449,10,15
1270,461,10,15
1270,466,10,15
1270,480,10,14
1270,483,10,14
1270,484,10,14
1268,487,10,13
1268,487,11,13
1268,486,11,12
1268,482,11,12
1268,476,12,11
1268,470,12,11
1267,463,12,11
1269,463,11,11
1271,465,10,12
1271,465,10,12
1271,467,10,12
1270,465,10,12
1270,465,10,12
1270,464,10,12
1270,464,10,12
1270,464,10,12
1271,464,10,12
1271,464,10,12
1271,464,10,12
1271,464,10,12
1272,464,10,12
1272,464,10,12
1272,464,10,12
1272,464,10,12
1273,465,10,12
1273,465,10,12
1273,465,10,12
1268,466,11,11
1268,465,11,11
1267,466,11,11
1270,467,11,11
1271,467,11,11
1271,467,11,11
1271,467,11,11
1269,467,11,11
1269,469,11,11
1269,468,11,11
1270,468,11,11
1271,471,10,11
1270,467,10,12
1272,470,10,13
1270,468,10,13
1270,467,10,13
1272,468,10,13
1271,459,10,13
1266,456,12,11
1263,457,14,10
1268,454,13,11
1269,456,12,12
1268,454,11,12
1265,453,13,10
1269,449,12,12
1269,459,11,12
1269,461,11,12
1269,461,11,12
1270,459,11,12
1270,459,11,12
1270,458,11,12
1270,458,10,12
1271,457,10,12
1271,457,10,12
1271,457,10,12
1271,456,10,12
1272,456,10,12
1272,456,10,13
1272,456,10,13
1271,458,10,13
1271,458,10,13
1271,458,10,13
1272,458,10,13
1262,461,10,14
1264,461,10,14
1271,460,10,14
1269,461,10,14
1270,470,10,14
1270,465,10,14
1270,464,10,14
1268,461,11,13
1268,459,11,12
1268,456,11,12
1270,453,10,13
1269,451,10,12
1271,450,10,12
1269,450,10,12
1268,450,11,11
1267,451,11,11
1268,453,11,11
1269,457,11,11
1268,457,11,11
1269,459,11,11
1271,461,10,12
1271,464,10,13
1272,469,10,13
1267,476,11,12
1268,480,11,12
1270,475,10,14
1272,471,10,15
1271,472,10,16
1271,473,10,16
1271,479,10,17
1271,483,10,17
1271,479,10,17
1271,478,10,18
1271,479,10,18
1272,474,10,19
1270,476,10,19
1266,477,10,19
1267,476,11,18
1267,475,10,19
1270,460,10,19
1268,452,10,19
1264,451,12,18
1263,451,12,18
1263,451,12,17
1262,449,12,17
1264,449,12,17
1266,449,12,17
1269,463,11,18
1265,464,12,17
1267,467,12,17
1267,465,11,17
1255,466,10,18
1244,465,10,19
1233,464,10,19
1223,462,10,19
1217,461,10,20
1214,468,10,20
1208,473,10,21
1204,475,10,21
1202,473,10,22
1201,470,10,22
1204,467,10,22
1204,466,10,22
1208,466,10,22
1212,472,10,23
1210,472,10,22
1211,473,10,22
1210,472,10,22
1208,473,10,22
1217,475,10,23
1219,474,10,22
1220,474,10,22
1218,476,10,22
1219,474,10,22
1220,476,10,22
1220,475,10,22
1220,475,10,21
1228,476,11,21
1211,492,13,18
1212,492,13,18
1226,507,14,17
1227,507,14,17
1229,509,14,17
1219,517,14,17
1221,517,14,17
1219,515,15,16
1219,515,15,16
1218,522,16,16
1212,530,17,14
1220,533,18,14
1223,531,19,13
1218,521,19,13
1224,523,21,12
1227,528,21,12
1233,530,22,11
1231,530,22,11
1235,533,22,11
1237,535,22,11
1239,538,22,11
1242,540,23,10
1244,540,23,10
1246,542,23,10
1262,524,20,14
1266,523,17,16
1266,529,16,17
1263,542,17,16
1264,546,17,16
1264,548,16,16
1260,551,18,15
1263,553,17,15
1266,552,16,15
1265,554,16,15
1268,554,14,16
1268,553,12,17
1271,554,11,18
1269,556,11,18
1267,558,12,16
1267,560,12,16
1270,557,11,16
1270,558,10,17
1271,557,10,18
1271,556,10,18
1271,555,10,18
1269,543,10,18
1267,542,10,17
1269,537,10,17
1269,536,10,17
1265,534,12,15
1267,535,12,14
1266,533,12,13
1267,534,12,13
1267,533,12,12
1267,532,13,12
1267,531,13,11
1267,530,12,11
1264,529,13,10
1265,527,14,10
1265,526,15,10
1262,525,16,10
1263,523,16,10
1263,522,16,10
1262,520,17,10
1262,518,17,10
1265,515,16,11
1262,510,16,11
1268,509,15,11
1247,508,15,10
1253,508,16,10
1264,506,15,11
1267,506,14,12
1268,506,13,12
1266,512,13,12
1268,509,12,13
1270,509,11,13
1267,508,11,13
1270,512,10,13
1268,512,11,12
1268,514,11,12
1270,515,10,12
1269,521,11,12
1270,522,10,12
1269,528,10,12
1269,528,10,12
1268,526,10,12
1269,545,11,11
1260,552,12,10
1247,560,13,10
1232,567,14,10
1248,574,14,10
1251,579,14,10
1263,592,15,10
1267,598,14,10
1265,605,14,10
1264,612,15,10
1267,614,14,10
1267,614,14,10
1268,614,14,10
1268,613,14,10
1268,613,14,10
1268,612,14,10
1268,612,14,10
1268,612,14,10
1269,613,14,10
1269,612,14,10
1270,612,14,10
1270,611,14,10
1267,610,14,10
1269,613,12,12
1270,616,12,12
1270,613,12,12
1270,610,11,13
1271,610,10,14
1271,608,10,15
1271,608,10,15
1272,607,10,15
1272,607,10,15
1270,604,10,16
1272,605,10,16
1270,612,10,16
1270,613,10,16
1272,612,10,16
1272,616,10,17
1272,613,10,17
1273,612,10,17
1273,612,10,17
1273,612,10,17
1272,611,10,17
1267,612,10,17
1269,607,10,16
1269,604,10,16
1271,597,10,17
1269,602,10,17
1267,605,10,17
1268,605,10,17
1263,599,13,14
1266,595,13,13
1260,591,16,11
1265,588,16,11
1259,584,17,10
1263,578,16,10
1269,568,14,13
1268,575,13,13
1262,574,14,12
1266,563,14,12
1268,556,12,14
1271,551,10,16
1272,547,10,16
1272,547,10,16
1270,547,10,17
1272,544,10,17
1271,545,10,17
1271,545,10,17
1270,546,10,17
1270,546,10,17
1270,545,10,17
1271,545,10,17
1271,544,10,17
1271,543,10,17
1272,543,10,17
1272,542,10,17
1272,542,10,17
1273,542,10,17
1273,541,10,17
1274,541,10,17
1274,540,10,17
1275,539,10,17
1275,539,10,17
1275,538,10,17
1274,537,10,17
1275,537,10,17
1271,535,10,18
1270,541,10,18
1268,540,10,17
1272,546,10,18
1270,555,10,18
1268,558,10,18
1265,557,11,17
1267,559,11,17
1269,558,11,17
1271,560,10,19
1268,558,10,19
1269,557,10,18
1266,552,11,17
1266,559,11,17
1267,557,11,17
1266,552,12,16
1267,552,12,16
1267,553,12,16
1267,551,12,16
1266,551,12,16
1267,549,12,16
1267,547,12,16
1267,545,12,16
1270,544,12,16
1265,537,12,15
1265,536,13,15
1268,533,12,15
1268,528,11,16
1267,523,12,16
1267,519,11,17
1270,514,10,18
1271,514,10,18
1271,513,10,18
1271,513,10,18
1272,513,10,18
1270,514,10,18
1270,514,10,18
1271,514,10,18
1269,512,10,18
1271,510,10,18
1272,509,10,18
1272,510,10,18
1272,509,10,18
1271,511,10,18
1271,518,10,18
1271,517,10,19
1267,520,10,18
1271,515,10,18
1268,516,10,18
1270,510,10,19
1270,508,10,19
1270,508,10,19
1270,508,10,19
1270,509,10,19
1271,510,10,19
1271,516,10,19
1271,514,10,20
1269,512,10,19
1266,509,11,18
1265,507,11,18
1265,507,11,18
1266,507,11,18
1265,508,11,17
1267,498,12,17
1267,498,12,17
1264,498,12,17
1265,498,12,17
1268,500,12,17
1268,500,12,17
1269,499,12,17
1266,498,12,16
1264,494,12,16
1263,495,13,16
1264,497,13,15
1266,497,13,15
1266,497,13,15
1265,497,13,15
1266,491,13,15
1266,492,13,15
1266,492,13,15
1266,492,13,15
1267,492,13,15
1267,491,13,15
1265,497,13,15
1266,497,13,15
1267,497,13,15
1267,496,13,15
1265,497,13,15
1264,496,13,15
1265,496,13,15
1264,494,13,14
1264,494,13,14
1264,494,13,14
1265,495,13,14
1265,495,13,14
1266,497,13,14
1265,496,13,14
1267,502,13,14
1267,506,12,16
1270,505,10,17
1271,503,10,17
1271,501,10,18
1269,500,10,18
1267,497,10,17
1267,495,11,16
1266,496,13,15
1266,496,13,15
1267,495,12,15
1268,494,12,16
1271,494,10,17
1270,491,10,17
1270,491,10,17
1271,492,10,17
1271,492,10,17
1271,492,10,17
1272,493,10,18
1271,495,10,18
1269,496,10,18
1265,497,11,17
1260,499,14,15
1256,498,15,14
1262,505,13,16
1251,507,12,17
1240,509,11,18
1225,511,11,18
1211,517,10,19
1211,516,10,19
1212,515,10,19
1212,515,10,19
1214,515,11,18
1216,515,11,18
1217,515,11,18
1218,514,11,18
1218,513,11,18
1218,511,11,18
1219,511,11,18
1220,510,11,18
1217,503,12,17
1219,503,13,16
1220,503,13,16
1226,508,13,15
1226,508,13,15
1228,508,14,15
1229,508,14,15
1230,508,14,15
1232,507,14,15
1233,508,14,15
1234,508,14,15
1236,508,14,15
1237,508,14,15
1238,508,14,15
1238,507,14,15
1239,507,14,15
1241,506,13,15
1241,506,13,15
1238,510,13,16
1236,509,13,16
1235,508,13,16
1235,507,13,16
1238,507,13,16
1252,507,12,17
1250,512,11,18
1247,512,10,19
1243,513,10,20
1239,519,10,20
1236,522,10,20
1232,523,10,20
1226,516,10,21
1220,515,10,21
1216,516,10,22
1212,513,10,22
1210,514,10,24
1203,521,10,24
1199,523,10,24
1195,521,10,24
1195,521,10,24
1196,522,10,24
1197,521,10,24
1210,529,11,22
1208,527,11,21
1204,528,11,21
1198,527,11,21
1187,524,11,20
1188,525,11,20
1184,525,11,20
1180,523,11,20
1176,523,10,21
1170,520,10,20
1168,520,10,20
1170,516,10,20
1167,517,10,20
1165,517,10,20
1165,514,10,20
1163,512,11,20
1163,509,11,19
1165,508,11,19
1160,512,11,19
1158,511,11,19
1157,512,10,20
1159,517,10,20
1161,515,10,20
1161,511,10,20
1163,509,10,21
1165,506,10,21
1166,505,10,21
1169,507,10,21
1173,504,10,22
1177,495,10,22
1181,491,10,23
1184,489,10,23
1186,486,10,23
1190,492,10,23
1194,488,10,23
1196,486,10,24
1198,475,10,24
1203,473,10,24
1205,473,10,23
1209,467,10,23
1212,464,10,23
1216,458,10,23
1220,455,10,23
1222,454,10,24
1225,450,10,23
1229,446,10,24
1234,444,10,24
1238,441,10,25
1241,438,10,25
1243,432,10,26
1245,434,10,25
1251,432,10,25
1255,429,10,26
1258,422,10,26
1262,416,10,27
1267,412,10,27
1270,406,10,27
1270,400,10,27
1270,406,10,27
1271,408,10,27
1271,408,10,27
1272,406,10,27
1270,407,10,27
1268,409,10,27
1270,416,10,27
1270,417,10,28
1271,414,10,28
1269,406,10,27
1270,406,10,27
1270,405,10,27
1271,405,10,27
1271,405,10,27
1271,405,10,27
1269,411,10,27
1265,429,12,24
1266,430,13,24
1267,427,12,26
1269,425,10,27
1270,420,10,28
1271,414,10,28
1271,414,10,28
1271,414,10,28
1269,414,10,28
1270,413,10,28
1268,412,10,28
1268,411,10,28
1268,411,10,28
1268,410,10,28
1271,428,10,28
1270,441,10,28
1267,449,10,27
1264,457,12,26
1260,455,14,24
1262,463,15,23
1262,466,14,24
1262,466,14,24
1263,458,14,23
1266,449,14,24
1264,457,14,23
1265,456,14,23
1264,444,14,23
1264,446,13,23
1267,444,13,23
1267,446,13,23
1265,442,13,23
1268,449,12,25
1263,457,13,24
1264,456,13,24
1264,450,13,24
1265,449,13,24
1268,447,13,24
1268,451,13,24
1266,453,13,24
1264,457,13,23
1264,461,14,23
1264,464,15,21
1261,468,16,21
1266,472,14,22
1263,473,15,21
1266,474,14,21
1266,474,14,21
1267,473,14,21
1267,473,14,21
1268,473,14,21
1268,470,14,22
1269,462,13,22
1269,457,13,22
1270,457,13,22
1270,457,13,22
1271,457,13,22
1271,457,13,22
1272,457,13,22
1265,454,13,22
1266,454,13,22
1266,453,13,22
1267,452,13,22
1268,455,13,22
1268,445,12,23
1269,447,12,23
1270,446,12,23
1266,443,12,23
1266,442,12,23
1266,441,12,23
1266,440,12,23
1270,422,11,25
1267,424,11,24
1270,423,11,25
1264,421,12,23
1260,412,15,21
1262,413,16,19
1262,415,17,17
1262,416,17,16
1261,417,18,16
1261,416,18,15
1244,418,20,15
1240,415,18,17
1244,414,18,17
1244,413,18,17
1244,416,18,17
1244,415,18,17
1262,412,17,17
1260,407,19,16
1256,406,21,15
1256,406,22,14
1252,404,25,13
1251,403,26,13
1247,401,27,12
1245,400,29,12
1244,397,31,12
1247,396,31,13
1249,393,31,14
1253,391,29,14
1259,389,26,16
1261,389,22,18
1265,384,20,20
1263,386,19,21
1267,384,16,24
1268,384,16,24
1268,384,16,24
1266,388,14,25
1260,381,16,23
1263,381,16,23
1259,382,17,22
1261,382,18,20
1261,383,18,19
1261,383,19,18
1263,382,17,19
1263,383,17,18
1259,384,19,16
1261,383,19,15
1262,383,18,15
1261,385,18,15
1260,384,19,15
1264,383,18,16
1268,384,16,18
1269,383,16,18
1267,383,15,18
1268,382,15,18
1268,381,15,18
1269,381,15,18
1269,380,15,18
1270,378,15,18
1270,378,15,18
1271,378,15,18
1267,379,15,18
1268,381,15,19
1269,369,14,19
1269,366,13,20
1268,363,13,20
1269,364,13,20
1268,364,13,20
1269,361,12,20
1270,354,12,21
1270,356,12,21
1269,358,12,21
1269,357,12,21
1270,360,12,21
1268,362,12,21
1269,359,11,21
1270,361,11,21
1270,361,11,21
1271,361,11,21
1271,361,11,21
1267,367,11,22
1268,373,11,22
1271,365,10,23
1271,362,10,24
1271,362,10,24
1269,363,10,24
1270,360,10,24
1270,344,10,25
1270,344,10,25
1270,346,10,25
1268,348,10,25
1269,347,10,25
1269,346,10,25
1269,346,10,25
1267,352,10,24
1270,355,10,24
1270,361,10,24
1270,360,10,24
1271,360,10,24
1269,357,10,24
1269,358,10,24
1269,358,10,24
1270,358,10,24
1270,358,10,24
1270,358,10,24
1271,355,10,24
1271,355,10,24
1271,355,10,24
1269,353,10,24
1270,359,10,24
1270,357,10,24
1269,358,10,25
1269,358,10,25
1269,360,10,24
1270,360,10,24
1270,360,10,24
1270,360,10,24
1271,360,10,24
1272,359,10,24
1270,357,10,24
1270,340,10,25
1271,341,10,25
1269,337,10,26
1267,336,10,25
1266,336,10,25
1268,335,10,25
1269,336,10,25
1267,335,10,25
1267,333,10,25
1268,332,10,25
1268,332,10,25
1268,331,10,25
1268,331,10,25
1268,330,10,25
1271,330,10,25
1269,329,10,25
1270,329,10,25
1270,329,10,25
1266,329,10,25
1268,329,10,25
1264,329,10,24
1269,336,10,24
1269,336,10,24
1269,333,10,24
1270,339,10,25
1270,339,10,25
1271,338,10,25
1271,338,10,25
1270,326,10,26
1268,315,10,25
1265,311,11,24
1264,294,13,22
1263,291,15,19
1262,289,16,18
1262,287,17,17
1264,284,17,16
1264,282,16,16
1253,281,15,17
1254,281,15,17
1254,280,15,17
1255,280,15,17
1257,284,15,17
1262,270,13,19
1258,268,13,19
1254,265,12,20
1252,263,12,20
1250,271,12,20
1254,284,12,20
1258,284,12,19
1266,285,12,19
1269,285,11,19
1270,285,11,19
1270,285,11,19
1271,285,11,20
1261,282,10,20
1265,287,10,20
1269,272,10,22
1271,271,10,22
1264,270,11,21
1263,271,13,19
1268,276,12,20
1270,275,10,21
1266,276,11,21
1256,279,10,21
1248,278,10,22
1248,278,10,22
1249,277,10,22
1249,277,10,22
1263,266,12,20
1268,266,11,20
1269,264,10,22
1265,258,11,20
1267,259,11,20
1270,258,10,21
1268,256,10,21
1268,252,10,20
1270,247,10,20
1267,245,10,20
1263,243,10,19
1263,242,10,19
1263,241,10,19
1264,240,10,19
1265,240,10,19
1265,239,10,19
1266,238,10,19
1266,238,10,19
1267,237,10,19
1267,236,10,19
1267,236,10,19
1267,236,10,19
1268,236,10,19
1268,236,10,19
1269,236,10,19
1268,237,10,19
1270,235,10,19
1271,235,10,19
1271,235,10,19
1272,235,10,19
1270,234,10,19
1271,234,10,19
1271,234,10,19
1270,218,10,20
1267,217,11,18
1268,220,11,18
1267,212,11,17
1271,211,10,18
1270,211,10,18
1270,215,10,18
1271,228,10,18
1271,228,10,18
1271,222,10,18
1271,222,10,19
1270,221,10,18
1271,223,10,19
1267,220,11,17
1269,210,10,17
1267,208,11,16
1267,193,12,15
1268,195,12,15
1268,195,12,15
1268,194,12,15
1264,185,13,15
1266,192,13,15
1268,192,12,15
1271,181,10,16
1271,179,10,17
1270,174,10,17
1267,172,11,15
1267,173,11,14
1271,180,10,15
1271,184,10,16
1270,186,10,15
1270,188,10,15
1272,193,10,16
1270,193,10,16
1270,197,10,16
1271,204,10,16
1267,207,11,15
1268,205,11,14
1265,204,13,12
1263,203,14,12
1262,197,15,11
1266,196,14,11
1266,196,14,12
1266,192,14,12
1265,190,14,12
1265,188,14,12
1267,186,14,12
1264,181,14,12
1266,178,14,12
1268,171,12,13
1267,168,13,12
1269,166,12,13
1266,161,12,13
1266,158,12,12
1267,154,13,12
1266,151,13,11
1267,150,13,11
1268,150,12,11
1269,147,11,12
1270,145,11,12
1271,147,10,13
1269,147,11,12
1268,149,11,11
1270,148,10,12
1269,149,11,11
1269,149,11,11
1269,149,10,11
1271,147,10,11
1271,145,10,11
1271,144,10,12
1271,144,10,12
1271,142,10,13
1271,143,10,13
1262,146,10,12
1253,149,10,12
1243,150,10,12
1234,155,10,12
1227,158,10,12
1219,162,10,12
1213,162,10,12
1207,167,10,12
1201,171,10,11
1198,171,10,11
1196,175,10,11
1196,176,10,11
1194,178,10,11
1186,176,11,10
1187,177,11,10
1186,179,11,10
1186,179,11,10
1184,181,11,10
1184,181,11,10
1183,183,11,10
1181,182,12,10
1182,186,11,10
1181,186,11,10
1179,186,10,11
1176,186,10,11
1174,185,10,11
1169,186,10,11
1167,185,10,11
1165,183,10,11
1161,182,10,11
1158,181,10,11
1153,181,10,11
1149,179,10,11
1144,178,10,11
1141,176,10,11
1136,176,10,11
1129,175,10,11
1126,175,10,11
1124,172,10,11
1117,171,10,11
1109,170,10,11
1106,168,10,11
1101,167,10,11
1094,164,10,11
1092,163,10,11
1088,161,10,11
1085,159,10,11
1081,159,10,11
1078,157,10,11
1077,154,10,11
1076,153,10,11
1077,149,10,11
1077,148,10,11
1078,145,10,11
1080,144,10,11
1081,142,10,11
1084,140,10,11
1086,139,10,11
1090,137,10,11
1094,136,10,11
1099,134,10,11
1104,130,10,11
1108,131,11,11
1113,129,11,11
1118,126,11,11
1124,122,11,11
1129,121,11,11
1132,119,11,11
1136,115,11,11
1141,114,11,12
1147,112,11,12
1149,110,11,12
1150,109,11,12
1154,106,11,11
1156,104,11,11
1160,101,11,11
