633,1,62,266
623,0,69,264
607,-5,75,261
594,-4,78,263
587,-6,77,266
587,-3,79,268
589,0,78,270
590,5,78,271
590,4,79,271
592,0,80,270
593,1,79,274
596,0,78,277
597,0,79,277
597,0,79,278
595,-4,78,280
594,-1,77,280
593,-2,78,281
593,-1,77,281
593,-1,77,281
592,-2,77,281
591,-1,77,282
590,0,77,282
590,1,77,284
588,-1,77,284
590,1,76,284
591,2,76,284
592,1,76,283
592,1,76,282
592,0,75,283
594,2,75,280
596,4,74,278
596,4,74,275
596,2,73,277
594,2,72,277
595,3,71,279
595,3,71,279
593,5,72,282
591,3,72,282
591,3,72,286
591,-1,71,287
589,-5,71,289
588,-3,72,290
585,-9,71,293
583,-11,72,296
582,-15,72,296
582,-17,72,298
583,-15,72,299
583,-17,73,299
584,-18,73,300
584,-18,73,300
585,-18,74,300
586,-16,76,297
588,-13,77,293
588,-15,80,291
586,-12,82,290
584,-14,83,289
584,-13,84,286
585,-12,85,283
586,-15,85,282
587,-10,85,279
586,-12,86,276
586,-8,87,274
586,-15,85,275
587,-18,85,273
587,-15,84,274
587,-17,83,275
586,-16,84,277
581,-15,84,275
579,-19,83,278
578,-20,83,278
575,-17,84,279
569,-20,86,279
564,-21,86,279
557,-15,90,275
546,-17,89,275
510,-21,92,277
504,-24,91,280
504,-26,89,283
505,-27,91,283
508,-27,94,283
516,-23,92,286
523,-24,90,284
529,-25,88,284
532,-22,86,289
534,-23,87,291
533,-26,87,290
533,-26,87,290
533,-28,86,292
533,-28,86,294
534,-30,86,296
535,-32,86,296
536,-30,84,297
536,-34,83,297
536,-36,82,295
538,-35,82,294
540,-35,81,296
541,-35,81,296
540,-34,82,293
538,-34,83,291
537,-29,83,289
533,-33,83,289
531,-29,83,287
531,-32,82,287
532,-31,82,286
531,-31,82,286
533,-35,80,286
536,-34,79,285
540,-36,78,286
542,-36,78,284
544,-32,79,285
544,-30,80,286
546,-32,81,284
547,-31,83,283
548,-31,83,286
547,-28,85,288
546,-27,86,288
546,-24,87,288
546,-21,89,290
546,-24,91,288
546,-26,92,286
545,-26,93,285
545,-23,94,286
545,-22,94,286
544,-22,94,287
545,-21,94,289
548,-23,94,288
549,-28,92,289
551,-23,91,292
552,-23,90,297
554,-23,91,298
553,-26,92,299
554,-26,90,303
555,-24,89,308
557,-22,89,309
557,-24,90,308
560,-26,90,303
559,-19,91,309
558,-23,93,309
556,-22,92,314
559,-27,93,314
559,-22,93,316
558,-23,94,318
559,-21,96,318
559,-19,96,318
558,-21,95,319
558,-20,95,321
559,-21,95,324
559,-22,95,324
559,-21,95,326
558,-20,97,327
556,-21,99,325
554,-17,100,323
555,-20,101,323
556,-20,101,320
557,-18,102,315
557,-13,103,312
555,-10,104,312
556,-15,102,318
558,-15,101,320
561,-17,100,326
564,-19,97,328
567,-19,96,330
569,-19,95,333
569,-19,96,335
569,-17,98,337
568,-19,99,340
570,-19,98,344
571,-19,98,348
571,-19,99,350
570,-19,100,354
570,-21,102,353
567,-17,101,361
568,-21,100,360
571,-23,101,357
572,-22,101,356
573,-20,102,353
572,-16,101,351
570,-16,102,348
571,-15,102,342
574,-15,102,336
574,-15,102,336
575,-19,101,334
576,-20,103,332
578,-23,104,328
580,-23,106,328
583,-25,106,324
586,-31,107,318
586,-31,106,316
589,-29,107,314
593,-27,107,310
594,-27,107,307
593,-23,108,305
593,-26,106,304
592,-24,106,303
593,-25,104,305
594,-29,102,304
593,-27,100,306
594,-30,99,308
595,-30,98,308
593,-31,98,307
592,-30,97,309
591,-34,97,311
591,-34,96,311
592,-37,96,312
591,-36,95,312
590,-32,96,313
592,-32,97,313
591,-31,96,316
592,-31,97,317
592,-34,97,318
592,-33,98,317
594,-34,98,316
594,-34,99,315
595,-29,99,314
596,-34,98,316
597,-35,97,315
597,-34,95,313
598,-37,93,311
600,-35,92,308
603,-33,91,307
605,-35,88,309
607,-32,87,312
609,-29,86,312
610,-28,84,313
611,-29,84,313
614,-27,84,310
614,-27,83,310
614,-26,83,307
617,-26,84,303
619,-23,83,303
622,-24,83,305
624,-25,84,302
628,-25,87,300
630,-23,88,298
632,-19,87,301
634,-22,84,306
635,-20,84,311
637,-20,84,315
637,-23,84,318
637,-23,84,321
637,-19,86,321
637,-21,86,323
636,-21,86,327
637,-23,88,325
637,-21,90,322
636,-23,91,321
636,-24,93,316
635,-25,91,315
633,-23,91,315
631,-26,91,314
630,-30,89,312
628,-28,90,313
626,-27,91,314
626,-28,93,315
625,-28,94,316
625,-26,97,316
625,-25,98,313
623,-29,98,311
623,-30,100,309
622,-32,100,309
622,-34,99,309
622,-38,99,308
621,-39,100,307
620,-42,100,307
620,-39,99,311
620,-43,99,313
622,-44,98,314
624,-44,98,314
626,-48,97,316
628,-47,97,315
630,-48,98,317
630,-47,98,317
632,-50,98,319
632,-44,99,318
636,-45,99,320
638,-43,100,315
640,-42,101,312
643,-40,101,309
646,-39,101,307
650,-36,101,303
653,-34,100,300
657,-32,101,295
662,-28,100,294
667,-31,100,290
670,-29,98,292
672,-33,95,296
676,-36,93,291
677,-36,92,283
679,-34,90,287
680,-30,89,291
680,-35,88,287
681,-32,88,288
680,-30,87,290
681,-30,86,290
681,-29,87,290
681,-26,89,289
681,-25,91,290
681,-25,92,289
681,-25,93,287
681,-26,95,284
681,-24,96,282
682,-25,97,280
681,-27,98,276
676,-28,100,273
674,-30,100,273
672,-28,100,273
668,-24,101,273
662,-23,100,275
656,-28,99,282
650,-32,99,287
644,-34,100,289
642,-34,101,293
637,-33,101,296
635,-36,101,299
632,-37,103,302
632,-40,102,306
631,-40,102,306
630,-39,102,306
627,-38,105,305
624,-36,107,304
622,-37,108,301
619,-35,109,298
618,-35,111,296
617,-37,111,295
616,-36,111,295
615,-36,112,294
614,-36,113,294
611,-36,114,295
609,-35,113,296
606,-34,114,297
603,-36,120,290
600,-44,142,258
578,-31,159,234
586,-24,170,219
671,59,152,237
679,84,136,259
708,53,123,281
689,51,115,294
717,11,109,306
657,-34,119,300
654,-33,119,305
650,-43,129,295
649,-39,135,291
647,-40,139,289
649,-41,141,287
649,-35,141,280
650,-38,138,278
651,-36,135,276
653,-37,131,276
657,-37,126,273
660,-34,122,271
663,-33,119,271
664,-32,115,273
667,-32,112,274
669,-30,108,275
672,-30,106,274
674,-28,103,274
675,-28,101,270
677,-26,99,269
678,-20,98,265
678,-16,96,266
676,-17,95,269
674,-17,95,271
673,-16,96,272
671,-19,92,274
670,-24,91,277
670,-36,95,272
656,-36,97,272
658,-32,98,270
657,-30,98,277
655,-30,102,283
651,-27,106,286
640,-32,111,289
628,-36,115,293
613,-36,128,284
604,-35,135,280
599,-34,141,274
594,-31,145,271
594,-32,146,272
594,-33,148,272
595,-35,148,273
594,-30,149,270
595,-30,148,273
596,-32,147,276
600,-34,145,278
603,-36,143,277
606,-34,141,277
609,-33,139,275
614,-34,136,275
619,-32,133,273
625,-35,128,270
629,-36,121,271
633,-37,117,267
639,-36,107,270
644,-35,99,271
649,-32,94,272
654,-30,91,272
659,-30,91,269
663,-30,91,266
667,-31,91,263
671,-24,89,261
674,-24,88,265
658,-23,87,267
665,-25,87,264
670,-22,87,262
672,-22,86,263
675,-19,84,264
678,-17,82,266
679,-17,81,268
679,-16,79,272
679,-16,78,276
679,-18,76,277
678,-18,76,275
678,-19,75,271
676,-17,75,267
674,-13,76,265
673,-18,76,264
670,-21,77,260
668,-23,78,258
666,-24,78,256
663,-19,79,254
660,-16,81,252
657,-16,81,251
649,-15,83,250
645,-13,83,248
643,-11,83,246
642,-13,82,246
642,-13,81,244
643,-10,80,242
645,-13,79,241
647,-14,77,241
648,-11,75,239
649,-11,72,240
649,-2,71,242
648,0,71,245
649,1,70,247
649,0,72,250
648,0,73,251
647,-2,74,253
645,-5,77,253
644,-4,78,252
642,-4,79,254
639,-5,81,256
637,-6,81,260
635,-10,82,262
633,-8,84,264
630,-12,86,266
625,-12,91,268
622,-12,94,271
618,-11,99,272
615,-12,102,273
613,-10,107,274
612,-8,109,279
610,-9,110,280
610,-6,110,282
606,-8,112,282
603,-4,114,282
600,-1,114,283
598,-4,114,284
593,0,120,277
589,2,123,272
587,6,126,269
610,-4,129,268
587,7,128,270
605,17,150,254
583,15,144,267
598,25,171,249
570,46,184,240
567,40,195,235
552,23,176,260
559,13,161,282
562,8,151,292
564,11,145,296
571,6,135,303
579,2,124,313
585,0,117,319
589,2,112,322
595,4,109,323
599,5,105,324
606,3,102,324
613,2,100,323
618,-2,97,321
624,0,94,318
628,-3,90,316
632,0,86,311
638,3,83,306
643,1,80,303
647,17,78,293
651,15,76,288
653,11,74,287
654,12,74,284
656,14,74,280
657,6,73,278
660,6,73,275
662,-1,73,272
664,-7,72,274
667,-5,72,273
669,-1,73,274
670,-7,73,277
672,-10,72,281
671,-6,74,282
670,-8,75,282
669,-8,76,282
670,-11,77,281
669,-10,77,281
668,-13,78,280
668,-10,78,280
666,-15,79,281
664,-18,79,284
662,-14,79,285
662,-19,80,284
658,-16,81,283
640,-13,85,279
643,-16,86,280
643,-12,87,280
642,-16,88,283
641,-19,88,284
642,-21,88,284
642,-17,89,284
641,-18,90,282
641,-18,94,278
640,-17,97,275
638,-20,99,269
639,-14,99,267
639,-8,100,266
638,-7,100,270
637,-11,102,271
639,-15,101,271
638,-5,103,271
633,-3,110,267
615,7,117,261
617,5,121,261
616,7,127,260
617,1,130,260
618,2,133,259
618,2,134,260
618,-2,135,260
619,-2,135,260
622,0,136,259
623,-5,136,258
625,-5,136,257
627,-5,135,258
629,-6,135,257
633,-10,133,257
638,-11,133,256
642,-12,130,255
647,-8,125,258
651,-13,121,260
655,-15,119,259
656,-12,119,257
659,-11,120,255
661,-10,119,254
669,-10,115,259
678,-8,109,264
687,-12,100,271
694,-15,93,274
700,-13,88,276
706,-14,85,273
710,-14,83,270
711,-17,83,268
711,-20,83,266
712,-18,84,264
712,-22,84,261
714,-16,86,258
713,-17,88,255
714,-16,89,252
714,-15,90,250
711,-8,91,251
711,-17,91,250
712,-21,97,243
702,-14,101,240
705,-17,96,241
705,-18,91,247
688,-10,92,250
688,-6,91,251
686,-7,93,253
684,-10,95,255
681,-9,96,257
676,-12,101,257
675,-12,104,256
674,-12,106,255
673,-13,108,254
667,-14,115,251
664,-15,119,250
660,-18,123,251
658,-17,127,250
656,-16,129,247
655,-15,131,247
656,-13,132,246
622,-7,138,244
657,-18,138,244
627,-11,143,241
620,-9,147,240
658,-18,147,239
657,-16,148,238
657,-18,148,236
660,-18,148,234
676,-14,145,235
672,-21,146,233
673,-19,146,233
690,-17,142,236
691,-18,140,238
714,-14,127,249
708,-19,132,246
724,-11,131,249
722,-13,134,246
725,-9,134,246
733,-10,132,246
741,-9,127,247
747,-10,121,250
753,-9,116,250
759,-11,111,252
762,-13,110,254
765,-15,111,255
767,-16,112,255
770,-19,114,255
770,-16,116,254
769,-14,118,253
769,-17,121,251
770,-19,123,250
761,-22,125,249
753,-22,126,248
764,-26,128,246
764,-24,134,238
755,-19,134,238
759,-20,138,236
751,-18,137,240
755,-19,138,239
744,-19,138,242
751,-20,139,242
743,-24,138,242
752,-29,139,241
754,-30,140,236
737,-25,137,240
742,-32,137,237
743,-23,135,238
740,-27,135,235
722,-16,132,241
726,-25,130,246
707,-17,130,247
710,-17,131,248
706,-9,131,252
704,-15,133,252
698,-9,135,252
696,-19,138,249
710,-10,139,250
688,-17,141,248
702,-9,142,249
694,-16,143,249
703,-19,144,250
690,-24,147,247
738,-12,141,253
696,-24,149,247
749,-16,133,261
774,-9,122,268
773,-20,115,272
771,-27,108,274
714,-32,126,258
710,-30,140,244
709,-25,151,231
725,-18,148,231
737,-17,143,231
742,-22,136,234
750,-23,129,236
767,-15,119,246
768,-19,114,251
771,-20,110,255
776,-24,106,258
780,-26,103,257
782,-24,100,259
785,-26,97,260
785,-27,96,260
787,-32,96,259
787,-33,94,260
786,-29,95,259
784,-28,97,259
782,-30,99,258
778,-30,109,249
775,-25,117,242
772,-23,121,237
758,-17,121,242
759,-17,116,252
757,-16,113,260
742,-18,110,266
742,-21,105,275
741,-24,101,281
740,-25,99,284
739,-22,99,284
736,-20,100,284
735,-18,103,283
732,-16,107,280
729,-14,110,280
723,-14,115,277
717,-13,120,274
715,-13,125,271
713,-11,129,270
711,-12,133,268
712,-13,135,268
713,-16,136,268
709,-15,137,266
708,-14,140,264
707,-15,143,260
707,-14,145,258
719,-13,144,255
719,-12,143,253
722,-10,143,252
727,-12,143,252
743,-9,138,253
752,-13,134,253
759,-10,132,253
768,-10,127,255
776,-11,121,258
781,-7,118,259
787,-10,114,262
794,-12,112,264
799,-11,110,264
806,-5,108,264
809,-3,107,267
811,-4,107,269
816,-7,107,270
818,-11,104,270
818,-13,104,271
817,-10,105,270
817,-12,106,270
817,-11,107,268
817,-11,108,267
816,-13,108,268
817,-15,109,268
816,-17,111,268
816,-17,112,265
816,-19,113,264
816,-20,112,263
817,-21,113,260
819,-19,112,259
819,-19,109,261
818,-18,115,259
815,-16,121,256
812,-15,122,255
800,-20,112,262
804,-22,107,268
801,-20,111,270
797,-19,113,273
795,-21,113,279
775,-14,104,288
777,-16,100,294
777,-19,97,300
775,-20,97,304
754,-21,98,300
751,-20,101,294
747,-14,104,290
744,-13,107,284
739,-8,110,278
731,-8,113,277
723,-12,120,270
716,-9,125,268
713,-7,130,265
710,-9,133,263
706,-9,135,262
706,-22,138,260
706,-33,141,257
702,-23,144,253
702,-22,147,251
701,-31,151,246
698,11,156,244
695,-7,159,242
694,-16,162,239
695,-10,164,239
697,-8,165,239
716,-6,162,243
716,-10,159,246
731,-13,156,249
730,-16,154,252
732,-16,152,252
734,-19,150,252
740,-19,147,252
747,-19,144,252
756,-20,137,254
767,-20,125,263
774,-25,116,268
781,-23,108,274
788,-31,103,275
797,-32,98,275
805,-25,93,277
813,-22,90,277
820,-20,87,277
823,-24,85,279
822,-32,84,280
819,-33,85,278
814,-30,87,274
797,-20,92,266
797,-23,96,262
794,-15,100,261
790,-17,108,253
786,-17,114,248
780,-7,120,244
777,-1,124,241
775,-7,126,239
768,2,130,240
763,-1,134,239
753,13,142,231
753,2,144,230
753,-1,146,231
741,-1,150,227
736,1,155,223
736,1,158,221
731,-7,164,216
725,2,168,214
724,4,170,215
726,4,171,216
724,-5,173,217
878,-2,153,234
886,-5,138,247
890,-16,134,248
896,-16,126,253
900,-11,122,256
902,-9,121,257
902,-3,117,263
903,-10,117,262
905,-1,113,266
908,1,111,268
908,-7,109,271
908,-16,112,267
908,-22,115,260
924,-17,118,255
916,-20,118,254
892,-19,119,249
889,-3,119,248
884,-5,119,246
866,-28,119,239
738,-24,134,223
730,-16,142,214
728,-9,143,216
729,-11,141,217
732,-2,136,225
731,5,136,227
730,-2,136,229
773,-15,153,216
767,-7,164,209
704,18,158,214
753,0,163,212
757,-10,167,210
757,-16,169,208
700,28,166,212
818,27,155,221
819,18,146,229
825,4,130,245
829,10,122,250
833,1,112,259
835,18,104,265
836,9,99,270
835,-5,97,271
834,-2,95,271
833,1,94,271
850,0,93,271
847,9,92,272
957,-22,90,272
977,-25,89,272
975,-31,87,271
973,-36,85,268
971,-40,85,265
970,-41,84,262
969,-28,83,259
987,-31,82,255
984,-34,81,249
980,-39,83,240
859,29,79,245
859,-8,80,243
857,-5,81,242
854,22,80,243
855,25,78,246
856,29,77,249
858,34,76,250
858,22,76,251
859,4,77,250
859,10,79,248
858,12,79,247
874,8,79,248
869,-13,79,246
867,2,81,243
864,0,82,241
780,-13,83,243
774,-9,85,243
773,-17,89,241
872,-29,92,228
870,-23,94,222
869,-15,95,216
869,-6,97,211
871,-13,99,205
871,-5,101,202
873,-14,103,199
870,-19,113,186
872,6,108,196
872,-2,107,196
884,-4,106,197
882,3,100,204
881,-10,100,200
894,-9,99,199
890,-6,99,196
885,-1,100,193
882,0,101,191
881,-8,102,188
882,-3,101,187
882,-1,100,184
882,-2,99,183
880,-2,98,183
880,-4,97,184
896,-11,95,185
893,-3,95,189
891,-4,95,193
889,-5,96,197
887,-5,97,200
884,-5,99,203
883,-5,100,207
881,-6,100,209
879,-5,100,209
877,-7,101,209
890,-11,101,211
886,-7,101,209
884,-3,100,211
883,-2,100,211
899,7,98,220
894,0,98,224
890,-15,100,220
873,-26,101,213
872,-19,102,209
869,-14,102,207
869,-23,103,202
869,-16,104,198
867,-10,105,197
866,-19,111,188
862,-15,116,182
861,-9,115,182
859,-1,113,183
856,-11,118,177
858,-5,114,180
859,-5,110,185
861,-4,106,190
861,-3,104,194
860,-13,104,192
859,-9,105,192
874,-7,105,193
856,-6,103,200
857,-4,97,211
856,-1,94,218
854,-2,92,225
853,-5,91,230
869,-4,94,230
866,-4,97,229
864,-5,99,227
785,57,92,238
788,134,88,242
787,126,87,243
785,82,86,245
783,81,86,245
862,1,86,248
857,6,86,249
853,7,86,250
849,11,86,250
847,13,84,253
830,57,83,251
848,40,83,250
847,30,83,249
860,-23,88,241
843,44,89,237
855,-22,92,231
851,-13,93,228
846,-23,97,218
841,-17,97,216
835,-19,102,207
833,-12,102,206
836,-10,102,206
834,-13,103,202
835,-12,102,203
836,-10,102,207
848,-3,103,209
843,0,103,210
838,2,103,214
836,-2,97,223
838,-10,91,236
839,-12,88,245
840,-14,85,254
840,-9,83,259
858,-6,85,261
854,-4,91,258
869,-7,97,256
867,-14,99,256
861,-15,106,251
857,-13,110,247
855,-13,113,244
854,-13,116,242
853,-14,118,239
851,-13,119,235
847,-2,120,238
844,-6,120,239
820,7,118,243
815,6,116,246
809,6,114,247
803,2,113,252
797,3,113,256
791,3,112,258
787,3,110,257
720,-4,105,269
764,44,107,264
788,24,103,267
792,29,99,270
745,120,99,270
745,118,99,269
795,30,97,273
798,39,95,275
729,-44,131,246
689,-30,163,220
683,-21,182,205
679,-16,196,196
675,-13,206,192
641,-6,199,194
653,-10,195,195
657,-14,196,193
644,-12,195,190
649,-15,197,187
635,-11,196,186
649,-21,215,171
615,0,209,176
593,-16,222,165
581,2,221,170
586,-15,227,165
587,-11,231,162
775,11,200,186
785,7,178,206
789,2,170,214
793,-2,159,226
796,-4,150,237
798,-8,143,244
817,-5,140,246
816,-4,137,248
754,121,122,267
754,123,122,268
751,89,121,272
754,54,114,279
778,40,112,280
785,25,103,291
791,30,97,297
797,17,91,303
802,26,88,304
804,20,87,297
808,24,84,292
810,32,82,287
813,20,81,282
817,24,79,278
820,18,76,276
821,42,76,275
823,12,75,278
905,3,77,275
936,42,86,262
931,32,84,260
928,21,82,261
925,14,79,265
927,12,73,272
928,15,69,275
942,24,70,273
937,31,69,268
932,21,69,266
927,16,68,268
941,23,69,268
937,30,67,266
934,35,64,268
931,20,63,269
947,31,64,265
944,45,64,261
942,36,64,260
939,41,62,262
935,29,63,264
929,12,64,266
941,48,72,254
935,39,78,249
933,19,77,251
1033,-8,73,257
1034,-1,70,262
1035,3,68,267
1035,-10,67,271
1036,-6,66,273
1054,-13,68,269
1052,-13,70,263
1032,-7,68,270
1032,-6,66,275
1032,-5,65,282
1032,-3,65,286
1031,-13,66,289
1030,-19,68,287
1031,-24,69,283
1047,-14,81,270
1025,-18,88,260
1004,-3,84,265
1027,-12,91,256
1005,-3,86,263
1007,-12,84,264
1008,-10,81,267
1009,-17,80,265
1011,-13,79,266
1012,-21,78,265
1011,-11,78,264
1012,-22,77,264
1012,-13,77,262
1010,-9,76,264
1010,-18,76,261
1009,-7,75,261
1008,-8,74,262
1008,-19,74,259
1007,-10,74,258
1005,0,73,261
1005,-13,73,260
987,-10,71,263
986,-19,71,264
1006,-9,74,259
985,-19,74,260
984,-7,75,259
983,-16,75,258
982,-9,75,256
981,-4,75,256
961,-15,74,257
981,-27,79,255
958,0,77,257
959,-12,77,257
959,-4,76,257
958,-13,76,258
960,-23,76,259
941,-17,73,261
963,-11,73,262
965,-15,73,262
946,-17,71,264
946,-18,69,267
947,-22,69,268
945,-18,69,267
964,-15,69,265
963,-20,69,266
961,-12,69,264
959,-9,68,266
1001,-23,70,263
958,-12,70,261
956,-8,68,264
976,-16,69,263
954,-10,68,264
996,-9,70,262
954,-1,69,265
973,-5,69,264
951,-10,69,264
949,-2,68,265
965,-4,69,265
961,-6,68,264
959,-9,68,264
957,2,67,267
955,-3,67,267
953,-7,67,267
968,-1,67,267
965,-9,67,267
961,-8,67,268
959,-2,67,270
955,0,67,270
973,-9,67,270
953,-14,66,272
970,-11,66,273
969,-8,65,277
969,-19,64,278
968,-14,64,277
966,-5,64,277
964,-12,65,274
964,-7,64,274
963,-1,64,276
963,-1,64,277
963,-13,64,275
964,-8,64,276
963,-2,64,280
962,1,64,281
961,-10,64,281
961,-3,64,281
961,-12,64,280
960,-3,64,282
960,-2,64,283
977,-8,65,281
975,-9,66,279
972,-10,66,277
969,-2,66,279
968,-5,66,278
968,-12,65,276
968,0,64,278
968,-4,64,278
969,-11,63,278
971,-5,62,279
973,-15,61,277
973,-4,61,278
990,-9,62,274
989,-11,63,272
984,0,63,275
983,-6,64,273
984,-10,64,272
983,-12,64,272
982,-10,63,273
982,-10,63,272
981,-11,63,270
981,-12,63,269
980,-11,62,267
979,-9,62,266
979,-1,62,269
979,-9,62,269
978,-10,62,268
977,-1,62,269
975,-12,62,270
974,-4,63,270
972,-7,64,272
970,-8,64,273
970,-12,65,273
970,-15,65,273
969,-16,66,271
967,-11,67,269
966,-13,67,269
968,-7,67,270
967,-16,68,269
969,-12,68,268
969,-5,67,274
967,-19,68,273
967,-20,69,270
968,-6,76,264
985,-8,76,264
964,-9,72,270
964,-18,70,271
982,-4,71,270
980,-6,72,268
977,-4,72,269
976,5,70,273
977,-1,70,276
978,-4,70,277
978,-1,70,275
978,0,69,278
978,-2,69,280
978,-3,69,282
995,-6,73,281
991,1,75,284
989,-3,75,287
988,-5,76,285
986,-7,76,281
984,-13,76,273
982,-6,75,277
982,-8,75,279
983,1,73,289
983,-2,73,294
983,-7,73,298
1002,-10,77,295
1000,2,76,294
997,-6,74,291
997,-6,70,293
996,-9,69,288
1014,-16,69,282
1011,-10,69,278
1007,-3,67,278
1002,0,67,279
999,0,67,280
997,-3,67,278
996,0,66,277
995,-9,67,275
975,0,67,272
971,1,68,271
952,2,68,273
933,0,67,277
931,-8,67,280
912,-4,69,278
908,-2,68,281
890,4,69,282
890,4,69,285
885,4,70,288
864,9,71,287
862,17,71,288
858,21,71,289
837,34,72,288
820,28,73,287
680,25,87,279
653,20,90,282
650,19,93,285
650,21,94,288
653,27,90,295
653,32,88,297
653,28,88,295
652,35,86,295
652,33,85,293
628,34,90,290
626,36,93,288
622,36,98,285
620,45,102,279
618,50,106,274
617,39,107,275
615,36,108,275
612,46,112,271
609,54,116,265
607,48,119,264
607,56,122,258
609,51,122,260
609,61,124,254
609,52,122,257
610,63,124,252
610,54,122,254
611,51,119,258
611,61,119,256
612,55,118,258
611,50,117,261
611,64,118,256
611,58,118,258
613,66,119,251
612,60,117,254
613,55,116,256
614,49,114,261
615,50,114,262
616,47,112,266
614,61,113,262
615,56,114,263
617,51,114,265
618,65,114,258
617,60,113,258
617,56,113,258
617,55,113,258
618,50,112,260
616,70,116,253
615,63,118,252
613,75,120,248
614,68,121,247
615,59,120,249
615,77,123,247
613,71,123,246
614,65,124,245
629,80,125,244
625,74,125,245
622,71,126,245
622,63,124,248
622,58,123,250
623,55,122,252
624,50,121,255
625,46,121,258
625,44,120,259
627,41,119,261
627,40,119,263
627,39,119,264
625,55,122,258
625,51,122,258
625,45,121,259
628,39,121,262
625,54,123,259
626,45,123,261
627,38,121,264
628,31,119,268
628,41,118,267
629,33,117,269
631,29,115,272
631,23,115,276
630,36,117,271
631,30,116,274
631,24,115,276
632,21,115,279
631,40,118,271
629,37,120,269
629,34,121,269
628,28,120,271
629,20,119,275
629,18,118,277
630,15,116,280
630,15,115,282
630,30,117,274
616,23,109,282
622,20,108,281
625,18,108,283
626,15,107,285
626,12,106,286
610,10,100,292
617,9,95,294
622,9,91,294
625,9,88,295
626,8,85,294
626,15,84,293
625,18,83,293
625,17,81,294
625,13,80,294
624,13,80,293
623,16,80,294
623,14,82,291
623,16,83,290
622,20,84,290
622,17,84,290
621,18,84,291
620,14,85,290
621,12,85,291
621,13,84,292
621,9,84,296
621,9,85,297
620,5,86,300
620,9,87,296
621,8,87,295
621,16,87,295
623,11,87,293
625,5,88,293
625,7,87,293
626,5,86,294
627,4,86,295
629,2,86,294
629,1,86,294
631,0,85,295
632,-1,85,295
633,-3,86,294
635,2,86,296
635,-5,87,295
637,-9,88,293
638,-7,88,293
639,-7,89,294
640,-7,89,294
641,-6,90,295
641,0,90,296
645,-6,90,298
645,-2,89,301
650,-12,89,302
652,-5,88,304
654,-12,89,306
654,-5,89,307
657,-11,89,306
752,-16,90,304
659,-19,91,304
660,-16,92,305
756,-17,93,304
755,-19,93,303
754,-19,93,303
754,-20,93,304
755,-21,94,305
755,-22,94,306
755,-23,95,306
756,-24,95,307
757,-24,95,308
757,-26,95,310
758,-26,95,313
759,-28,95,314
783,6,93,313
759,-24,93,314
785,-5,91,314
784,-20,90,315
759,-27,92,317
785,-3,90,315
784,0,88,317
782,-13,86,317
779,-19,87,318
779,-22,89,316
804,-2,86,315
805,-6,84,317
803,-10,83,317
800,-9,82,317
798,-6,82,317
793,-13,83,316
767,-22,86,320
767,-25,90,323
767,-27,94,326
766,-28,95,326
767,-28,98,327
766,-31,99,326
765,-31,100,325
764,-34,100,325
765,-35,101,326
763,-34,100,326
761,-35,100,326
919,-14,96,327
920,-19,95,327
789,-12,93,323
764,-27,92,323
662,-32,90,320
662,-27,87,320
661,-32,85,318
661,-29,83,318
659,-36,82,314
658,-34,81,311
657,-27,80,311
659,-25,79,312
661,-28,78,312
661,-27,77,311
661,-29,77,310
662,-30,77,310
663,-25,77,310
661,1,78,304
774,-19,81,306
773,-22,82,306
771,-25,83,308
771,-27,85,307
771,-25,87,308
771,-24,89,310
771,-25,90,312
770,-26,91,313
770,-28,92,313
770,-25,94,315
769,-27,95,316
665,-28,92,313
763,-23,95,315
764,-28,96,316
663,-28,92,314
761,-24,95,315
763,-27,97,315
659,-30,93,316
656,-33,91,315
656,-36,89,313
656,-36,87,311
657,-35,86,310
656,-28,84,312
655,-31,83,313
656,-30,83,314
654,-30,84,316
652,-29,85,317
651,-30,86,317
649,-32,87,317
650,-32,87,316
649,-31,87,316
648,-32,87,315
647,-30,88,314
647,-31,88,313
646,-25,88,316
643,-35,88,314
644,-27,88,314
641,-33,88,311
641,-28,87,311
639,-29,86,312
638,-29,86,314
639,-28,86,314
636,-36,87,310
636,-29,88,309
634,-35,89,308
631,-30,90,307
629,-26,93,309
627,-31,94,309
625,-36,96,306
623,-23,98,306
622,-30,99,303
620,-24,101,306
620,-33,102,305
617,-25,105,306
615,-37,105,305
614,-26,106,307
613,-40,106,307
613,-28,107,309
615,-42,106,311
614,-31,107,313
615,-41,106,313
614,-34,106,313
613,-46,105,312
615,-37,105,314
616,-45,105,313
616,-34,105,311
617,-42,104,310
617,-31,104,309
618,-39,104,308
619,-39,104,307
619,-30,103,306
621,-39,101,304
623,-26,100,305
624,-30,99,305
626,-31,98,305
629,-33,97,307
630,-34,96,308
630,-35,96,307
631,-36,95,306
632,-37,94,304
633,-35,93,302
636,-35,92,298
638,-34,90,297
637,-24,89,296
639,-30,88,296
640,-25,87,298
640,-28,86,301
640,-28,86,304
640,-29,87,305
641,-32,87,305
641,-32,88,306
641,-36,88,304
642,-36,89,303
642,-34,89,302
642,-34,89,304
643,-37,88,305
642,-34,87,308
642,-38,88,310
642,-39,88,310
642,-38,88,310
642,-36,88,310
641,-40,88,310
641,-39,88,308
640,-38,87,307
639,-36,86,306
639,-37,86,303
639,-35,86,300
639,-34,86,299
638,-32,86,297
637,-33,86,292
636,-31,85,290
634,-30,85,289
631,-34,85,288
629,-31,86,290
626,-35,86,291
624,-37,88,292
622,-36,89,295
620,-37,91,297
617,-36,93,301
615,-34,94,302
611,-36,96,303
609,-37,97,302
608,-38,98,302
605,-39,99,301
602,-39,100,302
600,-40,101,302
597,-38,103,299
593,-37,105,298
590,-35,107,297
587,-34,109,297
583,-33,111,297
581,-32,118,293
574,-28,124,289
569,-28,129,287
565,-27,132,287
566,-29,133,280
565,-22,134,279
565,-25,135,275
560,-22,135,277
558,-21,136,279
555,-23,136,281
556,-24,137,283
553,-23,136,285
551,-29,131,294
553,-34,126,299
555,-36,122,303
555,-37,118,309
555,-38,115,312
556,-38,113,313
556,-40,111,316
556,-41,110,317
556,-39,108,317
554,-41,107,319
554,-43,105,322
554,-44,100,323
554,-43,98,322
551,-42,95,319
551,-40,92,317
550,-38,89,313
549,-37,86,311
548,-39,84,309
714,-35,88,305
738,-28,92,300
714,-28,93,301
738,-12,95,301
739,-12,97,301
740,-11,97,302
690,-23,98,304
666,-30,96,306
663,-31,95,308
659,-30,94,309
655,-31,93,310
727,-14,98,310
724,-4,102,310
723,2,105,314
721,8,106,315
720,-2,106,316
718,-15,107,317
538,-37,97,317
538,-37,90,318
536,-36,86,318
535,-37,83,317
535,-34,82,317
534,-34,80,317
532,-28,78,320
534,-27,77,323
537,-29,76,322
540,-30,74,319
544,-28,73,320
547,-27,73,319
550,-28,73,321
552,-32,73,323
555,-33,72,322
556,-34,72,320
557,-35,72,317
558,-37,71,315
559,-36,70,311
562,-34,70,309
563,-36,69,306
566,-28,67,313
566,-28,68,311
567,-30,68,310
568,-34,68,309
568,-35,69,308
569,-38,70,308
727,-13,72,315
748,-3,74,321
811,29,76,316
784,23,83,310
783,33,87,306
804,41,87,305
799,34,89,301
796,46,93,296
788,41,101,288
784,36,106,283
798,39,109,280
791,31,114,274
837,52,112,273
880,64,115,264
802,36,119,260
805,12,114,262
807,44,135,240
810,63,148,226
798,62,160,215
793,61,168,206
796,73,175,200
802,64,180,196
807,74,182,193
807,67,183,192
811,61,185,189
817,41,170,202
896,67,150,224
920,73,141,232
923,75,128,246
926,72,118,258
948,66,110,266
951,60,100,276
952,52,93,284
973,52,87,290
973,50,83,291
972,46,81,290
991,49,79,289
988,51,77,288
985,45,77,286
1004,45,76,283
1001,47,75,282
1019,44,75,280
1017,54,74,276
1016,49,75,275
1033,50,74,274
1031,61,73,272
1030,54,74,271
1046,58,74,270
1043,57,74,270
1042,63,76,269
1060,59,74,271
1058,57,73,271
1055,58,74,271
1072,58,73,271
1070,56,72,270
1068,57,72,268
1066,56,74,268
1084,54,74,265
1081,55,74,266
1081,64,75,265
1099,58,74,264
1096,58,75,265
1095,55,76,267
1111,56,77,269
1110,57,78,271
1109,57,79,273
1112,54,80,274
1132,53,78,278
1132,49,77,280
1132,45,76,282
1131,42,77,283
1132,45,77,282
1135,42,77,283
1156,39,75,284
1157,35,74,282
1158,45,74,282
1159,41,73,281
1160,45,74,282
1162,50,74,280
1164,38,75,280
1165,45,75,279
1167,38,76,279
1170,46,76,281
1172,43,77,284
1174,37,77,288
1176,30,77,292
1178,30,79,296
1181,27,78,301
1184,37,77,304
1188,34,74,307
1189,30,73,311
1191,28,71,314
1191,21,70,315
1193,18,70,317
1194,16,69,317
1196,15,69,319
1198,10,69,321
1198,8,69,322
1198,10,69,325
1197,13,69,324
1197,16,69,323
1196,16,70,325
1196,17,70,326
1195,20,70,327
1172,15,73,326
1173,10,75,323
1175,7,75,322
1175,9,76,323
1176,8,76,328
1151,19,80,329
1151,12,80,327
1150,10,81,326
1148,7,79,326
1146,15,79,327
1142,23,79,327
1118,16,82,320
1118,15,83,319
1116,16,83,317
1114,17,82,317
1112,20,81,317
1110,17,80,316
1086,21,81,313
1086,15,82,312
1086,21,83,311
1085,19,83,311
1085,24,82,312
1084,18,81,312
1082,22,81,313
1057,29,86,308
1057,21,87,308
1057,23,87,310
1057,16,86,313
1033,23,88,313
1033,16,86,316
1032,25,84,316
1008,23,83,315
1008,15,81,317
984,27,83,314
986,15,80,316
961,28,82,314
963,18,80,315
939,29,80,312
941,18,79,313
917,9,78,313
894,26,79,312
895,16,78,313
872,27,78,312
848,19,78,311
850,13,77,312
827,23,76,313
828,11,75,316
805,6,75,318
805,15,73,320
781,6,74,323
781,13,72,325
755,3,74,321
757,0,73,321
733,16,73,320
734,6,74,324
710,17,77,324
712,8,77,326
713,-4,77,328
711,8,75,332
686,0,76,336
685,7,77,334
685,-2,77,338
685,6,76,341
685,-5,77,346
685,0,77,348
685,-11,77,349
684,-1,77,352
661,-20,78,353
662,-17,79,355
663,-15,81,357
664,-21,82,356
665,-15,82,359
666,-21,82,360
667,-26,83,360
669,-30,83,358
672,-34,82,357
672,-32,82,354
673,-24,80,358
672,-30,81,359
647,-32,82,364
648,-33,83,367
649,-41,85,364
650,-39,85,368
651,-36,87,368
651,-37,88,372
652,-39,90,368
654,-35,89,373
654,-36,91,370
656,-28,90,376
659,-35,90,376
660,-37,90,372
663,-39,90,369
666,-30,89,370
666,-40,89,367
668,-33,88,370
669,-38,89,371
670,-30,89,373
670,-36,90,373
670,-28,91,375
670,-38,91,376
670,-27,91,382
670,-34,92,385
670,-38,93,387
670,-40,93,382
667,-41,95,371
664,-31,93,372
660,-38,93,372
833,-25,91,370
834,-16,90,370
836,-16,89,368
838,-17,87,367
841,-17,86,369
840,-19,85,370
840,-16,85,375
840,-17,85,379
840,-16,86,382
841,-21,86,384
