562,153,413,373
554,156,419,368
552,160,426,367
551,162,429,368
552,164,432,369
551,165,436,371
552,164,436,373
550,167,433,376
552,167,431,379
552,166,427,383
555,167,423,387
555,166,419,391
559,164,415,395
558,165,414,399
558,165,412,406
559,165,410,410
558,167,408,414
558,168,405,420
558,165,403,424
559,167,398,427
559,165,394,430
564,166,390,433
565,165,388,436
567,163,387,442
568,163,387,448
568,162,389,452
568,162,391,456
565,162,392,460
563,162,392,465
562,162,392,469
560,162,391,473
561,163,387,477
558,161,387,478
557,164,387,478
553,164,389,479
554,161,387,483
551,161,387,486
553,159,387,488
555,166,388,487
552,163,391,489
550,166,396,486
548,162,399,487
548,164,402,487
548,158,405,488
550,160,406,488
549,158,408,488
545,160,410,485
547,160,410,484
548,158,412,483
548,156,415,481
548,152,419,481
547,156,422,481
547,153,425,481
545,151,426,483
544,154,428,481
542,149,429,481
542,151,429,478
547,153,426,475
544,150,425,476
543,151,423,473
545,150,423,472
545,146,424,469
544,149,425,465
548,148,428,460
553,148,434,453
553,145,440,451
551,146,446,448
551,144,452,446
546,146,456,440
545,147,455,435
546,149,456,431
541,148,457,426
545,148,461,422
543,145,465,418
545,146,469,414
542,145,473,410
545,142,476,407
545,141,480,404
544,142,484,400
547,145,488,394
543,144,492,392
545,146,493,389
542,149,494,386
544,148,492,383
542,150,493,380
542,145,493,379
543,147,494,376
545,148,494,372
542,147,493,371
544,142,492,368
544,140,490,362
544,149,488,358
548,143,484,354
545,135,481,352
548,139,478,345
545,138,476,340
546,134,474,335
544,133,472,328
543,131,470,321
542,128,467,314
543,128,465,307
545,127,463,299
545,131,468,287
543,135,472,279
538,132,474,272
539,133,472,265
535,134,472,261
537,136,469,259
536,135,469,258
534,135,470,259
535,136,467,259
533,139,464,261
531,140,449,275
528,119,446,271
526,131,431,280
532,127,418,289
531,119,404,297
531,109,393,302
534,104,381,311
534,93,371,317
539,83,361,323
536,73,351,331
544,62,342,336
543,53,335,343
539,47,327,353
542,34,322,361
540,26,315,371
538,18,307,382
532,11,300,388
532,7,295,395
535,8,292,403
536,5,292,408
538,7,293,408
536,2,295,406
537,0,298,403
539,-2,300,402
540,-6,302,397
542,-9,303,394
542,-7,306,389
542,-6,309,387
541,-5,311,384
541,-1,314,380
541,-1,315,381
542,-1,316,382
540,0,317,384
540,0,318,384
543,0,321,385
545,-1,326,386
549,-1,331,384
548,-3,338,385
550,-3,344,386
551,-4,349,387
549,10,351,387
559,9,356,382
557,9,358,380
560,9,359,379
560,11,360,377
555,10,358,378
563,-16,359,369
556,-5,357,368
552,4,356,369
550,9,355,372
549,7,353,374
546,9,350,380
543,12,346,384
538,10,343,389
539,12,343,395
534,13,342,401
540,7,342,404
538,4,343,406
533,2,342,409
540,3,344,408
539,-2,346,406
534,-5,347,405
551,-14,350,401
533,-10,349,404
528,-10,343,406
526,-6,337,409
524,-6,331,413
522,-2,324,418
526,-2,318,420
523,0,312,423
527,-3,303,424
530,-8,293,424
529,-11,286,422
523,-7,281,417
523,0,267,418
525,5,258,418
532,-4,254,418
527,0,249,413
531,3,245,411
539,21,244,411
532,-15,246,394
541,-15,250,374
528,-10,253,357
538,-12,253,338
536,-10,255,320
545,-9,257,306
547,-11,261,296
550,-17,266,283
547,-19,269,270
544,-15,276,260
544,-16,284,251
552,-14,292,244
556,-14,298,238
562,-13,304,233
571,-13,306,227
595,-13,303,222
610,-18,300,215
621,-17,297,210
627,-13,296,204
628,-11,299,201
598,-5,318,194
592,-3,334,190
584,-2,351,187
598,-4,354,185
554,19,366,190
556,20,379,195
550,18,387,199
542,25,395,204
536,30,400,212
535,33,404,219
546,15,405,219
525,22,405,222
526,6,403,221
520,12,400,224
518,-2,396,221
514,5,393,221
516,-8,386,219
515,7,373,228
517,-2,361,231
516,-7,351,229
516,-11,340,226
513,4,334,228
514,-2,327,227
512,-10,322,223
526,-12,314,219
517,-18,310,215
525,-1,302,217
532,-13,296,219
520,3,289,224
527,-3,281,226
517,3,274,234
522,-2,267,235
523,-5,261,235
513,-1,258,240
517,-7,255,240
512,-3,254,243
506,68,249,272
507,78,245,292
509,48,242,315
508,31,241,335
509,27,243,346
512,20,247,357
515,20,251,363
513,17,255,368
517,13,258,373
516,12,264,374
519,13,270,374
524,18,266,376
529,26,264,372
531,34,262,366
533,39,262,362
535,41,263,358
536,43,264,356
537,45,267,352
537,47,270,351
537,48,275,352
538,47,278,354
538,45,281,358
538,46,284,361
539,46,287,365
542,46,291,366
537,43,308,363
536,45,322,363
532,46,334,365
528,51,345,368
525,54,351,370
524,57,356,373
522,60,360,377
522,60,365,380
520,61,368,382
520,61,372,384
517,62,374,386
519,65,376,388
515,68,376,387
518,71,376,385
514,72,375,381
509,75,373,379
505,77,370,378
505,82,367,376
503,84,364,372
502,87,361,370
500,89,359,368
496,92,356,365
492,95,352,361
490,96,347,358
490,98,343,354
485,102,339,350
484,108,334,348
480,109,331,344
477,115,327,343
474,114,324,342
473,120,320,341
472,120,318,339
472,119,316,341
468,116,314,345
466,119,311,349
465,123,309,353
457,126,304,357
452,128,301,360
447,129,296,361
443,129,292,361
442,133,290,360
440,134,287,359
439,133,284,360
436,133,281,361
432,132,278,363
433,137,275,366
429,137,272,369
427,139,269,371
423,138,267,373
422,138,265,373
418,137,264,374
415,139,261,376
414,139,259,378
411,137,257,380
408,133,252,386
405,130,248,391
400,126,246,394
396,125,245,396
390,126,245,398
384,125,245,399
378,126,245,401
371,124,245,398
367,123,246,396
359,125,250,392
346,127,254,386
339,125,257,380
332,124,257,378
323,124,256,376
317,124,257,371
309,120,257,369
303,123,258,363
297,126,259,357
284,128,262,349
279,130,266,341
273,140,271,331
266,137,275,324
257,144,281,316
252,146,286,309
246,149,294,304
244,147,302,302
230,150,309,297
227,146,319,295
221,142,329,293
215,141,338,292
210,139,348,291
206,143,354,289
203,143,360,289
198,146,367,287
192,149,372,287
167,150,381,280
166,149,389,278
155,150,401,277
143,147,412,278
102,152,439,264
83,160,464,255
70,164,482,251
57,166,498,250
57,163,506,250
55,162,511,250
53,162,514,252
49,161,518,253
50,161,521,252
49,161,523,252
40,169,531,253
46,165,528,256
38,172,533,257
63,158,516,272
75,154,507,285
84,150,500,293
89,146,496,300
95,147,493,305
97,145,492,311
101,142,491,315
101,143,493,320
102,146,494,326
81,149,497,327
96,147,497,332
102,148,497,338
101,149,498,348
101,149,500,355
101,148,502,359
102,147,504,365
105,147,505,370
107,147,506,372
108,142,507,373
112,137,506,370
118,134,505,369
121,130,500,365
127,128,495,362
133,129,491,358
135,129,487,353
143,128,483,349
147,130,481,345
152,159,474,350
153,149,473,350
152,142,474,349
157,137,471,346
158,139,471,344
160,141,471,343
161,144,470,344
164,141,469,343
166,142,468,343
170,140,465,344
173,141,461,345
177,139,457,346
180,137,455,344
180,133,454,343
187,165,448,350
188,156,443,352
187,146,442,351
191,142,439,352
175,177,438,354
187,155,437,356
194,146,435,355
196,143,435,354
199,145,435,352
185,188,432,355
196,135,432,351
206,183,427,356
208,141,425,354
211,142,422,354
214,141,419,353
217,139,417,351
221,138,414,349
224,137,411,346
228,136,407,345
226,130,401,339
237,130,399,337
242,134,395,336
241,135,389,329
253,140,386,327
248,140,381,324
258,141,380,322
253,137,377,320
266,138,375,319
262,136,371,316
265,134,368,314
268,133,364,313
281,140,363,314
285,138,359,315
287,133,356,315
289,133,354,315
289,129,352,316
289,124,351,317
293,121,349,318
299,123,345,320
304,120,339,323
308,116,333,325
321,106,331,325
314,106,327,322
328,98,327,321
320,100,324,321
331,89,322,319
327,77,322,312
334,89,317,316
341,72,316,311
340,85,313,315
341,67,315,310
341,76,315,313
340,60,319,308
342,70,319,313
324,49,328,303
328,54,332,301
327,56,336,302
329,58,338,307
328,56,340,314
327,54,341,321
306,32,350,313
314,39,355,315
317,40,360,317
316,43,362,322
316,45,365,327
315,46,366,332
312,45,370,337
307,44,375,340
305,45,380,340
302,49,385,341
300,55,388,346
299,61,390,353
295,45,397,344
294,61,401,347
292,51,406,339
294,67,409,342
291,55,416,335
292,68,417,333
289,71,419,333
288,74,421,332
294,76,421,332
303,80,415,337
309,82,409,340
322,62,408,335
326,67,404,333
317,72,402,328
329,76,397,328
334,77,393,327
323,74,392,321
329,85,393,321
323,82,391,316
331,92,391,318
320,67,395,308
330,82,397,305
328,87,399,306
324,93,401,308
328,93,400,313
326,93,400,317
326,88,400,320
327,85,400,322
326,79,402,324
327,74,404,327
328,69,406,329
327,63,407,331
327,58,409,333
325,49,410,336
322,46,412,339
323,39,412,344
321,31,412,348
326,26,411,352
327,16,406,355
334,15,404,360
340,15,400,370
340,7,396,376
340,6,393,379
342,6,390,381
351,14,388,384
352,13,384,385
354,13,379,383
357,11,375,379
360,15,371,376
363,19,367,372
368,25,361,367
373,25,356,362
377,28,352,358
383,27,346,355
385,29,341,353
388,29,337,350
390,30,333,351
393,32,330,351
396,32,327,350
398,34,325,348
400,35,322,348
403,36,319,348
406,39,316,351
407,43,314,354
409,42,312,351
409,50,310,350
412,55,309,348
413,61,307,346
415,66,305,342
415,73,304,337
417,79,303,333
417,85,301,328
423,93,298,326
423,100,296,321
429,108,294,316
429,114,292,311
429,121,292,306
429,125,290,302
432,132,287,298
432,139,285,295
432,146,284,291
434,131,282,290
432,143,283,288
430,154,283,287
431,155,283,288
431,137,282,290
433,147,282,291
432,153,283,291
432,159,285,289
430,156,285,290
433,152,286,292
435,149,287,295
433,146,288,298
438,145,286,300
440,148,285,301
439,150,285,301
442,152,283,301
442,151,283,303
443,151,282,306
446,145,279,310
445,145,279,314
446,146,279,314
433,176,287,303
432,163,291,300
436,151,289,305
430,168,292,302
436,150,289,308
430,164,290,308
439,145,285,315
440,132,277,327
447,128,272,336
452,122,267,343
449,132,270,344
451,122,265,348
453,120,262,353
452,119,259,357
451,127,260,358
454,121,257,362
458,119,249,373
467,118,241,380
471,119,236,383
469,117,230,387
475,116,225,392
476,117,221,394
478,118,219,396
476,117,216,400
478,124,215,402
480,129,213,405
479,120,211,410
480,133,210,410
481,126,208,414
482,126,205,421
484,129,203,425
482,142,201,429
485,131,202,433
487,148,201,441
491,171,200,455
492,187,199,469
492,170,198,482
491,163,199,494
490,154,200,507
485,151,204,517
485,134,201,517
486,126,198,517
488,132,197,519
488,129,195,520
491,134,191,525
491,139,188,530
492,140,188,532
489,141,192,543
486,137,192,548
486,139,193,553
488,138,193,555
492,141,192,555
493,136,191,558
498,140,189,557
498,139,188,556
503,138,188,549
504,136,185,549
509,133,182,548
510,138,180,544
514,144,178,539
517,139,177,532
520,141,173,528
524,141,171,526
525,148,168,526
529,145,167,522
530,152,165,520
535,148,163,517
535,152,160,515
539,149,159,512
538,157,156,509
539,157,154,505
541,167,152,501
540,176,148,500
542,183,146,495
546,191,143,489
547,176,139,493
546,193,137,496
546,175,134,502
548,187,132,502
550,193,131,498
549,172,129,498
551,192,128,501
550,173,128,501
555,185,129,497
550,169,130,500
554,178,133,499
550,166,133,499
556,171,137,497
554,162,139,498
556,158,141,497
556,162,143,496
557,159,147,495
558,161,150,488
559,168,153,480
556,167,156,472
556,168,157,465
557,167,158,463
556,164,161,461
554,168,162,459
554,164,164,460
554,165,165,460
560,175,168,455
561,170,169,454
557,165,169,454
557,166,170,453
558,165,170,454
555,161,170,456
558,163,171,456
556,165,171,455
556,158,170,458
557,160,170,458
556,157,171,461
555,150,172,464
554,157,174,467
552,149,174,469
550,151,173,470
547,159,175,469
542,162,177,467
536,160,177,469
531,154,180,470
527,144,182,473
523,162,186,474
519,156,187,475
513,178,190,471
509,162,190,474
506,160,189,481
502,158,188,488
497,153,188,492
494,152,188,495
490,147,187,500
486,141,186,503
480,136,186,506
478,138,186,509
474,133,187,510
466,126,187,514
465,132,186,516
459,126,186,521
454,129,188,524
449,120,188,523
444,118,185,515
446,126,182,515
441,129,180,510
441,125,178,509
443,125,176,502
439,132,172,500
439,130,168,501
439,129,164,502
441,131,161,499
443,138,157,501
447,147,153,504
450,138,148,504
454,152,145,509
456,155,143,513
457,144,141,518
458,149,138,525
461,147,136,529
464,140,135,531
464,140,134,534
467,143,133,537
467,144,132,541
467,139,132,543
468,133,132,540
470,133,132,538
468,142,132,533
470,141,132,532
470,149,132,527
475,140,131,527
473,139,130,523
474,149,130,520
480,140,128,519
479,150,128,518
479,145,127,519
480,146,126,519
481,142,126,518
484,142,125,514
486,148,125,510
486,148,124,508
487,149,123,507
488,151,123,503
488,152,123,504
486,160,123,501
487,163,124,498
486,172,125,493
485,165,126,489
485,168,127,485
482,176,127,483
482,176,129,480
482,175,130,476
481,175,132,473
481,186,134,469
481,196,137,464
480,199,140,460
480,199,143,459
480,193,145,459
483,190,147,461
485,187,149,465
488,185,151,466
493,178,150,473
496,158,149,476
500,159,148,484
503,155,147,484
505,160,146,492
507,162,145,496
510,160,144,493
513,163,143,498
514,159,141,508
515,160,139,515
516,159,138,520
517,151,136,529
517,160,135,533
518,164,134,536
520,155,133,543
520,153,133,547
521,152,132,550
522,145,131,555
523,142,130,560
525,137,129,565
525,143,129,563
526,146,129,564
527,144,128,564
528,133,128,564
529,138,127,563
530,142,127,559
531,145,126,556
533,151,126,552
535,158,125,546
534,163,124,544
535,159,122,543
535,169,123,540
537,170,123,536
535,169,122,536
535,166,123,539
537,171,123,535
538,168,123,533
538,165,123,534
538,164,124,536
539,164,124,538
539,159,124,539
542,160,124,539
543,155,123,542
545,150,124,540
552,150,125,532
556,150,124,525
554,158,125,524
555,159,127,518
558,163,128,511
558,164,129,512
558,164,130,511
560,165,130,511
562,167,133,512
564,170,136,511
567,170,138,510
568,172,141,505
568,173,143,502
570,177,146,499
569,181,148,500
573,187,149,499
573,192,152,497
573,193,155,496
576,195,158,493
577,201,161,489
577,204,164,489
579,205,167,489
586,213,172,490
582,215,175,490
588,215,180,494
586,202,183,502
592,200,186,506
590,199,188,510
590,194,190,514
588,190,195,517
588,181,196,524
588,172,199,531
590,165,202,535
590,162,204,539
588,164,208,542
583,162,208,543
585,161,214,548
580,155,217,550
581,146,222,556
583,148,226,559
579,144,230,561
577,141,233,563
580,146,237,566
574,138,240,571
575,141,244,575
570,136,247,578
572,132,249,581
569,131,249,582
569,131,252,582
572,132,254,585
568,131,256,583
572,129,258,583
572,142,259,579
575,135,261,580
571,136,261,579
573,138,263,577
569,129,262,578
570,135,265,575
575,140,266,575
576,136,267,579
571,134,266,577
572,137,268,572
572,137,268,570
573,141,268,569
576,139,268,569
572,137,270,569
574,141,270,567
567,136,271,566
571,132,271,565
571,136,268,565
571,141,267,560
575,136,267,558
569,144,268,554
571,137,267,554
575,139,266,551
568,136,266,549
571,137,266,547
571,136,265,543
575,140,265,540
573,143,266,534
571,135,266,535
572,137,267,532
574,139,266,529
572,141,266,526
572,139,265,526
573,142,264,523
574,138,264,522
572,137,263,521
575,143,262,519
576,135,262,523
574,134,262,524
577,138,261,523
572,133,262,524
579,137,260,523
576,134,261,521
577,135,263,520
574,136,264,518
571,131,267,515
574,137,267,512
571,133,271,511
567,130,274,506
560,133,272,503
569,131,270,502
556,126,269,501
573,128,268,498
562,125,265,494
573,125,263,493
566,127,260,489
573,123,259,488
563,124,256,484
574,128,254,481
567,125,252,479
576,129,251,480
566,125,248,480
573,131,246,479
576,128,244,485
575,126,243,486
565,129,241,486
567,126,238,481
563,141,235,472
564,132,230,472
567,133,225,474
566,138,221,473
563,134,219,477
566,134,215,480
564,133,214,481
565,136,211,483
564,137,210,486
566,131,210,490
563,132,209,492
564,129,207,495
561,133,206,496
562,133,204,500
561,130,202,501
560,128,199,503
557,130,197,505
557,127,194,506
555,129,191,508
552,128,185,511
554,129,182,513
552,128,179,516
552,127,176,516
550,128,172,516
546,123,169,518
545,127,167,518
545,127,164,518
543,123,160,517
543,120,156,519
542,122,153,521
542,117,149,523
543,124,145,524
542,123,141,524
541,123,139,524
542,123,136,522
542,124,135,521
541,121,133,520
540,129,131,516
540,125,130,519
539,128,129,517
540,129,128,515
540,129,129,513
540,126,128,513
540,129,128,514
541,128,129,511
541,129,129,509
540,131,128,508
541,135,127,507
542,137,126,505
543,145,126,502
542,144,125,502
544,145,124,502
544,154,123,500
542,144,122,501
543,150,122,501
543,149,122,501
543,151,122,500
543,149,122,500
543,151,122,499
542,146,122,504
543,148,123,505
543,148,123,508
545,157,125,505
545,167,127,502
546,162,127,503
547,160,128,504
547,160,129,503
548,160,130,501
549,161,131,501
553,164,133,493
552,171,135,493
556,193,141,487
555,186,144,482
555,182,144,478
558,180,145,472
559,184,145,470
560,180,147,466
560,182,146,465
562,186,146,464
563,186,148,463
566,210,154,457
567,207,156,452
567,205,156,450
569,206,155,453
570,208,156,452
570,207,158,453
572,206,160,453
573,207,161,451
574,206,161,453
577,202,162,454
578,198,162,454
580,195,162,454
582,189,164,453
586,218,168,447
587,209,169,446
589,211,169,447
590,205,172,446
597,252,175,456
599,243,179,467
583,196,179,472
600,205,182,481
597,201,182,481
594,195,186,493
595,198,187,494
595,195,187,494
597,202,191,506
592,195,195,519
589,192,200,525
583,184,207,530
579,164,210,538
576,160,212,547
579,157,216,555
568,148,218,558
568,144,224,566
565,143,229,572
556,135,232,573
555,136,234,571
550,143,235,571
554,134,237,575
547,139,237,573
548,142,236,574
548,137,237,573
546,139,237,572
547,141,237,573
549,132,238,571
553,141,241,573
550,136,244,571
553,137,246,570
551,131,249,569
553,141,252,568
554,137,253,569
550,135,255,571
552,133,257,571
552,136,260,570
552,136,264,572
550,132,266,574
555,140,269,572
553,139,273,572
553,138,276,572
552,136,278,574
552,132,281,576
554,138,282,576
552,131,284,582
555,133,285,582
552,133,287,582
552,131,287,583
550,132,289,584
554,134,293,584
553,130,296,587
554,135,297,587
555,132,300,587
555,128,303,586
554,135,303,586
552,135,306,583
551,133,308,584
552,128,308,584
553,127,308,583
553,127,307,582
554,129,306,579
552,131,307,577
552,133,308,572
552,136,309,568
551,129,308,567
553,131,308,566
556,134,307,561
558,133,306,561
560,132,307,562
561,129,306,566
560,129,307,563
563,134,308,563
562,131,309,562
565,127,309,564
564,131,310,565
565,129,311,565
566,133,312,567
565,133,313,567
566,135,315,565
566,139,318,564
562,141,319,561
562,139,319,561
560,140,320,560
559,138,320,559
558,135,319,562
557,134,318,560
557,131,316,559
558,135,314,557
558,134,312,554
556,132,309,551
554,134,306,549
551,128,305,547
552,129,305,543
551,132,303,542
551,131,304,543
552,130,305,541
551,136,306,535
553,131,306,531
554,130,305,527
554,131,305,523
555,132,309,515
550,132,312,509
550,133,313,501
549,135,306,497
547,133,299,494
547,132,293,487
550,132,289,481
549,128,285,477
551,127,282,474
551,127,286,463
545,129,287,454
543,127,288,448
540,124,289,443
538,126,290,436
537,127,289,429
532,125,289,425
529,124,289,420
528,129,289,416
523,126,288,414
521,129,287,409
520,125,287,406
513,128,287,400
511,130,287,395
508,128,288,391
502,128,289,387
500,130,289,381
502,129,289,378
500,130,290,374
498,129,290,370
497,131,291,365
496,131,291,361
491,130,291,357
490,130,291,354
488,127,290,351
488,124,290,349
487,124,289,348
483,124,288,344
483,123,287,343
480,123,287,340
478,120,286,336
475,122,284,333
473,121,283,329
469,122,283,325
468,121,282,321
464,120,279,317
464,131,276,313
458,123,271,308
459,129,267,306
452,120,262,302
454,125,257,302
454,129,252,301
451,134,248,299
446,136,245,299
438,122,241,300
431,133,239,300
426,124,238,300
422,133,236,299
409,129,235,297
404,129,234,297
411,140,234,296
397,129,232,298
388,125,232,301
389,132,231,303
385,138,232,303
378,129,235,304
378,137,237,303
374,140,242,304
369,141,246,304
372,143,250,309
367,127,254,314
368,137,260,318
368,139,267,323
368,139,271,326
367,140,276,330
366,127,280,334
353,127,287,338
359,128,293,345
353,122,297,349
350,117,301,354
354,126,306,357
349,121,309,363
347,117,312,369
347,123,315,370
347,117,318,374
343,118,321,376
347,117,324,379
346,117,329,381
349,115,330,387
347,118,332,389
347,117,335,392
344,118,336,396
345,118,338,398
343,120,340,399
345,122,342,401
346,122,343,402
347,121,345,402
345,124,347,406
345,125,348,410
344,124,350,413
346,123,352,419
350,127,354,421
349,132,356,427
348,136,358,435
348,136,359,441
350,136,361,450
347,136,363,457
346,136,366,461
350,135,369,463
351,139,372,468
350,140,374,473
352,141,376,476
356,139,377,480
361,138,378,486
365,136,378,494
371,137,375,500
374,140,372,505
380,139,370,512
386,127,363,521
389,122,357,527
398,124,351,529
412,129,343,534
423,128,337,541
433,133,332,545
444,132,322,547
453,130,310,552
461,132,300,552
471,134,287,553
484,125,272,560
500,127,256,560
510,143,240,551
519,137,224,544
528,145,210,540
536,138,197,531
540,147,189,521
542,140,182,513
546,141,177,503
550,146,171,494
554,148,167,488
556,149,164,483
556,151,162,480
558,150,161,476
554,162,160,480
555,165,160,482
556,169,160,485
556,171,162,482
558,175,163,478
556,176,164,474
557,178,164,472
558,171,166,468
557,169,165,464
557,160,165,462
556,158,164,459
555,153,161,461
558,155,160,459
557,159,158,458
555,162,154,460
553,163,151,461
555,161,151,460
555,159,153,460
553,159,154,462
555,157,157,460
554,154,160,459
552,156,162,458
554,153,165,459
552,150,167,463
553,146,171,466
554,146,174,470
551,144,179,474
556,142,184,482
550,141,186,482
549,136,187,485
555,134,191,485
548,138,192,485
555,133,193,487
555,124,196,487
554,120,201,483
553,126,202,481
552,122,200,481
549,124,199,480
549,127,198,479
550,125,197,479
552,128,195,480
554,126,194,483
557,125,193,486
555,128,191,489
552,125,190,493
555,125,189,497
550,139,185,486
552,141,181,475
557,147,176,467
555,154,173,465
556,155,170,462
553,154,168,459
553,142,166,454
560,133,168,459
559,127,170,462
558,123,173,461
559,117,177,460
556,128,178,454
556,127,179,451
552,131,181,443
554,125,181,443
556,123,179,444
556,123,179,444
553,127,180,443
556,116,182,443
552,124,182,436
552,121,184,432
551,126,184,429
551,127,184,427
551,129,182,426
555,126,179,426
558,126,176,427
561,122,172,430
563,122,170,432
558,121,164,428
557,117,158,424
557,126,152,422
561,121,149,417
562,131,148,422
561,130,147,422
563,126,144,424
564,131,144,425
565,131,144,426
564,130,146,428
565,134,149,429
565,135,152,430
565,133,154,431
564,136,157,432
563,136,160,432
571,136,164,434
568,140,168,431
571,133,171,436
570,138,175,437
563,136,175,438
561,134,177,439
566,132,181,439
564,138,185,438
559,139,187,438
558,139,187,442
560,136,187,449
557,136,186,451
561,141,186,454
560,136,184,460
559,138,184,464
559,131,184,467
559,136,183,466
560,137,181,468
558,137,180,471
559,142,180,469
560,139,181,469
558,140,181,473
560,140,180,475
562,137,181,479
562,138,182,481
558,134,180,481
558,127,178,480
559,124,174,477
559,114,171,471
561,107,170,471
560,117,171,464
561,111,172,464
560,109,172,464
560,112,171,460
557,112,169,460
559,111,168,456
554,133,163,455
561,120,164,452
557,127,164,451
557,134,164,449
556,131,162,445
556,124,165,440
556,131,167,437
556,134,168,436
555,135,169,437
556,133,171,433
558,135,174,431
559,134,176,428
559,139,178,423
562,133,180,419
565,139,181,421
565,138,184,423
562,136,187,423
566,133,189,431
566,134,191,436
566,131,194,444
560,118,196,449
561,129,197,450
561,127,193,457
561,134,189,463
561,137,187,467
558,137,184,471
558,137,181,475
553,143,179,478
552,144,177,478
559,141,176,480
555,144,175,480
561,146,176,484
555,141,174,481
558,148,176,483
558,146,178,482
557,147,179,481
557,146,181,480
556,153,181,478
555,154,181,477
556,151,181,481
554,144,180,483
555,137,177,487
551,135,172,486
550,137,167,490
551,135,163,494
552,134,159,494
553,125,155,494
552,130,150,495
552,121,147,493
552,128,144,491
547,135,142,493
543,142,141,493
547,139,139,498
547,134,140,488
550,133,141,480
551,133,142,472
554,141,143,471
555,134,143,471
555,136,145,472
558,129,148,467
557,132,151,465
558,134,153,462
558,131,154,461
556,141,155,462
554,148,156,469
554,144,158,468
555,146,159,465
554,154,162,464
553,154,165,458
555,152,166,458
553,153,166,458
556,149,167,454
556,158,168,451
555,157,169,450
556,160,169,452
560,159,174,458
558,161,173,457
560,157,177,466
565,160,183,476
560,155,189,484
554,150,195,487
553,141,202,490
551,145,208,489
549,143,216,488
552,143,224,487
553,137,231,488
548,141,238,485
544,136,242,488
547,137,244,487
547,138,247,487
542,135,252,488
541,130,254,490
544,130,256,493
541,128,257,496
541,128,259,497
541,123,260,500
542,132,261,501
544,130,260,502
547,133,260,506
550,137,261,509
549,139,262,514
550,136,262,513
557,140,263,516
558,136,265,512
560,137,265,504
560,136,265,499
563,136,264,497
563,136,265,493
567,140,265,488
566,141,265,485
570,136,267,482
567,141,269,480
571,134,270,478
572,136,269,477
575,134,271,475
578,138,273,471
579,142,274,471
581,145,276,469
584,145,278,470
585,146,280,471
586,148,283,472
585,145,285,471
586,145,286,470
588,143,287,470
589,146,288,471
591,145,288,470
590,144,289,467
591,141,289,465
591,146,290,462
593,146,289,461
592,143,289,460
590,142,291,456
588,143,293,453
586,145,295,450
582,145,298,447
583,148,299,442
582,148,300,435
582,145,301,431
582,149,302,426
584,149,303,422
585,154,303,415
585,150,303,415
584,150,303,411
587,152,302,409
585,157,303,403
587,156,301,402
589,156,301,401
587,157,300,401
588,156,301,400
589,161,301,398
594,160,301,398
599,163,303,396
599,163,306,395
596,162,311,394
598,169,314,392
596,168,316,392
594,167,319,394
590,167,320,397
591,165,318,401
591,164,316,403
594,166,316,403
593,165,317,402
595,163,319,402
595,163,322,401
599,165,325,401
597,171,329,398
597,170,332,399
594,172,335,399
593,172,337,401
593,172,338,403
594,172,340,406
595,173,341,409
592,172,346,413
592,170,350,415
590,174,356,415
591,172,362,416
590,175,369,417
589,178,376,418
590,179,382,420
593,178,388,426
594,178,394,432
594,178,404,439
594,179,414,445
593,180,426,451
590,179,437,457
589,183,443,462
578,176,450,466
571,171,452,469
569,168,452,470
571,168,452,471
569,164,452,473
574,172,450,472
567,172,448,474
570,169,443,475
572,167,438,474
573,166,435,473
572,167,431,473
574,164,429,470
579,164,426,468
579,163,426,465
579,162,429,461
581,163,433,457
587,163,437,455
586,160,444,452
589,160,450,452
588,155,454,451
585,154,459,449
584,155,463,447
583,154,466,445
582,152,468,444
583,150,469,442
588,153,470,442
583,152,473,440
589,156,476,436
585,149,477,436
586,156,481,432
582,162,482,426
582,159,482,425
579,160,483,424
582,160,486,422
583,163,488,417
582,164,490,414
585,167,493,409
588,165,496,404
592,167,501,401
593,175,507,394
590,174,514,389
584,178,518,385
585,177,521,382
581,180,523,379
585,176,523,379
580,177,525,379
582,178,524,378
579,174,523,379
583,176,520,381
581,173,518,382
581,177,517,382
580,173,518,384
579,177,515,385
578,175,512,387
578,174,510,391
578,172,508,393
577,171,504,398
576,171,502,400
573,169,500,404
576,170,497,406
576,170,493,408
577,172,489,410
576,173,483,413
575,172,479,419
576,180,476,422
580,177,472,427
574,176,470,429
573,174,467,432
573,173,464,432
570,174,462,430
567,173,458,435
568,168,453,438
564,168,449,442
564,165,446,438
564,161,441,437
562,161,437,433
564,159,434,426
564,159,431,422
564,156,428,417
565,156,424,413
568,156,422,412
574,156,421,409
572,160,421,404
570,158,421,402
572,157,421,399
573,159,421,395
575,160,421,391
572,158,420,389
574,161,416,388
573,160,413,387
572,159,410,389
574,156,405,391
569,158,400,393
568,156,393,392
569,152,387,392
567,150,381,393
566,153,374,394
565,146,367,395
573,151,358,395
574,148,353,398
577,145,347,402
578,145,343,406
576,146,339,409
578,145,335,412
576,147,331,415
576,142,327,420
578,146,323,423
580,141,322,427
581,150,323,430
580,156,323,438
580,154,323,445
579,156,324,451
578,159,325,458
579,159,325,466
580,156,325,470
580,154,325,473
581,148,326,471
583,153,329,470
582,153,333,464
585,153,339,460
584,155,345,455
585,155,349,450
581,150,354,443
577,148,356,437
578,143,356,434
580,145,355,428
578,144,356,421
578,146,356,414
581,148,355,407
581,146,355,400
584,147,351,394
583,143,350,389
588,133,347,384
588,123,346,383
593,118,345,381
594,109,345,378
593,106,346,377
594,96,346,376
596,89,345,374
597,78,345,372
599,69,344,374
600,60,343,378
602,51,343,385
603,35,346,396
606,25,353,403
608,18,361,404
606,21,370,404
606,25,379,405
610,25,388,405
613,20,401,407
617,22,411,408
620,26,424,405
623,27,441,402
621,31,458,400
627,30,471,400
626,24,488,399
634,23,507,399
623,28,529,395
623,38,546,391
622,49,559,390
616,62,567,389
616,69,574,387
615,79,577,384
614,88,579,382
604,91,586,376
608,97,586,370
606,104,587,363
610,110,588,357
613,112,588,351
612,111,586,348
613,113,583,346
613,108,582,346
613,101,584,346
608,96,586,345
601,87,589,347
597,90,594,344
596,84,597,343
589,80,597,348
585,81,596,350
583,84,596,350
581,84,596,350
580,86,597,348
582,84,598,349
580,86,600,351
579,84,604,351
579,87,607,348
574,93,607,346
577,102,606,344
570,116,610,337
571,130,612,332
574,139,616,328
576,140,618,325
576,137,615,324
573,133,611,323
570,129,609,322
568,129,606,322
566,127,605,323
566,126,603,324
567,121,606,326
569,116,605,330
567,112,608,334
572,106,610,338
576,100,609,342
577,95,611,347
578,87,610,352
582,76,602,364
575,87,598,363
583,83,598,370
574,107,592,359
586,105,590,359
582,121,601,348
578,129,608,339
575,135,610,332
575,137,612,329
574,137,613,328
577,137,609,328
576,129,604,327
582,128,598,329
575,125,596,328
577,125,591,330
577,124,587,332
573,122,582,334
572,122,576,334
573,124,567,334
573,119,563,337
573,121,558,338
578,130,550,334
585,135,538,334
585,138,531,329
585,142,525,325
582,144,520,321
588,150,514,318
586,153,512,316
591,152,514,315
595,155,521,312
601,156,529,310
599,154,535,309
601,158,541,308
599,153,544,308
601,154,546,306
598,158,549,306
601,156,550,307
604,158,553,308
602,155,556,310
604,156,560,309
601,153,568,309
600,150,576,310
599,151,582,310
594,148,587,309
589,146,588,310
586,147,589,310
579,147,590,309
580,150,587,309
579,148,583,309
577,146,579,311
570,152,582,307
568,154,580,303
568,156,579,301
568,154,578,300
565,157,581,301
562,154,584,300
564,157,590,299
562,154,591,299
558,155,591,299
557,154,593,301
553,154,595,302
546,150,595,304
546,151,593,304
547,151,594,307
546,153,598,309
544,155,602,308
543,157,605,305
543,157,609,303
544,160,611,301
545,156,615,298
542,163,620,292
539,164,624,289
533,159,625,287
530,165,623,285
526,167,619,286
529,160,613,286
527,166,608,284
528,164,606,284
530,163,604,282
530,166,603,280
532,168,601,279
528,165,600,277
528,164,595,276
527,168,591,276
526,164,588,275
529,167,583,275
532,168,579,274
530,174,577,274
531,170,571,274
530,174,564,273
528,176,558,272
529,172,553,273
533,178,547,273
533,176,541,274
539,174,534,275
542,174,528,277
543,174,522,276
546,174,517,277
547,175,514,280
546,176,513,281
548,179,509,283
552,186,502,281
557,188,496,280
556,189,488,281
556,187,481,280
555,187,476,280
558,186,472,282
556,186,469,283
557,185,466,283
560,181,460,283
559,177,455,284
556,179,448,287
555,179,443,290
556,181,433,291
558,183,424,292
558,184,416,295
561,183,410,299
566,183,407,301
572,179,408,304
579,179,409,308
584,178,411,307
581,175,414,310
579,177,421,310
580,182,429,310
581,182,435,311
581,177,441,313
579,176,446,314
574,178,449,316
569,176,450,317
565,179,452,318
568,178,456,320
571,179,461,319
579,176,473,320
580,178,485,321
577,174,497,323
573,173,511,323
568,170,529,323
564,166,542,325
561,167,553,325
555,164,562,325
544,165,573,319
540,159,576,322
538,158,579,324
537,161,591,317
535,166,596,311
528,164,599,306
521,165,599,305
516,166,599,303
509,167,600,301
506,166,600,301
500,166,601,302
496,164,596,303
492,163,587,304
490,163,575,306
494,168,562,306
489,170,554,308
494,176,546,309
492,181,539,313
498,177,527,323
500,179,517,331
496,177,511,339
493,175,504,346
494,172,495,352
495,172,488,357
493,175,481,361
487,171,474,367
485,169,463,373
485,169,452,381
491,174,442,389
489,171,432,397
491,176,425,405
494,176,416,414
499,182,408,422
499,183,401,432
501,187,391,442
498,187,383,455
504,183,372,471
503,182,363,485
503,176,356,499
503,169,353,510
504,166,354,517
504,164,357,525
502,164,359,532
497,156,362,539
497,151,364,545
497,150,367,546
497,148,371,548
496,151,372,548
496,153,375,548
502,154,374,550
502,148,373,556
501,147,372,559
502,154,377,558
498,147,378,559
498,150,380,556
500,153,385,555
497,155,389,555
498,152,390,556
495,150,392,555
493,151,394,555
494,150,394,557
500,148,394,558
507,147,392,557
504,147,393,556
504,144,393,558
505,142,391,557
502,144,391,556
502,142,389,554
497,142,386,552
501,144,383,549
507,147,380,546
505,143,380,544
505,144,380,543
508,149,381,541
510,154,384,540
510,156,386,536
512,151,388,536
511,156,393,533
511,156,394,532
510,162,396,530
509,156,397,535
508,159,397,536
507,160,397,534
501,159,398,534
501,153,398,538
499,156,398,542
500,150,395,547
497,152,393,548
491,148,391,549
493,151,390,551
490,147,389,552
488,148,388,554
485,147,387,553
487,151,384,553
486,143,382,554
487,147,381,548
490,145,379,545
481,148,379,540
481,150,377,535
482,152,372,533
479,156,367,529
469,146,361,527
470,150,355,524
472,156,351,519
464,149,347,517
476,148,344,513
482,154,343,510
483,148,344,511
485,150,344,511
485,146,345,507
485,148,347,503
487,148,348,500
486,148,350,497
492,150,351,495
493,149,352,496
497,148,354,497
502,148,356,495
506,154,356,491
506,155,357,488
511,157,357,485
514,159,358,484
515,162,359,483
518,162,361,483
521,163,362,482
522,164,363,482
526,167,363,483
529,170,364,482
532,169,365,483
533,172,368,482
534,169,370,483
536,170,372,483
537,173,375,483
540,172,377,481
539,170,379,481
539,171,380,480
539,170,380,480
538,169,381,481
539,172,382,480
541,170,383,481
541,169,385,481
540,167,388,481
541,167,390,482
539,170,392,482
542,172,394,481
546,169,394,485
546,170,395,486
550,169,396,489
552,167,398,492
554,172,401,492
556,166,402,495
555,168,403,495
555,168,404,496
552,167,405,496
555,170,406,496
556,167,405,497
546,179,417,489
535,175,427,488
527,178,434,487
522,182,439,484
519,185,440,481
515,181,442,483
514,185,440,484
511,175,441,490
513,175,439,494
511,167,439,498
510,162,438,500
509,161,438,499
510,157,438,498
507,158,437,494
502,155,436,491
505,154,434,488
505,154,436,483
508,155,438,475
514,155,442,463
515,161,450,449
516,159,456,436
517,152,465,424
522,148,471,413
523,158,476,400
527,155,485,390
525,161,492,379
526,161,498,370
524,163,505,358
524,164,511,350
518,166,519,343
515,163,525,340
517,160,530,336
515,160,536,332
515,161,542,329
513,161,547,326
515,164,552,324
516,165,555,322
515,165,559,322
516,169,563,321
514,166,565,322
516,169,566,324
517,167,568,325
516,168,569,326
509,170,573,324
509,172,571,323
510,177,570,322
510,175,567,323
512,179,564,325
513,179,561,327
515,180,560,328
515,184,557,330
515,186,552,330
515,185,547,333
517,188,542,336
517,184,538,341
517,183,533,346
520,184,530,348
525,188,530,349
524,194,531,349
524,195,534,350
528,195,536,353
529,193,537,356
523,195,537,359
526,196,534,361
522,194,531,365
526,194,524,368
528,193,519,371
530,193,515,372
524,193,512,372
524,192,510,374
520,192,508,375
517,192,505,377
517,197,499,376
518,193,495,379
519,190,493,381
525,178,476,400
527,172,464,411
533,172,455,420
530,166,449,427
529,160,443,427
524,156,439,425
520,157,433,418
520,162,426,410
525,160,421,403
529,163,420,397
537,160,420,390
540,160,424,378
540,164,431,367
541,168,441,360
539,172,451,356
543,174,458,353
538,175,469,350
538,175,477,348
534,175,488,347
534,174,496,344
532,173,505,343
532,173,514,343
530,168,522,343
531,171,528,344
530,172,536,343
530,173,541,344
526,176,548,344
526,173,551,346
523,172,553,346
520,174,554,347
520,171,554,349
513,171,557,350
516,173,556,350
514,173,559,350
512,172,559,350
514,174,557,349
511,175,557,350
516,175,555,351
514,174,555,352
516,173,555,352
520,171,554,353
512,177,557,352
514,173,555,349
516,170,552,351
514,167,549,351
515,165,546,347
516,161,545,343
517,158,545,339
515,159,546,335
515,158,547,331
520,162,545,328
520,158,545,325
529,162,545,324
528,160,548,325
527,158,550,326
531,158,552,325
529,161,558,324
532,163,563,323
533,161,569,323
531,162,575,323
529,160,580,324
528,158,582,326
526,157,586,327
523,155,586,328
526,159,584,329
523,160,585,330
525,161,583,330
527,161,578,331
516,168,581,328
524,168,581,324
525,169,582,323
524,170,582,323
525,172,579,325
524,170,577,327
523,172,577,331
516,167,573,335
522,168,568,339
521,169,563,342
520,169,560,344
521,167,556,346
524,172,556,346
525,174,556,346
528,176,555,347
528,177,558,349
527,178,561,350
523,177,564,352
524,176,565,352
524,175,563,352
525,177,562,352
524,182,560,351
524,181,557,348
526,182,555,347
528,180,554,345
527,176,555,345
527,177,559,346
526,174,561,345
522,175,562,346
520,174,562,346
521,171,562,345
521,173,559,344
520,172,560,341
513,171,559,338
511,171,558,335
514,169,556,331
515,168,553,332
518,164,551,331
518,165,549,333
523,164,549,332
530,163,552,330
525,164,557,331
528,164,560,329
527,163,562,329
528,166,562,328
527,164,564,328
526,162,562,329
522,166,565,328
522,168,566,327
521,169,567,330
522,169,562,332
521,173,560,335
519,175,558,336
519,178,555,338
518,176,552,342
516,178,549,346
516,183,546,349
516,181,542,354
513,181,540,358
513,181,537,360
514,183,531,363
517,185,526,364
518,185,524,365
518,183,523,366
517,183,524,367
515,184,523,368
516,186,518,370
509,189,517,370
508,184,515,376
509,181,514,379
510,179,513,383
507,175,512,384
502,171,514,384
507,171,512,383
507,166,512,385
514,171,510,384
515,170,510,385
518,170,512,387
519,172,513,388
521,173,511,387
524,177,509,385
522,181,508,383
520,181,508,381
523,180,508,379
523,178,507,378
522,177,508,377
523,176,508,376
526,182,506,373
526,182,506,374
524,188,506,374
528,186,504,377
523,190,507,379
524,189,508,384
523,193,508,389
517,193,509,395
516,193,510,401
513,196,509,404
515,197,511,407
515,198,512,410
511,199,512,414
510,199,512,416
508,201,512,417
506,202,513,419
506,202,512,420
506,201,512,420
506,198,511,422
505,199,510,421
505,201,509,419
505,202,507,418
512,200,503,418
507,199,500,418
510,197,497,418
512,200,495,416
520,187,472,436
530,176,455,455
536,165,443,469
543,164,438,477
545,160,436,483
559,161,438,485
565,168,438,486
561,166,438,488
558,172,436,488
554,169,436,490
553,164,434,493
545,160,434,496
529,157,435,494
528,152,434,495
528,144,431,494
526,141,427,489
528,140,421,483
520,142,414,478
514,141,407,471
521,151,402,459
522,149,399,447
527,148,395,439
534,152,391,428
535,153,391,421
536,156,394,415
541,156,397,411
549,157,401,408
554,154,405,405
555,149,413,400
557,148,422,393
559,150,433,385
561,148,444,377
563,149,456,368
561,147,469,357
560,143,483,348
559,140,491,340
560,138,500,331
563,136,509,323
558,135,520,315
555,130,528,310
552,124,532,308
548,121,535,306
547,121,535,303
548,121,537,302
548,120,541,301
545,117,545,303
547,116,544,304
545,113,548,305
546,110,549,306
548,109,553,308
548,106,556,310
547,105,560,312
547,101,568,314
547,97,575,316
539,94,581,320
533,95,582,318
532,93,581,318
530,92,583,318
527,90,588,319
527,87,589,321
524,85,588,324
524,80,583,327
521,78,581,332
521,77,577,337
522,72,572,341
522,69,569,346
522,66,567,350
521,67,564,352
519,60,565,355
517,66,566,355
520,74,566,355
523,75,565,353
522,77,567,352
523,77,567,352
523,75,565,352
523,78,564,349
521,80,560,348
519,83,554,346
516,93,550,344
520,99,546,339
526,103,542,335
525,108,539,332
526,113,539,328
526,118,538,323
528,119,536,319
532,127,533,319
532,122,532,318
530,125,530,319
533,127,524,323
529,127,522,325
524,129,524,322
529,136,526,322
531,135,530,321
533,140,533,319
535,142,535,319
536,147,538,317
533,150,541,317
533,148,540,317
539,150,538,320
544,152,540,321
545,153,543,321
547,157,546,322
544,160,546,322
543,161,543,324
538,165,539,326
526,169,544,325
524,173,543,330
525,176,538,336
528,176,534,342
529,177,532,346
527,182,528,348
529,181,525,351
530,180,523,354
530,178,522,354
530,177,521,355
532,172,520,354
543,162,515,356
546,155,516,356
545,152,518,357
546,147,521,358
543,142,526,358
542,141,528,355
535,140,530,353
534,138,528,349
531,135,525,345
532,140,521,340
528,140,518,337
529,142,511,335
534,147,507,333
533,145,508,332
534,147,505,333
527,151,499,333
533,143,493,332
531,145,493,328
533,147,495,325
533,144,502,322
532,151,512,312
529,151,525,304
530,154,535,296
526,154,544,290
519,149,549,289
517,149,553,286
513,150,554,284
517,152,557,284
511,157,560,284
510,159,565,285
508,158,571,285
503,161,574,289
502,157,569,294
496,156,564,298
495,158,559,301
496,157,556,304
499,158,552,306
499,160,556,307
502,163,561,308
504,164,569,308
501,167,574,309
498,169,577,311
498,170,575,315
494,172,573,320
495,176,569,322
493,178,566,326
492,177,562,328
495,178,555,333
493,179,550,337
494,177,544,341
503,177,534,344
506,179,528,347
504,175,516,358
504,176,507,365
505,169,500,374
507,169,493,381
506,165,485,386
508,160,475,389
510,159,465,392
510,161,458,394
511,153,452,396
516,154,444,394
514,157,442,393
514,155,439,393
518,155,435,393
520,155,429,392
518,155,424,392
520,154,420,394
520,152,415,398
516,148,413,403
516,146,411,405
521,146,409,405
523,146,408,408
520,143,408,408
519,144,408,409
520,144,406,408
519,141,404,408
522,143,399,405
525,141,396,404
528,145,396,406
533,145,397,408
532,141,395,411
528,141,395,414
534,148,394,417
532,149,393,424
528,146,393,431
527,142,392,440
531,144,389,445
526,143,387,450
523,146,386,454
523,144,382,462
518,145,380,467
514,142,380,473
517,148,379,479
513,147,380,488
509,148,380,491
510,143,379,496
506,149,380,497
506,147,381,507
503,145,384,516
502,138,386,522
505,136,387,524
498,137,392,524
504,132,394,526
498,133,397,523
501,136,401,518
503,128,403,520
503,132,405,516
503,130,408,517
501,134,412,511
503,134,414,506
499,132,417,503
496,131,420,499
499,139,421,493
499,138,421,492
498,141,422,486
498,138,423,481
499,146,425,475
500,140,426,469
501,146,426,462
502,149,425,453
504,149,423,445
505,148,424,433
508,151,426,422
508,152,427,413
509,153,427,404
510,153,427,394
516,155,427,385
516,155,428,378
520,150,427,373
521,152,430,366
521,152,432,361
520,146,432,358
521,145,434,355
518,142,436,353
521,146,438,351
521,143,444,349
518,144,449,345
518,141,455,339
521,141,458,332
520,139,463,326
521,143,469,321
522,141,473,316
524,145,477,311
525,142,480,306
522,141,485,304
518,145,492,297
519,145,498,294
517,145,506,291
518,145,513,287
520,143,523,284
520,145,532,281
523,147,538,280
525,146,543,279
519,145,544,281
516,139,545,283
515,138,543,284
514,135,541,286
516,135,540,286
513,133,542,288
515,133,543,289
513,132,547,290
514,130,547,291
513,127,550,292
510,129,553,294
515,129,559,296
509,127,563,297
509,130,568,298
515,132,569,298
510,130,568,301
510,130,567,303
509,130,570,306
507,130,573,307
504,131,576,309
504,131,575,308
505,134,573,308
505,136,573,309
505,139,573,310
507,141,572,310
505,144,571,310
502,147,571,309
502,150,567,308
502,155,564,308
499,158,561,308
504,161,554,309
502,162,550,309
500,165,546,310
500,166,541,312
496,167,537,313
500,169,531,315
503,169,526,314
501,170,523,316
503,172,518,317
502,173,515,316
503,171,511,317
504,173,508,319
505,174,504,320
506,175,500,320
502,173,496,322
506,174,490,322
502,174,487,324
499,173,480,326
498,173,472,326
500,173,465,328
498,172,457,328
500,170,450,330
499,169,445,331
503,172,439,331
503,174,435,331
502,175,431,331
500,176,427,329
503,176,424,328
507,175,420,328
511,178,417,329
511,178,417,329
516,179,418,330
517,181,420,330
517,184,423,331
518,184,426,331
518,181,428,333
519,182,432,335
519,181,436,337
520,181,441,339
521,184,445,341
522,185,450,344
521,184,456,347
522,184,462,350
523,183,470,354
523,183,478,357
523,181,487,360
521,180,496,363
523,178,504,369
519,176,513,375
517,173,517,381
513,168,521,386
511,168,520,389
512,166,518,391
515,165,515,392
514,166,514,392
516,163,511,393
515,161,510,394
516,161,509,394
513,159,509,395
513,159,507,395
517,157,504,397
516,156,504,397
515,160,505,398
518,158,503,399
514,157,502,401
517,156,501,402
511,157,500,403
513,155,499,406
512,157,500,406
509,158,501,406
509,158,502,406
508,157,504,408
503,156,505,410
504,152,504,412
505,152,502,414
505,151,503,416
502,149,504,416
503,148,503,417
502,151,504,414
499,155,503,411
495,154,503,412
497,158,501,412
494,154,500,413
494,155,498,412
497,154,496,410
500,157,493,407
498,154,491,405
499,156,490,404
500,153,489,404
499,153,489,402
499,154,489,398
501,151,488,397
504,149,488,395
504,152,488,390
505,151,486,389
507,147,487,385
505,147,489,381
507,143,489,377
507,143,488,375
508,140,488,373
510,136,487,372
506,132,487,368
508,129,488,366
507,124,488,363
506,125,488,359
506,123,489,355
506,122,488,353
507,120,486,349
508,119,484,346
509,118,482,343
510,115,480,337
511,114,478,332
510,110,475,326
507,108,471,322
508,111,468,319
508,108,463,315
508,111,459,312
510,108,454,308
509,105,453,300
509,107,451,295
508,106,448,289
506,105,446,284
505,106,445,280
507,106,444,276
507,106,443,272
509,108,440,269
505,109,439,266
507,109,438,265
500,113,448,259
499,115,453,257
501,117,456,254
500,117,457,254
497,118,453,253
493,119,451,254
490,123,446,257
491,123,442,260
501,123,424,270
508,119,413,274
508,119,404,277
510,116,395,278
513,119,388,278
508,119,381,278
511,120,375,276
513,119,369,274
512,121,366,273
506,123,362,271
510,120,357,272
502,119,354,269
500,118,350,266
499,117,342,266
494,114,331,265
490,115,319,264
480,117,307,263
484,114,294,263
487,112,281,264
486,113,270,266
496,113,262,266
491,111,253,265
487,108,243,264
491,108,235,267
488,103,227,270
485,100,219,274
481,100,211,278
479,101,204,284
480,101,198,287
481,99,193,294
482,98,190,301
482,100,187,307
485,93,185,319
488,90,184,328
488,94,184,336
488,89,184,345
490,82,184,357
486,75,187,365
489,70,189,372
487,76,192,374
488,78,195,378
487,79,199,380
485,82,203,379
485,85,207,377
483,89,211,374
484,93,214,369
485,98,219,364
485,103,223,358
485,102,226,354
483,103,229,352
484,103,232,353
481,106,236,353
479,106,241,350
479,112,244,346
478,112,248,341
475,107,252,338
474,112,256,334
472,114,262,331
474,118,267,328
478,117,272,328
480,118,275,331
480,116,277,334
479,116,280,341
476,115,283,344
476,122,287,345
473,118,289,348
470,122,292,348
473,120,292,351
477,122,290,357
481,120,288,366
485,124,286,372
489,127,287,375
490,128,288,378
490,132,289,383
490,130,289,393
491,126,289,400
490,127,290,406
490,128,290,411
488,132,292,414
490,126,292,421
490,131,291,427
487,127,292,432
488,129,291,439
485,130,292,445
480,122,294,451
481,126,296,456
483,128,297,462
479,129,300,467
478,128,303,469
475,128,305,471
476,130,307,473
474,127,309,475
470,129,311,479
469,129,314,481
468,128,318,483
466,132,322,481
470,126,319,490
468,124,318,494
469,120,319,500
469,117,322,506
469,112,324,512
467,112,328,515
466,114,331,515
464,110,335,517
462,110,339,519
461,109,342,521
462,111,345,522
461,116,349,521
460,111,353,526
459,115,357,530
459,113,361,534
454,112,366,537
458,110,368,541
457,113,371,542
452,114,376,545
457,112,379,551
454,117,384,553
454,110,388,555
452,117,392,554
451,113,396,558
451,113,399,560
450,115,404,562
447,118,408,563
445,114,409,568
442,113,411,571
437,113,412,573
437,107,410,576
433,110,408,578
429,110,408,579
431,110,406,580
437,110,404,582
430,113,403,581
433,105,402,584
428,111,398,581
431,111,395,580
429,109,392,579
429,110,388,577
426,111,386,575
424,111,384,574
426,111,381,574
424,110,378,575
425,111,375,576
424,112,373,576
417,124,373,575
418,112,370,580
414,127,368,581
419,110,364,587
406,109,360,585
408,102,358,586
412,120,354,590
405,99,355,594
399,106,351,594
398,95,345,596
396,110,343,596
396,96,334,600
397,103,328,601
395,103,323,601
394,101,318,601
392,103,315,603
395,106,309,605
396,98,303,606
395,106,298,608
392,99,291,611
396,105,286,613
397,105,279,615
395,102,270,614
396,100,263,614
400,100,258,615
402,101,253,615
406,98,248,613
407,99,243,613
411,101,239,611
415,100,233,611
418,100,229,609
417,100,223,609
423,105,216,603
425,106,213,601
428,109,207,594
433,120,202,587
435,121,198,581
438,124,193,576
441,129,187,572
444,127,181,570
448,126,175,567
449,130,169,565
451,136,163,564
451,138,158,564
449,139,152,564
450,136,149,565
451,139,145,565
452,138,141,565
454,145,139,567
455,148,138,564
457,157,138,557
460,163,138,550
465,185,139,535
466,172,136,534
471,196,137,522
472,180,136,522
477,202,138,512
478,196,137,511
480,193,136,509
483,189,135,509
484,224,139,496
486,221,139,487
488,236,139,477
492,247,139,471
493,258,140,462
496,271,141,451
496,278,143,444
497,286,144,437
499,285,145,433
499,291,146,430
502,294,149,426
502,302,151,421
503,278,148,430
505,290,149,429
506,304,154,421
505,288,153,430
508,303,160,426
508,306,166,422
505,309,171,418
505,311,174,415
505,310,177,414
506,312,180,413
506,310,183,412
508,311,185,414
493,271,180,423
504,274,181,429
486,238,174,444
504,239,171,453
513,276,179,448
494,233,176,454
506,227,175,457
514,259,182,454
492,196,175,464
509,233,177,464
515,259,187,462
493,211,183,468
504,230,192,473
512,216,197,483
492,192,198,491
501,198,207,500
508,206,216,505
490,172,216,513
497,185,225,522
503,184,233,532
486,145,231,536
491,146,238,550
497,143,244,564
500,147,251,574
485,117,254,581
488,118,259,592
491,115,262,591
490,119,269,597
490,114,271,598
487,117,274,603
486,116,278,600
486,116,279,601
480,121,281,606
481,103,279,611
486,113,278,611
484,114,279,606
484,113,279,606
488,118,279,603
488,111,275,606
488,116,273,606
488,114,272,607
487,114,271,607
486,114,269,603
487,112,268,602
489,117,268,601
486,109,266,604
486,115,263,603
491,113,262,605
492,122,263,600
489,116,261,600
488,107,257,603
482,114,257,605
485,111,256,603
486,107,253,605
479,109,254,607
478,107,253,608
477,108,254,608
474,108,253,609
472,110,250,612
476,105,247,613
474,105,244,616
480,107,241,620
475,104,240,621
476,106,238,620
475,105,235,619
476,108,233,620
476,111,231,621
475,102,229,621
479,99,227,622
479,110,224,620
477,108,222,617
475,112,221,613
475,108,220,612
477,112,218,612
476,106,215,614
477,111,214,612
478,111,213,613
479,111,209,604
479,118,206,594
479,120,202,586
480,126,199,577
481,129,195,574
481,134,191,568
481,141,189,560
482,147,185,558
483,148,182,555
482,148,179,552
482,150,177,551
480,155,175,553
482,156,172,555
480,149,169,555
485,159,167,555
482,153,165,556
483,160,165,555
482,156,164,552
484,162,164,548
481,156,163,547
483,163,162,545
482,155,160,544
483,162,160,543
481,157,159,542
479,161,159,542
479,167,160,540
479,158,157,541
481,166,157,538
478,168,157,538
478,154,155,537
480,167,155,535
476,173,156,535
476,167,154,537
475,168,152,540
480,162,152,536
478,175,154,536
477,171,153,539
481,174,153,536
480,174,153,539
479,169,153,540
477,169,152,544
480,173,153,540
477,172,151,542
480,173,153,540
481,181,154,537
480,180,154,538
479,175,152,541
479,175,150,544
480,173,150,544
480,175,148,545
480,172,148,546
480,175,147,548
478,173,147,547
478,174,146,547
479,174,146,548
479,174,146,547
478,177,146,546
475,173,146,545
477,171,146,542
475,174,146,545
479,175,145,541
475,177,145,542
476,181,144,540
476,175,144,535
477,176,144,535
477,174,144,535
479,177,144,533
477,177,144,535
480,174,144,532
479,181,145,532
479,179,144,533
478,180,144,534
480,178,144,533
477,180,144,536
480,170,144,533
480,186,145,532
477,180,144,535
478,176,143,534
479,186,144,530
478,181,144,529
478,181,143,527
481,199,144,519
479,183,143,519
480,199,144,512
479,191,142,514
480,188,140,513
479,186,139,512
481,206,139,506
480,197,137,507
482,209,137,502
482,198,136,501
481,199,134,502
482,221,135,491
482,216,134,492
480,208,132,490
483,220,132,482
481,218,130,484
482,227,131,476
483,238,131,468
482,237,129,469
483,233,126,468
484,250,127,458
484,243,125,457
485,259,125,449
486,254,123,451
487,252,122,451
487,263,123,442
487,261,121,446
487,259,120,445
486,255,119,450
488,263,120,446
488,258,118,449
488,261,118,452
486,259,117,454
488,256,116,455
488,252,115,453
486,249,115,460
488,245,115,462
487,244,114,470
488,236,114,468
487,237,114,476
486,227,115,480
486,214,115,486
486,209,115,495
485,200,116,507
484,194,117,517
483,187,118,522
483,178,119,532
483,168,120,543
482,160,122,552
482,154,124,561
478,153,128,566
477,145,129,572
480,140,131,576
478,140,133,581
479,140,135,583
479,139,136,584
479,135,138,587
481,133,139,589
482,131,140,593
482,130,142,597
481,125,143,600
483,125,145,600
482,122,147,604
485,125,149,601
483,128,151,601
484,124,153,600
484,125,154,601
484,124,157,599
484,121,159,600
486,123,160,600
486,124,162,599
486,126,163,600
487,122,164,599
489,119,165,601
489,120,167,599
490,118,169,597
492,122,171,594
492,122,172,594
493,124,174,592
491,130,176,589
495,126,178,586
497,131,180,579
496,136,182,576
499,135,183,573
497,141,184,572
496,142,186,572
498,139,189,567
500,141,190,565
498,148,192,567
501,142,194,568
499,147,198,567
499,148,203,564
499,145,207,563
500,150,211,561
498,137,218,564
498,136,223,562
500,140,229,560
501,138,233,567
495,135,236,568
496,126,240,572
499,129,241,573
501,132,245,572
504,126,248,574
504,127,251,575
506,131,254,569
503,129,257,568
505,135,260,566
505,133,262,565
505,132,264,565
505,126,267,572
503,120,271,577
503,117,272,581
499,116,275,581
500,120,277,577
502,119,279,577
498,118,279,577
497,116,278,576
494,116,281,577
494,118,282,575
495,120,283,576
490,116,283,576
493,119,283,580
493,123,283,583
492,121,281,588
486,118,280,591
485,117,279,590
485,122,278,589
484,118,278,588
482,117,276,585
482,118,278,581
480,118,276,579
479,116,274,578
481,116,274,574
482,117,273,573
479,117,267,574
478,113,264,575
477,108,260,578
479,108,258,577
478,108,254,576
477,107,250,577
472,109,248,582
468,111,246,581
467,104,241,579
465,112,239,580
472,106,233,579
469,109,227,582
471,101,220,583
470,106,217,587
472,105,211,582
476,112,211,584
477,108,210,588
471,101,207,588
476,100,205,591
476,103,206,595
470,99,205,596
473,97,205,600
474,98,205,602
472,98,205,602
472,102,205,603
472,103,203,595
470,106,201,592
470,113,199,587
471,114,197,586
471,115,194,585
474,113,192,583
476,123,191,582
477,117,190,573
474,122,189,573
477,127,187,567
479,126,186,561
481,135,184,560
480,137,181,560
485,144,182,556
484,138,178,556
487,144,176,554
486,141,173,555
487,151,171,554
485,144,171,552
486,153,169,548
487,154,168,545
485,156,166,545
485,157,166,544
485,156,164,540
484,159,164,537
482,164,164,536
481,158,162,539
483,164,163,537
479,165,163,541
483,159,162,544
486,150,162,542
480,153,163,550
484,150,163,546
481,157,166,546
484,148,164,543
480,159,166,544
484,152,166,547
483,159,169,544
482,152,168,544
481,154,170,546
480,146,169,543
482,147,169,543
478,149,170,549
482,149,169,548
484,146,168,548
481,145,167,550
482,146,166,550
482,143,166,550
482,147,165,550
483,145,166,547
484,147,166,545
483,150,170,544
483,159,173,540
486,152,171,537
487,159,172,534
492,165,172,526
492,167,171,521
494,149,166,519
498,164,165,516
502,183,166,511
502,164,163,511
503,176,165,508
503,147,161,509
505,172,161,507
507,181,163,502
506,196,166,495
509,173,163,498
511,188,164,494
511,198,166,488
507,186,166,493
513,164,163,494
515,191,164,497
515,196,167,490
498,173,164,494
513,181,162,493
513,216,167,486
519,199,166,484
498,177,163,488
510,196,167,489
510,187,167,493
513,210,171,490
518,203,171,486
498,191,169,490
501,186,170,496
507,180,170,502
516,199,172,497
523,183,170,497
498,169,169,503
508,187,174,497
514,169,172,505
522,195,174,500
502,168,173,502
513,185,176,502
518,166,174,506
522,197,176,504
499,171,176,505
505,154,174,513
507,172,176,513
507,172,175,522
505,170,176,524
503,166,178,527
499,173,182,532
500,161,184,533
498,160,184,533
498,153,184,536
501,146,183,536
502,142,183,536
497,152,184,543
495,151,188,547
492,150,193,550
493,146,200,551
493,143,205,555
490,135,209,555
494,135,212,558
498,123,222,569
498,128,227,576
497,132,238,587
498,122,246,592
495,116,253,595
494,110,259,596
482,111,265,606
488,105,270,609
480,105,276,614
483,104,280,613
485,111,283,611
480,102,285,611
485,111,288,609
479,101,287,612
483,111,289,609
476,104,291,607
479,110,292,608
479,115,292,603
480,117,293,604
480,118,293,603
482,116,292,608
482,115,294,607
488,115,295,610
488,111,296,611
489,118,297,611
489,112,299,614
486,111,303,612
488,113,304,611
492,114,305,611
491,114,306,611
494,115,305,613
491,107,304,617
495,112,304,616
488,118,305,619
492,104,305,621
484,116,308,622
489,111,308,620
491,114,305,615
489,109,303,616
484,115,306,616
489,105,304,618
484,114,306,620
488,101,305,620
488,102,301,618
486,103,294,618
481,106,289,614
482,108,285,609
485,105,280,608
488,109,277,605
487,111,274,603
484,109,271,603
488,108,270,602
490,109,270,606
485,114,268,604
487,113,268,607
488,114,268,611
482,115,267,610
477,113,266,610
481,118,265,608
482,112,266,612
481,112,266,610
480,114,267,609
474,108,267,611
481,110,267,613
473,114,266,609
482,116,268,610
470,100,265,611
479,113,264,611
480,102,264,616
477,104,265,617
481,108,267,619
474,95,266,619
481,106,268,621
474,95,270,621
478,105,271,620
478,100,271,619
476,102,270,617
474,103,271,618
478,100,271,617
483,102,272,621
478,100,274,621
480,98,277,623
476,96,277,619
483,107,275,624
470,96,275,622
483,119,275,622
469,98,276,621
477,117,274,617
474,105,275,616
474,112,274,613
471,110,272,606
472,129,272,602
471,115,271,598
472,127,270,593
473,119,268,592
478,127,267,588
477,128,266,587
480,127,266,587
479,126,267,585
480,135,266,583
486,128,267,583
485,133,267,584
488,134,268,583
490,128,269,587
490,131,273,585
489,131,277,588
491,129,280,588
494,125,282,593
492,127,285,592
492,125,287,593
491,125,289,595
492,122,296,593
492,121,303,593
493,117,307,594
496,122,310,591
496,123,315,588
495,120,318,585
495,121,321,583
495,120,324,582
496,128,327,575
495,128,329,572
494,127,332,568
496,128,333,561
499,127,333,559
498,128,335,554
500,126,337,552
502,132,344,544
501,131,351,536
496,136,357,529
499,132,361,525
496,134,366,518
494,137,369,513
495,137,372,510
496,137,375,508
501,137,377,507
496,140,380,504
495,135,384,503
494,136,387,503
494,136,390,502
495,135,392,500
496,137,394,498
492,136,395,499
497,137,397,498
497,139,397,500
501,139,398,502
494,146,402,506
500,142,403,509
491,147,406,512
495,137,406,512
493,145,408,517
497,141,410,519
491,138,408,521
495,140,407,525
488,137,404,529
490,140,400,532
492,140,395,536
490,132,390,542
485,128,388,547
484,132,384,549
486,131,379,550
481,135,376,552
480,132,372,557
485,134,365,560
475,116,351,573
484,122,342,583
484,116,334,590
484,118,328,593
482,113,322,595
478,110,315,599
476,107,307,599
474,106,300,600
474,108,292,597
477,103,286,600
478,102,282,603
478,104,277,603
478,104,272,606
476,104,269,604
477,104,266,603
477,107,265,601
479,105,262,600
479,112,260,597
478,107,257,597
476,111,254,598
475,112,252,598
472,110,249,597
473,113,245,593
472,112,241,591
472,116,236,590
470,113,232,591
472,111,230,591
471,110,227,590
472,108,222,593
472,109,219,593
472,116,216,588
471,113,214,584
471,112,212,582
472,111,210,580
471,110,209,578
473,115,207,573
469,116,205,570
472,108,202,567
471,110,198,562
474,109,194,557
474,106,190,550
476,111,187,541
474,112,184,534
474,107,179,530
472,108,175,525
474,109,171,517
473,105,167,511
470,109,161,506
470,107,156,502
472,106,151,500
472,100,146,497
476,104,143,486
477,102,140,473
478,106,138,460
480,108,135,451
482,109,134,438
485,107,130,426
487,108,130,419
488,114,130,413
488,117,131,409
487,116,132,407
486,116,132,404
485,115,131,399
493,129,133,398
486,126,132,390
486,124,132,387
488,139,131,388
485,133,130,388
488,145,130,388
487,136,130,390
488,152,131,391
491,162,132,390
488,146,132,395
490,155,133,395
488,142,132,395
488,140,132,398
490,152,134,396
487,170,136,391
489,162,137,393
490,175,139,396
493,166,144,401
489,191,152,396
490,181,156,398
493,167,158,407
493,190,162,408
498,181,163,421
499,171,163,438
497,167,165,452
495,161,168,466
499,155,170,477
498,154,173,489
502,147,176,499
500,145,180,509
504,147,181,521
504,146,183,527
506,143,187,537
504,144,190,546
501,141,196,554
500,140,201,561
500,133,207,569
501,130,212,571
501,120,217,577
501,125,222,579
499,124,228,578
496,121,232,580
498,119,236,582
496,120,240,585
498,122,244,585
494,120,249,584
495,119,253,585
495,120,256,584
492,124,260,585
496,122,263,584
495,121,265,588
496,121,269,590
495,120,273,592
496,116,282,592
494,119,289,592
492,120,295,592
492,124,301,591
487,115,307,593
491,116,311,591
492,118,316,589
490,119,319,588
492,120,325,587
493,125,329,584
495,129,336,580
497,125,339,579
499,124,343,578
501,124,346,577
505,130,351,575
503,125,356,577
502,134,363,573
501,126,366,577
498,132,372,573
497,135,376,572
496,130,379,572
495,135,381,568
495,136,383,567
493,135,385,565
493,133,386,565
493,136,386,563
492,136,386,563
497,138,386,562
491,141,387,558
490,139,389,558
492,140,389,558
491,142,389,558
489,142,389,559
496,143,388,559
497,140,389,559
491,138,389,558
485,141,390,557
491,138,385,559
474,143,385,556
504,145,377,558
491,140,374,560
494,143,372,563
485,140,373,564
494,141,368,565
498,135,364,571
485,141,364,568
487,141,361,568
491,141,356,570
494,129,353,580
492,133,350,583
490,127,347,590
489,120,347,593
489,127,344,593
485,119,343,596
486,126,343,596
485,118,339,601
484,117,337,601
482,118,336,598
481,117,332,596
483,123,327,592
480,114,323,594
472,113,321,604
476,102,315,602
479,115,309,600
474,107,299,604
476,108,292,605
474,105,285,603
478,113,278,602
474,108,271,598
466,100,262,606
460,103,250,610
460,94,242,615
453,104,232,614
455,107,225,608
452,109,216,604
451,112,208,600
456,116,202,592
458,118,196,585
457,120,190,584
457,121,184,584
456,125,179,584
458,129,176,578
463,138,175,571
464,143,173,566
462,143,170,566
463,146,169,562
463,147,167,558
464,152,165,557
464,153,164,555
467,159,164,550
468,166,162,546
468,171,161,544
469,176,161,538
469,179,161,534
467,181,160,531
465,183,158,530
465,178,158,530
462,179,156,532
462,180,156,532
465,182,156,530
465,181,156,531
468,184,158,528
465,190,158,527
468,193,157,525
469,196,158,521
468,196,158,520
466,202,158,517
467,200,159,516
471,200,159,514
470,205,159,513
470,203,159,511
469,200,159,513
468,201,160,514
470,198,160,516
470,201,161,516
470,203,164,513
467,204,167,512
465,204,169,511
464,205,171,511
461,202,173,512
459,205,175,510
457,192,175,515
456,196,179,516
456,202,184,512
454,207,189,509
452,219,197,506
448,189,195,517
446,189,198,524
447,194,206,524
444,204,215,521
441,175,217,533
440,179,223,537
440,178,230,544
436,176,235,547
431,168,238,553
432,169,242,555
431,163,245,561
428,157,248,566
426,148,249,572
429,135,249,581
425,125,249,586
426,123,248,590
428,120,250,593
425,113,250,598
423,109,247,600
429,108,248,602
429,108,247,604
426,110,246,607
429,103,244,609
425,120,242,606
433,109,241,607
432,122,239,607
436,110,239,609
433,119,237,607
440,111,237,607
441,118,236,608
436,125,235,605
441,127,232,602
446,111,230,603
442,128,227,605
443,120,224,608
447,122,223,603
449,129,221,600
450,126,217,601
454,123,215,602
456,124,212,601
457,124,209,602
457,120,206,604
460,120,204,603
462,124,202,602
464,128,201,599
467,127,199,599
470,128,199,601
471,124,197,602
477,130,196,602
478,130,198,599
477,130,198,599
478,130,200,598
478,134,201,599
481,131,205,597
478,135,205,598
480,131,209,598
481,130,212,596
479,140,216,594
488,126,221,589
487,132,224,591
488,126,226,592
488,132,229,594
487,122,234,595
490,131,237,594
492,130,243,593
489,126,247,594
492,127,251,593
490,130,255,593
490,127,258,593
491,132,262,589
493,131,264,590
494,129,266,590
495,133,269,589
494,130,272,588
495,131,274,587
496,132,275,587
498,126,277,588
501,132,280,587
502,131,283,583
503,132,284,583
507,132,287,583
504,135,289,580
507,131,293,581
508,138,296,579
510,131,301,577
508,139,304,575
508,134,309,575
509,136,313,575
506,134,318,575
504,137,323,574
504,138,328,573
510,133,333,578
510,132,339,577
512,136,343,579
506,128,347,582
506,133,351,582
506,129,355,582
507,130,358,581
503,127,362,582
505,129,365,576
506,137,367,568
503,128,368,567
507,132,368,565
501,130,371,562
505,131,371,560
504,132,373,557
503,133,374,554
499,133,377,548
500,130,378,541
499,134,380,536
501,137,381,531
501,136,381,526
500,137,383,520
501,137,383,516
497,137,384,512
501,137,383,506
498,133,383,502
499,134,384,498
498,128,384,497
498,127,386,494
499,132,386,491
502,126,385,490
503,132,383,487
508,129,383,485
506,130,384,481
508,129,384,478
506,129,386,476
504,127,388,472
506,133,389,469
505,133,391,463
505,130,391,459
502,133,393,455
502,131,394,451
502,136,396,443
503,134,396,437
503,138,397,433
503,139,398,431
503,142,399,429
502,138,400,427
503,141,402,424
500,139,404,425
501,138,405,423
501,137,406,421
499,140,407,419
498,140,407,416
498,138,407,414
499,137,407,411
497,135,407,406
499,136,408,401
496,135,408,396
498,136,409,392
501,139,410,386
498,135,412,382
497,135,412,377
495,137,410,371
492,133,407,364
488,131,404,359
485,130,401,354
483,131,397,350
482,132,392,345
483,132,386,341
482,132,380,338
480,132,373,334
479,130,366,330
478,128,357,327
477,128,347,325
479,126,338,325
480,123,329,325
479,121,320,324
479,123,309,322
480,124,298,318
477,120,288,316
474,116,277,316
471,120,265,315
467,119,255,316
461,116,247,316
458,115,238,317
453,116,231,317
444,127,226,317
439,99,223,311
432,120,220,311
427,118,218,311
418,124,218,310
412,126,217,309
411,129,215,311
406,130,216,312
405,127,217,313
394,124,220,312
384,119,224,308
380,121,229,305
372,120,233,302
370,115,240,301
359,113,247,297
353,111,255,298
346,108,263,301
335,105,273,301
327,105,283,302
315,104,294,303
309,101,303,301
301,100,313,299
295,101,322,298
289,103,330,299
280,103,338,301
273,100,347,302
266,100,357,305
265,101,363,308
266,100,366,311
264,96,369,315
265,94,372,319
263,93,375,322
262,92,376,325
261,91,378,329
262,91,378,331
264,89,377,335
267,89,376,336
270,90,375,338
275,87,374,341
279,93,373,342
281,93,372,342
285,97,371,343
290,95,368,345
296,96,366,348
301,98,364,351
306,100,361,353
314,98,357,358
322,98,353,363
329,98,348,365
336,96,344,367
344,99,340,367
352,101,336,367
362,104,331,370
369,106,326,371
379,106,320,372
389,110,314,370
395,106,310,372
408,113,304,371
418,117,297,368
427,115,291,367
433,110,286,368
445,112,280,367
455,113,273,364
466,115,265,361
475,118,258,359
487,120,252,356
492,123,247,352
499,125,241,349
507,135,236,343
512,135,232,338
518,135,229,333
524,137,226,329
527,143,225,323
530,146,226,319
533,151,229,315
534,150,232,313
538,148,235,314
540,147,237,314
543,142,239,314
531,157,254,300
535,162,266,290
534,169,277,281
531,174,286,276
530,173,292,272
529,173,299,269
529,175,307,264
526,169,315,263
525,168,321,263
523,160,327,266
521,156,334,269
520,150,340,272
520,151,348,272
519,145,355,274
516,142,363,274
510,138,367,279
509,137,371,284
511,135,377,287
510,132,382,290
512,130,388,292
511,130,395,291
508,129,402,291
509,126,408,291
527,141,432,274
519,146,447,264
516,148,458,258
514,148,466,255
509,153,473,251
508,155,478,249
507,156,479,247
508,158,482,247
509,161,484,247
508,163,487,248
503,163,487,250
496,146,472,267
504,150,473,266
509,150,475,266
506,140,468,276
506,133,463,284
510,125,458,291
506,123,457,296
506,118,456,303
505,117,454,311
505,114,448,317
504,107,444,324
504,104,437,329
505,99,429,333
504,96,421,336
504,94,412,339
506,91,403,341
506,89,394,341
505,89,386,340
512,87,377,341
510,85,370,343
511,82,361,344
510,83,353,343
508,85,346,342
511,88,338,340
510,87,330,339
515,86,323,336
515,88,317,335
517,86,311,333
517,86,307,331
519,86,303,330
521,86,301,329
522,87,300,330
523,85,300,329
524,81,302,331
525,75,304,334
526,69,307,337
527,62,310,340
530,56,314,346
531,47,318,351
533,37,322,357
529,29,326,363
531,19,331,368
532,8,335,372
531,2,338,374
530,0,342,376
533,-2,345,380
533,1,349,382
532,1,353,384
533,4,359,389
536,10,366,391
535,10,371,392
536,12,376,392
537,11,382,391
538,10,387,388
537,8,394,387
537,10,400,386
538,10,404,385
540,7,411,383
540,8,419,384
543,9,428,387
546,8,440,391
545,4,452,397
537,4,467,402
536,9,478,406
532,14,485,410
525,13,489,417
520,19,491,416
519,33,492,414
523,36,492,411
522,44,492,406
521,47,491,401
524,45,487,397
520,44,483,397
519,40,475,397
519,31,469,398
519,20,463,399
515,17,455,404
513,7,449,410
514,1,441,417
511,-2,434,424
508,2,431,423
507,0,426,426
504,1,422,430
507,3,418,434
505,12,413,434
503,10,409,435
505,7,406,437
495,35,396,432
510,22,393,426
507,13,389,431
507,22,380,434
503,12,374,437
506,25,366,436
513,17,362,436
512,14,361,437
518,12,363,437
524,11,366,434
515,10,367,434
520,8,364,436
525,3,366,435
526,22,365,431
524,4,368,433
520,6,369,435
503,0,361,439
500,19,348,436
500,1,337,437
509,16,330,434
516,21,325,430
517,29,322,423
514,34,320,419
517,46,319,408
520,52,318,402
521,59,317,396
521,69,318,388
526,51,319,387
527,64,322,383
527,41,325,383
